Loss_Adversary	Accuracy_Adversary	Loss_Target	Accuracy_Target	
-0.2103	0.6491	0.8134	50.0000	50.0000	
-0.1982	0.6146	0.7735	50.0000	50.0000	
-0.1877	0.5837	0.7362	50.0000	50.0000	
-0.1791	0.5567	0.7020	50.0000	50.0000	
-0.1726	0.5340	0.6706	50.0000	50.0000	
-0.1696	0.5171	0.6412	50.0000	50.0000	
-0.1668	0.5011	0.6134	50.0000	50.0000	
-0.1635	0.4853	0.5873	50.0000	50.0000	
-0.1601	0.4700	0.5631	50.0000	50.0000	
-0.1566	0.4552	0.5402	50.0000	50.0000	
-0.1528	0.4406	0.5187	50.0000	50.0000	
-0.1490	0.4266	0.4987	50.0000	50.0000	
-0.1446	0.4130	0.4817	50.0000	50.0000	
-0.1397	0.3998	0.4671	50.0000	50.0000	
-0.1343	0.3870	0.4553	50.0000	50.0000	
-0.1286	0.3748	0.4458	50.0000	50.0000	
-0.1231	0.3630	0.4364	50.0000	50.0000	
-0.1178	0.3514	0.4273	50.0000	50.0000	
-0.1128	0.3403	0.4182	50.0000	50.0000	
-0.1080	0.3296	0.4090	50.0000	50.0000	
-0.1034	0.3192	0.3999	50.0000	50.0000	
-0.0993	0.3093	0.3907	50.0000	50.0000	
-0.0957	0.3001	0.3813	50.0000	50.0000	
-0.0927	0.2918	0.3718	50.0000	50.0000	
-0.0904	0.2843	0.3622	50.0000	50.0000	
-0.0889	0.2779	0.3522	50.0000	50.0000	
-0.0876	0.2722	0.3430	50.0000	50.0000	
-0.0871	0.2676	0.3342	50.0000	50.0000	
-0.0870	0.2640	0.3259	50.0000	50.0000	
-0.0869	0.2607	0.3185	50.0000	50.0000	
-0.0871	0.2580	0.3117	50.0000	50.0000	
-0.0875	0.2560	0.3058	50.0000	50.0000	
-0.0882	0.2549	0.3007	50.0000	50.0000	
-0.0890	0.2542	0.2965	50.0000	50.0000	
-0.0896	0.2537	0.2931	50.0000	50.0000	
-0.0903	0.2533	0.2902	50.0000	50.0000	
-0.0908	0.2530	0.2877	50.0000	50.0000	
-0.0913	0.2528	0.2856	50.0000	50.0000	
-0.0916	0.2523	0.2833	63.0750	50.0000	
-0.0919	0.2516	0.2807	74.5250	50.0000	
-0.0922	0.2509	0.2781	74.5000	50.0000	
-0.0925	0.2500	0.2751	74.2500	50.0000	
-0.0928	0.2490	0.2718	73.8750	50.0000	
-0.0932	0.2479	0.2680	73.3250	50.0000	
-0.0936	0.2468	0.2639	72.2250	50.0000	
-0.0940	0.2455	0.2594	69.2500	50.0000	
-0.0945	0.2440	0.2545	63.2500	50.0000	
-0.0950	0.2424	0.2489	56.9500	50.0000	
-0.0956	0.2407	0.2430	51.5250	50.0000	
-0.0962	0.2389	0.2368	50.0000	50.0000	
-0.0969	0.2371	0.2304	50.1500	50.7250	
-0.0975	0.2351	0.2236	49.9500	55.3500	
-0.0981	0.2333	0.2173	50.1250	79.6500	
-0.0987	0.2314	0.2108	49.8500	90.4500	
-0.0992	0.2294	0.2046	49.9250	92.4750	
-0.0996	0.2277	0.1993	50.0000	94.1250	
-0.1003	0.2260	0.1929	50.0000	94.6750	
-0.1009	0.2245	0.1874	50.0000	94.4750	
-0.1013	0.2235	0.1838	50.0000	92.7500	
-0.1017	0.2231	0.1816	50.0000	91.6500	
-0.1018	0.2225	0.1798	50.0000	89.8000	
-0.1018	0.2219	0.1783	50.0000	89.7500	
-0.1017	0.2213	0.1772	50.0000	91.1250	
-0.1017	0.2205	0.1757	50.0000	91.9250	
-0.1016	0.2200	0.1747	50.0000	92.6750	
-0.1016	0.2197	0.1740	50.0000	93.1000	
-0.1017	0.2200	0.1746	50.0000	93.7500	
-0.1018	0.2204	0.1750	50.0000	93.9250	
-0.1019	0.2211	0.1761	50.1500	94.5500	
-0.1021	0.2211	0.1755	54.9750	94.6500	
-0.1023	0.2212	0.1753	59.8500	94.9250	
-0.1024	0.2209	0.1742	68.0500	95.0500	
-0.1025	0.2208	0.1735	70.9500	95.3750	
-0.1027	0.2210	0.1732	70.5250	95.6250	
-0.1028	0.2209	0.1728	72.6750	95.9000	
-0.1029	0.2213	0.1732	73.6000	96.4000	
-0.1030	0.2210	0.1724	74.2750	96.3500	
-0.1031	0.2211	0.1722	73.8500	96.7750	
-0.1031	0.2209	0.1717	73.7000	96.9250	
-0.1031	0.2210	0.1720	68.8250	97.1250	
-0.1030	0.2207	0.1718	54.8000	97.3750	
-0.1029	0.2207	0.1721	50.4250	97.7000	
-0.1028	0.2208	0.1726	52.5500	97.7750	
-0.1027	0.2206	0.1724	53.0750	98.1500	
-0.1026	0.2203	0.1721	51.5750	98.3250	
-0.1024	0.2201	0.1722	46.7750	98.4000	
-0.1022	0.2200	0.1725	38.1750	98.4000	
-0.1021	0.2195	0.1719	50.0750	98.5500	
-0.1019	0.2198	0.1731	50.2750	98.3750	
-0.1019	0.2200	0.1739	48.4250	98.6750	
-0.1018	0.2203	0.1746	39.9500	98.8250	
-0.1020	0.2211	0.1760	32.9250	98.9250	
-0.1021	0.2209	0.1752	29.4000	99.0250	
-0.1025	0.2212	0.1746	27.8500	99.1250	
-0.1028	0.2219	0.1752	27.4750	98.9500	
-0.1031	0.2226	0.1756	28.7000	98.7000	
-0.1036	0.2237	0.1766	35.8500	98.3500	
-0.1039	0.2242	0.1767	40.9500	97.9250	
-0.1046	0.2249	0.1763	41.1000	97.4750	
-0.1051	0.2257	0.1763	43.4750	97.0000	
-0.1058	0.2264	0.1758	51.0000	96.2500	
-0.1067	0.2275	0.1753	49.9500	94.5250	
-0.1077	0.2282	0.1734	50.0250	94.0250	
-0.1090	0.2288	0.1706	50.1000	92.7000	
-0.1103	0.2284	0.1653	50.1750	92.0000	
-0.1115	0.2259	0.1555	50.8750	92.2000	
-0.1130	0.2232	0.1442	60.8500	93.8250	
-0.1145	0.2217	0.1356	73.7750	94.5000	
-0.1162	0.2224	0.1314	74.3750	93.6500	
-0.1181	0.2234	0.1277	74.7250	92.2500	
-0.1203	0.2242	0.1223	73.7000	90.5750	
-0.1224	0.2254	0.1181	73.8750	87.7750	
-0.1251	0.2268	0.1123	74.3500	85.4500	
-0.1279	0.2284	0.1066	74.3500	82.5750	
-0.1308	0.2308	0.1027	73.9000	78.8250	
-0.1332	0.2337	0.1013	72.8250	75.5750	
-0.1354	0.2364	0.1005	73.2250	72.8000	
-0.1374	0.2398	0.1016	72.9250	70.7500	
-0.1394	0.2425	0.1011	73.3250	68.4250	
-0.1416	0.2457	0.1012	73.1750	66.4000	
-0.1440	0.2482	0.0991	73.5000	65.6500	
-0.1463	0.2503	0.0963	74.3250	65.7750	
-0.1481	0.2512	0.0924	74.6000	65.0750	
-0.1496	0.2508	0.0867	74.5250	63.8250	
-0.1505	0.2494	0.0803	74.8000	62.7000	
-0.1509	0.2488	0.0775	74.6500	62.7000	
-0.1508	0.2473	0.0746	74.2500	62.6250	
-0.1502	0.2454	0.0720	74.4000	62.8250	
-0.1493	0.2428	0.0689	74.1250	63.4000	
-0.1484	0.2405	0.0665	73.6750	64.8000	
-0.1475	0.2387	0.0654	73.7750	65.9000	
-0.1468	0.2360	0.0615	74.2750	66.8250	
-0.1459	0.2339	0.0596	73.5750	68.2250	
-0.1454	0.2322	0.0571	71.6000	70.0500	
-0.1448	0.2314	0.0574	72.4500	71.7500	
-0.1444	0.2288	0.0527	73.4250	72.5000	
-0.1438	0.2282	0.0531	73.0500	74.0750	
-0.1433	0.2258	0.0493	73.0250	74.9500	
-0.1429	0.2264	0.0521	71.4500	76.1000	
-0.1424	0.2242	0.0485	73.0750	76.8000	
-0.1419	0.2234	0.0483	71.9750	77.2000	
-0.1414	0.2230	0.0488	70.9250	77.5500	
-0.1409	0.2226	0.0497	70.3750	77.3500	
-0.1402	0.2213	0.0490	72.6000	77.1000	
-0.1398	0.2201	0.0477	72.2250	77.4250	
-0.1391	0.2199	0.0493	71.6000	77.4000	
-0.1387	0.2184	0.0474	72.4750	77.6250	
-0.1381	0.2180	0.0483	71.7500	77.4250	
-0.1375	0.2178	0.0499	72.0500	77.6250	
-0.1365	0.2157	0.0482	72.1500	78.2500	
-0.1362	0.2163	0.0509	69.6500	78.3000	
-0.1356	0.2161	0.0522	72.9750	78.8500	
-0.1350	0.2152	0.0521	71.9750	79.6250	
-0.1345	0.2163	0.0564	70.4750	80.1750	
-0.1341	0.2170	0.0594	71.7750	81.2500	
-0.1339	0.2185	0.0637	71.7250	82.0000	
-0.1339	0.2211	0.0698	73.5000	82.5500	
-0.1334	0.2232	0.0763	73.3000	84.3000	
-0.1333	0.2248	0.0801	70.8500	86.0000	
-0.1330	0.2285	0.0900	71.9250	86.5500	
-0.1324	0.2307	0.0969	68.2250	88.3500	
-0.1314	0.2304	0.0997	69.5750	89.6250	
-0.1301	0.2324	0.1089	68.3250	89.9250	
-0.1293	0.2334	0.1138	67.0250	90.3500	
-0.1290	0.2340	0.1160	63.3000	90.0750	
-0.1283	0.2347	0.1201	66.2500	89.3250	
-0.1274	0.2341	0.1215	69.8000	89.8250	
-0.1264	0.2338	0.1243	71.5000	89.6500	
-0.1255	0.2327	0.1246	72.4750	89.8750	
-0.1251	0.2322	0.1249	70.8000	90.0250	
-0.1255	0.2338	0.1271	67.5250	89.0250	
-0.1264	0.2375	0.1329	65.8000	86.6750	
-0.1266	0.2398	0.1377	65.6500	84.3000	
-0.1269	0.2400	0.1370	64.8750	83.2250	
-0.1271	0.2371	0.1294	66.6750	82.5500	
-0.1274	0.2324	0.1175	64.4250	82.3500	
-0.1280	0.2303	0.1109	61.1250	81.1750	
-0.1299	0.2271	0.0969	59.4250	78.2500	
-0.1303	0.2228	0.0855	58.6250	74.9000	
-0.1298	0.2227	0.0870	59.9500	73.2000	
-0.1294	0.2211	0.0846	61.2750	72.7500	
-0.1292	0.2213	0.0855	60.3000	72.9000	
-0.1291	0.2259	0.0967	60.2250	72.7750	
-0.1293	0.2273	0.0996	60.9250	73.7750	
-0.1292	0.2271	0.0993	62.4000	75.8000	
-0.1292	0.2277	0.1006	63.2500	76.6000	
-0.1292	0.2275	0.1001	63.7500	77.2500	
-0.1291	0.2279	0.1014	61.9750	77.4500	
-0.1289	0.2270	0.1002	63.4750	77.4500	
-0.1289	0.2272	0.1006	62.3750	77.9500	
-0.1293	0.2271	0.0990	60.9500	78.4250	
-0.1293	0.2270	0.0987	63.5500	78.2500	
-0.1291	0.2286	0.1030	60.7250	78.7500	
-0.1293	0.2272	0.0992	62.4250	79.1250	
-0.1292	0.2272	0.0994	63.2500	79.1500	
-0.1293	0.2277	0.1002	62.2250	79.1250	
-0.1294	0.2281	0.1009	62.1000	79.0500	
-0.1294	0.2277	0.0999	62.7500	79.1750	
-0.1294	0.2276	0.0997	62.4500	79.7250	
-0.1293	0.2271	0.0990	61.3750	79.8000	
-0.1292	0.2284	0.1023	61.7000	79.4500	
-0.1295	0.2276	0.0994	62.7250	79.6750	
-0.1296	0.2283	0.1006	60.3750	80.2000	
-0.1296	0.2279	0.0996	63.3000	79.9000	
-0.1296	0.2285	0.1013	60.2000	80.2000	
-0.1296	0.2291	0.1024	61.0000	79.7000	
-0.1296	0.2291	0.1026	62.3750	79.9500	
-0.1296	0.2275	0.0988	62.7250	80.3750	
-0.1297	0.2276	0.0988	60.9750	80.3000	
-0.1298	0.2312	0.1069	59.3000	80.1250	
-0.1298	0.2293	0.1024	62.5000	80.4750	
-0.1298	0.2274	0.0979	62.0000	80.6500	
-0.1300	0.2308	0.1052	60.1750	80.2250	
-0.1301	0.2312	0.1057	59.1750	80.3750	
-0.1298	0.2301	0.1041	60.4750	80.4500	
-0.1303	0.2304	0.1032	62.6750	80.2250	
-0.1301	0.2314	0.1064	58.8000	81.0250	
-0.1302	0.2309	0.1046	61.5000	80.8750	
-0.1305	0.2314	0.1051	60.1750	80.8000	
-0.1302	0.2315	0.1063	60.8750	80.6750	
-0.1302	0.2315	0.1064	61.4750	80.6250	
-0.1304	0.2325	0.1077	59.2500	80.9250	
-0.1308	0.2328	0.1073	60.7500	80.5000	
-0.1308	0.2322	0.1058	60.0250	81.3500	
-0.1310	0.2321	0.1050	59.8750	81.3000	
-0.1311	0.2328	0.1061	61.2500	80.9500	
-0.1312	0.2324	0.1050	60.1250	80.8250	
-0.1312	0.2333	0.1070	59.0250	80.6250	
-0.1315	0.2356	0.1115	58.7000	80.7000	
-0.1315	0.2349	0.1099	60.3000	81.1000	
-0.1316	0.2330	0.1052	60.9750	81.4250	
-0.1316	0.2346	0.1086	59.1750	81.3250	
-0.1319	0.2364	0.1119	59.5000	81.1000	
-0.1321	0.2364	0.1112	58.5000	81.2000	
-0.1321	0.2336	0.1048	60.8000	81.4500	
-0.1324	0.2351	0.1074	60.8250	81.5250	
-0.1325	0.2396	0.1174	56.1000	81.0750	
-0.1324	0.2353	0.1076	60.9250	81.6500	
-0.1326	0.2368	0.1104	59.0250	81.9000	
-0.1329	0.2381	0.1128	59.2250	81.5250	
-0.1329	0.2353	0.1061	60.6000	81.7250	
-0.1330	0.2371	0.1099	59.3250	81.7250	
-0.1332	0.2405	0.1171	57.0250	81.5500	
-0.1334	0.2399	0.1149	58.5750	81.7000	
-0.1336	0.2367	0.1070	61.0750	82.0250	
-0.1338	0.2399	0.1139	57.4750	82.1500	
-0.1339	0.2408	0.1157	58.8250	81.8750	
-0.1339	0.2399	0.1133	58.5750	82.0750	
-0.1342	0.2400	0.1126	58.3250	81.9000	
-0.1342	0.2401	0.1128	59.4250	82.4250	
-0.1344	0.2391	0.1099	60.8000	82.5750	
-0.1345	0.2408	0.1134	58.1000	82.2500	
-0.1347	0.2417	0.1150	57.5250	82.3250	
-0.1349	0.2415	0.1137	58.8000	82.6250	
-0.1350	0.2413	0.1131	59.3750	82.7000	
-0.1351	0.2441	0.1192	56.4750	82.3250	
-0.1353	0.2429	0.1157	58.5500	82.6000	
-0.1355	0.2425	0.1143	59.0750	83.0000	
-0.1356	0.2432	0.1153	57.7500	83.0250	
-0.1358	0.2412	0.1102	60.5250	83.3000	
-0.1359	0.2436	0.1153	58.4250	83.4250	
-0.1360	0.2439	0.1160	56.7500	83.3500	
-0.1358	0.2420	0.1120	58.3500	83.3750	
-0.1360	0.2432	0.1142	58.7750	83.2500	
-0.1357	0.2456	0.1205	54.8500	82.6500	
-0.1356	0.2422	0.1133	58.1750	82.3750	
-0.1355	0.2430	0.1154	59.3750	82.1250	
-0.1351	0.2486	0.1298	52.3000	81.2750	
-0.1344	0.2500	0.1353	51.6500	80.0000	
-0.1337	0.2511	0.1401	51.9000	79.5500	
-0.1339	0.2520	0.1415	50.3000	78.7500	
-0.1340	0.2508	0.1386	50.7250	77.6500	
-0.1342	0.2455	0.1255	52.1500	76.3750	
-0.1340	0.2454	0.1259	52.9750	75.7750	
-0.1341	0.2500	0.1362	50.3500	75.4750	
-0.1343	0.2503	0.1365	49.3750	75.7250	
-0.1347	0.2503	0.1351	49.6250	76.3500	
-0.1347	0.2504	0.1354	49.2500	76.3500	
-0.1345	0.2500	0.1350	49.4250	76.3750	
-0.1348	0.2490	0.1317	49.8000	76.1500	
-0.1350	0.2481	0.1288	50.7250	75.4250	
-0.1347	0.2477	0.1288	50.5500	74.7500	
-0.1350	0.2451	0.1221	53.3000	75.0250	
-0.1352	0.2474	0.1268	51.4000	74.8500	
-0.1354	0.2518	0.1361	48.6500	74.1000	
-0.1354	0.2509	0.1343	50.9500	75.3250	
-0.1358	0.2500	0.1307	49.8000	75.4750	
-0.1357	0.2508	0.1329	50.5000	76.4500	
-0.1355	0.2495	0.1304	50.2000	74.7750	
-0.1355	0.2472	0.1253	51.5500	74.6750	
-0.1359	0.2472	0.1238	51.7000	74.0500	
-0.1358	0.2466	0.1226	51.3000	73.8500	
-0.1358	0.2442	0.1172	53.4000	74.2750	
-0.1360	0.2487	0.1270	50.8250	73.7500	
-0.1360	0.2524	0.1356	49.6750	74.3250	
-0.1361	0.2480	0.1251	51.4750	75.2250	
-0.1364	0.2485	0.1253	51.4250	75.7000	
-0.1363	0.2520	0.1335	49.5750	75.7000	
-0.1364	0.2479	0.1238	51.2500	74.8750	
-0.1364	0.2466	0.1206	51.7000	74.5500	
-0.1365	0.2481	0.1239	50.9250	74.0750	
-0.1365	0.2463	0.1196	52.0250	73.9500	
-0.1365	0.2478	0.1233	51.7750	74.4000	
-0.1363	0.2518	0.1332	49.7500	74.5500	
-0.1363	0.2501	0.1292	51.3750	75.4500	
-0.1365	0.2523	0.1336	50.5500	75.3250	
-0.1361	0.2490	0.1272	52.3000	76.3000	
-0.1364	0.2483	0.1249	51.7250	75.9500	
-0.1369	0.2498	0.1266	50.0250	74.7750	
-0.1370	0.2481	0.1224	52.1000	74.7000	
-0.1370	0.2485	0.1233	51.2000	74.7000	
-0.1370	0.2474	0.1207	52.0750	74.5250	
-0.1371	0.2476	0.1209	51.7750	74.5500	
-0.1369	0.2493	0.1252	51.1250	75.1000	
-0.1371	0.2482	0.1221	52.0250	75.8750	
-0.1371	0.2476	0.1207	51.3750	75.2000	
-0.1371	0.2498	0.1258	51.2250	75.3750	
-0.1371	0.2479	0.1215	52.4000	75.8000	
-0.1372	0.2465	0.1178	52.2500	75.6000	
-0.1372	0.2478	0.1206	52.0000	75.5750	
-0.1372	0.2490	0.1236	51.3750	74.9750	
-0.1371	0.2468	0.1189	53.0250	75.6250	
-0.1370	0.2485	0.1231	52.5000	75.3500	
-0.1369	0.2492	0.1252	51.2500	75.4500	
-0.1371	0.2462	0.1174	53.2500	75.6250	
-0.1372	0.2478	0.1209	52.2250	75.3000	
-0.1371	0.2472	0.1198	53.1000	75.3250	
-0.1365	0.2453	0.1174	53.0750	75.3250	
-0.1370	0.2464	0.1185	53.0750	75.4750	
-0.1372	0.2470	0.1191	52.6500	74.7500	
-0.1374	0.2467	0.1177	52.7500	75.3000	
-0.1373	0.2464	0.1173	53.0750	75.7250	
-0.1373	0.2467	0.1180	53.1750	75.5000	
-0.1373	0.2460	0.1161	53.1750	75.5750	
-0.1373	0.2463	0.1168	53.6000	75.6500	
-0.1372	0.2462	0.1171	53.6000	74.7250	
-0.1373	0.2453	0.1146	53.6500	75.5250	
-0.1375	0.2456	0.1148	53.9000	75.7000	
-0.1373	0.2454	0.1149	53.7250	74.8250	
-0.1375	0.2467	0.1174	53.3000	75.3750	
-0.1374	0.2470	0.1184	53.4750	75.4000	
-0.1375	0.2441	0.1114	54.3750	75.7750	
-0.1374	0.2464	0.1170	53.7750	75.5250	
-0.1377	0.2448	0.1124	53.5750	75.2000	
-0.1376	0.2447	0.1123	54.0000	75.4250	
-0.1376	0.2458	0.1148	54.0000	75.0250	
-0.1378	0.2432	0.1083	54.2500	74.9250	
-0.1378	0.2461	0.1147	52.8500	75.0000	
-0.1377	0.2466	0.1163	53.5750	75.5750	
-0.1378	0.2434	0.1087	54.7250	75.1750	
-0.1375	0.2448	0.1126	53.8250	75.2250	
-0.1378	0.2461	0.1146	53.3750	75.4000	
-0.1380	0.2441	0.1097	54.0250	75.2250	
-0.1379	0.2444	0.1107	54.0750	75.2000	
-0.1380	0.2431	0.1072	54.9000	75.3250	
-0.1380	0.2439	0.1092	54.0000	75.0500	
-0.1377	0.2451	0.1129	53.7500	75.2750	
-0.1376	0.2463	0.1159	53.0000	75.3000	
-0.1373	0.2460	0.1163	54.1250	75.0000	
-0.1379	0.2439	0.1093	54.8250	75.5750	
-0.1380	0.2428	0.1066	54.5750	75.4000	
-0.1381	0.2441	0.1091	53.8500	75.0750	
-0.1381	0.2445	0.1101	54.0250	75.0500	
-0.1381	0.2424	0.1052	54.7500	75.1500	
-0.1381	0.2438	0.1085	53.8750	75.5750	
-0.1382	0.2454	0.1120	53.7000	75.0500	
-0.1379	0.2433	0.1080	54.4500	75.0000	
-0.1379	0.2447	0.1115	53.8500	75.3500	
-0.1382	0.2446	0.1101	53.6500	75.2250	
-0.1382	0.2433	0.1071	54.6000	75.5000	
-0.1382	0.2431	0.1065	54.6500	75.4750	
-0.1385	0.2441	0.1079	54.3750	75.5250	
-0.1383	0.2436	0.1073	54.0000	75.5000	
-0.1384	0.2444	0.1088	54.2500	75.5750	
-0.1383	0.2447	0.1099	53.8000	75.6500	
-0.1386	0.2445	0.1086	53.7000	75.6750	
-0.1383	0.2418	0.1033	54.8750	75.7250	
-0.1386	0.2454	0.1105	53.2250	75.3000	
-0.1383	0.2436	0.1074	53.1750	75.9750	
-0.1384	0.2423	0.1041	55.0750	75.5250	
-0.1385	0.2431	0.1056	54.4750	75.8250	
-0.1384	0.2436	0.1072	54.1750	75.8250	
-0.1386	0.2450	0.1097	53.9000	75.5000	
-0.1387	0.2432	0.1051	54.6500	76.2250	
-0.1388	0.2438	0.1062	54.2500	75.9250	
-0.1386	0.2429	0.1048	54.7250	76.2250	
-0.1388	0.2428	0.1040	54.6500	76.0750	
-0.1389	0.2456	0.1102	53.1000	75.7000	
-0.1389	0.2437	0.1056	54.3750	76.0250	
-0.1391	0.2437	0.1051	54.2250	76.2750	
-0.1389	0.2426	0.1031	54.9500	75.7750	
-0.1387	0.2455	0.1106	53.4000	75.7500	
-0.1388	0.2428	0.1040	54.8000	76.3000	
-0.1388	0.2427	0.1036	54.7500	76.1250	
-0.1388	0.2440	0.1069	54.1500	76.2500	
-0.1389	0.2440	0.1064	54.1000	76.4000	
-0.1389	0.2431	0.1044	54.7500	76.6000	
-0.1387	0.2442	0.1073	54.5250	76.3000	
-0.1390	0.2423	0.1021	55.5250	76.5500	
-0.1390	0.2438	0.1056	54.4500	76.6500	
-0.1391	0.2442	0.1062	54.4500	76.5500	
-0.1390	0.2419	0.1010	55.2750	76.7500	
-0.1391	0.2438	0.1051	54.8250	76.5250	
-0.1390	0.2438	0.1055	54.5500	76.2250	
-0.1390	0.2432	0.1041	54.9000	76.7000	
-0.1391	0.2429	0.1032	55.1000	76.9500	
-0.1389	0.2431	0.1042	55.3500	76.8000	
-0.1392	0.2444	0.1062	54.7000	76.3000	
-0.1390	0.2419	0.1013	55.5750	76.8250	
-0.1390	0.2448	0.1079	54.4500	76.5250	
-0.1391	0.2439	0.1053	54.5000	76.6000	
-0.1396	0.2427	0.1012	55.1000	76.9250	
-0.1390	0.2419	0.1010	55.6250	77.0000	
-0.1392	0.2430	0.1030	55.0750	76.8000	
-0.1394	0.2438	0.1043	54.6750	77.1500	
-0.1392	0.2428	0.1027	54.8500	77.0500	
-0.1393	0.2441	0.1054	54.5750	77.2750	
-0.1394	0.2419	0.0996	56.0250	77.3500	
-0.1392	0.2417	0.1000	55.3000	76.9250	
-0.1390	0.2434	0.1045	55.0250	77.3250	
-0.1395	0.2446	0.1059	55.1250	77.0500	
-0.1388	0.2418	0.1014	56.2250	77.2500	
-0.1392	0.2424	0.1014	55.8750	77.3000	
-0.1391	0.2456	0.1093	54.9500	77.2000	
-0.1390	0.2437	0.1053	55.8000	77.3000	
-0.1394	0.2418	0.0995	55.9500	77.5250	
-0.1394	0.2420	0.1000	55.6500	77.4000	
-0.1394	0.2427	0.1016	55.8750	77.5250	
-0.1395	0.2418	0.0991	56.1000	77.8500	
-0.1395	0.2415	0.0985	56.7500	77.4500	
-0.1396	0.2432	0.1019	55.7500	77.7250	
-0.1396	0.2425	0.1004	56.0500	77.7500	
-0.1394	0.2425	0.1012	55.7500	77.2750	
-0.1396	0.2422	0.1000	56.5250	77.4500	
-0.1392	0.2446	0.1069	55.7000	77.8750	
-0.1399	0.2424	0.0993	56.2500	77.2500	
-0.1393	0.2416	0.0993	56.6500	77.5750	
-0.1396	0.2426	0.1007	55.9500	77.4000	
-0.1397	0.2412	0.0973	56.7500	77.6750	
-0.1398	0.2426	0.1002	56.0750	77.8250	
-0.1397	0.2398	0.0938	57.4000	77.7500	
-0.1397	0.2420	0.0990	56.3750	77.6500	
-0.1397	0.2416	0.0983	56.5250	77.5000	
-0.1397	0.2416	0.0981	56.3000	77.6250	
-0.1396	0.2409	0.0967	56.9000	77.7000	
-0.1397	0.2398	0.0940	57.2000	77.6500	
-0.1397	0.2419	0.0987	56.2250	77.6500	
-0.1400	0.2429	0.1003	56.3750	77.5750	
-0.1390	0.2413	0.0996	57.0500	77.7000	
-0.1397	0.2455	0.1072	55.8750	77.6000	
-0.1393	0.2399	0.0956	57.6000	77.9250	
-0.1395	0.2422	0.1001	56.5250	77.7250	
-0.1402	0.2420	0.0973	56.7500	77.5500	
-0.1395	0.2411	0.0976	56.9000	77.8750	
-0.1395	0.2409	0.0970	56.3250	77.6500	
-0.1396	0.2406	0.0960	56.8750	77.7750	
-0.1398	0.2411	0.0966	57.3500	77.8000	
-0.1394	0.2414	0.0986	56.9500	77.3500	
-0.1397	0.2413	0.0973	56.2750	77.6000	
-0.1398	0.2404	0.0951	57.0000	77.9500	
-0.1398	0.2391	0.0917	57.3000	77.8500	
-0.1400	0.2437	0.1018	55.8750	77.7250	
-0.1392	0.2406	0.0976	57.5000	77.8500	
-0.1397	0.2400	0.0944	56.9000	77.7750	
-0.1397	0.2397	0.0937	57.0250	77.8500	
-0.1397	0.2419	0.0986	56.0250	77.8000	
-0.1398	0.2380	0.0895	57.5250	77.9250	
-0.1397	0.2400	0.0942	56.6250	77.8500	
-0.1397	0.2405	0.0955	56.7250	77.7250	
-0.1396	0.2419	0.0993	56.0500	77.6000	
-0.1398	0.2390	0.0918	57.5750	78.0000	
-0.1394	0.2384	0.0914	57.1000	77.8500	
-0.1394	0.2414	0.0987	56.0000	77.5000	
-0.1395	0.2417	0.0989	56.2000	77.7250	
-0.1399	0.2396	0.0927	56.3000	77.7750	
-0.1399	0.2388	0.0910	57.3500	77.7500	
-0.1394	0.2394	0.0940	57.4250	77.7000	
-0.1399	0.2412	0.0963	56.4000	77.8750	
-0.1396	0.2403	0.0956	57.0250	77.5750	
-0.1397	0.2391	0.0924	56.8500	77.7250	
-0.1397	0.2388	0.0917	56.1250	77.7250	
-0.1397	0.2379	0.0894	56.8250	77.5000	
-0.1398	0.2404	0.0949	56.3250	77.5250	
-0.1395	0.2409	0.0970	56.4000	77.5750	
-0.1394	0.2391	0.0933	56.0250	77.5000	
-0.1397	0.2383	0.0905	57.1000	77.5750	
-0.1396	0.2411	0.0974	55.2250	77.6500	
-0.1397	0.2385	0.0907	56.5000	77.5750	
-0.1398	0.2385	0.0907	56.5250	77.3750	
-0.1395	0.2404	0.0958	56.1000	77.2500	
-0.1398	0.2382	0.0898	56.5000	77.6250	
-0.1398	0.2401	0.0943	55.3500	77.1750	
-0.1398	0.2391	0.0920	56.1750	77.4000	
-0.1398	0.2390	0.0917	56.1750	77.4500	
-0.1398	0.2385	0.0905	56.3000	77.1000	
-0.1399	0.2402	0.0942	55.9250	77.3500	
-0.1394	0.2389	0.0926	56.7500	77.2000	
-0.1396	0.2387	0.0914	56.0750	77.0250	
-0.1398	0.2407	0.0956	55.1750	77.1250	
-0.1397	0.2383	0.0904	56.5250	77.3250	
-0.1396	0.2397	0.0939	55.4750	77.1750	
-0.1396	0.2386	0.0911	55.7250	77.4000	
-0.1396	0.2375	0.0889	56.4000	77.3250	
-0.1398	0.2408	0.0960	55.3000	77.1250	
-0.1398	0.2394	0.0927	55.5500	77.2500	
-0.1399	0.2377	0.0883	56.2250	77.2000	
-0.1399	0.2387	0.0905	55.9750	77.0500	
-0.1393	0.2396	0.0947	55.5000	77.1500	
-0.1397	0.2394	0.0928	55.4750	76.9250	
-0.1396	0.2379	0.0896	55.7500	76.8750	
-0.1397	0.2396	0.0936	55.2750	77.2000	
-0.1397	0.2393	0.0925	55.4500	77.1500	
-0.1398	0.2389	0.0914	55.3750	77.1000	
-0.1399	0.2388	0.0911	55.6500	77.3250	
-0.1396	0.2408	0.0964	55.0000	77.1750	
-0.1395	0.2386	0.0919	55.6250	77.2250	
-0.1397	0.2384	0.0907	55.9250	77.2500	
-0.1398	0.2399	0.0937	55.5750	77.1000	
-0.1399	0.2388	0.0907	55.8000	77.0750	
-0.1397	0.2393	0.0928	55.6250	77.0250	
-0.1397	0.2394	0.0929	55.3250	77.3000	
-0.1398	0.2377	0.0886	55.6500	77.1500	
-0.1399	0.2397	0.0927	55.1500	77.0000	
-0.1399	0.2413	0.0968	54.8750	77.1000	
-0.1393	0.2407	0.0973	55.2250	77.2250	
-0.1398	0.2386	0.0908	55.7750	77.1750	
-0.1398	0.2382	0.0899	55.7250	77.0750	
-0.1398	0.2401	0.0943	55.3250	77.3250	
-0.1398	0.2400	0.0941	55.1250	77.3250	
-0.1399	0.2397	0.0930	55.5750	77.1500	
-0.1399	0.2382	0.0893	56.0250	77.5000	
-0.1398	0.2406	0.0955	54.9500	77.1500	
-0.1398	0.2405	0.0951	55.2000	77.1250	
-0.1399	0.2382	0.0896	55.4000	77.4000	
-0.1398	0.2385	0.0905	55.7250	77.3250	
-0.1397	0.2403	0.0949	54.8500	77.2750	
-0.1398	0.2411	0.0966	54.3750	77.3250	
-0.1398	0.2405	0.0952	54.9750	77.4250	
-0.1400	0.2388	0.0906	55.2000	77.4000	
-0.1394	0.2394	0.0941	55.1500	77.1250	
-0.1397	0.2401	0.0944	54.8250	77.5250	
-0.1393	0.2416	0.0995	54.6250	77.4250	
-0.1397	0.2395	0.0930	54.8250	76.9000	
-0.1398	0.2387	0.0908	55.0500	77.2750	
-0.1398	0.2410	0.0962	54.9500	77.4000	
-0.1399	0.2392	0.0919	55.0750	77.2000	
-0.1396	0.2400	0.0945	55.2000	77.1500	
-0.1396	0.2385	0.0914	55.6250	77.1000	
-0.1398	0.2402	0.0944	54.4500	76.8750	
-0.1396	0.2408	0.0965	54.6750	77.1500	
-0.1398	0.2397	0.0933	54.8750	77.2250	
-0.1399	0.2398	0.0932	54.6750	76.9750	
-0.1398	0.2412	0.0967	54.3250	77.0500	
-0.1398	0.2401	0.0941	54.8750	77.1750	
-0.1398	0.2394	0.0925	54.7250	77.0750	
-0.1398	0.2415	0.0974	54.3250	76.9250	
-0.1394	0.2403	0.0960	54.4000	77.0000	
-0.1397	0.2409	0.0964	53.9750	77.1750	
-0.1397	0.2429	0.1012	53.9750	77.1000	
-0.1398	0.2404	0.0948	54.4000	77.2000	
-0.1399	0.2410	0.0960	54.1500	76.9500	
-0.1401	0.2413	0.0959	54.2500	76.9000	
-0.1398	0.2417	0.0981	53.8750	76.7750	
-0.1401	0.2420	0.0977	53.7250	77.0000	
-0.1400	0.2416	0.0971	53.6250	76.8750	
-0.1401	0.2421	0.0979	53.7750	76.8500	
-0.1399	0.2424	0.0991	53.6750	77.1750	
-0.1401	0.2433	0.1008	53.5000	76.9250	
-0.1401	0.2434	0.1010	53.2250	76.6250	
-0.1402	0.2425	0.0987	53.5250	76.9750	
-0.1402	0.2441	0.1024	53.5000	77.0500	
-0.1402	0.2426	0.0985	53.5500	76.5500	
-0.1403	0.2440	0.1017	53.1750	76.4750	
-0.1403	0.2458	0.1058	52.3500	76.6750	
-0.1404	0.2459	0.1059	52.3250	76.3500	
-0.1405	0.2453	0.1040	52.5250	76.4750	
-0.1405	0.2462	0.1062	52.5250	76.6000	
-0.1407	0.2504	0.1152	51.3750	76.1750	
-0.1409	0.2489	0.1113	51.5000	76.0000	
-0.1409	0.2498	0.1132	51.3000	76.0000	
-0.1412	0.2527	0.1191	50.8750	75.6500	
-0.1417	0.2594	0.1328	49.0250	75.0750	
-0.1425	0.2619	0.1361	48.3750	74.6500	
-0.1435	0.2694	0.1502	46.0250	74.1500	
-0.1447	0.2769	0.1638	43.4750	73.4500	
-0.1460	0.2845	0.1772	41.4500	72.9750	
-0.1468	0.2915	0.1909	39.5250	73.1250	
-0.1471	0.2969	0.2026	37.7500	72.4500	
-0.1463	0.3014	0.2155	36.4250	72.9250	
-0.1448	0.3018	0.2216	36.2750	73.2750	
-0.1428	0.2990	0.2216	38.5500	74.4250	
-0.1403	0.2940	0.2183	41.4750	75.3750	
-0.1383	0.2878	0.2107	45.8750	75.6500	
-0.1365	0.2790	0.1958	50.9750	76.4250	
-0.1356	0.2713	0.1811	52.2750	76.6750	
-0.1350	0.2603	0.1573	52.5500	77.5500	
-0.1366	0.2502	0.1284	52.6500	77.0500	
-0.1408	0.2411	0.0934	52.2750	74.4500	
-0.1410	0.2299	0.0664	53.2250	69.9250	
-0.1367	0.2152	0.0465	62.5750	69.1000	
-0.1321	0.2062	0.0408	63.6750	72.1500	
-0.1309	0.2098	0.0531	57.2500	73.7250	
-0.1350	0.2308	0.0885	52.1250	74.7750	
-0.1427	0.2649	0.1426	47.9500	76.9000	
-0.1439	0.2784	0.1699	43.5000	79.3750	
-0.1390	0.2712	0.1692	44.5500	80.2000	
-0.1352	0.2644	0.1662	46.7500	80.3250	
-0.1349	0.2632	0.1644	46.3250	79.5500	
-0.1372	0.2608	0.1512	46.8000	76.3750	
-0.1400	0.2588	0.1373	46.2250	71.4500	
-0.1408	0.2505	0.1149	52.0750	68.9500	
-0.1390	0.2391	0.0947	59.4250	68.2250	
-0.1372	0.2313	0.0823	62.4000	69.5000	
-0.1364	0.2288	0.0793	62.9750	71.7500	
-0.1373	0.2337	0.0877	58.9750	73.3500	
-0.1399	0.2464	0.1087	50.3750	75.6000	
-0.1414	0.2557	0.1254	46.1500	78.3500	
-0.1414	0.2554	0.1244	46.1250	79.6000	
-0.1397	0.2507	0.1193	48.8250	80.4000	
-0.1385	0.2477	0.1164	51.1500	80.4750	
-0.1388	0.2443	0.1075	52.9750	79.0000	
-0.1401	0.2439	0.1023	52.0000	76.4000	
-0.1415	0.2407	0.0900	52.3500	74.3500	
-0.1416	0.2384	0.0841	52.5250	71.6750	
-0.1407	0.2339	0.0767	55.7750	71.9750	
-0.1399	0.2317	0.0744	58.8750	72.2750	
-0.1401	0.2324	0.0753	59.2250	73.5750	
-0.1409	0.2355	0.0800	56.9500	75.4500	
-0.1418	0.2378	0.0822	55.3000	77.3750	
-0.1424	0.2384	0.0817	54.8000	79.0750	
-0.1425	0.2375	0.0791	54.8500	80.1250	
-0.1423	0.2362	0.0769	54.9000	80.5750	
-0.1422	0.2335	0.0709	55.4500	80.6000	
-0.1423	0.2322	0.0673	54.9750	80.1500	
-0.1426	0.2301	0.0613	54.8000	78.9750	
-0.1431	0.2291	0.0575	54.0250	77.8500	
-0.1433	0.2288	0.0562	54.3500	76.9750	
-0.1431	0.2278	0.0544	55.7250	76.7250	
-0.1431	0.2286	0.0562	56.3000	77.1750	
-0.1432	0.2297	0.0587	55.9500	77.9250	
-0.1434	0.2300	0.0588	55.9500	78.7000	
-0.1435	0.2293	0.0566	55.9750	79.3750	
-0.1435	0.2299	0.0582	55.8500	79.9500	
-0.1434	0.2298	0.0583	56.1000	80.3750	
-0.1432	0.2281	0.0550	55.5500	80.3000	
-0.1433	0.2279	0.0543	54.5000	79.5250	
-0.1434	0.2279	0.0535	54.1500	78.7000	
-0.1433	0.2276	0.0536	53.7250	78.2000	
-0.1432	0.2286	0.0561	53.3250	77.7750	
-0.1432	0.2284	0.0557	53.5250	77.7500	
-0.1431	0.2281	0.0553	53.6750	77.9500	
-0.1431	0.2288	0.0567	53.4750	78.1500	
-0.1429	0.2291	0.0582	53.5250	78.4750	
-0.1428	0.2280	0.0562	54.5250	78.7750	
-0.1427	0.2281	0.0567	54.2750	78.7250	
-0.1423	0.2280	0.0578	53.3500	78.3500	
-0.1424	0.2286	0.0587	53.7000	77.9500	
-0.1420	0.2286	0.0600	53.1750	77.4750	
-0.1418	0.2275	0.0582	53.2000	77.3000	
-0.1416	0.2283	0.0608	52.6000	76.9250	
-0.1415	0.2285	0.0615	52.6750	77.0000	
-0.1420	0.2299	0.0633	52.9000	76.8500	
-0.1419	0.2279	0.0587	52.7500	77.1000	
-0.1417	0.2293	0.0628	52.7000	76.8250	
-0.1417	0.2294	0.0630	53.2000	77.0500	
-0.1416	0.2291	0.0627	53.2750	77.4000	
-0.1415	0.2285	0.0613	52.7750	77.2750	
-0.1413	0.2312	0.0685	53.1250	77.3250	
-0.1413	0.2294	0.0642	53.0250	77.4000	
-0.1414	0.2282	0.0611	53.1250	77.4000	
-0.1414	0.2305	0.0666	52.7750	76.8500	
-0.1414	0.2302	0.0658	52.7500	77.0000	
-0.1415	0.2295	0.0639	52.6500	76.9500	
-0.1415	0.2305	0.0663	52.6500	76.7500	
-0.1413	0.2301	0.0660	52.6000	76.7500	
-0.1414	0.2302	0.0657	52.4250	76.6250	
-0.1415	0.2309	0.0672	52.2500	76.5500	
-0.1414	0.2311	0.0680	52.3500	76.5750	
-0.1414	0.2308	0.0673	52.6750	76.6500	
-0.1414	0.2304	0.0662	52.7500	76.6500	
-0.1415	0.2319	0.0696	52.9500	76.5250	
-0.1415	0.2321	0.0699	52.7000	76.8250	
-0.1414	0.2323	0.0707	52.9000	76.8000	
-0.1415	0.2323	0.0704	52.8000	76.7000	
-0.1415	0.2321	0.0702	53.0000	77.1000	
-0.1414	0.2334	0.0732	52.9250	76.9500	
-0.1415	0.2335	0.0731	52.5250	77.0500	
-0.1418	0.2345	0.0746	53.1000	76.9000	
-0.1414	0.2330	0.0722	53.4750	77.0250	
-0.1417	0.2339	0.0735	52.7000	77.2000	
-0.1417	0.2351	0.0762	52.4000	76.8750	
-0.1419	0.2345	0.0743	52.8250	76.9750	
-0.1419	0.2339	0.0728	52.6000	77.2000	
-0.1420	0.2358	0.0768	52.2250	77.1250	
-0.1418	0.2359	0.0777	52.3500	76.8750	
-0.1420	0.2359	0.0774	52.7750	77.0750	
-0.1419	0.2360	0.0778	52.7000	77.3250	
-0.1419	0.2366	0.0792	52.4500	77.1750	
-0.1420	0.2376	0.0810	52.2000	77.0750	
-0.1420	0.2360	0.0773	52.9000	77.1000	
0.3953	50.0000	0.6015	50.0000	
0.3811	50.0000	0.5760	50.0000	
0.3661	50.0000	0.5518	50.0000	
0.3498	50.0000	0.5288	50.0000	
0.3325	50.0000	0.5058	50.0000	
0.3147	50.0000	0.4834	50.0000	
0.2979	50.0000	0.4609	50.0000	
0.2823	50.0000	0.4388	50.0000	
0.2694	50.0000	0.4171	50.0000	
0.2593	49.9500	0.3966	50.0000	
0.2533	50.3750	0.3769	50.0000	
0.2504	49.2500	0.3592	50.0000	
0.2497	50.0500	0.3431	50.0000	
0.2496	48.5250	0.3293	50.0000	
0.2495	46.5750	0.3176	50.0000	
0.2494	45.2000	0.3078	50.0000	
0.2492	44.9250	0.2998	50.0000	
0.2492	44.6500	0.2931	50.0000	
0.2491	44.6000	0.2872	50.0000	
0.2490	44.7000	0.2821	50.0000	
0.2490	44.4750	0.2771	50.0000	
0.2489	43.7750	0.2722	57.7000	
0.2489	43.2500	0.2675	71.8250	
0.2488	42.8000	0.2628	74.7000	
0.2488	42.5250	0.2579	74.8250	
0.2487	42.1500	0.2529	75.0000	
0.2487	41.6500	0.2473	75.0000	
0.2486	40.7750	0.2410	74.9250	
0.2486	40.4750	0.2338	75.0750	
0.2486	40.3000	0.2258	75.1500	
0.2485	39.7750	0.2173	75.1750	
0.2485	39.6500	0.2085	75.1500	
0.2484	39.2000	0.1999	75.1250	
0.2484	39.0000	0.1917	75.2500	
0.2484	38.2500	0.1840	75.2500	
0.2483	37.8750	0.1773	75.2750	
0.2483	37.6500	0.1715	75.4500	
0.2482	37.2750	0.1667	75.7500	
0.2482	37.3000	0.1628	75.7750	
0.2482	37.4000	0.1596	75.7750	
0.2481	37.2250	0.1572	75.7000	
0.2481	37.2000	0.1554	75.6000	
0.2480	37.3250	0.1540	75.6500	
0.2480	37.3750	0.1529	75.7000	
0.2480	37.0250	0.1521	75.3000	
0.2479	36.9750	0.1515	75.2000	
0.2479	37.2250	0.1510	75.5250	
0.2478	37.3750	0.1506	75.4500	
0.2478	37.4750	0.1504	75.3500	
0.2478	37.2000	0.1501	75.3250	
0.2477	37.0500	0.1500	75.1750	
0.2477	37.1750	0.1498	75.3500	
0.2476	37.1750	0.1496	75.3500	
0.2476	37.5250	0.1495	75.2250	
0.2475	37.5500	0.1493	75.3500	
0.2475	37.6750	0.1492	75.1750	
0.2474	38.3250	0.1489	75.3500	
0.2474	39.2250	0.1486	75.5750	
0.2474	39.4250	0.1483	75.6250	
0.2473	38.8500	0.1481	75.8750	
0.2473	38.2500	0.1479	75.9250	
0.2472	38.6250	0.1477	76.0250	
0.2471	38.9750	0.1475	75.8000	
0.2472	38.8750	0.1475	76.0750	
0.2471	38.7000	0.1472	75.9000	
0.2470	38.4500	0.1471	75.6750	
0.2471	38.2750	0.1470	76.0250	
0.2469	38.7750	0.1468	76.1500	
0.2468	38.4000	0.1465	75.6500	
0.2468	38.9750	0.1462	76.1250	
0.2467	38.3750	0.1458	75.9000	
0.2467	43.1750	0.1455	76.1750	
0.2466	47.5500	0.1451	75.9500	
0.2465	50.6500	0.1446	76.1250	
0.2465	50.8500	0.1441	76.2000	
0.2464	50.5500	0.1436	76.0500	
0.2463	51.2000	0.1430	76.0500	
0.2462	52.4250	0.1425	76.3500	
0.2461	53.3000	0.1420	76.1250	
0.2461	53.1750	0.1413	76.2000	
0.2459	54.3750	0.1408	76.4250	
0.2458	54.6000	0.1402	76.1750	
0.2456	54.0500	0.1395	76.5250	
0.2456	54.6000	0.1389	76.3250	
0.2454	54.9500	0.1383	76.3500	
0.2452	54.6000	0.1376	76.5500	
0.2451	55.7000	0.1370	76.5500	
0.2449	55.5250	0.1362	76.4750	
0.2447	55.5500	0.1356	76.6750	
0.2445	55.7500	0.1349	76.7250	
0.2443	55.9250	0.1342	76.6250	
0.2441	55.9750	0.1335	76.8500	
0.2439	56.0250	0.1328	76.7250	
0.2436	56.6500	0.1320	76.7750	
0.2434	57.0000	0.1313	76.7750	
0.2430	56.3500	0.1306	76.7750	
0.2428	56.3750	0.1300	76.8500	
0.2427	55.5250	0.1293	76.9250	
0.2426	57.2500	0.1288	76.6000	
0.2422	56.7250	0.1279	77.1500	
0.2418	56.6750	0.1271	76.7750	
0.2416	57.6000	0.1264	76.9000	
0.2413	56.7500	0.1257	76.9500	
0.2410	56.7500	0.1250	77.0500	
0.2408	56.7250	0.1243	76.9000	
0.2404	57.5000	0.1236	77.0250	
0.2403	58.2500	0.1230	77.0000	
0.2404	56.3000	0.1224	77.2750	
0.2395	57.6500	0.1216	76.7000	
0.2399	59.1000	0.1210	77.2250	
0.2395	56.7500	0.1203	77.1250	
0.2391	57.9750	0.1197	77.0500	
0.2387	58.9000	0.1191	77.2000	
0.2385	57.6500	0.1184	77.1500	
0.2382	59.2000	0.1179	77.2250	
0.2379	59.1250	0.1172	77.1250	
0.2376	58.8000	0.1166	77.2750	
0.2373	59.1500	0.1160	77.0500	
0.2371	59.9500	0.1155	77.0750	
0.2369	59.6250	0.1150	77.2000	
0.2367	59.2250	0.1144	77.1750	
0.2364	60.4000	0.1140	77.2250	
0.2360	59.3000	0.1134	77.1500	
0.2360	59.0500	0.1130	76.9750	
0.2357	60.6750	0.1125	77.2000	
0.2354	58.9250	0.1120	77.1750	
0.2356	60.1750	0.1115	77.1750	
0.2350	59.8000	0.1111	77.1250	
0.2347	60.1000	0.1107	77.1000	
0.2345	60.0250	0.1102	77.1500	
0.2342	60.0500	0.1098	77.2000	
0.2340	59.9000	0.1094	77.2500	
0.2338	60.0250	0.1092	77.1000	
0.2335	59.9000	0.1086	77.2750	
0.2334	59.9250	0.1082	77.2500	
0.2331	60.0500	0.1078	77.0750	
0.2330	59.9750	0.1074	77.1750	
0.2326	59.7000	0.1069	77.2750	
0.2326	59.6500	0.1066	77.0250	
0.2324	59.6000	0.1062	77.4250	
0.2322	59.6250	0.1058	76.9500	
0.2320	60.1500	0.1053	77.3000	
0.2324	57.5250	0.1050	77.1500	
0.2317	59.8750	0.1045	77.1000	
0.2313	59.0250	0.1042	77.3000	
0.2312	58.9500	0.1038	77.2500	
0.2309	59.4750	0.1035	77.0000	
0.2307	59.0750	0.1031	77.1750	
0.2306	58.5250	0.1027	77.0500	
0.2306	58.6000	0.1023	77.2250	
0.2305	58.2750	0.1020	77.2500	
0.2303	59.8750	0.1019	77.0750	
0.2300	58.4750	0.1015	77.1750	
0.2301	58.3250	0.1011	77.0500	
0.2295	58.5500	0.1007	77.3000	
0.2294	58.2000	0.1005	77.2000	
0.2293	58.7750	0.1002	77.0750	
0.2290	57.9500	0.0999	77.3250	
0.2289	58.0500	0.0996	77.1500	
0.2288	57.9250	0.0993	77.2500	
0.2289	57.2750	0.0992	77.2750	
0.2285	58.2500	0.0990	77.1000	
0.2283	57.7250	0.0987	77.2250	
0.2282	57.4500	0.0985	77.3500	
0.2280	57.5750	0.0981	77.2000	
0.2282	57.3000	0.0980	77.2750	
0.2283	58.2500	0.0978	77.1000	
0.2278	57.1000	0.0975	77.3000	
0.2278	57.4750	0.0973	77.1750	
0.2272	57.5500	0.0971	77.3250	
0.2272	57.8000	0.0970	77.4500	
0.2272	57.7000	0.0967	77.1500	
0.2270	57.8750	0.0965	77.3750	
0.2268	57.3500	0.0962	77.2750	
0.2272	57.6250	0.0963	77.3000	
0.2267	57.2500	0.0960	77.3250	
0.2264	57.9750	0.0957	77.2000	
0.2267	57.4250	0.0956	77.3000	
0.2265	57.6250	0.0954	77.1500	
0.2265	56.9250	0.0952	77.3000	
0.2268	57.3250	0.0953	77.0750	
0.2262	57.2750	0.0951	77.4250	
0.2259	57.5750	0.0950	77.1000	
0.2259	57.5000	0.0948	77.3750	
0.2256	57.5000	0.0946	76.9500	
0.2255	57.4750	0.0944	77.1750	
0.2254	57.2000	0.0941	77.3250	
0.2252	56.7000	0.0940	77.2750	
0.2252	57.3000	0.0940	77.1500	
0.2251	57.4000	0.0938	77.2250	
0.2250	56.7750	0.0936	77.2000	
0.2248	57.0250	0.0935	77.3000	
0.2249	56.4500	0.0934	77.2250	
0.2249	56.9250	0.0933	77.2750	
0.2246	56.4500	0.0931	77.2250	
0.2246	56.6500	0.0931	77.1750	
0.2244	56.4750	0.0929	77.3500	
0.2247	56.1250	0.0929	77.4000	
0.2248	56.9750	0.0929	77.0250	
0.2247	56.2500	0.0926	77.4000	
0.2241	56.2250	0.0925	77.1250	
0.2240	56.3750	0.0923	77.2000	
0.2241	56.1500	0.0922	77.2000	
0.2240	56.3000	0.0923	77.3250	
0.2238	56.1250	0.0920	77.2250	
0.2240	55.9500	0.0921	77.3250	
0.2242	56.3250	0.0919	77.0750	
0.2238	55.7250	0.0920	77.2500	
0.2237	55.9250	0.0918	77.3750	
0.2236	55.7250	0.0917	77.2250	
0.2235	55.6750	0.0917	77.3000	
0.2235	55.6500	0.0915	77.2250	
0.2234	55.7250	0.0914	77.3500	
0.2234	55.7000	0.0914	77.2000	
0.2232	55.5500	0.0912	77.1500	
0.2234	55.5500	0.0912	77.2000	
0.2237	55.4250	0.0913	77.3000	
0.2237	55.2000	0.0912	77.0250	
0.2233	55.2750	0.0912	77.2000	
0.2232	55.2750	0.0910	77.2500	
0.2230	55.1250	0.0908	77.1500	
0.2229	55.0250	0.0907	77.2000	
0.2229	54.9250	0.0907	77.1750	
0.2228	54.9500	0.0906	77.1750	
0.2228	55.0750	0.0906	77.2500	
0.2229	54.6000	0.0905	77.1750	
0.2230	54.6750	0.0904	77.1500	
0.2226	54.5750	0.0904	77.1750	
0.2226	54.4750	0.0903	77.1500	
0.2228	54.8000	0.0903	77.1750	
0.2228	54.7000	0.0903	77.1500	
0.2226	54.3500	0.0904	77.0750	
0.2225	54.3750	0.0903	77.2250	
0.2225	54.3500	0.0902	77.0500	
0.2226	54.4000	0.0904	77.1500	
0.2223	54.2500	0.0904	77.2000	
0.2227	54.2000	0.0902	77.1250	
0.2223	54.0750	0.0902	77.4000	
0.2223	54.2000	0.0899	76.9250	
0.2222	54.1000	0.0898	77.1500	
0.2224	53.9500	0.0897	77.1750	
0.2225	54.2250	0.0896	77.1500	
0.2223	53.9750	0.0897	77.1250	
0.2220	53.8750	0.0897	77.1000	
0.2220	54.1000	0.0895	77.1250	
0.2221	53.7750	0.0896	77.0000	
0.2219	53.7000	0.0896	77.2500	
0.2220	53.5750	0.0895	77.1250	
0.2223	53.6000	0.0895	77.1250	
0.2221	53.9000	0.0893	77.2750	
0.2220	53.2000	0.0892	77.0750	
0.2220	53.6500	0.0892	77.1250	
0.2221	53.0750	0.0892	77.0750	
0.2216	53.5250	0.0892	77.0500	
0.2219	53.6250	0.0891	77.1000	
0.2218	52.9750	0.0890	77.1250	
0.2217	53.3250	0.0890	77.1000	
0.2217	53.3750	0.0889	77.0750	
0.2217	53.2500	0.0889	77.1250	
0.2215	53.4750	0.0888	77.1000	
0.2215	53.2750	0.0888	77.1250	
0.2215	53.3000	0.0887	77.1000	
0.2215	53.3250	0.0887	77.0750	
0.2216	53.0250	0.0887	77.1000	
0.2215	53.3250	0.0887	77.0750	
0.2215	53.2250	0.0886	77.1500	
0.2215	53.1750	0.0886	77.1250	
0.2214	53.2250	0.0885	77.0750	
0.2214	52.9250	0.0885	77.0500	
0.2214	53.2000	0.0885	77.2000	
0.2213	52.8250	0.0885	77.0000	
0.2213	52.9750	0.0884	77.1250	
0.2214	53.2500	0.0884	77.1250	
0.2217	52.6500	0.0885	77.1000	
0.2218	53.0250	0.0887	77.2750	
0.2216	52.9250	0.0885	76.9500	
0.2220	53.1000	0.0885	77.2250	
0.2213	52.8000	0.0883	77.0250	
0.2215	52.8000	0.0882	77.3000	
0.2212	53.0000	0.0881	77.1000	
0.2212	52.4000	0.0880	77.1000	
0.2212	53.0500	0.0880	77.1500	
0.2212	52.4000	0.0879	77.0750	
0.2211	52.7000	0.0879	77.0500	
0.2211	52.6500	0.0879	77.0250	
0.2211	52.5500	0.0878	77.0500	
0.2212	52.7500	0.0879	77.0750	
0.2211	52.1250	0.0878	77.1250	
0.2210	52.2750	0.0878	77.0750	
0.2211	52.8000	0.0877	77.1750	
0.2210	52.2750	0.0877	77.0250	
0.2210	52.3750	0.0877	77.1750	
0.2210	52.4250	0.0876	77.0750	
0.2211	52.0750	0.0877	77.1000	
0.2209	52.2250	0.0875	77.2250	
0.2209	52.4750	0.0876	77.1500	
0.2209	52.3000	0.0875	77.0500	
0.2211	52.3000	0.0875	77.1500	
0.2211	51.9000	0.0875	77.0500	
0.2210	52.4750	0.0875	77.1250	
0.2209	52.5250	0.0874	77.0500	
0.2208	52.1750	0.0873	77.2000	
0.2209	52.3750	0.0874	77.1750	
0.2207	52.2500	0.0873	77.2250	
0.2207	52.1750	0.0872	77.0750	
0.2207	52.2500	0.0872	77.1500	
0.2208	52.1250	0.0871	77.3750	
0.2207	52.4500	0.0871	77.0500	
0.2209	51.9500	0.0871	77.2250	
0.2207	52.1250	0.0870	77.2250	
0.2207	52.1500	0.0869	77.0750	
0.2207	52.2250	0.0869	77.2500	
0.2206	52.1750	0.0868	77.2250	
0.2206	52.0750	0.0867	77.3250	
0.2206	51.9250	0.0868	77.2000	
0.2207	52.3250	0.0867	77.2750	
0.2205	52.1250	0.0867	77.2000	
0.2207	52.0500	0.0867	77.2750	
0.2210	51.9500	0.0867	77.2750	
0.2208	52.5250	0.0867	77.4000	
0.2206	51.9500	0.0866	77.1000	
0.2205	51.6500	0.0867	77.3500	
0.2206	52.2750	0.0866	77.2000	
0.2204	52.1000	0.0867	77.1250	
0.2203	51.8250	0.0866	77.1250	
0.2202	51.9500	0.0864	77.3250	
0.2203	51.8750	0.0865	77.1500	
0.2202	51.7750	0.0863	77.1250	
0.2205	52.6000	0.0864	77.2500	
0.2202	51.8500	0.0864	77.1500	
0.2201	52.1500	0.0864	77.3000	
0.2201	52.4750	0.0863	77.1000	
0.2203	51.7000	0.0863	77.3250	
0.2200	52.2000	0.0864	77.1750	
0.2199	52.1000	0.0862	77.2000	
0.2200	51.9250	0.0862	77.3250	
0.2199	52.3000	0.0861	77.2000	
0.2198	51.9500	0.0861	77.1750	
0.2197	51.5500	0.0860	77.3500	
0.2200	52.1500	0.0860	77.3250	
0.2200	51.6000	0.0860	77.2000	
0.2198	52.0750	0.0859	77.2750	
0.2197	51.7750	0.0860	77.2250	
0.2199	52.0250	0.0859	77.2250	
0.2196	51.7750	0.0859	77.2750	
0.2197	51.5750	0.0859	77.1750	
0.2196	51.3000	0.0859	77.3250	
0.2197	51.6250	0.0858	77.3000	
0.2196	51.5250	0.0858	77.1750	
0.2195	51.7250	0.0857	77.1750	
0.2197	51.4500	0.0859	77.2250	
0.2195	51.7500	0.0860	77.2500	
0.2196	51.2500	0.0859	77.0500	
0.2193	51.5000	0.0858	77.2750	
0.2194	51.7750	0.0857	77.1500	
0.2195	51.3250	0.0856	77.3250	
0.2194	51.4750	0.0856	77.2250	
0.2195	51.7500	0.0856	77.2500	
0.2195	51.1500	0.0855	77.1750	
0.2193	51.3500	0.0856	77.2250	
0.2193	51.4750	0.0856	77.1750	
0.2193	51.3000	0.0854	77.2750	
0.2193	51.6000	0.0855	77.1750	
0.2193	51.2750	0.0854	77.2750	
0.2193	51.6250	0.0856	77.1250	
0.2192	51.4250	0.0855	77.3000	
0.2193	51.3250	0.0854	77.0500	
0.2193	51.6750	0.0853	77.3500	
0.2191	51.2500	0.0853	77.1500	
0.2193	51.1500	0.0855	77.1250	
0.2194	51.8000	0.0854	77.2000	
0.2193	51.1250	0.0854	77.1000	
0.2193	51.5500	0.0853	77.2250	
0.2191	51.0500	0.0852	77.1750	
0.2193	51.2500	0.0852	77.3000	
0.2191	50.9500	0.0854	77.2250	
0.2191	51.1250	0.0853	77.1250	
0.2191	51.5500	0.0851	77.2250	
0.2190	51.3750	0.0851	77.1500	
0.2191	51.3500	0.0851	77.2000	
0.2192	50.4250	0.0850	77.3000	
0.2194	51.4000	0.0852	77.2250	
0.2191	50.9500	0.0851	77.1750	
0.2193	51.2750	0.0850	77.4500	
0.2191	50.8000	0.0850	77.1250	
0.2191	51.0500	0.0849	77.2500	
0.2191	51.0500	0.0849	77.2000	
0.2190	50.7750	0.0849	77.2250	
0.2190	51.2000	0.0849	77.2000	
0.2190	50.9750	0.0849	77.0500	
0.2189	51.2000	0.0849	77.3750	
0.2189	51.3250	0.0848	77.2750	
0.2190	51.1250	0.0848	77.2750	
0.2190	50.9250	0.0848	77.1750	
0.2189	50.7500	0.0848	77.1750	
0.2189	51.1750	0.0847	77.1750	
0.2190	51.1750	0.0848	77.2750	
0.2190	50.9500	0.0849	77.0750	
0.2188	50.9750	0.0848	77.2750	
0.2190	50.9250	0.0846	77.1500	
0.2188	51.0750	0.0846	77.2750	
0.2188	51.2000	0.0846	77.2000	
0.2188	51.1250	0.0846	77.2750	
0.2188	51.1000	0.0845	77.1750	
0.2193	50.6750	0.0845	77.2750	
0.2190	51.0500	0.0845	77.2000	
0.2188	51.1250	0.0845	77.0500	
0.2189	50.9000	0.0845	77.2750	
0.2188	50.8250	0.0845	77.2000	
0.2188	50.7750	0.0844	77.2250	
0.2187	51.0000	0.0844	77.2750	
0.2188	51.0000	0.0845	77.2250	
0.2188	50.8250	0.0844	77.2250	
0.2187	50.8750	0.0843	77.2500	
0.2188	50.9250	0.0843	77.2250	
0.2188	50.9750	0.0844	77.2250	
0.2190	51.0500	0.0844	77.2500	
0.2186	50.9250	0.0843	77.1000	
0.2188	50.8750	0.0843	77.2750	
0.2189	51.0000	0.0842	77.2750	
0.2197	50.1750	0.0844	77.2750	
0.2187	50.9250	0.0844	77.1750	
0.2187	50.5250	0.0843	77.1250	
0.2189	50.6500	0.0843	77.2000	
0.2188	50.8250	0.0843	77.2000	
0.2186	50.8750	0.0843	77.1000	
0.2186	50.6500	0.0841	77.2750	
0.2187	50.6500	0.0842	77.2750	
0.2188	50.6250	0.0842	77.1500	
0.2185	50.7000	0.0841	77.3000	
0.2186	50.7750	0.0842	77.2750	
0.2185	50.7250	0.0840	77.3000	
0.2187	50.6500	0.0841	77.1000	
0.2186	50.5500	0.0840	77.3000	
0.2186	50.5000	0.0840	77.1500	
0.2186	50.7250	0.0839	77.3250	
0.2185	50.5500	0.0839	77.2750	
0.2185	50.3750	0.0839	77.2000	
0.2187	50.4500	0.0839	77.2250	
0.2184	50.7000	0.0838	77.3000	
0.2186	50.6500	0.0839	77.2750	
0.2190	50.4000	0.0841	77.2500	
0.2185	50.6500	0.0839	77.1250	
0.2185	50.5500	0.0838	77.2750	
0.2185	50.5500	0.0838	77.1750	
0.2187	50.6500	0.0840	77.1500	
0.2184	50.4250	0.0838	77.3000	
0.2186	50.1750	0.0837	77.1250	
0.2187	50.2750	0.0838	77.3000	
0.2184	50.5750	0.0838	77.3750	
0.2184	50.5250	0.0837	77.1250	
0.2184	50.3250	0.0836	77.2250	
0.2184	50.4750	0.0838	77.1500	
0.2185	50.1250	0.0839	77.4250	
0.2186	50.3250	0.0839	76.9750	
0.2185	50.5000	0.0837	77.3250	
0.2184	50.2250	0.0837	77.1250	
0.2183	50.3000	0.0835	77.3250	
0.2184	50.4000	0.0835	77.2250	
0.2183	50.4000	0.0835	77.1000	
0.2183	49.9500	0.0835	77.2250	
0.2184	50.1000	0.0836	77.1500	
0.2184	49.8500	0.0836	77.3000	
0.2183	49.8750	0.0836	77.1500	
0.2182	50.1000	0.0834	77.1750	
0.2183	49.7750	0.0834	77.2500	
0.2184	49.9500	0.0834	77.2500	
0.2182	50.0250	0.0834	77.2000	
0.2183	49.8250	0.0834	77.2250	
0.2181	49.8250	0.0833	77.2000	
0.2182	49.7500	0.0833	77.3000	
0.2181	49.7750	0.0833	77.2250	
0.2181	49.8000	0.0832	77.2750	
0.2184	49.6750	0.0833	77.2000	
0.2183	49.6000	0.0834	77.2000	
0.2182	49.8000	0.0832	77.2250	
0.2182	49.5250	0.0832	77.2000	
0.2181	49.5500	0.0833	77.2000	
0.2182	49.5000	0.0834	77.2250	
0.2181	49.4500	0.0832	77.2250	
0.2182	49.5750	0.0832	77.1500	
0.2181	50.2250	0.0832	77.1000	
0.2181	49.7250	0.0832	77.2250	
0.2182	49.5000	0.0832	77.2750	
0.2181	49.4750	0.0831	77.3250	
0.2181	49.5750	0.0831	77.2000	
0.2180	49.4250	0.0831	77.2250	
0.2181	49.3500	0.0831	77.2500	
0.2180	49.2500	0.0830	77.1500	
0.2180	49.4500	0.0830	77.3250	
0.2180	49.3750	0.0830	77.2250	
0.2180	49.1750	0.0830	77.2250	
0.2180	49.0500	0.0830	77.1250	
0.2180	49.1750	0.0830	77.2000	
0.2179	49.3250	0.0829	77.2250	
0.2180	49.6000	0.0829	77.2750	
0.2179	49.6250	0.0829	77.2250	
0.2180	49.0500	0.0829	77.1500	
0.2182	48.8500	0.0831	77.2250	
0.2181	48.9250	0.0829	77.1750	
0.2179	49.0250	0.0828	77.2500	
0.2180	49.3500	0.0828	77.2750	
0.2180	49.4500	0.0828	77.2500	
0.2179	49.1500	0.0828	77.1000	
0.2180	48.8750	0.0829	77.1500	
0.2179	49.1750	0.0829	77.2250	
0.2179	49.5000	0.0827	77.3000	
0.2179	48.9500	0.0827	77.1500	
0.2178	48.8250	0.0827	77.2000	
0.2179	49.0250	0.0827	77.2500	
0.2179	49.2750	0.0829	77.3000	
0.2177	49.0000	0.0827	77.0500	
0.2178	48.9000	0.0828	77.3250	
0.2178	48.8000	0.0826	77.1750	
0.2178	49.0500	0.0826	77.2000	
0.2177	49.0000	0.0826	77.2250	
0.2183	49.2250	0.0827	77.2750	
0.2178	48.7250	0.0826	77.1500	
0.2176	48.6750	0.0825	77.2000	
0.2178	48.5000	0.0825	77.2750	
0.2177	48.5500	0.0825	77.2250	
0.2178	48.7250	0.0826	77.2500	
0.2175	48.9750	0.0825	77.1250	
0.2176	48.5500	0.0824	77.1500	
0.2176	48.5000	0.0824	77.2000	
0.2175	48.4000	0.0824	77.2000	
0.2176	48.5250	0.0824	77.2250	
0.2174	48.4750	0.0824	77.2250	
0.2176	48.6250	0.0824	77.2000	
0.2176	48.7750	0.0824	77.2500	
0.2173	48.6500	0.0823	77.0750	
0.2175	48.5000	0.0824	77.2000	
0.2174	48.5500	0.0823	77.1750	
0.2174	48.5750	0.0823	77.1750	
0.2173	48.4000	0.0823	77.2750	
0.2174	48.6750	0.0823	77.3000	
0.2173	48.9500	0.0822	77.2000	
0.2175	48.5250	0.0823	77.2750	
0.2172	48.7000	0.0822	77.1750	
0.2174	48.6750	0.0822	77.2750	
0.2173	48.6250	0.0822	77.2000	
0.2172	48.5500	0.0822	77.1500	
0.2172	48.7000	0.0821	77.1250	
0.2172	48.8500	0.0822	77.2250	
0.2173	48.6750	0.0821	77.1000	
0.2171	48.8000	0.0821	77.2000	
0.2172	48.8750	0.0821	77.2250	
0.2172	48.6000	0.0820	77.1000	
0.2170	48.9000	0.0819	77.2500	
0.2171	48.9500	0.0819	77.2250	
0.2171	48.7250	0.0818	77.1500	
0.2171	48.7750	0.0816	77.3500	
0.2170	49.2000	0.0814	77.1750	
0.2170	48.8500	0.0813	77.2250	
0.2170	48.8750	0.0812	77.1750	
0.2170	48.8250	0.0811	77.2250	
0.2169	48.8250	0.0809	77.1250	
0.2170	48.8750	0.0808	77.1250	
0.2172	48.7250	0.0808	77.2250	
0.2167	48.8250	0.0806	77.3500	
0.2170	48.9750	0.0804	77.2000	
0.2169	48.6750	0.0802	77.1750	
0.2169	48.8750	0.0802	77.2000	
0.2167	48.9500	0.0800	77.1750	
0.2168	48.8000	0.0800	77.1750	
0.2168	48.8750	0.0799	77.2500	
0.2169	48.9750	0.0798	77.2500	
0.2167	48.8500	0.0796	77.1000	
0.2167	48.9000	0.0794	77.1500	
0.2166	48.8750	0.0794	77.2750	
0.2168	48.6750	0.0794	77.2250	
0.2166	48.8500	0.0791	77.2250	
0.2166	48.7500	0.0789	77.2000	
0.2166	48.9500	0.0789	77.3500	
0.2165	48.9000	0.0788	77.2500	
0.2166	48.8000	0.0787	77.2000	
0.2165	48.8250	0.0785	77.0500	
0.2165	48.8500	0.0785	77.2500	
0.2166	48.7000	0.0784	77.1750	
0.2164	48.8500	0.0782	77.2000	
0.2164	48.9000	0.0781	77.1750	
0.2165	48.7500	0.0780	77.2500	
0.2165	48.6750	0.0780	77.2250	
0.2166	48.6750	0.0780	77.1500	
0.2163	48.6500	0.0778	77.2250	
0.2166	48.6250	0.0778	77.2000	
0.2162	48.7500	0.0777	77.2000	
0.2164	48.6500	0.0775	77.1500	
0.2165	48.7000	0.0774	77.1250	
0.2162	48.5250	0.0773	77.1500	
0.2163	48.5000	0.0773	77.2500	
0.2163	48.6250	0.0773	77.2250	
0.2162	48.8000	0.0771	77.1500	
0.2163	48.7000	0.0770	77.1500	
0.2163	48.5250	0.0769	77.2500	
0.2162	48.5750	0.0769	77.1500	
0.2162	48.6250	0.0768	77.0750	
0.2163	48.7250	0.0766	77.1750	
0.2162	48.7250	0.0766	77.2500	
0.2163	48.6750	0.0765	77.0750	
0.2161	48.5250	0.0765	77.2000	
0.2161	48.5500	0.0763	77.2500	
0.2164	48.6750	0.0763	77.2000	
0.2160	48.6500	0.0762	77.2500	
0.2162	48.6250	0.0762	77.2000	
0.2161	48.6500	0.0761	77.2250	
0.2161	48.6500	0.0760	77.1250	
0.2161	48.5000	0.0760	77.2500	
0.2160	48.5000	0.0759	77.1750	
0.2161	48.4500	0.0758	77.2500	
0.2161	48.7250	0.0758	77.1500	
0.2160	48.5250	0.0758	77.2250	
0.2160	48.6250	0.0756	77.3500	
0.2160	48.6250	0.0756	77.1250	
0.2160	48.7000	0.0755	77.3500	
0.2162	48.4750	0.0755	77.2750	
0.2160	48.6250	0.0754	77.2000	
0.2158	48.5000	0.0754	77.1750	
0.2159	48.5500	0.0753	77.2250	
0.2159	48.4750	0.0753	77.2500	
0.2158	48.3750	0.0751	77.2000	
0.2158	48.4500	0.0751	77.2750	
0.2159	48.4750	0.0750	77.2750	
0.2158	48.4500	0.0751	77.2000	
0.2159	48.8500	0.0751	77.2000	
0.2160	48.4750	0.0750	77.3000	
0.2158	48.4250	0.0749	77.2000	
0.2158	48.2750	0.0748	77.2000	
0.2157	48.2750	0.0747	77.2500	
0.2157	48.4750	0.0747	77.3750	
0.2163	48.3000	0.0748	77.0750	
0.2162	48.4750	0.0748	77.2750	
0.2157	48.4250	0.0749	77.2500	
0.2158	48.4500	0.0746	77.4000	
0.2156	48.4250	0.0745	77.1250	
0.2156	48.5750	0.0745	77.2500	
0.2156	48.5250	0.0744	77.1250	
0.2157	48.4250	0.0743	77.4000	
0.2156	48.4000	0.0744	77.1500	
0.2156	48.4250	0.0743	77.3750	
0.2156	48.5250	0.0743	77.2500	
0.2156	48.5250	0.0742	77.3250	
0.2156	48.4500	0.0741	77.3000	
0.2155	48.4000	0.0740	77.3250	
0.2156	48.5750	0.0741	77.2500	
0.2159	48.4250	0.0742	77.1750	
0.2160	48.4750	0.0744	77.3250	
0.2154	48.3750	0.0743	77.1750	
0.2157	48.4750	0.0740	77.4000	
0.2155	48.5000	0.0740	77.1500	
0.2155	48.5500	0.0741	77.3250	
0.2154	48.3750	0.0740	77.2500	
0.2154	48.5250	0.0737	77.3000	
0.2154	48.5250	0.0737	77.2750	
0.2154	48.6000	0.0736	77.3000	
0.2154	48.4000	0.0738	77.3250	
0.2154	48.5750	0.0735	77.3500	
0.2155	48.5250	0.0735	77.3000	
0.2153	48.5250	0.0736	77.2250	
0.2153	48.2000	0.0737	77.2500	
0.2153	48.4250	0.0736	77.3250	
0.2153	48.5000	0.0736	77.3250	
0.2154	48.4250	0.0734	77.3000	
0.2152	48.3500	0.0734	77.3250	
0.2154	48.5250	0.0733	77.2500	
0.2154	47.9750	0.0732	77.4250	
0.2152	48.5000	0.0732	77.4250	
0.2153	48.3500	0.0732	77.3000	
0.2154	48.4500	0.0731	77.3500	
0.2152	48.6000	0.0731	77.4250	
0.2151	48.4750	0.0731	77.2500	
0.2154	48.5000	0.0731	77.3500	
0.2152	48.5500	0.0731	77.3250	
0.2152	48.5500	0.0730	77.2000	
0.2152	48.5000	0.0729	77.3500	
0.2153	48.4500	0.0729	77.3750	
0.2152	48.3250	0.0729	77.3250	
0.2151	48.5000	0.0728	77.3500	
0.2151	48.4750	0.0728	77.3250	
0.2151	48.4000	0.0730	77.4250	
0.2151	48.5750	0.0731	77.2250	
0.2150	48.5000	0.0730	77.4500	
0.2150	48.4500	0.0728	77.2500	
0.2151	48.5000	0.0727	77.4000	
0.2150	48.4000	0.0726	77.2750	
0.2150	48.4500	0.0726	77.3000	
0.2150	48.5000	0.0726	77.3250	
0.2150	48.6250	0.0726	77.3500	
0.2150	48.2500	0.0725	77.4750	
0.2149	48.4000	0.0725	77.4250	
0.2149	48.3250	0.0724	77.2750	
0.2150	48.5250	0.0724	77.3750	
0.2150	48.5000	0.0725	77.3500	
0.2149	48.3000	0.0724	77.3000	
0.2150	48.5250	0.0724	77.3750	
0.2151	48.2000	0.0723	77.2750	
0.2149	48.6000	0.0723	77.3250	
0.2148	48.4500	0.0723	77.3000	
0.2148	48.3000	0.0722	77.3500	
0.2148	48.3750	0.0723	77.4000	
0.2149	48.5000	0.0722	77.3500	
0.2148	48.5000	0.0723	77.4000	
0.2148	48.4000	0.0724	77.3500	
0.2148	48.3750	0.0722	77.4000	
0.2147	48.6250	0.0721	77.4000	
0.2148	48.5500	0.0721	77.4000	
0.2148	48.6250	0.0721	77.3750	
0.2147	48.6250	0.0720	77.3000	
0.2147	48.4000	0.0720	77.4250	
0.2147	48.5250	0.0720	77.4250	
0.2148	48.5500	0.0720	77.3250	
0.2147	48.6500	0.0720	77.3500	
0.2147	48.4750	0.0719	77.4250	
0.2146	48.5750	0.0719	77.3500	
0.2148	48.3750	0.0719	77.4750	
0.2149	48.7000	0.0720	77.5000	
0.2146	48.5750	0.0719	77.4000	
0.2147	48.3750	0.0719	77.3750	
0.2147	48.6250	0.0718	77.3250	
0.2145	48.5000	0.0718	77.2500	
0.2146	48.5500	0.0717	77.5500	
0.2145	48.5250	0.0717	77.3500	
0.2145	48.5500	0.0716	77.3500	
0.2145	48.6000	0.0716	77.3500	
0.2145	48.5250	0.0716	77.3500	
0.2145	48.4750	0.0716	77.4250	
0.2145	48.6750	0.0716	77.3500	
0.2145	48.6500	0.0716	77.5500	
0.2145	48.6750	0.0715	77.3750	
0.2144	48.4500	0.0715	77.4250	
0.2145	48.6000	0.0715	77.4000	
0.2144	48.5250	0.0715	77.4000	
0.2145	48.5750	0.0714	77.4000	
0.2144	48.5250	0.0715	77.4500	
0.2144	48.6000	0.0715	77.4500	
0.2144	48.6500	0.0714	77.4000	
0.2145	48.6250	0.0714	77.4750	
0.2147	48.4250	0.0714	77.4500	
0.2147	48.5500	0.0714	77.3250	
0.2144	48.5250	0.0714	77.4750	
0.2144	48.5250	0.0713	77.5250	
0.2144	48.5000	0.0714	77.4250	
0.2143	48.4500	0.0713	77.4750	
0.2143	48.4750	0.0713	77.5000	
0.2144	48.7000	0.0713	77.4750	
0.2146	48.5750	0.0714	77.4500	
0.2143	48.6250	0.0712	77.4000	
0.2143	48.6750	0.0711	77.4000	
0.2142	48.5000	0.0711	77.4250	
0.2142	48.4750	0.0711	77.4000	
0.2143	48.7250	0.0711	77.4250	
0.2142	48.4250	0.0711	77.4000	
0.2142	48.4000	0.0711	77.4500	
0.2143	48.4250	0.0711	77.4500	
0.2145	48.6250	0.0712	77.3500	
0.2144	48.4750	0.0712	77.4500	
0.2141	48.4750	0.0710	77.4250	
0.2142	48.6000	0.0709	77.5500	
0.2142	48.3750	0.0709	77.4750	
0.2141	48.4500	0.0710	77.4250	
0.2142	48.5250	0.0710	77.4250	
0.2141	48.5000	0.0711	77.4750	
0.2141	48.5000	0.0710	77.5750	
0.2140	48.4750	0.0709	77.4500	
0.2141	48.4000	0.0709	77.3500	
0.2141	48.5000	0.0710	77.4500	
0.2141	48.5000	0.0708	77.5000	
0.2141	48.2750	0.0709	77.4750	
0.2141	48.4000	0.0710	77.4000	
0.2141	48.4000	0.0708	77.4250	
0.2140	48.5500	0.0707	77.4250	
0.2140	48.4500	0.0708	77.4500	
0.2140	48.1500	0.0708	77.5250	
0.2140	48.2000	0.0707	77.5500	
0.2141	48.3500	0.0707	77.5000	
0.2139	48.5750	0.0707	77.4750	
0.2139	48.4250	0.0707	77.5500	
0.2140	48.5000	0.0706	77.4500	
0.2140	48.4500	0.0706	77.5000	
0.2140	48.3250	0.0706	77.4250	
0.2141	48.3000	0.0708	77.4500	
0.2139	48.4000	0.0706	77.4750	
0.2140	48.2250	0.0706	77.5750	
0.2140	48.3500	0.0706	77.6000	
0.2138	48.4250	0.0705	77.5750	
0.2140	48.3750	0.0705	77.5500	
0.2139	48.3750	0.0705	77.5000	
0.2138	48.4000	0.0706	77.4000	
0.2138	48.3750	0.0705	77.4000	
0.2138	48.4500	0.0705	77.5000	
0.2139	48.3250	0.0706	77.4250	
0.2138	48.3000	0.0705	77.4750	
0.2137	48.5000	0.0704	77.4000	
0.2137	48.2750	0.0704	77.5000	
0.2140	47.9750	0.0704	77.4750	
0.2137	48.2250	0.0705	77.5250	
0.2139	48.5250	0.0704	77.6250	
0.2138	48.4250	0.0703	77.6000	
0.2137	48.5000	0.0703	77.5750	
0.2137	48.5000	0.0704	77.5000	
0.2137	48.3500	0.0703	77.5750	
0.2137	48.2750	0.0703	77.5000	
0.2137	48.3500	0.0703	77.5000	
0.2137	48.2500	0.0703	77.5500	
0.2137	48.2500	0.0703	77.6000	
0.2137	48.4250	0.0702	77.5000	
0.2137	48.3750	0.0702	77.4750	
0.2138	48.3500	0.0703	77.5750	
0.2136	48.3000	0.0702	77.5750	
0.2136	48.3750	0.0702	77.5250	
0.2136	48.3000	0.0702	77.6000	
0.2135	48.3750	0.0702	77.6000	
0.2136	48.1250	0.0701	77.5250	
0.2138	48.3000	0.0701	77.4750	
0.2137	48.3750	0.0702	77.4500	
0.2135	48.2250	0.0702	77.5250	
0.2137	48.2250	0.0702	77.6250	
0.2134	48.2250	0.0701	77.5000	
0.2135	48.1250	0.0701	77.5000	
0.2136	48.3000	0.0701	77.5250	
0.2134	48.4250	0.0701	77.5000	
0.2135	48.3000	0.0701	77.4750	
0.2134	48.4750	0.0700	77.4500	
0.2134	48.2250	0.0700	77.5250	
0.2135	48.1500	0.0700	77.5500	
0.2134	48.0000	0.0700	77.6000	
0.2134	48.1500	0.0699	77.5250	
0.2134	48.1000	0.0699	77.5000	
0.2133	48.4000	0.0699	77.5000	
0.2135	48.3250	0.0700	77.6500	
0.2135	48.2250	0.0701	77.5750	
0.2133	48.0750	0.0700	77.5000	
0.2133	48.0500	0.0699	77.5000	
0.2133	48.2000	0.0699	77.5250	
0.2133	48.2000	0.0699	77.5250	
0.2133	48.1000	0.0699	77.6250	
0.2134	48.1500	0.0699	77.5250	
0.2134	48.2750	0.0700	77.5000	
0.2132	48.1750	0.0699	77.6250	
0.2133	48.2750	0.0700	77.5500	
0.2134	48.1000	0.0703	77.5000	
0.2133	48.1500	0.0701	77.5750	
0.2135	48.0000	0.0702	77.4750	
0.2133	48.2000	0.0699	77.4500	
0.2132	48.1500	0.0699	77.6500	
0.2132	48.0250	0.0699	77.6000	
0.2132	48.1000	0.0698	77.5750	
0.2131	48.0000	0.0698	77.5500	
0.2133	48.1750	0.0699	77.6250	
0.2132	48.1000	0.0698	77.5250	
0.2133	48.1000	0.0698	77.5250	
0.2133	48.1250	0.0698	77.4000	
0.2131	48.1000	0.0697	77.5750	
0.2131	48.0750	0.0698	77.6500	
0.2132	48.1000	0.0697	77.6250	
0.2132	48.3250	0.0696	77.4750	
0.2131	48.2250	0.0697	77.6000	
0.2131	48.0750	0.0696	77.5750	
0.2131	48.0500	0.0696	77.5750	
0.2131	48.2750	0.0696	77.6250	
0.2132	48.0000	0.0697	77.5500	
0.2135	48.0750	0.0697	77.5250	
0.2132	48.0000	0.0697	77.5000	
0.2130	48.0500	0.0696	77.5750	
0.2132	48.1000	0.0696	77.5000	
0.2130	48.1750	0.0695	77.7000	
0.2130	48.0750	0.0696	77.6750	
0.2130	48.1000	0.0695	77.5750	
0.2129	48.0500	0.0695	77.6500	
0.2130	48.1000	0.0695	77.5500	
0.2129	48.0500	0.0695	77.6250	
0.2131	47.9000	0.0695	77.6750	
0.2129	48.0000	0.0695	77.6250	
0.2129	47.9750	0.0695	77.6000	
0.2129	48.1500	0.0696	77.6750	
0.2129	48.1000	0.0695	77.5750	
0.2129	48.0750	0.0694	77.6000	
0.2132	48.1250	0.0695	77.6250	
0.2129	48.1250	0.0695	77.6500	
0.2128	48.0500	0.0694	77.5750	
0.2130	48.2250	0.0694	77.6250	
0.2129	48.1250	0.0695	77.7000	
0.2128	48.2750	0.0694	77.6000	
0.2128	48.1500	0.0694	77.5750	
0.2128	48.1500	0.0693	77.6000	
0.2128	48.1500	0.0694	77.6500	
0.2127	47.9750	0.0693	77.6250	
0.2127	48.0250	0.0694	77.5750	
0.2128	47.9250	0.0693	77.7000	
0.2128	48.1750	0.0694	77.6250	
0.2127	48.0000	0.0693	77.6250	
0.2127	48.1000	0.0693	77.6000	
0.2127	48.0250	0.0693	77.6500	
0.2127	48.0750	0.0693	77.6500	
0.2128	47.9250	0.0692	77.6250	
0.2128	48.0500	0.0693	77.7250	
0.2127	48.0000	0.0692	77.5750	
0.2127	48.2000	0.0692	77.6500	
0.2126	48.2000	0.0693	77.6250	
0.2127	48.0500	0.0693	77.7750	
0.2127	47.9250	0.0694	77.5500	
0.2127	48.0250	0.0693	77.5500	
0.2127	48.1250	0.0692	77.6250	
0.2126	48.1500	0.0693	77.6500	
0.2126	48.1500	0.0692	77.6000	
0.2126	48.1000	0.0692	77.7000	
0.2126	48.1000	0.0692	77.6000	
0.2126	48.1000	0.0692	77.6750	
0.2126	48.0500	0.0692	77.7000	
0.2126	48.1000	0.0692	77.6750	
0.2125	47.9750	0.0692	77.6000	
0.2126	48.0750	0.0691	77.7750	
0.2125	47.9750	0.0691	77.6500	
0.2125	48.0000	0.0691	77.6000	
0.2125	48.1250	0.0691	77.7000	
0.2125	48.1250	0.0691	77.6500	
0.2125	48.2000	0.0691	77.6750	
0.2125	48.0250	0.0690	77.7250	
0.2124	48.0250	0.0691	77.6750	
0.2124	48.1250	0.0690	77.6750	
0.2124	48.0000	0.0691	77.7250	
0.2124	48.0000	0.0690	77.6500	
0.2124	47.9500	0.0690	77.7250	
0.2124	48.0500	0.0690	77.7250	
0.2124	48.0750	0.0690	77.6750	
0.2124	48.3500	0.0690	77.6500	
0.2124	48.1250	0.0690	77.7000	
0.2124	48.0500	0.0690	77.7000	
0.2124	48.1250	0.0691	77.6500	
0.2124	48.0250	0.0690	77.7000	
0.2124	48.2750	0.0690	77.7000	
0.2123	48.1750	0.0690	77.6000	
0.2124	48.1750	0.0689	77.7500	
0.2123	48.2500	0.0689	77.7250	
0.2123	48.1500	0.0689	77.6500	
0.2123	48.1250	0.0689	77.7250	
0.2123	48.2250	0.0689	77.6250	
0.2123	48.1500	0.0689	77.7500	
0.2122	48.0750	0.0688	77.6750	
0.2124	47.9250	0.0689	77.6500	
0.2123	47.8250	0.0690	77.6750	
0.2122	48.1750	0.0689	77.6250	
0.2122	48.1250	0.0688	77.8000	
0.2123	48.1750	0.0688	77.7000	
0.2122	48.1250	0.0688	77.6750	
0.2124	48.1000	0.0689	77.6500	
0.2123	48.1500	0.0690	77.7500	
0.2121	48.2000	0.0689	77.7000	
0.2123	48.1250	0.0688	77.7000	
0.2122	48.2500	0.0688	77.7000	
0.2122	48.2750	0.0688	77.7000	
0.2122	48.2000	0.0688	77.7250	
0.2123	48.0250	0.0688	77.7250	
0.2121	48.2500	0.0688	77.7500	
0.2122	48.1250	0.0688	77.7000	
0.2121	48.2250	0.0687	77.7250	
0.2121	48.2500	0.0688	77.7250	
0.2122	48.2500	0.0688	77.7250	
0.2121	48.2000	0.0687	77.6750	
0.2121	48.1750	0.0687	77.6750	
0.2121	48.1000	0.0687	77.6750	
0.2122	48.1250	0.0688	77.7250	
0.2121	47.9500	0.0687	77.7500	
0.2122	48.1500	0.0687	77.7000	
0.2121	48.1750	0.0687	77.6500	
0.2120	48.1000	0.0687	77.7250	
0.2120	48.1000	0.0687	77.7250	
0.2121	48.1750	0.0687	77.7000	
0.2121	48.1750	0.0687	77.7000	
0.2120	48.1750	0.0687	77.7000	
0.2120	48.0750	0.0686	77.7250	
0.2120	48.3500	0.0686	77.7250	
0.2120	48.2000	0.0686	77.7250	
0.2120	48.2250	0.0688	77.7000	
0.2120	48.1250	0.0688	77.7750	
0.2119	48.2000	0.0686	77.7500	
0.2119	48.2000	0.0686	77.7750	
0.2119	48.1500	0.0686	77.7000	
0.2119	48.1250	0.0686	77.8000	
0.2120	48.0750	0.0687	77.6500	
0.2119	48.3500	0.0686	77.7750	
0.2119	48.2500	0.0685	77.6750	
0.2120	48.1500	0.0686	77.7250	
0.2119	48.2750	0.0686	77.7000	
0.2120	48.4000	0.0686	77.8000	
0.2120	48.3750	0.0686	77.6750	
0.2120	48.3750	0.0686	77.8500	
0.2119	48.2250	0.0686	77.7250	
0.2119	48.1250	0.0685	77.6500	
0.2119	48.1750	0.0686	77.8250	
0.2119	48.1750	0.0685	77.7000	
0.2119	48.3750	0.0686	77.7750	
0.2118	48.2500	0.0685	77.7750	
0.2119	48.2000	0.0685	77.7750	
0.2118	48.3500	0.0686	77.8000	
0.2118	48.4000	0.0685	77.8250	
0.2118	48.3250	0.0685	77.7500	
0.2118	48.3250	0.0685	77.7000	
0.2118	48.2750	0.0684	77.9000	
0.2118	48.3750	0.0685	77.8250	
