Loss_Adversary	Accuracy_Adversary	Loss_Target	Accuracy_Target	
-0.0533	0.4215	0.6303	50.0000	50.0000	
-0.0507	0.4134	0.6229	50.0000	50.0000	
-0.0486	0.4060	0.6153	50.0000	50.0000	
-0.0470	0.3991	0.6068	50.0000	50.0000	
-0.0459	0.3925	0.5978	50.0000	50.0000	
-0.0449	0.3860	0.5887	50.0000	50.0000	
-0.0442	0.3801	0.5794	50.0000	50.0000	
-0.0439	0.3744	0.5697	50.0000	50.0000	
-0.0441	0.3690	0.5593	50.0000	50.0000	
-0.0445	0.3636	0.5483	50.0000	50.0000	
-0.0451	0.3584	0.5367	50.0000	50.0000	
-0.0462	0.3534	0.5243	50.0000	50.0000	
-0.0475	0.3484	0.5114	50.0000	50.0000	
-0.0491	0.3435	0.4978	50.0000	50.0000	
-0.0509	0.3387	0.4837	50.0000	50.0000	
-0.0527	0.3337	0.4692	50.0000	50.0000	
-0.0548	0.3290	0.4545	50.0000	50.0000	
-0.0569	0.3242	0.4395	50.0000	50.0000	
-0.0590	0.3195	0.4247	50.0000	50.0000	
-0.0612	0.3148	0.4098	50.0000	50.0000	
-0.0632	0.3102	0.3953	50.0000	50.0000	
-0.0654	0.3057	0.3809	50.0000	50.0000	
-0.0673	0.3012	0.3669	50.0000	50.0000	
-0.0692	0.2968	0.3534	50.0000	50.0000	
-0.0709	0.2925	0.3406	50.0000	50.0000	
-0.0724	0.2882	0.3283	50.0000	50.0000	
-0.0739	0.2841	0.3166	50.0000	50.0000	
-0.0751	0.2799	0.3054	50.0000	50.0000	
-0.0762	0.2759	0.2948	50.0000	50.0000	
-0.0771	0.2720	0.2850	50.0000	50.0000	
-0.0778	0.2681	0.2756	50.0000	50.0000	
-0.0784	0.2645	0.2670	50.0000	50.0000	
-0.0789	0.2608	0.2590	50.0000	50.0000	
-0.0792	0.2573	0.2516	50.0000	50.0000	
-0.0794	0.2540	0.2449	50.0000	50.0000	
-0.0794	0.2508	0.2389	50.0000	50.0000	
-0.0792	0.2475	0.2333	50.0000	50.0000	
-0.0790	0.2443	0.2280	50.0000	50.0000	
-0.0786	0.2411	0.2231	50.0000	50.0000	
-0.0782	0.2379	0.2183	50.0000	50.0000	
-0.0778	0.2344	0.2131	50.0000	50.0000	
-0.0776	0.2305	0.2064	50.0000	50.0000	
-0.0773	0.2265	0.1997	50.0000	50.0000	
-0.0766	0.2227	0.1948	50.0000	50.0000	
-0.0751	0.2188	0.1916	50.0000	50.0000	
-0.0737	0.2147	0.1882	50.0000	50.0000	
-0.0725	0.2110	0.1849	50.0000	50.0000	
-0.0720	0.2094	0.1832	50.0000	50.0000	
-0.0725	0.2117	0.1860	50.0000	50.0000	
-0.0719	0.2142	0.1924	50.0000	50.0000	
-0.0702	0.2121	0.1933	50.0500	50.0000	
-0.0690	0.2094	0.1919	50.0250	50.0000	
-0.0681	0.2069	0.1896	49.9250	50.0000	
-0.0672	0.2039	0.1866	49.9500	50.0000	
-0.0664	0.2010	0.1836	49.3250	50.0000	
-0.0656	0.1999	0.1836	49.2500	50.0000	
-0.0650	0.2002	0.1859	49.9500	50.0000	
-0.0645	0.2000	0.1871	49.1750	50.0000	
-0.0644	0.2007	0.1887	49.8250	50.0000	
-0.0639	0.2015	0.1916	49.8750	50.0000	
-0.0640	0.2018	0.1919	49.9000	50.0000	
-0.0641	0.2028	0.1934	49.8750	50.0000	
-0.0632	0.2041	0.1985	50.0250	50.0000	
-0.0639	0.2047	0.1976	49.9250	50.0000	
-0.0630	0.2040	0.1989	49.6000	50.0000	
-0.0635	0.2074	0.2037	49.9750	50.0000	
-0.0632	0.2068	0.2035	50.1000	50.0000	
-0.0628	0.2070	0.2050	48.6500	50.0000	
-0.0638	0.2087	0.2054	49.8000	50.0000	
-0.0624	0.2108	0.2132	50.1500	50.0000	
-0.0646	0.2114	0.2081	49.0500	50.0000	
-0.0627	0.2100	0.2109	47.3750	50.0000	
-0.0647	0.2144	0.2134	50.0500	50.0000	
-0.0632	0.2153	0.2194	49.8750	50.0000	
-0.0653	0.2166	0.2156	47.5500	50.0000	
-0.0646	0.2167	0.2179	47.5500	50.0000	
-0.0664	0.2211	0.2208	50.1750	50.0000	
-0.0655	0.2230	0.2269	49.9250	50.0000	
-0.0676	0.2250	0.2248	47.6750	50.0000	
-0.0675	0.2268	0.2284	48.1000	50.0000	
-0.0696	0.2310	0.2303	49.8750	50.0000	
-0.0698	0.2338	0.2346	49.8000	50.0000	
-0.0717	0.2373	0.2359	47.0750	50.0000	
-0.0722	0.2404	0.2400	47.7750	50.0000	
-0.0744	0.2441	0.2409	49.3500	50.0000	
-0.0754	0.2473	0.2440	48.9500	50.0000	
-0.0769	0.2511	0.2465	45.8250	50.0000	
-0.0780	0.2523	0.2459	46.5750	50.0000	
-0.0789	0.2539	0.2461	47.3000	50.0000	
-0.0799	0.2576	0.2501	49.5500	50.0000	
-0.0803	0.2601	0.2537	55.8000	50.0000	
-0.0806	0.2597	0.2519	55.2000	50.0000	
-0.0812	0.2608	0.2521	63.0750	50.0000	
-0.0817	0.2611	0.2515	63.4500	50.0000	
-0.0807	0.2610	0.2541	62.2750	50.0000	
-0.0787	0.2609	0.2596	63.4750	50.1000	
-0.0765	0.2604	0.2649	65.2500	54.1500	
-0.0747	0.2574	0.2646	64.2500	53.9750	
-0.0727	0.2504	0.2574	61.8750	65.6750	
-0.0708	0.2442	0.2511	60.0750	67.9500	
-0.0693	0.2397	0.2472	56.7500	70.5500	
-0.0681	0.2364	0.2443	51.6000	77.4750	
-0.0673	0.2320	0.2385	48.5250	74.6750	
-0.0667	0.2287	0.2341	41.8250	79.7500	
-0.0663	0.2269	0.2320	37.9250	82.3750	
-0.0660	0.2255	0.2301	35.8250	79.8000	
-0.0660	0.2244	0.2283	35.4500	83.5000	
-0.0660	0.2243	0.2280	34.8250	84.0500	
-0.0659	0.2236	0.2270	33.9500	78.0750	
-0.0661	0.2251	0.2293	36.2000	84.5250	
-0.0662	0.2249	0.2285	34.8250	79.8250	
-0.0662	0.2254	0.2293	34.7750	77.4750	
-0.0666	0.2275	0.2322	37.0000	81.1250	
-0.0669	0.2285	0.2331	36.8000	78.8000	
-0.0673	0.2302	0.2354	37.2750	77.8750	
-0.0676	0.2324	0.2384	38.3500	78.6250	
-0.0680	0.2341	0.2405	38.7000	78.8500	
-0.0683	0.2351	0.2415	37.7500	76.7250	
-0.0686	0.2366	0.2434	38.2000	77.6000	
-0.0688	0.2378	0.2452	38.3250	79.5500	
-0.0689	0.2384	0.2459	34.8250	75.0000	
-0.0691	0.2400	0.2483	37.2000	76.7000	
-0.0691	0.2406	0.2494	38.2250	80.8500	
-0.0693	0.2407	0.2489	32.6250	77.4750	
-0.0704	0.2441	0.2522	35.9000	78.3000	
-0.0717	0.2499	0.2592	41.4750	81.1000	
-0.0716	0.2535	0.2661	42.9500	79.8500	
-0.0718	0.2543	0.2672	43.2750	78.3000	
-0.0721	0.2522	0.2625	38.3250	77.4750	
-0.0724	0.2485	0.2546	32.7750	75.6500	
-0.0729	0.2448	0.2463	31.3000	76.9250	
-0.0735	0.2411	0.2377	29.4500	80.5000	
-0.0741	0.2369	0.2282	28.7500	82.0750	
-0.0745	0.2335	0.2207	27.3250	85.6750	
-0.0748	0.2302	0.2137	26.3000	88.6250	
-0.0750	0.2269	0.2071	25.9750	89.9250	
-0.0750	0.2245	0.2028	26.0000	91.3000	
-0.0749	0.2233	0.2008	25.8250	93.2500	
-0.0749	0.2219	0.1983	25.5750	93.2500	
-0.0750	0.2213	0.1967	25.5250	93.5500	
-0.0751	0.2217	0.1971	25.4250	94.5500	
-0.0753	0.2207	0.1949	25.4500	93.7750	
-0.0753	0.2201	0.1936	25.2000	94.0000	
-0.0754	0.2201	0.1933	25.0750	94.3000	
-0.0755	0.2200	0.1927	25.0750	94.3750	
-0.0756	0.2210	0.1942	25.1750	94.9500	
-0.0759	0.2209	0.1935	25.1250	94.9250	
-0.0760	0.2205	0.1924	25.0750	94.3500	
-0.0762	0.2219	0.1945	25.3250	95.3250	
-0.0764	0.2215	0.1929	25.0750	94.5750	
-0.0767	0.2229	0.1949	25.2500	95.1250	
-0.0769	0.2236	0.1954	25.1750	94.9000	
-0.0772	0.2238	0.1951	25.2500	94.8750	
-0.0774	0.2247	0.1962	25.3000	95.4750	
-0.0775	0.2246	0.1956	25.4750	95.0500	
-0.0777	0.2249	0.1957	25.4750	95.1250	
-0.0778	0.2252	0.1959	25.4750	95.5000	
-0.0779	0.2253	0.1959	25.8500	95.6250	
-0.0779	0.2251	0.1954	25.7000	95.2250	
-0.0779	0.2250	0.1953	25.6250	95.5500	
-0.0779	0.2248	0.1951	25.6250	95.5000	
-0.0778	0.2248	0.1952	25.6000	95.5500	
-0.0777	0.2245	0.1949	25.5750	95.4000	
-0.0775	0.2239	0.1942	25.6500	95.0000	
-0.0774	0.2236	0.1941	25.6750	95.0500	
-0.0773	0.2230	0.1933	25.5000	94.8500	
-0.0771	0.2228	0.1935	25.4750	95.4500	
-0.0770	0.2214	0.1911	25.3750	94.5750	
-0.0769	0.2227	0.1938	25.3750	95.7250	
-0.0768	0.2211	0.1912	25.4250	94.0000	
-0.0768	0.2220	0.1929	25.5000	95.9500	
-0.0768	0.2208	0.1905	25.4750	94.8500	
-0.0769	0.2210	0.1908	25.3250	95.4250	
-0.0769	0.2206	0.1899	25.4500	95.0750	
-0.0770	0.2212	0.1908	25.5000	95.5500	
-0.0772	0.2205	0.1889	25.5500	94.4250	
-0.0774	0.2211	0.1893	25.5750	95.3500	
-0.0777	0.2204	0.1873	25.7000	94.5000	
-0.0781	0.2210	0.1875	25.9500	95.2500	
-0.0783	0.2210	0.1866	26.1750	94.3250	
-0.0785	0.2215	0.1870	26.4250	94.2500	
-0.0787	0.2219	0.1872	26.5750	93.5750	
-0.0788	0.2235	0.1900	26.6250	94.7250	
-0.0790	0.2233	0.1889	27.6250	93.2000	
-0.0791	0.2234	0.1888	27.4500	93.7500	
-0.0793	0.2237	0.1889	27.5500	93.7500	
-0.0794	0.2237	0.1887	27.7750	93.1500	
-0.0795	0.2251	0.1909	27.8000	94.1250	
-0.0797	0.2252	0.1905	28.1250	92.7000	
-0.0799	0.2271	0.1934	28.6750	94.1500	
-0.0803	0.2277	0.1935	29.7500	92.7750	
-0.0807	0.2298	0.1960	30.7250	93.1500	
-0.0820	0.2324	0.1974	32.7250	91.8250	
-0.0854	0.2378	0.1976	36.2750	91.7000	
-0.0876	0.2380	0.1919	34.8750	92.4000	
-0.0890	0.2342	0.1807	32.3000	93.1250	
-0.0898	0.2316	0.1736	31.4500	91.9750	
-0.0902	0.2315	0.1721	30.8250	93.0000	
-0.0895	0.2317	0.1744	31.5500	93.4000	
-0.0854	0.2284	0.1803	35.0000	92.8000	
-0.0810	0.2246	0.1856	38.9750	88.6000	
-0.0795	0.2227	0.1865	38.1250	88.5500	
-0.0797	0.2225	0.1856	37.5500	93.7000	
-0.0801	0.2223	0.1840	34.3500	90.6000	
-0.0806	0.2229	0.1837	34.1500	94.6000	
-0.0808	0.2241	0.1852	32.1750	91.2000	
-0.0812	0.2263	0.1883	34.2250	92.9500	
-0.0813	0.2285	0.1920	34.3750	91.8500	
-0.0814	0.2295	0.1937	34.3000	90.6250	
-0.0817	0.2303	0.1942	34.0000	91.3000	
-0.0819	0.2307	0.1944	34.0250	90.8250	
-0.0821	0.2311	0.1947	33.9750	91.1250	
-0.0824	0.2316	0.1947	34.5000	91.0250	
-0.0825	0.2313	0.1939	34.0000	90.1750	
-0.0827	0.2323	0.1950	34.1500	91.2500	
-0.0829	0.2330	0.1957	34.4000	90.7000	
-0.0831	0.2333	0.1958	34.1250	90.0500	
-0.0834	0.2342	0.1967	34.4500	90.7250	
-0.0835	0.2342	0.1965	33.4500	89.7750	
-0.0836	0.2344	0.1965	33.0500	90.7000	
-0.0837	0.2346	0.1966	33.3500	89.9000	
-0.0839	0.2350	0.1969	33.2750	89.9500	
-0.0839	0.2357	0.1981	33.5250	89.9000	
-0.0839	0.2366	0.1997	34.8250	89.5500	
-0.0839	0.2372	0.2009	35.3000	89.7250	
-0.0839	0.2372	0.2007	36.7000	88.7250	
-0.0840	0.2371	0.2005	36.1250	88.8500	
-0.0840	0.2371	0.2004	36.4250	89.0750	
-0.0840	0.2372	0.2006	36.4500	88.7500	
-0.0841	0.2374	0.2005	36.7500	88.2750	
-0.0839	0.2365	0.1995	36.5000	87.4500	
-0.0841	0.2364	0.1986	36.1500	88.8000	
-0.0843	0.2367	0.1989	36.6500	88.0750	
-0.0844	0.2368	0.1987	36.9500	88.3250	
-0.0845	0.2364	0.1976	36.9250	87.9500	
-0.0847	0.2358	0.1958	36.0500	88.0000	
-0.0848	0.2354	0.1949	35.9250	88.6750	
-0.0850	0.2356	0.1947	36.3750	88.1250	
-0.0855	0.2350	0.1921	36.3000	88.7500	
-0.0860	0.2345	0.1896	36.1750	88.9000	
-0.0861	0.2371	0.1944	37.5500	88.2000	
-0.0863	0.2384	0.1961	37.6000	87.2750	
-0.0867	0.2407	0.1993	40.3750	86.8750	
-0.0867	0.2390	0.1961	37.6750	87.8500	
-0.0868	0.2393	0.1965	37.0750	88.3250	
-0.0868	0.2399	0.1974	37.4500	87.7000	
-0.0869	0.2422	0.2014	41.3750	88.0750	
-0.0870	0.2406	0.1982	37.4000	87.8750	
-0.0872	0.2410	0.1986	37.2750	88.5500	
-0.0872	0.2401	0.1969	36.8750	88.6000	
-0.0872	0.2412	0.1986	37.2250	88.5500	
-0.0873	0.2417	0.1994	37.8000	87.9250	
-0.0874	0.2423	0.2002	38.5000	88.2000	
-0.0874	0.2408	0.1975	37.5250	88.1250	
-0.0875	0.2403	0.1964	37.3250	88.3750	
-0.0876	0.2403	0.1960	37.5750	88.2750	
-0.0877	0.2405	0.1961	38.0250	88.3250	
-0.0877	0.2401	0.1953	37.9000	88.1250	
-0.0878	0.2402	0.1952	39.0000	87.5750	
-0.0879	0.2401	0.1948	39.0750	87.4500	
-0.0880	0.2406	0.1955	39.1250	86.9750	
-0.0881	0.2412	0.1962	39.6250	86.2000	
-0.0882	0.2406	0.1948	38.8250	86.9250	
-0.0883	0.2404	0.1943	38.9500	86.7000	
-0.0883	0.2403	0.1939	39.0750	86.7250	
-0.0884	0.2408	0.1945	39.7500	86.1750	
-0.0885	0.2412	0.1950	40.3500	85.6250	
-0.0886	0.2407	0.1938	39.9250	85.7000	
-0.0887	0.2400	0.1923	39.5000	86.1500	
-0.0888	0.2400	0.1920	40.7500	85.6250	
-0.0889	0.2407	0.1930	40.5500	85.1750	
-0.0890	0.2409	0.1933	40.1250	85.3250	
-0.0891	0.2413	0.1936	41.7250	84.4750	
-0.0892	0.2415	0.1937	41.2750	84.1750	
-0.0893	0.2411	0.1928	40.6500	85.2000	
-0.0894	0.2417	0.1934	42.5500	83.9250	
-0.0894	0.2416	0.1931	41.0000	83.9750	
-0.0895	0.2409	0.1917	40.5500	84.7250	
-0.0897	0.2416	0.1923	42.2750	83.2000	
-0.0902	0.2426	0.1929	42.8000	82.3000	
-0.0907	0.2433	0.1928	43.3000	81.5250	
-0.0913	0.2428	0.1901	43.3000	81.4500	
-0.0921	0.2426	0.1874	42.8750	81.7000	
-0.0930	0.2425	0.1847	42.8000	81.6500	
-0.0945	0.2439	0.1831	43.4000	81.6000	
-0.0969	0.2456	0.1791	43.3250	81.5000	
-0.0980	0.2440	0.1731	44.2000	81.2500	
-0.0977	0.2408	0.1681	47.6500	81.6250	
-0.0984	0.2406	0.1659	49.0000	80.8500	
-0.0995	0.2418	0.1647	49.8750	79.1750	
-0.1004	0.2425	0.1634	50.6500	78.1250	
-0.1016	0.2428	0.1607	51.1500	77.2750	
-0.1025	0.2426	0.1576	50.8750	77.0500	
-0.1034	0.2420	0.1540	50.9750	77.1750	
-0.1042	0.2421	0.1519	50.8000	77.2250	
-0.1049	0.2410	0.1478	51.1750	77.6000	
-0.1056	0.2402	0.1442	51.5750	77.0750	
-0.1062	0.2396	0.1415	51.6250	77.3000	
-0.1067	0.2389	0.1387	51.8500	77.2250	
-0.1071	0.2378	0.1355	52.0750	77.2250	
-0.1075	0.2375	0.1340	52.4000	76.6500	
-0.1078	0.2382	0.1344	53.1250	76.5500	
-0.1083	0.2375	0.1318	53.3000	76.3000	
-0.1089	0.2375	0.1299	53.3000	76.5750	
-0.1095	0.2380	0.1290	53.8750	75.6000	
-0.1103	0.2374	0.1258	55.0750	74.8500	
-0.1111	0.2371	0.1229	55.5000	73.9500	
-0.1116	0.2348	0.1171	56.1000	73.3500	
-0.1122	0.2337	0.1134	56.7750	72.9250	
-0.1126	0.2328	0.1107	58.0250	71.7500	
-0.1129	0.2316	0.1076	58.7250	71.3000	
-0.1132	0.2299	0.1034	59.0750	71.5750	
-0.1135	0.2306	0.1040	58.5750	71.5000	
-0.1135	0.2300	0.1028	58.9500	71.3500	
-0.1136	0.2290	0.1009	58.9000	71.4000	
-0.1142	0.2289	0.0989	58.1750	72.2500	
-0.1148	0.2291	0.0976	58.4500	72.4750	
-0.1154	0.2310	0.0994	57.6000	73.1250	
-0.1163	0.2324	0.0993	57.2750	73.6750	
-0.1179	0.2366	0.1025	56.4500	74.3000	
-0.1203	0.2452	0.1116	55.2500	74.7250	
-0.1267	0.2591	0.1193	53.8250	75.7250	
-0.1333	0.2690	0.1187	53.2750	78.3000	
-0.1381	0.2701	0.1070	52.3750	83.4750	
-0.1397	0.2650	0.0929	52.6750	86.6000	
-0.1395	0.2605	0.0852	53.7500	85.7750	
-0.1390	0.2523	0.0716	56.1250	83.6250	
-0.1369	0.2444	0.0626	59.9250	83.0000	
-0.1344	0.2360	0.0543	65.3250	82.7000	
-0.1315	0.2302	0.0519	69.1250	81.0000	
-0.1287	0.2219	0.0445	72.7750	80.6250	
-0.1257	0.2166	0.0429	73.5250	79.5750	
-0.1234	0.2095	0.0365	74.2250	79.5250	
-0.1216	0.2063	0.0357	74.5750	78.9250	
-0.1207	0.2038	0.0335	75.1750	77.6500	
-0.1215	0.2057	0.0349	75.3750	76.1250	
-0.1231	0.2156	0.0486	74.7000	72.2250	
-0.1229	0.2268	0.0701	75.0250	69.1750	
-0.1223	0.2257	0.0697	74.0000	71.5000	
-0.1212	0.2185	0.0596	74.2500	76.5250	
-0.1206	0.2140	0.0528	72.1250	81.6500	
-0.1210	0.2120	0.0481	71.4500	83.2750	
-0.1215	0.2115	0.0457	69.8500	82.5750	
-0.1221	0.2117	0.0441	67.6000	82.4250	
-0.1227	0.2114	0.0418	66.3750	82.1250	
-0.1232	0.2118	0.0413	66.9500	81.9000	
-0.1237	0.2123	0.0409	67.0500	81.4750	
-0.1241	0.2126	0.0403	67.0250	81.5000	
-0.1245	0.2128	0.0393	65.8250	81.4250	
-0.1251	0.2131	0.0383	64.5000	81.4500	
-0.1256	0.2138	0.0381	64.3000	81.4500	
-0.1263	0.2148	0.0381	65.1500	81.3750	
-0.1272	0.2163	0.0383	65.0750	81.1000	
-0.1278	0.2172	0.0383	63.1750	80.8750	
-0.1284	0.2183	0.0386	62.4500	81.3750	
-0.1290	0.2188	0.0378	61.8500	81.4000	
-0.1295	0.2196	0.0378	61.3750	81.8000	
-0.1301	0.2201	0.0369	62.7750	81.7500	
-0.1306	0.2206	0.0367	63.0500	82.0250	
-0.1310	0.2212	0.0365	61.5750	82.4250	
-0.1314	0.2217	0.0364	60.4000	82.7000	
-0.1313	0.2227	0.0384	61.3250	82.8000	
-0.1317	0.2222	0.0365	63.5500	82.0000	
-0.1321	0.2225	0.0359	62.7750	82.4000	
-0.1322	0.2224	0.0354	61.8250	82.7250	
-0.1323	0.2227	0.0355	62.0000	82.6750	
-0.1323	0.2226	0.0354	61.8250	82.6500	
-0.1322	0.2222	0.0350	60.8500	82.2250	
-0.1321	0.2221	0.0352	59.5750	82.0750	
-0.1320	0.2214	0.0341	59.6000	81.5750	
-0.1317	0.2206	0.0334	59.2250	80.7500	
-0.1315	0.2202	0.0333	59.1500	79.8000	
-0.1312	0.2195	0.0328	60.3000	77.2250	
-0.1315	0.2198	0.0325	60.5250	74.6000	
-0.1323	0.2206	0.0317	60.1000	71.3250	
-0.1330	0.2216	0.0317	59.3250	68.9250	
-0.1336	0.2229	0.0322	58.3500	67.2250	
-0.1339	0.2233	0.0323	57.0750	65.2750	
-0.1336	0.2228	0.0319	56.1750	65.2750	
-0.1331	0.2209	0.0300	55.3000	66.2250	
-0.1328	0.2190	0.0272	58.1250	68.3750	
-0.1328	0.2180	0.0254	65.6500	71.9000	
-0.1331	0.2179	0.0246	67.6250	75.6500	
-0.1333	0.2187	0.0253	67.8250	78.4750	
-0.1335	0.2195	0.0262	67.1500	79.7500	
-0.1335	0.2200	0.0270	66.6000	81.9250	
-0.1337	0.2204	0.0274	64.6750	81.7500	
-0.1338	0.2205	0.0273	66.7250	82.9000	
-0.1338	0.2204	0.0270	66.5750	82.8000	
-0.1338	0.2203	0.0268	69.2750	83.0250	
-0.1338	0.2204	0.0268	66.3000	82.5250	
-0.1339	0.2205	0.0268	65.4750	82.5750	
-0.1339	0.2206	0.0270	65.2250	82.7250	
-0.1340	0.2206	0.0269	66.1250	82.0250	
-0.1340	0.2207	0.0270	67.6750	82.9500	
-0.1340	0.2205	0.0265	68.1500	82.1750	
-0.1339	0.2205	0.0268	66.8250	82.8500	
-0.1340	0.2205	0.0266	67.6750	82.0750	
-0.1340	0.2204	0.0265	66.9500	82.3750	
-0.1341	0.2205	0.0264	65.1000	81.2250	
-0.1339	0.2204	0.0266	65.6250	80.7250	
-0.1338	0.2203	0.0268	61.8000	80.1750	
-0.1334	0.2200	0.0274	61.2250	77.3000	
-0.1325	0.2194	0.0289	60.7750	74.5250	
-0.1319	0.2199	0.0316	64.2250	69.6750	
-0.1324	0.2226	0.0350	62.4250	66.3750	
-0.1333	0.2252	0.0373	54.5000	62.6000	
-0.1335	0.2265	0.0391	51.0500	59.8000	
-0.1336	0.2272	0.0402	48.2750	58.2750	
-0.1333	0.2268	0.0403	44.4250	57.6750	
-0.1329	0.2259	0.0398	43.8250	57.5250	
-0.1327	0.2251	0.0390	45.3500	57.6000	
-0.1326	0.2245	0.0382	46.1500	57.9500	
-0.1327	0.2242	0.0373	47.5250	58.0500	
-0.1327	0.2236	0.0362	49.1250	58.5000	
-0.1333	0.2242	0.0356	51.0000	59.0000	
-0.1345	0.2261	0.0355	50.3250	59.1250	
-0.1370	0.2320	0.0393	52.6500	59.4500	
-0.1427	0.2582	0.0718	59.6500	59.4250	
-0.1442	0.2748	0.0985	57.1750	59.4250	
-0.1407	0.2576	0.0764	48.9000	59.9500	
-0.1355	0.2498	0.0768	51.1250	62.6000	
-0.1323	0.2450	0.0770	50.2000	58.6000	
-0.1300	0.2399	0.0740	52.2500	58.9000	
-0.1294	0.2321	0.0615	51.6250	60.7500	
-0.1295	0.2300	0.0570	52.2500	63.3750	
-0.1311	0.2291	0.0508	55.7500	67.8250	
-0.1323	0.2272	0.0437	60.9250	73.5750	
-0.1331	0.2292	0.0455	60.4000	74.6000	
-0.1335	0.2291	0.0441	64.6000	80.7750	
-0.1334	0.2311	0.0479	64.5250	81.4750	
-0.1332	0.2293	0.0453	69.5250	84.9500	
-0.1333	0.2310	0.0482	68.7500	81.6500	
-0.1330	0.2323	0.0513	68.9250	82.0500	
-0.1330	0.2306	0.0483	65.4250	80.5500	
-0.1330	0.2320	0.0509	65.3000	74.2500	
-0.1328	0.2327	0.0527	62.8250	73.0750	
-0.1332	0.2333	0.0526	60.8500	70.2750	
-0.1333	0.2345	0.0546	61.5750	68.0500	
-0.1334	0.2341	0.0535	62.0000	68.6250	
-0.1334	0.2340	0.0535	62.2000	66.5000	
-0.1332	0.2325	0.0512	63.2000	67.3500	
-0.1328	0.2300	0.0477	65.5000	67.9750	
-0.1330	0.2292	0.0458	71.8500	69.3250	
-0.1329	0.2274	0.0426	66.3500	74.4000	
-0.1329	0.2278	0.0432	71.6250	73.9250	
-0.1331	0.2278	0.0427	69.8750	76.3000	
-0.1330	0.2266	0.0407	67.8250	77.4000	
-0.1327	0.2261	0.0407	70.8000	75.5500	
-0.1327	0.2259	0.0403	69.5750	76.7000	
-0.1328	0.2264	0.0410	68.9500	75.8500	
-0.1330	0.2260	0.0397	69.5000	76.3000	
-0.1326	0.2263	0.0414	70.2000	75.8000	
-0.1329	0.2256	0.0392	65.9250	78.3750	
-0.1329	0.2254	0.0387	70.8750	75.7500	
-0.1330	0.2256	0.0389	68.3250	74.4000	
-0.1331	0.2253	0.0382	65.6250	75.7500	
-0.1333	0.2254	0.0378	70.8250	74.4500	
-0.1330	0.2259	0.0394	68.7000	73.2750	
-0.1329	0.2245	0.0372	66.0500	77.0000	
-0.1332	0.2245	0.0364	69.7000	73.8000	
-0.1330	0.2246	0.0371	68.8250	73.7750	
-0.1331	0.2249	0.0373	69.0750	74.6750	
-0.1328	0.2255	0.0392	70.9250	73.1250	
-0.1330	0.2245	0.0369	67.4000	76.4500	
-0.1330	0.2240	0.0360	69.0250	74.2250	
-0.1331	0.2245	0.0366	68.7250	73.7750	
-0.1329	0.2243	0.0368	68.1000	74.4250	
-0.1330	0.2241	0.0361	70.5000	74.0500	
-0.1327	0.2246	0.0380	71.3000	72.0000	
-0.1330	0.2242	0.0365	68.8250	74.7500	
-0.1329	0.2241	0.0365	71.8250	73.2500	
-0.1333	0.2243	0.0358	69.4750	73.7000	
-0.1334	0.2240	0.0349	69.1500	73.0250	
-0.1335	0.2248	0.0361	71.3750	70.2250	
-0.1339	0.2251	0.0355	69.3250	70.6500	
-0.1340	0.2262	0.0374	71.2750	69.0750	
-0.1343	0.2261	0.0361	68.9500	69.5000	
-0.1348	0.2260	0.0346	69.7000	69.1250	
-0.1351	0.2270	0.0354	69.9000	68.6750	
-0.1354	0.2275	0.0355	69.2000	68.8500	
-0.1359	0.2294	0.0377	71.1750	68.4500	
-0.1364	0.2317	0.0405	68.7250	68.7750	
-0.1369	0.2333	0.0420	67.9000	68.1750	
-0.1373	0.2371	0.0480	67.9750	66.8750	
-0.1378	0.2373	0.0470	64.8250	67.0750	
-0.1389	0.2386	0.0463	65.9500	66.8000	
-0.1388	0.2453	0.0590	67.7500	66.6250	
-0.1400	0.2410	0.0475	62.7250	66.9000	
-0.1411	0.2439	0.0500	67.8750	66.0750	
-0.1410	0.2493	0.0600	64.8500	65.2500	
-0.1417	0.2492	0.0577	63.3250	64.5500	
-0.1423	0.2523	0.0618	64.0750	64.3750	
-0.1428	0.2476	0.0518	62.3500	63.9500	
-0.1428	0.2522	0.0603	63.6250	63.9250	
-0.1434	0.2465	0.0482	61.4250	63.3750	
-0.1441	0.2495	0.0516	62.4750	63.8250	
-0.1446	0.2467	0.0452	60.7750	63.4000	
-0.1444	0.2509	0.0535	62.1500	63.8250	
-0.1446	0.2466	0.0450	59.0750	62.6500	
-0.1450	0.2512	0.0523	60.4250	63.2500	
-0.1432	0.2439	0.0437	58.1750	63.0250	
-0.1443	0.2484	0.0490	62.3000	65.0750	
-0.1447	0.2435	0.0387	55.3500	62.6500	
-0.1450	0.2449	0.0406	60.3750	63.7750	
-0.1452	0.2437	0.0379	58.4750	63.2250	
-0.1451	0.2425	0.0358	57.4750	63.2250	
-0.1453	0.2445	0.0390	60.0750	63.4750	
-0.1450	0.2414	0.0341	57.8500	62.7500	
-0.1449	0.2430	0.0372	59.7000	63.8000	
-0.1451	0.2408	0.0325	58.2750	62.8500	
-0.1451	0.2421	0.0350	59.3250	63.5750	
-0.1453	0.2407	0.0318	57.2500	63.1250	
-0.1448	0.2396	0.0312	61.2250	63.8000	
-0.1450	0.2391	0.0297	60.5750	63.7750	
-0.1449	0.2392	0.0303	60.9500	63.9750	
-0.1451	0.2392	0.0298	59.5750	64.0000	
-0.1449	0.2375	0.0271	61.5250	64.4750	
-0.1448	0.2383	0.0288	62.5500	65.2500	
-0.1448	0.2375	0.0273	61.7000	64.6500	
-0.1449	0.2377	0.0273	62.5500	64.7500	
-0.1447	0.2382	0.0289	62.1000	65.1250	
-0.1447	0.2366	0.0261	62.4000	65.0000	
-0.1449	0.2364	0.0251	64.8000	65.6000	
-0.1447	0.2370	0.0267	62.9500	65.5750	
-0.1446	0.2357	0.0246	62.6000	65.5000	
-0.1447	0.2359	0.0248	65.2000	66.2250	
-0.1445	0.2365	0.0263	64.4750	66.6250	
-0.1445	0.2351	0.0238	63.5000	66.1750	
-0.1444	0.2356	0.0251	65.7250	66.9250	
-0.1445	0.2347	0.0230	63.2500	66.6750	
-0.1443	0.2347	0.0236	65.5750	67.0250	
-0.1443	0.2341	0.0224	66.3250	67.0250	
-0.1442	0.2339	0.0225	66.6250	67.6000	
-0.1441	0.2342	0.0232	65.8500	67.7750	
-0.1441	0.2334	0.0218	65.8750	67.8500	
-0.1443	0.2342	0.0226	67.2000	68.3750	
-0.1443	0.2342	0.0228	64.8250	68.1500	
-0.1440	0.2335	0.0221	66.1000	68.2750	
-0.1442	0.2344	0.0233	66.1250	68.9000	
-0.1437	0.2322	0.0208	65.7250	68.9250	
-0.1440	0.2336	0.0225	67.6250	68.9500	
-0.1441	0.2329	0.0209	65.0250	68.9500	
-0.1440	0.2320	0.0195	66.1500	69.7500	
-0.1438	0.2321	0.0201	67.3750	69.7000	
-0.1438	0.2327	0.0211	66.7250	69.4250	
-0.1438	0.2326	0.0211	66.3250	69.9250	
-0.1438	0.2316	0.0193	67.2000	70.5750	
-0.1437	0.2325	0.0211	67.3500	70.1000	
-0.1436	0.2316	0.0199	66.2000	70.5250	
-0.1433	0.2324	0.0222	67.8000	70.3250	
-0.1434	0.2308	0.0189	66.2000	71.3000	
-0.1434	0.2317	0.0206	66.5250	70.5750	
-0.1435	0.2312	0.0193	65.1500	70.8500	
-0.1433	0.2307	0.0190	66.1500	71.1000	
-0.1432	0.2303	0.0185	66.2250	71.1750	
-0.1432	0.2305	0.0189	66.9500	70.9500	
-0.1431	0.2308	0.0196	65.7250	71.2250	
-0.1431	0.2299	0.0182	65.9500	71.6500	
-0.1430	0.2300	0.0186	67.6750	71.3500	
-0.1430	0.2299	0.0186	67.4500	71.2500	
-0.1430	0.2302	0.0189	67.8250	71.7000	
-0.1430	0.2297	0.0179	68.5250	71.6000	
-0.1430	0.2300	0.0185	68.6000	71.5250	
-0.1430	0.2296	0.0179	68.4500	71.6750	
-0.1430	0.2296	0.0179	69.1750	71.8250	
-0.1429	0.2297	0.0183	69.1500	71.6250	
-0.1428	0.2292	0.0176	69.1000	72.0750	
-0.1427	0.2295	0.0184	69.4500	71.7750	
-0.1428	0.2292	0.0175	69.2000	72.3250	
-0.1427	0.2298	0.0191	69.5250	72.0000	
-0.1427	0.2291	0.0177	69.1750	72.3750	
-0.1427	0.2289	0.0174	69.5250	72.4000	
-0.1426	0.2290	0.0179	69.3000	72.0750	
-0.1426	0.2290	0.0179	69.1750	72.3500	
-0.1426	0.2291	0.0180	69.6000	72.6750	
-0.1425	0.2288	0.0176	69.3750	72.7750	
-0.1424	0.2287	0.0178	69.8000	72.6000	
-0.1426	0.2293	0.0184	68.9250	72.5500	
-0.1425	0.2289	0.0178	69.2750	72.6750	
-0.1425	0.2297	0.0194	69.6000	72.2250	
-0.1424	0.2285	0.0176	69.1750	72.8750	
-0.1424	0.2288	0.0180	69.6000	72.8250	
-0.1423	0.2284	0.0178	69.4000	72.9500	
-0.1422	0.2286	0.0182	69.3750	72.6750	
-0.1422	0.2286	0.0181	69.4250	72.6750	
-0.1423	0.2288	0.0184	69.5500	72.7500	
-0.1422	0.2284	0.0179	69.4750	73.0750	
-0.1421	0.2287	0.0187	69.8750	73.2000	
-0.1421	0.2282	0.0179	69.6000	73.3750	
-0.1421	0.2288	0.0189	69.4750	72.9250	
-0.1419	0.2281	0.0183	69.4000	73.2750	
-0.1419	0.2289	0.0197	69.7750	72.5250	
-0.1419	0.2283	0.0186	69.2000	73.2250	
-0.1420	0.2283	0.0182	69.6500	73.1750	
-0.1419	0.2280	0.0179	69.4750	73.3000	
-0.1419	0.2279	0.0179	69.7500	73.3500	
-0.1419	0.2281	0.0183	69.5500	73.2750	
-0.1418	0.2281	0.0186	69.7250	73.3500	
-0.1418	0.2279	0.0180	69.6000	73.3750	
-0.1416	0.2281	0.0188	69.8750	73.2000	
-0.1416	0.2276	0.0181	69.3750	73.5500	
-0.1416	0.2283	0.0195	70.1500	73.1250	
-0.1417	0.2281	0.0187	69.2750	73.4250	
-0.1416	0.2275	0.0179	69.6000	73.4000	
-0.1416	0.2280	0.0189	69.3750	73.1750	
-0.1414	0.2275	0.0186	69.4250	73.5500	
-0.1414	0.2274	0.0182	70.0500	73.6250	
-0.1414	0.2272	0.0180	69.6500	73.7500	
-0.1412	0.2274	0.0188	70.0250	73.1750	
-0.1413	0.2273	0.0184	69.2250	73.3250	
-0.1411	0.2271	0.0187	70.2500	72.6750	
-0.1414	0.2274	0.0184	69.3000	73.0000	
-0.1412	0.2269	0.0179	69.4250	73.1500	
-0.1413	0.2268	0.0175	69.5250	73.1500	
-0.1413	0.2270	0.0181	68.6000	73.1250	
-0.1412	0.2269	0.0178	69.7250	73.4500	
-0.1411	0.2271	0.0187	69.8750	73.4750	
-0.1410	0.2265	0.0176	69.5250	73.4750	
-0.1411	0.2269	0.0182	69.4750	73.2000	
-0.1411	0.2271	0.0187	69.3250	73.1250	
-0.1410	0.2273	0.0192	69.2250	73.2750	
-0.1410	0.2269	0.0185	69.3000	73.6750	
-0.1410	0.2267	0.0181	69.5000	73.7000	
-0.1409	0.2269	0.0187	68.5500	73.3500	
-0.1409	0.2269	0.0188	69.4250	73.1250	
-0.1408	0.2267	0.0186	69.0750	73.1750	
-0.1409	0.2264	0.0180	69.5500	73.3000	
-0.1409	0.2264	0.0179	69.1000	73.2500	
-0.1408	0.2265	0.0184	68.9250	73.2250	
-0.1408	0.2266	0.0185	69.1500	73.1250	
-0.1408	0.2267	0.0188	69.0500	73.2000	
-0.1407	0.2266	0.0189	69.2750	73.4750	
-0.1405	0.2266	0.0196	69.4500	73.4250	
-0.1404	0.2260	0.0187	69.3500	73.5000	
-0.1404	0.2271	0.0206	69.3500	72.7000	
-0.1404	0.2265	0.0193	68.3750	73.4250	
-0.1405	0.2270	0.0202	70.2750	73.1750	
-0.1406	0.2264	0.0187	68.3500	73.9000	
-0.1405	0.2270	0.0200	69.7250	73.1500	
-0.1404	0.2266	0.0198	67.7250	73.4500	
-0.1401	0.2264	0.0200	69.6000	73.3000	
-0.1403	0.2268	0.0204	68.3750	72.9500	
-0.1402	0.2260	0.0191	68.5250	73.4250	
-0.1402	0.2259	0.0189	68.8000	73.3500	
-0.1401	0.2264	0.0202	68.4750	73.0000	
-0.1401	0.2262	0.0199	68.8500	73.2250	
-0.1403	0.2262	0.0194	68.7250	73.2500	
-0.1402	0.2257	0.0187	68.6750	73.3750	
-0.1401	0.2265	0.0204	68.8500	72.9750	
-0.1402	0.2261	0.0193	68.0250	73.4500	
-0.1404	0.2260	0.0187	69.2500	73.1500	
-0.1400	0.2264	0.0205	68.2000	73.2500	
-0.1399	0.2255	0.0191	68.6000	73.7500	
-0.1400	0.2260	0.0198	69.0000	73.1750	
-0.1400	0.2256	0.0190	68.7250	73.5000	
-0.1400	0.2258	0.0195	68.5500	73.3750	
-0.1401	0.2259	0.0193	68.8750	73.3750	
-0.1399	0.2255	0.0191	68.5250	73.4000	
-0.1398	0.2256	0.0196	68.9000	73.1250	
-0.1397	0.2253	0.0192	68.2000	73.3250	
-0.1398	0.2256	0.0196	68.7000	73.1750	
-0.1398	0.2254	0.0192	68.2500	73.5750	
-0.1398	0.2258	0.0198	68.9750	73.1750	
-0.1397	0.2253	0.0194	68.3000	73.5250	
-0.1399	0.2260	0.0198	68.9500	73.1500	
-0.1397	0.2256	0.0198	68.1000	73.3500	
-0.1400	0.2256	0.0192	68.9500	73.5500	
-0.1397	0.2259	0.0202	68.1250	73.3000	
-0.1397	0.2255	0.0198	68.6250	73.4500	
-0.1397	0.2255	0.0198	68.3750	73.5500	
-0.1396	0.2253	0.0195	68.8000	73.6250	
-0.1399	0.2263	0.0207	67.1250	73.3000	
-0.1399	0.2258	0.0195	67.6500	73.6500	
-0.1394	0.2267	0.0227	68.3750	73.2750	
-0.1393	0.2253	0.0205	67.6500	73.6500	
-0.1392	0.2264	0.0227	68.9750	73.1000	
-0.1395	0.2254	0.0201	66.6750	73.6750	
-0.1393	0.2256	0.0210	68.4250	73.0250	
-0.1393	0.2251	0.0201	66.7500	73.4250	
-0.1401	0.2261	0.0198	67.5750	73.1000	
-0.1392	0.2264	0.0227	66.8000	72.7250	
-0.1388	0.2246	0.0206	67.6500	73.3250	
-0.1392	0.2250	0.0202	68.8750	72.8000	
-0.1390	0.2246	0.0198	67.0500	73.4750	
-0.1390	0.2252	0.0210	68.1500	72.8500	
-0.1393	0.2250	0.0200	68.2250	73.4000	
-0.1394	0.2251	0.0198	67.4750	73.4750	
-0.1391	0.2248	0.0201	67.4750	73.1000	
-0.1392	0.2245	0.0193	67.6000	73.3250	
-0.1394	0.2251	0.0198	67.3000	73.2750	
-0.1392	0.2249	0.0199	68.0750	73.3500	
-0.1392	0.2255	0.0211	67.9000	73.1250	
-0.1390	0.2242	0.0194	67.5500	73.6750	
-0.1391	0.2248	0.0201	68.5000	73.1500	
-0.1392	0.2253	0.0207	66.3000	73.3000	
-0.1391	0.2255	0.0213	68.1250	73.3250	
-0.1389	0.2246	0.0202	67.2500	73.5750	
-0.1390	0.2245	0.0197	68.0000	73.6500	
-0.1389	0.2250	0.0210	67.5500	73.3750	
0.3933	50.0250	0.4550	50.0000	
0.3698	50.0750	0.4329	50.0000	
0.3483	50.1750	0.4118	50.0000	
0.3278	50.1750	0.3915	50.0000	
0.3101	50.1250	0.3718	50.0000	
0.2943	50.0500	0.3524	50.1250	
0.2814	50.0500	0.3331	63.7750	
0.2708	50.1250	0.3162	75.9500	
0.2628	50.2000	0.3022	74.5250	
0.2572	50.2750	0.2913	68.7000	
0.2539	50.3750	0.2829	66.0500	
0.2515	50.4000	0.2770	65.9250	
0.2504	50.5250	0.2720	68.1500	
0.2498	50.1750	0.2674	71.7250	
0.2496	48.6500	0.2630	74.2750	
0.2495	43.0750	0.2584	75.6250	
0.2495	42.5000	0.2531	76.2000	
0.2495	42.6500	0.2469	76.3500	
0.2494	42.2500	0.2402	76.8000	
0.2494	42.2750	0.2339	76.7500	
0.2494	42.0000	0.2283	76.9000	
0.2493	42.7000	0.2240	76.7500	
0.2492	41.4000	0.2202	76.8750	
0.2492	42.0250	0.2168	76.8500	
0.2492	41.7750	0.2137	76.5250	
0.2491	41.7750	0.2108	76.4750	
0.2491	41.6250	0.2080	76.5500	
0.2491	41.5750	0.2054	76.2000	
0.2491	41.4500	0.2029	75.9250	
0.2490	41.5750	0.2006	75.7750	
0.2490	41.2750	0.1983	75.2250	
0.2490	42.4750	0.1962	75.1000	
0.2490	41.6750	0.1941	74.9250	
0.2490	41.8250	0.1920	74.8250	
0.2489	41.5000	0.1900	74.4500	
0.2489	43.0000	0.1880	74.3250	
0.2489	41.8000	0.1861	73.9750	
0.2489	41.4000	0.1842	73.8000	
0.2489	41.8000	0.1822	73.8750	
0.2489	40.8500	0.1802	73.4750	
0.2489	41.6500	0.1778	73.2500	
0.2489	41.5000	0.1758	73.2000	
0.2488	41.1000	0.1737	73.1250	
0.2488	41.2250	0.1718	73.2750	
0.2488	41.5500	0.1700	73.2750	
0.2488	41.2750	0.1683	73.3500	
0.2488	41.0000	0.1667	73.3000	
0.2488	41.8500	0.1651	73.3250	
0.2487	41.9500	0.1637	73.4750	
0.2488	40.8250	0.1623	73.4250	
0.2487	40.8250	0.1611	73.4250	
0.2487	42.0250	0.1599	73.3750	
0.2487	41.0750	0.1589	73.2250	
0.2487	41.7750	0.1580	73.1500	
0.2487	40.5750	0.1571	73.3250	
0.2487	41.9250	0.1563	73.2250	
0.2486	41.5750	0.1556	73.1250	
0.2486	40.5000	0.1550	73.1000	
0.2486	40.3000	0.1545	73.1250	
0.2486	40.1000	0.1540	73.2500	
0.2486	40.7000	0.1536	73.0750	
0.2486	40.5250	0.1532	73.1000	
0.2486	40.2500	0.1529	73.1000	
0.2486	41.3500	0.1526	73.1250	
0.2485	40.3500	0.1524	72.9750	
0.2486	40.6250	0.1521	73.2000	
0.2486	39.8750	0.1519	72.9000	
0.2485	40.4000	0.1517	73.0000	
0.2485	41.5500	0.1515	72.9750	
0.2485	41.7750	0.1514	73.0500	
0.2485	39.9250	0.1512	72.8750	
0.2485	39.6500	0.1511	73.0000	
0.2484	39.5500	0.1509	72.8750	
0.2485	40.6500	0.1508	73.0000	
0.2484	39.7500	0.1506	73.0000	
0.2484	39.9250	0.1505	72.9250	
0.2484	39.7000	0.1504	73.0500	
0.2484	40.3250	0.1504	72.8250	
0.2483	40.3250	0.1502	73.0250	
0.2483	39.5250	0.1500	72.8250	
0.2483	40.8250	0.1499	72.9750	
0.2483	40.6250	0.1498	72.9750	
0.2483	38.6250	0.1497	73.0750	
0.2483	38.4000	0.1496	73.0000	
0.2482	38.5500	0.1496	72.9750	
0.2482	39.2000	0.1494	72.8500	
0.2482	38.7750	0.1492	73.2250	
0.2482	39.2000	0.1491	72.9000	
0.2482	40.8250	0.1490	73.1000	
0.2482	40.5750	0.1489	72.9250	
0.2482	38.8250	0.1488	73.0000	
0.2481	38.9000	0.1487	73.1000	
0.2481	39.0500	0.1486	73.0000	
0.2481	41.7750	0.1484	72.9750	
0.2481	39.4500	0.1483	72.9750	
0.2480	37.5500	0.1482	73.0250	
0.2480	37.9000	0.1481	72.9750	
0.2480	38.0000	0.1480	73.0250	
0.2480	37.7250	0.1478	73.1000	
0.2480	40.0000	0.1477	73.0250	
0.2479	39.4500	0.1476	72.9750	
0.2479	38.4500	0.1475	73.0000	
0.2479	36.9000	0.1474	72.9750	
0.2479	37.3250	0.1473	72.9500	
0.2479	38.6750	0.1471	72.9250	
0.2478	39.0500	0.1470	72.9250	
0.2478	36.8250	0.1469	72.9250	
0.2478	37.2500	0.1468	72.9500	
0.2478	40.4750	0.1466	72.9000	
0.2478	40.0250	0.1465	72.8000	
0.2477	37.7000	0.1464	72.9250	
0.2477	37.6000	0.1463	72.8750	
0.2477	37.6750	0.1461	72.8500	
0.2476	40.2000	0.1460	72.8000	
0.2476	38.3250	0.1458	72.9000	
0.2476	38.3500	0.1458	72.8500	
0.2476	36.7000	0.1457	72.7250	
0.2475	35.9750	0.1455	72.7750	
0.2475	38.6000	0.1454	72.7500	
0.2475	35.2000	0.1453	72.7250	
0.2474	34.7000	0.1451	72.7750	
0.2474	35.3000	0.1450	72.8000	
0.2474	37.8250	0.1448	72.7500	
0.2474	39.5500	0.1446	72.6750	
0.2473	36.7250	0.1445	72.7000	
0.2473	34.8500	0.1443	72.6750	
0.2473	35.7500	0.1442	72.6500	
0.2473	35.9250	0.1441	72.6750	
0.2472	34.8750	0.1439	72.8000	
0.2472	35.6000	0.1437	72.6500	
0.2471	35.8000	0.1436	72.6500	
0.2471	36.9750	0.1434	72.6250	
0.2470	37.0500	0.1433	72.6750	
0.2470	33.6500	0.1431	72.7750	
0.2470	32.9250	0.1430	72.6250	
0.2469	35.6750	0.1428	72.5500	
0.2469	35.5500	0.1426	72.6500	
0.2469	37.0250	0.1425	72.5000	
0.2468	36.2750	0.1423	72.7750	
0.2468	33.7000	0.1421	72.7500	
0.2468	32.0750	0.1420	72.4000	
0.2467	34.8250	0.1418	72.4750	
0.2467	40.4250	0.1415	72.5500	
0.2466	36.9000	0.1414	72.8000	
0.2466	31.5250	0.1413	72.7750	
0.2465	31.0500	0.1411	72.6000	
0.2465	34.1750	0.1408	72.7750	
0.2464	37.8250	0.1407	72.6750	
0.2464	33.4500	0.1404	72.7750	
0.2464	32.8750	0.1402	72.7000	
0.2463	35.2250	0.1401	72.7250	
0.2463	33.4500	0.1399	72.7000	
0.2462	30.2000	0.1397	72.6000	
0.2462	32.3000	0.1394	72.8000	
0.2461	36.8750	0.1392	72.6750	
0.2460	34.3250	0.1390	72.7500	
0.2460	30.1250	0.1388	72.6750	
0.2460	33.0000	0.1386	72.7000	
0.2459	37.0500	0.1383	72.7500	
0.2458	30.6750	0.1381	72.7000	
0.2458	30.8000	0.1379	72.6500	
0.2457	30.0500	0.1376	72.7500	
0.2457	33.0750	0.1374	72.7000	
0.2456	32.2750	0.1371	72.6500	
0.2456	30.5250	0.1369	72.6000	
0.2455	30.2250	0.1366	72.6250	
0.2455	29.7250	0.1365	72.5750	
0.2454	32.2250	0.1362	72.6250	
0.2454	35.5250	0.1359	72.6500	
0.2453	29.7250	0.1355	72.6000	
0.2452	27.6250	0.1353	72.5750	
0.2451	29.4000	0.1350	72.5250	
0.2450	32.3250	0.1347	72.4000	
0.2450	35.6500	0.1345	72.3500	
0.2449	28.3250	0.1341	72.5000	
0.2448	28.8500	0.1339	72.5000	
0.2448	31.2750	0.1333	72.4750	
0.2447	27.4750	0.1331	72.4750	
0.2446	27.3750	0.1328	72.3250	
0.2445	31.5750	0.1324	72.4500	
0.2444	30.4500	0.1321	72.3500	
0.2444	27.7750	0.1317	72.4000	
0.2443	28.2750	0.1314	72.3500	
0.2442	27.4000	0.1310	72.3250	
0.2441	28.1000	0.1308	72.2250	
0.2441	32.7750	0.1302	72.1750	
0.2439	27.5500	0.1299	72.1500	
0.2438	26.5500	0.1295	72.2500	
0.2437	26.6500	0.1291	72.1500	
0.2436	27.5250	0.1288	72.3500	
0.2436	27.3750	0.1286	72.1500	
0.2435	30.8250	0.1281	72.0750	
0.2434	27.2500	0.1277	72.1750	
0.2433	26.8250	0.1272	72.2500	
0.2432	31.8000	0.1267	72.2000	
0.2431	28.4500	0.1264	72.1000	
0.2430	26.9750	0.1260	72.1000	
0.2429	27.3500	0.1259	72.1500	
0.2427	28.9500	0.1252	72.1500	
0.2426	26.6250	0.1247	72.0000	
0.2425	26.3500	0.1243	71.9250	
0.2424	26.9000	0.1238	72.1000	
0.2423	29.8500	0.1233	72.0250	
0.2422	26.6750	0.1229	72.0500	
0.2421	25.8000	0.1224	71.9750	
0.2419	26.2500	0.1220	71.9750	
0.2418	30.4250	0.1217	71.8750	
0.2416	27.3250	0.1211	72.0000	
0.2415	26.2000	0.1205	72.0250	
0.2414	25.6250	0.1201	71.9000	
0.2414	30.9500	0.1197	71.8750	
0.2412	28.3750	0.1192	71.8250	
0.2410	25.5750	0.1186	71.8250	
0.2409	28.8750	0.1181	71.8750	
0.2407	27.8500	0.1179	71.7750	
0.2407	25.8000	0.1173	71.8250	
0.2404	25.5250	0.1166	71.9750	
0.2403	32.5750	0.1164	71.7250	
0.2401	28.0250	0.1155	71.8750	
0.2400	25.6000	0.1150	71.6250	
0.2398	27.4000	0.1144	71.7750	
0.2396	26.4750	0.1138	71.7750	
0.2395	26.9250	0.1132	71.7500	
0.2393	27.0750	0.1126	71.7500	
0.2392	27.1250	0.1115	71.6500	
0.2391	26.5000	0.1107	71.6500	
0.2388	28.0750	0.1096	71.6250	
0.2387	27.4000	0.1086	71.6250	
0.2384	26.0000	0.1078	71.5000	
0.2383	27.5750	0.1065	71.5750	
0.2381	26.6000	0.1053	71.5250	
0.2379	26.3750	0.1041	71.6250	
0.2377	25.7750	0.1029	71.6000	
0.2375	25.7500	0.1017	71.5500	
0.2374	27.9500	0.1005	71.4250	
0.2372	27.0250	0.0993	71.4750	
0.2370	26.0500	0.0983	71.5000	
0.2368	27.4000	0.0968	71.3250	
0.2365	27.9000	0.0951	71.5750	
0.2363	26.9250	0.0937	71.4500	
0.2362	25.3500	0.0922	71.4250	
0.2358	27.8750	0.0906	71.5000	
0.2358	27.7000	0.0897	71.4500	
0.2355	26.5000	0.0880	71.4250	
0.2352	27.9500	0.0862	71.3500	
0.2350	25.7250	0.0847	71.4250	
0.2348	25.8500	0.0831	71.3250	
0.2346	26.4000	0.0820	71.4250	
0.2343	26.5750	0.0808	71.3750	
0.2341	27.9500	0.0787	71.3750	
0.2338	26.0750	0.0776	71.2500	
0.2336	25.6500	0.0759	71.3750	
0.2334	29.0500	0.0743	71.4500	
0.2332	26.1250	0.0730	71.3750	
0.2330	25.6750	0.0729	71.3750	
0.2328	31.1500	0.0703	71.2750	
0.2324	25.7750	0.0688	71.3000	
0.2320	26.3000	0.0675	71.2750	
0.2318	28.3250	0.0661	71.5250	
0.2315	25.9000	0.0647	71.3250	
0.2312	26.1750	0.0633	71.3250	
0.2310	25.7750	0.0619	71.3000	
0.2307	26.5250	0.0606	71.3500	
0.2304	26.5750	0.0593	71.4250	
0.2301	26.1000	0.0585	71.3750	
0.2298	25.3000	0.0577	71.4500	
0.2295	25.8500	0.0564	71.4250	
0.2293	26.7250	0.0548	71.4000	
0.2291	25.7000	0.0535	71.3000	
0.2286	26.2750	0.0525	71.4000	
0.2284	27.0000	0.0512	71.5000	
0.2283	25.4750	0.0507	71.4250	
0.2277	27.5750	0.0491	71.5250	
0.2274	25.9000	0.0479	71.4500	
0.2271	25.4750	0.0468	71.4750	
0.2268	25.3750	0.0458	71.5750	
0.2264	25.7250	0.0449	71.4500	
0.2261	27.0000	0.0443	71.5500	
0.2258	26.1000	0.0435	71.5750	
0.2255	25.5500	0.0425	71.5250	
0.2251	25.3250	0.0412	71.5000	
0.2247	25.5750	0.0404	71.6250	
0.2245	27.7000	0.0392	71.4750	
0.2241	24.9000	0.0385	71.6000	
0.2236	25.5500	0.0376	71.6750	
0.2233	25.8750	0.0369	71.5500	
0.2230	25.8250	0.0360	71.6500	
0.2225	25.3000	0.0352	71.6500	
0.2223	26.8250	0.0347	71.6500	
0.2219	25.2000	0.0338	71.7250	
0.2214	25.5750	0.0330	71.6500	
0.2208	27.1750	0.0324	71.7500	
0.2204	25.1500	0.0316	71.6750	
0.2198	25.2000	0.0309	71.7250	
0.2195	25.2250	0.0303	71.7250	
0.2188	26.5250	0.0297	71.7500	
0.2182	25.6750	0.0290	71.7750	
0.2177	26.3750	0.0283	71.7750	
0.2171	25.1250	0.0277	71.7250	
0.2163	25.3750	0.0271	71.8000	
0.2158	25.7750	0.0265	71.8500	
0.2153	25.4500	0.0260	71.8500	
0.2146	25.1250	0.0255	71.8500	
0.2140	25.6500	0.0249	71.8500	
0.2133	25.5250	0.0244	71.8500	
0.2129	26.4000	0.0239	72.0000	
0.2122	25.0000	0.0234	71.8500	
0.2117	26.4750	0.0229	71.9500	
0.2109	24.9250	0.0224	71.9500	
0.2103	26.0750	0.0221	71.9500	
0.2096	24.8250	0.0216	71.9000	
0.2091	25.8750	0.0212	72.0750	
0.2084	25.1000	0.0208	71.9250	
0.2076	26.1000	0.0204	72.1250	
0.2069	25.2500	0.0200	72.0250	
0.2064	25.2250	0.0196	72.1000	
0.2060	25.4000	0.0193	72.0000	
0.2052	26.2000	0.0190	72.1500	
0.2045	25.1000	0.0188	71.9500	
0.2039	26.0000	0.0183	72.1500	
0.2033	25.6750	0.0180	72.1750	
0.2024	25.0750	0.0176	72.1750	
0.2019	25.4750	0.0173	72.0750	
0.2013	25.2250	0.0171	72.2750	
0.2005	25.3250	0.0168	72.1750	
0.2002	25.5500	0.0165	72.2250	
0.1994	25.9250	0.0163	72.1250	
0.1986	25.2750	0.0159	72.2750	
0.1980	25.2500	0.0157	72.2750	
0.1974	25.2500	0.0155	72.2000	
0.1967	25.4000	0.0153	72.2750	
0.1961	25.5000	0.0150	72.3500	
0.1956	24.8500	0.0148	72.4000	
0.1952	25.7000	0.0146	72.4250	
0.1943	25.2500	0.0146	72.2500	
0.1937	25.4000	0.0145	72.4000	
0.1933	25.6000	0.0143	72.5000	
0.1925	25.1000	0.0140	72.3500	
0.1919	25.5500	0.0138	72.5000	
0.1912	25.1750	0.0137	72.5250	
0.1906	25.4750	0.0135	72.6500	
0.1901	25.3750	0.0133	72.5000	
0.1899	25.8250	0.0131	72.6250	
0.1893	25.8000	0.0130	72.5500	
0.1893	26.0000	0.0128	72.4750	
0.1878	25.4250	0.0128	72.7250	
0.1873	25.1250	0.0127	72.5250	
0.1867	25.4500	0.0127	72.6750	
0.1863	25.7250	0.0124	72.6000	
0.1861	26.0250	0.0122	72.8250	
0.1859	25.6000	0.0121	72.5500	
0.1854	25.3750	0.0120	72.8250	
0.1841	25.4500	0.0120	72.5500	
0.1835	25.4250	0.0119	72.8750	
0.1832	25.3750	0.0117	72.7500	
0.1825	25.3500	0.0117	72.8250	
0.1820	25.2500	0.0116	72.7500	
0.1817	25.4250	0.0116	72.7750	
0.1811	25.3500	0.0115	72.8250	
0.1807	25.1250	0.0113	72.9000	
0.1801	25.4000	0.0113	72.8750	
0.1798	25.2750	0.0113	72.9000	
0.1791	24.9500	0.0113	72.8250	
0.1789	25.1500	0.0112	72.9250	
0.1783	24.9250	0.0111	72.9000	
0.1781	25.2500	0.0111	72.8750	
0.1775	26.0000	0.0109	72.9250	
0.1770	25.0750	0.0108	72.9750	
0.1769	24.9500	0.0108	72.9750	
0.1763	25.9750	0.0107	72.9500	
0.1756	25.3250	0.0107	72.9250	
0.1753	25.1500	0.0106	73.0000	
0.1751	24.9000	0.0105	72.9000	
0.1746	25.3500	0.0105	73.0250	
0.1739	25.1000	0.0104	73.0000	
0.1734	25.0750	0.0104	73.0750	
0.1732	25.3250	0.0104	72.9750	
0.1734	25.4250	0.0103	73.0500	
0.1730	25.4000	0.0102	73.0750	
0.1720	25.1000	0.0102	73.0750	
0.1719	25.6250	0.0101	73.0750	
0.1711	25.2250	0.0101	73.0750	
0.1708	25.5250	0.0101	73.1000	
0.1704	25.1750	0.0101	73.0750	
0.1703	25.2500	0.0101	73.0750	
0.1697	25.0250	0.0100	73.1250	
0.1693	25.2250	0.0099	73.0750	
0.1690	25.4250	0.0099	73.1500	
0.1690	25.7000	0.0099	73.1000	
0.1681	25.1500	0.0099	73.1500	
0.1681	25.5750	0.0099	73.1750	
0.1681	25.2750	0.0098	73.1750	
0.1677	25.8250	0.0098	73.2000	
0.1670	24.9500	0.0097	73.1500	
0.1666	25.1500	0.0098	73.1000	
0.1663	25.2000	0.0097	73.2000	
0.1660	25.4250	0.0097	73.1750	
0.1658	25.1000	0.0097	73.2000	
0.1656	25.5000	0.0096	73.2500	
0.1650	25.1750	0.0097	73.1750	
0.1650	25.5500	0.0096	73.3750	
0.1645	25.4000	0.0096	73.2250	
0.1644	25.3750	0.0097	73.1750	
0.1641	25.3500	0.0096	73.2250	
0.1638	25.4250	0.0095	73.2500	
0.1636	25.3750	0.0095	73.2750	
0.1632	25.3750	0.0094	73.3250	
0.1629	25.6500	0.0094	73.3000	
0.1627	25.2500	0.0094	73.3250	
0.1622	25.0500	0.0094	73.3500	
0.1623	25.4250	0.0094	73.3500	
0.1620	25.4250	0.0093	73.4000	
0.1618	25.6000	0.0093	73.3500	
0.1617	25.0500	0.0093	73.4000	
0.1612	24.9750	0.0093	73.4000	
0.1610	25.4750	0.0093	73.3750	
0.1607	25.6250	0.0094	73.4000	
0.1606	25.4000	0.0093	73.5000	
0.1603	25.4750	0.0092	73.3750	
0.1601	25.4250	0.0092	73.3750	
0.1599	25.3500	0.0092	73.5750	
0.1595	25.3000	0.0092	73.4250	
0.1594	25.5500	0.0092	73.4250	
0.1596	25.5250	0.0093	73.4500	
0.1590	25.7500	0.0093	73.5000	
0.1590	26.1500	0.0092	73.4000	
0.1589	25.5250	0.0091	73.5500	
0.1585	24.9750	0.0091	73.4250	
0.1584	25.2750	0.0091	73.5500	
0.1584	25.5500	0.0091	73.4750	
0.1580	25.3500	0.0091	73.5250	
0.1576	25.4250	0.0090	73.4500	
0.1574	25.4750	0.0090	73.5500	
0.1574	25.2500	0.0090	73.5000	
0.1573	25.3750	0.0090	73.5500	
0.1573	25.6250	0.0090	73.5750	
0.1575	26.2500	0.0089	73.6000	
0.1566	25.2500	0.0090	73.5500	
0.1567	25.5750	0.0089	73.6250	
0.1568	25.6750	0.0089	73.5000	
0.1563	25.3250	0.0089	73.5750	
0.1563	25.9750	0.0089	73.6000	
0.1559	25.5500	0.0089	73.4750	
0.1558	24.8250	0.0089	73.6500	
0.1557	25.9500	0.0089	73.5500	
0.1558	25.3250	0.0089	73.5500	
0.1557	25.4500	0.0090	73.5500	
0.1555	25.6000	0.0089	73.5750	
0.1556	25.0000	0.0089	73.6000	
0.1557	25.4250	0.0088	73.6250	
0.1556	25.7500	0.0088	73.6750	
0.1559	25.5750	0.0088	73.5250	
0.1547	25.3250	0.0088	73.6000	
0.1547	25.3250	0.0089	73.6500	
0.1546	25.7250	0.0088	73.5500	
0.1543	25.7000	0.0087	73.6250	
0.1542	25.8250	0.0088	73.7500	
0.1539	25.7500	0.0087	73.6250	
0.1537	25.6750	0.0087	73.7000	
0.1536	25.8500	0.0088	73.6000	
0.1538	25.5500	0.0087	73.6750	
0.1535	25.6500	0.0088	73.6500	
0.1535	25.9000	0.0087	73.6500	
0.1533	25.6000	0.0088	73.6250	
0.1533	25.6500	0.0087	73.7250	
0.1529	25.8000	0.0087	73.6250	
0.1529	25.7750	0.0086	73.6750	
0.1529	25.8500	0.0087	73.6750	
0.1529	25.8500	0.0088	73.7000	
0.1528	25.7500	0.0086	73.7000	
0.1527	25.5750	0.0087	73.6500	
0.1531	25.6750	0.0086	73.7000	
0.1531	25.5250	0.0086	73.6500	
0.1523	25.6750	0.0086	73.7250	
0.1524	25.8000	0.0086	73.7250	
0.1521	25.8250	0.0086	73.7000	
0.1522	25.9750	0.0086	73.6250	
0.1529	25.7500	0.0085	73.7500	
0.1525	25.7500	0.0085	73.7000	
0.1520	26.0750	0.0086	73.7750	
0.1519	25.6500	0.0086	73.7500	
0.1517	26.1250	0.0086	73.7750	
0.1520	25.5500	0.0085	73.7000	
0.1520	26.2000	0.0085	73.6750	
0.1519	26.2250	0.0085	73.7500	
0.1515	26.0250	0.0085	73.7750	
0.1514	25.7750	0.0085	73.7750	
0.1512	26.0000	0.0086	73.7000	
0.1512	26.0500	0.0086	73.6500	
0.1511	25.8750	0.0085	73.7750	
0.1509	25.7500	0.0085	73.6750	
0.1509	25.8500	0.0085	73.7250	
0.1509	25.7250	0.0085	73.7750	
0.1509	25.7750	0.0085	73.6750	
0.1507	25.6750	0.0086	73.7500	
0.1507	25.7500	0.0085	73.7250	
0.1507	25.7250	0.0084	73.7000	
0.1508	26.1000	0.0085	73.7250	
0.1508	25.7250	0.0085	73.7500	
0.1505	25.8750	0.0084	73.7500	
0.1505	25.8500	0.0084	73.7750	
0.1503	26.1000	0.0084	73.8250	
0.1508	25.8500	0.0084	73.7250	
0.1503	25.9750	0.0084	73.7750	
0.1505	26.1750	0.0084	73.7750	
0.1506	25.8750	0.0084	73.7500	
0.1505	26.2000	0.0084	73.7750	
0.1504	25.7500	0.0084	73.8000	
0.1507	26.3500	0.0084	73.8000	
0.1500	25.9250	0.0083	73.7750	
0.1499	25.8500	0.0084	73.8250	
0.1497	25.7750	0.0084	73.8000	
0.1499	25.6500	0.0084	73.7750	
0.1501	26.5000	0.0084	73.8000	
0.1496	26.0750	0.0083	73.8500	
0.1499	26.4750	0.0083	73.7750	
0.1501	26.0750	0.0083	73.8250	
0.1495	26.0750	0.0083	73.9000	
0.1497	25.5250	0.0083	73.8000	
0.1499	26.2500	0.0083	73.8500	
0.1497	26.0750	0.0083	73.8000	
0.1495	25.8500	0.0083	73.8250	
0.1492	25.9250	0.0084	73.7500	
0.1494	26.1250	0.0084	73.9250	
0.1492	26.1500	0.0084	73.7750	
0.1492	26.3000	0.0084	73.8750	
0.1491	26.0500	0.0083	73.8500	
0.1490	26.1500	0.0083	73.8000	
0.1489	26.0500	0.0084	73.9750	
0.1489	26.0000	0.0083	73.8750	
0.1490	26.4500	0.0083	73.8250	
0.1489	25.8500	0.0084	73.8750	
0.1491	26.5000	0.0083	73.9250	
0.1490	26.1250	0.0083	73.9000	
0.1486	26.1500	0.0082	73.8250	
0.1490	26.2750	0.0082	73.8750	
0.1488	26.5000	0.0082	73.8500	
0.1488	26.2000	0.0082	73.9500	
0.1487	26.3250	0.0083	73.8750	
0.1486	26.6000	0.0083	73.8750	
0.1487	26.5000	0.0083	73.9250	
0.1486	26.3000	0.0083	73.9250	
0.1489	26.6000	0.0083	73.9500	
0.1486	26.7000	0.0083	74.0000	
0.1485	27.1500	0.0082	73.9000	
0.1482	26.6750	0.0082	73.9500	
0.1483	26.1750	0.0082	73.9750	
0.1484	26.8750	0.0082	73.9500	
0.1482	26.6250	0.0082	74.0500	
0.1482	26.7750	0.0082	73.9500	
0.1482	26.9500	0.0082	73.9750	
0.1482	27.2500	0.0082	73.9500	
0.1481	27.0250	0.0081	73.9500	
0.1480	27.1250	0.0081	73.9750	
0.1480	27.3750	0.0081	73.9250	
0.1480	27.3500	0.0082	73.9750	
0.1483	26.9250	0.0082	73.9250	
0.1480	26.9500	0.0081	74.0000	
0.1483	27.3500	0.0082	73.9500	
0.1483	27.0500	0.0081	73.9750	
0.1484	27.1000	0.0081	73.9500	
0.1478	27.3750	0.0081	73.9750	
0.1477	27.2500	0.0082	73.9750	
0.1477	27.2250	0.0082	73.9000	
0.1477	27.4500	0.0081	74.0000	
0.1477	27.4000	0.0082	73.9750	
0.1477	27.4000	0.0082	73.9750	
0.1477	27.5000	0.0081	73.9750	
0.1478	27.6250	0.0081	73.9500	
0.1475	27.3500	0.0081	73.9250	
0.1478	27.4000	0.0081	73.9250	
0.1480	27.3750	0.0081	74.0750	
0.1476	27.5000	0.0081	73.9250	
0.1475	27.8250	0.0081	74.0000	
0.1476	27.4750	0.0080	73.9250	
0.1474	27.7500	0.0080	73.9750	
0.1476	27.4250	0.0081	74.0250	
0.1475	27.7000	0.0081	73.8750	
0.1475	27.5500	0.0081	74.0250	
0.1474	27.7500	0.0080	73.9250	
0.1474	27.7250	0.0083	74.0500	
0.1473	27.5500	0.0083	74.1000	
0.1472	27.8750	0.0082	74.0750	
0.1474	27.5250	0.0081	74.0500	
0.1473	27.8250	0.0081	74.1000	
0.1471	27.6000	0.0081	73.9750	
0.1472	28.0250	0.0080	74.0500	
0.1472	28.0000	0.0080	74.0500	
0.1473	28.2000	0.0080	73.9750	
0.1474	27.8250	0.0080	74.0000	
0.1474	27.9250	0.0080	74.0500	
0.1471	28.1250	0.0080	73.9750	
0.1472	27.9250	0.0080	74.0500	
0.1472	28.2750	0.0080	74.0250	
0.1472	27.9250	0.0080	73.9750	
0.1473	27.9750	0.0081	74.1000	
0.1471	28.0750	0.0080	74.0250	
0.1470	28.1000	0.0080	74.0500	
0.1470	28.2250	0.0080	73.9000	
0.1472	28.3000	0.0080	73.9500	
0.1471	28.7750	0.0081	73.8250	
0.1472	27.9250	0.0080	74.0000	
0.1474	28.6250	0.0080	74.1250	
0.1469	28.2500	0.0080	74.0000	
0.1470	28.5750	0.0079	74.0500	
0.1468	28.5000	0.0079	73.9250	
0.1470	28.6500	0.0079	74.0750	
0.1471	28.8000	0.0079	73.9750	
0.1471	28.3500	0.0080	74.1000	
0.1470	28.4750	0.0079	74.0000	
0.1469	28.9500	0.0079	73.9750	
0.1469	28.6250	0.0079	74.1000	
0.1468	28.7750	0.0079	74.0250	
0.1468	28.9750	0.0079	74.0000	
0.1467	28.7250	0.0080	74.0750	
0.1468	28.5250	0.0079	74.0000	
0.1468	28.9000	0.0079	74.1250	
0.1467	28.7500	0.0080	74.0750	
0.1469	28.9000	0.0079	74.0000	
0.1472	29.2000	0.0080	74.0250	
0.1467	29.2000	0.0080	74.0250	
0.1467	29.2750	0.0079	74.0750	
0.1466	29.1000	0.0079	74.0000	
0.1467	29.2250	0.0079	74.1000	
0.1467	28.8500	0.0079	74.0250	
0.1467	29.3500	0.0079	74.0500	
0.1467	29.4750	0.0079	74.0750	
0.1467	29.2500	0.0079	74.0000	
0.1466	29.5250	0.0078	74.0500	
0.1465	29.5250	0.0078	73.9750	
0.1467	29.8750	0.0078	74.0250	
0.1472	29.2500	0.0078	74.0500	
0.1469	29.9750	0.0078	74.0750	
0.1467	29.7000	0.0078	74.0250	
0.1465	30.2000	0.0079	74.0750	
0.1474	29.2250	0.0078	74.0000	
0.1472	31.1000	0.0078	74.1250	
0.1472	29.9500	0.0078	74.0500	
0.1469	30.3750	0.0078	74.1250	
0.1466	29.9500	0.0078	74.0250	
0.1466	29.5000	0.0078	73.9750	
0.1467	30.5000	0.0078	74.0500	
0.1465	30.1750	0.0078	74.0500	
0.1465	30.6000	0.0078	74.0250	
0.1464	30.2500	0.0078	74.1250	
0.1464	30.6000	0.0077	74.0750	
0.1465	30.7000	0.0078	74.0750	
0.1464	30.2000	0.0078	74.0000	
0.1465	30.3500	0.0077	73.9250	
0.1469	31.9250	0.0078	74.0250	
0.1467	30.3250	0.0078	73.9000	
0.1466	31.4250	0.0077	74.2000	
0.1465	30.7000	0.0078	74.0250	
0.1463	31.1250	0.0077	74.0750	
0.1465	30.9500	0.0077	74.0500	
0.1464	30.9250	0.0077	74.0750	
0.1463	30.9500	0.0077	74.0500	
0.1464	30.6250	0.0077	74.1250	
0.1464	31.0500	0.0077	74.0250	
0.1466	31.4250	0.0078	74.0750	
0.1470	30.7750	0.0077	73.9250	
0.1469	32.4000	0.0077	74.1000	
0.1473	31.1250	0.0076	74.0000	
0.1469	31.0750	0.0076	74.0500	
0.1463	31.0750	0.0076	74.1250	
0.1462	31.5250	0.0077	74.0250	
0.1462	30.9000	0.0077	74.0750	
0.1464	31.9500	0.0076	74.0000	
0.1464	31.4750	0.0076	74.1500	
0.1463	31.6500	0.0077	74.0000	
0.1462	31.9750	0.0076	74.1250	
0.1462	32.1500	0.0076	74.1500	
0.1465	32.1250	0.0076	74.0750	
0.1462	31.9500	0.0076	74.0750	
0.1462	32.1000	0.0077	74.1500	
0.1463	33.1750	0.0077	74.0250	
0.1462	32.3750	0.0077	74.0250	
0.1462	33.1000	0.0076	74.1750	
0.1462	32.5250	0.0075	74.1000	
0.1463	33.2500	0.0075	74.0750	
0.1462	32.3250	0.0075	74.0500	
0.1462	32.4000	0.0075	74.0750	
0.1462	31.8500	0.0075	74.0500	
0.1462	33.0250	0.0075	74.1000	
0.1463	32.8750	0.0075	74.1000	
0.1462	33.6750	0.0074	74.1500	
0.1461	32.8750	0.0074	74.1000	
0.1463	33.3750	0.0074	74.1250	
0.1463	32.8750	0.0075	74.0750	
0.1465	32.7750	0.0074	74.1500	
0.1465	33.6750	0.0074	74.0500	
0.1463	33.0000	0.0074	74.1250	
0.1461	33.6250	0.0074	74.1000	
0.1461	32.7000	0.0074	73.9750	
0.1462	34.2000	0.0075	74.1000	
0.1464	33.1500	0.0074	74.0750	
0.1463	34.6750	0.0074	74.1250	
0.1462	33.2750	0.0074	74.0500	
0.1463	34.0750	0.0073	74.1000	
0.1465	32.8750	0.0073	74.0000	
0.1461	32.8000	0.0073	74.1250	
0.1461	33.5250	0.0073	74.0750	
0.1462	33.0000	0.0074	74.1750	
0.1466	34.7500	0.0075	74.1250	
0.1464	32.5000	0.0076	74.1250	
0.1461	33.7500	0.0075	74.0500	
0.1461	33.8750	0.0074	74.1250	
0.1460	34.5250	0.0073	74.1000	
0.1462	33.6000	0.0073	74.1000	
0.1461	34.5500	0.0073	74.0500	
0.1462	33.1500	0.0072	74.1000	
0.1465	33.5000	0.0072	74.0000	
0.1463	34.2750	0.0072	74.1500	
0.1461	33.2250	0.0073	74.0500	
0.1461	33.2500	0.0072	74.1000	
0.1462	35.1000	0.0072	74.1250	
0.1461	34.0750	0.0072	74.1000	
0.1462	34.9500	0.0072	74.1250	
0.1462	33.6000	0.0072	74.0500	
0.1460	34.7250	0.0072	74.1000	
0.1460	34.3000	0.0072	74.0750	
0.1462	35.3500	0.0072	74.1000	
0.1461	36.3500	0.0072	74.0750	
0.1461	34.7500	0.0072	74.1000	
0.1460	35.2500	0.0072	74.0500	
0.1460	35.4750	0.0072	74.1500	
0.1461	34.6000	0.0072	74.1250	
0.1463	36.3500	0.0072	74.1250	
0.1461	34.1250	0.0071	74.0500	
0.1460	35.4250	0.0072	74.0750	
0.1460	34.1500	0.0071	74.1250	
0.1460	35.8250	0.0071	74.1500	
0.1459	35.8000	0.0071	74.1250	
0.1460	36.5250	0.0071	74.0500	
0.1460	35.5750	0.0071	74.0500	
0.1460	36.4250	0.0071	74.0750	
0.1462	36.6250	0.0071	74.1000	
0.1461	35.9000	0.0071	74.0750	
0.1461	37.2000	0.0071	74.0750	
0.1458	36.6250	0.0071	74.0500	
0.1459	36.5500	0.0070	74.0750	
0.1459	35.6750	0.0070	74.0750	
0.1459	35.2750	0.0070	74.1750	
0.1460	36.4000	0.0070	74.1750	
0.1460	35.8500	0.0069	74.1250	
0.1462	37.2750	0.0069	74.1250	
0.1460	36.6750	0.0069	74.1000	
0.1462	37.6750	0.0068	74.2000	
0.1459	37.7750	0.0068	74.1250	
0.1458	37.3000	0.0067	74.1500	
0.1458	36.4500	0.0067	74.2000	
0.1459	37.0000	0.0067	74.1500	
0.1459	37.3250	0.0067	74.2000	
0.1459	36.9500	0.0066	74.3000	
0.1458	38.2000	0.0066	74.1750	
0.1460	38.0000	0.0066	74.1500	
0.1459	38.8250	0.0065	74.2500	
0.1461	36.8750	0.0065	74.2500	
0.1458	37.6000	0.0064	74.2250	
0.1459	37.8750	0.0064	74.1750	
0.1459	37.1500	0.0064	74.2250	
0.1461	37.8250	0.0064	74.2750	
0.1459	38.4750	0.0063	74.2250	
0.1459	39.7000	0.0063	74.1750	
0.1458	38.8250	0.0063	74.2000	
0.1460	39.6750	0.0063	74.2000	
0.1459	38.4000	0.0063	74.2250	
0.1459	38.8750	0.0063	74.1500	
0.1457	39.0000	0.0062	74.1500	
0.1460	39.0500	0.0062	74.1750	
0.1460	38.5250	0.0062	74.1750	
0.1459	38.3500	0.0061	74.1500	
0.1457	39.4000	0.0062	74.2000	
0.1460	38.9750	0.0061	74.1500	
0.1462	40.4250	0.0061	74.1750	
0.1459	38.9500	0.0061	74.1250	
0.1457	40.0250	0.0061	74.1750	
0.1458	40.7750	0.0061	74.1250	
0.1458	39.9250	0.0061	74.1250	
0.1457	39.2250	0.0060	74.1250	
0.1459	39.4250	0.0060	74.1500	
0.1459	40.5250	0.0060	74.1250	
0.1459	39.8250	0.0060	74.1500	
0.1459	40.4000	0.0060	74.1250	
0.1459	39.5000	0.0060	74.1000	
0.1464	41.0000	0.0059	74.0750	
0.1460	39.7250	0.0060	74.1250	
0.1458	41.0750	0.0060	74.0500	
0.1458	40.8250	0.0059	74.1250	
0.1458	40.3500	0.0060	74.1000	
0.1458	40.8000	0.0060	74.0500	
0.1458	41.4500	0.0059	74.1000	
0.1458	40.8500	0.0059	74.0500	
0.1457	40.9000	0.0059	74.0500	
0.1457	40.7750	0.0058	74.0500	
0.1458	40.2000	0.0058	74.0250	
0.1459	41.0000	0.0058	74.0500	
0.1463	39.8500	0.0058	74.0500	
0.1459	41.1750	0.0058	74.0500	
0.1458	40.9250	0.0058	74.0500	
0.1458	41.5250	0.0058	74.0000	
0.1458	41.6500	0.0058	74.0500	
0.1459	41.2750	0.0058	74.0000	
0.1459	41.6000	0.0058	74.0250	
0.1457	41.9250	0.0057	74.0250	
0.1457	41.4250	0.0058	74.0250	
0.1458	41.2250	0.0057	73.9750	
0.1457	41.2750	0.0057	73.9500	
0.1458	40.7500	0.0057	73.9750	
0.1458	41.8000	0.0057	74.0000	
0.1459	41.4750	0.0057	74.0000	
0.1459	42.0250	0.0057	73.9250	
0.1458	41.6000	0.0057	74.0750	
0.1458	41.9000	0.0057	73.9500	
0.1462	41.5000	0.0057	74.0250	
0.1458	41.1750	0.0056	74.0000	
0.1457	41.3750	0.0056	73.9750	
0.1457	41.3250	0.0056	73.9500	
0.1457	41.4000	0.0056	73.9000	
0.1458	40.2750	0.0056	73.9750	
0.1456	41.1500	0.0056	73.9000	
0.1457	42.1250	0.0056	73.9250	
0.1458	42.2500	0.0056	73.9250	
0.1456	42.1500	0.0056	73.9500	
0.1457	42.6250	0.0056	73.9500	
0.1458	42.5250	0.0055	73.9250	
0.1458	42.4750	0.0055	73.9500	
0.1456	42.1500	0.0055	73.9000	
0.1457	41.7750	0.0055	73.9250	
0.1457	41.4000	0.0055	73.8750	
0.1456	41.2750	0.0054	73.9500	
0.1458	42.0250	0.0054	73.9500	
0.1456	41.6500	0.0054	73.9000	
0.1457	40.9750	0.0054	73.8500	
0.1461	40.7500	0.0053	73.9500	
0.1461	42.3250	0.0053	73.8750	
0.1457	42.4750	0.0053	73.9250	
0.1458	42.2500	0.0053	73.9000	
0.1457	42.3000	0.0053	73.9250	
0.1457	42.3000	0.0053	73.8500	
0.1457	42.1250	0.0053	73.9000	
0.1460	42.6500	0.0053	73.8750	
0.1459	41.9000	0.0053	73.8000	
0.1458	42.1250	0.0053	73.9000	
0.1456	42.2500	0.0052	73.9250	
0.1456	42.1500	0.0053	73.9000	
0.1456	41.9250	0.0052	73.8250	
0.1457	41.5000	0.0052	73.8500	
0.1456	41.8000	0.0052	73.9000	
0.1458	42.6000	0.0052	73.8750	
0.1457	42.6500	0.0052	73.9250	
0.1456	42.3500	0.0052	73.8750	
0.1457	41.6750	0.0052	73.9000	
0.1456	41.8750	0.0052	73.8750	
0.1457	42.3250	0.0053	73.9250	
0.1457	42.9000	0.0052	73.8500	
0.1458	42.7000	0.0052	73.9250	
0.1457	42.5500	0.0052	73.8250	
0.1457	42.5750	0.0052	73.9500	
0.1457	41.8750	0.0052	73.8500	
0.1456	42.4250	0.0052	73.8750	
0.1455	42.6000	0.0052	73.8000	
0.1456	42.6750	0.0052	73.8250	
0.1456	42.7250	0.0051	73.9000	
0.1458	42.1000	0.0051	73.8750	
0.1456	42.4500	0.0051	73.8500	
0.1459	42.3250	0.0052	73.7750	
0.1461	42.5500	0.0051	73.8500	
0.1458	42.5500	0.0051	73.7750	
0.1457	42.8250	0.0051	73.8750	
0.1456	43.3000	0.0051	73.8500	
0.1457	42.7250	0.0051	73.8750	
0.1456	42.7500	0.0051	73.9000	
0.1456	43.1000	0.0051	73.7750	
0.1457	43.1750	0.0051	73.8000	
0.1456	41.9000	0.0052	73.8500	
0.1457	41.3500	0.0052	73.8250	
0.1455	41.6500	0.0051	73.8500	
0.1458	42.8750	0.0051	73.9000	
0.1456	42.9500	0.0051	73.7750	
0.1457	42.8750	0.0051	73.8500	
0.1457	42.8750	0.0051	73.8250	
0.1456	43.6250	0.0051	73.8500	
0.1456	43.4000	0.0051	73.7500	
0.1455	43.0500	0.0051	73.8250	
0.1457	42.8750	0.0051	73.8500	
0.1456	42.6500	0.0051	73.8500	
0.1455	42.0000	0.0052	73.7750	
0.1456	42.3500	0.0051	73.8750	
0.1458	42.6250	0.0051	73.8250	
0.1456	42.2750	0.0051	73.8250	
0.1457	43.2250	0.0051	73.7750	
0.1457	42.1500	0.0050	73.8750	
0.1456	42.3000	0.0050	73.8000	
0.1456	42.2750	0.0051	73.8500	
0.1458	42.7250	0.0051	73.7500	
0.1456	42.3750	0.0051	73.8750	
0.1461	41.9250	0.0051	73.8000	
0.1458	42.6000	0.0052	73.9250	
0.1456	42.5250	0.0050	73.8250	
0.1456	42.1750	0.0050	73.8500	
0.1456	42.2250	0.0050	73.7500	
0.1457	43.0500	0.0050	73.8500	
0.1457	43.3000	0.0050	73.8250	
0.1455	43.4500	0.0050	73.8500	
0.1455	43.5500	0.0050	73.8750	
0.1456	43.4750	0.0050	73.8250	
0.1455	42.7250	0.0050	73.7500	
0.1455	42.1750	0.0050	73.8750	
0.1456	42.0750	0.0050	73.7750	
0.1455	42.1750	0.0051	73.8750	
0.1455	42.1750	0.0050	73.8500	
0.1457	42.2500	0.0050	73.8250	
0.1456	42.1750	0.0050	73.8500	
0.1455	42.3250	0.0050	73.8250	
0.1456	42.9000	0.0050	73.7750	
0.1455	42.9250	0.0050	73.9000	
0.1456	43.0750	0.0050	73.8250	
0.1460	42.2000	0.0050	73.8500	
0.1461	42.0500	0.0050	73.8250	
0.1458	42.0750	0.0050	73.8000	
0.1455	41.9750	0.0050	73.8250	
0.1456	41.9250	0.0050	73.8500	
0.1455	42.1000	0.0049	73.8750	
0.1455	42.0750	0.0050	73.8000	
0.1455	42.4250	0.0050	73.8250	
0.1455	42.8750	0.0050	73.8500	
0.1454	42.4250	0.0050	73.7750	
0.1456	42.2750	0.0049	73.8500	
0.1456	42.6000	0.0049	73.8250	
0.1455	42.5500	0.0049	73.7750	
0.1455	42.4000	0.0049	73.8250	
0.1455	42.3250	0.0049	73.8250	
0.1455	42.6000	0.0049	73.8500	
0.1455	43.1750	0.0049	73.8250	
0.1455	43.2250	0.0050	73.8250	
0.1455	42.8250	0.0049	73.8500	
0.1456	42.3250	0.0049	73.7750	
0.1455	42.3000	0.0049	73.8500	
0.1457	42.3000	0.0049	73.7750	
0.1456	42.1000	0.0049	73.8750	
0.1456	42.3000	0.0049	73.8250	
0.1455	42.7750	0.0049	73.8000	
0.1455	42.6500	0.0049	73.8250	
0.1456	42.7000	0.0049	73.8000	
0.1456	42.5750	0.0049	73.7750	
0.1462	42.5750	0.0049	73.8000	
0.1459	42.8750	0.0049	73.8000	
0.1456	42.7750	0.0049	73.9250	
0.1460	42.7500	0.0049	73.7750	
0.1457	42.7750	0.0049	73.8750	
0.1458	42.8250	0.0049	73.7750	
0.1458	42.8500	0.0049	73.8000	
0.1455	42.7750	0.0049	73.8000	
0.1456	43.0750	0.0049	73.9000	
0.1455	43.1000	0.0049	73.8000	
0.1454	43.0000	0.0049	73.8500	
0.1455	42.8000	0.0049	73.8250	
0.1455	42.2750	0.0049	73.7750	
0.1455	42.2500	0.0050	73.8250	
0.1454	42.5750	0.0049	73.9000	
0.1456	42.4250	0.0049	73.8250	
0.1455	42.4000	0.0049	73.8500	
0.1454	42.3750	0.0049	73.8000	
0.1460	42.6250	0.0049	73.8250	
0.1458	42.4500	0.0049	73.8500	
0.1455	42.8000	0.0049	73.8000	
0.1455	43.0750	0.0049	73.7750	
0.1456	42.4750	0.0049	73.8500	
0.1455	42.1500	0.0049	73.8750	
0.1456	42.2500	0.0049	73.8750	
0.1455	41.9000	0.0049	73.8000	
0.1456	41.4000	0.0049	73.7750	
0.1456	41.9000	0.0048	73.8250	
0.1456	42.2750	0.0049	73.7750	
0.1456	42.3750	0.0049	73.8750	
0.1456	42.4500	0.0049	73.7500	
0.1455	42.7000	0.0048	73.8500	
0.1455	42.8250	0.0049	73.8000	
0.1455	42.7250	0.0049	73.8250	
0.1455	42.4750	0.0048	73.8500	
0.1457	42.8000	0.0048	73.8750	
0.1456	42.7500	0.0048	73.8250	
0.1456	42.3750	0.0048	73.8750	
0.1456	42.2000	0.0048	73.8500	
0.1456	42.0250	0.0048	73.8250	
0.1456	42.6250	0.0048	73.8500	
0.1455	42.3500	0.0048	73.8250	
0.1454	42.1750	0.0049	73.8000	
0.1456	42.1750	0.0049	73.8500	
0.1455	42.3250	0.0049	73.8000	
0.1455	42.7750	0.0049	73.8000	
0.1455	42.7000	0.0049	73.8250	
0.1455	42.4500	0.0049	73.7500	
0.1455	42.2250	0.0048	73.8500	
0.1455	42.0500	0.0048	73.8750	
0.1456	42.0750	0.0048	73.8500	
0.1456	41.9250	0.0048	73.8750	
0.1456	41.9000	0.0048	73.8500	
0.1456	41.8500	0.0048	73.8500	
