Loss_Adversary	Accuracy_Adversary	Loss_Target	Accuracy_Target	
-0.0434	0.6824	0.5955	50.0000	50.0000	
-0.0470	0.6656	0.5715	50.0000	50.0000	
-0.0495	0.6492	0.5501	50.0000	50.0000	
-0.0509	0.6327	0.5309	50.0000	50.0000	
-0.0514	0.6161	0.5133	50.0000	50.0000	
-0.0514	0.5998	0.4970	50.0000	50.0000	
-0.0509	0.5834	0.4817	50.0000	50.0000	
-0.0500	0.5673	0.4673	50.0000	50.0000	
-0.0473	0.5513	0.4567	50.0000	50.0000	
-0.0427	0.5362	0.4507	50.0000	50.0000	
-0.0383	0.5209	0.4443	50.0000	50.0000	
-0.0337	0.5046	0.4371	50.0000	50.0000	
-0.0290	0.4875	0.4294	50.0000	50.0000	
-0.0238	0.4687	0.4210	50.0000	50.0000	
-0.0182	0.4490	0.4125	50.0000	50.0000	
-0.0132	0.4300	0.4036	50.0000	50.0000	
-0.0088	0.4121	0.3945	50.0000	50.0000	
-0.0055	0.3959	0.3848	50.0000	50.0000	
-0.0028	0.3805	0.3749	50.0000	50.0000	
-0.0008	0.3665	0.3650	50.0000	50.0000	
0.0008	0.3532	0.3549	50.0000	50.0000	
0.0020	0.3409	0.3449	50.0000	50.0000	
0.0029	0.3295	0.3354	50.0000	50.0000	
0.0036	0.3191	0.3264	50.0000	50.0000	
0.0041	0.3097	0.3179	50.0000	50.0000	
0.0044	0.3014	0.3102	50.0000	50.0000	
0.0047	0.2939	0.3034	50.0000	50.0000	
0.0049	0.2875	0.2972	50.0000	50.0000	
0.0049	0.2818	0.2915	50.0000	50.0000	
0.0048	0.2766	0.2862	50.0000	50.0000	
0.0046	0.2718	0.2809	50.0000	50.0000	
0.0043	0.2668	0.2753	50.0000	50.0000	
0.0042	0.2604	0.2688	50.0000	50.0000	
0.0042	0.2516	0.2600	50.0000	50.0000	
0.0038	0.2407	0.2483	50.0000	50.0000	
0.0023	0.2286	0.2332	50.0000	50.0000	
0.0006	0.2181	0.2194	50.0000	50.0000	
-0.0010	0.2144	0.2125	50.1500	50.0000	
-0.0032	0.2238	0.2175	72.2500	50.0000	
-0.0050	0.2382	0.2281	65.1750	49.9500	
-0.0054	0.2306	0.2198	64.9750	47.0750	
-0.0062	0.2239	0.2115	70.3250	38.7000	
-0.0073	0.2236	0.2091	71.8750	38.3750	
-0.0087	0.2208	0.2034	73.7500	42.9750	
-0.0102	0.2171	0.1968	74.3250	46.1500	
-0.0118	0.2167	0.1932	74.5000	47.8750	
-0.0138	0.2182	0.1906	74.3000	48.5500	
-0.0164	0.2181	0.1853	74.0000	49.5750	
-0.0204	0.2242	0.1834	72.3500	50.6250	
-0.0238	0.2324	0.1847	69.7000	52.4750	
-0.0265	0.2416	0.1886	67.7500	53.4000	
-0.0284	0.2458	0.1889	67.1500	52.3250	
-0.0296	0.2468	0.1876	67.0000	52.2750	
-0.0303	0.2466	0.1860	66.5750	52.3250	
-0.0308	0.2470	0.1854	65.8500	52.4750	
-0.0312	0.2446	0.1821	66.8250	52.2750	
-0.0313	0.2427	0.1800	67.6250	52.1750	
-0.0313	0.2414	0.1788	68.2750	52.1250	
-0.0312	0.2391	0.1767	69.7000	52.1000	
-0.0310	0.2376	0.1755	69.9500	52.1500	
-0.0308	0.2360	0.1743	70.1000	52.2500	
-0.0306	0.2341	0.1728	70.3750	52.3500	
-0.0306	0.2333	0.1722	70.1500	52.8750	
-0.0305	0.2324	0.1714	70.0250	52.9500	
-0.0306	0.2315	0.1704	69.7500	53.4750	
-0.0308	0.2316	0.1700	69.3000	54.1250	
-0.0313	0.2319	0.1694	69.1000	54.8000	
-0.0323	0.2325	0.1679	69.1500	55.3750	
-0.0332	0.2329	0.1665	69.2250	55.2750	
-0.0338	0.2334	0.1658	69.0250	55.4250	
-0.0345	0.2338	0.1648	68.8250	55.8000	
-0.0351	0.2340	0.1638	68.8000	56.0500	
-0.0357	0.2354	0.1640	67.7250	56.9500	
-0.0363	0.2364	0.1638	67.5500	57.6750	
-0.0369	0.2375	0.1636	66.8750	58.3500	
-0.0375	0.2383	0.1632	66.4000	58.7250	
-0.0381	0.2391	0.1628	65.8500	59.2250	
-0.0387	0.2402	0.1628	65.0250	59.9250	
-0.0392	0.2408	0.1624	64.5750	60.3250	
-0.0398	0.2416	0.1621	64.2000	60.8500	
-0.0404	0.2425	0.1618	63.2500	61.1750	
-0.0410	0.2436	0.1617	62.1000	61.9250	
-0.0417	0.2441	0.1607	61.4250	61.9250	
-0.0423	0.2443	0.1597	60.9000	61.7500	
-0.0430	0.2450	0.1591	60.1250	62.0500	
-0.0435	0.2455	0.1584	60.1250	62.0750	
-0.0441	0.2458	0.1576	60.5500	62.1750	
-0.0446	0.2463	0.1572	60.5250	62.2750	
-0.0450	0.2465	0.1565	60.4000	62.3250	
-0.0454	0.2465	0.1557	60.5000	62.2250	
-0.0458	0.2467	0.1552	60.3500	62.5000	
-0.0462	0.2470	0.1547	60.0500	62.6750	
-0.0466	0.2472	0.1539	59.7250	62.9500	
-0.0471	0.2475	0.1533	59.1750	63.2500	
-0.0475	0.2481	0.1530	58.4250	63.8500	
-0.0479	0.2486	0.1528	57.8250	64.4500	
-0.0483	0.2495	0.1530	57.3000	65.5250	
-0.0486	0.2502	0.1531	56.5500	66.4000	
-0.0488	0.2506	0.1529	55.9000	67.1750	
-0.0491	0.2510	0.1528	55.1500	67.7500	
-0.0494	0.2515	0.1528	54.4000	68.8000	
-0.0497	0.2519	0.1526	53.6250	69.4250	
-0.0498	0.2519	0.1523	53.0000	70.0250	
-0.0500	0.2521	0.1522	52.0750	70.5750	
-0.0501	0.2521	0.1519	51.7250	70.7500	
-0.0501	0.2519	0.1516	51.5750	70.9750	
-0.0502	0.2517	0.1513	51.5000	71.2000	
-0.0502	0.2514	0.1510	52.2000	71.4500	
-0.0501	0.2509	0.1506	53.2000	71.2750	
-0.0501	0.2504	0.1502	53.7250	71.1000	
-0.0501	0.2502	0.1500	53.7000	71.0750	
-0.0501	0.2500	0.1498	53.9750	71.0750	
-0.0501	0.2498	0.1496	54.2500	71.0000	
-0.0501	0.2498	0.1495	54.0000	71.1000	
-0.0502	0.2498	0.1494	53.9000	71.2000	
-0.0502	0.2498	0.1494	53.6500	71.3000	
-0.0503	0.2499	0.1494	53.1250	71.7250	
-0.0503	0.2500	0.1493	52.8750	71.8500	
-0.0504	0.2500	0.1493	52.6000	71.8250	
-0.0504	0.2501	0.1493	52.4750	72.0000	
-0.0505	0.2502	0.1493	52.0250	72.3000	
-0.0505	0.2503	0.1493	51.6750	72.3750	
-0.0506	0.2504	0.1493	51.4500	72.3500	
-0.0506	0.2505	0.1493	51.2750	72.5250	
-0.0507	0.2505	0.1492	51.0750	72.5500	
-0.0507	0.2506	0.1492	50.7000	72.8750	
-0.0507	0.2506	0.1492	50.6500	72.6750	
-0.0507	0.2506	0.1492	50.3750	72.9500	
-0.0507	0.2506	0.1492	50.3000	72.8500	
-0.0507	0.2505	0.1492	50.1750	73.0000	
-0.0507	0.2504	0.1491	50.1750	72.8500	
-0.0506	0.2503	0.1490	50.3250	72.8250	
-0.0507	0.2503	0.1490	50.3500	72.9000	
-0.0506	0.2501	0.1489	50.2750	72.7000	
-0.0507	0.2501	0.1488	50.3500	72.6750	
-0.0507	0.2500	0.1487	50.6000	72.9000	
-0.0507	0.2500	0.1486	50.9000	72.8750	
-0.0507	0.2500	0.1485	51.0750	72.9500	
-0.0508	0.2500	0.1485	51.3000	73.2250	
-0.0508	0.2499	0.1484	51.3500	73.0250	
-0.0508	0.2500	0.1484	51.1750	73.1750	
-0.0508	0.2500	0.1484	50.9750	73.4250	
-0.0508	0.2499	0.1483	51.0750	73.3750	
-0.0508	0.2500	0.1483	50.7000	73.4750	
-0.0508	0.2499	0.1482	51.0250	73.4750	
-0.0509	0.2499	0.1482	50.9500	73.5500	
-0.0509	0.2499	0.1482	50.7500	73.6250	
-0.0509	0.2499	0.1482	50.7750	73.6500	
-0.0509	0.2499	0.1481	50.6750	73.7250	
-0.0509	0.2499	0.1481	50.8000	73.7750	
-0.0509	0.2499	0.1481	50.7000	73.9750	
-0.0509	0.2499	0.1481	50.8500	73.7250	
-0.0509	0.2499	0.1481	50.7250	74.1000	
-0.0509	0.2498	0.1480	50.6000	73.8000	
-0.0509	0.2498	0.1480	50.6000	73.9750	
-0.0509	0.2498	0.1480	50.6000	74.0250	
-0.0509	0.2499	0.1480	50.7750	73.9750	
-0.0509	0.2498	0.1480	50.7000	73.9750	
-0.0509	0.2498	0.1480	50.8750	74.0250	
-0.0509	0.2498	0.1480	50.9250	74.2250	
-0.0509	0.2498	0.1480	50.8500	74.2500	
-0.0509	0.2499	0.1480	51.0250	74.0750	
-0.0509	0.2499	0.1480	50.8750	74.0750	
-0.0509	0.2499	0.1480	50.8750	74.0750	
-0.0509	0.2499	0.1480	50.7000	74.0250	
-0.0510	0.2499	0.1480	50.7250	73.9500	
-0.0510	0.2500	0.1480	50.6500	74.2000	
-0.0510	0.2500	0.1480	50.7500	74.0500	
-0.0510	0.2500	0.1480	50.5500	73.9500	
-0.0510	0.2500	0.1481	50.6250	73.8500	
-0.0510	0.2501	0.1481	50.4500	74.0000	
-0.0510	0.2501	0.1481	50.5750	73.8000	
-0.0510	0.2501	0.1481	50.6500	73.9000	
-0.0510	0.2501	0.1481	50.4750	74.1750	
-0.0510	0.2501	0.1481	50.5000	73.7500	
-0.0510	0.2500	0.1481	50.5750	73.7000	
-0.0510	0.2500	0.1481	50.5250	73.9750	
-0.0510	0.2500	0.1480	50.6000	74.0250	
-0.0510	0.2500	0.1480	50.5500	73.9750	
-0.0510	0.2500	0.1481	51.4500	74.2000	
-0.0510	0.2500	0.1480	52.0250	74.1250	
-0.0510	0.2500	0.1480	51.7250	74.1750	
-0.0510	0.2500	0.1480	51.1250	74.3750	
-0.0510	0.2500	0.1480	50.7750	74.3500	
-0.0510	0.2500	0.1479	50.8250	74.3750	
-0.0510	0.2499	0.1479	50.5750	74.4250	
-0.0510	0.2499	0.1479	50.5750	74.3750	
-0.0510	0.2499	0.1479	50.5250	74.3250	
-0.0510	0.2499	0.1479	50.5250	74.6000	
-0.0510	0.2499	0.1478	50.5750	74.4000	
-0.0510	0.2499	0.1478	50.6000	74.6000	
-0.0510	0.2498	0.1478	50.8500	74.5250	
-0.0510	0.2498	0.1478	51.0500	74.5500	
-0.0510	0.2498	0.1478	51.1500	74.6750	
-0.0510	0.2498	0.1478	51.5500	74.5000	
-0.0510	0.2498	0.1478	51.3750	74.5750	
-0.0510	0.2498	0.1479	51.3750	74.4750	
-0.0510	0.2499	0.1479	51.1000	74.7750	
-0.0510	0.2500	0.1479	50.9750	74.6000	
-0.0510	0.2501	0.1480	50.7000	74.5750	
-0.0510	0.2501	0.1480	50.4750	74.6500	
-0.0510	0.2501	0.1480	50.1500	74.6250	
-0.0511	0.2502	0.1481	50.0750	74.6500	
-0.0510	0.2501	0.1481	49.9750	74.5750	
-0.0510	0.2501	0.1481	50.1000	74.6000	
-0.0510	0.2501	0.1481	50.1250	74.6750	
-0.0510	0.2501	0.1481	50.4250	74.7000	
-0.0510	0.2501	0.1480	52.0500	74.5750	
-0.0510	0.2500	0.1480	52.4750	74.6250	
-0.0510	0.2500	0.1480	51.1750	74.5750	
-0.0510	0.2500	0.1479	50.9500	74.7000	
-0.0510	0.2500	0.1479	51.1000	74.6250	
-0.0510	0.2499	0.1479	51.0500	74.6000	
-0.0510	0.2500	0.1479	50.7000	74.6750	
-0.0510	0.2499	0.1478	50.6250	74.6000	
-0.0510	0.2499	0.1478	50.6250	74.6000	
-0.0510	0.2499	0.1478	50.7250	74.8250	
-0.0510	0.2499	0.1478	50.7500	74.6250	
-0.0510	0.2498	0.1478	50.7750	74.2750	
-0.0510	0.2498	0.1478	51.3000	74.5000	
-0.0510	0.2498	0.1478	51.6250	74.6250	
-0.0510	0.2499	0.1478	51.9000	74.5000	
-0.0510	0.2498	0.1478	51.6750	74.5000	
-0.0510	0.2499	0.1478	51.4250	74.5750	
-0.0510	0.2499	0.1479	51.1000	74.6000	
-0.0511	0.2500	0.1479	50.7000	74.7500	
-0.0511	0.2501	0.1480	50.4500	74.8500	
-0.0511	0.2502	0.1480	50.0500	74.8500	
-0.0511	0.2502	0.1480	49.6500	74.7000	
-0.0511	0.2502	0.1480	49.6000	74.8250	
-0.0510	0.2501	0.1481	49.9000	74.7500	
-0.0510	0.2501	0.1480	51.6250	74.6500	
-0.0510	0.2500	0.1480	52.1250	74.5750	
-0.0510	0.2500	0.1479	51.6750	74.5500	
-0.0510	0.2500	0.1479	51.6000	74.8250	
-0.0511	0.2500	0.1478	51.5500	74.7000	
-0.0511	0.2500	0.1478	50.7750	74.8750	
-0.0511	0.2500	0.1478	50.8000	74.9000	
-0.0511	0.2500	0.1478	51.0500	74.7500	
-0.0511	0.2500	0.1478	51.1500	74.7500	
-0.0511	0.2499	0.1477	51.5250	74.8250	
-0.0511	0.2499	0.1477	51.3750	75.0250	
-0.0511	0.2499	0.1477	51.3500	74.6500	
-0.0511	0.2499	0.1477	51.0750	74.8750	
-0.0511	0.2498	0.1477	51.3500	74.9500	
-0.0511	0.2498	0.1477	52.1250	74.9250	
-0.0511	0.2498	0.1477	51.8000	74.9500	
-0.0510	0.2498	0.1477	51.7750	74.7750	
-0.0511	0.2499	0.1478	51.4750	75.1250	
-0.0511	0.2500	0.1478	50.9000	74.9500	
-0.0511	0.2501	0.1478	50.5000	74.8000	
-0.0511	0.2501	0.1479	49.9750	74.8750	
-0.0511	0.2502	0.1479	49.4000	75.0250	
-0.0511	0.2502	0.1480	49.2750	74.7250	
-0.0511	0.2501	0.1479	49.5750	74.6750	
-0.0510	0.2500	0.1479	51.2250	74.7500	
-0.0510	0.2499	0.1479	51.7250	74.6750	
-0.0511	0.2499	0.1478	51.3750	74.8000	
-0.0511	0.2500	0.1478	50.0000	74.6500	
-0.0511	0.2500	0.1477	50.6250	74.7250	
-0.0511	0.2500	0.1477	50.6250	74.9500	
-0.0511	0.2500	0.1477	51.2750	74.8250	
-0.0511	0.2500	0.1477	51.0000	74.9750	
-0.0511	0.2499	0.1477	51.2000	74.9000	
-0.0511	0.2500	0.1477	51.2500	74.9250	
-0.0512	0.2500	0.1477	51.3500	74.9750	
-0.0511	0.2499	0.1477	51.4750	74.9500	
-0.0511	0.2499	0.1477	51.3500	74.7500	
-0.0511	0.2499	0.1477	51.2500	74.9500	
-0.0511	0.2499	0.1477	51.6000	74.7750	
-0.0511	0.2499	0.1477	51.1000	74.6500	
-0.0511	0.2500	0.1477	51.0750	74.8000	
-0.0511	0.2499	0.1477	51.1000	74.6750	
-0.0511	0.2500	0.1478	50.7500	74.6500	
-0.0511	0.2500	0.1478	50.5750	74.7250	
-0.0511	0.2500	0.1478	50.2000	74.5000	
-0.0511	0.2500	0.1478	50.4750	74.4500	
-0.0511	0.2500	0.1478	50.9750	74.7500	
-0.0511	0.2500	0.1478	51.1000	74.6500	
-0.0511	0.2500	0.1478	50.9750	74.7250	
-0.0511	0.2500	0.1478	50.6500	74.7750	
-0.0511	0.2500	0.1477	50.4750	74.7750	
-0.0511	0.2500	0.1477	49.9500	74.7000	
-0.0512	0.2500	0.1477	49.7750	75.0250	
-0.0511	0.2500	0.1477	49.7500	74.8250	
-0.0512	0.2500	0.1477	49.5750	75.0500	
-0.0512	0.2501	0.1477	48.4750	75.0750	
-0.0512	0.2501	0.1476	48.3250	75.0750	
-0.0513	0.2502	0.1476	46.9750	75.1250	
-0.0516	0.2505	0.1473	45.6750	75.1000	
-0.0522	0.2512	0.1468	40.9750	74.9000	
-0.0535	0.2523	0.1452	38.0250	74.4000	
-0.0560	0.2541	0.1422	37.0500	73.3750	
-0.0585	0.2546	0.1375	45.7250	71.9750	
-0.0588	0.2499	0.1323	62.4500	70.6000	
-0.0558	0.2390	0.1274	72.7250	70.2500	
-0.0529	0.2300	0.1241	74.1750	69.4250	
-0.0534	0.2412	0.1344	62.9000	67.3500	
-0.0539	0.2524	0.1447	53.9750	63.6750	
-0.0532	0.2505	0.1442	57.9250	66.4250	
-0.0528	0.2490	0.1434	59.5500	68.0000	
-0.0524	0.2469	0.1420	62.7000	65.2750	
-0.0514	0.2443	0.1414	67.6500	67.2750	
-0.0504	0.2435	0.1426	62.3000	67.6500	
-0.0500	0.2457	0.1457	51.7000	68.5250	
-0.0504	0.2496	0.1488	49.5500	67.8000	
-0.0507	0.2514	0.1499	49.9000	67.8000	
-0.0515	0.2542	0.1513	46.5250	69.6750	
-0.0523	0.2570	0.1524	41.6250	69.9250	
-0.0532	0.2598	0.1534	36.6250	68.8500	
-0.0529	0.2590	0.1532	34.4750	68.2500	
-0.0521	0.2561	0.1520	33.7000	66.2000	
-0.0515	0.2548	0.1518	34.6250	66.2000	
-0.0510	0.2533	0.1514	41.7500	66.2250	
-0.0506	0.2519	0.1507	47.0500	67.6500	
-0.0503	0.2505	0.1499	52.0000	68.3000	
-0.0501	0.2494	0.1492	54.4250	68.5250	
-0.0500	0.2489	0.1489	54.9750	69.4500	
-0.0500	0.2486	0.1486	54.4750	69.7750	
-0.0500	0.2486	0.1487	54.1000	70.7000	
-0.0500	0.2487	0.1486	54.4000	71.2250	
-0.0502	0.2488	0.1485	53.9750	71.9500	
-0.0503	0.2489	0.1484	54.0250	72.4000	
-0.0505	0.2489	0.1479	53.9500	71.9000	
-0.0506	0.2487	0.1474	53.9750	70.5250	
-0.0507	0.2483	0.1470	54.6500	69.9250	
-0.0507	0.2482	0.1468	55.2500	70.1250	
-0.0506	0.2483	0.1471	54.4000	70.7000	
-0.0506	0.2485	0.1473	53.9000	71.2500	
-0.0506	0.2487	0.1475	53.8000	71.8250	
-0.0506	0.2489	0.1478	53.8250	72.4750	
-0.0505	0.2489	0.1478	54.2000	73.0250	
-0.0505	0.2490	0.1479	53.6500	73.2250	
-0.0505	0.2489	0.1479	53.4000	73.3250	
-0.0505	0.2490	0.1479	53.4750	73.6500	
-0.0506	0.2492	0.1481	52.9750	74.0250	
-0.0506	0.2492	0.1481	53.3000	74.3750	
-0.0506	0.2493	0.1481	53.4250	74.3000	
-0.0506	0.2493	0.1482	52.8250	74.4500	
-0.0506	0.2494	0.1482	52.4250	74.6750	
-0.0506	0.2494	0.1482	52.6000	74.8500	
-0.0506	0.2495	0.1482	52.8250	74.9000	
-0.0506	0.2494	0.1482	52.4750	74.9250	
-0.0506	0.2494	0.1481	52.7750	75.1750	
-0.0507	0.2494	0.1481	52.3250	75.2250	
-0.0507	0.2494	0.1481	52.5750	75.3000	
-0.0507	0.2494	0.1480	52.6000	75.4000	
-0.0507	0.2495	0.1481	52.4000	75.6000	
-0.0508	0.2495	0.1480	52.5500	75.7750	
-0.0508	0.2496	0.1480	51.8500	76.3750	
-0.0508	0.2495	0.1479	52.2000	76.4000	
-0.0508	0.2495	0.1479	52.5500	76.4250	
-0.0508	0.2495	0.1478	52.2750	76.5250	
-0.0508	0.2495	0.1478	52.2750	76.7250	
-0.0509	0.2495	0.1478	52.2250	77.1250	
-0.0509	0.2495	0.1478	52.2500	76.9750	
-0.0509	0.2495	0.1477	52.4750	77.2000	
-0.0509	0.2495	0.1477	52.6500	77.3750	
-0.0509	0.2495	0.1477	52.7750	77.4500	
-0.0509	0.2495	0.1477	52.4750	77.5750	
-0.0509	0.2494	0.1477	52.4750	77.4750	
-0.0509	0.2495	0.1476	52.8000	77.6250	
-0.0509	0.2494	0.1476	52.7500	78.1250	
-0.0509	0.2494	0.1476	52.3000	77.8500	
-0.0509	0.2494	0.1476	52.1000	77.8500	
-0.0509	0.2495	0.1476	52.6000	77.8000	
-0.0509	0.2495	0.1476	52.3500	77.9750	
-0.0509	0.2495	0.1476	52.6500	78.0000	
-0.0509	0.2494	0.1476	52.6000	78.0250	
-0.0509	0.2494	0.1476	52.4000	78.0750	
-0.0509	0.2494	0.1476	52.4000	78.2000	
-0.0509	0.2494	0.1476	52.5750	77.9250	
-0.0509	0.2494	0.1476	52.5000	78.0000	
-0.0509	0.2494	0.1476	52.8750	78.0750	
-0.0509	0.2494	0.1476	52.5500	78.2250	
-0.0509	0.2495	0.1476	52.2000	77.9750	
-0.0509	0.2495	0.1476	52.4750	77.9500	
-0.0509	0.2494	0.1476	52.6250	78.2000	
-0.0509	0.2495	0.1476	52.5750	78.0500	
-0.0509	0.2494	0.1476	52.6500	78.1000	
-0.0510	0.2495	0.1476	52.6000	78.2250	
-0.0510	0.2495	0.1476	52.3250	78.0750	
-0.0509	0.2495	0.1476	52.5250	77.9750	
-0.0510	0.2495	0.1476	52.5500	78.0750	
-0.0510	0.2495	0.1476	52.6000	78.1000	
-0.0510	0.2495	0.1476	52.4500	78.3000	
-0.0510	0.2495	0.1476	52.4250	78.0500	
-0.0510	0.2495	0.1476	52.5000	78.0500	
-0.0510	0.2495	0.1476	52.6250	78.1500	
-0.0510	0.2495	0.1476	52.3250	78.0750	
-0.0510	0.2495	0.1476	52.3250	78.0750	
-0.0510	0.2495	0.1476	52.3500	78.0750	
-0.0510	0.2495	0.1476	52.3250	78.0250	
-0.0510	0.2495	0.1476	52.3500	78.0750	
-0.0510	0.2495	0.1476	52.3500	78.0000	
-0.0510	0.2495	0.1476	52.2750	77.9750	
-0.0511	0.2498	0.1476	52.8000	78.1000	
-0.0510	0.2495	0.1476	52.1750	78.0750	
-0.0510	0.2496	0.1476	51.6750	78.0500	
-0.0510	0.2496	0.1476	52.3000	78.0250	
-0.0510	0.2497	0.1476	52.2250	78.0500	
-0.0510	0.2496	0.1476	52.2500	77.8250	
-0.0510	0.2497	0.1476	52.3500	77.8000	
-0.0511	0.2498	0.1476	51.5750	77.9500	
-0.0510	0.2496	0.1477	51.8500	78.0500	
-0.0510	0.2496	0.1476	52.1750	78.0750	
-0.0510	0.2497	0.1476	51.8250	77.6250	
-0.0510	0.2496	0.1476	52.3000	77.7750	
-0.0510	0.2496	0.1476	52.2000	78.0250	
-0.0510	0.2496	0.1476	52.0500	78.0500	
-0.0510	0.2496	0.1476	52.1750	78.0250	
-0.0510	0.2496	0.1476	51.9250	77.8500	
-0.0510	0.2497	0.1477	51.9750	78.0500	
-0.0510	0.2496	0.1476	52.1000	78.0500	
-0.0510	0.2496	0.1476	52.0000	78.0500	
-0.0510	0.2497	0.1476	51.9250	78.0250	
-0.0510	0.2497	0.1477	51.9000	77.9750	
-0.0510	0.2497	0.1477	51.7750	78.2000	
-0.0510	0.2497	0.1477	51.8750	77.8250	
-0.0510	0.2496	0.1476	52.0000	78.0750	
-0.0510	0.2497	0.1477	51.9750	77.8000	
-0.0510	0.2497	0.1477	51.9500	77.8250	
-0.0510	0.2497	0.1477	51.9000	77.8500	
-0.0510	0.2497	0.1476	51.7750	78.1500	
-0.0510	0.2498	0.1477	51.8750	77.7250	
-0.0510	0.2496	0.1476	52.0000	77.9250	
-0.0510	0.2497	0.1477	51.8250	77.8750	
-0.0510	0.2497	0.1477	51.8750	77.8250	
-0.0510	0.2497	0.1477	51.9000	77.8750	
-0.0510	0.2497	0.1477	51.8250	77.6500	
-0.0510	0.2498	0.1477	52.0250	77.7250	
-0.0510	0.2497	0.1477	51.8000	77.9750	
-0.0510	0.2497	0.1477	52.0000	77.8250	
-0.0510	0.2497	0.1477	51.8250	77.8750	
-0.0510	0.2497	0.1477	51.8000	77.8500	
-0.0510	0.2497	0.1477	51.6500	77.8750	
-0.0510	0.2497	0.1477	51.7750	77.6500	
-0.0511	0.2499	0.1477	51.5750	77.6750	
-0.0510	0.2497	0.1477	51.7500	77.9000	
-0.0510	0.2497	0.1477	51.9000	77.8250	
-0.0510	0.2497	0.1477	51.5750	77.9000	
-0.0510	0.2497	0.1477	51.7500	77.7750	
-0.0511	0.2498	0.1477	51.4500	77.9000	
-0.0510	0.2497	0.1477	51.5750	77.6750	
-0.0510	0.2497	0.1477	51.7500	77.8250	
-0.0510	0.2497	0.1477	51.7250	77.7250	
-0.0510	0.2497	0.1477	51.7250	77.8750	
-0.0510	0.2497	0.1477	51.7500	77.7250	
-0.0510	0.2498	0.1477	51.6500	77.7500	
-0.0510	0.2497	0.1477	51.5000	77.7500	
-0.0510	0.2497	0.1477	51.6000	77.8000	
-0.0510	0.2498	0.1477	51.6250	77.9500	
-0.0510	0.2497	0.1477	51.5250	77.9250	
-0.0511	0.2498	0.1477	51.6250	77.8250	
-0.0510	0.2497	0.1477	51.5500	77.9750	
-0.0510	0.2497	0.1477	51.5250	77.9500	
-0.0510	0.2498	0.1477	51.6250	77.9500	
-0.0510	0.2498	0.1477	51.4250	78.0750	
-0.0510	0.2498	0.1477	51.4250	78.0500	
-0.0511	0.2498	0.1477	51.5750	78.0750	
-0.0511	0.2498	0.1477	51.5750	78.1750	
-0.0510	0.2498	0.1477	51.4000	78.1250	
-0.0510	0.2498	0.1477	51.5000	77.8250	
-0.0511	0.2498	0.1477	51.5750	78.0750	
-0.0511	0.2498	0.1477	51.4000	78.1000	
-0.0510	0.2498	0.1477	51.4500	78.0500	
-0.0510	0.2498	0.1477	51.4750	78.2000	
-0.0511	0.2498	0.1477	51.4500	78.3000	
-0.0510	0.2498	0.1477	51.5750	78.0750	
-0.0511	0.2498	0.1477	51.6000	78.1000	
-0.0510	0.2498	0.1477	51.3750	78.2750	
-0.0511	0.2498	0.1477	51.2500	78.1250	
-0.0510	0.2498	0.1477	51.5750	78.2250	
-0.0510	0.2498	0.1477	51.4750	78.2000	
-0.0510	0.2498	0.1477	51.4000	78.0500	
-0.0511	0.2499	0.1477	51.5500	77.9500	
-0.0510	0.2498	0.1477	51.5500	77.8000	
-0.0511	0.2498	0.1477	51.6250	78.0500	
-0.0511	0.2498	0.1477	51.6750	78.1750	
-0.0511	0.2499	0.1477	51.3000	77.9250	
-0.0511	0.2499	0.1477	51.4000	78.0000	
-0.0511	0.2499	0.1477	51.8250	78.0250	
-0.0510	0.2498	0.1477	51.5500	78.0250	
-0.0511	0.2499	0.1477	51.5750	78.0500	
-0.0510	0.2498	0.1477	51.3000	78.1000	
-0.0511	0.2498	0.1477	51.2250	78.1500	
-0.0511	0.2498	0.1477	51.3500	77.9000	
-0.0511	0.2498	0.1477	51.5000	77.9250	
-0.0510	0.2498	0.1477	51.2500	77.9750	
-0.0511	0.2498	0.1477	51.2750	78.0000	
-0.0511	0.2498	0.1477	51.2750	77.8500	
-0.0510	0.2498	0.1477	51.2250	78.0000	
-0.0510	0.2498	0.1477	51.5250	78.0500	
-0.0510	0.2498	0.1477	51.3500	77.9500	
-0.0511	0.2498	0.1477	51.4750	77.9250	
-0.0511	0.2498	0.1477	51.3250	78.1750	
-0.0511	0.2498	0.1477	51.2750	77.9500	
-0.0511	0.2498	0.1477	51.2250	78.0500	
-0.0510	0.2498	0.1477	51.3500	77.9500	
-0.0510	0.2498	0.1477	51.3250	78.0750	
-0.0511	0.2498	0.1477	51.3000	77.9250	
-0.0511	0.2499	0.1477	51.1750	78.0000	
-0.0511	0.2498	0.1477	51.4250	77.9500	
-0.0510	0.2498	0.1477	51.5250	78.0750	
-0.0511	0.2498	0.1477	51.3250	78.0250	
-0.0511	0.2499	0.1477	51.2000	77.7750	
-0.0511	0.2498	0.1477	51.3250	77.8500	
-0.0511	0.2498	0.1477	51.3500	77.8000	
-0.0511	0.2498	0.1477	51.5000	77.8750	
-0.0511	0.2498	0.1477	51.2250	77.9250	
-0.0511	0.2499	0.1477	51.3750	77.7750	
-0.0510	0.2498	0.1477	51.1500	77.9000	
-0.0510	0.2498	0.1477	51.2250	77.9250	
-0.0510	0.2498	0.1477	51.3750	78.0250	
-0.0510	0.2498	0.1477	51.2750	77.8750	
-0.0511	0.2498	0.1477	51.2750	77.9500	
-0.0511	0.2498	0.1477	51.5250	77.8750	
-0.0510	0.2498	0.1477	51.4000	77.9000	
-0.0510	0.2498	0.1477	51.4750	77.8250	
-0.0511	0.2498	0.1477	51.3250	77.7750	
-0.0510	0.2498	0.1477	51.3000	77.8000	
-0.0511	0.2498	0.1477	51.3000	77.6250	
-0.0510	0.2498	0.1477	51.3750	77.7000	
-0.0511	0.2498	0.1477	51.1750	77.6500	
-0.0510	0.2498	0.1477	51.4000	77.5250	
-0.0510	0.2498	0.1477	51.2750	77.5750	
-0.0510	0.2498	0.1477	51.4500	77.7750	
-0.0510	0.2498	0.1477	51.2500	77.6500	
-0.0511	0.2498	0.1477	50.9500	77.7250	
-0.0510	0.2498	0.1477	51.2500	77.6250	
-0.0510	0.2498	0.1477	51.4250	77.7500	
-0.0510	0.2498	0.1477	51.4250	77.6500	
-0.0510	0.2498	0.1477	51.3500	77.6250	
-0.0510	0.2498	0.1477	51.4250	77.8500	
-0.0510	0.2498	0.1477	51.2250	77.7250	
-0.0510	0.2498	0.1477	51.2000	77.5750	
-0.0510	0.2498	0.1477	51.2500	77.7750	
-0.0511	0.2499	0.1477	51.2250	77.5500	
-0.0510	0.2498	0.1477	51.2750	77.7500	
-0.0510	0.2498	0.1477	51.2250	77.6500	
-0.0510	0.2498	0.1477	51.0250	77.5250	
-0.0510	0.2498	0.1477	51.2250	77.6750	
-0.0510	0.2498	0.1477	51.2000	77.4500	
-0.0510	0.2498	0.1477	51.1500	77.5500	
-0.0510	0.2498	0.1477	51.4750	77.6500	
-0.0510	0.2499	0.1478	51.3500	77.4000	
-0.0510	0.2498	0.1478	51.2750	77.6250	
-0.0510	0.2498	0.1478	51.2750	77.6250	
-0.0510	0.2498	0.1478	51.3500	77.4250	
-0.0510	0.2498	0.1478	51.1500	77.4000	
-0.0511	0.2499	0.1478	51.1750	77.4750	
-0.0510	0.2498	0.1478	51.0750	77.4500	
-0.0510	0.2498	0.1478	51.3000	77.3500	
-0.0510	0.2498	0.1478	51.2500	77.5000	
-0.0510	0.2498	0.1478	51.0250	77.4000	
-0.0511	0.2499	0.1477	50.8000	77.5250	
-0.0510	0.2498	0.1478	51.2250	77.2500	
-0.0510	0.2498	0.1478	51.1000	77.1500	
-0.0510	0.2498	0.1478	51.4250	77.2500	
-0.0510	0.2498	0.1477	51.3000	77.2500	
-0.0510	0.2498	0.1478	51.0500	77.3500	
-0.0510	0.2499	0.1478	51.0250	77.3250	
-0.0510	0.2498	0.1478	51.3500	77.2500	
-0.0511	0.2499	0.1478	51.2500	77.3000	
-0.0510	0.2498	0.1478	51.1750	77.3750	
-0.0510	0.2498	0.1478	50.9750	77.4250	
-0.0510	0.2498	0.1478	51.2000	77.2250	
-0.0510	0.2498	0.1478	51.0750	77.2250	
-0.0511	0.2499	0.1478	51.2500	77.3250	
-0.0510	0.2498	0.1478	50.9750	77.1500	
-0.0510	0.2498	0.1478	51.2000	77.2750	
-0.0510	0.2498	0.1478	51.2750	77.3250	
-0.0510	0.2498	0.1478	51.2500	77.4250	
-0.0511	0.2499	0.1478	50.9000	77.3250	
-0.0510	0.2499	0.1478	51.3250	77.3750	
-0.0510	0.2498	0.1478	51.1500	77.2500	
-0.0510	0.2498	0.1478	51.0750	77.3500	
-0.0510	0.2498	0.1478	51.3000	77.3500	
-0.0510	0.2498	0.1478	51.1000	77.4750	
-0.0510	0.2498	0.1478	50.9500	77.2500	
-0.0510	0.2498	0.1478	50.9500	77.3000	
-0.0510	0.2499	0.1478	51.2250	77.2500	
-0.0510	0.2498	0.1478	51.1000	77.2750	
-0.0510	0.2498	0.1478	51.0000	77.1500	
-0.0510	0.2498	0.1478	51.0250	77.1500	
-0.0510	0.2499	0.1478	51.0000	77.2000	
-0.0510	0.2498	0.1478	51.0750	77.0250	
-0.0510	0.2499	0.1478	50.8750	76.9500	
-0.0510	0.2498	0.1478	51.0250	77.0750	
-0.0510	0.2499	0.1478	50.9250	76.7500	
-0.0510	0.2498	0.1478	51.0000	76.8500	
-0.0510	0.2498	0.1478	50.9750	77.0500	
-0.0510	0.2499	0.1478	51.1000	76.8750	
-0.0510	0.2498	0.1478	51.0250	76.8750	
-0.0510	0.2498	0.1478	51.1000	76.8500	
-0.0510	0.2498	0.1478	51.0000	76.9250	
-0.0510	0.2498	0.1478	51.2500	77.0500	
-0.0510	0.2498	0.1478	51.1750	77.1750	
-0.0510	0.2498	0.1478	51.1500	76.8000	
-0.0510	0.2498	0.1478	51.1750	76.9250	
-0.0510	0.2498	0.1478	51.0250	76.8750	
-0.0510	0.2499	0.1478	50.8250	76.7250	
-0.0510	0.2499	0.1478	50.9000	76.7500	
-0.0510	0.2498	0.1478	51.0250	76.9000	
-0.0510	0.2498	0.1478	50.9500	76.6000	
-0.0510	0.2498	0.1478	51.1750	76.7750	
-0.0510	0.2499	0.1478	50.9750	76.8750	
-0.0510	0.2499	0.1478	50.9500	76.7500	
-0.0510	0.2499	0.1478	50.8000	76.5750	
-0.0510	0.2498	0.1478	50.8500	76.6500	
-0.0510	0.2498	0.1478	51.1250	76.6000	
-0.0510	0.2499	0.1478	50.9750	76.6250	
-0.0511	0.2499	0.1478	50.7500	76.6500	
-0.0510	0.2498	0.1478	50.9750	76.6500	
-0.0510	0.2499	0.1478	50.8750	76.6750	
-0.0510	0.2499	0.1478	50.8000	76.6250	
-0.0510	0.2498	0.1478	51.0000	76.6250	
-0.0510	0.2499	0.1478	50.8250	76.6250	
-0.0510	0.2498	0.1478	51.0500	76.6250	
-0.0510	0.2499	0.1478	51.1000	76.6750	
-0.0510	0.2498	0.1478	51.0000	76.6750	
-0.0510	0.2499	0.1478	50.7000	76.6000	
-0.0510	0.2498	0.1478	51.1250	76.7000	
-0.0510	0.2499	0.1478	51.1500	76.7000	
-0.0511	0.2500	0.1478	50.9250	76.7500	
-0.0510	0.2498	0.1478	50.9000	76.6000	
-0.0510	0.2499	0.1478	50.8250	76.6750	
-0.0510	0.2499	0.1478	50.9000	76.6250	
-0.0510	0.2499	0.1478	50.7250	76.6000	
-0.0510	0.2499	0.1478	51.2000	76.6500	
-0.0510	0.2498	0.1478	50.9500	76.6750	
-0.0510	0.2499	0.1478	50.7250	76.6000	
-0.0510	0.2499	0.1478	51.2000	76.6000	
-0.0510	0.2499	0.1478	50.8500	76.7000	
-0.0510	0.2499	0.1478	50.9750	76.4000	
-0.0511	0.2500	0.1479	50.5500	76.6250	
-0.0510	0.2499	0.1478	50.8750	76.5750	
-0.0510	0.2499	0.1478	50.6000	76.4750	
-0.0510	0.2498	0.1478	51.0250	76.5500	
-0.0510	0.2498	0.1478	51.0250	76.5250	
-0.0510	0.2499	0.1478	50.9000	76.4500	
-0.0510	0.2498	0.1478	50.7500	76.6000	
-0.0510	0.2499	0.1478	50.9750	76.3750	
-0.0510	0.2499	0.1478	50.9750	76.4000	
-0.0510	0.2498	0.1478	50.8000	76.6000	
-0.0510	0.2498	0.1478	51.0000	76.4500	
-0.0510	0.2499	0.1478	51.1500	76.4750	
-0.0510	0.2498	0.1478	51.0500	76.7000	
-0.0510	0.2499	0.1478	50.9000	76.4750	
-0.0510	0.2499	0.1479	50.8000	76.5250	
-0.0510	0.2499	0.1478	50.9000	76.5750	
-0.0510	0.2498	0.1478	50.8750	76.6500	
-0.0510	0.2499	0.1479	50.9250	76.5250	
-0.0510	0.2499	0.1478	51.0000	76.5250	
-0.0510	0.2499	0.1478	50.8250	76.4750	
-0.0510	0.2499	0.1479	50.8000	76.4000	
-0.0510	0.2499	0.1479	50.8250	76.4250	
-0.0510	0.2499	0.1479	50.7250	76.3250	
-0.0510	0.2499	0.1479	50.8500	76.3750	
-0.0510	0.2499	0.1478	50.8250	76.4250	
-0.0510	0.2499	0.1479	50.9500	76.3500	
-0.0510	0.2499	0.1478	50.7750	76.3750	
-0.0510	0.2499	0.1478	50.9500	76.2500	
-0.0510	0.2499	0.1479	50.6000	76.2500	
-0.0510	0.2499	0.1479	50.9000	76.4000	
-0.0510	0.2499	0.1479	50.5750	76.2250	
-0.0510	0.2499	0.1479	50.7750	76.2250	
-0.0510	0.2499	0.1479	50.6500	76.3250	
-0.0510	0.2499	0.1479	50.7250	76.2750	
-0.0510	0.2499	0.1478	50.7250	76.3750	
-0.0510	0.2498	0.1479	50.7500	76.3000	
-0.0510	0.2499	0.1479	50.5500	76.2000	
-0.0510	0.2499	0.1478	50.8000	76.2500	
-0.0510	0.2499	0.1479	50.8750	76.2750	
-0.0510	0.2498	0.1479	50.6000	76.2500	
-0.0510	0.2499	0.1479	50.5250	76.3000	
-0.0510	0.2499	0.1479	50.6000	75.9500	
-0.0510	0.2499	0.1479	50.6000	76.2000	
-0.0510	0.2499	0.1479	50.5500	76.2750	
-0.0510	0.2499	0.1479	50.7250	76.0250	
-0.0510	0.2499	0.1479	50.7750	76.2500	
-0.0510	0.2499	0.1479	50.9000	76.2250	
-0.0510	0.2499	0.1479	50.8000	76.1500	
-0.0510	0.2499	0.1479	50.6250	76.1750	
-0.0510	0.2499	0.1479	50.7250	76.1250	
-0.0510	0.2499	0.1479	50.4500	76.1000	
-0.0510	0.2499	0.1479	50.6750	76.1750	
-0.0510	0.2499	0.1479	50.8000	76.0750	
-0.0510	0.2499	0.1479	50.8250	76.0000	
-0.0510	0.2499	0.1479	50.6250	76.0000	
-0.0510	0.2499	0.1479	50.7000	76.1000	
-0.0510	0.2499	0.1479	50.1500	76.1250	
-0.0510	0.2499	0.1479	50.3750	75.9250	
-0.0510	0.2499	0.1479	50.7500	75.9750	
-0.0510	0.2499	0.1479	50.6250	76.0000	
-0.0510	0.2499	0.1479	50.9000	76.1250	
-0.0510	0.2499	0.1479	50.3750	75.9750	
-0.0510	0.2499	0.1479	50.5500	75.9750	
-0.0510	0.2499	0.1479	50.6000	76.1250	
-0.0510	0.2499	0.1479	50.5500	76.0000	
0.4926	50.0000	0.3998	50.0000	
0.4626	50.0000	0.3703	50.0000	
0.4327	50.0000	0.3452	50.0000	
0.4033	50.0000	0.3229	50.0000	
0.3749	50.0000	0.3034	50.0000	
0.3476	50.0000	0.2866	50.0000	
0.3220	50.0000	0.2729	55.0750	
0.2995	50.0000	0.2611	71.3250	
0.2808	50.0000	0.2507	74.6000	
0.2665	50.0250	0.2401	76.1250	
0.2571	50.0000	0.2288	75.2250	
0.2525	50.6250	0.2171	74.4000	
0.2507	50.0250	0.2052	74.2250	
0.2503	50.1750	0.1934	74.4000	
0.2502	50.4750	0.1825	74.6250	
0.2501	50.6250	0.1730	74.6250	
0.2501	50.7500	0.1653	74.9000	
0.2501	50.0250	0.1596	75.0000	
0.2500	49.1000	0.1558	75.0750	
0.2500	49.1000	0.1535	75.2500	
0.2501	49.9750	0.1523	75.2000	
0.2500	50.2750	0.1517	75.1250	
0.2500	50.4500	0.1513	75.1500	
0.2500	50.5500	0.1510	75.2750	
0.2500	50.6000	0.1508	75.3500	
0.2500	50.6500	0.1507	75.4750	
0.2500	50.7750	0.1505	75.5250	
0.2500	50.5750	0.1503	75.5250	
0.2500	50.6500	0.1503	75.5750	
0.2500	50.7750	0.1501	75.6250	
0.2500	51.1750	0.1500	75.7000	
0.2500	50.7500	0.1498	75.7500	
0.2500	50.8250	0.1497	75.7750	
0.2501	50.6250	0.1497	75.7500	
0.2500	50.5250	0.1495	75.7750	
0.2500	50.4000	0.1495	75.8500	
0.2500	50.4250	0.1494	75.8750	
0.2500	50.5500	0.1493	76.0250	
0.2500	50.3250	0.1492	76.0250	
0.2500	50.2750	0.1492	76.0750	
0.2500	50.3750	0.1491	76.0250	
0.2500	50.5500	0.1490	76.0000	
0.2500	50.5250	0.1489	76.0000	
0.2500	50.5000	0.1489	76.0000	
0.2500	50.4250	0.1488	76.0250	
0.2500	50.4500	0.1488	76.0000	
0.2500	50.3750	0.1487	75.9750	
0.2500	50.1750	0.1487	75.9750	
0.2500	50.4500	0.1486	75.9250	
0.2500	50.6000	0.1485	75.8750	
0.2500	50.4000	0.1485	75.8750	
0.2500	50.2500	0.1485	75.8500	
0.2500	50.3750	0.1484	75.8000	
0.2500	50.3250	0.1484	75.7250	
0.2500	50.4500	0.1483	75.7500	
0.2500	50.4000	0.1483	75.7750	
0.2500	50.2250	0.1483	75.7500	
0.2500	50.8000	0.1483	75.7750	
0.2500	50.2500	0.1482	75.7250	
0.2500	50.5000	0.1482	75.7250	
0.2500	50.2250	0.1482	75.7250	
0.2500	50.2500	0.1482	75.7000	
0.2500	50.3250	0.1481	75.7250	
0.2500	50.2750	0.1482	75.7250	
0.2500	50.3500	0.1481	75.7250	
0.2500	50.5750	0.1481	75.7000	
0.2500	50.5250	0.1480	75.7250	
0.2500	50.3500	0.1480	75.6750	
0.2500	50.6250	0.1480	75.7250	
0.2500	50.5750	0.1480	75.7250	
0.2500	50.8500	0.1481	75.7250	
0.2500	50.1000	0.1480	75.7250	
0.2500	50.2750	0.1480	75.7000	
0.2500	50.5750	0.1480	75.7000	
0.2500	50.9000	0.1479	75.7000	
0.2499	51.1250	0.1479	75.7000	
0.2500	50.4750	0.1479	75.6750	
0.2500	50.7000	0.1479	75.7000	
0.2500	51.0500	0.1479	75.7000	
0.2499	50.7500	0.1479	75.7250	
0.2499	50.5750	0.1478	75.7000	
0.2499	50.3750	0.1478	75.7250	
0.2499	50.6500	0.1478	75.7250	
0.2499	50.7500	0.1478	75.7250	
0.2499	50.5500	0.1478	75.7000	
0.2499	50.4500	0.1478	75.7000	
0.2499	50.9250	0.1478	75.7250	
0.2499	51.0750	0.1478	75.7250	
0.2499	50.8750	0.1478	75.6500	
0.2499	50.5500	0.1477	75.7250	
0.2499	50.3500	0.1477	75.6750	
0.2499	50.7750	0.1477	75.7500	
0.2499	51.1000	0.1478	75.7500	
0.2499	50.9250	0.1477	75.7500	
0.2499	50.8500	0.1477	75.7500	
0.2499	50.8250	0.1477	75.7750	
0.2499	50.8000	0.1477	75.8250	
0.2499	50.9000	0.1477	75.8000	
0.2499	50.8750	0.1477	75.8000	
0.2499	50.8500	0.1477	75.8250	
0.2499	50.8750	0.1477	75.8500	
0.2499	50.8250	0.1477	75.8250	
0.2499	50.6750	0.1477	75.9000	
0.2499	51.2500	0.1477	75.9750	
0.2499	51.0500	0.1477	75.8000	
0.2499	51.1250	0.1476	76.0000	
0.2499	50.9500	0.1476	75.8750	
0.2499	50.6750	0.1476	75.9000	
0.2499	50.9250	0.1477	75.9500	
0.2499	51.3000	0.1476	75.9500	
0.2499	51.0750	0.1476	75.9000	
0.2499	51.1750	0.1476	76.0000	
0.2499	51.0750	0.1476	75.9500	
0.2499	50.7250	0.1476	75.9500	
0.2499	50.3000	0.1477	76.0000	
0.2499	50.4000	0.1476	75.9500	
0.2499	50.7750	0.1476	75.9500	
0.2499	50.8750	0.1476	76.0000	
0.2499	51.1500	0.1476	75.9500	
0.2499	50.8250	0.1476	75.9500	
0.2499	51.1500	0.1476	76.0000	
0.2499	50.9000	0.1477	76.0250	
0.2499	51.1500	0.1476	76.0500	
0.2499	51.0000	0.1476	76.0000	
0.2499	51.1000	0.1476	76.0000	
0.2499	50.8500	0.1476	75.9750	
0.2499	50.8250	0.1476	75.9750	
0.2499	51.0500	0.1475	76.0250	
0.2499	50.7500	0.1476	75.9750	
0.2499	50.9750	0.1475	76.0250	
0.2499	51.2000	0.1476	76.0250	
0.2498	51.1750	0.1475	75.9750	
0.2499	50.9750	0.1475	76.0250	
0.2499	50.9500	0.1475	76.0250	
0.2498	51.1000	0.1475	75.9750	
0.2498	51.3000	0.1475	76.0000	
0.2498	51.3000	0.1475	75.9750	
0.2498	51.2000	0.1475	76.0250	
0.2498	51.1500	0.1475	76.0000	
0.2499	51.0250	0.1475	75.9500	
0.2498	50.6500	0.1475	76.0250	
0.2498	51.1250	0.1475	76.0000	
0.2499	51.3250	0.1476	76.0000	
0.2498	51.1000	0.1475	75.9500	
0.2499	50.8000	0.1477	75.9750	
0.2498	51.2750	0.1475	75.9750	
0.2499	50.9250	0.1475	76.0000	
0.2499	51.0500	0.1475	76.0000	
0.2499	50.9500	0.1475	75.9500	
0.2498	50.5000	0.1475	76.0000	
0.2498	50.6250	0.1475	75.9750	
0.2498	51.1000	0.1475	76.0000	
0.2498	50.9750	0.1475	76.0000	
0.2498	51.0750	0.1475	75.9750	
0.2498	51.0250	0.1475	76.0000	
0.2498	51.3000	0.1475	75.9750	
0.2498	51.0250	0.1475	75.9750	
0.2498	50.6500	0.1475	75.9750	
0.2498	51.4750	0.1475	75.9750	
0.2498	51.2250	0.1475	75.9500	
0.2498	51.3000	0.1475	76.0000	
0.2498	50.8750	0.1475	76.0000	
0.2498	51.1250	0.1475	75.9500	
0.2498	51.1750	0.1475	75.9750	
0.2498	51.2750	0.1475	76.0000	
0.2498	51.1750	0.1475	75.9750	
0.2498	51.2250	0.1475	75.9750	
0.2498	50.7500	0.1475	75.9500	
0.2498	51.1750	0.1476	75.9750	
0.2498	51.3500	0.1475	76.0250	
0.2498	50.1500	0.1475	76.0250	
0.2498	50.8250	0.1474	76.0000	
0.2498	51.4000	0.1475	75.9750	
0.2498	51.3500	0.1475	75.9750	
0.2498	51.1750	0.1475	76.0250	
0.2498	51.3000	0.1475	75.9750	
0.2498	51.2000	0.1474	76.0000	
0.2498	51.3000	0.1474	76.0000	
0.2498	51.0250	0.1475	75.9750	
0.2498	51.3000	0.1474	75.9500	
0.2498	51.3250	0.1474	75.9750	
0.2498	50.7500	0.1474	75.9750	
0.2498	51.2750	0.1474	75.9750	
0.2498	51.4500	0.1475	75.9750	
0.2498	51.9250	0.1474	76.0000	
0.2498	51.3250	0.1474	75.9500	
0.2498	51.0000	0.1475	75.9500	
0.2498	51.0000	0.1475	75.9750	
0.2498	50.3750	0.1474	75.9750	
0.2498	51.2500	0.1476	75.9750	
0.2498	56.3750	0.1474	75.9750	
0.2498	55.9500	0.1474	75.9500	
0.2498	50.2000	0.1474	75.9750	
0.2498	50.5500	0.1474	75.9750	
0.2498	54.5500	0.1475	75.9750	
0.2498	51.5250	0.1475	75.9750	
0.2498	50.8000	0.1475	76.0250	
0.2498	51.0250	0.1474	76.0000	
0.2497	51.5250	0.1474	75.9750	
0.2497	52.4250	0.1474	75.9750	
0.2498	51.0500	0.1474	76.0250	
0.2498	51.2500	0.1474	75.9750	
0.2497	51.3000	0.1474	76.0250	
0.2497	51.2750	0.1474	75.9750	
0.2497	51.3750	0.1474	75.9500	
0.2497	53.1000	0.1474	75.9750	
0.2498	53.6500	0.1474	75.9500	
0.2497	50.5750	0.1474	76.0000	
0.2497	50.3750	0.1474	76.0000	
0.2499	50.1250	0.1474	76.0500	
0.2498	53.9500	0.1474	76.0250	
0.2498	55.8750	0.1474	75.9500	
0.2497	52.3500	0.1474	76.0250	
0.2498	50.8250	0.1474	76.0250	
0.2498	51.4500	0.1476	75.9750	
0.2498	51.1250	0.1474	75.9750	
0.2497	51.1000	0.1474	76.0000	
0.2497	51.3750	0.1473	76.0000	
0.2497	54.5000	0.1474	75.9750	
0.2497	54.5250	0.1474	76.0000	
0.2497	51.1250	0.1474	76.0250	
0.2497	50.3000	0.1474	76.0000	
0.2497	50.4750	0.1473	75.9750	
0.2497	50.9250	0.1473	76.0250	
0.2497	53.3750	0.1473	75.9500	
0.2497	54.4500	0.1474	76.0000	
0.2497	54.0750	0.1473	75.9750	
0.2497	51.0000	0.1474	75.9500	
0.2497	50.8500	0.1474	76.0000	
0.2497	51.2750	0.1474	76.0000	
0.2497	51.7750	0.1474	75.9500	
0.2497	54.3750	0.1474	76.0250	
0.2497	55.9000	0.1473	75.9500	
0.2497	51.1000	0.1474	76.0250	
0.2497	51.8750	0.1473	75.9750	
0.2497	53.1000	0.1473	75.9500	
0.2497	51.0000	0.1475	75.9500	
0.2497	53.1750	0.1474	76.0500	
0.2497	55.6750	0.1473	75.9750	
0.2497	51.8000	0.1473	76.0000	
0.2497	50.4500	0.1473	75.9750	
0.2496	53.6000	0.1473	76.0000	
0.2497	54.5750	0.1473	75.9750	
0.2497	54.0250	0.1473	75.9500	
0.2497	51.5500	0.1474	76.0000	
0.2497	49.7500	0.1473	76.0000	
0.2497	51.1250	0.1473	76.0000	
0.2497	55.3250	0.1473	75.9750	
0.2497	54.0000	0.1473	75.9750	
0.2497	51.5000	0.1473	75.9750	
0.2497	51.1250	0.1473	75.9750	
0.2496	52.2250	0.1473	75.9750	
0.2496	52.2750	0.1473	75.9500	
0.2496	52.0250	0.1473	76.0250	
0.2496	54.5000	0.1472	76.0000	
0.2497	55.1250	0.1472	75.9750	
0.2496	52.8000	0.1472	75.9750	
0.2496	50.3750	0.1472	75.9750	
0.2496	51.8750	0.1472	76.0000	
0.2496	53.4250	0.1473	76.0000	
0.2496	54.7750	0.1473	76.0500	
0.2496	55.0250	0.1472	75.9750	
0.2496	50.7250	0.1472	76.0000	
0.2496	50.6250	0.1472	75.9250	
0.2497	53.8000	0.1472	76.0000	
0.2497	52.3750	0.1473	76.0000	
0.2497	51.1000	0.1473	76.0250	
0.2496	55.4250	0.1472	76.0250	
0.2496	56.3250	0.1472	76.0250	
0.2496	52.8500	0.1472	76.0250	
0.2496	50.4750	0.1472	75.9750	
0.2496	53.9000	0.1472	75.9750	
0.2496	54.6250	0.1472	75.9750	
0.2496	55.0750	0.1472	75.9750	
0.2496	51.7250	0.1472	75.9750	
0.2496	52.1750	0.1472	75.9750	
0.2496	55.3750	0.1472	75.9750	
0.2496	54.7500	0.1472	75.9750	
0.2496	54.6000	0.1472	76.0000	
0.2496	55.4250	0.1473	75.9750	
0.2496	54.5750	0.1472	75.9500	
0.2496	51.9000	0.1472	75.9750	
0.2496	53.8250	0.1472	75.9750	
0.2496	56.5500	0.1472	76.0250	
0.2496	50.2250	0.1472	76.0250	
0.2496	54.4250	0.1472	75.9750	
0.2496	54.5000	0.1472	75.9750	
0.2496	52.3250	0.1472	76.0000	
0.2496	50.7750	0.1472	76.0000	
0.2496	54.4500	0.1471	75.9750	
0.2496	54.5750	0.1471	75.9500	
0.2496	53.1750	0.1472	75.9750	
0.2496	51.9250	0.1472	76.0000	
0.2496	54.7750	0.1472	76.0000	
0.2496	55.0250	0.1472	75.9500	
0.2496	54.8250	0.1472	75.9750	
0.2496	55.2250	0.1472	76.0000	
0.2495	52.0250	0.1471	75.9750	
0.2496	50.3000	0.1471	76.0000	
0.2496	54.4750	0.1472	75.9750	
0.2496	54.8750	0.1471	76.0000	
0.2496	55.1250	0.1471	76.0000	
0.2495	54.8000	0.1471	75.9750	
0.2496	51.8750	0.1471	75.9750	
0.2495	52.4750	0.1471	75.9750	
0.2496	54.3250	0.1471	75.9500	
0.2496	53.3000	0.1471	75.9750	
0.2496	52.3500	0.1471	75.9500	
0.2495	54.8500	0.1470	75.9750	
0.2496	54.7000	0.1471	75.9500	
0.2495	55.3750	0.1471	75.9750	
0.2495	51.9250	0.1471	75.9500	
0.2496	50.4750	0.1471	75.9750	
0.2496	54.3500	0.1472	76.0000	
0.2495	54.8250	0.1471	75.9500	
0.2495	55.5000	0.1471	75.9500	
0.2496	50.8500	0.1471	76.0000	
0.2496	53.4000	0.1472	75.9750	
0.2495	54.5250	0.1470	75.9500	
0.2495	53.9500	0.1470	75.9500	
0.2495	51.9500	0.1471	75.9500	
0.2495	55.1750	0.1471	76.0000	
0.2495	54.5000	0.1472	76.0000	
0.2495	55.5000	0.1471	75.9750	
0.2495	52.8500	0.1471	75.9750	
0.2496	54.2250	0.1470	76.0000	
0.2496	52.0500	0.1470	76.0000	
0.2495	54.1500	0.1470	75.9750	
0.2495	55.2000	0.1470	75.9750	
0.2495	55.2750	0.1470	75.9500	
0.2495	54.8750	0.1470	75.9750	
0.2495	55.3000	0.1470	76.0000	
0.2495	51.2250	0.1470	76.0000	
0.2495	54.3500	0.1470	75.9750	
0.2495	55.0000	0.1470	76.0000	
0.2495	54.8500	0.1470	75.9500	
0.2495	53.5500	0.1470	75.9500	
0.2495	54.3250	0.1470	76.0250	
0.2495	56.2250	0.1470	75.9750	
0.2495	55.9000	0.1470	75.9500	
0.2495	55.8250	0.1470	75.9750	
0.2496	50.3250	0.1469	75.9750	
0.2495	55.6500	0.1470	76.0000	
0.2495	55.1750	0.1470	75.9750	
0.2495	55.0000	0.1470	75.9500	
0.2495	52.8750	0.1469	75.9750	
0.2495	50.5750	0.1470	76.0250	
0.2495	53.8500	0.1469	75.9750	
0.2494	54.3250	0.1469	75.9750	
0.2494	54.4500	0.1469	75.9750	
0.2495	54.7000	0.1469	76.0000	
0.2495	53.0750	0.1469	75.9750	
0.2495	53.6000	0.1469	75.9750	
0.2494	55.7250	0.1469	75.9750	
0.2494	53.2750	0.1469	75.9750	
0.2495	55.5250	0.1469	75.9750	
0.2495	55.1250	0.1469	76.0000	
0.2494	56.2500	0.1469	75.9750	
0.2495	52.0500	0.1469	75.9750	
0.2495	54.2000	0.1469	76.0000	
0.2495	54.4250	0.1469	75.9500	
0.2494	54.2250	0.1469	75.9500	
0.2494	52.1000	0.1469	75.9500	
0.2495	55.1750	0.1469	75.9750	
0.2494	56.0000	0.1469	75.9500	
0.2494	55.1500	0.1469	75.9750	
0.2495	55.0000	0.1469	75.9500	
0.2494	54.8250	0.1468	75.9500	
0.2494	51.7750	0.1469	75.9750	
0.2494	55.1250	0.1469	75.9750	
0.2495	55.3250	0.1468	75.9750	
0.2494	56.0250	0.1468	75.9750	
0.2494	55.4000	0.1468	75.9500	
0.2494	54.5000	0.1468	75.9500	
0.2495	54.5250	0.1469	75.9750	
0.2494	55.4000	0.1468	76.0000	
0.2495	52.4000	0.1468	75.9750	
0.2495	51.9750	0.1469	76.0000	
0.2494	55.0750	0.1468	75.9750	
0.2494	55.2750	0.1468	76.0000	
0.2495	54.2000	0.1470	75.9500	
0.2494	55.6750	0.1468	76.0250	
0.2494	54.9750	0.1468	75.9750	
0.2494	54.9500	0.1468	75.9750	
0.2494	53.6500	0.1468	76.0000	
0.2494	53.0250	0.1468	75.9500	
0.2494	52.8500	0.1468	75.9750	
0.2494	55.1000	0.1468	75.9500	
0.2494	55.1750	0.1468	76.0000	
0.2494	56.2250	0.1467	75.9750	
0.2494	52.6250	0.1467	75.9750	
0.2494	54.6500	0.1467	75.9250	
0.2494	55.0500	0.1467	75.9750	
0.2494	53.8750	0.1467	75.9500	
0.2494	54.3250	0.1467	75.9500	
0.2494	55.2000	0.1467	75.9500	
0.2494	54.6750	0.1467	75.9500	
0.2493	55.1500	0.1467	75.9500	
0.2494	55.2500	0.1467	76.0250	
0.2494	54.7500	0.1467	75.9750	
0.2494	55.6500	0.1467	75.9750	
0.2494	53.3000	0.1467	75.9500	
0.2494	54.3500	0.1467	75.9750	
0.2493	54.9250	0.1467	75.9750	
0.2493	55.2250	0.1467	75.9500	
0.2493	55.5750	0.1467	75.9500	
0.2494	53.6750	0.1467	75.9750	
0.2494	54.8500	0.1467	75.9750	
0.2493	54.5750	0.1466	75.9750	
0.2493	55.7750	0.1467	75.9500	
0.2493	55.9000	0.1466	75.9500	
0.2493	55.9500	0.1466	75.9750	
0.2493	55.5000	0.1466	75.9750	
0.2493	54.5250	0.1466	75.9750	
0.2493	54.8500	0.1467	75.9500	
0.2494	53.6750	0.1467	75.9750	
0.2493	55.0500	0.1466	75.9500	
0.2493	55.0750	0.1466	75.9750	
0.2493	55.5500	0.1466	75.9750	
0.2493	55.8500	0.1466	75.9750	
0.2494	52.8000	0.1467	75.9750	
0.2493	55.3250	0.1466	75.9750	
0.2494	54.3000	0.1466	75.9750	
0.2493	55.0500	0.1466	75.9500	
0.2493	53.0500	0.1466	76.0000	
0.2493	54.5250	0.1466	75.9500	
0.2493	55.3250	0.1466	75.9750	
0.2493	55.7500	0.1465	75.9750	
0.2493	54.9000	0.1465	75.9750	
0.2493	54.9750	0.1465	75.9500	
0.2494	54.2750	0.1466	75.9500	
0.2493	52.9500	0.1465	76.0000	
0.2493	53.1250	0.1465	76.0000	
0.2493	54.6500	0.1465	75.9750	
0.2493	54.4250	0.1465	75.9750	
0.2493	55.5500	0.1465	76.0000	
0.2493	55.2250	0.1465	75.9500	
0.2493	55.0250	0.1465	75.9750	
0.2493	55.0000	0.1465	75.9500	
0.2493	54.9500	0.1465	75.9750	
0.2493	55.1750	0.1465	76.0000	
0.2492	55.0250	0.1465	75.9750	
0.2493	54.4250	0.1465	75.9750	
0.2493	55.2250	0.1465	75.9750	
0.2493	55.0750	0.1465	75.9500	
0.2493	55.2750	0.1464	75.9750	
0.2493	54.9750	0.1464	76.0000	
0.2492	55.0750	0.1464	75.9750	
0.2493	52.9500	0.1464	75.9500	
0.2493	54.8500	0.1465	76.0000	
0.2492	55.5750	0.1464	76.0000	
0.2492	55.7250	0.1464	75.9750	
0.2492	56.3250	0.1464	75.9500	
0.2493	55.0000	0.1464	75.9500	
0.2492	55.5000	0.1464	75.9750	
0.2492	55.3000	0.1464	75.9500	
0.2492	55.2000	0.1464	75.9750	
0.2492	55.4750	0.1464	75.9750	
0.2492	56.2500	0.1464	75.9500	
0.2492	56.0750	0.1464	75.9500	
0.2492	56.3000	0.1463	75.9250	
0.2492	55.8750	0.1463	76.0000	
0.2492	55.1250	0.1463	75.9750	
0.2493	54.2750	0.1463	75.9750	
0.2493	54.7500	0.1464	75.9500	
0.2492	56.1000	0.1463	76.0000	
0.2492	52.5500	0.1463	75.9750	
0.2492	54.4500	0.1463	75.9750	
0.2492	54.7000	0.1464	76.0000	
0.2493	53.4250	0.1464	75.9750	
0.2492	54.7250	0.1463	75.9750	
0.2493	55.5750	0.1463	75.9750	
0.2492	55.1750	0.1463	75.9500	
0.2492	56.1250	0.1462	75.9500	
0.2492	56.1750	0.1462	75.9750	
0.2492	54.8750	0.1462	75.9500	
0.2492	54.6000	0.1462	75.9500	
0.2492	55.4500	0.1463	75.9750	
0.2492	53.7250	0.1462	75.9750	
0.2492	53.8250	0.1462	75.9750	
0.2492	55.2250	0.1462	75.9500	
0.2492	55.2500	0.1463	75.9750	
0.2492	55.0250	0.1462	75.9750	
0.2492	55.8750	0.1462	75.9500	
0.2492	54.3000	0.1462	75.9500	
0.2492	55.0250	0.1462	75.9500	
0.2492	54.8500	0.1462	75.9500	
0.2492	55.1000	0.1461	76.0000	
0.2492	54.5750	0.1462	75.9250	
0.2492	54.9250	0.1462	75.9750	
0.2491	55.6250	0.1461	75.9500	
0.2492	55.4250	0.1461	75.9500	
0.2491	55.2000	0.1461	75.9750	
0.2491	55.1250	0.1461	75.9500	
0.2492	55.0750	0.1461	76.0000	
0.2492	55.7500	0.1461	75.9250	
0.2492	55.4000	0.1462	75.9750	
0.2491	56.0250	0.1461	75.9750	
0.2491	55.6000	0.1462	75.9500	
0.2491	55.3500	0.1461	75.9500	
0.2491	55.3750	0.1461	75.9500	
0.2491	55.1250	0.1461	75.9750	
0.2491	54.8750	0.1461	75.9500	
0.2491	54.9500	0.1460	75.9750	
0.2491	54.0250	0.1460	75.9500	
0.2491	54.8500	0.1460	75.9750	
0.2492	55.5000	0.1460	75.9500	
0.2491	55.2000	0.1460	75.9500	
0.2491	55.1000	0.1460	75.9500	
0.2492	54.2750	0.1460	75.9500	
0.2491	54.6250	0.1460	75.9500	
0.2491	54.7500	0.1460	75.9750	
0.2491	54.8250	0.1460	75.9750	
0.2491	55.2750	0.1460	75.9750	
0.2491	53.9250	0.1460	75.9250	
0.2491	55.4250	0.1459	76.0000	
0.2491	56.1000	0.1460	76.0000	
0.2491	55.2250	0.1459	76.0250	
0.2491	55.0250	0.1459	75.9750	
0.2491	55.7750	0.1459	75.9750	
0.2491	55.6750	0.1459	75.9750	
0.2491	55.6750	0.1459	75.9750	
0.2491	55.4250	0.1460	76.0000	
0.2490	54.4000	0.1459	75.9750	
0.2490	56.2000	0.1459	76.0250	
0.2491	55.3750	0.1458	76.0000	
0.2491	55.8500	0.1458	76.0250	
0.2491	55.1250	0.1459	76.0250	
0.2490	55.6500	0.1458	76.0000	
0.2490	56.0000	0.1458	76.0250	
0.2490	55.9750	0.1458	76.0250	
0.2491	55.6250	0.1458	76.0500	
0.2490	55.4250	0.1458	76.0250	
0.2491	54.8750	0.1458	75.9750	
0.2490	55.1500	0.1457	76.0500	
0.2490	55.6000	0.1457	75.9750	
0.2490	55.5750	0.1458	76.0000	
0.2490	55.4500	0.1458	76.0250	
0.2490	54.7500	0.1457	76.0500	
0.2491	55.3500	0.1457	76.0250	
0.2490	55.1250	0.1457	76.0500	
0.2490	54.2000	0.1457	76.0250	
0.2490	55.8500	0.1457	76.0250	
0.2490	55.5000	0.1457	76.0000	
0.2491	56.0500	0.1457	76.0500	
0.2490	56.5250	0.1456	76.0250	
0.2490	54.8500	0.1456	76.0250	
0.2490	55.2250	0.1456	76.0250	
0.2490	55.4000	0.1456	76.0250	
0.2490	55.2000	0.1456	76.0500	
0.2491	54.3500	0.1458	76.0500	
0.2490	55.2000	0.1456	76.0250	
0.2490	55.2000	0.1456	76.0000	
0.2490	55.8250	0.1456	76.0000	
0.2490	55.4500	0.1456	76.0500	
0.2490	56.0500	0.1455	76.0250	
0.2490	55.8250	0.1455	76.0250	
0.2490	55.2250	0.1455	76.0250	
0.2490	55.4000	0.1455	76.0000	
0.2490	55.6750	0.1455	76.0250	
0.2490	55.8750	0.1455	76.0500	
0.2490	55.7000	0.1455	76.0500	
0.2490	54.9500	0.1455	76.0500	
0.2490	54.4250	0.1455	76.0500	
0.2490	55.2250	0.1455	76.0250	
0.2489	56.2500	0.1454	76.0250	
0.2490	55.6000	0.1455	76.0250	
0.2489	55.3500	0.1454	76.0500	
0.2490	54.8750	0.1454	76.0500	
0.2489	55.7750	0.1454	76.0250	
0.2489	55.5000	0.1454	76.0500	
0.2489	55.1500	0.1454	76.0000	
0.2490	55.1000	0.1456	76.0000	
0.2489	55.1750	0.1453	76.0000	
0.2490	52.9250	0.1454	76.0250	
0.2489	55.1250	0.1453	76.0250	
0.2489	54.9750	0.1454	76.0500	
0.2490	55.0250	0.1453	76.0500	
0.2489	55.7000	0.1454	76.0500	
0.2489	53.8250	0.1453	76.0250	
0.2490	52.7250	0.1453	76.0250	
0.2489	55.0750	0.1453	76.0500	
0.2489	55.1250	0.1453	76.0250	
0.2489	55.1250	0.1452	76.0500	
0.2489	55.9250	0.1452	76.0250	
0.2489	55.5250	0.1452	76.0000	
0.2490	55.1750	0.1452	76.0500	
0.2489	54.0000	0.1452	76.0250	
0.2490	53.6500	0.1452	76.0250	
0.2489	56.2250	0.1452	76.0250	
0.2489	55.3750	0.1451	76.0250	
0.2489	55.1500	0.1451	76.0250	
0.2489	55.3500	0.1451	76.0500	
0.2489	55.6000	0.1451	75.9750	
0.2489	56.0250	0.1451	76.0500	
0.2489	55.2000	0.1451	76.0250	
0.2489	54.8750	0.1451	76.0250	
0.2488	55.6500	0.1451	76.0250	
0.2489	53.2250	0.1450	76.0000	
0.2489	55.8500	0.1450	76.0000	
0.2489	55.0750	0.1450	76.0250	
0.2489	55.7500	0.1450	76.0250	
0.2489	55.1500	0.1450	76.0250	
0.2488	56.2000	0.1450	76.0250	
0.2489	55.6750	0.1451	76.0000	
0.2489	55.3750	0.1450	76.0250	
0.2488	55.8500	0.1450	76.0250	
0.2489	54.5500	0.1450	76.0500	
0.2488	55.7500	0.1450	76.0250	
0.2489	54.9250	0.1449	76.0250	
0.2488	56.0250	0.1449	76.0250	
0.2488	55.7000	0.1449	76.0500	
0.2488	56.1750	0.1449	76.0000	
0.2489	54.9250	0.1449	76.0000	
0.2488	56.2750	0.1448	76.0250	
0.2488	56.1000	0.1449	76.0000	
0.2488	56.2750	0.1448	76.0500	
0.2488	56.0500	0.1448	75.9750	
0.2488	54.9000	0.1448	75.9750	
0.2488	55.8250	0.1448	75.9750	
0.2488	55.9000	0.1448	75.9750	
0.2488	56.1750	0.1448	76.0500	
0.2488	55.2750	0.1447	76.0250	
0.2488	55.3250	0.1448	75.9750	
0.2488	55.7250	0.1447	76.0000	
0.2488	54.8750	0.1447	76.0000	
0.2488	56.4750	0.1447	76.0250	
0.2489	55.4250	0.1447	76.0500	
0.2488	55.8000	0.1447	76.0500	
0.2488	54.9500	0.1447	75.9750	
0.2488	55.1500	0.1446	75.9750	
0.2488	56.0000	0.1446	75.9500	
0.2488	54.9250	0.1446	76.0250	
0.2488	55.7500	0.1446	76.0000	
0.2488	55.8250	0.1446	76.0250	
0.2488	56.0500	0.1446	75.9750	
0.2487	55.5250	0.1445	76.0500	
0.2488	55.3750	0.1445	76.0000	
0.2488	55.2750	0.1445	76.0250	
0.2488	55.3500	0.1445	76.0250	
0.2489	53.5750	0.1446	76.0000	
0.2488	55.6500	0.1444	76.0000	
0.2488	55.1500	0.1445	76.0000	
0.2488	55.1250	0.1444	76.0500	
0.2488	54.0500	0.1444	76.0000	
0.2488	54.8250	0.1444	76.0000	
0.2488	56.3500	0.1444	76.0000	
0.2489	55.6000	0.1444	75.9750	
0.2487	55.4750	0.1443	76.0250	
0.2488	54.5500	0.1444	76.0250	
0.2487	55.9750	0.1443	75.9500	
0.2487	54.8500	0.1443	76.0000	
0.2487	55.4500	0.1443	76.0250	
0.2487	56.1750	0.1442	76.0000	
0.2488	55.0000	0.1443	75.9750	
0.2487	55.4250	0.1442	76.0000	
0.2487	55.3750	0.1442	76.0500	
0.2487	55.2750	0.1443	75.9750	
0.2487	55.5000	0.1442	75.9750	
0.2487	56.0250	0.1442	76.0000	
0.2487	55.3750	0.1443	75.9750	
0.2487	55.5500	0.1441	76.0500	
0.2488	55.5750	0.1442	75.9750	
0.2487	56.1750	0.1441	76.0500	
0.2487	55.4250	0.1441	75.9750	
0.2487	55.8500	0.1441	76.0000	
0.2486	56.2750	0.1441	76.0500	
0.2487	54.6750	0.1440	76.0250	
0.2488	54.7500	0.1441	76.0000	
0.2487	55.7000	0.1442	76.0500	
0.2487	56.2500	0.1440	76.0000	
0.2487	56.2750	0.1442	76.0250	
0.2487	55.9000	0.1440	76.0000	
0.2487	56.0000	0.1440	76.0250	
0.2486	56.0000	0.1441	75.9750	
0.2487	55.7250	0.1442	75.9750	
0.2486	56.1500	0.1439	76.0000	
0.2487	55.6500	0.1441	75.9750	
0.2487	55.0500	0.1439	76.0000	
0.2487	56.1750	0.1439	76.0000	
0.2487	55.5500	0.1439	76.0000	
0.2486	55.7250	0.1438	76.0000	
0.2486	56.2250	0.1438	76.0250	
0.2486	55.6000	0.1438	76.0250	
0.2486	55.4000	0.1438	75.9750	
0.2486	55.6500	0.1437	76.0250	
0.2486	55.9750	0.1437	75.9750	
0.2486	55.7250	0.1437	76.0000	
0.2486	56.1750	0.1437	75.9750	
0.2486	55.4750	0.1437	76.0250	
0.2486	55.6500	0.1437	76.0250	
0.2486	55.7250	0.1436	75.9750	
0.2486	56.2250	0.1436	75.9500	
0.2486	56.2750	0.1436	76.0250	
0.2486	56.3250	0.1436	76.0000	
0.2486	56.4500	0.1435	76.0000	
0.2486	55.4000	0.1436	76.0500	
0.2486	55.6500	0.1436	75.9500	
0.2486	55.9000	0.1435	75.9500	
0.2485	56.2750	0.1435	76.0000	
0.2486	56.1000	0.1434	76.0250	
0.2486	56.5500	0.1435	75.9750	
0.2486	55.8000	0.1435	76.0250	
0.2486	55.7250	0.1434	75.9500	
0.2486	56.0000	0.1434	75.9750	
0.2486	56.1000	0.1434	75.9500	
0.2486	56.0500	0.1434	76.0000	
0.2486	56.7250	0.1433	76.0000	
0.2486	56.0000	0.1434	76.0250	
0.2485	55.8000	0.1433	76.0000	
0.2486	55.2500	0.1433	76.0250	
0.2485	55.8500	0.1432	75.9750	
0.2485	56.1000	0.1432	76.0000	
0.2485	56.3250	0.1432	76.0250	
0.2485	55.4500	0.1432	75.9750	
0.2486	55.5750	0.1432	76.0500	
0.2486	54.5750	0.1434	75.9750	
0.2485	54.1500	0.1431	75.9500	
0.2485	56.4250	0.1432	75.9500	
0.2485	55.7500	0.1431	76.0250	
0.2485	56.0250	0.1430	75.9500	
0.2485	56.3500	0.1431	75.9500	
0.2485	56.1500	0.1430	76.0250	
0.2485	56.1750	0.1430	76.0500	
0.2485	56.0250	0.1430	75.9750	
0.2485	55.6750	0.1429	76.0000	
0.2485	56.4750	0.1429	76.0500	
0.2485	56.5000	0.1429	76.0250	
0.2485	55.9000	0.1429	76.0000	
0.2485	56.0750	0.1430	75.9750	
0.2485	56.7500	0.1428	76.0250	
0.2485	56.7250	0.1428	75.9500	
0.2485	56.2000	0.1428	75.9750	
0.2485	56.5500	0.1428	76.0250	
0.2485	55.9000	0.1428	76.0250	
0.2485	56.5000	0.1429	76.0000	
0.2484	56.5000	0.1428	76.0250	
0.2484	56.2500	0.1427	75.9500	
0.2485	56.6500	0.1427	76.0250	
0.2484	56.4250	0.1427	75.9500	
0.2484	56.2250	0.1426	75.9500	
0.2484	56.2000	0.1427	76.0000	
0.2485	55.5750	0.1427	76.0000	
0.2484	56.3250	0.1425	75.9500	
0.2485	54.9750	0.1426	75.9750	
0.2484	56.0000	0.1424	76.0250	
0.2485	55.6750	0.1425	75.9750	
0.2485	56.1750	0.1426	76.0250	
0.2485	55.8250	0.1424	76.0000	
0.2484	56.5500	0.1424	75.9500	
0.2485	55.8250	0.1424	75.9750	
0.2485	55.6500	0.1424	76.0000	
0.2484	54.9750	0.1423	76.0500	
0.2484	56.3500	0.1423	76.0000	
0.2484	55.9750	0.1423	76.0500	
0.2484	56.5500	0.1422	76.0250	
0.2484	56.7000	0.1422	75.9750	
0.2485	55.4750	0.1423	76.0250	
0.2484	56.2500	0.1422	76.0250	
0.2484	54.8750	0.1421	76.0250	
0.2484	56.5250	0.1422	76.0250	
0.2484	56.2750	0.1421	76.0000	
0.2484	55.7500	0.1421	76.0000	
0.2484	55.7750	0.1420	75.9750	
0.2484	55.9500	0.1422	76.0000	
0.2484	56.2250	0.1421	76.0250	
0.2484	56.8000	0.1420	75.9500	
0.2484	56.5000	0.1420	75.9250	
0.2484	56.5250	0.1419	75.9500	
0.2483	56.4000	0.1419	75.9500	
0.2484	55.9250	0.1419	76.0250	
0.2484	56.7750	0.1418	75.9500	
0.2483	56.6250	0.1419	76.0250	
0.2483	56.2750	0.1418	76.0000	
0.2483	56.5750	0.1417	76.0250	
0.2483	57.1500	0.1418	76.0250	
0.2484	56.9000	0.1418	75.9500	
0.2483	56.5250	0.1417	75.9750	
0.2483	56.3000	0.1417	76.0000	
0.2483	56.0000	0.1416	76.0250	
0.2483	56.4750	0.1416	75.9500	
0.2483	56.5750	0.1416	76.0500	
0.2483	56.4250	0.1417	75.9750	
0.2483	56.3750	0.1416	75.9500	
0.2484	56.0250	0.1416	75.9750	
0.2483	56.6000	0.1414	76.0500	
0.2483	56.8000	0.1415	75.9750	
0.2483	56.2000	0.1414	76.0000	
0.2483	56.0250	0.1414	75.9750	
0.2483	56.2500	0.1414	76.0000	
0.2483	56.0250	0.1413	76.0250	
0.2483	55.9000	0.1414	76.0250	
0.2483	56.3000	0.1415	75.9750	
0.2483	56.6500	0.1413	76.0000	
0.2483	56.9000	0.1412	75.9750	
0.2483	56.0750	0.1412	75.9750	
0.2483	56.3000	0.1412	76.0000	
0.2483	56.5750	0.1412	76.0250	
0.2483	56.5250	0.1411	76.0750	
0.2483	56.7500	0.1411	76.0000	
0.2482	56.4750	0.1410	76.0000	
0.2482	57.1750	0.1410	76.0000	
0.2482	56.7250	0.1410	76.0250	
0.2482	56.5500	0.1409	76.0500	
0.2482	57.2250	0.1409	76.0000	
0.2483	56.5750	0.1412	76.0000	
0.2482	56.6750	0.1408	76.0000	
0.2482	57.0750	0.1409	75.9250	
0.2482	55.8750	0.1408	75.9250	
0.2482	56.6750	0.1408	76.0000	
0.2482	56.2250	0.1407	76.0250	
0.2482	56.3500	0.1407	75.9500	
0.2482	56.3500	0.1407	76.0500	
0.2482	56.8500	0.1406	76.0250	
0.2482	56.7000	0.1406	75.9750	
0.2482	56.9250	0.1406	76.0500	
0.2482	56.9250	0.1406	76.0250	
0.2482	56.9000	0.1406	76.0250	
0.2482	56.0000	0.1405	75.9750	
0.2482	56.3500	0.1405	76.0000	
0.2482	56.8750	0.1405	75.9750	
0.2482	56.2500	0.1404	75.9750	
0.2482	56.4750	0.1405	76.0500	
0.2482	57.3250	0.1403	75.9500	
0.2482	57.0500	0.1403	75.9500	
0.2482	56.3000	0.1403	76.0500	
0.2482	56.8500	0.1402	75.9250	
0.2482	56.0250	0.1402	76.0250	
0.2482	56.4500	0.1402	75.9750	
0.2481	56.5750	0.1401	75.9500	
0.2481	56.2500	0.1401	75.9750	
0.2481	56.9500	0.1402	76.0000	
0.2481	57.0750	0.1400	75.9250	
0.2482	56.4000	0.1400	76.0500	
0.2481	57.1000	0.1401	75.9500	
0.2481	56.8750	0.1400	75.9500	
0.2481	56.3000	0.1399	76.0250	
0.2481	57.0000	0.1399	76.0500	
0.2482	54.6000	0.1399	75.9750	
0.2481	56.5250	0.1398	76.0000	
0.2481	56.5500	0.1397	75.9750	
0.2481	55.9750	0.1398	75.9500	
0.2481	56.6250	0.1397	75.9750	
0.2481	56.3000	0.1397	75.9250	
0.2481	56.4750	0.1397	76.0250	
0.2481	57.0250	0.1396	76.0500	
0.2481	56.6000	0.1395	76.0000	
0.2481	57.0500	0.1395	75.9500	
0.2481	56.9000	0.1395	75.9500	
0.2481	56.6250	0.1395	75.9250	
0.2481	56.2750	0.1394	75.9250	
0.2481	56.7500	0.1394	75.9500	
0.2480	57.1000	0.1394	75.9500	
0.2481	56.8000	0.1393	75.9500	
0.2480	56.9250	0.1392	75.9500	
0.2480	56.7250	0.1392	75.9750	
0.2480	56.8750	0.1392	75.9500	
0.2480	57.4500	0.1392	75.9250	
0.2480	57.4500	0.1391	75.9250	
0.2480	57.8250	0.1391	75.9000	
0.2481	56.9250	0.1391	75.9500	
0.2481	56.8000	0.1393	76.0000	
0.2480	56.6500	0.1392	76.0500	
0.2481	56.4000	0.1389	75.9750	
0.2480	56.7250	0.1390	76.0250	
0.2480	56.8250	0.1388	75.9500	
0.2480	56.4250	0.1388	76.0000	
0.2480	57.3000	0.1389	75.9500	
0.2480	56.8000	0.1389	76.0000	
0.2480	56.7500	0.1387	76.0500	
0.2480	56.4250	0.1387	76.0000	
0.2480	56.4750	0.1386	76.0250	
0.2480	57.1500	0.1386	75.9750	
0.2480	56.9500	0.1386	75.9000	
0.2480	57.3000	0.1386	75.9500	
0.2480	56.8500	0.1385	75.9750	
0.2479	57.4500	0.1385	76.0500	
0.2480	56.7750	0.1385	75.9500	
0.2479	57.1000	0.1384	76.0000	
0.2480	57.0000	0.1384	75.9500	
0.2480	57.2500	0.1385	76.0000	
0.2480	57.3000	0.1382	75.9750	
0.2479	57.8250	0.1383	76.0000	
0.2480	56.4750	0.1382	75.9250	
0.2480	56.8000	0.1381	75.9000	
0.2480	55.8750	0.1381	75.9250	
0.2479	57.6750	0.1381	75.9250	
0.2479	57.0750	0.1381	76.0000	
0.2479	56.9250	0.1379	75.9500	
0.2480	56.9750	0.1380	76.0250	
0.2480	56.6500	0.1381	75.9750	
0.2479	57.4000	0.1378	76.0000	
0.2479	57.5250	0.1378	75.9500	
0.2479	57.5500	0.1378	75.9750	
0.2479	57.6250	0.1377	75.9750	
0.2479	57.5000	0.1377	75.9250	
0.2479	57.2500	0.1377	76.0000	
0.2480	57.0000	0.1378	76.0000	
0.2479	57.2500	0.1380	75.9750	
0.2479	57.3000	0.1377	76.0000	
0.2479	57.6500	0.1375	76.0250	
0.2479	57.4000	0.1376	75.9500	
0.2479	57.5750	0.1374	76.0000	
0.2478	57.8000	0.1374	75.9750	
0.2479	57.3750	0.1373	75.9750	
0.2478	57.7500	0.1373	75.9500	
0.2478	57.2000	0.1373	75.9250	
0.2478	57.2250	0.1374	75.9500	
0.2479	57.0500	0.1371	75.9500	
0.2478	57.7500	0.1371	75.9750	
0.2479	56.4750	0.1371	76.0000	
0.2479	57.7500	0.1370	75.9500	
0.2478	57.1250	0.1370	75.9500	
0.2478	57.5500	0.1370	75.9750	
0.2478	57.1500	0.1370	75.9000	
0.2478	56.9750	0.1369	76.0000	
0.2478	56.9750	0.1369	75.9750	
0.2478	56.8750	0.1368	75.9250	
0.2478	57.0500	0.1368	76.0250	
0.2478	57.1500	0.1367	76.0000	
0.2478	57.1500	0.1367	75.9500	
0.2478	57.4000	0.1366	75.9750	
0.2478	57.5500	0.1366	75.9750	
0.2478	57.9250	0.1365	75.9750	
0.2478	57.7500	0.1366	75.9750	
0.2478	57.6250	0.1366	76.0000	
0.2478	57.0250	0.1365	75.9750	
0.2478	57.6250	0.1364	76.0000	
0.2478	57.5750	0.1363	75.9250	
0.2478	57.6000	0.1363	75.9250	
0.2478	57.8250	0.1362	75.9750	
0.2477	58.0000	0.1362	76.0000	
0.2477	57.7500	0.1362	75.9750	
0.2477	58.0000	0.1361	75.9750	
0.2477	58.0750	0.1360	76.0000	
0.2477	57.8500	0.1360	75.9750	
0.2477	58.0500	0.1361	76.0000	
0.2477	57.7000	0.1359	76.0000	
0.2477	57.3000	0.1358	75.9250	
0.2478	56.4000	0.1359	76.0000	
0.2478	56.6250	0.1359	76.0250	
0.2477	56.8500	0.1360	76.0500	
0.2477	58.1000	0.1360	76.0250	
0.2477	56.7000	0.1360	75.9500	
0.2477	57.4500	0.1358	76.0000	
0.2477	57.5000	0.1356	76.0000	
0.2478	57.6500	0.1356	75.9250	
0.2478	57.7500	0.1356	76.0500	
0.2477	57.4500	0.1354	75.9750	
0.2477	58.0000	0.1354	76.0000	
0.2477	57.1750	0.1353	75.9750	
0.2476	57.5500	0.1354	75.9500	
0.2477	57.1750	0.1354	76.0000	
0.2477	57.2750	0.1354	75.9250	
0.2477	58.0250	0.1352	76.0000	
0.2476	58.0000	0.1351	76.0000	
0.2477	57.6250	0.1351	76.0500	
0.2476	57.7750	0.1350	76.0250	
0.2476	57.7500	0.1350	75.9750	
0.2477	57.7750	0.1350	75.9750	
0.2476	57.9000	0.1349	76.0000	
0.2476	57.9250	0.1348	75.9750	
0.2476	57.6000	0.1348	75.9750	
0.2476	58.0250	0.1348	75.9750	
0.2476	58.0000	0.1348	76.0000	
0.2476	57.9250	0.1347	75.9500	
0.2476	57.9500	0.1347	75.9750	
0.2476	57.6250	0.1345	76.0000	
0.2476	57.7250	0.1347	75.9500	
0.2476	57.5500	0.1344	75.9750	
0.2476	56.8750	0.1344	76.0000	
0.2476	57.5000	0.1345	75.9750	
0.2476	57.7250	0.1343	75.9750	
0.2476	57.7250	0.1342	76.0000	
0.2476	57.8750	0.1343	76.0250	
0.2476	57.7000	0.1342	75.9750	
0.2476	57.7750	0.1343	76.0000	
0.2476	58.0000	0.1341	76.0000	
0.2476	57.6250	0.1340	75.9750	
0.2476	57.4500	0.1340	75.9750	
0.2475	57.9750	0.1339	75.9750	
0.2476	56.8750	0.1339	76.0250	
0.2475	57.9000	0.1338	76.0000	
0.2475	57.9750	0.1339	75.9750	
0.2475	57.8000	0.1337	75.9750	
0.2476	57.8250	0.1337	76.0250	
0.2476	57.5750	0.1338	75.9750	
0.2475	57.7500	0.1338	75.9500	
0.2475	58.1000	0.1334	75.9750	
0.2475	58.1250	0.1334	76.0250	
0.2475	57.8750	0.1334	76.0000	
0.2475	58.1500	0.1334	75.9750	
0.2475	58.0000	0.1332	76.0000	
0.2475	58.0000	0.1333	76.0000	
0.2475	57.6750	0.1331	76.0000	
0.2475	57.8000	0.1331	75.9750	
0.2475	57.7500	0.1332	75.9750	
0.2475	58.2000	0.1332	75.9750	
0.2475	57.5750	0.1329	76.0250	
0.2475	57.6000	0.1330	76.0000	
