Loss_Adversary	Accuracy_Adversary	Loss_Target	Accuracy_Target	
-0.1126	0.3385	0.7911	50.0000	50.0000	
-0.1170	0.3352	0.7560	50.0000	50.0000	
-0.1214	0.3321	0.7216	50.0000	50.0000	
-0.1257	0.3291	0.6879	50.0000	50.0000	
-0.1299	0.3261	0.6546	50.0000	50.0000	
-0.1343	0.3232	0.6213	50.0000	50.0000	
-0.1387	0.3204	0.5882	50.0000	50.0000	
-0.1432	0.3177	0.5551	50.0000	50.0000	
-0.1477	0.3151	0.5221	50.0000	50.0000	
-0.1521	0.3126	0.4899	50.0000	50.0000	
-0.1564	0.3101	0.4583	50.0000	50.0000	
-0.1606	0.3077	0.4280	50.0000	50.0000	
-0.1645	0.3054	0.3989	50.0000	50.0000	
-0.1682	0.3032	0.3717	50.0000	50.0000	
-0.1715	0.3010	0.3462	50.0000	50.0000	
-0.1749	0.2988	0.3208	50.0000	50.0000	
-0.1765	0.2949	0.2973	50.0000	50.0000	
-0.1753	0.2882	0.2760	50.0000	50.0000	
-0.1736	0.2813	0.2574	50.0000	50.0000	
-0.1717	0.2747	0.2401	50.0000	57.3250	
-0.1691	0.2677	0.2257	50.0000	83.1500	
-0.1658	0.2607	0.2141	50.0000	86.4250	
-0.1619	0.2537	0.2053	50.0000	87.8750	
-0.1576	0.2466	0.1986	50.0000	88.5000	
-0.1531	0.2399	0.1942	50.0000	88.8250	
-0.1482	0.2332	0.1918	60.9500	88.8750	
-0.1434	0.2269	0.1906	71.4250	89.6250	
-0.1393	0.2221	0.1917	73.0000	89.8250	
-0.1363	0.2193	0.1957	72.5750	90.1500	
-0.1354	0.2206	0.2055	71.0000	89.0500	
-0.1375	0.2279	0.2239	65.5250	83.7000	
-0.1427	0.2414	0.2522	57.5500	75.8250	
-0.1491	0.2573	0.2838	52.2500	62.4500	
-0.1596	0.2813	0.3274	27.3500	45.0750	
-0.1623	0.2995	0.3862	28.3250	36.3750	
-0.1551	0.2977	0.4154	27.8250	37.6250	
-0.1517	0.2916	0.4077	25.9000	46.4000	
-0.1510	0.2849	0.3843	25.5000	46.5500	
-0.1508	0.2779	0.3575	29.7250	47.4750	
-0.1516	0.2722	0.3305	36.9250	53.0000	
-0.1526	0.2673	0.3063	43.7000	58.9500	
-0.1529	0.2634	0.2892	46.2000	62.4750	
-0.1531	0.2609	0.2784	46.5750	64.4250	
-0.1532	0.2588	0.2694	46.5750	64.8750	
-0.1536	0.2569	0.2595	46.7250	64.8000	
-0.1543	0.2550	0.2484	47.7000	65.6750	
-0.1552	0.2533	0.2369	49.9500	66.7250	
-0.1563	0.2519	0.2260	51.5250	67.3500	
-0.1575	0.2508	0.2160	43.1250	68.5500	
-0.1587	0.2498	0.2058	44.2000	69.4750	
-0.1601	0.2489	0.1952	57.1500	70.2500	
-0.1615	0.2480	0.1847	60.3250	71.9250	
-0.1627	0.2471	0.1748	62.1750	73.8000	
-0.1638	0.2460	0.1650	65.5500	75.4750	
-0.1646	0.2449	0.1566	69.4500	76.9000	
-0.1651	0.2438	0.1495	72.6500	78.1750	
-0.1655	0.2427	0.1432	74.2000	78.3750	
-0.1659	0.2420	0.1383	74.0250	77.7750	
-0.1665	0.2421	0.1358	74.5000	76.5250	
-0.1671	0.2427	0.1353	74.6500	75.6000	
-0.1675	0.2432	0.1353	74.3500	75.3000	
-0.1677	0.2434	0.1348	74.4500	74.7500	
-0.1679	0.2433	0.1335	74.4250	74.0500	
-0.1681	0.2432	0.1322	74.5250	72.6500	
-0.1683	0.2435	0.1321	72.5750	71.8750	
-0.1685	0.2438	0.1326	61.5250	70.6750	
-0.1687	0.2441	0.1331	55.5000	69.3750	
-0.1688	0.2446	0.1345	52.6000	68.8750	
-0.1689	0.2451	0.1360	50.2750	68.0250	
-0.1689	0.2453	0.1366	49.9750	66.8750	
-0.1689	0.2454	0.1367	50.8000	66.3250	
-0.1689	0.2454	0.1368	50.7500	66.0500	
-0.1689	0.2451	0.1360	54.4500	65.8750	
-0.1689	0.2447	0.1343	62.7500	66.4500	
-0.1688	0.2440	0.1319	75.0000	67.0500	
-0.1687	0.2437	0.1309	74.8250	68.0500	
-0.1686	0.2437	0.1314	74.2000	68.9500	
-0.1686	0.2439	0.1327	73.3250	70.0250	
-0.1686	0.2445	0.1351	65.1750	70.8250	
-0.1687	0.2455	0.1383	52.3250	70.7500	
-0.1689	0.2469	0.1433	50.7750	70.5750	
-0.1690	0.2481	0.1474	50.7250	69.8000	
-0.1691	0.2489	0.1502	50.7500	69.3750	
-0.1692	0.2491	0.1504	51.0500	69.1250	
-0.1692	0.2491	0.1501	51.2750	68.9250	
-0.1693	0.2488	0.1487	54.3250	69.2250	
-0.1694	0.2488	0.1483	54.8000	69.3000	
-0.1695	0.2486	0.1471	56.9750	69.7750	
-0.1695	0.2487	0.1471	56.5000	70.1250	
-0.1696	0.2482	0.1451	65.9750	69.9000	
-0.1696	0.2482	0.1447	63.5750	70.9500	
-0.1697	0.2482	0.1442	64.2000	70.9750	
-0.1698	0.2481	0.1433	65.6750	70.9500	
-0.1698	0.2481	0.1434	62.1000	71.0500	
-0.1699	0.2482	0.1434	62.0500	71.0000	
-0.1699	0.2482	0.1432	62.7500	71.0750	
-0.1700	0.2483	0.1435	61.0500	70.8500	
-0.1700	0.2485	0.1439	58.6250	70.9750	
-0.1701	0.2485	0.1437	57.9500	70.4500	
-0.1701	0.2485	0.1435	57.7500	70.5000	
-0.1702	0.2485	0.1431	58.4250	70.4500	
-0.1702	0.2486	0.1433	56.2250	70.5000	
-0.1703	0.2483	0.1420	58.2250	69.9500	
-0.1703	0.2481	0.1407	58.8250	69.5250	
-0.1704	0.2476	0.1385	62.3000	69.7750	
-0.1704	0.2472	0.1367	63.4000	70.2000	
-0.1705	0.2466	0.1339	65.1500	69.5250	
-0.1705	0.2466	0.1336	60.5500	69.3500	
-0.1706	0.2464	0.1324	60.8000	68.7000	
-0.1708	0.2461	0.1307	59.6250	68.2750	
-0.1708	0.2458	0.1292	59.1250	68.5250	
-0.1710	0.2452	0.1257	61.3000	68.6500	
-0.1710	0.2444	0.1225	60.5250	66.9000	
-0.1712	0.2447	0.1228	56.6500	68.0250	
-0.1714	0.2438	0.1183	57.9750	67.0250	
-0.1715	0.2427	0.1133	60.6250	66.3000	
-0.1716	0.2423	0.1114	59.6750	66.8000	
-0.1716	0.2421	0.1105	59.1250	67.0750	
-0.1716	0.2421	0.1101	58.5750	67.1500	
-0.1718	0.2419	0.1089	59.4000	66.4500	
-0.1718	0.2422	0.1099	58.7250	66.2000	
-0.1718	0.2423	0.1100	59.2500	65.0000	
-0.1719	0.2427	0.1115	59.4500	64.9000	
-0.1719	0.2424	0.1100	61.0000	63.9750	
-0.1721	0.2424	0.1092	63.3000	63.8500	
-0.1721	0.2413	0.1047	65.4500	63.5250	
-0.1722	0.2413	0.1041	64.9250	63.8750	
-0.1723	0.2413	0.1041	64.8000	63.6250	
-0.1724	0.2412	0.1030	65.2500	63.5500	
-0.1724	0.2406	0.1005	65.4750	62.6250	
-0.1725	0.2413	0.1028	64.9000	63.3250	
-0.1726	0.2404	0.0988	65.6000	62.7250	
-0.1726	0.2408	0.1001	65.0000	63.4500	
-0.1727	0.2404	0.0982	65.0000	63.4500	
-0.1728	0.2398	0.0955	66.0750	63.4500	
-0.1728	0.2396	0.0946	66.1500	64.0250	
-0.1729	0.2399	0.0950	65.7250	64.1000	
-0.1729	0.2394	0.0929	66.4750	63.3750	
-0.1730	0.2396	0.0934	66.3000	63.9000	
-0.1730	0.2392	0.0915	66.0750	63.8250	
-0.1731	0.2394	0.0924	66.4500	64.3000	
-0.1731	0.2388	0.0894	66.4500	64.3000	
-0.1731	0.2386	0.0889	66.7000	64.0750	
-0.1731	0.2389	0.0900	66.3750	64.5500	
-0.1731	0.2385	0.0887	66.4500	64.3750	
-0.1732	0.2389	0.0895	66.7750	64.5000	
-0.1732	0.2383	0.0869	67.2250	64.1250	
-0.1732	0.2380	0.0860	67.3750	64.2750	
-0.1730	0.2389	0.0905	65.9750	65.2500	
-0.1732	0.2378	0.0849	67.4250	64.8500	
-0.1733	0.2376	0.0839	67.2250	64.9750	
-0.1731	0.2377	0.0853	67.3000	65.3250	
-0.1730	0.2375	0.0848	66.8750	65.8500	
-0.1729	0.2372	0.0845	67.5250	65.5500	
-0.1730	0.2380	0.0869	66.9000	66.6500	
-0.1729	0.2365	0.0816	67.3250	65.7000	
-0.1730	0.2378	0.0861	66.8250	66.3250	
-0.1731	0.2377	0.0853	66.1250	66.2250	
-0.1731	0.2382	0.0873	66.6250	65.9500	
-0.1729	0.2370	0.0834	67.9750	65.1500	
-0.1731	0.2381	0.0869	66.8500	65.9000	
-0.1730	0.2372	0.0836	67.2000	66.6250	
-0.1731	0.2373	0.0838	67.1000	67.6000	
-0.1731	0.2365	0.0802	67.3500	67.3750	
-0.1731	0.2377	0.0851	66.3000	68.3750	
-0.1731	0.2365	0.0808	67.4000	66.8750	
-0.1731	0.2379	0.0860	65.6250	67.9000	
-0.1731	0.2374	0.0841	65.6750	66.5750	
-0.1729	0.2382	0.0886	65.4250	67.1000	
-0.1730	0.2373	0.0843	66.1500	66.3000	
-0.1731	0.2378	0.0860	65.8750	67.4000	
-0.1731	0.2377	0.0856	65.6750	67.5250	
-0.1730	0.2379	0.0868	65.6750	67.8750	
-0.1728	0.2378	0.0870	65.5250	68.4250	
-0.1730	0.2370	0.0831	65.6500	67.9000	
-0.1728	0.2380	0.0880	64.7000	68.5000	
-0.1730	0.2380	0.0868	64.6500	68.2000	
-0.1729	0.2376	0.0856	65.1750	67.9750	
-0.1730	0.2394	0.0927	64.0000	68.9750	
-0.1727	0.2375	0.0862	65.4750	67.8250	
-0.1728	0.2395	0.0941	63.8000	68.7250	
-0.1727	0.2374	0.0860	64.9250	67.7000	
-0.1730	0.2397	0.0938	63.8750	69.7750	
-0.1729	0.2371	0.0836	66.2000	67.6750	
-0.1730	0.2389	0.0903	64.0750	69.7500	
-0.1730	0.2384	0.0886	64.2750	70.0250	
-0.1730	0.2383	0.0886	64.6500	69.7250	
-0.1730	0.2381	0.0874	64.2750	69.4500	
-0.1730	0.2388	0.0900	64.6250	69.4750	
-0.1730	0.2401	0.0953	62.9750	69.5750	
-0.1728	0.2385	0.0900	62.7500	67.8500	
-0.1725	0.2405	0.0993	61.5250	69.5500	
-0.1724	0.2394	0.0956	62.8000	68.3500	
-0.1722	0.2404	0.1006	61.2500	69.3000	
-0.1730	0.2399	0.0947	62.8750	69.3750	
-0.1732	0.2400	0.0939	61.9250	69.7250	
-0.1732	0.2407	0.0968	61.1750	70.5000	
-0.1734	0.2406	0.0954	61.5000	70.1250	
-0.1738	0.2415	0.0969	61.1250	69.7000	
-0.1741	0.2418	0.0970	59.7250	68.7750	
-0.1744	0.2432	0.1010	59.1750	68.0000	
-0.1747	0.2433	0.0999	58.9750	67.1500	
-0.1750	0.2452	0.1059	57.3500	67.4500	
-0.1758	0.2460	0.1048	56.8250	67.2250	
-0.1773	0.2481	0.1061	54.9750	67.5750	
-0.1787	0.2500	0.1065	54.4500	67.9500	
-0.1804	0.2509	0.1015	53.2250	67.7000	
-0.1824	0.2542	0.1047	51.9750	68.0000	
-0.1849	0.2581	0.1078	50.9750	68.0750	
-0.1877	0.2620	0.1096	50.0000	67.7000	
-0.1929	0.2766	0.1421	46.3000	70.7500	
-0.2304	0.3369	0.1956	33.4250	74.8750	
-0.3056	0.4283	0.1852	26.7750	85.9750	
-0.2747	0.3749	0.1261	26.4500	92.7250	
-0.2570	0.3503	0.1163	25.6000	90.5500	
-0.2461	0.3319	0.0973	25.3000	83.8750	
-0.2379	0.3216	0.0967	25.3000	82.3750	
-0.2309	0.3129	0.0972	25.4250	82.4500	
-0.2249	0.3040	0.0913	25.6250	80.9250	
-0.2202	0.2969	0.0869	26.1000	79.6750	
-0.2160	0.2905	0.0817	26.3250	78.6500	
-0.2126	0.2854	0.0785	28.9500	78.0500	
-0.2095	0.2817	0.0793	35.7250	78.0500	
-0.2071	0.2787	0.0792	39.8250	77.9000	
-0.2057	0.2771	0.0800	44.7500	77.7250	
-0.2050	0.2776	0.0852	46.3000	78.0250	
-0.2052	0.2775	0.0840	47.1000	77.6250	
-0.2058	0.2795	0.0890	47.8750	77.7250	
-0.2068	0.2799	0.0857	48.8500	77.3000	
-0.2078	0.2816	0.0873	49.6000	77.6250	
-0.2084	0.2817	0.0847	49.8500	76.9750	
-0.2080	0.2794	0.0776	49.9000	75.9000	
-0.2061	0.2759	0.0728	50.0000	74.6250	
-0.2033	0.2717	0.0704	50.0000	73.8500	
-0.2005	0.2679	0.0692	50.0000	74.8500	
-0.1983	0.2648	0.0678	50.0000	76.6750	
-0.1967	0.2620	0.0645	50.0000	76.6500	
-0.1956	0.2597	0.0608	50.0000	76.9000	
-0.1951	0.2578	0.0558	50.0000	76.0500	
-0.1949	0.2562	0.0503	50.0000	74.5750	
-0.1950	0.2551	0.0451	50.0000	73.9750	
-0.1950	0.2543	0.0419	50.0000	73.2500	
-0.1949	0.2536	0.0400	50.0000	72.1500	
-0.1949	0.2531	0.0377	50.0000	71.5250	
-0.1942	0.2519	0.0364	50.0000	71.7750	
-0.1924	0.2493	0.0353	50.2250	71.8500	
-0.1897	0.2457	0.0344	50.4000	71.9250	
-0.1865	0.2415	0.0338	50.2000	72.0250	
-0.1832	0.2373	0.0333	50.1750	72.0750	
-0.1798	0.2330	0.0330	49.9750	72.6750	
-0.1765	0.2288	0.0329	49.7250	72.9000	
-0.1734	0.2250	0.0330	49.5250	73.0000	
-0.1706	0.2215	0.0332	49.2750	72.9500	
-0.1679	0.2185	0.0345	48.7000	72.4250	
-0.1655	0.2155	0.0347	48.6000	71.9250	
-0.1633	0.2129	0.0350	34.1750	71.7750	
-0.1615	0.2112	0.0371	41.7000	72.1250	
-0.1612	0.2121	0.0422	50.0000	73.1250	
-0.1699	0.2283	0.0638	50.0000	75.3750	
-0.2019	0.2771	0.0988	50.0000	72.6750	
-0.1998	0.2706	0.0836	50.0000	59.1000	
-0.1954	0.2613	0.0680	50.0000	57.4000	
-0.1946	0.2572	0.0561	50.0000	57.5750	
-0.1956	0.2564	0.0474	50.0000	60.3000	
-0.1981	0.2568	0.0369	50.0000	61.9750	
-0.2005	0.2580	0.0296	50.0000	65.3500	
-0.2025	0.2592	0.0243	50.0000	69.3750	
-0.2039	0.2603	0.0215	50.0000	73.0000	
-0.2046	0.2607	0.0198	50.0000	75.5000	
-0.2045	0.2602	0.0184	50.0000	77.0250	
-0.2037	0.2588	0.0168	53.5250	77.5500	
-0.2024	0.2568	0.0151	70.5500	78.1000	
-0.2010	0.2547	0.0138	67.1750	78.6250	
-0.1994	0.2525	0.0130	65.8000	78.4500	
-0.1977	0.2502	0.0126	67.1500	78.1750	
-0.1959	0.2482	0.0134	68.7500	77.9500	
-0.1938	0.2456	0.0134	71.3500	77.1250	
-0.1933	0.2442	0.0100	67.2500	73.7750	
-0.1937	0.2440	0.0078	65.6500	71.3250	
-0.1940	0.2442	0.0070	64.7750	70.5750	
-0.1942	0.2443	0.0064	61.9750	70.2750	
-0.1943	0.2444	0.0059	56.6000	69.4250	
-0.1944	0.2445	0.0063	51.6250	70.2250	
-0.1942	0.2447	0.0076	47.0750	71.2250	
-0.1938	0.2444	0.0089	43.2500	71.5250	
-0.1929	0.2438	0.0109	40.2250	72.3750	
-0.1915	0.2423	0.0116	38.8750	72.1000	
-0.1896	0.2400	0.0119	38.0750	72.3750	
-0.1874	0.2369	0.0105	39.9000	71.4000	
-0.1852	0.2341	0.0101	42.4000	71.0750	
-0.1832	0.2312	0.0088	46.7000	70.1000	
-0.1816	0.2292	0.0089	51.2750	69.6750	
-0.1804	0.2281	0.0102	55.1750	68.2000	
-0.1799	0.2283	0.0134	57.4250	66.1500	
-0.1802	0.2301	0.0194	62.2250	63.9250	
-0.1807	0.2329	0.0278	68.0000	62.2750	
-0.1810	0.2350	0.0349	68.3750	61.5500	
-0.1812	0.2358	0.0374	68.2750	61.8500	
-0.1812	0.2354	0.0356	68.6750	63.0000	
-0.1812	0.2347	0.0324	68.9500	64.2750	
-0.1812	0.2341	0.0302	69.1750	65.5750	
-0.1811	0.2340	0.0307	69.3250	66.1500	
-0.1810	0.2342	0.0316	69.5750	66.3750	
-0.1809	0.2341	0.0319	70.2500	66.6750	
-0.1807	0.2340	0.0323	71.1000	67.3500	
-0.1806	0.2339	0.0327	71.9750	67.5250	
-0.1804	0.2335	0.0318	72.4750	67.9000	
-0.1803	0.2333	0.0320	72.2250	68.6250	
-0.1801	0.2333	0.0325	71.4500	68.8000	
-0.1800	0.2333	0.0333	70.6500	68.8750	
-0.1798	0.2333	0.0342	69.1000	68.9750	
-0.1796	0.2329	0.0338	68.0000	69.1000	
-0.1795	0.2328	0.0337	67.6500	69.4250	
-0.1793	0.2329	0.0350	67.1250	69.5750	
-0.1791	0.2329	0.0358	65.9250	69.8000	
-0.1789	0.2328	0.0365	65.2750	70.0500	
-0.1788	0.2326	0.0365	64.6750	70.4500	
-0.1786	0.2324	0.0362	64.7000	70.5500	
-0.1785	0.2323	0.0369	64.4000	70.5750	
-0.1783	0.2324	0.0383	63.9750	70.3500	
-0.1781	0.2324	0.0390	63.6250	70.1750	
-0.1779	0.2323	0.0397	63.3250	70.3750	
-0.1778	0.2322	0.0399	63.0000	70.1500	
-0.1776	0.2321	0.0403	62.2250	70.2000	
-0.1774	0.2320	0.0409	61.8750	70.0000	
-0.1773	0.2321	0.0418	61.4500	69.7500	
-0.1772	0.2321	0.0427	61.0500	69.3750	
-0.1770	0.2321	0.0436	60.6000	68.8750	
-0.1768	0.2323	0.0451	59.7250	68.6000	
-0.1767	0.2323	0.0458	59.4750	68.0750	
-0.1767	0.2323	0.0456	59.1500	67.4500	
-0.1766	0.2326	0.0477	58.5250	67.4500	
-0.1765	0.2329	0.0491	58.0000	67.2000	
-0.1764	0.2328	0.0492	57.7250	66.9500	
-0.1764	0.2330	0.0497	56.6750	66.3250	
-0.1764	0.2334	0.0517	56.2250	65.7000	
-0.1765	0.2344	0.0552	55.4750	64.7250	
-0.1767	0.2350	0.0565	54.7250	63.8250	
-0.1769	0.2358	0.0584	53.8500	62.8500	
-0.1775	0.2375	0.0624	52.3250	62.0750	
-0.1782	0.2396	0.0675	50.7000	61.1250	
-0.1796	0.2428	0.0729	48.4000	59.5500	
-0.1821	0.2490	0.0853	45.0000	57.9250	
-0.1849	0.2564	0.1011	42.0250	55.6500	
-0.1872	0.2630	0.1159	38.9000	54.5250	
-0.1890	0.2680	0.1269	38.7250	53.7250	
-0.1906	0.2714	0.1325	40.5000	53.0500	
-0.1919	0.2738	0.1360	42.2750	52.7500	
-0.1927	0.2756	0.1388	43.0500	52.4750	
-0.1931	0.2767	0.1412	44.6000	52.3000	
-0.1928	0.2762	0.1410	46.6500	52.2750	
-0.1919	0.2761	0.1449	48.5000	52.3500	
-0.1909	0.2739	0.1414	49.5000	52.0500	
-0.1899	0.2716	0.1367	50.0000	51.9500	
-0.1889	0.2691	0.1320	49.9750	51.7750	
-0.1879	0.2669	0.1283	50.4000	51.8500	
-0.1868	0.2637	0.1206	53.2250	51.7250	
-0.1857	0.2609	0.1155	54.6750	51.7500	
-0.1845	0.2586	0.1121	55.6000	51.8750	
-0.1834	0.2558	0.1064	56.3500	51.9500	
-0.1823	0.2533	0.1018	57.5250	51.9500	
-0.1813	0.2510	0.0972	58.3000	52.0250	
-0.1805	0.2488	0.0928	59.0750	52.2000	
-0.1798	0.2469	0.0887	59.7250	52.3000	
-0.1793	0.2454	0.0853	59.4250	52.5500	
-0.1789	0.2432	0.0782	59.0750	52.6750	
-0.1788	0.2422	0.0749	58.6500	52.9500	
-0.1787	0.2409	0.0703	58.3500	53.3000	
-0.1787	0.2399	0.0659	57.6750	53.6750	
-0.1788	0.2387	0.0607	57.0500	53.9750	
-0.1790	0.2383	0.0580	56.0500	54.6500	
-0.1793	0.2372	0.0527	55.3750	55.4000	
-0.1794	0.2371	0.0513	54.7750	56.1750	
-0.1797	0.2365	0.0475	54.0250	56.8250	
-0.1800	0.2361	0.0446	53.6750	57.6000	
-0.1802	0.2359	0.0430	53.0000	58.6000	
-0.1804	0.2356	0.0401	52.0750	59.6250	
-0.1806	0.2355	0.0386	51.1000	60.5250	
-0.1808	0.2351	0.0361	50.4250	61.3250	
-0.1811	0.2352	0.0354	49.0500	62.7500	
-0.1813	0.2351	0.0339	47.1750	64.4250	
-0.1814	0.2347	0.0316	45.0750	66.2500	
-0.1816	0.2344	0.0300	43.4000	68.4750	
-0.1815	0.2338	0.0280	41.2500	70.1000	
-0.1810	0.2328	0.0265	40.5750	71.2750	
-0.1803	0.2318	0.0255	40.2250	71.7500	
-0.1797	0.2309	0.0252	40.8750	71.3500	
-0.1792	0.2305	0.0258	41.7500	70.3250	
-0.1791	0.2310	0.0287	42.5250	69.5750	
-0.1790	0.2313	0.0302	40.6250	68.3250	
-0.1791	0.2319	0.0322	41.8500	66.3500	
-0.1792	0.2328	0.0351	43.6250	65.2750	
-0.1793	0.2334	0.0372	44.9500	64.2250	
-0.1793	0.2340	0.0396	45.8000	63.3500	
-0.1793	0.2347	0.0424	50.3250	62.7750	
-0.1792	0.2347	0.0426	51.9250	61.8750	
-0.1793	0.2352	0.0446	52.1000	61.3250	
-0.1793	0.2358	0.0467	52.5250	61.1500	
-0.1792	0.2360	0.0477	52.9500	60.6500	
-0.1792	0.2361	0.0485	53.2750	60.5000	
-0.1790	0.2361	0.0493	53.1750	60.3750	
-0.1790	0.2364	0.0506	53.2750	60.3000	
-0.1789	0.2362	0.0502	53.7000	60.4000	
-0.1788	0.2360	0.0498	53.7500	60.4000	
-0.1788	0.2360	0.0497	53.8000	60.5000	
-0.1788	0.2358	0.0492	54.1500	60.5250	
-0.1786	0.2355	0.0491	53.8500	60.8000	
-0.1786	0.2355	0.0493	53.8500	61.1250	
-0.1786	0.2353	0.0482	53.8500	61.3750	
-0.1785	0.2351	0.0479	53.7250	61.7500	
-0.1785	0.2351	0.0479	53.1750	62.3000	
-0.1785	0.2346	0.0460	53.1250	62.5750	
-0.1784	0.2345	0.0459	52.8500	63.4250	
-0.1784	0.2343	0.0454	52.5750	63.8000	
-0.1783	0.2342	0.0453	52.3750	63.9500	
-0.1783	0.2340	0.0446	52.2250	64.3750	
-0.1782	0.2342	0.0456	51.7750	64.5500	
-0.1781	0.2338	0.0443	51.7500	64.7750	
-0.1781	0.2338	0.0445	51.7750	64.8250	
-0.1780	0.2340	0.0458	51.8500	65.0250	
-0.1780	0.2340	0.0460	51.8500	65.0250	
-0.1779	0.2340	0.0465	52.0000	65.2500	
-0.1778	0.2340	0.0467	51.7750	65.0000	
-0.1778	0.2339	0.0465	51.8000	64.8500	
-0.1778	0.2343	0.0478	52.2000	64.7250	
-0.1777	0.2343	0.0486	52.4500	64.8750	
-0.1777	0.2342	0.0486	52.3250	64.7500	
-0.1777	0.2344	0.0491	52.2250	64.5000	
-0.1776	0.2344	0.0495	52.4000	64.7750	
-0.1776	0.2342	0.0490	52.4250	64.4750	
-0.1775	0.2346	0.0506	52.2250	65.1500	
-0.1775	0.2341	0.0491	52.3750	65.0750	
-0.1774	0.2342	0.0497	52.3250	65.4000	
-0.1774	0.2344	0.0507	52.3500	65.7000	
-0.1773	0.2341	0.0496	52.3750	65.7250	
-0.1773	0.2343	0.0507	52.3250	66.0500	
-0.1773	0.2341	0.0502	52.2000	66.1750	
-0.1772	0.2344	0.0514	52.2250	66.1500	
-0.1772	0.2342	0.0507	52.2000	66.1500	
-0.1771	0.2343	0.0519	52.1250	66.2250	
-0.1771	0.2341	0.0511	52.6000	66.0250	
-0.1770	0.2346	0.0531	52.2500	66.5250	
-0.1770	0.2343	0.0524	52.1750	66.3000	
-0.1769	0.2341	0.0519	52.2250	66.5500	
-0.1769	0.2345	0.0536	52.4250	66.8000	
-0.1768	0.2345	0.0538	52.2250	66.8000	
-0.1768	0.2344	0.0538	52.1750	66.6750	
-0.1768	0.2346	0.0545	52.2500	66.9250	
-0.1767	0.2343	0.0537	52.5500	66.6000	
-0.1767	0.2347	0.0552	52.5250	66.8000	
-0.1766	0.2345	0.0547	52.4750	66.7500	
-0.1766	0.2347	0.0562	52.1750	67.0500	
-0.1765	0.2347	0.0562	52.3250	67.1500	
-0.1764	0.2344	0.0554	52.4250	67.3000	
-0.1764	0.2348	0.0570	52.4250	67.4250	
-0.1764	0.2343	0.0553	52.0750	67.3250	
-0.1762	0.2348	0.0580	52.2500	67.8000	
-0.1761	0.2348	0.0590	52.2250	67.6250	
-0.1762	0.2346	0.0575	52.3000	67.5500	
-0.1759	0.2352	0.0612	52.2000	67.8000	
-0.1760	0.2349	0.0594	52.3000	67.6250	
-0.1760	0.2347	0.0585	52.6000	67.3250	
-0.1761	0.2353	0.0609	52.2750	67.6750	
-0.1761	0.2350	0.0597	52.3750	67.5250	
-0.1759	0.2351	0.0608	52.3750	67.7250	
-0.1759	0.2353	0.0617	52.3750	68.0500	
-0.1760	0.2351	0.0606	52.4000	67.8500	
-0.1758	0.2354	0.0625	52.0250	68.2000	
-0.1759	0.2352	0.0612	52.0250	68.0000	
-0.1758	0.2350	0.0612	52.0750	68.2500	
-0.1757	0.2353	0.0627	51.6750	68.6500	
-0.1757	0.2350	0.0611	51.7000	68.5750	
-0.1758	0.2354	0.0627	51.7000	68.7500	
-0.1757	0.2355	0.0635	51.6500	69.1500	
-0.1757	0.2350	0.0616	51.7500	68.8750	
-0.1756	0.2353	0.0634	51.5250	69.1750	
-0.1755	0.2358	0.0656	51.6500	69.0250	
-0.1754	0.2354	0.0646	51.7250	69.0250	
-0.1755	0.2355	0.0649	51.8250	68.6500	
-0.1755	0.2357	0.0655	51.6250	69.0250	
-0.1754	0.2356	0.0657	51.8000	69.4750	
-0.1754	0.2359	0.0667	51.8750	69.0000	
-0.1753	0.2359	0.0673	51.8000	69.0500	
-0.1754	0.2359	0.0668	51.9500	68.8250	
-0.1753	0.2361	0.0679	51.9250	69.1500	
-0.1753	0.2360	0.0674	51.6750	69.4500	
-0.1752	0.2360	0.0678	51.5750	69.5250	
-0.1752	0.2358	0.0669	51.8500	69.4750	
-0.1751	0.2364	0.0701	51.6250	69.7750	
-0.1751	0.2359	0.0682	51.7250	69.7000	
-0.1750	0.2363	0.0700	51.8750	69.5500	
-0.1750	0.2364	0.0704	51.9500	69.3500	
-0.1750	0.2365	0.0711	52.1000	69.4000	
-0.1750	0.2367	0.0718	52.2000	69.3750	
-0.1750	0.2368	0.0725	51.9750	69.3500	
-0.1750	0.2362	0.0699	52.1500	68.9000	
-0.1747	0.2368	0.0737	52.3000	69.8000	
-0.1746	0.2365	0.0728	52.1000	69.5500	
-0.1748	0.2368	0.0736	52.2750	69.9000	
-0.1747	0.2367	0.0732	52.3000	70.1500	
-0.1748	0.2365	0.0720	52.0750	70.1500	
-0.1748	0.2370	0.0738	52.0500	70.2250	
-0.1748	0.2369	0.0738	51.8250	70.4750	
-0.1747	0.2367	0.0732	51.8250	70.4750	
-0.1747	0.2371	0.0749	51.8750	70.5250	
-0.1747	0.2371	0.0749	51.7500	70.7000	
-0.1747	0.2373	0.0758	51.9250	70.5750	
-0.1745	0.2371	0.0760	51.9500	70.3750	
-0.1746	0.2375	0.0769	51.8500	70.2750	
-0.1745	0.2371	0.0761	51.7250	70.6500	
-0.1745	0.2378	0.0785	51.8500	70.7500	
-0.1745	0.2377	0.0783	52.0000	70.8000	
-0.1743	0.2378	0.0794	51.7500	71.1500	
-0.1743	0.2376	0.0787	51.4500	71.0500	
-0.1743	0.2376	0.0787	51.5000	71.0250	
-0.1744	0.2379	0.0798	51.3000	71.5250	
-0.1744	0.2381	0.0807	51.1500	71.6000	
-0.1744	0.2379	0.0795	51.3500	71.4750	
-0.1745	0.2381	0.0803	51.2250	71.4750	
-0.1742	0.2384	0.0823	51.1000	71.7000	
-0.1742	0.2387	0.0839	51.3500	71.4750	
-0.1742	0.2386	0.0832	51.4500	71.3750	
-0.1743	0.2383	0.0818	51.2000	71.5500	
-0.1743	0.2394	0.0864	51.0250	72.0000	
-0.1743	0.2387	0.0834	51.3250	71.6500	
-0.1742	0.2386	0.0835	51.1250	71.2500	
-0.1742	0.2392	0.0857	51.0750	71.8000	
-0.1742	0.2390	0.0854	51.0750	71.8000	
-0.1742	0.2393	0.0863	50.9000	71.9000	
-0.1742	0.2390	0.0853	51.1250	71.9000	
-0.1741	0.2392	0.0865	51.1750	72.0250	
-0.1741	0.2395	0.0878	50.9250	71.9750	
-0.1742	0.2395	0.0871	51.3750	71.7500	
-0.1741	0.2404	0.0913	51.1500	71.9500	
-0.1740	0.2391	0.0861	51.4750	71.6000	
-0.1741	0.2401	0.0900	51.3500	71.6750	
-0.1739	0.2402	0.0911	50.9500	72.0750	
-0.1740	0.2398	0.0892	51.3250	71.9250	
-0.1740	0.2399	0.0897	51.2000	71.9750	
-0.1740	0.2406	0.0923	51.2000	72.3500	
-0.1740	0.2399	0.0897	51.4250	71.8500	
-0.1740	0.2407	0.0928	50.8500	72.3000	
-0.1740	0.2398	0.0893	51.2000	72.2250	
-0.1739	0.2407	0.0932	51.1750	72.1000	
-0.1739	0.2411	0.0946	51.2500	72.4750	
-0.1737	0.2405	0.0933	51.3750	72.4000	
-0.1738	0.2403	0.0923	51.0000	72.4750	
-0.1736	0.2419	0.0994	51.0750	72.6750	
-0.1736	0.2410	0.0961	51.3000	72.0500	
-0.1737	0.2405	0.0935	51.1250	72.0250	
-0.1738	0.2413	0.0964	50.7250	72.6250	
-0.1737	0.2415	0.0974	50.8250	72.6250	
-0.1738	0.2411	0.0957	51.1000	72.8250	
-0.1738	0.2410	0.0954	51.0000	72.5500	
-0.1735	0.2418	0.0994	50.7500	72.7750	
-0.1737	0.2414	0.0972	50.9250	72.7250	
-0.1737	0.2411	0.0959	51.2500	72.6500	
-0.1738	0.2422	0.0995	50.8750	73.0500	
-0.1738	0.2415	0.0969	50.5500	72.7000	
-0.1737	0.2416	0.0982	50.8750	72.7750	
-0.1737	0.2423	0.1007	50.0500	73.3750	
-0.1737	0.2416	0.0978	50.6250	73.0250	
-0.1737	0.2420	0.0993	50.5500	73.1000	
-0.1738	0.2430	0.1031	50.1000	73.4250	
-0.1739	0.2420	0.0987	50.5500	73.1250	
-0.1738	0.2418	0.0980	50.5000	73.2500	
-0.1738	0.2432	0.1037	50.1250	73.6500	
-0.1738	0.2425	0.1008	50.3250	73.3500	
-0.1738	0.2428	0.1023	50.4000	73.1500	
-0.1737	0.2438	0.1069	50.3000	73.2750	
-0.1737	0.2430	0.1033	50.3750	73.6000	
-0.1737	0.2432	0.1042	50.7250	73.1500	
-0.1737	0.2432	0.1043	50.4500	73.2250	
-0.1738	0.2440	0.1072	50.2750	73.5500	
-0.1738	0.2440	0.1069	50.3250	73.3500	
-0.1738	0.2437	0.1059	50.3000	73.5250	
-0.1738	0.2433	0.1046	50.2750	73.6000	
-0.1738	0.2432	0.1040	49.9500	73.6500	
-0.1738	0.2440	0.1071	49.5750	74.1250	
-0.1738	0.2438	0.1066	50.0000	73.9500	
-0.1738	0.2437	0.1061	49.7000	73.7750	
-0.1738	0.2437	0.1058	50.0000	73.8000	
-0.1738	0.2440	0.1072	49.8250	74.0250	
-0.1736	0.2436	0.1062	50.0000	73.9500	
-0.1736	0.2436	0.1064	49.6750	74.0750	
-0.1737	0.2444	0.1087	49.8000	74.3750	
-0.1738	0.2446	0.1093	49.7250	74.1250	
-0.1738	0.2447	0.1097	49.9000	73.9250	
-0.1738	0.2448	0.1102	49.9000	73.9750	
-0.1738	0.2445	0.1090	50.3000	73.6000	
-0.1738	0.2450	0.1112	50.1250	73.8500	
-0.1738	0.2453	0.1122	49.9500	74.0750	
-0.1739	0.2449	0.1103	50.4000	73.5750	
-0.1738	0.2461	0.1154	50.2000	73.9000	
-0.1738	0.2460	0.1149	50.5750	73.6750	
-0.1738	0.2453	0.1123	50.2250	73.6500	
-0.1737	0.2454	0.1132	50.7000	73.7250	
-0.1738	0.2463	0.1162	50.1000	73.9750	
-0.1739	0.2459	0.1144	50.0750	73.7250	
-0.1739	0.2461	0.1149	50.2250	73.7500	
-0.1739	0.2458	0.1138	50.3500	73.8000	
-0.1740	0.2464	0.1158	50.2500	74.1000	
-0.1738	0.2460	0.1148	49.9500	73.9000	
-0.1737	0.2451	0.1121	50.2750	73.6250	
-0.1738	0.2457	0.1138	50.1250	74.2750	
-0.1738	0.2466	0.1174	50.1000	74.2250	
-0.1737	0.2458	0.1146	50.2500	74.0750	
-0.1738	0.2457	0.1137	50.2750	73.9250	
-0.1739	0.2467	0.1174	50.0500	74.3750	
-0.1739	0.2466	0.1170	50.0750	74.1250	
-0.1738	0.2463	0.1160	50.1250	74.2500	
-0.1739	0.2462	0.1153	49.9750	74.0500	
-0.1739	0.2462	0.1154	50.1750	74.2000	
-0.1738	0.2469	0.1186	49.8250	74.3500	
-0.1739	0.2465	0.1164	49.7500	74.4250	
-0.1739	0.2460	0.1142	49.8500	74.5500	
-0.1739	0.2465	0.1166	49.3500	75.0000	
-0.1740	0.2464	0.1155	49.2250	74.9750	
-0.1740	0.2464	0.1155	49.3750	75.1250	
-0.1740	0.2464	0.1155	49.0750	75.1500	
-0.1740	0.2464	0.1154	49.2000	74.9750	
-0.1740	0.2467	0.1169	49.0750	75.2750	
-0.1740	0.2468	0.1174	49.2000	75.1000	
-0.1740	0.2472	0.1189	49.2500	75.3250	
-0.1739	0.2468	0.1180	49.7500	74.9750	
-0.1738	0.2467	0.1178	49.3500	74.6750	
-0.1738	0.2467	0.1175	49.8500	74.9500	
-0.1739	0.2472	0.1193	49.4750	74.9000	
-0.1740	0.2478	0.1209	49.0250	75.2250	
-0.1740	0.2473	0.1194	49.1750	75.0500	
-0.1741	0.2470	0.1177	49.6250	74.8250	
-0.1741	0.2472	0.1185	49.2000	75.2250	
-0.1740	0.2469	0.1172	49.2250	75.2750	
-0.1741	0.2472	0.1183	48.9750	75.2250	
-0.1742	0.2478	0.1202	48.9500	75.2500	
-0.1741	0.2471	0.1175	49.3500	75.1500	
-0.1742	0.2476	0.1196	49.0750	75.2500	
-0.1741	0.2467	0.1161	49.3000	75.2000	
-0.1740	0.2472	0.1189	49.0500	75.0000	
-0.1741	0.2482	0.1219	49.1000	75.4250	
-0.1741	0.2477	0.1201	49.0500	74.9750	
-0.1742	0.2474	0.1185	49.4750	74.8500	
-0.1742	0.2478	0.1202	49.3000	75.0250	
-0.1740	0.2483	0.1231	49.0750	75.0250	
-0.1741	0.2475	0.1194	49.1500	75.4500	
-0.1742	0.2480	0.1212	48.8750	75.3250	
-0.1740	0.2477	0.1210	49.0000	75.5750	
-0.1739	0.2468	0.1175	49.1250	75.3250	
-0.1739	0.2476	0.1209	48.7000	75.8000	
-0.1739	0.2475	0.1205	48.9500	75.6500	
-0.1740	0.2466	0.1163	49.2000	75.2000	
-0.1742	0.2477	0.1200	49.5000	75.2750	
-0.1742	0.2482	0.1221	48.9250	75.1750	
-0.1742	0.2475	0.1189	49.4000	74.7500	
-0.1743	0.2476	0.1189	49.8000	74.7000	
-0.1741	0.2479	0.1209	49.5000	74.6500	
-0.1742	0.2483	0.1224	49.2000	74.9500	
-0.1743	0.2475	0.1186	49.7750	74.7750	
-0.1742	0.2475	0.1191	49.6750	74.6750	
-0.1743	0.2481	0.1209	49.1500	75.0000	
-0.1742	0.2477	0.1196	49.4250	74.8500	
-0.1742	0.2473	0.1182	49.4500	74.8250	
-0.1742	0.2479	0.1209	49.6500	74.6500	
-0.1742	0.2483	0.1221	49.4500	74.5250	
-0.1743	0.2476	0.1187	50.1250	74.4500	
-0.1743	0.2484	0.1222	49.7250	74.6000	
-0.1743	0.2484	0.1221	49.8000	74.5250	
-0.1743	0.2473	0.1180	49.9750	74.2250	
-0.1743	0.2479	0.1198	49.2750	75.0250	
-0.1743	0.2474	0.1179	49.5000	74.9000	
-0.1743	0.2474	0.1179	49.3250	75.0250	
-0.1743	0.2478	0.1194	48.8500	75.4250	
-0.1743	0.2466	0.1150	49.9250	75.0250	
-0.1743	0.2477	0.1192	49.3500	75.1000	
-0.1743	0.2478	0.1199	49.4750	74.9750	
-0.1743	0.2472	0.1174	49.7250	74.4000	
-0.1743	0.2476	0.1189	49.8750	74.5000	
-0.1742	0.2479	0.1207	49.4000	74.5250	
-0.1742	0.2481	0.1217	49.5250	74.3250	
-0.1744	0.2474	0.1179	49.6250	74.4500	
-0.1743	0.2479	0.1200	48.9500	74.8750	
-0.1744	0.2477	0.1190	49.4000	74.7500	
-0.1743	0.2473	0.1176	49.9000	74.5500	
-0.1744	0.2480	0.1196	49.2000	74.8750	
-0.1744	0.2477	0.1190	49.4000	74.7250	
-0.1743	0.2473	0.1176	49.8500	74.6250	
-0.1743	0.2475	0.1182	49.5000	74.4500	
-0.1744	0.2476	0.1186	49.7000	74.4500	
-0.1743	0.2480	0.1204	49.4250	74.3250	
-0.1744	0.2475	0.1182	49.9250	74.4750	
-0.1743	0.2483	0.1214	49.3000	74.5000	
-0.1745	0.2482	0.1207	49.5000	74.4000	
-0.1745	0.2475	0.1174	49.9500	74.0250	
-0.1743	0.2487	0.1229	49.6500	74.4500	
-0.1743	0.2483	0.1215	49.7250	74.1250	
-0.1743	0.2476	0.1192	49.4000	74.3000	
-0.1743	0.2478	0.1196	49.7500	74.3000	
-0.1745	0.2477	0.1185	49.5000	74.6500	
-0.1744	0.2479	0.1194	49.0750	74.8500	
-0.1744	0.2477	0.1186	49.1000	74.8000	
0.8413	50.0000	0.5853	50.0000	
0.7976	50.0000	0.5635	50.0000	
0.7579	50.0000	0.5426	50.0000	
0.7250	50.0000	0.5217	50.0000	
0.7049	50.0000	0.5008	50.0000	
0.6856	50.0000	0.4791	50.0000	
0.6618	50.0000	0.4565	50.0000	
0.6324	50.0000	0.4327	50.0000	
0.5996	50.0000	0.4079	50.0000	
0.5638	50.0000	0.3825	50.0000	
0.5263	50.0000	0.3567	50.0000	
0.4863	50.0000	0.3310	50.0000	
0.4423	50.0000	0.3065	59.6250	
0.3957	50.0000	0.2841	73.9250	
0.3516	50.0000	0.2640	76.1000	
0.3131	50.0000	0.2473	76.9500	
0.2843	48.3250	0.2335	77.2250	
0.2649	48.0000	0.2227	77.3250	
0.2558	49.1750	0.2136	76.9250	
0.2526	49.4500	0.2057	76.4250	
0.2522	49.5500	0.1986	75.9250	
0.2520	49.8500	0.1922	75.6750	
0.2517	49.9500	0.1862	75.5250	
0.2513	49.7500	0.1808	75.5250	
0.2511	49.4500	0.1761	75.5500	
0.2509	49.3250	0.1720	75.6500	
0.2508	49.3500	0.1685	75.6500	
0.2507	49.3250	0.1656	75.7500	
0.2506	49.2750	0.1633	75.6000	
0.2505	49.3250	0.1614	75.6250	
0.2504	49.2750	0.1599	75.5750	
0.2503	49.6250	0.1588	75.5500	
0.2503	49.6250	0.1579	75.5000	
0.2503	49.7500	0.1571	75.5000	
0.2502	49.9000	0.1565	75.5500	
0.2502	49.9500	0.1561	75.5500	
0.2502	50.0000	0.1556	75.5750	
0.2502	49.8250	0.1553	75.6500	
0.2502	49.8750	0.1550	75.6750	
0.2502	49.7750	0.1547	75.6750	
0.2502	49.7250	0.1544	75.6000	
0.2501	49.9750	0.1542	75.6500	
0.2501	49.1250	0.1540	75.6500	
0.2501	48.8500	0.1539	75.6500	
0.2501	48.7500	0.1538	75.5750	
0.2501	48.4750	0.1537	75.6000	
0.2501	48.2500	0.1537	75.6000	
0.2501	47.9750	0.1536	75.6250	
0.2501	48.2500	0.1536	75.6500	
0.2502	47.8750	0.1536	75.6250	
0.2501	47.7250	0.1535	75.6000	
0.2501	47.5750	0.1535	75.6250	
0.2501	47.7250	0.1535	75.6250	
0.2501	47.8000	0.1534	75.6750	
0.2501	47.9250	0.1534	75.6000	
0.2502	47.6500	0.1534	75.6750	
0.2501	47.7750	0.1533	75.6750	
0.2501	47.5000	0.1533	75.6250	
0.2501	47.7000	0.1533	75.6750	
0.2501	47.5250	0.1532	75.7000	
0.2501	47.4500	0.1532	75.7250	
0.2502	46.5250	0.1532	75.7250	
0.2501	46.6000	0.1532	75.7250	
0.2501	47.1000	0.1532	75.7000	
0.2501	46.2250	0.1531	75.7250	
0.2501	46.3000	0.1531	75.7250	
0.2501	46.6750	0.1531	75.7000	
0.2501	46.2000	0.1531	75.7250	
0.2501	46.3000	0.1530	75.6750	
0.2501	46.6500	0.1530	75.6750	
0.2501	46.4500	0.1530	75.7000	
0.2501	46.5500	0.1530	75.7000	
0.2501	46.9500	0.1530	75.7750	
0.2501	48.0750	0.1529	75.7250	
0.2501	46.8250	0.1529	75.7250	
0.2501	47.1000	0.1529	75.6750	
0.2501	48.1000	0.1529	75.6500	
0.2501	48.4250	0.1529	75.7000	
0.2501	48.6500	0.1528	75.7500	
0.2501	48.6250	0.1528	75.6750	
0.2501	47.8000	0.1528	75.7000	
0.2501	48.5250	0.1528	75.7500	
0.2502	48.6750	0.1527	75.7750	
0.2501	47.3250	0.1527	75.6750	
0.2501	46.8000	0.1527	75.7500	
0.2501	48.4500	0.1527	75.7250	
0.2501	48.7750	0.1527	75.7000	
0.2501	47.2750	0.1526	75.7000	
0.2501	48.4000	0.1526	75.7250	
0.2501	48.3000	0.1526	75.7750	
0.2501	49.0250	0.1525	75.7250	
0.2501	48.8500	0.1525	75.7500	
0.2501	47.9750	0.1525	75.7000	
0.2501	48.4000	0.1525	75.7750	
0.2501	48.9000	0.1524	75.7500	
0.2501	48.6750	0.1524	75.6750	
0.2501	48.8500	0.1524	75.6750	
0.2501	47.6250	0.1524	75.7000	
0.2501	46.6500	0.1524	75.6750	
0.2501	48.6250	0.1523	75.6750	
0.2501	49.3500	0.1523	75.7000	
0.2501	47.8500	0.1523	75.6500	
0.2501	46.7750	0.1522	75.6500	
0.2501	49.2250	0.1522	75.7250	
0.2501	48.8000	0.1522	75.6750	
0.2501	48.6250	0.1522	75.7000	
0.2501	48.8250	0.1522	75.7250	
0.2501	47.4500	0.1521	75.6750	
0.2501	49.3250	0.1521	75.6750	
0.2501	48.7000	0.1520	75.7250	
0.2501	49.0000	0.1520	75.7250	
0.2501	49.2000	0.1519	75.7250	
0.2501	49.4000	0.1519	75.7500	
0.2501	48.7250	0.1518	75.7000	
0.2501	48.9000	0.1518	75.7500	
0.2501	49.1750	0.1517	75.7250	
0.2501	49.2000	0.1517	75.7500	
0.2501	49.2500	0.1516	75.7000	
0.2501	49.4750	0.1516	75.7500	
0.2501	48.2250	0.1516	75.8000	
0.2501	49.2250	0.1515	75.6750	
0.2501	49.4000	0.1515	75.7500	
0.2500	48.9000	0.1514	75.7250	
0.2501	49.4750	0.1514	75.6250	
0.2501	48.7500	0.1513	75.7500	
0.2500	49.0500	0.1513	75.7250	
0.2501	49.2500	0.1512	75.7750	
0.2500	49.4000	0.1512	75.7250	
0.2500	49.3250	0.1512	75.7250	
0.2501	49.4500	0.1511	75.7750	
0.2500	49.1250	0.1511	75.7250	
0.2501	48.5500	0.1510	75.7250	
0.2500	49.8250	0.1510	75.8000	
0.2500	49.1500	0.1510	75.7250	
0.2501	49.0750	0.1509	75.7750	
0.2501	49.7250	0.1509	75.7500	
0.2501	50.0500	0.1509	75.7500	
0.2500	49.7000	0.1508	75.7500	
0.2501	49.5750	0.1509	75.6750	
0.2500	49.4250	0.1508	75.6750	
0.2501	49.3250	0.1507	75.6750	
0.2500	49.9000	0.1507	75.7250	
0.2500	49.8750	0.1507	75.6750	
0.2501	49.8750	0.1507	75.6750	
0.2500	50.0000	0.1506	75.7750	
0.2501	49.6750	0.1506	75.7250	
0.2501	49.8750	0.1506	75.7000	
0.2500	49.7500	0.1506	75.7250	
0.2501	48.9500	0.1505	75.7750	
0.2501	49.2500	0.1506	75.6750	
0.2501	49.6250	0.1505	75.6500	
0.2500	49.6750	0.1505	75.7750	
0.2500	49.9750	0.1504	75.6250	
0.2500	50.1000	0.1504	75.7500	
0.2500	50.3000	0.1504	75.6500	
0.2500	50.2250	0.1504	75.7000	
0.2500	50.6250	0.1504	75.7250	
0.2500	50.4000	0.1503	75.7250	
0.2500	49.8500	0.1503	75.7000	
0.2500	50.2250	0.1503	75.6500	
0.2500	50.2500	0.1503	75.6500	
0.2500	50.5500	0.1502	75.6500	
0.2500	49.9000	0.1502	75.6750	
0.2500	51.4250	0.1502	75.6000	
0.2500	50.1250	0.1502	75.6500	
0.2501	50.1500	0.1502	75.6250	
0.2500	50.7250	0.1501	75.6000	
0.2500	50.3250	0.1501	75.6000	
0.2500	50.7250	0.1501	75.6250	
0.2500	50.2250	0.1501	75.6500	
0.2500	50.0500	0.1501	75.6250	
0.2500	50.2750	0.1501	75.6500	
0.2500	50.9500	0.1501	75.6250	
0.2500	50.9500	0.1500	75.6000	
0.2500	50.6500	0.1501	75.6000	
0.2500	51.2250	0.1500	75.6250	
0.2500	50.2500	0.1500	75.6500	
0.2500	51.1750	0.1500	75.6000	
0.2500	50.8750	0.1500	75.6250	
0.2500	50.8250	0.1499	75.6500	
0.2500	50.5250	0.1499	75.6250	
0.2500	50.6500	0.1499	75.6250	
0.2500	50.9250	0.1499	75.6250	
0.2500	51.1000	0.1499	75.5750	
0.2501	50.4000	0.1500	75.6000	
0.2500	50.2500	0.1499	75.6500	
0.2500	50.7250	0.1498	75.6500	
0.2500	50.9500	0.1499	75.6750	
0.2500	50.8750	0.1498	75.6000	
0.2500	50.9250	0.1498	75.6500	
0.2501	49.3250	0.1499	75.6500	
0.2501	50.6000	0.1498	75.5750	
0.2500	50.4250	0.1498	75.5750	
0.2501	50.6750	0.1498	75.5750	
0.2500	51.3750	0.1497	75.6750	
0.2500	50.8500	0.1497	75.6250	
0.2500	50.8750	0.1497	75.6500	
0.2500	50.9500	0.1497	75.6250	
0.2500	50.8500	0.1497	75.6750	
0.2500	50.9500	0.1497	75.6000	
0.2500	51.4000	0.1497	75.5750	
0.2500	51.9250	0.1497	75.6500	
0.2500	52.0750	0.1496	75.6250	
0.2500	51.6500	0.1496	75.6000	
0.2500	51.4250	0.1496	75.6500	
0.2500	50.9000	0.1496	75.6250	
0.2500	51.5000	0.1496	75.6000	
0.2500	50.5250	0.1496	75.6000	
0.2500	50.7250	0.1496	75.6000	
0.2500	51.2000	0.1496	75.6000	
0.2500	51.3750	0.1495	75.6500	
0.2500	51.8000	0.1495	75.5500	
0.2500	51.0750	0.1495	75.6000	
0.2500	52.0250	0.1495	75.5500	
0.2500	51.3750	0.1495	75.6250	
0.2500	51.2000	0.1495	75.6250	
0.2500	51.7500	0.1495	75.6000	
0.2499	51.6250	0.1495	75.5500	
0.2500	51.3000	0.1495	75.5750	
0.2499	51.8750	0.1494	75.6500	
0.2499	51.5250	0.1494	75.5500	
0.2499	51.2000	0.1494	75.6250	
0.2500	51.8250	0.1494	75.5250	
0.2499	51.8250	0.1494	75.5500	
0.2499	51.6750	0.1494	75.6000	
0.2499	51.5250	0.1494	75.6000	
0.2499	51.5000	0.1494	75.5250	
0.2500	51.2250	0.1494	75.6000	
0.2499	51.9250	0.1494	75.5250	
0.2499	51.4000	0.1493	75.5750	
0.2499	51.4250	0.1494	75.6000	
0.2500	51.7000	0.1494	75.5000	
0.2499	52.1250	0.1493	75.6500	
0.2499	51.1500	0.1493	75.5000	
0.2499	51.5500	0.1493	75.6250	
0.2499	51.5000	0.1493	75.5750	
0.2499	51.3250	0.1493	75.5250	
0.2499	52.0000	0.1493	75.6250	
0.2499	51.5250	0.1493	75.5250	
0.2499	51.3250	0.1492	75.5750	
0.2500	51.4250	0.1492	75.5750	
0.2499	52.2500	0.1492	75.5250	
0.2499	52.1500	0.1492	75.5500	
0.2500	51.0750	0.1493	75.5250	
0.2499	51.4000	0.1492	75.6000	
0.2499	51.4500	0.1492	75.5000	
0.2500	51.2750	0.1492	75.5500	
0.2499	51.5000	0.1491	75.5500	
0.2499	50.7500	0.1492	75.5000	
0.2499	52.0250	0.1491	75.5750	
0.2499	51.0250	0.1491	75.5500	
0.2499	51.4000	0.1491	75.5750	
0.2499	52.1500	0.1491	75.5000	
0.2499	51.4750	0.1491	75.5750	
0.2499	51.6250	0.1491	75.5750	
0.2499	51.4500	0.1491	75.5750	
0.2499	52.2500	0.1490	75.4500	
0.2499	52.3000	0.1491	75.5250	
0.2499	51.6500	0.1490	75.6750	
0.2499	51.5500	0.1490	75.5500	
0.2499	51.8500	0.1490	75.5500	
0.2500	49.9250	0.1490	75.5750	
0.2499	51.7750	0.1490	75.5000	
0.2499	51.5500	0.1490	75.5500	
0.2499	51.5000	0.1490	75.4500	
0.2499	51.5750	0.1490	75.5750	
0.2499	51.9750	0.1489	75.5250	
0.2499	52.7750	0.1489	75.4750	
0.2499	51.5250	0.1489	75.5500	
0.2499	51.6750	0.1489	75.5000	
0.2499	51.6250	0.1489	75.5250	
0.2499	51.7250	0.1489	75.5750	
0.2499	52.0750	0.1489	75.5250	
0.2499	51.8000	0.1489	75.5000	
0.2499	51.6750	0.1488	75.5250	
0.2499	52.0250	0.1488	75.4750	
0.2499	52.7250	0.1488	75.5250	
0.2499	51.8750	0.1488	75.5500	
0.2499	51.7250	0.1488	75.5000	
0.2498	51.8750	0.1488	75.5000	
0.2501	50.5000	0.1488	75.5250	
0.2499	51.6000	0.1488	75.4750	
0.2499	51.6250	0.1488	75.5250	
0.2499	51.4250	0.1488	75.5000	
0.2498	51.8000	0.1487	75.5250	
0.2499	52.8000	0.1487	75.5000	
0.2499	51.6750	0.1488	75.4500	
0.2499	52.0750	0.1487	75.5000	
0.2499	52.2750	0.1487	75.4750	
0.2498	51.6500	0.1487	75.5500	
0.2498	51.9500	0.1487	75.4750	
0.2498	52.2000	0.1487	75.5250	
0.2498	52.2000	0.1486	75.5250	
0.2499	51.4000	0.1486	75.5000	
0.2499	52.1250	0.1486	75.4750	
0.2498	52.4000	0.1486	75.4250	
0.2498	51.8250	0.1486	75.5250	
0.2498	51.8750	0.1486	75.5000	
0.2498	51.8750	0.1486	75.4500	
0.2500	51.9250	0.1487	75.5000	
0.2498	52.2750	0.1486	75.5750	
0.2500	51.0250	0.1486	75.5000	
0.2499	51.5500	0.1486	75.4250	
0.2499	50.2500	0.1485	75.4750	
0.2498	53.0250	0.1485	75.4500	
0.2498	51.8250	0.1485	75.4750	
0.2498	51.5500	0.1485	75.4750	
0.2498	52.6250	0.1485	75.5000	
0.2499	52.4250	0.1485	75.4750	
0.2498	51.6250	0.1484	75.5250	
0.2498	51.5750	0.1484	75.4500	
0.2498	52.8750	0.1484	75.4750	
0.2498	53.0250	0.1484	75.4750	
0.2498	52.2000	0.1484	75.5250	
0.2498	51.7750	0.1484	75.4250	
0.2498	52.2500	0.1484	75.4750	
0.2498	52.3500	0.1484	75.5000	
0.2498	52.1000	0.1483	75.4750	
0.2499	51.5750	0.1483	75.4750	
0.2498	51.8500	0.1483	75.4750	
0.2498	53.0250	0.1483	75.4750	
0.2498	51.9000	0.1483	75.4500	
0.2498	51.6500	0.1483	75.4500	
0.2499	52.7000	0.1483	75.4500	
0.2498	52.1500	0.1482	75.4500	
0.2499	51.1500	0.1483	75.5000	
0.2498	51.6250	0.1482	75.4750	
0.2498	51.8000	0.1482	75.5250	
0.2498	52.2500	0.1482	75.4500	
0.2498	51.8250	0.1482	75.5500	
0.2498	51.7250	0.1482	75.4500	
0.2499	51.5250	0.1482	75.4750	
0.2498	53.0750	0.1481	75.5250	
0.2498	51.9500	0.1482	75.4500	
0.2498	51.7250	0.1481	75.4500	
0.2498	52.0250	0.1481	75.4750	
0.2498	52.1500	0.1481	75.5250	
0.2498	51.9500	0.1481	75.4750	
0.2498	52.0250	0.1481	75.3750	
0.2498	52.0000	0.1480	75.3750	
0.2499	52.8000	0.1480	75.4000	
0.2498	51.8000	0.1480	75.5000	
0.2498	51.7500	0.1480	75.5750	
0.2498	52.2500	0.1480	75.4750	
0.2498	52.0000	0.1480	75.5250	
0.2498	52.1500	0.1480	75.4750	
0.2498	52.3250	0.1479	75.5250	
0.2498	51.5750	0.1479	75.5250	
0.2498	51.7250	0.1479	75.4500	
0.2498	52.1500	0.1479	75.5500	
0.2498	52.6250	0.1479	75.5250	
0.2498	51.7250	0.1479	75.5250	
0.2497	52.3750	0.1478	75.5000	
0.2497	53.5250	0.1478	75.4500	
0.2498	52.3000	0.1478	75.5250	
0.2498	52.0750	0.1478	75.5250	
0.2499	51.7250	0.1478	75.4750	
0.2498	52.4250	0.1478	75.4750	
0.2497	53.0750	0.1477	75.5250	
0.2498	52.0750	0.1477	75.5250	
0.2497	51.8500	0.1477	75.4500	
0.2497	51.9000	0.1477	75.4750	
0.2498	51.7500	0.1477	75.4750	
0.2497	51.9250	0.1476	75.4750	
0.2497	52.3500	0.1476	75.4500	
0.2498	53.0250	0.1476	75.5000	
0.2498	52.4750	0.1476	75.5000	
0.2498	51.9000	0.1476	75.5000	
0.2497	52.1250	0.1476	75.6250	
0.2498	53.1750	0.1475	75.5000	
0.2498	53.1000	0.1475	75.5250	
0.2497	52.0500	0.1475	75.5250	
0.2498	51.5250	0.1475	75.5250	
0.2497	52.3250	0.1475	75.6000	
0.2497	52.5750	0.1475	75.5000	
0.2498	51.7000	0.1474	75.4750	
0.2497	52.0500	0.1474	75.4750	
0.2497	52.2500	0.1474	75.6000	
0.2497	52.0750	0.1474	75.5000	
0.2497	52.0500	0.1474	75.5250	
0.2497	51.7250	0.1474	75.5250	
0.2497	52.0750	0.1473	75.4750	
0.2497	53.2250	0.1473	75.5500	
0.2497	52.6500	0.1473	75.5250	
0.2498	52.8500	0.1473	75.5250	
0.2497	51.7500	0.1472	75.5500	
0.2498	51.6500	0.1472	75.5250	
0.2497	52.3000	0.1472	75.5250	
0.2497	53.2250	0.1472	75.5500	
0.2497	53.1250	0.1472	75.5000	
0.2497	52.1250	0.1472	75.5500	
0.2497	52.0500	0.1471	75.5250	
0.2498	52.0750	0.1471	75.5000	
0.2497	52.4250	0.1471	75.5500	
0.2497	52.0250	0.1471	75.5250	
0.2497	52.0250	0.1470	75.5250	
0.2497	52.6000	0.1470	75.5500	
0.2498	52.9000	0.1470	75.5750	
0.2497	52.0250	0.1470	75.5500	
0.2497	52.5500	0.1470	75.5500	
0.2498	52.0750	0.1469	75.5250	
0.2498	52.4750	0.1470	75.5500	
0.2497	52.5250	0.1469	75.5750	
0.2497	51.9250	0.1469	75.5500	
0.2497	52.1000	0.1469	75.5500	
0.2497	52.7750	0.1468	75.5750	
0.2497	53.1250	0.1468	75.5250	
0.2497	52.1000	0.1468	75.5750	
0.2497	52.0000	0.1468	75.6000	
0.2497	51.8750	0.1467	75.4750	
0.2498	52.9000	0.1467	75.5750	
0.2497	52.4500	0.1467	75.4500	
0.2497	52.0000	0.1467	75.5750	
0.2497	52.3750	0.1466	75.5250	
0.2497	51.9250	0.1466	75.5750	
0.2497	52.5000	0.1467	75.5500	
0.2497	52.6250	0.1465	75.5250	
0.2497	52.2000	0.1465	75.5000	
0.2497	51.9500	0.1465	75.5500	
0.2497	51.9750	0.1465	75.5250	
0.2497	53.6250	0.1464	75.5000	
0.2497	53.1000	0.1464	75.4750	
0.2497	52.1000	0.1465	75.5250	
0.2497	51.9000	0.1463	75.5000	
0.2497	52.3000	0.1463	75.5000	
0.2497	52.0000	0.1464	75.5000	
0.2497	52.4500	0.1463	75.5500	
0.2497	53.0500	0.1463	75.6250	
0.2496	52.5000	0.1462	75.4750	
0.2497	52.1500	0.1462	75.4750	
0.2497	52.1500	0.1462	75.5250	
0.2497	52.4000	0.1461	75.5500	
0.2497	52.9250	0.1461	75.5500	
0.2497	52.9000	0.1461	75.5000	
0.2497	52.0000	0.1460	75.4750	
0.2497	52.5000	0.1460	75.5500	
0.2497	53.6750	0.1460	75.4500	
0.2496	52.3500	0.1460	75.4500	
0.2497	52.2500	0.1459	75.4500	
0.2496	52.1750	0.1459	75.4750	
0.2497	51.6750	0.1459	75.4500	
0.2497	52.1000	0.1458	75.4750	
0.2496	52.3500	0.1458	75.4750	
0.2496	52.0500	0.1458	75.5500	
0.2496	52.0250	0.1457	75.5250	
0.2497	51.9250	0.1457	75.4500	
0.2496	52.5500	0.1456	75.5250	
0.2497	53.8000	0.1456	75.5000	
0.2497	52.5500	0.1457	75.5000	
0.2496	51.8750	0.1455	75.5750	
0.2496	52.6000	0.1455	75.4500	
0.2496	52.5500	0.1455	75.4250	
0.2496	52.1000	0.1455	75.4250	
0.2496	52.2000	0.1454	75.5250	
0.2496	52.8250	0.1454	75.4000	
0.2496	52.8250	0.1453	75.5000	
0.2496	52.2000	0.1453	75.4750	
0.2496	52.0750	0.1453	75.5000	
0.2496	52.6000	0.1453	75.4250	
0.2496	52.5250	0.1452	75.4500	
0.2497	52.3250	0.1452	75.5250	
0.2496	53.0750	0.1452	75.5000	
0.2496	52.9000	0.1452	75.4500	
0.2496	52.1000	0.1451	75.4250	
0.2496	52.3250	0.1450	75.5000	
0.2496	52.5250	0.1450	75.4500	
0.2496	52.5500	0.1450	75.3250	
0.2496	52.3750	0.1449	75.5250	
0.2496	52.0750	0.1449	75.4750	
0.2496	52.7000	0.1448	75.4250	
0.2496	53.4000	0.1448	75.4750	
0.2496	52.7500	0.1447	75.4250	
0.2496	52.0750	0.1447	75.4000	
0.2496	52.1500	0.1446	75.3500	
0.2496	52.4250	0.1446	75.5000	
0.2496	52.5250	0.1445	75.4000	
0.2496	52.2250	0.1444	75.4500	
0.2496	52.1500	0.1444	75.3750	
0.2496	52.5000	0.1443	75.3500	
0.2496	52.8750	0.1443	75.4250	
0.2496	53.2250	0.1442	75.4000	
0.2496	52.1250	0.1442	75.3750	
0.2496	52.0500	0.1441	75.4500	
0.2496	52.6750	0.1442	75.4250	
0.2496	53.1000	0.1441	75.4500	
0.2496	53.2000	0.1440	75.4250	
0.2496	52.6000	0.1439	75.3750	
0.2496	52.3250	0.1439	75.4750	
0.2496	51.9750	0.1438	75.4000	
0.2496	52.1750	0.1438	75.3250	
0.2496	52.8000	0.1439	75.3750	
0.2496	53.6000	0.1437	75.4250	
0.2496	52.6250	0.1437	75.4500	
0.2496	52.0250	0.1436	75.3750	
0.2496	52.3500	0.1435	75.3250	
0.2496	53.0750	0.1435	75.3750	
0.2496	53.3750	0.1434	75.3000	
0.2496	52.8750	0.1434	75.3000	
0.2496	52.3750	0.1434	75.3500	
0.2496	52.1250	0.1433	75.3750	
0.2496	53.1000	0.1433	75.4500	
0.2496	53.3750	0.1432	75.4250	
0.2496	53.1250	0.1431	75.3750	
0.2496	52.3000	0.1431	75.3500	
0.2496	52.1250	0.1430	75.4000	
0.2496	52.8000	0.1429	75.3500	
0.2496	53.1500	0.1429	75.3500	
0.2496	52.9500	0.1429	75.3750	
0.2495	52.4750	0.1428	75.3750	
0.2496	52.4000	0.1429	75.4250	
0.2496	52.9500	0.1426	75.2750	
0.2496	52.3500	0.1427	75.3000	
0.2496	52.6500	0.1427	75.3750	
0.2495	52.8250	0.1427	75.3250	
0.2496	52.9500	0.1425	75.4000	
0.2495	52.4250	0.1424	75.3500	
0.2496	52.1500	0.1423	75.3500	
0.2495	52.6000	0.1422	75.3250	
0.2495	52.7000	0.1422	75.2500	
0.2495	53.1250	0.1421	75.3750	
0.2495	52.9000	0.1421	75.3250	
0.2496	52.4750	0.1420	75.3500	
0.2496	52.5750	0.1419	75.3500	
0.2495	52.8250	0.1419	75.3250	
0.2495	52.4750	0.1418	75.3000	
0.2496	53.4250	0.1419	75.4500	
0.2495	52.5000	0.1417	75.3250	
0.2495	52.4750	0.1417	75.3500	
0.2495	53.1000	0.1416	75.3250	
0.2495	52.7750	0.1415	75.3500	
0.2496	52.6250	0.1415	75.3000	
0.2495	52.9000	0.1414	75.2750	
0.2495	53.2750	0.1413	75.3500	
0.2495	52.3000	0.1413	75.3250	
0.2495	52.6000	0.1412	75.2750	
0.2495	52.9000	0.1412	75.3000	
0.2495	52.8000	0.1411	75.3250	
0.2495	52.7750	0.1411	75.2750	
0.2495	52.6750	0.1409	75.3500	
0.2495	52.6500	0.1409	75.3000	
0.2495	53.1000	0.1408	75.3750	
0.2495	53.0250	0.1408	75.3250	
0.2495	52.6250	0.1408	75.3750	
0.2495	52.9750	0.1406	75.3250	
0.2495	52.4000	0.1406	75.2250	
0.2495	52.3250	0.1405	75.3750	
0.2495	52.9750	0.1405	75.3750	
0.2495	52.9500	0.1404	75.2250	
0.2495	52.6500	0.1403	75.3000	
0.2495	52.7750	0.1402	75.3250	
0.2495	53.3250	0.1401	75.2250	
0.2495	52.6250	0.1401	75.2750	
0.2495	52.3250	0.1400	75.2500	
0.2495	53.1000	0.1399	75.3500	
0.2495	53.3750	0.1398	75.2750	
0.2495	52.3000	0.1398	75.1750	
0.2495	52.3750	0.1398	75.3250	
0.2495	53.3500	0.1397	75.3250	
0.2495	53.2750	0.1396	75.2000	
0.2495	52.7500	0.1396	75.3500	
0.2495	52.7000	0.1395	75.2750	
0.2495	52.5000	0.1394	75.2250	
0.2495	52.3250	0.1393	75.1750	
0.2495	52.9500	0.1392	75.3000	
0.2495	53.4500	0.1392	75.3000	
0.2495	53.7250	0.1391	75.2750	
0.2495	52.6000	0.1390	75.2000	
0.2495	52.4250	0.1390	75.2000	
0.2495	53.0750	0.1388	75.3250	
0.2495	53.6000	0.1388	75.3000	
0.2495	52.6750	0.1388	75.1500	
0.2495	52.6500	0.1388	75.3000	
0.2495	53.3250	0.1387	75.2250	
0.2495	52.6750	0.1386	75.2750	
0.2495	52.5000	0.1385	75.1750	
0.2495	52.9250	0.1384	75.1500	
0.2495	53.4750	0.1383	75.3000	
0.2495	53.1000	0.1383	75.2000	
0.2495	52.9750	0.1381	75.2250	
0.2495	53.3750	0.1381	75.3000	
0.2495	53.1250	0.1380	75.1250	
0.2495	52.7500	0.1379	75.2750	
0.2495	53.0750	0.1378	75.2000	
0.2495	52.9750	0.1378	75.2000	
0.2495	52.9250	0.1377	75.1250	
0.2496	52.6750	0.1376	75.2250	
0.2495	53.4250	0.1375	75.2500	
0.2495	52.9250	0.1375	75.0500	
0.2495	53.4250	0.1374	75.2250	
0.2494	52.7500	0.1373	75.2000	
0.2494	53.2500	0.1372	75.1750	
0.2495	52.5500	0.1372	75.2000	
0.2495	53.0750	0.1371	75.2750	
0.2494	53.5250	0.1370	75.0500	
0.2495	52.6750	0.1370	75.0750	
0.2495	53.3750	0.1369	75.3250	
0.2494	52.6750	0.1368	75.0250	
0.2494	52.5250	0.1367	75.3000	
0.2495	53.7000	0.1366	75.2250	
0.2495	52.9500	0.1366	75.1500	
0.2494	52.9000	0.1366	75.2750	
0.2494	54.0250	0.1364	75.1000	
0.2494	53.5000	0.1363	75.1250	
0.2494	52.8750	0.1363	75.2000	
0.2495	53.2250	0.1362	75.2250	
0.2494	53.5250	0.1361	75.0250	
0.2494	52.5250	0.1360	75.1750	
0.2494	52.6750	0.1359	75.1750	
0.2494	54.2750	0.1359	75.2000	
0.2495	53.5500	0.1358	75.1000	
0.2495	54.0750	0.1357	75.2000	
0.2494	52.8000	0.1356	75.2000	
0.2495	52.6750	0.1356	75.2250	
0.2495	52.7250	0.1355	75.2000	
0.2494	52.9250	0.1354	75.1250	
0.2494	54.7250	0.1353	75.1750	
0.2494	54.6000	0.1352	75.1250	
0.2494	52.5750	0.1352	75.1250	
0.2494	52.3250	0.1351	75.1250	
0.2494	53.3250	0.1350	75.1500	
0.2494	53.8000	0.1349	75.1000	
0.2494	53.4750	0.1349	75.2000	
0.2494	53.9750	0.1348	75.1250	
0.2494	52.9000	0.1346	75.1000	
0.2495	52.4250	0.1346	75.1250	
0.2494	53.5500	0.1345	75.2500	
0.2495	52.8250	0.1344	75.0750	
0.2494	53.4000	0.1344	75.1000	
0.2494	53.1750	0.1343	75.2250	
0.2494	52.6500	0.1344	75.1250	
0.2494	52.6500	0.1342	75.2000	
0.2494	53.6500	0.1341	75.1750	
0.2494	53.4500	0.1339	75.1000	
0.2494	53.1000	0.1339	75.2250	
0.2494	53.9250	0.1338	75.0250	
0.2494	53.6500	0.1337	75.0500	
0.2494	53.6750	0.1336	75.1250	
0.2494	52.7000	0.1336	75.1250	
0.2494	52.7000	0.1335	75.1250	
0.2494	53.3000	0.1334	75.1250	
0.2494	53.7250	0.1334	75.1000	
0.2494	53.2250	0.1333	75.0750	
0.2494	52.5750	0.1332	75.0750	
0.2494	53.0250	0.1331	75.1000	
0.2494	54.0750	0.1330	75.1750	
0.2494	52.9000	0.1329	75.1250	
0.2494	52.8500	0.1328	75.1000	
0.2494	53.6000	0.1328	75.1250	
0.2494	54.0000	0.1327	75.1250	
0.2494	53.6750	0.1327	75.1250	
0.2494	52.7000	0.1326	75.1250	
0.2494	52.7750	0.1325	75.1250	
0.2494	53.9250	0.1324	75.1000	
0.2494	54.0000	0.1323	75.1000	
0.2494	52.8250	0.1322	75.1250	
0.2494	52.9750	0.1322	75.0750	
0.2494	54.0750	0.1321	75.1000	
0.2494	53.3500	0.1320	75.1250	
0.2494	53.3750	0.1319	75.1000	
0.2493	53.7750	0.1318	75.1000	
0.2494	53.4000	0.1318	75.0750	
0.2494	53.2500	0.1317	75.1250	
0.2493	53.1250	0.1316	75.1250	
0.2494	52.9000	0.1315	75.1000	
0.2494	53.9000	0.1314	75.1250	
0.2494	54.2000	0.1314	75.1000	
0.2493	53.8250	0.1313	75.1500	
0.2493	52.8000	0.1312	75.1000	
0.2493	52.8250	0.1312	75.0750	
0.2494	53.4750	0.1311	75.1250	
0.2493	53.6750	0.1310	75.0500	
0.2493	53.6000	0.1309	75.1250	
0.2494	54.3000	0.1308	75.1000	
0.2494	53.7000	0.1307	75.1250	
0.2493	53.5250	0.1307	75.0750	
0.2493	53.7000	0.1306	75.1250	
0.2493	53.5750	0.1306	75.0500	
0.2493	53.7500	0.1306	75.1500	
0.2493	53.8750	0.1304	75.0250	
0.2493	53.2000	0.1303	75.1250	
0.2493	53.4500	0.1302	75.1250	
0.2493	54.2250	0.1302	75.1000	
0.2493	53.9500	0.1301	75.0000	
0.2493	53.0500	0.1300	75.1250	
0.2493	53.6000	0.1299	75.1000	
0.2493	53.2000	0.1298	75.0750	
0.2493	53.4000	0.1298	75.0500	
0.2493	53.7500	0.1297	75.0500	
0.2493	53.9250	0.1296	75.0750	
0.2493	53.0000	0.1298	75.0250	
0.2493	53.6750	0.1295	75.0750	
0.2493	53.9500	0.1294	75.0250	
0.2493	53.3750	0.1294	75.0750	
0.2493	53.3250	0.1293	75.0000	
0.2493	53.7250	0.1292	75.1250	
0.2493	53.9750	0.1291	75.0000	
0.2493	53.7500	0.1290	75.0500	
0.2493	53.6500	0.1289	75.0250	
0.2493	53.9750	0.1289	74.9750	
0.2493	53.5750	0.1288	75.0750	
0.2493	53.6750	0.1287	74.9750	
0.2493	53.8250	0.1287	75.1000	
0.2493	53.9250	0.1286	74.9750	
0.2493	52.9000	0.1285	75.1000	
0.2493	53.4500	0.1284	75.0500	
0.2493	54.1250	0.1284	75.0250	
0.2493	52.9500	0.1283	75.0250	
0.2493	53.0250	0.1282	75.0250	
0.2493	53.9750	0.1282	75.0250	
0.2493	54.4750	0.1281	75.0000	
0.2493	53.9000	0.1281	75.0250	
0.2493	53.4250	0.1279	75.0000	
0.2494	52.8250	0.1279	74.9750	
0.2494	53.9250	0.1278	75.0000	
0.2493	54.7500	0.1277	75.0000	
0.2493	54.0500	0.1277	74.9500	
0.2493	53.0750	0.1276	75.0250	
0.2494	53.0750	0.1275	75.0250	
0.2493	53.4250	0.1276	75.0500	
0.2493	53.8250	0.1274	75.0500	
0.2493	54.5250	0.1273	75.0250	
0.2493	54.0250	0.1272	75.0000	
0.2494	52.2000	0.1273	75.0000	
0.2494	53.6250	0.1271	74.9250	
0.2493	54.4000	0.1271	75.0500	
0.2493	54.3500	0.1270	74.9250	
0.2493	53.3500	0.1269	75.0250	
0.2493	54.1000	0.1268	75.0250	
0.2493	54.5250	0.1267	75.0000	
0.2493	53.1750	0.1267	75.0250	
0.2493	53.2250	0.1267	74.9750	
0.2493	54.1000	0.1266	75.0000	
0.2493	54.5250	0.1265	74.9750	
0.2493	53.5500	0.1264	74.9250	
0.2494	53.7500	0.1264	75.0000	
0.2493	53.8000	0.1264	74.9500	
0.2493	53.6500	0.1262	75.0250	
0.2493	52.7250	0.1263	75.0000	
0.2493	54.2500	0.1262	74.9500	
0.2493	54.8500	0.1260	74.9500	
0.2493	53.2500	0.1261	74.9500	
0.2494	54.0250	0.1258	74.9250	
0.2493	53.7250	0.1261	74.9750	
0.2493	53.2500	0.1258	74.9500	
0.2492	53.8250	0.1257	75.0000	
0.2493	55.3000	0.1257	74.9500	
0.2493	54.1000	0.1257	74.9500	
0.2492	53.8250	0.1255	74.9750	
0.2493	54.0000	0.1255	74.9250	
0.2493	54.1000	0.1254	74.9000	
0.2493	53.4250	0.1253	74.9750	
0.2493	53.5000	0.1253	74.9250	
0.2493	54.1000	0.1252	74.9500	
0.2492	54.5750	0.1251	74.9000	
0.2492	53.8750	0.1252	74.8750	
0.2492	53.5750	0.1250	74.9250	
0.2492	53.3750	0.1250	74.9500	
0.2492	53.9500	0.1250	74.9500	
0.2492	54.0250	0.1248	74.9500	
0.2492	54.0000	0.1248	74.9750	
0.2492	54.6500	0.1247	74.9000	
0.2494	53.6750	0.1248	74.9500	
0.2492	53.9250	0.1247	74.9250	
0.2493	54.3500	0.1247	74.9500	
0.2493	54.3750	0.1249	74.9750	
0.2492	54.9000	0.1247	75.0000	
0.2492	53.4250	0.1244	74.9500	
0.2493	52.9500	0.1246	74.9750	
0.2494	53.8250	0.1246	74.9250	
0.2493	54.6250	0.1244	74.9250	
0.2492	53.2250	0.1242	74.9000	
0.2493	53.3250	0.1242	74.9250	
0.2493	54.7000	0.1242	74.9500	
0.2493	53.9000	0.1241	74.9500	
0.2493	54.1750	0.1240	74.9250	
0.2492	53.2750	0.1239	74.9250	
0.2492	53.4500	0.1239	74.8750	
0.2492	54.3000	0.1238	74.9500	
0.2493	54.6000	0.1237	74.9000	
0.2492	54.5250	0.1238	74.8750	
0.2492	54.3250	0.1236	74.9500	
0.2493	53.1000	0.1237	74.9500	
0.2493	53.8750	0.1237	74.8750	
0.2492	54.9250	0.1236	74.8750	
0.2492	54.5750	0.1234	74.8750	
0.2492	54.3750	0.1234	74.9000	
0.2493	54.7750	0.1234	74.8750	
0.2492	53.7500	0.1234	74.9500	
0.2492	53.6000	0.1232	74.9000	
0.2492	54.0500	0.1232	74.9000	
0.2492	54.5000	0.1232	74.9250	
0.2492	55.0000	0.1231	74.9750	
0.2492	54.6000	0.1230	74.8500	
0.2492	54.2000	0.1230	74.8750	
0.2492	53.6250	0.1229	74.8750	
0.2492	54.1500	0.1230	74.9000	
0.2492	54.2750	0.1230	74.9750	
0.2492	53.6000	0.1231	74.9000	
0.2492	54.3500	0.1228	74.9000	
0.2492	53.7000	0.1228	74.8250	
0.2492	54.3500	0.1227	74.9000	
0.2492	54.6000	0.1226	74.9000	
0.2492	53.7500	0.1225	74.8500	
0.2492	53.8250	0.1226	74.9000	
0.2493	54.5000	0.1225	74.9250	
0.2492	53.8750	0.1224	74.8000	
0.2492	53.5000	0.1226	74.9250	
0.2492	53.5750	0.1226	74.9000	
0.2492	53.8000	0.1225	74.9500	
0.2492	54.5500	0.1223	74.9000	
0.2493	53.1750	0.1224	74.9250	
0.2492	54.1250	0.1222	74.8500	
0.2492	53.4500	0.1222	74.9250	
0.2492	53.7000	0.1221	74.8750	
0.2492	54.1000	0.1220	74.9500	
0.2492	54.3000	0.1220	74.9000	
0.2492	54.7750	0.1219	74.8750	
0.2492	54.4250	0.1219	74.8250	
0.2492	53.7750	0.1218	74.9250	
0.2492	54.0250	0.1219	74.9000	
0.2492	54.4250	0.1218	74.9500	
0.2492	54.3250	0.1219	74.9500	
0.2492	54.5000	0.1218	74.8750	
0.2492	54.4000	0.1218	74.9000	
0.2492	54.1750	0.1217	74.8250	
0.2492	54.3750	0.1216	74.9250	
0.2492	54.7750	0.1215	74.8750	
0.2492	54.7250	0.1216	74.9250	
0.2492	54.4250	0.1215	74.8250	
0.2492	54.2750	0.1214	74.8750	
0.2492	54.7750	0.1214	74.9000	
0.2491	54.8250	0.1213	74.8250	
0.2492	54.1000	0.1213	74.8750	
0.2492	53.5750	0.1213	74.8750	
0.2492	54.7750	0.1212	74.9000	
0.2492	54.8750	0.1212	74.8750	
0.2492	54.7000	0.1212	74.8000	
0.2492	54.4750	0.1211	74.9000	
0.2492	54.2250	0.1212	74.9000	
0.2491	54.5000	0.1211	74.9500	
0.2492	54.7500	0.1210	74.8750	
0.2491	54.9750	0.1210	74.8250	
0.2491	55.0500	0.1209	74.8750	
0.2491	55.0250	0.1209	74.9000	
0.2491	54.3750	0.1209	74.8750	
0.2492	54.0000	0.1211	74.9000	
0.2491	54.8750	0.1209	74.9000	
0.2492	54.6750	0.1210	74.8750	
0.2491	54.5750	0.1208	74.8500	
0.2492	54.3250	0.1207	74.8750	
0.2492	54.0500	0.1207	74.8000	
0.2491	53.9000	0.1206	74.8500	
0.2491	55.0500	0.1207	74.8750	
0.2492	54.4500	0.1207	75.0000	
0.2491	54.9750	0.1206	74.8250	
0.2491	54.4750	0.1207	74.8750	
0.2491	53.3500	0.1206	74.8250	
0.2492	54.1000	0.1206	74.9250	
0.2491	54.7750	0.1204	74.8500	
0.2492	54.4000	0.1204	74.7750	
0.2491	54.1750	0.1204	74.8500	
0.2491	54.5500	0.1203	74.8250	
0.2491	54.7500	0.1203	74.8000	
0.2491	54.8250	0.1202	74.8250	
0.2492	54.6750	0.1203	74.7750	
0.2492	53.4250	0.1202	74.8500	
0.2491	53.5250	0.1202	74.8000	
0.2492	54.8500	0.1202	74.9000	
0.2491	54.8750	0.1201	74.8250	
0.2491	54.9500	0.1200	74.7250	
0.2491	54.9500	0.1200	74.8250	
0.2492	53.9000	0.1200	74.8000	
0.2491	54.4750	0.1200	74.8750	
0.2491	54.8500	0.1199	74.8000	
0.2491	54.6750	0.1199	74.7250	
0.2492	54.4750	0.1201	74.8500	
0.2491	54.8250	0.1201	74.8250	
0.2491	53.2500	0.1200	74.7500	
0.2491	54.5500	0.1199	74.8750	
0.2491	55.2500	0.1198	74.8000	
0.2492	53.3250	0.1197	74.8750	
0.2491	54.7000	0.1198	74.7750	
0.2491	53.5750	0.1197	74.8250	
0.2491	54.4250	0.1197	74.7750	
0.2491	54.9750	0.1197	74.7250	
0.2491	54.8250	0.1195	74.8750	
0.2491	54.6000	0.1196	74.8000	
0.2491	54.4000	0.1196	74.8750	
0.2491	54.4750	0.1195	74.7500	
0.2491	54.8750	0.1195	74.8500	
0.2491	54.8000	0.1195	74.9000	
0.2491	53.8000	0.1194	74.8500	
0.2491	54.0250	0.1194	74.8000	
0.2491	53.7750	0.1194	74.8500	
0.2491	55.0750	0.1196	74.8750	
0.2491	55.2500	0.1194	74.8750	
0.2491	54.9500	0.1193	74.7750	
0.2491	54.4750	0.1192	74.8750	
0.2491	54.8000	0.1193	74.8250	
0.2491	54.6750	0.1192	74.8250	
0.2491	54.7250	0.1192	74.8000	
0.2491	55.0000	0.1191	74.8500	
0.2491	54.7000	0.1192	74.8750	
0.2491	54.4250	0.1192	74.8750	
0.2491	54.0250	0.1191	74.8750	
0.2491	54.8000	0.1191	74.7500	
0.2491	54.9500	0.1191	74.8750	
0.2491	54.7750	0.1191	74.8750	
0.2491	54.2750	0.1190	74.8250	
0.2491	54.6500	0.1192	74.8000	
0.2491	55.1500	0.1191	74.7750	
0.2491	55.2500	0.1189	74.7750	
0.2491	55.0750	0.1189	74.8500	
0.2491	54.1250	0.1189	74.8000	
0.2491	54.0500	0.1188	74.7500	
0.2491	54.8250	0.1189	74.8750	
0.2491	55.1000	0.1188	74.7500	
0.2491	54.8250	0.1188	74.8750	
0.2491	54.9500	0.1187	74.8750	
0.2491	54.9250	0.1188	74.8500	
0.2491	55.0000	0.1188	74.7250	
0.2491	54.7250	0.1187	74.8250	
0.2491	54.4750	0.1186	74.8500	
0.2491	55.0750	0.1187	74.8750	
0.2491	55.1000	0.1186	74.8250	
0.2491	54.8000	0.1185	74.8250	
0.2491	54.7750	0.1185	74.8250	
0.2491	54.7000	0.1185	74.8000	
0.2491	55.1500	0.1185	74.8000	
0.2491	54.8750	0.1185	74.7750	
0.2491	54.1750	0.1184	74.8250	
0.2491	54.9250	0.1184	74.8000	
0.2491	55.3500	0.1185	74.9000	
0.2490	55.1750	0.1184	74.8000	
0.2491	55.2750	0.1183	74.8250	
0.2491	53.9750	0.1184	74.8750	
0.2491	54.3000	0.1183	74.8250	
0.2490	55.1250	0.1183	74.9000	
0.2490	54.9250	0.1183	74.8750	
0.2490	55.2250	0.1183	74.8500	
0.2490	55.4500	0.1182	74.8250	
0.2491	54.9000	0.1183	74.7750	
0.2491	54.0750	0.1185	74.8250	
0.2490	53.9250	0.1183	74.7750	
0.2490	54.7250	0.1184	74.8000	
0.2490	55.5000	0.1181	74.8000	
0.2491	54.8250	0.1182	74.8500	
0.2491	55.4000	0.1182	74.8000	
0.2490	54.6000	0.1182	74.9500	
0.2490	55.2000	0.1181	74.8000	
0.2491	55.1500	0.1181	74.8000	
0.2491	54.7250	0.1181	74.7500	
0.2490	54.3500	0.1180	74.8000	
0.2490	54.4000	0.1180	74.8250	
0.2491	55.1500	0.1180	74.8500	
0.2490	55.2250	0.1180	74.7750	
0.2491	54.6750	0.1179	74.7750	
0.2490	54.7750	0.1179	74.8500	
0.2491	54.2500	0.1180	74.8500	
0.2490	54.8250	0.1179	74.8250	
0.2490	55.3000	0.1179	74.8000	
0.2490	55.0500	0.1178	74.8000	
0.2490	55.1750	0.1178	74.8000	
0.2490	54.1250	0.1177	74.8000	
0.2490	54.5500	0.1178	74.8750	
0.2490	55.3250	0.1178	74.8250	
0.2490	55.2250	0.1177	74.8750	
0.2490	54.8250	0.1177	74.8000	
0.2491	54.7250	0.1178	74.8750	
0.2490	55.7750	0.1178	74.8000	
0.2490	54.5250	0.1176	74.8500	
0.2490	53.6000	0.1177	74.8250	
0.2490	54.4500	0.1176	74.8250	
0.2490	55.5000	0.1176	74.8250	
0.2490	55.4500	0.1176	74.8250	
0.2490	55.6000	0.1176	74.7750	
0.2490	55.3750	0.1178	74.8500	
0.2490	55.3250	0.1176	74.8000	
0.2490	54.5000	0.1175	74.8000	
0.2490	53.8500	0.1176	74.8000	
0.2490	55.0000	0.1176	74.8000	
0.2490	55.1500	0.1175	74.7750	
0.2490	54.9000	0.1174	74.8250	
0.2490	55.2500	0.1175	74.8250	
0.2490	55.7250	0.1174	74.8500	
0.2490	55.2000	0.1174	74.8000	
0.2490	55.3250	0.1174	74.8000	
0.2490	54.9000	0.1174	74.8500	
0.2490	54.2000	0.1173	74.8250	
0.2490	54.9250	0.1174	74.8250	
0.2491	54.9000	0.1174	74.8000	
0.2491	54.9750	0.1175	74.7250	
0.2490	54.1000	0.1174	74.9000	
0.2490	54.9000	0.1173	74.8000	
0.2490	55.1750	0.1173	74.8500	
0.2490	55.0250	0.1173	74.8250	
0.2490	55.1500	0.1172	74.8500	
0.2490	54.9750	0.1172	74.8000	
0.2490	55.4000	0.1172	74.8250	
0.2490	54.5750	0.1172	74.8250	
