Loss_Adversary	Accuracy_Adversary	Loss_Target	Accuracy_Target	
0.0947	0.4037	0.4270	50.0000	50.0000	
0.0903	0.3994	0.4167	50.0000	50.0000	
0.0861	0.3951	0.4069	50.0000	50.0000	
0.0820	0.3911	0.3974	50.0000	50.0000	
0.0783	0.3871	0.3886	50.0000	50.0000	
0.0745	0.3832	0.3796	50.0000	50.0000	
0.0708	0.3794	0.3710	50.0000	50.0000	
0.0671	0.3756	0.3623	50.0000	50.0000	
0.0606	0.3720	0.3490	50.0000	50.0000	
0.0535	0.3684	0.3347	50.0000	50.0000	
0.0470	0.3650	0.3216	50.0000	50.0000	
0.0420	0.3616	0.3110	50.0000	50.0000	
0.0384	0.3582	0.3029	50.0000	50.0000	
0.0365	0.3550	0.2975	50.0000	50.0000	
0.0359	0.3518	0.2944	50.0000	50.0000	
0.0361	0.3487	0.2927	50.0000	50.0000	
0.0365	0.3457	0.2914	50.0000	64.1250	
0.0368	0.3428	0.2899	50.0000	80.5500	
0.0370	0.3392	0.2878	50.0000	80.9500	
0.0392	0.3298	0.2852	50.0000	80.1000	
0.0420	0.3177	0.2818	50.0000	78.2250	
0.0443	0.3059	0.2777	50.0000	74.7750	
0.0457	0.2943	0.2724	50.0000	70.7500	
0.0455	0.2841	0.2653	50.0000	65.9500	
0.0431	0.2753	0.2554	50.0000	61.2000	
0.0388	0.2686	0.2438	50.0000	58.0250	
0.0323	0.2640	0.2299	50.0000	56.3250	
0.0244	0.2609	0.2146	50.0000	54.9000	
0.0157	0.2592	0.1989	50.0000	54.1000	
0.0072	0.2581	0.1841	50.0000	52.9750	
0.0006	0.2574	0.1725	50.0000	52.1500	
-0.0034	0.2564	0.1653	50.0000	51.2500	
-0.0050	0.2554	0.1618	49.6000	50.9750	
-0.0059	0.2543	0.1597	42.8500	51.1000	
-0.0068	0.2530	0.1574	40.6750	50.9750	
-0.0078	0.2522	0.1551	32.0000	51.0250	
-0.0091	0.2512	0.1523	39.4750	50.9250	
-0.0107	0.2504	0.1490	57.7500	50.9000	
-0.0129	0.2496	0.1449	61.9500	50.9000	
-0.0156	0.2488	0.1399	64.1500	50.8750	
-0.0188	0.2484	0.1342	62.0000	50.8500	
-0.0224	0.2478	0.1278	61.6000	50.9500	
-0.0263	0.2471	0.1208	64.1500	51.6250	
-0.0298	0.2459	0.1142	67.4000	53.0000	
-0.0328	0.2439	0.1080	68.7750	54.4500	
-0.0352	0.2412	0.1022	70.9500	55.6750	
-0.0382	0.2383	0.0951	71.9000	57.1750	
-0.0420	0.2359	0.0873	70.7750	58.4250	
-0.0453	0.2324	0.0795	69.0000	62.1000	
-0.0473	0.2259	0.0717	69.3500	65.4500	
-0.0487	0.2182	0.0643	72.3000	67.2000	
-0.0501	0.2118	0.0576	74.2500	66.7000	
-0.0514	0.2065	0.0520	75.0250	68.5250	
-0.0522	0.2008	0.0469	75.0500	70.2000	
-0.0525	0.1952	0.0427	75.1500	71.5000	
-0.0526	0.1907	0.0395	75.1500	72.7750	
-0.0525	0.1863	0.0367	74.8000	72.7750	
-0.0522	0.1825	0.0346	75.0750	73.3750	
-0.0517	0.1786	0.0329	74.8250	74.0000	
-0.0513	0.1750	0.0313	74.9750	74.4250	
-0.0508	0.1713	0.0295	75.0000	74.3000	
-0.0504	0.1688	0.0285	74.8500	74.6250	
-0.0501	0.1663	0.0273	74.8500	74.7500	
-0.0499	0.1636	0.0259	75.0500	74.7750	
-0.0496	0.1622	0.0255	74.7500	74.6000	
-0.0496	0.1603	0.0243	74.8500	75.1750	
-0.0495	0.1583	0.0231	74.8000	75.1500	
-0.0494	0.1563	0.0219	74.6000	74.5000	
-0.0493	0.1553	0.0214	74.8250	75.2250	
-0.0493	0.1534	0.0201	74.8250	74.6000	
-0.0493	0.1522	0.0194	74.6250	74.9000	
-0.0493	0.1509	0.0185	74.6000	74.8500	
-0.0493	0.1503	0.0180	74.6000	74.9250	
-0.0495	0.1493	0.0170	74.3750	75.2250	
-0.0494	0.1488	0.0168	74.1750	74.8750	
-0.0492	0.1468	0.0159	74.6000	75.7750	
-0.0494	0.1465	0.0153	74.3250	75.7750	
-0.0498	0.1461	0.0144	74.4250	74.9750	
-0.0500	0.1456	0.0137	74.4500	75.5250	
-0.0499	0.1451	0.0135	74.3500	75.6750	
-0.0502	0.1441	0.0124	74.5500	74.7000	
-0.0507	0.1446	0.0119	74.3000	76.0500	
-0.0509	0.1450	0.0119	74.1750	76.1000	
-0.0516	0.1459	0.0113	74.2250	75.4000	
-0.0522	0.1473	0.0112	73.0500	76.1250	
-0.0530	0.1480	0.0104	69.2000	77.2000	
-0.0543	0.1512	0.0103	67.2750	75.2750	
-0.0558	0.1582	0.0125	68.5500	75.4750	
-0.0571	0.1650	0.0149	69.3000	75.5250	
-0.0601	0.1724	0.0148	65.6250	74.9250	
-0.0627	0.1806	0.0159	58.2250	74.0250	
-0.0645	0.1882	0.0180	54.6500	73.6500	
-0.0663	0.1953	0.0197	57.7500	73.4500	
-0.0647	0.1960	0.0228	61.5750	72.5250	
-0.0630	0.1970	0.0264	61.4750	71.2250	
-0.0622	0.1981	0.0284	58.7000	71.9750	
-0.0611	0.1947	0.0279	56.5250	73.4750	
-0.0612	0.1889	0.0240	56.1000	75.7250	
-0.0612	0.1844	0.0210	57.2500	75.4750	
-0.0612	0.1817	0.0192	58.4250	75.6000	
-0.0613	0.1805	0.0182	58.7500	75.5500	
-0.0616	0.1788	0.0166	58.1750	76.0750	
-0.0620	0.1767	0.0145	57.5250	75.9250	
-0.0625	0.1758	0.0131	55.4500	75.4500	
-0.0632	0.1764	0.0123	50.6250	74.6750	
-0.0640	0.1772	0.0115	44.8250	75.1500	
-0.0650	0.1786	0.0108	40.8750	75.0750	
-0.0661	0.1807	0.0103	38.7750	75.6500	
-0.0672	0.1830	0.0100	38.0000	75.7500	
-0.0684	0.1859	0.0099	37.2000	76.0250	
-0.0695	0.1881	0.0096	37.7000	76.0500	
-0.0704	0.1902	0.0095	38.8250	76.7500	
-0.0712	0.1926	0.0098	36.3250	77.0750	
-0.0719	0.1946	0.0099	32.6250	77.5750	
-0.0725	0.1958	0.0097	29.7250	77.2250	
-0.0731	0.1970	0.0095	28.0500	77.6250	
-0.0736	0.1980	0.0093	27.6000	77.0500	
-0.0742	0.1991	0.0090	27.7750	77.3250	
-0.0747	0.1999	0.0087	27.4000	77.1250	
-0.0752	0.2008	0.0085	27.1250	77.0000	
-0.0757	0.2018	0.0085	26.8500	76.6250	
-0.0760	0.2023	0.0082	28.2750	76.6750	
-0.0764	0.2032	0.0082	27.4250	76.7750	
-0.0766	0.2040	0.0082	27.1750	76.4000	
-0.0769	0.2041	0.0079	27.1250	76.7750	
-0.0771	0.2044	0.0078	27.2500	76.2000	
-0.0772	0.2046	0.0077	27.3500	76.1750	
-0.0774	0.2045	0.0074	27.4500	76.2250	
-0.0774	0.2049	0.0076	27.6250	75.9750	
-0.0774	0.2049	0.0075	27.3000	76.1250	
-0.0774	0.2045	0.0073	27.2000	76.0250	
-0.0774	0.2043	0.0072	27.1000	76.0500	
-0.0774	0.2043	0.0072	27.0000	75.6250	
-0.0773	0.2038	0.0070	26.3000	75.6750	
-0.0772	0.2036	0.0070	26.9000	75.5000	
-0.0771	0.2031	0.0069	26.9500	75.5500	
-0.0769	0.2027	0.0069	27.0500	75.4750	
-0.0768	0.2025	0.0069	26.4750	75.3750	
-0.0766	0.2017	0.0069	27.3750	75.2500	
-0.0764	0.2013	0.0069	26.7000	74.7750	
-0.0763	0.2008	0.0068	26.4500	75.1250	
-0.0762	0.2001	0.0065	26.4500	75.0250	
-0.0760	0.1995	0.0064	26.2250	74.8500	
-0.0758	0.1993	0.0066	26.7500	74.4250	
-0.0756	0.1988	0.0065	26.4250	74.6500	
-0.0754	0.1981	0.0064	26.4750	74.2250	
-0.0753	0.1978	0.0064	26.1750	74.1750	
-0.0751	0.1974	0.0064	26.2750	73.9000	
-0.0749	0.1970	0.0064	26.2250	73.7750	
-0.0748	0.1968	0.0065	26.3500	73.5750	
-0.0746	0.1964	0.0065	26.4250	73.6500	
-0.0745	0.1961	0.0065	26.6250	72.7750	
-0.0745	0.1959	0.0065	26.6000	73.1750	
-0.0745	0.1959	0.0065	26.3500	72.4750	
-0.0745	0.1962	0.0066	26.4000	72.5750	
-0.0745	0.1959	0.0065	26.2250	72.2750	
-0.0742	0.1959	0.0070	26.0750	72.3000	
-0.0742	0.1964	0.0073	26.0250	72.1500	
-0.0741	0.1970	0.0078	25.7000	71.6500	
-0.0744	0.1970	0.0073	26.4250	71.7250	
-0.0744	0.1966	0.0071	25.9500	71.2750	
-0.0747	0.1969	0.0068	26.0250	71.2250	
-0.0747	0.1973	0.0069	26.0500	71.3000	
-0.0750	0.1971	0.0064	26.0500	70.8000	
-0.0750	0.1972	0.0065	25.7500	70.9000	
-0.0752	0.1977	0.0066	25.8500	70.7750	
-0.0751	0.1978	0.0066	25.2500	70.4750	
-0.0752	0.1983	0.0068	25.4500	70.8500	
-0.0753	0.1980	0.0066	25.1500	70.5250	
-0.0753	0.1982	0.0065	25.0750	70.4500	
-0.0755	0.1981	0.0062	25.0250	70.1000	
-0.0757	0.1988	0.0064	25.2750	70.1750	
-0.0755	0.1981	0.0062	24.9750	70.2500	
-0.0756	0.1979	0.0060	25.1000	70.0750	
-0.0757	0.1984	0.0061	25.2500	70.5250	
-0.0757	0.1982	0.0060	24.9500	70.1750	
-0.0757	0.1987	0.0064	24.9750	71.0000	
-0.0756	0.1982	0.0062	24.9250	70.5000	
-0.0757	0.1983	0.0061	24.9750	70.5750	
-0.0758	0.1984	0.0060	25.0750	70.6500	
-0.0759	0.1986	0.0058	24.8250	70.6000	
-0.0758	0.1987	0.0061	24.9500	70.7000	
-0.0758	0.1985	0.0059	24.9500	70.7750	
-0.0759	0.1985	0.0059	24.9500	71.2750	
-0.0758	0.1979	0.0055	24.8250	71.0250	
-0.0756	0.1985	0.0063	25.0500	71.4250	
-0.0757	0.1984	0.0060	24.9250	71.1750	
-0.0758	0.1982	0.0058	24.7250	71.4500	
-0.0759	0.1980	0.0056	24.6000	71.7250	
-0.0758	0.1977	0.0054	24.8750	71.4750	
-0.0758	0.1986	0.0061	24.7500	72.0750	
-0.0757	0.1976	0.0055	24.7500	71.7000	
-0.0757	0.1981	0.0060	24.6500	72.0250	
-0.0758	0.1977	0.0054	24.9500	72.2750	
-0.0758	0.1978	0.0056	24.8750	72.2750	
-0.0757	0.1981	0.0059	24.9250	72.3000	
-0.0757	0.1977	0.0056	24.9000	72.6750	
-0.0757	0.1980	0.0059	24.9500	72.5750	
-0.0757	0.1977	0.0056	25.0500	72.7250	
-0.0758	0.1980	0.0057	25.1250	72.9250	
-0.0758	0.1981	0.0058	25.1250	73.0750	
-0.0757	0.1979	0.0058	25.0500	72.9250	
-0.0757	0.1981	0.0059	24.9250	73.4250	
-0.0759	0.1981	0.0056	24.9500	73.1000	
-0.0759	0.1984	0.0058	25.2000	73.6250	
-0.0759	0.1981	0.0056	25.4500	73.9250	
-0.0760	0.1985	0.0057	25.4750	73.9750	
-0.0760	0.1986	0.0058	25.2750	73.6500	
-0.0760	0.1986	0.0058	25.2000	73.9000	
-0.0760	0.1991	0.0061	25.4000	74.2250	
-0.0759	0.1988	0.0060	25.3750	74.3750	
-0.0760	0.1990	0.0061	25.3750	74.1000	
-0.0760	0.1995	0.0064	25.1750	74.4500	
-0.0760	0.1998	0.0066	25.1000	74.2750	
-0.0761	0.2002	0.0066	25.6250	74.1000	
-0.0761	0.2004	0.0068	25.7000	74.2000	
-0.0760	0.2007	0.0071	25.3750	74.3750	
-0.0762	0.2007	0.0067	26.5250	74.0750	
-0.0764	0.2013	0.0069	25.3500	74.0500	
-0.0762	0.2017	0.0075	27.8750	73.7500	
-0.0761	0.2018	0.0077	25.6000	74.3750	
-0.0761	0.2017	0.0077	28.6500	73.7500	
-0.0756	0.2023	0.0088	27.8250	73.1750	
-0.0761	0.2018	0.0077	27.5250	73.8500	
-0.0760	0.2007	0.0072	27.0000	73.7000	
-0.0759	0.2013	0.0077	30.5750	73.1500	
-0.0758	0.2007	0.0075	27.0500	73.1000	
-0.0759	0.1996	0.0066	27.5500	73.3000	
-0.0758	0.1998	0.0068	29.5500	73.3000	
-0.0757	0.1996	0.0069	27.3500	73.5250	
-0.0752	0.1987	0.0071	31.3500	73.6250	
-0.0751	0.1988	0.0073	28.8750	73.7750	
-0.0752	0.1981	0.0067	31.0250	73.8000	
-0.0752	0.1975	0.0063	30.7000	73.5500	
-0.0751	0.1970	0.0062	30.1750	74.0000	
-0.0749	0.1967	0.0062	32.4000	73.9500	
-0.0750	0.1962	0.0058	29.3000	73.9500	
-0.0751	0.1968	0.0061	36.5500	74.0250	
-0.0746	0.1964	0.0066	29.4500	74.3000	
-0.0739	0.1954	0.0072	34.6250	74.0250	
-0.0740	0.1946	0.0064	32.1750	74.1250	
-0.0740	0.1948	0.0065	35.3250	74.1250	
-0.0740	0.1937	0.0059	31.4750	74.3500	
-0.0739	0.1934	0.0057	33.7250	74.3000	
-0.0740	0.1932	0.0054	32.2250	74.4750	
-0.0739	0.1924	0.0050	33.3750	74.5500	
-0.0739	0.1921	0.0050	32.3750	74.6250	
-0.0738	0.1918	0.0049	33.6500	74.5500	
-0.0737	0.1916	0.0049	32.1750	74.6000	
-0.0736	0.1912	0.0048	34.5500	74.5250	
-0.0733	0.1909	0.0052	32.9000	74.7000	
-0.0733	0.1903	0.0047	32.9750	74.6500	
-0.0734	0.1902	0.0045	31.8250	74.7000	
-0.0731	0.1899	0.0048	35.5250	74.7250	
-0.0730	0.1897	0.0048	30.7500	75.0500	
-0.0729	0.1889	0.0045	35.3500	75.2750	
-0.0729	0.1892	0.0046	32.0750	75.1750	
-0.0729	0.1888	0.0044	34.5250	75.1500	
-0.0727	0.1880	0.0042	32.6000	75.2250	
-0.0727	0.1875	0.0039	32.7250	75.3000	
-0.0726	0.1880	0.0043	33.7750	75.2500	
-0.0725	0.1880	0.0044	31.2750	75.3250	
-0.0725	0.1869	0.0038	34.3500	75.4000	
-0.0723	0.1871	0.0042	31.6750	75.3500	
-0.0721	0.1869	0.0044	33.6000	75.5500	
-0.0721	0.1866	0.0043	31.4750	75.3500	
-0.0720	0.1860	0.0039	32.2750	75.6000	
-0.0718	0.1858	0.0042	32.3500	75.5500	
-0.0718	0.1860	0.0043	33.1750	75.4500	
-0.0717	0.1857	0.0043	30.8500	75.6500	
-0.0715	0.1851	0.0042	34.4500	75.4000	
-0.0714	0.1850	0.0044	29.4750	75.6000	
-0.0711	0.1846	0.0045	33.6250	75.5750	
-0.0712	0.1842	0.0042	30.0250	75.7250	
-0.0711	0.1840	0.0042	31.6500	75.8000	
-0.0706	0.1836	0.0047	32.0750	75.9000	
-0.0702	0.1832	0.0051	30.2750	75.7750	
-0.0702	0.1828	0.0049	31.7750	76.0500	
-0.0699	0.1830	0.0055	31.8750	76.0500	
-0.0700	0.1819	0.0046	30.2500	76.1750	
-0.0699	0.1819	0.0047	32.8500	75.8750	
-0.0698	0.1822	0.0051	30.9500	76.0000	
-0.0695	0.1811	0.0049	33.2000	75.9750	
-0.0696	0.1807	0.0044	31.7000	76.0500	
-0.0695	0.1812	0.0050	28.6250	76.2250	
-0.0695	0.1807	0.0047	35.9500	76.2250	
-0.0691	0.1800	0.0048	28.6250	76.0750	
-0.0692	0.1794	0.0043	33.1000	76.4500	
-0.0689	0.1789	0.0044	29.6500	76.1500	
-0.0687	0.1787	0.0046	32.6250	76.3250	
-0.0687	0.1786	0.0045	31.5750	76.3750	
-0.0684	0.1776	0.0044	31.5750	76.3750	
-0.0683	0.1775	0.0045	30.0000	76.4000	
-0.0682	0.1773	0.0045	33.3250	76.5000	
-0.0680	0.1772	0.0047	30.0000	76.5750	
-0.0677	0.1771	0.0052	32.0000	76.6500	
-0.0676	0.1762	0.0048	32.5000	76.7250	
-0.0677	0.1767	0.0049	29.0750	76.5250	
-0.0675	0.1755	0.0045	31.3000	76.7750	
-0.0674	0.1753	0.0044	29.4500	76.6250	
-0.0673	0.1755	0.0048	32.8250	76.7250	
-0.0673	0.1755	0.0049	29.0500	76.9500	
-0.0669	0.1745	0.0048	30.2250	76.9000	
-0.0665	0.1744	0.0055	30.2000	77.0000	
-0.0667	0.1746	0.0052	30.2250	77.1250	
-0.0667	0.1740	0.0048	29.5250	77.0250	
-0.0666	0.1742	0.0050	31.0500	76.9500	
-0.0667	0.1741	0.0050	30.9250	77.2000	
-0.0662	0.1740	0.0056	28.7750	77.1750	
-0.0663	0.1736	0.0052	32.0500	77.4750	
-0.0661	0.1730	0.0052	28.4750	77.3500	
-0.0659	0.1729	0.0054	30.9250	77.6500	
-0.0658	0.1727	0.0054	30.2500	77.5250	
-0.0656	0.1723	0.0055	29.0750	77.7500	
-0.0655	0.1725	0.0058	30.7000	77.6500	
-0.0655	0.1717	0.0053	30.0000	77.6750	
-0.0652	0.1716	0.0058	29.5500	77.6750	
-0.0653	0.1714	0.0054	29.6000	77.9250	
-0.0653	0.1711	0.0052	28.4750	77.7500	
-0.0652	0.1712	0.0055	29.0000	77.7250	
-0.0651	0.1705	0.0053	29.3000	77.9750	
-0.0649	0.1706	0.0056	29.1500	77.9750	
-0.0648	0.1709	0.0060	29.0250	78.0500	
-0.0647	0.1701	0.0055	28.5750	78.2500	
-0.0647	0.1699	0.0054	29.6500	78.0500	
-0.0641	0.1694	0.0061	28.7250	78.0500	
-0.0645	0.1698	0.0057	29.1000	78.0000	
-0.0643	0.1694	0.0057	28.7000	77.9250	
-0.0644	0.1691	0.0054	27.8250	78.2250	
-0.0640	0.1688	0.0059	28.0500	78.0500	
-0.0640	0.1691	0.0061	29.4750	78.0500	
-0.0641	0.1690	0.0058	27.2750	78.1250	
-0.0639	0.1681	0.0055	29.5000	78.0500	
-0.0642	0.1689	0.0056	28.0750	77.8750	
-0.0635	0.1674	0.0057	27.5750	77.8250	
-0.0634	0.1670	0.0057	28.3000	77.8500	
-0.0630	0.1672	0.0064	28.2750	77.8000	
-0.0626	0.1673	0.0072	27.4750	77.8000	
-0.0629	0.1666	0.0062	27.4750	77.6750	
-0.0632	0.1663	0.0055	27.3750	77.9500	
-0.0631	0.1661	0.0056	27.2500	77.7500	
-0.0630	0.1663	0.0059	27.4500	77.5500	
-0.0624	0.1665	0.0070	27.9750	77.7000	
-0.0626	0.1650	0.0057	27.5000	77.6250	
-0.0628	0.1656	0.0058	26.8500	77.5000	
-0.0625	0.1651	0.0058	27.8000	77.8000	
-0.0626	0.1653	0.0059	26.8750	77.4750	
-0.0623	0.1662	0.0069	27.8250	77.5250	
-0.0614	0.1651	0.0077	27.1750	77.6750	
-0.0619	0.1651	0.0069	27.8500	77.4500	
-0.0621	0.1641	0.0059	27.3000	77.7250	
-0.0619	0.1641	0.0063	26.8500	77.2500	
-0.0621	0.1635	0.0055	26.7500	77.5000	
-0.0618	0.1633	0.0059	26.5500	77.3000	
-0.0621	0.1635	0.0054	26.4750	77.2750	
-0.0621	0.1631	0.0052	27.0250	77.3000	
-0.0619	0.1628	0.0054	26.5000	77.2250	
-0.0621	0.1636	0.0056	27.0500	77.2500	
-0.0618	0.1629	0.0056	27.1250	77.2000	
-0.0614	0.1618	0.0055	26.3000	77.3000	
-0.0616	0.1628	0.0059	26.4750	76.9250	
-0.0615	0.1614	0.0050	26.7750	77.1000	
-0.0613	0.1616	0.0056	26.5500	77.1000	
-0.0607	0.1615	0.0064	27.0000	77.0250	
-0.0614	0.1607	0.0049	26.5250	77.0000	
-0.0613	0.1603	0.0046	26.3250	77.0750	
-0.0614	0.1605	0.0047	26.2000	76.9500	
-0.0612	0.1605	0.0050	26.0000	76.8750	
-0.0612	0.1617	0.0058	26.7250	76.6750	
-0.0610	0.1612	0.0058	26.3250	76.7000	
-0.0607	0.1614	0.0063	26.9000	76.6500	
-0.0609	0.1610	0.0059	26.4000	76.8500	
-0.0610	0.1613	0.0058	26.4000	76.7000	
-0.0612	0.1617	0.0058	26.5000	76.5500	
-0.0612	0.1607	0.0051	26.1500	76.9000	
-0.0611	0.1613	0.0057	26.6250	76.6000	
-0.0607	0.1602	0.0055	26.4500	76.3000	
-0.0607	0.1598	0.0054	26.2750	76.7250	
-0.0608	0.1606	0.0058	26.2500	76.5500	
-0.0607	0.1601	0.0055	26.7250	76.6750	
-0.0606	0.1603	0.0058	26.4000	76.5000	
-0.0608	0.1595	0.0050	26.3500	76.5250	
-0.0609	0.1607	0.0057	25.9250	76.4250	
-0.0610	0.1605	0.0054	26.9750	76.5000	
-0.0609	0.1605	0.0055	26.3000	76.5750	
-0.0607	0.1603	0.0058	26.8250	76.3500	
-0.0605	0.1602	0.0059	26.4000	76.5250	
-0.0603	0.1595	0.0058	26.3000	76.2500	
-0.0603	0.1594	0.0059	26.3250	76.3000	
-0.0602	0.1605	0.0067	26.3250	76.2500	
-0.0604	0.1600	0.0060	27.0250	76.3750	
-0.0607	0.1609	0.0062	26.0750	76.1750	
-0.0605	0.1597	0.0057	26.3500	76.2750	
-0.0599	0.1588	0.0061	26.4250	76.0750	
-0.0597	0.1584	0.0060	26.1250	76.1750	
-0.0601	0.1582	0.0052	25.9500	76.2500	
-0.0601	0.1578	0.0050	25.9500	76.2250	
-0.0599	0.1579	0.0054	26.1000	76.1000	
-0.0598	0.1585	0.0060	25.7250	75.9250	
-0.0598	0.1575	0.0053	26.2750	76.2000	
-0.0597	0.1585	0.0062	26.2250	75.8750	
-0.0596	0.1571	0.0054	26.0250	76.1250	
-0.0599	0.1579	0.0055	26.0500	76.0500	
-0.0598	0.1576	0.0054	26.0250	76.0250	
-0.0599	0.1572	0.0049	26.5750	76.2750	
-0.0597	0.1572	0.0052	26.1250	76.0750	
-0.0596	0.1572	0.0055	26.4250	76.1750	
-0.0594	0.1567	0.0055	25.9000	76.1250	
-0.0595	0.1566	0.0053	26.2750	75.9750	
-0.0595	0.1567	0.0054	26.0250	75.8750	
-0.0593	0.1562	0.0053	26.0500	76.1500	
-0.0595	0.1563	0.0051	26.1750	75.9000	
-0.0596	0.1564	0.0050	25.9000	75.9500	
-0.0594	0.1565	0.0054	25.7000	75.9000	
-0.0591	0.1566	0.0059	25.9500	75.7500	
-0.0589	0.1559	0.0057	25.8000	75.8000	
-0.0590	0.1564	0.0060	26.5000	75.6250	
-0.0588	0.1557	0.0058	26.1500	75.8750	
-0.0589	0.1556	0.0056	25.8500	75.5250	
-0.0590	0.1564	0.0060	25.5750	75.6500	
-0.0592	0.1549	0.0047	25.9750	75.7000	
-0.0590	0.1551	0.0051	25.7500	75.5000	
-0.0589	0.1551	0.0052	25.6250	75.6000	
-0.0588	0.1549	0.0052	26.1000	75.6750	
-0.0588	0.1561	0.0061	25.8250	75.3750	
-0.0583	0.1555	0.0064	26.2750	75.6000	
-0.0588	0.1551	0.0054	26.2750	75.6000	
-0.0592	0.1577	0.0064	26.6500	75.3000	
-0.0589	0.1555	0.0054	26.2250	75.5500	
-0.0589	0.1554	0.0055	25.7250	75.4750	
-0.0586	0.1544	0.0053	25.9750	75.4750	
-0.0584	0.1542	0.0054	26.0250	75.4000	
-0.0589	0.1561	0.0059	26.3000	75.3250	
-0.0585	0.1544	0.0054	26.5750	75.4000	
-0.0588	0.1552	0.0054	25.8000	75.2750	
-0.0585	0.1555	0.0061	26.5000	75.3000	
-0.0577	0.1557	0.0076	25.8750	75.3750	
-0.0581	0.1557	0.0070	26.9750	75.1000	
-0.0586	0.1556	0.0061	25.8250	75.2750	
-0.0587	0.1552	0.0057	27.1500	75.2500	
-0.0591	0.1569	0.0062	25.9750	75.2000	
-0.0587	0.1555	0.0059	26.8000	75.1500	
-0.0591	0.1557	0.0054	25.8500	75.0000	
-0.0588	0.1551	0.0054	26.8000	75.0750	
-0.0588	0.1550	0.0052	26.1000	75.1000	
-0.0588	0.1543	0.0048	26.2500	75.2250	
-0.0587	0.1542	0.0050	26.2250	75.1250	
-0.0583	0.1547	0.0060	26.4250	75.2250	
-0.0577	0.1555	0.0074	26.7000	74.9750	
-0.0578	0.1552	0.0071	26.3750	75.3500	
-0.0583	0.1543	0.0057	26.5500	75.3750	
-0.0584	0.1540	0.0054	26.3500	75.0500	
-0.0587	0.1546	0.0053	26.9500	75.0750	
-0.0586	0.1542	0.0052	26.4500	75.1250	
-0.0586	0.1549	0.0056	27.0250	75.0000	
-0.0584	0.1549	0.0059	26.0250	75.2500	
-0.0586	0.1548	0.0055	27.9250	75.0500	
-0.0588	0.1558	0.0058	26.2250	75.0750	
-0.0588	0.1561	0.0061	28.3500	75.0750	
-0.0584	0.1550	0.0060	26.1250	75.0750	
-0.0586	0.1564	0.0065	28.1000	74.9750	
-0.0583	0.1550	0.0063	26.3250	74.9000	
-0.0586	0.1556	0.0061	27.2750	75.0500	
-0.0583	0.1564	0.0071	26.8250	74.9250	
-0.0581	0.1553	0.0067	27.7500	74.9000	
-0.0582	0.1561	0.0070	26.8750	74.9250	
-0.0589	0.1561	0.0059	27.8250	74.8250	
-0.0588	0.1554	0.0055	27.4000	74.8000	
-0.0588	0.1555	0.0056	27.3750	74.7500	
-0.0591	0.1567	0.0060	27.7750	74.7250	
-0.0591	0.1573	0.0064	28.2500	74.7750	
-0.0588	0.1571	0.0067	29.9500	74.7750	
-0.0590	0.1575	0.0067	28.6000	74.6750	
-0.0589	0.1581	0.0072	30.5750	74.4500	
-0.0591	0.1580	0.0069	28.7500	74.3250	
-0.0591	0.1587	0.0073	31.9250	73.8750	
-0.0590	0.1587	0.0074	29.8000	73.8750	
-0.0590	0.1593	0.0078	31.5250	73.5250	
-0.0593	0.1594	0.0075	30.0500	73.1500	
-0.0593	0.1597	0.0077	33.5000	72.6500	
-0.0594	0.1603	0.0079	31.1000	72.4500	
-0.0594	0.1608	0.0082	33.6000	71.9250	
-0.0594	0.1611	0.0083	32.4000	71.5750	
-0.0591	0.1618	0.0094	34.6250	71.2000	
-0.0593	0.1613	0.0088	33.2500	70.8500	
-0.0593	0.1617	0.0091	34.5500	70.1500	
-0.0589	0.1626	0.0102	34.5500	69.8500	
-0.0590	0.1628	0.0102	34.7250	69.4500	
-0.0592	0.1620	0.0094	34.9250	69.2750	
-0.0591	0.1614	0.0092	34.8000	69.2000	
-0.0596	0.1625	0.0090	35.0000	69.3750	
-0.0595	0.1628	0.0095	35.4750	69.3250	
-0.0593	0.1616	0.0090	35.2250	69.4250	
-0.0588	0.1617	0.0098	35.7000	69.5750	
-0.0589	0.1614	0.0095	36.4250	69.6750	
-0.0586	0.1612	0.0098	35.6000	70.0000	
-0.0589	0.1620	0.0099	36.6250	70.0500	
-0.0591	0.1610	0.0089	36.3000	70.2500	
-0.0592	0.1613	0.0088	36.7500	70.0250	
-0.0590	0.1604	0.0086	36.9500	70.5000	
-0.0587	0.1606	0.0092	37.5500	70.4750	
-0.0587	0.1597	0.0086	37.0250	70.7500	
-0.0583	0.1608	0.0100	38.2500	70.5250	
-0.0586	0.1596	0.0087	37.8750	71.0250	
-0.0583	0.1604	0.0098	39.4750	70.8250	
-0.0590	0.1601	0.0083	38.5500	71.2250	
-0.0590	0.1602	0.0085	39.9250	71.2250	
-0.0588	0.1601	0.0088	39.2750	71.3750	
-0.0590	0.1613	0.0092	40.2250	71.3000	
-0.0590	0.1609	0.0088	39.3750	71.5500	
-0.0589	0.1602	0.0087	40.6000	71.5250	
-0.0589	0.1604	0.0088	39.4250	71.6500	
-0.0586	0.1590	0.0084	41.0250	71.7250	
-0.0585	0.1588	0.0084	40.6250	71.7500	
-0.0583	0.1577	0.0079	41.4250	71.8750	
-0.0586	0.1581	0.0077	41.4500	71.9750	
-0.0585	0.1578	0.0076	41.1500	72.0250	
-0.0584	0.1584	0.0083	41.4250	71.7000	
-0.0582	0.1566	0.0074	40.5250	72.2500	
-0.0585	0.1576	0.0075	41.4250	72.0500	
-0.0585	0.1572	0.0073	41.2500	72.4250	
-0.0582	0.1582	0.0086	41.8000	72.0750	
-0.0577	0.1567	0.0083	41.5750	72.7000	
-0.0579	0.1578	0.0087	42.3000	72.2250	
-0.0578	0.1573	0.0085	42.0000	72.4000	
-0.0583	0.1573	0.0076	42.4500	72.5500	
-0.0586	0.1572	0.0072	42.4500	72.6250	
-0.0586	0.1565	0.0066	43.0250	72.5250	
-0.0586	0.1568	0.0068	42.5250	72.5000	
-0.0584	0.1563	0.0068	42.7000	72.7500	
-0.0579	0.1567	0.0080	42.9750	72.6000	
-0.0587	0.1562	0.0062	42.7750	72.7500	
-0.0584	0.1565	0.0070	43.3500	72.5500	
-0.0587	0.1567	0.0066	42.9500	72.6750	
-0.0588	0.1568	0.0066	43.1000	72.6500	
-0.0587	0.1564	0.0065	42.7250	72.7500	
-0.0586	0.1565	0.0068	43.7500	72.7250	
-0.0585	0.1563	0.0068	43.6500	72.8750	
-0.0584	0.1558	0.0066	43.4250	72.9750	
-0.0584	0.1557	0.0065	43.4750	72.9000	
-0.0585	0.1558	0.0063	43.2250	72.7750	
-0.0586	0.1555	0.0060	43.5500	72.9500	
-0.0588	0.1557	0.0059	43.8250	72.9750	
-0.0588	0.1559	0.0060	43.8000	72.9250	
-0.0587	0.1552	0.0056	43.3500	72.9750	
-0.0587	0.1555	0.0058	43.4000	72.8250	
-0.0586	0.1553	0.0059	43.3750	72.9250	
-0.0586	0.1555	0.0060	43.8750	72.9500	
-0.0587	0.1554	0.0057	43.7500	73.0500	
-0.0586	0.1562	0.0065	43.8750	72.9750	
-0.0585	0.1554	0.0061	44.0000	73.0500	
-0.0589	0.1559	0.0058	44.3250	73.0250	
-0.0588	0.1553	0.0056	44.4000	73.2000	
-0.0586	0.1554	0.0058	44.6250	73.1750	
-0.0586	0.1547	0.0055	44.5000	73.1500	
-0.0585	0.1551	0.0059	44.5750	73.0250	
-0.0586	0.1552	0.0057	44.8000	73.1750	
-0.0586	0.1552	0.0058	44.4750	73.0750	
-0.0585	0.1551	0.0060	44.4500	73.2500	
-0.0583	0.1559	0.0068	44.8250	73.1250	
-0.0587	0.1550	0.0055	44.9000	73.3250	
-0.0586	0.1551	0.0057	44.8000	73.2000	
-0.0587	0.1546	0.0053	45.0250	73.3500	
-0.0587	0.1550	0.0055	45.0250	73.3250	
-0.0587	0.1554	0.0058	45.1750	73.3500	
-0.0582	0.1547	0.0061	44.8000	73.2500	
-0.0585	0.1547	0.0057	44.5250	73.3750	
-0.0587	0.1563	0.0063	45.4500	73.2500	
-0.0586	0.1550	0.0056	44.9500	73.6250	
-0.0586	0.1551	0.0057	45.0250	73.4000	
-0.0584	0.1553	0.0062	44.9750	73.5250	
-0.0584	0.1548	0.0058	44.7000	73.3500	
-0.0587	0.1548	0.0055	44.4000	73.4000	
-0.0582	0.1550	0.0063	44.4250	73.3000	
-0.0584	0.1552	0.0062	44.2250	73.4500	
-0.0587	0.1549	0.0054	44.3000	73.4000	
-0.0588	0.1553	0.0055	44.3250	73.4000	
-0.0588	0.1551	0.0055	44.2500	73.3750	
-0.0589	0.1549	0.0052	43.9250	73.4250	
-0.0587	0.1552	0.0057	44.0500	73.3000	
-0.0587	0.1550	0.0055	43.8750	73.4750	
-0.0588	0.1554	0.0057	44.3250	73.5000	
-0.0588	0.1554	0.0055	43.6000	73.4250	
-0.0589	0.1558	0.0057	44.0500	73.4750	
-0.0586	0.1552	0.0057	43.3750	73.4750	
-0.0583	0.1549	0.0061	43.7500	73.3500	
-0.0585	0.1547	0.0056	43.8250	73.4500	
-0.0587	0.1555	0.0058	44.4500	73.4500	
-0.0586	0.1558	0.0062	43.9500	73.5000	
-0.0583	0.1561	0.0068	44.0000	73.3250	
-0.0586	0.1555	0.0060	43.9500	73.5000	
-0.0589	0.1565	0.0061	44.7750	73.5000	
-0.0588	0.1561	0.0061	43.7500	73.7500	
-0.0588	0.1561	0.0061	44.1500	73.5000	
-0.0585	0.1545	0.0054	43.8250	73.7250	
-0.0586	0.1551	0.0057	44.0500	73.5250	
-0.0583	0.1541	0.0055	43.4000	73.5750	
-0.0585	0.1556	0.0061	43.9250	73.5500	
-0.0587	0.1562	0.0062	43.2500	73.8500	
-0.0585	0.1579	0.0077	44.6500	73.3750	
-0.0587	0.1574	0.0072	45.6000	73.6000	
-0.0582	0.1563	0.0072	44.0750	73.5750	
-0.0582	0.1562	0.0071	44.1250	73.6000	
-0.0579	0.1545	0.0065	43.9500	73.7250	
-0.0580	0.1550	0.0067	47.3250	73.5750	
-0.0583	0.1545	0.0059	45.8250	73.8750	
-0.0585	0.1549	0.0057	45.9250	73.4750	
-0.0586	0.1545	0.0053	44.4000	73.6500	
-0.0587	0.1549	0.0055	43.7000	73.4250	
-0.0588	0.1552	0.0055	43.4250	73.7750	
-0.0587	0.1547	0.0052	43.5500	73.5250	
-0.0588	0.1546	0.0051	43.3750	73.6250	
-0.0588	0.1552	0.0055	44.3750	73.5500	
-0.0586	0.1547	0.0054	43.3000	73.6250	
-0.0583	0.1559	0.0068	46.0500	73.4250	
-0.0588	0.1557	0.0058	44.5750	73.7000	
-0.0585	0.1550	0.0059	46.9250	73.6000	
-0.0587	0.1549	0.0055	45.3500	73.7000	
-0.0585	0.1554	0.0061	46.3250	73.4750	
-0.0586	0.1555	0.0061	44.3250	73.7750	
-0.0583	0.1554	0.0065	47.1250	73.4750	
-0.0581	0.1544	0.0061	45.3250	73.7750	
-0.0585	0.1556	0.0063	45.5000	73.6250	
-0.0587	0.1556	0.0059	46.5500	73.9750	
-0.0582	0.1548	0.0061	46.5250	73.8250	
-0.0584	0.1549	0.0060	47.2000	73.8000	
-0.0583	0.1547	0.0059	47.5000	73.9500	
-0.0587	0.1549	0.0055	47.5250	73.7500	
-0.0586	0.1541	0.0050	45.8000	73.9500	
-0.0587	0.1544	0.0051	45.3750	73.7500	
-0.0587	0.1548	0.0053	46.2250	73.7500	
-0.0587	0.1548	0.0054	46.9500	73.9000	
-0.0587	0.1545	0.0052	47.3250	73.8000	
-0.0587	0.1545	0.0051	46.9250	73.7250	
-0.0586	0.1552	0.0059	47.4750	73.7250	
-0.0585	0.1553	0.0061	46.6250	73.9750	
-0.0585	0.1552	0.0060	47.6000	73.8000	
-0.0586	0.1543	0.0052	47.7500	73.7000	
-0.0583	0.1543	0.0057	47.6500	73.8250	
-0.0586	0.1545	0.0053	47.6500	74.0000	
-0.0586	0.1544	0.0053	47.2750	73.9250	
-0.0586	0.1544	0.0052	47.1750	73.7750	
-0.0586	0.1542	0.0051	47.3500	73.9250	
-0.0587	0.1546	0.0052	47.1500	73.9250	
-0.0586	0.1550	0.0056	47.4250	73.8750	
-0.0587	0.1546	0.0052	47.1500	73.9500	
-0.0586	0.1545	0.0053	47.4250	74.0250	
-0.0585	0.1546	0.0056	47.2500	74.1250	
-0.0584	0.1546	0.0058	47.1500	74.0250	
-0.0586	0.1544	0.0053	47.0500	74.0750	
-0.0586	0.1543	0.0052	47.1250	73.9250	
-0.0584	0.1545	0.0056	47.1250	74.1250	
-0.0583	0.1542	0.0056	47.0000	74.1750	
-0.0586	0.1539	0.0048	46.9250	74.1500	
-0.0584	0.1544	0.0056	47.1250	74.2250	
-0.0585	0.1540	0.0052	46.8500	74.2250	
-0.0588	0.1550	0.0054	47.3000	74.2000	
-0.0584	0.1542	0.0054	47.0500	74.2500	
-0.0585	0.1539	0.0051	46.8000	74.1500	
-0.0587	0.1543	0.0050	46.8250	74.2000	
-0.0583	0.1547	0.0060	47.0500	74.2250	
-0.0584	0.1543	0.0056	47.0750	74.4000	
-0.0582	0.1544	0.0059	46.8500	74.3000	
-0.0585	0.1539	0.0051	47.0000	74.2500	
-0.0586	0.1543	0.0052	46.9750	74.3500	
-0.0586	0.1542	0.0051	47.1750	74.2500	
-0.0586	0.1539	0.0050	46.9750	74.4750	
-0.0584	0.1541	0.0053	47.2000	74.1750	
-0.0585	0.1540	0.0052	47.2250	74.4000	
-0.0585	0.1543	0.0054	47.1500	74.3250	
-0.0586	0.1546	0.0054	47.2750	74.5250	
-0.0586	0.1553	0.0059	47.5750	74.3500	
-0.0585	0.1551	0.0059	47.5000	74.6000	
-0.0582	0.1550	0.0064	47.3500	74.3750	
-0.0582	0.1545	0.0060	47.3000	74.6000	
-0.0584	0.1554	0.0063	47.1250	74.4750	
-0.0584	0.1542	0.0054	47.3000	74.5250	
-0.0583	0.1543	0.0057	47.2000	74.2750	
-0.0585	0.1536	0.0050	47.4750	74.5500	
-0.0585	0.1540	0.0051	47.0750	74.5500	
-0.0586	0.1545	0.0054	47.2750	74.5250	
-0.0586	0.1544	0.0053	47.2750	74.4000	
-0.0586	0.1539	0.0049	47.4250	74.5500	
-0.0586	0.1540	0.0049	47.4250	74.5000	
-0.0585	0.1540	0.0052	47.6000	74.5750	
-0.0584	0.1539	0.0052	47.3750	74.3750	
-0.0575	0.1552	0.0077	47.5500	74.4750	
-0.0580	0.1547	0.0065	47.4750	74.4250	
-0.0586	0.1551	0.0057	47.6750	74.5000	
-0.0587	0.1544	0.0051	47.7500	74.4750	
-0.0584	0.1542	0.0054	47.5000	74.6000	
-0.0585	0.1536	0.0049	47.4500	74.5000	
-0.0587	0.1544	0.0052	47.6500	74.4750	
-0.0587	0.1546	0.0053	47.5000	74.6750	
-0.0585	0.1542	0.0053	47.4500	74.5500	
-0.0585	0.1541	0.0052	47.6000	74.5500	
-0.0583	0.1538	0.0053	47.7250	74.6750	
-0.0584	0.1546	0.0058	47.4500	74.6250	
-0.0585	0.1545	0.0055	47.5750	74.5750	
-0.0586	0.1538	0.0049	47.4500	74.7750	
0.4727	50.0000	0.5293	50.0000	
0.4534	50.0000	0.5045	50.0000	
0.4348	50.0000	0.4831	50.0000	
0.4165	50.0000	0.4644	50.0000	
0.3983	50.0000	0.4477	50.0000	
0.3801	50.0000	0.4327	50.0000	
0.3620	50.0000	0.4184	50.0000	
0.3446	50.0000	0.4049	50.0000	
0.3275	50.0000	0.3919	50.0000	
0.3112	50.0000	0.3795	50.0000	
0.2964	50.0000	0.3674	50.0000	
0.2833	50.0000	0.3556	50.0000	
0.2722	50.0000	0.3444	50.0000	
0.2635	50.0000	0.3338	50.0000	
0.2574	50.0000	0.3241	50.0000	
0.2532	50.0000	0.3146	50.0000	
0.2511	50.0000	0.3055	50.0000	
0.2500	50.0000	0.2965	50.0000	
0.2495	49.7000	0.2875	50.0000	
0.2492	49.3500	0.2784	50.0000	
0.2489	52.1750	0.2692	50.0000	
0.2488	55.7000	0.2598	50.0000	
0.2486	56.1000	0.2501	50.0000	
0.2484	55.9750	0.2403	74.0000	
0.2482	54.5000	0.2303	74.3000	
0.2480	55.9750	0.2209	74.5250	
0.2478	56.9250	0.2118	75.2250	
0.2476	57.0000	0.2035	75.6250	
0.2473	56.8000	0.1961	75.6250	
0.2471	57.3000	0.1895	75.9250	
0.2468	58.1000	0.1839	76.1000	
0.2466	58.8500	0.1791	75.9000	
0.2463	59.0000	0.1751	75.7000	
0.2461	59.2750	0.1717	75.5750	
0.2459	58.5500	0.1689	75.5250	
0.2457	60.0000	0.1665	75.1250	
0.2452	61.7250	0.1644	75.1750	
0.2449	59.7000	0.1629	75.1000	
0.2446	60.7250	0.1616	75.1000	
0.2443	60.5500	0.1606	74.9750	
0.2441	61.6500	0.1598	74.9250	
0.2437	62.9000	0.1590	74.9000	
0.2434	60.7750	0.1584	75.0250	
0.2430	61.6250	0.1578	75.0500	
0.2428	62.2750	0.1572	75.0000	
0.2424	62.8500	0.1566	75.0500	
0.2421	62.9250	0.1562	75.1000	
0.2418	62.8000	0.1556	75.1750	
0.2415	63.3250	0.1552	75.1000	
0.2412	63.3250	0.1548	75.0750	
0.2408	63.0000	0.1543	74.9500	
0.2405	62.9750	0.1539	74.8000	
0.2401	63.2750	0.1535	74.7000	
0.2398	63.3000	0.1531	74.6750	
0.2395	62.9500	0.1527	74.5500	
0.2392	63.7000	0.1523	74.5250	
0.2388	62.6750	0.1520	74.4750	
0.2385	62.8250	0.1516	74.2500	
0.2382	63.6500	0.1513	74.2000	
0.2379	63.4250	0.1509	74.0500	
0.2375	62.6250	0.1506	74.1250	
0.2371	63.4500	0.1502	74.0250	
0.2369	64.3500	0.1499	73.8500	
0.2366	62.5000	0.1496	73.8250	
0.2361	62.2000	0.1493	73.7500	
0.2358	64.2500	0.1490	73.6750	
0.2355	63.9000	0.1487	73.6750	
0.2352	61.9250	0.1485	73.6500	
0.2347	62.6000	0.1482	73.6500	
0.2345	64.0750	0.1479	73.5750	
0.2341	63.0750	0.1477	73.4750	
0.2338	63.5500	0.1474	73.4500	
0.2334	63.2000	0.1472	73.3750	
0.2331	63.7000	0.1469	73.3250	
0.2327	63.5000	0.1467	73.1500	
0.2324	63.3250	0.1465	73.1250	
0.2320	63.0750	0.1462	73.0000	
0.2317	64.2000	0.1460	73.0000	
0.2313	63.2500	0.1458	72.9250	
0.2310	63.2250	0.1455	72.8500	
0.2307	63.4500	0.1453	72.8500	
0.2303	62.8000	0.1451	72.7750	
0.2298	63.7750	0.1448	72.8000	
0.2295	64.1500	0.1446	72.7250	
0.2291	63.1500	0.1444	72.7000	
0.2289	63.3250	0.1442	72.6750	
0.2285	63.7500	0.1439	72.5750	
0.2280	63.7000	0.1437	72.5750	
0.2277	63.6750	0.1434	72.4500	
0.2273	63.2250	0.1431	72.3250	
0.2270	63.9500	0.1429	71.9000	
0.2266	63.5000	0.1425	71.7500	
0.2262	63.8250	0.1421	71.6500	
0.2258	64.0750	0.1417	71.5750	
0.2256	63.4750	0.1414	71.5000	
0.2251	64.0000	0.1409	71.5750	
0.2248	64.0250	0.1405	71.5750	
0.2243	64.1000	0.1400	71.5000	
0.2240	64.3750	0.1396	71.4750	
0.2235	64.1500	0.1391	71.5000	
0.2233	64.4000	0.1387	71.4500	
0.2228	63.8750	0.1382	71.5500	
0.2225	64.4250	0.1377	71.3750	
0.2220	64.4500	0.1373	71.3750	
0.2216	64.5000	0.1368	71.4000	
0.2212	64.9750	0.1363	71.3750	
0.2207	64.7250	0.1359	71.3750	
0.2204	64.3500	0.1354	71.2750	
0.2200	64.4250	0.1349	71.1500	
0.2196	64.9500	0.1344	71.2500	
0.2195	64.1250	0.1340	71.1750	
0.2187	65.0000	0.1335	71.0000	
0.2185	65.2000	0.1330	71.1000	
0.2182	64.3500	0.1326	71.0250	
0.2175	64.9750	0.1321	71.1000	
0.2171	64.9500	0.1316	71.0750	
0.2168	64.9750	0.1312	70.9000	
0.2164	65.2250	0.1307	70.9500	
0.2160	65.1000	0.1304	70.7500	
0.2155	65.0500	0.1298	71.0500	
0.2153	65.4000	0.1294	70.6750	
0.2154	64.7250	0.1289	70.8000	
0.2148	65.4250	0.1284	70.9500	
0.2143	65.4000	0.1280	70.7000	
0.2136	65.6500	0.1275	70.7500	
0.2132	65.6250	0.1271	70.5250	
0.2128	65.4250	0.1266	70.7000	
0.2124	65.8750	0.1261	70.7750	
0.2120	66.0000	0.1257	70.5500	
0.2115	65.7000	0.1252	70.8500	
0.2111	65.9750	0.1248	70.5000	
0.2107	66.4000	0.1243	70.5500	
0.2104	65.8250	0.1238	70.4250	
0.2103	65.9250	0.1234	70.5750	
0.2094	65.9250	0.1229	70.4750	
0.2090	65.9750	0.1224	70.4250	
0.2087	66.1000	0.1220	70.2750	
0.2082	66.4000	0.1214	70.3250	
0.2079	65.9500	0.1211	70.3500	
0.2074	66.5000	0.1204	70.3250	
0.2069	66.1250	0.1200	70.2500	
0.2066	66.4000	0.1195	70.1500	
0.2065	66.2500	0.1191	70.0750	
0.2063	66.5750	0.1185	70.1500	
0.2056	66.4750	0.1180	70.3750	
0.2050	66.9250	0.1174	70.1500	
0.2046	66.4000	0.1169	69.9500	
0.2046	66.5750	0.1164	69.9000	
0.2037	66.6000	0.1159	69.9750	
0.2031	66.8500	0.1154	69.9250	
0.2029	67.1750	0.1149	69.7000	
0.2027	66.2500	0.1145	69.9000	
0.2022	67.2750	0.1139	69.7000	
0.2015	67.1250	0.1133	70.0000	
0.2012	67.4250	0.1127	69.6750	
0.2008	66.9750	0.1122	69.6750	
0.2004	67.1250	0.1116	69.5250	
0.1997	67.5750	0.1112	69.5750	
0.1995	67.2750	0.1106	69.6750	
0.1993	67.0000	0.1102	69.4750	
0.1990	68.4500	0.1097	69.4500	
0.1982	67.0500	0.1089	69.8250	
0.1979	67.7750	0.1085	69.4250	
0.1974	67.0250	0.1079	69.6500	
0.1974	68.8000	0.1072	69.4500	
0.1967	67.4500	0.1065	69.5250	
0.1960	68.6250	0.1058	69.4000	
0.1958	68.0000	0.1051	69.4500	
0.1953	68.2250	0.1044	69.5000	
0.1949	68.5250	0.1034	69.1250	
0.1943	67.7750	0.1025	69.3000	
0.1940	68.5250	0.1016	69.0250	
0.1934	68.9000	0.1006	69.0500	
0.1933	67.8250	0.0997	69.0500	
0.1928	69.6750	0.0988	68.9500	
0.1922	68.6750	0.0977	68.9750	
0.1919	69.3000	0.0968	68.7500	
0.1916	68.7000	0.0959	68.7250	
0.1911	70.2500	0.0951	68.6000	
0.1908	68.4250	0.0943	68.6500	
0.1904	70.2250	0.0934	68.5250	
0.1897	68.6000	0.0923	68.4250	
0.1894	70.3500	0.0914	68.4500	
0.1890	68.7750	0.0905	68.4250	
0.1885	69.5500	0.0896	68.1250	
0.1881	69.4750	0.0888	68.1750	
0.1877	69.5500	0.0879	68.0750	
0.1872	69.1000	0.0871	68.0500	
0.1869	70.2000	0.0864	68.0250	
0.1865	69.0000	0.0855	68.1250	
0.1860	69.5750	0.0847	67.9500	
0.1856	69.4000	0.0840	67.8500	
0.1851	69.9750	0.0831	67.8500	
0.1847	69.2250	0.0823	67.7000	
0.1846	69.6500	0.0816	67.7750	
0.1840	69.8500	0.0809	67.7250	
0.1837	69.1500	0.0800	67.6250	
0.1831	69.4000	0.0792	67.6000	
0.1827	69.4000	0.0785	67.6000	
0.1823	69.6000	0.0777	67.6000	
0.1820	69.7500	0.0770	67.4500	
0.1815	68.8250	0.0761	67.4750	
0.1812	70.3750	0.0753	67.4000	
0.1813	69.8750	0.0748	67.4500	
0.1808	67.4500	0.0742	67.2500	
0.1800	70.5000	0.0731	67.4500	
0.1797	68.9750	0.0723	67.2500	
0.1792	69.4500	0.0716	67.2250	
0.1789	69.3500	0.0709	67.1500	
0.1784	68.4500	0.0702	67.2750	
0.1780	69.6750	0.0694	67.1500	
0.1777	69.2250	0.0687	67.0500	
0.1777	66.9250	0.0679	67.2000	
0.1772	71.3750	0.0672	67.0500	
0.1767	66.8250	0.0664	67.1000	
0.1767	70.0750	0.0656	67.1000	
0.1765	69.3000	0.0648	67.0500	
0.1761	65.5000	0.0641	66.9250	
0.1754	71.5000	0.0634	66.9000	
0.1749	67.6000	0.0626	66.9750	
0.1744	68.9000	0.0618	67.0750	
0.1742	66.9000	0.0611	67.0500	
0.1741	70.9750	0.0603	67.0250	
0.1742	65.5250	0.0596	66.9250	
0.1734	70.4250	0.0588	67.0250	
0.1734	66.3500	0.0582	67.0000	
0.1728	67.3000	0.0573	66.9500	
0.1720	68.4500	0.0566	67.0750	
0.1718	68.3500	0.0559	67.1000	
0.1714	67.9000	0.0551	67.1000	
0.1712	68.7500	0.0545	67.0500	
0.1709	68.1000	0.0542	66.9250	
0.1706	66.3250	0.0533	67.0500	
0.1702	69.2000	0.0524	67.1000	
0.1699	66.5000	0.0516	67.1500	
0.1698	69.0750	0.0509	67.0750	
0.1693	66.7250	0.0502	67.0750	
0.1691	69.0250	0.0495	67.0000	
0.1688	67.0750	0.0488	67.0500	
0.1684	68.3750	0.0482	67.1000	
0.1684	68.3250	0.0476	67.0500	
0.1678	67.0000	0.0470	67.0750	
0.1675	66.8000	0.0466	67.1250	
0.1671	68.7750	0.0456	67.0250	
0.1670	67.8500	0.0449	67.1000	
0.1667	65.7000	0.0442	67.0500	
0.1666	68.1500	0.0437	67.1500	
0.1661	67.5750	0.0432	67.1250	
0.1659	66.1750	0.0424	67.1750	
0.1657	68.8000	0.0418	67.0250	
0.1653	65.5500	0.0412	67.1750	
0.1652	69.0500	0.0405	67.1500	
0.1647	66.3750	0.0401	67.2500	
0.1645	67.1250	0.0396	67.2750	
0.1641	66.7750	0.0387	67.3750	
0.1639	65.8500	0.0381	67.3250	
0.1638	69.0000	0.0376	67.4000	
0.1634	66.7750	0.0373	67.3750	
0.1633	65.6500	0.0365	67.6000	
0.1632	69.2250	0.0360	67.4000	
0.1628	65.0000	0.0354	67.4750	
0.1626	68.8250	0.0348	67.5500	
0.1628	65.4250	0.0344	67.6000	
0.1619	67.9750	0.0337	67.7000	
0.1620	66.4750	0.0331	67.7000	
0.1615	67.1750	0.0326	67.6500	
0.1612	66.2250	0.0321	67.7500	
0.1611	67.6000	0.0317	67.6750	
0.1608	66.1500	0.0312	67.7000	
0.1610	66.8750	0.0306	67.8750	
0.1604	67.8500	0.0301	67.8250	
0.1602	67.9250	0.0296	67.8750	
0.1603	63.8250	0.0291	67.8750	
0.1600	69.7000	0.0288	67.7750	
0.1598	64.6500	0.0283	67.9750	
0.1595	67.9500	0.0279	67.9000	
0.1591	67.3250	0.0273	68.0750	
0.1589	65.3750	0.0268	68.0750	
0.1587	67.6250	0.0265	68.0750	
0.1587	65.4750	0.0261	68.2000	
0.1588	69.9000	0.0257	68.1000	
0.1584	65.7250	0.0253	68.1500	
0.1582	66.0000	0.0250	68.2250	
0.1578	67.3750	0.0247	68.1000	
0.1577	65.7500	0.0241	68.1500	
0.1576	68.7000	0.0237	68.2000	
0.1572	65.7750	0.0232	68.3000	
0.1572	68.5250	0.0228	68.2500	
0.1570	65.7250	0.0225	68.3500	
0.1566	68.3000	0.0221	68.3500	
0.1567	65.5500	0.0217	68.4250	
0.1565	66.6500	0.0214	68.4000	
0.1564	67.1000	0.0210	68.4250	
0.1564	66.4750	0.0207	68.4000	
0.1559	68.6250	0.0203	68.5000	
0.1559	66.1750	0.0201	68.5000	
0.1556	66.3500	0.0197	68.6000	
0.1555	67.7000	0.0195	68.6250	
0.1554	67.8250	0.0192	68.6000	
0.1552	66.2500	0.0190	68.7500	
0.1548	67.2750	0.0186	68.7750	
0.1549	67.3500	0.0182	68.8000	
0.1547	65.1750	0.0179	68.8500	
0.1546	68.3750	0.0176	68.8750	
0.1549	66.1500	0.0174	68.8500	
0.1543	66.7250	0.0170	69.0250	
0.1541	68.2000	0.0168	69.0250	
0.1541	65.7000	0.0166	69.0750	
0.1542	68.3250	0.0163	69.2500	
0.1537	66.2750	0.0163	69.3000	
0.1537	69.1750	0.0158	69.2000	
0.1534	66.7500	0.0156	69.4000	
0.1532	66.5750	0.0154	69.4250	
0.1531	68.4250	0.0151	69.3500	
0.1531	65.5000	0.0148	69.4250	
0.1531	68.4750	0.0147	69.4500	
0.1527	67.6250	0.0145	69.5000	
0.1529	66.7000	0.0142	69.5250	
0.1524	67.6750	0.0140	69.5000	
0.1525	66.3250	0.0138	69.5250	
0.1523	68.3250	0.0136	69.5750	
0.1522	67.9500	0.0134	69.6000	
0.1520	66.7750	0.0132	69.6000	
0.1518	68.1750	0.0130	69.6000	
0.1521	66.4500	0.0128	69.6500	
0.1518	68.8000	0.0127	69.6000	
0.1521	66.3750	0.0126	69.7250	
0.1513	68.0250	0.0124	69.6500	
0.1517	67.1750	0.0121	69.8000	
0.1513	67.5500	0.0120	69.7750	
0.1510	68.8500	0.0118	69.8500	
0.1509	67.5500	0.0117	69.8750	
0.1509	67.6250	0.0115	69.9000	
0.1510	67.5500	0.0113	69.9750	
0.1509	68.6250	0.0112	70.0000	
0.1505	68.2250	0.0111	70.1000	
0.1504	68.4000	0.0109	70.0750	
0.1504	67.6750	0.0107	70.0500	
0.1502	68.9000	0.0106	70.1250	
0.1502	68.4250	0.0105	70.1250	
0.1502	68.0750	0.0104	70.2000	
0.1499	68.8500	0.0102	70.2000	
0.1499	67.7000	0.0101	70.2500	
0.1499	67.8500	0.0100	70.3250	
0.1498	69.2000	0.0099	70.4250	
0.1497	68.4250	0.0098	70.3500	
0.1495	68.2000	0.0097	70.3500	
0.1499	69.5750	0.0095	70.4000	
0.1496	68.4250	0.0094	70.4750	
0.1494	67.9250	0.0093	70.4500	
0.1492	69.8250	0.0092	70.4750	
0.1491	68.1000	0.0091	70.5000	
0.1491	69.0000	0.0090	70.5000	
0.1493	69.3250	0.0089	70.5250	
0.1491	67.6250	0.0088	70.6000	
0.1489	69.9500	0.0087	70.6250	
0.1490	68.8250	0.0086	70.6000	
0.1488	68.4500	0.0085	70.7000	
0.1486	69.3250	0.0084	70.7500	
0.1484	68.6000	0.0083	70.7250	
0.1484	69.2750	0.0082	70.7500	
0.1486	69.0750	0.0081	70.7500	
0.1485	69.5500	0.0081	70.7500	
0.1483	68.3250	0.0080	70.8000	
0.1482	70.9750	0.0079	70.8250	
0.1481	68.1500	0.0079	70.9000	
0.1481	69.4000	0.0078	70.8250	
0.1479	69.5750	0.0077	70.9750	
0.1479	69.0000	0.0076	71.0250	
0.1479	69.8500	0.0075	71.0500	
0.1479	68.0750	0.0075	71.1000	
0.1478	69.5750	0.0074	71.1500	
0.1477	69.1500	0.0073	71.1500	
0.1476	69.5000	0.0073	71.1500	
0.1476	70.4500	0.0072	71.1750	
0.1477	68.2500	0.0071	71.3500	
0.1478	69.7250	0.0071	71.2000	
0.1473	70.1250	0.0070	71.2250	
0.1475	68.6000	0.0070	71.3250	
0.1474	69.7250	0.0069	71.2500	
0.1471	69.5250	0.0068	71.3500	
0.1470	70.2000	0.0068	71.3250	
0.1471	70.0250	0.0067	71.3000	
0.1470	69.8750	0.0067	71.4500	
0.1470	69.6250	0.0066	71.4500	
0.1469	69.6000	0.0066	71.4250	
0.1468	68.5500	0.0065	71.5250	
0.1469	70.4000	0.0065	71.5500	
0.1471	69.6500	0.0064	71.6250	
0.1468	69.4500	0.0064	71.6000	
0.1466	70.3500	0.0063	71.6250	
0.1466	70.4000	0.0063	71.6500	
0.1467	69.0000	0.0062	71.6500	
0.1466	70.0500	0.0062	71.6750	
0.1465	69.9000	0.0061	71.7250	
0.1466	69.8000	0.0061	71.7000	
0.1464	69.2000	0.0060	71.7750	
0.1463	70.4750	0.0060	71.7500	
0.1463	69.9750	0.0060	71.8250	
0.1462	70.3250	0.0059	71.8250	
0.1464	69.2750	0.0059	71.9000	
0.1462	70.8750	0.0058	71.8750	
0.1461	68.8000	0.0059	71.9000	
0.1461	69.8750	0.0058	71.9000	
0.1460	69.3250	0.0058	71.9250	
0.1460	70.3000	0.0057	71.9500	
0.1459	69.9250	0.0057	72.0000	
0.1460	70.9750	0.0056	72.0000	
0.1458	70.2750	0.0056	72.0000	
0.1461	69.3000	0.0056	72.0500	
0.1459	70.8500	0.0055	72.0500	
0.1459	68.9500	0.0055	72.1000	
0.1458	70.5250	0.0055	72.0750	
0.1457	68.9250	0.0055	72.1500	
0.1455	69.6250	0.0054	72.2000	
0.1457	70.2000	0.0054	72.1500	
0.1460	69.4000	0.0054	72.2000	
0.1455	70.8250	0.0054	72.2000	
0.1454	70.5500	0.0053	72.2500	
0.1456	71.4250	0.0053	72.2750	
0.1455	69.7500	0.0053	72.3000	
0.1454	68.7000	0.0053	72.3500	
0.1454	68.7000	0.0052	72.3000	
0.1457	70.2250	0.0052	72.3750	
0.1453	70.6750	0.0052	72.4000	
0.1453	70.4250	0.0052	72.4250	
0.1452	69.6750	0.0051	72.4250	
0.1451	70.4750	0.0051	72.4250	
0.1451	69.8500	0.0051	72.4500	
0.1450	69.9250	0.0051	72.5000	
0.1450	70.5000	0.0051	72.5000	
0.1452	70.3500	0.0050	72.5250	
0.1450	69.0750	0.0050	72.5250	
0.1450	71.1250	0.0051	72.5500	
0.1451	69.5500	0.0050	72.5500	
0.1450	69.3750	0.0050	72.5500	
0.1451	70.4500	0.0050	72.5500	
0.1450	70.9750	0.0049	72.5750	
0.1450	69.5000	0.0049	72.6000	
0.1451	69.8000	0.0049	72.6000	
0.1450	70.7250	0.0049	72.6250	
0.1449	70.1500	0.0049	72.6500	
0.1448	70.2000	0.0048	72.6000	
0.1449	71.0250	0.0048	72.6750	
0.1446	70.5750	0.0048	72.6750	
0.1446	70.0750	0.0048	72.7000	
0.1446	69.6750	0.0048	72.7250	
0.1446	70.9000	0.0048	72.7250	
0.1446	69.5250	0.0048	72.7250	
0.1446	70.3000	0.0048	72.7500	
0.1446	71.0500	0.0047	72.8000	
0.1444	69.6000	0.0048	72.8000	
0.1445	71.5250	0.0047	72.8750	
0.1446	69.5750	0.0047	72.9500	
0.1445	70.5000	0.0047	72.9000	
0.1446	69.7250	0.0047	73.0250	
0.1443	69.3250	0.0047	73.0750	
0.1446	70.9250	0.0047	73.0750	
0.1445	69.6250	0.0047	73.0500	
0.1444	70.7000	0.0046	73.0750	
0.1447	71.2000	0.0046	73.0750	
0.1443	70.0500	0.0046	73.1500	
0.1443	69.8250	0.0046	73.1250	
0.1444	69.2000	0.0046	73.1500	
0.1445	70.1750	0.0046	73.1500	
0.1444	71.0250	0.0046	73.1500	
0.1443	69.0000	0.0046	73.2000	
0.1441	70.5750	0.0045	73.1750	
0.1443	70.3250	0.0045	73.2250	
0.1443	70.2250	0.0045	73.2750	
0.1441	70.9000	0.0045	73.3250	
0.1444	69.3500	0.0045	73.2750	
0.1442	71.1000	0.0045	73.3500	
0.1439	70.6750	0.0045	73.3000	
0.1441	70.8750	0.0045	73.3250	
0.1442	70.0000	0.0045	73.3750	
0.1442	68.6250	0.0045	73.4250	
0.1444	69.9750	0.0045	73.4250	
0.1442	71.0500	0.0045	73.4500	
0.1443	68.8000	0.0044	73.4500	
0.1440	69.8750	0.0044	73.4750	
0.1441	70.7250	0.0044	73.4750	
0.1439	69.7500	0.0044	73.4750	
0.1438	70.6750	0.0044	73.4750	
0.1440	69.2250	0.0044	73.5250	
0.1442	70.8000	0.0044	73.5500	
0.1438	69.8000	0.0044	73.5250	
0.1439	69.9750	0.0044	73.5500	
0.1439	69.6500	0.0044	73.6000	
0.1442	69.8500	0.0044	73.5750	
0.1444	67.7250	0.0044	73.6250	
0.1437	69.7500	0.0044	73.6000	
0.1438	70.7000	0.0044	73.7250	
0.1437	70.3000	0.0043	73.7500	
0.1440	69.8500	0.0043	73.7250	
0.1441	69.4000	0.0043	73.7500	
0.1441	68.3250	0.0043	73.6000	
0.1437	70.6000	0.0043	73.7750	
0.1438	69.1000	0.0043	73.7500	
0.1437	69.6500	0.0043	73.7250	
0.1437	70.2250	0.0043	73.7500	
0.1437	69.4000	0.0043	73.7750	
0.1436	69.4250	0.0043	73.7250	
0.1437	68.7750	0.0043	73.8000	
0.1438	70.1000	0.0043	73.8250	
0.1436	69.9250	0.0043	73.7000	
0.1436	68.5250	0.0043	73.7750	
0.1437	69.7750	0.0043	73.8500	
0.1440	67.5750	0.0043	73.8250	
0.1435	68.4000	0.0043	73.7500	
0.1436	69.4750	0.0043	73.8500	
0.1435	69.3750	0.0043	73.8000	
0.1436	70.3500	0.0043	73.8250	
0.1434	69.4000	0.0043	73.8000	
0.1435	68.9000	0.0042	73.8000	
0.1435	68.0500	0.0042	73.8500	
0.1435	68.8500	0.0042	73.8500	
0.1434	68.3750	0.0042	73.8750	
0.1434	69.2000	0.0042	73.9250	
0.1436	69.3250	0.0042	73.8500	
0.1435	66.6750	0.0042	73.8750	
0.1436	69.2250	0.0042	73.9250	
0.1434	68.0750	0.0042	73.9000	
0.1437	69.4750	0.0042	73.9000	
0.1433	68.7250	0.0042	73.9500	
0.1434	69.6750	0.0042	73.9500	
0.1435	66.2250	0.0042	73.9000	
0.1433	67.3750	0.0042	73.9500	
0.1433	67.7250	0.0042	73.9500	
0.1436	67.1250	0.0042	73.9500	
0.1435	69.0750	0.0042	74.0000	
0.1437	68.2750	0.0042	73.9750	
0.1434	65.8250	0.0042	73.9750	
0.1435	69.2750	0.0042	74.0500	
0.1431	67.5500	0.0042	74.0000	
0.1431	68.3500	0.0042	74.1000	
0.1431	65.6000	0.0042	74.0500	
0.1430	66.5000	0.0042	74.0000	
0.1431	66.6250	0.0042	74.0750	
0.1431	66.1750	0.0042	74.0750	
0.1430	68.4250	0.0041	74.0500	
0.1430	66.7000	0.0042	74.1500	
0.1430	65.6250	0.0041	74.1000	
0.1428	64.7250	0.0041	74.0000	
0.1428	66.3500	0.0041	74.1500	
0.1427	68.2500	0.0041	74.2250	
0.1428	66.4250	0.0041	74.1500	
0.1428	65.1500	0.0041	74.1500	
0.1427	65.4500	0.0041	74.1500	
0.1428	63.9000	0.0041	74.1500	
0.1427	64.1000	0.0041	74.2250	
0.1426	63.7500	0.0041	74.2000	
0.1425	65.9750	0.0041	74.2250	
0.1428	64.5250	0.0041	74.2250	
0.1428	66.4000	0.0041	74.2500	
0.1425	65.5250	0.0041	74.2500	
0.1425	64.3250	0.0041	74.2500	
0.1425	64.0000	0.0041	74.2500	
0.1424	62.7250	0.0041	74.2250	
0.1424	63.8250	0.0041	74.3000	
0.1424	64.2000	0.0041	74.2500	
0.1427	65.2250	0.0041	74.2750	
0.1425	66.1750	0.0041	74.3250	
0.1425	61.6250	0.0041	74.2750	
0.1423	61.8250	0.0041	74.3250	
0.1424	64.4750	0.0041	74.3500	
0.1422	64.1750	0.0041	74.3500	
0.1422	64.2250	0.0041	74.3250	
0.1422	63.3500	0.0041	74.3250	
0.1421	62.1250	0.0041	74.3750	
0.1421	63.1750	0.0041	74.3250	
0.1421	63.6250	0.0041	74.3250	
0.1422	62.2750	0.0041	74.3750	
0.1424	64.4000	0.0041	74.3750	
0.1421	63.8750	0.0041	74.3250	
0.1422	63.7000	0.0041	74.3750	
0.1422	62.1250	0.0041	74.3500	
0.1422	59.2250	0.0041	74.3750	
0.1423	63.4250	0.0041	74.4250	
0.1422	61.5750	0.0040	74.3750	
0.1422	65.5500	0.0041	74.3750	
0.1422	62.5000	0.0041	74.5000	
0.1421	62.1500	0.0040	74.4000	
0.1421	63.2500	0.0040	74.3750	
0.1420	59.6750	0.0040	74.4000	
0.1419	61.2500	0.0040	74.4500	
0.1421	61.5500	0.0040	74.4750	
0.1418	62.1500	0.0040	74.4250	
0.1418	63.1250	0.0040	74.4500	
0.1418	62.0750	0.0040	74.5000	
0.1417	63.0750	0.0041	74.4750	
0.1418	61.6750	0.0040	74.3750	
0.1418	60.0000	0.0040	74.5000	
0.1418	60.2250	0.0040	74.5000	
0.1417	62.1250	0.0040	74.5000	
0.1417	61.2750	0.0040	74.5750	
0.1420	62.9250	0.0040	74.5750	
0.1417	61.0750	0.0040	74.5250	
0.1418	62.8250	0.0040	74.4750	
0.1420	60.5750	0.0040	74.5500	
0.1419	61.1250	0.0040	74.5500	
0.1418	59.9500	0.0040	74.5000	
0.1417	60.6500	0.0040	74.5250	
0.1417	60.3000	0.0040	74.5500	
0.1416	60.6250	0.0040	74.5500	
0.1419	61.6250	0.0040	74.5500	
0.1417	62.5000	0.0040	74.5750	
0.1420	59.9500	0.0040	74.6000	
0.1418	61.1250	0.0040	74.6000	
0.1419	58.5000	0.0040	74.5750	
0.1417	59.5250	0.0040	74.5250	
0.1417	60.7250	0.0040	74.6000	
0.1417	60.8000	0.0040	74.5000	
0.1416	61.4000	0.0040	74.6000	
0.1416	61.1000	0.0040	74.5250	
0.1416	60.4500	0.0040	74.4750	
0.1417	58.0250	0.0040	74.6000	
0.1424	61.4500	0.0040	74.6250	
0.1421	59.1000	0.0040	74.5250	
0.1420	61.3250	0.0040	74.5750	
0.1417	59.9500	0.0040	74.6250	
0.1416	59.6000	0.0040	74.5750	
0.1417	59.2000	0.0040	74.5750	
0.1417	58.5500	0.0040	74.6000	
0.1416	60.4000	0.0040	74.6750	
0.1418	59.1250	0.0040	74.5000	
0.1416	61.0750	0.0040	74.6250	
0.1414	58.9250	0.0039	74.5500	
0.1415	58.7000	0.0039	74.5500	
0.1413	59.8250	0.0040	74.6000	
0.1417	58.7250	0.0039	74.5750	
0.1415	59.8750	0.0039	74.6500	
0.1416	59.3000	0.0039	74.6250	
0.1416	58.9750	0.0039	74.6250	
0.1414	58.1250	0.0040	74.5250	
0.1417	58.7500	0.0039	74.6750	
0.1414	58.9000	0.0039	74.6500	
0.1414	59.5000	0.0039	74.6500	
0.1414	58.2000	0.0039	74.6750	
0.1413	58.5000	0.0039	74.6750	
0.1415	59.4000	0.0039	74.5000	
0.1415	58.1250	0.0039	74.6500	
0.1413	58.8750	0.0039	74.6250	
0.1413	58.6500	0.0039	74.6000	
0.1414	58.0000	0.0039	74.6250	
0.1414	57.8000	0.0039	74.6250	
0.1413	58.0750	0.0039	74.6750	
0.1412	58.1000	0.0039	74.6500	
0.1413	58.0000	0.0039	74.5500	
0.1413	58.0000	0.0039	74.6750	
0.1413	58.9750	0.0039	74.6250	
0.1413	58.2750	0.0039	74.5750	
0.1412	57.4250	0.0039	74.6500	
0.1412	57.5750	0.0039	74.5750	
0.1412	57.5250	0.0040	74.6250	
0.1412	58.0250	0.0039	74.6250	
0.1413	57.7500	0.0039	74.5250	
0.1413	58.3750	0.0039	74.5750	
0.1413	57.4750	0.0039	74.6500	
0.1413	58.1000	0.0039	74.6750	
0.1414	57.5500	0.0039	74.6250	
0.1414	58.0000	0.0039	74.6750	
0.1411	57.4500	0.0039	74.6500	
0.1410	57.2250	0.0039	74.6250	
0.1410	57.1250	0.0039	74.6250	
0.1410	57.1250	0.0039	74.5250	
0.1410	57.2250	0.0039	74.6000	
0.1409	57.7750	0.0039	74.6750	
0.1409	57.0000	0.0039	74.6250	
0.1409	56.8500	0.0039	74.5500	
0.1409	56.7000	0.0039	74.7250	
0.1408	57.3000	0.0039	74.5750	
0.1410	57.0500	0.0039	74.6000	
0.1411	56.3750	0.0039	74.6500	
0.1409	56.8000	0.0039	74.6500	
0.1408	56.6250	0.0039	74.7000	
0.1408	56.5500	0.0039	74.6250	
0.1408	56.3750	0.0039	74.6500	
0.1408	56.3750	0.0039	74.6750	
0.1409	55.9500	0.0039	74.6750	
0.1412	56.6500	0.0039	74.6250	
0.1409	56.1500	0.0039	74.6500	
0.1408	56.3250	0.0039	74.7000	
0.1407	56.4500	0.0039	74.6750	
0.1407	55.9500	0.0039	74.6250	
0.1407	55.8750	0.0039	74.6250	
0.1408	55.9250	0.0039	74.6750	
0.1408	56.0500	0.0039	74.5250	
0.1408	55.9000	0.0039	74.7000	
0.1407	55.8250	0.0039	74.6000	
0.1408	56.0500	0.0039	74.6000	
0.1407	55.9500	0.0039	74.7000	
0.1407	55.9000	0.0039	74.6500	
0.1407	55.2500	0.0038	74.6500	
0.1407	55.7000	0.0039	74.5750	
0.1407	55.6250	0.0039	74.6750	
0.1407	55.7000	0.0038	74.6250	
0.1406	55.7750	0.0039	74.6000	
0.1406	55.7000	0.0039	74.7250	
0.1406	55.7250	0.0039	74.7000	
0.1408	55.8000	0.0038	74.5750	
0.1407	55.6000	0.0038	74.6750	
0.1406	55.1500	0.0038	74.6750	
0.1406	55.2500	0.0038	74.6250	
0.1407	55.6750	0.0038	74.7000	
0.1405	55.6500	0.0038	74.6000	
0.1407	55.1000	0.0038	74.7000	
0.1405	55.0500	0.0038	74.6500	
0.1405	54.9250	0.0038	74.5250	
0.1405	55.3250	0.0038	74.6500	
0.1405	55.2750	0.0038	74.6000	
0.1407	55.1000	0.0038	74.6250	
0.1405	55.1000	0.0038	74.6750	
0.1407	55.0000	0.0038	74.6750	
0.1404	54.6000	0.0038	74.5500	
0.1405	55.1000	0.0038	74.6500	
0.1405	54.9000	0.0038	74.6500	
0.1405	55.0750	0.0038	74.6500	
0.1405	54.4500	0.0038	74.7000	
0.1404	54.3500	0.0038	74.5750	
0.1406	54.4000	0.0038	74.7250	
0.1406	54.3750	0.0038	74.6250	
0.1409	55.0000	0.0038	74.5000	
0.1406	54.4000	0.0038	74.6750	
0.1405	54.5750	0.0038	74.6750	
0.1404	54.3500	0.0038	74.6500	
0.1405	54.2500	0.0038	74.6500	
0.1404	54.1750	0.0038	74.6000	
0.1404	54.2250	0.0038	74.7250	
0.1404	54.0000	0.0038	74.6750	
0.1404	53.9500	0.0038	74.6750	
0.1404	54.0250	0.0038	74.6500	
0.1403	54.0500	0.0038	74.6750	
0.1404	54.2000	0.0038	74.6250	
0.1403	54.0500	0.0038	74.7000	
0.1404	53.9500	0.0038	74.6500	
0.1404	53.9000	0.0038	74.6500	
0.1403	53.9250	0.0037	74.6250	
0.1404	53.8500	0.0037	74.6750	
0.1404	53.7000	0.0037	74.6750	
0.1403	53.8500	0.0037	74.6500	
0.1404	53.7000	0.0037	74.6500	
0.1407	53.6000	0.0036	74.7250	
0.1404	53.5750	0.0036	74.6750	
0.1404	53.5500	0.0036	74.7250	
0.1403	53.5500	0.0036	74.7000	
0.1404	53.5500	0.0035	74.7250	
0.1403	53.5250	0.0035	74.7000	
0.1403	53.5250	0.0035	74.7250	
0.1403	53.3750	0.0035	74.7500	
0.1403	53.4500	0.0035	74.7500	
0.1403	53.3750	0.0034	74.8000	
0.1404	53.4750	0.0034	74.7750	
0.1406	53.3500	0.0034	74.8000	
0.1402	53.4500	0.0034	74.7000	
0.1402	53.2750	0.0033	74.7750	
0.1402	53.3500	0.0033	74.7000	
0.1403	53.3500	0.0033	74.7750	
0.1401	53.2000	0.0033	74.7750	
0.1402	53.3000	0.0033	74.7500	
0.1401	53.1250	0.0033	74.7500	
0.1402	53.0250	0.0033	74.7250	
0.1402	53.2000	0.0032	74.7000	
0.1401	53.0750	0.0032	74.7500	
0.1402	53.0750	0.0032	74.6750	
0.1402	53.1000	0.0032	74.7500	
0.1401	53.0250	0.0031	74.6750	
0.1404	53.2000	0.0031	74.7000	
0.1401	53.0250	0.0031	74.6250	
0.1401	53.0750	0.0031	74.7000	
0.1403	52.7250	0.0031	74.6000	
0.1403	53.0000	0.0031	74.7500	
0.1402	53.0000	0.0031	74.5750	
0.1401	52.8500	0.0031	74.6000	
0.1401	52.7250	0.0030	74.6000	
0.1403	52.8250	0.0030	74.6750	
0.1401	52.8750	0.0030	74.6500	
0.1400	52.7000	0.0030	74.5750	
0.1400	52.8000	0.0030	74.6000	
0.1400	52.7250	0.0030	74.5500	
0.1400	52.6750	0.0030	74.6000	
0.1401	52.4500	0.0030	74.6000	
0.1400	52.6500	0.0029	74.5750	
0.1400	52.6000	0.0029	74.5250	
0.1401	52.6250	0.0029	74.6000	
0.1400	52.6250	0.0029	74.5750	
0.1402	52.5000	0.0029	74.6250	
0.1401	52.5250	0.0029	74.5500	
0.1400	52.5250	0.0029	74.5500	
0.1400	52.5500	0.0029	74.5500	
0.1400	52.4250	0.0029	74.5500	
0.1399	52.4250	0.0029	74.5500	
0.1400	52.4000	0.0029	74.6500	
0.1399	52.2500	0.0028	74.4500	
0.1399	52.4000	0.0028	74.6250	
0.1401	52.4000	0.0028	74.5000	
0.1403	52.3250	0.0028	74.5000	
0.1399	52.3500	0.0028	74.5500	
0.1399	52.3000	0.0028	74.6000	
0.1399	52.1500	0.0028	74.5250	
0.1399	52.1500	0.0028	74.5500	
0.1399	52.2750	0.0028	74.5250	
0.1398	52.0750	0.0028	74.5000	
0.1400	52.1250	0.0028	74.5750	
0.1399	52.2250	0.0028	74.5000	
0.1400	52.2500	0.0027	74.5250	
0.1400	52.1500	0.0027	74.5250	
0.1400	52.2000	0.0027	74.5250	
0.1399	52.2500	0.0027	74.4750	
0.1398	52.2500	0.0027	74.6250	
0.1399	52.1500	0.0027	74.4750	
0.1400	52.1750	0.0027	74.5250	
0.1400	52.0500	0.0027	74.5500	
0.1400	52.0250	0.0027	74.4500	
0.1399	52.0000	0.0027	74.5000	
0.1397	52.0000	0.0027	74.5000	
0.1398	52.0000	0.0027	74.5000	
0.1399	52.0750	0.0027	74.5000	
0.1398	52.1250	0.0027	74.5500	
0.1398	52.0500	0.0027	74.4250	
0.1400	51.9750	0.0027	74.5000	
0.1398	52.0000	0.0027	74.5000	
0.1399	52.0000	0.0027	74.5000	
0.1397	51.8750	0.0026	74.4750	
0.1397	51.8750	0.0026	74.4750	
0.1399	51.8250	0.0026	74.5250	
0.1397	51.9000	0.0026	74.4500	
0.1400	51.9750	0.0026	74.5000	
0.1400	51.9500	0.0026	74.4750	
0.1398	51.8250	0.0026	74.5500	
0.1397	51.7500	0.0026	74.4750	
0.1396	51.8250	0.0026	74.4500	
0.1397	51.7250	0.0026	74.5000	
0.1400	51.8750	0.0026	74.4500	
0.1399	51.5500	0.0026	74.4750	
0.1396	51.6500	0.0026	74.5250	
0.1398	51.6750	0.0026	74.5000	
0.1398	51.5000	0.0026	74.4750	
0.1395	51.5500	0.0026	74.5750	
0.1396	51.6000	0.0026	74.4250	
0.1398	51.4250	0.0026	74.5000	
0.1401	51.6500	0.0025	74.4750	
0.1395	51.5250	0.0025	74.4500	
0.1398	51.5500	0.0025	74.4500	
0.1398	51.4500	0.0025	74.4750	
0.1397	51.4000	0.0025	74.4500	
0.1396	51.3500	0.0025	74.4750	
0.1396	51.4250	0.0025	74.4750	
0.1399	51.3500	0.0025	74.4500	
0.1397	51.1750	0.0025	74.4500	
0.1397	51.3250	0.0025	74.4500	
0.1398	51.3250	0.0025	74.4250	
0.1399	51.2000	0.0025	74.4500	
0.1402	51.2250	0.0025	74.4750	
0.1399	51.0750	0.0025	74.5000	
0.1397	51.2000	0.0025	74.4750	
0.1397	51.2000	0.0025	74.4500	
0.1397	51.1250	0.0025	74.4500	
0.1397	51.0750	0.0025	74.4250	
0.1396	51.2750	0.0025	74.4750	
0.1396	50.9500	0.0024	74.4750	
0.1395	51.1000	0.0024	74.4500	
0.1396	51.1000	0.0024	74.4250	
0.1395	51.0250	0.0024	74.4750	
0.1395	50.9000	0.0024	74.4500	
0.1395	51.1000	0.0024	74.4500	
0.1395	51.0500	0.0024	74.5000	
0.1396	50.9750	0.0024	74.4000	
0.1394	50.8750	0.0024	74.5250	
0.1394	51.0000	0.0024	74.4750	
0.1394	51.0750	0.0024	74.4500	
0.1395	50.8000	0.0024	74.4750	
0.1394	50.9000	0.0024	74.4250	
0.1394	51.0750	0.0024	74.4500	
0.1397	50.8500	0.0024	74.5000	
0.1394	50.9750	0.0024	74.4500	
0.1396	50.8250	0.0024	74.5000	
0.1394	50.8250	0.0024	74.4500	
0.1393	50.8000	0.0024	74.4000	
0.1394	50.8500	0.0024	74.4250	
0.1395	50.8750	0.0023	74.4750	
0.1395	50.9500	0.0023	74.4250	
0.1393	50.7500	0.0023	74.4500	
0.1393	50.7250	0.0023	74.4250	
0.1393	50.8000	0.0023	74.4000	
0.1393	50.8500	0.0023	74.4250	
0.1393	50.8250	0.0023	74.4500	
0.1394	50.8000	0.0023	74.4000	
0.1393	50.8000	0.0023	74.4250	
0.1393	50.7000	0.0023	74.4000	
0.1393	50.5500	0.0023	74.4000	
0.1393	50.7500	0.0023	74.4500	
0.1395	50.6500	0.0023	74.4500	
0.1392	50.7750	0.0023	74.4500	
0.1394	50.5750	0.0023	74.4500	
0.1392	50.6000	0.0023	74.4000	
0.1393	50.5500	0.0023	74.4000	
0.1392	50.5250	0.0023	74.4500	
0.1393	50.5750	0.0022	74.4500	
0.1392	50.6500	0.0022	74.4000	
0.1393	50.6500	0.0022	74.4250	
0.1392	50.5500	0.0022	74.4500	
0.1392	50.4250	0.0022	74.4250	
0.1392	50.7000	0.0022	74.3750	
0.1393	50.3750	0.0022	74.3750	
0.1392	50.4750	0.0022	74.4000	
0.1392	50.5000	0.0022	74.4000	
0.1393	50.3250	0.0022	74.4000	
0.1391	50.3250	0.0022	74.4000	
0.1393	50.3000	0.0022	74.3750	
0.1399	50.4250	0.0022	74.4000	
0.1396	50.1000	0.0022	74.4000	
0.1394	50.4000	0.0021	74.4250	
0.1394	50.4250	0.0021	74.3750	
0.1395	50.3250	0.0021	74.4250	
0.1393	50.1750	0.0021	74.4000	
0.1392	50.2000	0.0021	74.3750	
0.1393	50.0250	0.0021	74.3500	
0.1395	50.3000	0.0021	74.4000	
0.1391	50.2750	0.0021	74.4000	
0.1391	50.2250	0.0021	74.3750	
0.1391	50.3250	0.0021	74.3750	
0.1390	50.2750	0.0021	74.4000	
0.1391	50.3250	0.0021	74.4250	
0.1393	50.2250	0.0021	74.3750	
0.1392	50.3000	0.0021	74.3250	
0.1392	50.0250	0.0021	74.3500	
0.1390	50.1250	0.0021	74.3750	
0.1390	50.3250	0.0021	74.3500	
0.1390	50.3250	0.0021	74.4000	
0.1390	50.3000	0.0021	74.3250	
0.1392	50.0500	0.0021	74.3500	
0.1390	50.1250	0.0021	74.3750	
0.1390	50.2750	0.0021	74.3750	
0.1391	50.1000	0.0021	74.3500	
0.1391	50.1500	0.0021	74.3750	
0.1390	50.0750	0.0020	74.3500	
0.1390	49.9000	0.0020	74.3500	
0.1390	50.1750	0.0020	74.3500	
0.1390	50.0500	0.0020	74.3500	
0.1390	50.0500	0.0020	74.3250	
0.1389	50.0500	0.0020	74.3500	
0.1389	50.0750	0.0020	74.3250	
0.1390	50.0500	0.0020	74.3750	
0.1390	50.0500	0.0020	74.3500	
0.1389	49.9750	0.0020	74.3750	
0.1389	50.0000	0.0020	74.3500	
0.1389	49.9250	0.0020	74.3500	
0.1389	49.9750	0.0020	74.3750	
0.1390	49.9000	0.0020	74.3500	
0.1389	49.8250	0.0020	74.3250	
0.1389	49.9750	0.0020	74.4000	
0.1389	49.9500	0.0020	74.3000	
0.1389	49.8500	0.0020	74.3500	
0.1389	49.7250	0.0020	74.2500	
0.1389	49.7750	0.0020	74.3750	
0.1391	49.6250	0.0020	74.2750	
0.1388	49.5500	0.0020	74.3750	
0.1389	49.6750	0.0020	74.3250	
0.1388	49.8250	0.0020	74.2750	
0.1388	49.8000	0.0020	74.3500	
0.1390	49.6750	0.0019	74.3250	
0.1389	49.6250	0.0019	74.3750	
0.1388	49.6250	0.0019	74.3250	
0.1389	49.6750	0.0019	74.3500	
0.1392	49.7500	0.0019	74.3750	
0.1391	49.5750	0.0019	74.3250	
0.1388	49.6500	0.0019	74.3750	
0.1389	49.7000	0.0019	74.3500	
0.1388	49.5000	0.0019	74.3500	
0.1388	49.5000	0.0019	74.3250	
0.1388	49.5750	0.0019	74.3500	
0.1388	49.6750	0.0019	74.3000	
0.1391	49.6500	0.0019	74.3500	
0.1389	49.6500	0.0019	74.3000	
0.1388	49.6750	0.0019	74.3250	
0.1387	49.5250	0.0019	74.3750	
0.1388	49.6500	0.0019	74.3500	
0.1387	49.5750	0.0019	74.3750	
0.1387	49.6000	0.0019	74.3250	
0.1388	49.5750	0.0019	74.3750	
0.1387	49.6250	0.0019	74.3250	
0.1387	49.7500	0.0019	74.3750	
0.1387	49.6000	0.0019	74.3750	
0.1387	49.6000	0.0019	74.3500	
0.1390	49.3500	0.0019	74.3500	
0.1389	49.5250	0.0019	74.3250	
0.1388	49.5750	0.0019	74.3500	
0.1387	49.5000	0.0019	74.3750	
0.1386	49.4000	0.0019	74.3500	
0.1388	49.3500	0.0019	74.3000	
0.1386	49.4500	0.0019	74.3500	
0.1388	49.4000	0.0019	74.2750	
0.1386	49.2000	0.0019	74.3500	
0.1386	49.1250	0.0019	74.3500	
0.1388	49.1500	0.0019	74.3250	
0.1388	49.3000	0.0019	74.3500	
0.1388	49.3500	0.0019	74.3250	
0.1387	49.1500	0.0018	74.3500	
0.1387	49.2500	0.0019	74.3000	
