Loss_Adversary	Accuracy_Adversary	Loss_Target	Accuracy_Target	
-0.3163	0.4215	0.6304	50.0000	50.0000	
-0.3098	0.4135	0.6233	50.0000	50.0000	
-0.3039	0.4061	0.6160	50.0000	50.0000	
-0.2984	0.3992	0.6084	50.0000	50.0000	
-0.2931	0.3924	0.6007	50.0000	50.0000	
-0.2881	0.3859	0.5924	50.0000	50.0000	
-0.2837	0.3800	0.5832	50.0000	50.0000	
-0.2795	0.3743	0.5736	50.0000	50.0000	
-0.2756	0.3689	0.5639	50.0000	50.0000	
-0.2719	0.3636	0.5537	50.0000	50.0000	
-0.2682	0.3584	0.5434	50.0000	50.0000	
-0.2648	0.3534	0.5325	50.0000	50.0000	
-0.2614	0.3484	0.5213	50.0000	50.0000	
-0.2583	0.3437	0.5097	50.0000	50.0000	
-0.2554	0.3390	0.4977	50.0000	50.0000	
-0.2524	0.3344	0.4855	50.0000	50.0000	
-0.2497	0.3300	0.4729	50.0000	50.0000	
-0.2471	0.3257	0.4602	50.0000	50.0000	
-0.2446	0.3215	0.4477	50.0000	50.0000	
-0.2420	0.3173	0.4352	50.0000	50.0000	
-0.2396	0.3132	0.4231	50.0000	50.0000	
-0.2373	0.3094	0.4113	50.0000	50.0000	
-0.2351	0.3057	0.4003	50.0000	50.0000	
-0.2331	0.3023	0.3901	50.0000	50.0000	
-0.2311	0.2991	0.3808	50.0000	50.0000	
-0.2291	0.2958	0.3712	50.0000	50.0000	
-0.2273	0.2927	0.3607	50.0000	50.0000	
-0.2255	0.2894	0.3496	50.0000	50.0000	
-0.2238	0.2862	0.3380	50.0000	50.0000	
-0.2221	0.2830	0.3262	50.0000	50.0000	
-0.2204	0.2799	0.3151	50.0000	50.0000	
-0.2189	0.2771	0.3047	50.0000	50.0000	
-0.2175	0.2746	0.2962	50.0000	50.0000	
-0.2165	0.2729	0.2912	50.0000	50.0000	
-0.2162	0.2726	0.2918	50.0000	50.0000	
-0.2165	0.2737	0.2976	50.0000	50.0000	
-0.2171	0.2749	0.3032	50.0000	50.0000	
-0.2176	0.2757	0.3047	50.0000	50.0000	
-0.2179	0.2760	0.3056	50.0000	50.0000	
-0.2179	0.2763	0.3073	50.0000	50.0000	
-0.2176	0.2763	0.3101	50.0000	50.0000	
-0.2169	0.2757	0.3131	50.0000	50.0000	
-0.2155	0.2743	0.3142	50.0000	50.0000	
-0.2137	0.2723	0.3136	50.0000	50.0000	
-0.2118	0.2699	0.3116	50.0000	50.0000	
-0.2097	0.2673	0.3086	50.0000	50.0000	
-0.2077	0.2646	0.3044	50.0000	50.0000	
-0.2057	0.2618	0.2990	50.0000	50.0000	
-0.2039	0.2591	0.2925	50.0000	50.0000	
-0.2024	0.2565	0.2852	50.0000	50.0000	
-0.2011	0.2545	0.2792	50.0000	50.0000	
-0.2001	0.2531	0.2766	50.0000	50.0000	
-0.1995	0.2524	0.2765	50.0000	50.0000	
-0.1991	0.2521	0.2781	50.0000	50.0000	
-0.1989	0.2522	0.2807	50.0000	50.0000	
-0.1989	0.2524	0.2834	50.0000	50.0000	
-0.1988	0.2526	0.2859	50.0000	50.0000	
-0.1988	0.2529	0.2881	50.0000	50.0000	
-0.1987	0.2531	0.2902	50.0000	50.0000	
-0.1987	0.2533	0.2920	50.0000	50.0000	
-0.1987	0.2534	0.2935	50.0000	50.2500	
-0.1986	0.2535	0.2948	50.0000	61.6250	
-0.1986	0.2535	0.2959	50.0000	89.2500	
-0.1986	0.2536	0.2970	50.0000	96.0750	
-0.1985	0.2537	0.2980	50.0000	87.9750	
-0.1985	0.2538	0.2989	50.0000	77.3000	
-0.1985	0.2538	0.2998	50.0000	65.0750	
-0.1985	0.2539	0.3008	50.0000	53.4500	
-0.1985	0.2541	0.3017	50.0000	51.0250	
-0.1985	0.2542	0.3027	50.0000	50.4500	
-0.1985	0.2543	0.3037	50.0000	50.1500	
-0.1985	0.2544	0.3046	50.0000	50.2250	
-0.1985	0.2544	0.3055	50.0000	50.4000	
-0.1983	0.2544	0.3063	50.0000	50.8000	
-0.1981	0.2542	0.3068	50.0000	51.4750	
-0.1978	0.2539	0.3070	50.0000	52.4000	
-0.1973	0.2533	0.3069	50.0000	54.0500	
-0.1968	0.2527	0.3063	50.0000	57.2000	
-0.1963	0.2520	0.3054	50.0000	60.0000	
-0.1957	0.2513	0.3041	50.0000	61.3500	
-0.1953	0.2506	0.3025	50.0000	61.3250	
-0.1950	0.2501	0.3008	50.0000	60.3750	
-0.1948	0.2496	0.2991	50.0000	58.8500	
-0.1947	0.2494	0.2975	50.0000	57.6250	
-0.1947	0.2492	0.2959	50.0000	57.5500	
-0.1949	0.2492	0.2944	50.0000	58.2000	
-0.1951	0.2493	0.2929	50.0000	59.1250	
-0.1954	0.2495	0.2913	50.0000	59.9250	
-0.1958	0.2498	0.2895	50.0000	60.6250	
-0.1963	0.2500	0.2873	50.0000	63.6250	
-0.1969	0.2503	0.2844	50.0000	66.9750	
-0.1976	0.2507	0.2806	50.0000	67.9250	
-0.1984	0.2510	0.2755	50.0000	68.5000	
-0.1994	0.2514	0.2684	50.0000	68.5750	
-0.2006	0.2516	0.2587	50.0000	65.4250	
-0.2019	0.2516	0.2454	50.0000	58.9500	
-0.2032	0.2513	0.2294	50.0000	53.7250	
-0.2042	0.2504	0.2121	50.0000	51.0750	
-0.2046	0.2490	0.1957	48.2750	50.4750	
-0.2043	0.2472	0.1821	26.7000	50.0500	
-0.2032	0.2449	0.1723	26.6000	50.0250	
-0.2020	0.2436	0.1722	29.9000	51.3750	
-0.2014	0.2438	0.1808	34.6500	54.0500	
-0.2012	0.2435	0.1798	36.3250	54.7500	
-0.2016	0.2447	0.1866	42.0500	57.7500	
-0.2023	0.2458	0.1887	43.6250	59.4000	
-0.2031	0.2464	0.1858	43.0750	59.2500	
-0.2041	0.2475	0.1873	44.6500	65.0000	
-0.2049	0.2483	0.1851	45.6000	67.4000	
-0.2058	0.2490	0.1832	47.1250	70.4500	
-0.2067	0.2499	0.1820	48.9000	73.4500	
-0.2077	0.2509	0.1808	52.0500	76.8500	
-0.2086	0.2517	0.1794	55.1750	80.3500	
-0.2095	0.2525	0.1775	58.6500	83.1250	
-0.2100	0.2528	0.1757	62.0500	86.0000	
-0.2103	0.2528	0.1729	64.4750	88.5000	
-0.2107	0.2529	0.1690	65.7000	89.9000	
-0.2111	0.2529	0.1652	66.3500	90.7250	
-0.2113	0.2528	0.1620	66.7500	91.6500	
-0.2115	0.2527	0.1596	67.1000	92.3250	
-0.2115	0.2526	0.1576	67.6000	93.0000	
-0.2116	0.2524	0.1560	67.3250	93.5750	
-0.2115	0.2522	0.1544	65.7750	94.1000	
-0.2115	0.2520	0.1530	65.7500	94.4500	
-0.2114	0.2517	0.1517	64.7500	94.7250	
-0.2113	0.2515	0.1506	62.1250	95.1250	
-0.2112	0.2513	0.1495	61.8250	95.3500	
-0.2111	0.2511	0.1487	61.3250	95.5250	
-0.2110	0.2509	0.1478	57.0500	95.8250	
-0.2109	0.2507	0.1470	58.3250	95.8750	
-0.2108	0.2505	0.1463	57.7500	95.8750	
-0.2108	0.2504	0.1455	52.2000	96.1500	
-0.2107	0.2502	0.1449	52.3750	96.1500	
-0.2106	0.2500	0.1443	53.3750	96.1000	
-0.2105	0.2499	0.1437	46.9000	96.2250	
-0.2104	0.2497	0.1433	35.5500	96.1500	
-0.2104	0.2496	0.1428	30.4500	96.1000	
-0.2103	0.2495	0.1425	29.2750	96.0500	
-0.2102	0.2493	0.1420	35.6250	95.8500	
-0.2101	0.2492	0.1417	37.9250	95.8000	
-0.2100	0.2491	0.1414	30.0500	95.7500	
-0.2100	0.2490	0.1410	28.6750	95.6250	
-0.2099	0.2489	0.1407	28.8250	95.5250	
-0.2098	0.2488	0.1403	29.1500	95.3750	
-0.2098	0.2487	0.1400	28.9750	95.2500	
-0.2097	0.2486	0.1397	30.0000	95.1500	
-0.2097	0.2485	0.1394	30.6250	94.9500	
-0.2097	0.2484	0.1390	29.4000	94.6250	
-0.2097	0.2484	0.1387	29.5750	94.4000	
-0.2097	0.2483	0.1384	30.0500	94.1500	
-0.2096	0.2483	0.1382	30.2250	93.7750	
-0.2096	0.2482	0.1379	30.9000	93.3000	
-0.2096	0.2482	0.1377	30.6000	92.8250	
-0.2096	0.2482	0.1374	30.7750	92.5500	
-0.2096	0.2482	0.1372	33.2500	92.1750	
-0.2096	0.2481	0.1370	34.5750	91.9750	
-0.2096	0.2481	0.1367	35.6250	91.2250	
-0.2096	0.2481	0.1366	37.5750	90.8750	
-0.2096	0.2481	0.1364	33.4250	90.4750	
-0.2096	0.2481	0.1362	32.2500	89.9500	
-0.2096	0.2480	0.1360	31.7250	89.5750	
-0.2096	0.2480	0.1361	32.1500	89.0500	
-0.2096	0.2480	0.1359	33.6750	88.2250	
-0.2096	0.2480	0.1356	35.1750	87.7250	
-0.2096	0.2480	0.1355	35.2250	87.2250	
-0.2096	0.2480	0.1354	34.2000	86.3750	
-0.2096	0.2480	0.1352	32.5750	85.8750	
-0.2097	0.2480	0.1349	32.6500	85.2000	
-0.2097	0.2480	0.1348	34.1750	84.5500	
-0.2097	0.2479	0.1344	33.1750	84.2250	
-0.2097	0.2478	0.1338	33.6250	83.6750	
-0.2097	0.2479	0.1341	34.0250	83.4000	
-0.2097	0.2479	0.1341	33.6000	82.1000	
-0.2097	0.2480	0.1349	34.3000	81.3500	
-0.2097	0.2481	0.1359	36.3000	80.3250	
-0.2097	0.2483	0.1371	36.2000	79.5750	
-0.2098	0.2486	0.1399	37.3500	78.0750	
-0.2099	0.2491	0.1430	39.7750	76.2250	
-0.2102	0.2502	0.1491	46.5750	72.3000	
-0.2112	0.2513	0.1497	49.6000	67.0250	
-0.2119	0.2514	0.1437	49.9000	59.3250	
-0.2124	0.2514	0.1384	50.3250	56.0250	
-0.2128	0.2515	0.1355	49.2500	55.3500	
-0.2126	0.2511	0.1333	47.8500	54.9500	
-0.2123	0.2505	0.1309	45.3500	54.4000	
-0.2121	0.2500	0.1288	61.5500	54.5750	
-0.2120	0.2496	0.1269	59.8750	54.9250	
-0.2120	0.2494	0.1246	46.3000	55.5000	
-0.2121	0.2491	0.1216	38.8250	55.9750	
-0.2122	0.2489	0.1184	39.1250	56.6000	
-0.2124	0.2487	0.1138	37.7250	57.2000	
-0.2127	0.2484	0.1086	34.8000	57.8250	
-0.2130	0.2482	0.1032	34.0750	59.3750	
-0.2135	0.2479	0.0961	34.3750	62.0000	
-0.2139	0.2476	0.0887	33.8500	65.5500	
-0.2145	0.2474	0.0810	33.1250	69.0750	
-0.2152	0.2471	0.0723	33.3250	72.8750	
-0.2159	0.2471	0.0653	32.6500	78.2750	
-0.2167	0.2471	0.0570	32.2000	83.1250	
-0.2174	0.2471	0.0505	32.7250	86.3750	
-0.2179	0.2470	0.0438	32.0250	87.5500	
-0.2183	0.2471	0.0407	33.6750	88.0500	
-0.2186	0.2473	0.0393	34.1000	88.2750	
-0.2189	0.2473	0.0371	32.4000	88.0250	
-0.2191	0.2474	0.0356	32.0500	88.3000	
-0.2192	0.2474	0.0344	31.8000	88.4000	
-0.2193	0.2474	0.0335	33.7500	88.5000	
-0.2194	0.2475	0.0336	34.5000	88.7000	
-0.2195	0.2475	0.0328	33.4250	88.7500	
-0.2195	0.2475	0.0322	32.4000	88.7250	
-0.2195	0.2475	0.0321	34.3750	88.6500	
-0.2195	0.2475	0.0323	35.1500	88.5250	
-0.2195	0.2473	0.0316	33.8500	88.4750	
-0.2194	0.2473	0.0319	32.7000	88.4500	
-0.2193	0.2472	0.0317	32.9750	88.4000	
-0.2192	0.2470	0.0315	33.8250	88.3750	
-0.2191	0.2470	0.0320	35.4500	88.0000	
-0.2189	0.2469	0.0324	34.2750	87.7500	
-0.2188	0.2467	0.0321	31.6000	87.5000	
-0.2187	0.2466	0.0320	29.4000	87.2750	
-0.2186	0.2465	0.0327	28.3000	87.1500	
-0.2185	0.2464	0.0326	27.9000	86.9750	
-0.2184	0.2463	0.0329	28.0750	86.7000	
-0.2182	0.2462	0.0335	28.1750	86.5750	
-0.2181	0.2460	0.0335	27.5000	86.3500	
-0.2179	0.2458	0.0328	26.4000	86.1500	
-0.2178	0.2456	0.0331	27.0250	86.0500	
-0.2176	0.2454	0.0331	26.7000	85.5750	
-0.2174	0.2451	0.0326	25.9750	85.0250	
-0.2172	0.2448	0.0320	25.7000	84.6000	
-0.2170	0.2446	0.0320	25.3500	84.2750	
-0.2168	0.2443	0.0313	24.9000	83.6250	
-0.2166	0.2441	0.0308	25.6000	83.5500	
-0.2164	0.2439	0.0308	25.3750	82.9000	
-0.2163	0.2437	0.0302	25.6250	82.4500	
-0.2162	0.2435	0.0302	25.2500	82.2000	
-0.2160	0.2433	0.0299	25.4250	81.7000	
-0.2159	0.2431	0.0291	25.2500	80.9250	
-0.2159	0.2431	0.0294	25.2250	80.6000	
-0.2158	0.2430	0.0288	25.6500	80.1000	
-0.2157	0.2429	0.0296	25.4250	79.7750	
-0.2156	0.2429	0.0293	25.0250	79.4250	
-0.2156	0.2428	0.0285	25.2500	78.9250	
-0.2155	0.2428	0.0295	25.2750	78.8250	
-0.2155	0.2427	0.0292	24.9750	78.5500	
-0.2155	0.2426	0.0285	25.3500	78.6000	
-0.2154	0.2426	0.0291	25.1500	78.7500	
-0.2154	0.2426	0.0296	25.2500	78.6750	
-0.2153	0.2425	0.0290	25.0750	78.4250	
-0.2153	0.2424	0.0293	25.0250	78.5000	
-0.2152	0.2425	0.0297	25.0500	78.5000	
-0.2152	0.2424	0.0295	25.4750	78.5750	
-0.2152	0.2424	0.0302	25.4500	78.7500	
-0.2150	0.2423	0.0302	25.2000	78.8500	
-0.2150	0.2423	0.0313	25.1000	79.1250	
-0.2149	0.2423	0.0315	25.1000	79.4000	
-0.2150	0.2423	0.0313	25.1250	79.4500	
-0.2148	0.2421	0.0313	24.8250	79.3500	
-0.2148	0.2421	0.0317	25.5250	79.8750	
-0.2147	0.2422	0.0330	25.5250	80.0500	
-0.2147	0.2421	0.0324	24.9500	79.9750	
-0.2146	0.2421	0.0329	24.9500	80.3000	
-0.2146	0.2421	0.0329	24.9750	80.4250	
-0.2145	0.2421	0.0335	24.6750	80.6750	
-0.2145	0.2421	0.0340	24.9750	81.0500	
-0.2144	0.2420	0.0341	25.0750	81.0750	
-0.2144	0.2421	0.0349	24.8000	81.0750	
-0.2143	0.2420	0.0351	24.9250	81.3000	
-0.2143	0.2421	0.0360	24.6250	81.0500	
-0.2143	0.2421	0.0361	25.0250	81.3250	
-0.2142	0.2422	0.0372	24.5750	81.6000	
-0.2142	0.2420	0.0363	24.8750	81.3750	
-0.2141	0.2420	0.0366	24.3750	82.0000	
-0.2141	0.2421	0.0378	24.7500	81.8500	
-0.2141	0.2420	0.0370	25.4750	82.2000	
-0.2141	0.2422	0.0388	25.9500	82.0250	
-0.2140	0.2421	0.0396	24.8500	82.1000	
-0.2139	0.2420	0.0385	24.6750	82.2000	
-0.2139	0.2419	0.0385	24.7250	82.2500	
-0.2139	0.2421	0.0394	25.0500	82.5000	
-0.2139	0.2422	0.0412	25.4250	82.3500	
-0.2138	0.2421	0.0409	24.7500	82.4750	
-0.2138	0.2420	0.0404	24.6000	82.4250	
-0.2137	0.2421	0.0423	25.1500	82.4750	
-0.2137	0.2421	0.0419	25.1750	82.8000	
-0.2136	0.2420	0.0415	25.2750	82.6250	
-0.2137	0.2421	0.0420	24.8500	82.9250	
-0.2137	0.2421	0.0420	25.4250	82.9750	
-0.2137	0.2423	0.0438	25.1750	82.9500	
-0.2136	0.2422	0.0437	25.1500	82.8250	
-0.2136	0.2423	0.0442	25.5250	83.0500	
-0.2136	0.2424	0.0456	26.1500	82.7500	
-0.2135	0.2423	0.0451	25.9500	82.5250	
-0.2135	0.2422	0.0447	25.5250	82.7000	
-0.2134	0.2423	0.0471	25.5000	82.5500	
-0.2135	0.2422	0.0454	26.1750	82.3750	
-0.2134	0.2423	0.0470	26.7250	82.2750	
-0.2135	0.2423	0.0463	26.0250	82.2500	
-0.2134	0.2423	0.0464	25.6250	82.1250	
-0.2134	0.2422	0.0459	25.4000	82.1500	
-0.2133	0.2423	0.0470	25.4250	82.2000	
-0.2133	0.2424	0.0493	25.5250	81.9750	
-0.2133	0.2422	0.0466	25.5000	82.1000	
-0.2133	0.2424	0.0486	25.6250	82.0250	
-0.2133	0.2423	0.0481	26.9500	82.0500	
-0.2132	0.2423	0.0486	26.9000	81.7000	
-0.2132	0.2422	0.0483	26.7500	81.7250	
-0.2132	0.2422	0.0483	26.5250	81.6500	
-0.2132	0.2424	0.0496	25.1000	81.2250	
-0.2131	0.2422	0.0491	25.6500	81.1000	
-0.2130	0.2423	0.0505	26.2750	81.2250	
-0.2131	0.2422	0.0491	26.6750	81.2500	
-0.2131	0.2424	0.0509	25.8250	81.1750	
-0.2130	0.2423	0.0505	26.3500	80.8250	
-0.2130	0.2422	0.0500	26.6500	80.9750	
-0.2129	0.2424	0.0518	26.3750	80.9750	
-0.2130	0.2424	0.0519	26.6250	80.9500	
-0.2129	0.2423	0.0514	26.3750	80.9500	
-0.2130	0.2424	0.0521	26.3000	81.1250	
-0.2129	0.2424	0.0523	25.6000	81.0250	
-0.2129	0.2425	0.0538	26.3500	81.0000	
-0.2129	0.2424	0.0530	25.6750	80.9750	
-0.2129	0.2426	0.0544	28.4750	80.9750	
-0.2127	0.2426	0.0561	29.3500	81.2000	
-0.2127	0.2424	0.0548	27.1500	81.4000	
-0.2127	0.2425	0.0553	27.5250	81.3500	
-0.2127	0.2428	0.0576	29.3000	81.0500	
-0.2127	0.2425	0.0548	30.5250	81.4000	
-0.2127	0.2426	0.0559	28.0500	81.6000	
-0.2127	0.2426	0.0567	28.1500	81.8750	
-0.2127	0.2426	0.0564	26.2250	81.4250	
-0.2127	0.2426	0.0561	29.2750	81.6000	
-0.2127	0.2426	0.0567	30.1750	81.5000	
-0.2127	0.2427	0.0577	27.9000	81.3500	
-0.2127	0.2426	0.0566	28.4000	81.5250	
-0.2126	0.2427	0.0579	26.8250	81.3250	
-0.2126	0.2427	0.0585	28.8250	81.4250	
-0.2126	0.2427	0.0587	30.4250	81.2000	
-0.2126	0.2428	0.0589	29.6500	81.2250	
-0.2126	0.2427	0.0581	27.7250	81.3750	
-0.2126	0.2428	0.0593	26.6750	81.0750	
-0.2125	0.2427	0.0597	29.0750	81.2250	
-0.2125	0.2428	0.0596	29.4750	81.1250	
-0.2126	0.2428	0.0597	30.8500	81.0750	
-0.2125	0.2427	0.0593	29.2500	81.0000	
-0.2125	0.2428	0.0599	29.3000	80.7500	
-0.2125	0.2428	0.0605	28.7250	80.8500	
-0.2125	0.2430	0.0620	26.8750	80.8000	
-0.2125	0.2429	0.0614	29.8500	80.7750	
-0.2125	0.2429	0.0611	32.5500	81.1500	
-0.2124	0.2429	0.0617	31.7500	81.0500	
-0.2124	0.2431	0.0638	27.2000	81.0750	
-0.2124	0.2430	0.0626	30.6750	81.0500	
-0.2124	0.2430	0.0623	32.0750	81.0000	
-0.2124	0.2431	0.0633	29.6250	80.8250	
-0.2124	0.2429	0.0616	30.4000	80.9250	
-0.2124	0.2430	0.0633	30.0000	80.7000	
-0.2124	0.2431	0.0633	30.2500	80.6500	
-0.2124	0.2431	0.0636	27.5000	80.7000	
-0.2124	0.2432	0.0648	30.8000	80.4750	
-0.2124	0.2432	0.0643	35.3000	80.6750	
-0.2124	0.2432	0.0642	29.3750	80.6000	
-0.2123	0.2433	0.0664	28.9250	80.4750	
-0.2123	0.2431	0.0652	33.9000	80.7250	
-0.2123	0.2432	0.0665	31.4500	80.5250	
-0.2123	0.2431	0.0655	27.9750	80.6500	
-0.2122	0.2432	0.0670	28.9500	80.5000	
-0.2123	0.2434	0.0677	31.6000	80.2250	
-0.2122	0.2431	0.0655	32.4000	80.2500	
-0.2122	0.2432	0.0666	30.5000	80.1750	
-0.2122	0.2432	0.0666	34.0500	79.8000	
-0.2122	0.2432	0.0666	32.6500	79.9500	
-0.2121	0.2435	0.0700	29.3250	79.8250	
-0.2122	0.2432	0.0671	29.7500	80.0500	
-0.2121	0.2433	0.0690	31.1000	79.7500	
-0.2121	0.2434	0.0699	30.0250	79.9500	
-0.2121	0.2434	0.0698	32.1000	79.8250	
-0.2121	0.2434	0.0690	33.2500	79.6750	
-0.2121	0.2433	0.0686	32.1000	79.7250	
-0.2121	0.2435	0.0706	32.8000	79.5750	
-0.2121	0.2436	0.0718	32.6750	79.4250	
-0.2121	0.2434	0.0693	30.7500	79.7500	
-0.2120	0.2434	0.0704	31.6000	79.5500	
-0.2121	0.2436	0.0712	32.6250	79.3750	
-0.2121	0.2435	0.0705	33.2500	79.6500	
-0.2121	0.2437	0.0723	33.3000	79.2000	
-0.2121	0.2434	0.0699	33.8000	79.4500	
-0.2122	0.2436	0.0702	31.7250	79.2750	
-0.2121	0.2435	0.0707	34.1250	79.4750	
-0.2119	0.2437	0.0745	31.5750	79.3250	
-0.2120	0.2436	0.0729	33.8750	79.1000	
-0.2121	0.2438	0.0729	34.2750	79.1750	
-0.2121	0.2435	0.0699	34.2250	79.1500	
-0.2121	0.2435	0.0708	34.0500	79.0000	
-0.2121	0.2438	0.0726	33.3750	79.0500	
-0.2121	0.2439	0.0738	32.2250	78.8500	
-0.2121	0.2437	0.0724	32.7000	79.1000	
-0.2122	0.2435	0.0702	32.4000	79.2750	
-0.2121	0.2438	0.0728	32.9750	79.1750	
-0.2121	0.2438	0.0729	36.3750	79.1500	
-0.2121	0.2436	0.0716	35.3500	79.2500	
-0.2121	0.2438	0.0730	33.5250	79.0250	
-0.2121	0.2439	0.0740	29.4000	79.0500	
-0.2121	0.2439	0.0742	32.6000	79.0250	
-0.2121	0.2437	0.0728	33.5250	78.6250	
-0.2121	0.2437	0.0725	32.4000	78.7250	
-0.2121	0.2438	0.0735	33.2000	78.9000	
-0.2121	0.2440	0.0752	32.9750	78.6250	
-0.2121	0.2439	0.0746	31.7250	78.7000	
-0.2120	0.2437	0.0726	33.2250	78.7500	
-0.2119	0.2440	0.0765	35.5500	78.5250	
-0.2119	0.2439	0.0760	33.5500	78.7500	
-0.2120	0.2440	0.0763	30.8750	78.7000	
-0.2120	0.2438	0.0741	33.9500	79.1250	
-0.2120	0.2440	0.0758	32.0750	78.9750	
-0.2120	0.2442	0.0774	34.0750	78.9750	
-0.2122	0.2441	0.0753	29.8750	79.1750	
-0.2121	0.2441	0.0757	36.1500	79.1750	
-0.2118	0.2441	0.0789	36.2750	79.0750	
-0.2120	0.2441	0.0772	34.2000	79.1500	
-0.2119	0.2439	0.0753	33.4250	79.1750	
-0.2119	0.2440	0.0777	32.7000	79.1750	
-0.2118	0.2442	0.0796	32.4750	79.1250	
-0.2119	0.2442	0.0792	35.0750	79.1250	
-0.2119	0.2441	0.0784	34.8000	79.0250	
-0.2118	0.2441	0.0789	31.6500	78.9750	
-0.2118	0.2440	0.0777	32.5750	78.9750	
-0.2118	0.2442	0.0796	34.2750	78.7500	
-0.2118	0.2441	0.0787	34.0750	78.6750	
-0.2119	0.2441	0.0781	34.3250	78.4250	
-0.2118	0.2443	0.0806	35.1000	77.9750	
-0.2119	0.2440	0.0772	34.2750	77.8500	
-0.2118	0.2441	0.0787	34.4500	77.9500	
-0.2118	0.2443	0.0804	33.1000	77.7750	
-0.2119	0.2444	0.0808	33.8000	77.4500	
-0.2118	0.2440	0.0779	34.3250	77.6000	
-0.2119	0.2443	0.0797	32.5250	77.6500	
-0.2118	0.2444	0.0813	34.4750	77.6750	
-0.2118	0.2443	0.0808	36.1000	77.8750	
-0.2118	0.2444	0.0811	33.9750	77.8750	
-0.2119	0.2444	0.0809	32.8000	78.1250	
-0.2117	0.2446	0.0836	34.8250	78.3250	
-0.2118	0.2443	0.0804	35.9750	78.3250	
-0.2118	0.2445	0.0822	36.6000	78.3750	
-0.2117	0.2445	0.0831	33.9000	78.6750	
-0.2117	0.2444	0.0823	32.4000	78.4500	
-0.2117	0.2448	0.0863	34.8750	78.3250	
-0.2117	0.2445	0.0837	34.7500	78.3000	
-0.2117	0.2446	0.0841	34.9750	78.6250	
-0.2116	0.2445	0.0846	35.8750	78.2750	
-0.2117	0.2447	0.0855	33.9000	78.2500	
-0.2117	0.2447	0.0859	34.9000	78.3000	
-0.2117	0.2447	0.0849	35.4000	78.0250	
-0.2117	0.2448	0.0862	33.8500	77.8250	
-0.2115	0.2444	0.0842	36.0750	77.8000	
-0.2116	0.2449	0.0885	35.1750	77.7000	
-0.2116	0.2450	0.0887	32.9500	77.7000	
-0.2116	0.2448	0.0876	37.6500	77.4750	
-0.2116	0.2451	0.0897	35.5750	77.4500	
-0.2116	0.2449	0.0881	34.2000	77.3000	
-0.2114	0.2450	0.0912	33.9750	77.5000	
-0.2116	0.2448	0.0876	35.8500	77.4000	
-0.2116	0.2449	0.0887	37.2000	77.5750	
-0.2117	0.2451	0.0898	35.6250	77.5500	
-0.2117	0.2453	0.0910	36.1250	77.7250	
-0.2116	0.2451	0.0895	34.0750	77.7750	
-0.2116	0.2452	0.0904	32.9750	77.5000	
-0.2115	0.2452	0.0918	34.4750	77.6750	
-0.2116	0.2452	0.0914	36.5250	77.8500	
-0.2115	0.2452	0.0921	36.1000	77.6500	
-0.2115	0.2454	0.0942	37.4250	77.6500	
-0.2115	0.2451	0.0918	36.7500	77.4250	
-0.2115	0.2454	0.0934	37.0750	77.4750	
-0.2115	0.2455	0.0951	36.3250	77.5250	
-0.2113	0.2453	0.0943	34.7000	77.3500	
-0.2114	0.2455	0.0952	36.4000	77.7750	
-0.2115	0.2456	0.0959	37.0750	77.5250	
-0.2115	0.2456	0.0953	36.7250	77.3000	
-0.2114	0.2456	0.0963	35.5000	77.5750	
-0.2115	0.2457	0.0964	34.9500	77.3750	
-0.2114	0.2458	0.0979	37.0000	77.4500	
-0.2114	0.2457	0.0978	37.2000	77.4000	
-0.2114	0.2458	0.0979	37.3000	77.6750	
-0.2114	0.2459	0.0992	37.1250	77.3500	
-0.2114	0.2461	0.1007	38.1750	77.6250	
-0.2114	0.2460	0.1007	34.8500	77.4500	
-0.2113	0.2462	0.1021	37.7000	77.4000	
-0.2116	0.2465	0.1026	40.7750	77.4250	
-0.2115	0.2461	0.1007	34.7000	77.3000	
-0.2114	0.2462	0.1019	35.4500	77.1500	
-0.2114	0.2462	0.1018	39.3000	77.2750	
-0.2113	0.2463	0.1033	37.9250	77.2500	
-0.2113	0.2463	0.1036	37.6500	77.2000	
-0.2113	0.2467	0.1075	38.4000	76.9500	
-0.2112	0.2463	0.1052	37.2250	76.8500	
-0.2113	0.2464	0.1046	36.8750	77.0250	
-0.2113	0.2465	0.1056	36.5250	76.7250	
-0.2113	0.2467	0.1073	37.6250	76.8500	
-0.2113	0.2467	0.1074	38.9750	76.7500	
-0.2112	0.2467	0.1074	38.6000	76.8250	
-0.2114	0.2467	0.1060	39.1000	76.6500	
-0.2113	0.2473	0.1131	43.0500	76.7500	
-0.2113	0.2470	0.1100	38.8750	76.7250	
-0.2113	0.2467	0.1076	34.9000	76.5750	
-0.2112	0.2470	0.1110	36.8750	76.4000	
-0.2111	0.2471	0.1133	38.5750	76.5000	
-0.2112	0.2473	0.1130	39.5000	76.5750	
-0.2112	0.2470	0.1104	39.3500	76.5750	
-0.2112	0.2471	0.1117	39.5250	76.6500	
-0.2112	0.2472	0.1128	38.0250	76.6000	
-0.2111	0.2472	0.1139	38.8250	76.5500	
-0.2113	0.2474	0.1137	38.6000	76.7750	
-0.2111	0.2474	0.1151	41.0250	76.6750	
-0.2111	0.2475	0.1157	38.4750	76.4750	
-0.2111	0.2478	0.1187	39.1000	76.5750	
-0.2110	0.2475	0.1174	40.7500	76.5000	
-0.2110	0.2474	0.1165	40.9250	76.4500	
-0.2111	0.2477	0.1182	39.2250	76.6750	
-0.2111	0.2478	0.1190	40.5000	76.7250	
-0.2111	0.2476	0.1172	40.8750	76.8250	
-0.2110	0.2475	0.1180	40.3000	76.5750	
-0.2112	0.2477	0.1173	38.6750	76.5500	
-0.2110	0.2480	0.1213	40.9750	76.6500	
-0.2111	0.2481	0.1216	40.6000	76.6250	
-0.2111	0.2478	0.1193	38.4500	76.6250	
-0.2112	0.2480	0.1205	39.2500	76.3750	
-0.2112	0.2481	0.1207	39.1000	76.2250	
-0.2112	0.2481	0.1211	40.7750	76.3500	
-0.2112	0.2482	0.1226	41.0750	76.3750	
-0.2111	0.2480	0.1206	38.9000	76.3000	
-0.2111	0.2481	0.1214	40.7500	76.2250	
-0.2111	0.2485	0.1257	43.6000	76.1250	
-0.2111	0.2485	0.1254	41.4500	76.1500	
-0.2110	0.2483	0.1251	41.3000	76.0250	
-0.2109	0.2482	0.1242	42.5500	76.3750	
-0.2111	0.2487	0.1273	43.4000	76.0500	
-0.2110	0.2487	0.1286	41.4750	76.0750	
-0.2111	0.2487	0.1277	48.1250	76.3000	
-0.2111	0.2489	0.1284	40.9250	76.1750	
-0.2111	0.2489	0.1286	46.1000	76.1250	
-0.2110	0.2488	0.1284	41.4000	76.2250	
-0.2112	0.2487	0.1267	41.4000	76.1500	
-0.2111	0.2486	0.1260	40.0000	76.0500	
-0.2111	0.2491	0.1303	42.9750	76.1250	
-0.2110	0.2490	0.1308	46.3500	76.0750	
-0.2110	0.2491	0.1319	43.9750	76.0750	
-0.2111	0.2490	0.1299	41.1250	76.2750	
-0.2111	0.2492	0.1326	45.1500	76.2500	
-0.2111	0.2489	0.1292	42.0000	76.1500	
-0.2111	0.2492	0.1324	42.3000	76.2250	
-0.2111	0.2493	0.1323	41.1750	75.9750	
-0.2110	0.2493	0.1338	44.4250	76.0000	
-0.2110	0.2494	0.1344	48.3000	75.7500	
-0.2111	0.2493	0.1328	47.0750	75.7500	
-0.2111	0.2494	0.1337	42.0000	75.5750	
-0.2111	0.2494	0.1340	42.3750	75.7500	
-0.2111	0.2495	0.1346	42.6500	75.6500	
-0.2110	0.2493	0.1332	43.2000	75.7500	
-0.2111	0.2495	0.1347	45.0250	75.7750	
-0.2111	0.2496	0.1357	47.9750	75.6250	
-0.2111	0.2498	0.1369	45.9500	75.7500	
-0.2112	0.2501	0.1388	49.7750	75.7000	
-0.2111	0.2498	0.1368	47.8250	75.7750	
-0.2111	0.2497	0.1361	42.7500	75.7750	
-0.2111	0.2499	0.1378	47.5750	75.8250	
-0.2111	0.2499	0.1382	45.2250	75.9000	
-0.2110	0.2496	0.1364	44.9500	75.8750	
-0.2111	0.2501	0.1401	46.2500	75.8500	
-0.2110	0.2502	0.1410	47.3500	76.0750	
-0.2111	0.2501	0.1397	46.9250	76.0000	
-0.2111	0.2500	0.1388	44.8000	76.2000	
-0.2111	0.2501	0.1404	48.1500	76.0750	
-0.2111	0.2503	0.1416	47.7500	76.1500	
-0.2111	0.2502	0.1411	49.0250	76.0000	
-0.2111	0.2501	0.1401	48.2000	76.0000	
-0.2111	0.2503	0.1413	46.8000	76.2000	
-0.2110	0.2505	0.1441	47.4750	75.9000	
-0.2111	0.2504	0.1427	47.1000	75.9750	
-0.2111	0.2505	0.1436	52.2500	75.9500	
-0.2110	0.2504	0.1431	49.0250	75.8750	
-0.2111	0.2505	0.1436	46.6250	75.9000	
-0.2111	0.2508	0.1462	49.5250	75.8750	
-0.2112	0.2508	0.1459	54.1750	75.8000	
-0.2110	0.2507	0.1458	49.8500	75.8500	
-0.2109	0.2506	0.1464	49.5750	75.9250	
-0.2110	0.2507	0.1463	48.6750	75.9250	
-0.2112	0.2508	0.1459	48.3750	75.9250	
-0.2111	0.2507	0.1449	49.2500	75.9250	
-0.2111	0.2507	0.1454	49.9250	75.9500	
-0.2112	0.2510	0.1473	45.8500	75.9500	
-0.2111	0.2511	0.1482	51.9500	75.8000	
-0.2110	0.2509	0.1486	51.8500	75.7500	
-0.2110	0.2509	0.1474	54.5750	75.9250	
-0.2110	0.2511	0.1496	52.9000	75.7250	
-0.2111	0.2513	0.1507	52.6000	75.8500	
-0.2111	0.2511	0.1497	52.5250	75.8750	
-0.2111	0.2512	0.1505	53.6750	75.7250	
-0.2111	0.2514	0.1522	54.1500	75.7250	
-0.2111	0.2512	0.1498	50.2750	75.8750	
-0.2111	0.2514	0.1515	53.4500	75.7750	
-0.2111	0.2512	0.1495	56.5250	75.6000	
-0.2111	0.2514	0.1513	55.5750	75.7750	
-0.2111	0.2515	0.1530	56.3750	75.7500	
-0.2111	0.2514	0.1517	55.3000	75.6250	
-0.2111	0.2515	0.1526	52.9000	75.7500	
-0.2111	0.2516	0.1528	53.8500	75.6250	
-0.2112	0.2513	0.1502	56.4750	75.5250	
-0.2111	0.2514	0.1517	51.4500	75.7000	
-0.2111	0.2516	0.1539	55.1250	75.6250	
-0.2112	0.2517	0.1538	57.4750	75.6000	
-0.2111	0.2517	0.1544	58.1250	75.6750	
-0.2111	0.2517	0.1547	54.3250	75.5250	
-0.2111	0.2516	0.1537	53.3750	75.6250	
-0.2110	0.2517	0.1550	56.5500	75.5250	
-0.2109	0.2518	0.1575	53.4500	75.6000	
-0.2110	0.2519	0.1574	57.2750	75.3000	
-0.2110	0.2517	0.1550	56.5500	75.4250	
-0.2110	0.2518	0.1555	52.6500	75.4750	
-0.2111	0.2520	0.1571	55.4500	75.3750	
-0.2111	0.2518	0.1557	56.7250	75.3500	
-0.2110	0.2520	0.1573	55.2000	75.3000	
-0.2111	0.2522	0.1586	57.4250	75.5000	
-0.2111	0.2521	0.1582	56.4500	75.5500	
-0.2111	0.2520	0.1570	52.7000	75.6000	
-0.2110	0.2521	0.1595	58.4500	75.5500	
-0.2109	0.2521	0.1602	57.9500	75.7750	
-0.2109	0.2524	0.1632	57.9750	75.5000	
-0.2111	0.2523	0.1596	53.8250	75.6500	
-0.2111	0.2523	0.1604	57.8750	75.6000	
-0.2110	0.2524	0.1611	59.4750	75.3000	
-0.2111	0.2525	0.1609	58.7750	75.2500	
-0.2112	0.2522	0.1580	55.7000	75.3750	
-0.2109	0.2522	0.1607	57.5000	75.3250	
-0.2110	0.2526	0.1633	58.9500	75.5500	
-0.2110	0.2525	0.1626	56.6000	75.3000	
-0.2111	0.2524	0.1605	54.9250	75.4000	
-0.2112	0.2525	0.1611	59.9000	75.3750	
-0.2112	0.2526	0.1616	60.7500	75.3250	
-0.2111	0.2525	0.1617	56.4750	75.2500	
-0.2112	0.2527	0.1618	54.5500	75.3500	
-0.2112	0.2527	0.1622	59.4000	75.3750	
-0.2111	0.2526	0.1622	59.2750	75.3750	
-0.2112	0.2527	0.1628	60.5750	75.1500	
-0.2112	0.2529	0.1640	61.0250	75.1000	
-0.2112	0.2527	0.1628	59.6000	75.2000	
-0.2111	0.2526	0.1624	58.0250	75.2250	
-0.2112	0.2530	0.1648	59.2000	75.1500	
-0.2112	0.2532	0.1661	61.8000	75.1750	
-0.2112	0.2529	0.1641	58.2000	75.2250	
-0.2112	0.2529	0.1644	59.5000	75.1250	
-0.2112	0.2531	0.1658	61.9500	75.3250	
-0.2112	0.2531	0.1660	61.3750	75.3250	
-0.2112	0.2531	0.1652	59.1750	75.4000	
-0.2112	0.2531	0.1656	61.3750	75.3250	
-0.2112	0.2532	0.1667	62.6750	75.4000	
-0.2112	0.2532	0.1670	60.6750	75.4000	
-0.2112	0.2533	0.1675	61.7250	75.3750	
-0.2112	0.2534	0.1684	61.7750	75.4250	
-0.2112	0.2534	0.1689	58.6000	75.4000	
-0.2112	0.2533	0.1681	61.2750	75.3250	
-0.2112	0.2533	0.1679	62.1500	75.5000	
-0.2112	0.2533	0.1679	63.1250	75.3000	
-0.2112	0.2535	0.1696	61.7250	75.3000	
-0.2112	0.2536	0.1695	62.3500	75.3250	
-0.2112	0.2535	0.1697	60.5500	75.1750	
-0.2113	0.2537	0.1703	61.4750	75.2500	
-0.2112	0.2535	0.1698	58.8500	75.4250	
-0.2113	0.2539	0.1725	62.5500	75.3250	
-0.2111	0.2539	0.1740	61.2750	75.1500	
-0.2112	0.2538	0.1716	59.8500	75.0750	
-0.2112	0.2539	0.1722	64.1750	75.1500	
-0.2113	0.2538	0.1719	62.5000	75.1750	
-0.2113	0.2540	0.1729	63.2750	75.1500	
-0.2113	0.2540	0.1736	62.7750	75.1500	
-0.2112	0.2541	0.1744	62.4000	75.1250	
-0.2113	0.2541	0.1746	64.1750	75.3000	
-0.2112	0.2540	0.1739	60.6500	75.1500	
-0.2113	0.2541	0.1746	63.5250	75.2000	
-0.2112	0.2543	0.1759	63.7500	75.3000	
-0.2113	0.2544	0.1771	64.6250	75.1000	
-0.2113	0.2547	0.1785	64.3000	75.3000	
-0.2111	0.2542	0.1763	59.2500	75.3250	
-0.2112	0.2542	0.1761	64.0250	75.1500	
-0.2113	0.2546	0.1789	65.3000	75.0750	
-0.2113	0.2546	0.1791	64.7750	74.9750	
-0.2112	0.2545	0.1782	64.1000	74.9000	
-0.2113	0.2546	0.1782	64.8000	74.9750	
-0.2113	0.2547	0.1792	64.3750	74.8750	
-0.2113	0.2547	0.1796	64.7750	74.8250	
-0.2113	0.2547	0.1793	64.7500	74.6000	
-0.2114	0.2548	0.1792	66.1000	74.7500	
-0.2113	0.2550	0.1817	66.2750	74.6000	
-0.2113	0.2551	0.1822	64.8000	74.7250	
-0.2113	0.2551	0.1828	66.0000	74.6000	
-0.2113	0.2550	0.1819	65.7000	74.7000	
-0.2113	0.2550	0.1820	64.7500	74.9500	
-0.2113	0.2551	0.1827	66.1250	74.7750	
-0.2113	0.2552	0.1835	66.4500	74.7750	
-0.2113	0.2553	0.1843	66.2000	74.6750	
-0.2113	0.2554	0.1851	67.0500	74.7250	
0.3694	50.0000	0.4803	50.0000	
0.3519	50.0000	0.4631	50.0000	
0.3364	50.0000	0.4454	50.0000	
0.3215	50.0000	0.4273	50.0000	
0.3081	50.0000	0.4085	50.0000	
0.2953	50.0000	0.3896	50.0000	
0.2837	50.0000	0.3709	50.0000	
0.2732	50.0000	0.3533	50.0000	
0.2643	50.0250	0.3368	50.0000	
0.2577	49.9500	0.3220	50.0000	
0.2539	49.2500	0.3088	66.0000	
0.2515	49.3250	0.2984	75.6500	
0.2508	53.6250	0.2894	78.2000	
0.2506	51.2000	0.2820	78.2000	
0.2506	50.4750	0.2753	78.0500	
0.2506	50.2000	0.2693	77.8250	
0.2505	50.4500	0.2635	77.6250	
0.2505	50.4250	0.2575	77.6750	
0.2504	50.5000	0.2513	77.9250	
0.2504	50.3750	0.2449	77.7000	
0.2504	50.1000	0.2380	77.5500	
0.2504	49.9500	0.2309	77.5000	
0.2504	49.9250	0.2231	77.5750	
0.2504	49.8750	0.2150	77.5250	
0.2503	49.7750	0.2068	77.5250	
0.2503	49.7500	0.1988	77.4000	
0.2503	49.9750	0.1913	77.4000	
0.2503	50.4000	0.1846	77.4500	
0.2503	49.8750	0.1787	77.4750	
0.2503	50.2750	0.1736	77.4250	
0.2503	50.3000	0.1694	77.4500	
0.2503	53.6750	0.1659	77.4750	
0.2502	52.2000	0.1629	77.5750	
0.2503	52.4000	0.1605	77.5000	
0.2502	50.8750	0.1585	77.5000	
0.2502	49.9500	0.1568	77.6000	
0.2502	52.8750	0.1555	77.5250	
0.2502	53.6500	0.1544	77.6250	
0.2502	54.1000	0.1535	77.5500	
0.2502	51.2500	0.1527	77.5000	
0.2502	53.0250	0.1521	77.5000	
0.2502	52.8000	0.1517	77.5750	
0.2502	53.5000	0.1512	77.5750	
0.2502	52.9500	0.1509	77.6000	
0.2502	51.3250	0.1507	77.7000	
0.2502	51.1750	0.1505	77.6500	
0.2502	52.9500	0.1503	77.6750	
0.2502	52.9500	0.1502	77.5250	
0.2502	51.9500	0.1501	77.6000	
0.2502	51.1500	0.1500	77.6000	
0.2502	52.0750	0.1499	77.5000	
0.2502	52.2000	0.1499	77.5000	
0.2501	52.2500	0.1498	77.5500	
0.2502	51.1750	0.1498	77.6500	
0.2501	52.3750	0.1498	77.5500	
0.2502	51.4500	0.1498	77.5750	
0.2501	51.2000	0.1497	77.5750	
0.2501	52.2750	0.1497	77.6250	
0.2501	52.2250	0.1497	77.5500	
0.2501	52.1750	0.1497	77.6750	
0.2501	51.6750	0.1497	77.7000	
0.2502	52.2000	0.1497	77.6250	
0.2501	51.8500	0.1496	77.6750	
0.2501	51.3000	0.1496	77.6250	
0.2501	51.6500	0.1496	77.7250	
0.2502	51.3750	0.1495	77.5750	
0.2502	52.3250	0.1495	77.6250	
0.2501	51.1000	0.1495	77.7500	
0.2501	51.2000	0.1494	77.6750	
0.2501	50.4500	0.1494	77.7000	
0.2501	52.0500	0.1494	77.7250	
0.2501	51.8750	0.1494	77.6750	
0.2501	51.5500	0.1494	77.8000	
0.2501	50.7750	0.1493	77.7000	
0.2501	51.3500	0.1493	77.8250	
0.2501	51.5000	0.1493	77.8250	
0.2501	51.4500	0.1493	77.8500	
0.2501	51.3000	0.1493	77.7750	
0.2501	50.2500	0.1493	77.8250	
0.2501	51.6500	0.1492	77.7750	
0.2501	50.4250	0.1493	77.7250	
0.2501	50.5750	0.1492	77.7750	
0.2501	52.1750	0.1492	77.7750	
0.2501	51.6500	0.1492	77.7250	
0.2501	50.5750	0.1492	77.6500	
0.2501	50.0250	0.1492	77.7750	
0.2501	51.5500	0.1492	77.7000	
0.2501	50.2500	0.1492	77.6750	
0.2501	50.3500	0.1492	77.7750	
0.2501	50.2750	0.1492	77.6750	
0.2501	51.1750	0.1492	77.7000	
0.2501	51.4750	0.1492	77.7250	
0.2501	50.7250	0.1492	77.7750	
0.2501	50.4500	0.1492	77.7250	
0.2501	51.1750	0.1491	77.6500	
0.2501	51.3500	0.1491	77.7000	
0.2501	50.4000	0.1491	77.6250	
0.2501	50.9250	0.1491	77.7250	
0.2501	50.6000	0.1491	77.6750	
0.2501	50.4750	0.1491	77.7500	
0.2501	49.8250	0.1491	77.7250	
0.2501	50.2000	0.1491	77.6500	
0.2501	51.3250	0.1491	77.7250	
0.2501	50.4250	0.1491	77.7000	
0.2501	50.5000	0.1491	77.7000	
0.2501	49.7750	0.1491	77.7000	
0.2501	51.7500	0.1491	77.7000	
0.2501	51.0250	0.1491	77.6750	
0.2500	49.8500	0.1491	77.7000	
0.2501	50.1000	0.1491	77.6500	
0.2500	50.3750	0.1491	77.6750	
0.2501	51.3500	0.1491	77.7250	
0.2501	50.6500	0.1491	77.6000	
0.2500	49.9250	0.1491	77.7000	
0.2500	50.0500	0.1491	77.6750	
0.2500	49.5500	0.1491	77.6750	
0.2500	50.0500	0.1491	77.6250	
0.2500	49.5250	0.1491	77.7000	
0.2500	49.7250	0.1491	77.6750	
0.2500	50.1000	0.1491	77.6750	
0.2500	49.5750	0.1491	77.7000	
0.2500	49.3250	0.1491	77.7000	
0.2500	49.8500	0.1491	77.6250	
0.2500	49.6000	0.1491	77.6250	
0.2500	50.4250	0.1491	77.6500	
0.2500	49.5500	0.1491	77.6500	
0.2500	50.0250	0.1491	77.6750	
0.2500	49.4250	0.1491	77.6750	
0.2500	49.4750	0.1491	77.6750	
0.2500	49.4750	0.1491	77.6000	
0.2500	49.5500	0.1491	77.6250	
0.2500	49.4750	0.1491	77.6750	
0.2500	49.8250	0.1490	77.6500	
0.2500	48.7750	0.1491	77.6500	
0.2500	48.7500	0.1491	77.6500	
0.2500	49.7250	0.1490	77.6750	
0.2500	49.4500	0.1491	77.6000	
0.2500	49.6500	0.1491	77.6250	
0.2500	49.7750	0.1491	77.6750	
0.2500	49.2750	0.1490	77.6500	
0.2501	49.9750	0.1491	77.6750	
0.2500	50.0000	0.1490	77.6500	
0.2500	49.8750	0.1491	77.6250	
0.2500	48.9000	0.1490	77.6750	
0.2500	50.8500	0.1490	77.6500	
0.2500	49.6500	0.1490	77.6000	
0.2500	48.8750	0.1490	77.6250	
0.2500	49.8750	0.1490	77.6000	
0.2500	49.4250	0.1490	77.5750	
0.2500	49.4000	0.1490	77.5500	
0.2500	48.9250	0.1490	77.6750	
0.2500	48.4750	0.1490	77.6250	
0.2500	49.3500	0.1490	77.6750	
0.2500	49.0000	0.1490	77.6000	
0.2500	49.2500	0.1490	77.6500	
0.2500	49.0500	0.1490	77.6250	
0.2500	50.5500	0.1490	77.6000	
0.2500	50.0500	0.1490	77.6500	
0.2500	48.9500	0.1490	77.6000	
0.2500	48.3500	0.1490	77.5750	
0.2500	48.6250	0.1490	77.6000	
0.2500	48.8250	0.1490	77.6000	
0.2500	48.9750	0.1490	77.5500	
0.2500	49.0500	0.1490	77.6000	
0.2500	48.6000	0.1490	77.5750	
0.2500	48.6000	0.1490	77.6000	
0.2500	48.2500	0.1490	77.6000	
0.2500	48.4250	0.1490	77.5750	
0.2500	49.4000	0.1490	77.5500	
0.2500	49.6750	0.1490	77.6500	
0.2500	49.1250	0.1490	77.6500	
0.2500	48.7750	0.1490	77.5250	
0.2500	48.5500	0.1490	77.6250	
0.2500	49.1250	0.1490	77.5750	
0.2499	49.1000	0.1490	77.6500	
0.2500	48.6500	0.1490	77.5250	
0.2500	48.9500	0.1490	77.5750	
0.2499	48.2750	0.1490	77.5250	
0.2500	48.0750	0.1490	77.5500	
0.2499	48.7000	0.1490	77.6250	
0.2499	48.7750	0.1490	77.5750	
0.2500	48.7000	0.1490	77.6000	
0.2499	48.5250	0.1490	77.5000	
0.2499	48.8250	0.1490	77.5250	
0.2499	48.8500	0.1490	77.5000	
0.2500	48.6500	0.1490	77.6000	
0.2499	48.1750	0.1490	77.5000	
0.2499	48.3500	0.1490	77.5750	
0.2499	47.9500	0.1489	77.5750	
0.2499	48.4750	0.1490	77.5250	
0.2499	48.8500	0.1490	77.5750	
0.2500	48.6500	0.1489	77.5500	
0.2500	48.1500	0.1490	77.5000	
0.2499	48.7250	0.1489	77.5250	
0.2499	48.9500	0.1489	77.6250	
0.2500	49.3750	0.1489	77.5000	
0.2499	48.0750	0.1489	77.6250	
0.2499	48.3000	0.1490	77.5500	
0.2499	48.9000	0.1489	77.6000	
0.2499	48.7500	0.1489	77.5000	
0.2499	47.8500	0.1490	77.5250	
0.2499	48.4750	0.1489	77.5500	
0.2499	49.0250	0.1489	77.5500	
0.2499	48.4750	0.1489	77.4750	
0.2499	48.4500	0.1489	77.5750	
0.2499	48.1000	0.1489	77.5000	
0.2499	49.1000	0.1489	77.4750	
0.2499	48.4250	0.1489	77.5750	
0.2499	47.4250	0.1489	77.5000	
0.2499	47.7250	0.1489	77.5500	
0.2499	49.4000	0.1489	77.5250	
0.2499	48.3500	0.1489	77.5000	
0.2499	47.7500	0.1489	77.5500	
0.2499	48.3000	0.1489	77.5500	
0.2499	48.7000	0.1489	77.5500	
0.2499	47.8500	0.1489	77.4500	
0.2499	47.7000	0.1489	77.4750	
0.2499	49.2500	0.1489	77.4750	
0.2499	48.5250	0.1489	77.5500	
0.2499	47.4750	0.1489	77.5000	
0.2499	47.8250	0.1489	77.4250	
0.2499	47.7500	0.1489	77.4750	
0.2499	47.9750	0.1489	77.5750	
0.2499	48.1250	0.1489	77.4500	
0.2499	47.8250	0.1489	77.5500	
0.2499	48.6000	0.1489	77.5000	
0.2499	47.9000	0.1489	77.5500	
0.2499	48.5000	0.1489	77.5000	
0.2499	47.8250	0.1489	77.5000	
0.2499	47.7000	0.1489	77.4750	
0.2499	48.2750	0.1489	77.5000	
0.2499	48.2500	0.1489	77.4750	
0.2499	46.7250	0.1489	77.4750	
0.2499	47.2750	0.1489	77.5500	
0.2499	48.3000	0.1489	77.4750	
0.2499	48.4750	0.1489	77.5000	
0.2499	47.7250	0.1489	77.4500	
0.2499	47.9000	0.1489	77.4750	
0.2499	48.3250	0.1489	77.4250	
0.2499	48.4000	0.1488	77.5000	
0.2499	47.6250	0.1488	77.4500	
0.2499	47.3000	0.1488	77.4750	
0.2499	48.0500	0.1489	77.4750	
0.2499	48.3000	0.1488	77.5500	
0.2499	48.2500	0.1488	77.4250	
0.2499	46.9000	0.1488	77.4250	
0.2499	46.8750	0.1488	77.4500	
0.2499	47.5500	0.1488	77.4250	
0.2499	48.5000	0.1488	77.5500	
0.2499	48.8000	0.1489	77.4000	
0.2499	47.8250	0.1488	77.4500	
0.2499	49.2500	0.1488	77.4250	
0.2499	48.7250	0.1488	77.3750	
0.2499	48.8250	0.1488	77.4250	
0.2499	47.6250	0.1489	77.4250	
0.2499	48.5250	0.1488	77.5250	
0.2498	47.9000	0.1488	77.5000	
0.2498	46.1250	0.1488	77.3500	
0.2498	47.9500	0.1488	77.4500	
0.2498	48.5000	0.1488	77.3250	
0.2498	47.3000	0.1488	77.4250	
0.2498	46.2750	0.1488	77.3250	
0.2498	48.4500	0.1488	77.4750	
0.2499	48.6500	0.1488	77.4250	
0.2498	47.9750	0.1488	77.4000	
0.2498	46.8500	0.1488	77.4750	
0.2498	46.8750	0.1488	77.3250	
0.2498	48.5250	0.1488	77.4000	
0.2498	48.3000	0.1488	77.3750	
0.2498	46.9750	0.1488	77.4000	
0.2498	48.1250	0.1488	77.3500	
0.2499	46.9500	0.1488	77.3500	
0.2498	46.9750	0.1488	77.3500	
0.2498	48.3750	0.1488	77.3750	
0.2498	48.1750	0.1488	77.3250	
0.2498	46.7250	0.1488	77.3000	
0.2499	47.4000	0.1488	77.3250	
0.2498	47.9750	0.1488	77.3500	
0.2498	49.6750	0.1488	77.3250	
0.2498	47.5750	0.1488	77.4250	
0.2498	48.4000	0.1488	77.3250	
0.2498	47.4250	0.1488	77.3500	
0.2498	49.6000	0.1488	77.3500	
0.2498	47.6000	0.1488	77.4000	
0.2498	46.8500	0.1488	77.3000	
0.2498	47.0500	0.1488	77.3750	
0.2498	48.5250	0.1487	77.2500	
0.2498	48.0500	0.1487	77.3250	
0.2498	48.3000	0.1488	77.3250	
0.2498	47.5250	0.1487	77.3250	
0.2499	48.9250	0.1488	77.2000	
0.2498	47.5750	0.1488	77.3250	
0.2498	48.9000	0.1487	77.2250	
0.2498	48.0500	0.1487	77.3500	
0.2498	48.8000	0.1487	77.3000	
0.2498	46.6750	0.1487	77.3500	
0.2498	48.4750	0.1487	77.3750	
0.2498	48.7500	0.1487	77.3250	
0.2498	47.4750	0.1487	77.4250	
0.2498	46.5750	0.1487	77.3500	
0.2498	47.3500	0.1487	77.3500	
0.2498	48.5500	0.1487	77.4000	
0.2498	47.0750	0.1487	77.2000	
0.2498	46.0750	0.1487	77.3000	
0.2498	47.1000	0.1487	77.3250	
0.2498	48.2500	0.1487	77.2750	
0.2498	46.2750	0.1487	77.2750	
0.2498	45.9000	0.1487	77.2500	
0.2498	47.4500	0.1487	77.2250	
0.2498	47.3000	0.1487	77.2750	
0.2498	48.4000	0.1487	77.3000	
0.2498	48.2000	0.1487	77.2750	
0.2498	46.1500	0.1487	77.3250	
0.2498	46.5250	0.1487	77.2250	
0.2497	47.6000	0.1487	77.2750	
0.2498	46.9250	0.1487	77.2750	
0.2498	46.8500	0.1487	77.3000	
0.2497	47.8500	0.1487	77.3750	
0.2498	48.1000	0.1487	77.2250	
0.2497	47.5250	0.1487	77.3250	
0.2498	47.5250	0.1487	77.2250	
0.2497	46.3000	0.1487	77.2000	
0.2497	46.0000	0.1487	77.1750	
0.2498	46.4000	0.1487	77.1500	
0.2498	46.9000	0.1487	77.2500	
0.2498	48.5000	0.1487	77.2250	
0.2497	47.9000	0.1487	77.2000	
0.2497	46.7500	0.1487	77.2500	
0.2497	44.9500	0.1486	77.2000	
0.2497	46.0500	0.1486	77.2000	
0.2497	47.8750	0.1486	77.2000	
0.2498	48.8000	0.1487	77.2500	
0.2497	46.1500	0.1486	77.1750	
0.2498	47.5000	0.1486	77.2000	
0.2497	47.9750	0.1486	77.2250	
0.2497	48.3250	0.1486	77.2000	
0.2497	45.2250	0.1486	77.1750	
0.2497	45.2500	0.1486	77.1750	
0.2497	47.0500	0.1486	77.1000	
0.2497	48.1250	0.1486	77.2000	
0.2497	47.7000	0.1486	77.1250	
0.2497	45.7000	0.1486	77.2750	
0.2497	45.6500	0.1486	77.1500	
0.2497	46.4500	0.1486	77.1500	
0.2497	47.8500	0.1486	77.1250	
0.2497	48.0250	0.1486	77.2000	
0.2497	48.3750	0.1487	77.1000	
0.2497	46.2500	0.1486	77.2000	
0.2497	46.0500	0.1486	77.1500	
0.2498	49.3000	0.1486	77.1500	
0.2497	47.8500	0.1486	77.1500	
0.2497	46.8500	0.1486	77.1500	
0.2497	46.6750	0.1486	77.1750	
0.2497	50.0500	0.1486	77.1750	
0.2497	46.6750	0.1486	77.1750	
0.2497	48.6500	0.1486	77.1000	
0.2497	44.6250	0.1486	77.1500	
0.2497	47.7750	0.1486	77.0750	
0.2497	49.5000	0.1486	77.1250	
0.2497	46.8750	0.1486	77.1250	
0.2497	45.1750	0.1486	77.1250	
0.2497	45.2500	0.1486	77.1250	
0.2497	47.9000	0.1486	77.1000	
0.2497	47.4500	0.1486	77.1500	
0.2497	46.2500	0.1486	77.1500	
0.2497	45.0500	0.1486	77.0500	
0.2497	47.1000	0.1486	77.1250	
0.2497	47.9250	0.1485	77.1250	
0.2497	46.2250	0.1485	77.0750	
0.2497	45.5250	0.1485	77.1000	
0.2496	46.2000	0.1486	77.1000	
0.2497	47.9750	0.1486	77.0750	
0.2496	45.0750	0.1485	77.0000	
0.2497	46.3500	0.1486	77.0750	
0.2496	46.3500	0.1485	77.0500	
0.2497	50.1250	0.1486	77.1000	
0.2497	47.9250	0.1486	77.0750	
0.2496	44.1750	0.1485	77.1000	
0.2497	48.5000	0.1485	76.9500	
0.2496	47.0000	0.1485	77.0250	
0.2496	45.0250	0.1485	77.0750	
0.2496	45.6250	0.1485	77.0250	
0.2496	46.6250	0.1485	77.0250	
0.2496	47.9750	0.1485	77.0500	
0.2497	46.5500	0.1485	77.0000	
0.2496	45.0500	0.1485	77.0000	
0.2496	48.2500	0.1485	77.0250	
0.2496	46.7500	0.1485	77.0000	
0.2496	45.4000	0.1485	77.0250	
0.2496	47.5750	0.1485	77.0500	
0.2496	46.3250	0.1485	77.1000	
0.2496	46.4750	0.1485	76.9250	
0.2496	47.3000	0.1485	77.0250	
0.2496	46.5250	0.1485	77.0000	
0.2496	47.5500	0.1485	76.9750	
0.2496	46.9250	0.1485	77.0000	
0.2496	46.6500	0.1485	76.9500	
0.2496	47.1500	0.1485	77.0250	
0.2496	46.6750	0.1485	76.8750	
0.2496	45.7250	0.1484	76.9750	
0.2496	45.9000	0.1485	76.8500	
0.2496	45.3250	0.1485	76.9250	
0.2496	47.8250	0.1485	76.8250	
0.2496	47.7250	0.1485	76.8000	
0.2496	44.8750	0.1484	76.9750	
0.2496	45.0250	0.1484	76.8750	
0.2496	46.7250	0.1484	77.0250	
0.2496	46.9500	0.1484	76.9750	
0.2496	47.2000	0.1484	76.9000	
0.2496	44.9000	0.1484	77.0250	
0.2495	45.7500	0.1484	76.8500	
0.2496	47.3500	0.1484	76.9000	
0.2496	45.8750	0.1484	76.9750	
0.2496	43.6000	0.1484	76.9500	
0.2496	47.7750	0.1484	76.8750	
0.2496	49.0000	0.1484	76.8750	
0.2496	45.7750	0.1484	76.8500	
0.2495	44.9250	0.1484	76.9250	
0.2495	47.0000	0.1484	76.9500	
0.2495	50.0000	0.1484	76.8500	
0.2495	47.7750	0.1484	76.8500	
0.2495	43.6500	0.1484	76.8750	
0.2495	43.6000	0.1484	76.8750	
0.2496	45.1750	0.1484	76.9000	
0.2495	46.6750	0.1484	76.9000	
0.2496	48.7000	0.1484	76.8000	
0.2495	45.8250	0.1484	76.8250	
0.2495	43.5250	0.1484	76.8500	
0.2495	48.7000	0.1484	76.8500	
0.2495	45.6500	0.1484	76.9000	
0.2495	43.7750	0.1484	76.8750	
0.2495	46.9000	0.1484	76.7750	
0.2495	46.9000	0.1483	76.7500	
0.2495	43.1250	0.1484	76.9000	
0.2495	42.7250	0.1484	76.7500	
0.2495	48.4750	0.1484	76.6500	
0.2495	48.8250	0.1483	76.8000	
0.2495	47.1000	0.1484	76.8000	
0.2495	43.3750	0.1483	76.7250	
0.2495	48.0500	0.1483	76.8000	
0.2495	48.5750	0.1483	76.8500	
0.2495	49.8000	0.1483	76.7500	
0.2495	45.3250	0.1483	76.8250	
0.2495	46.0750	0.1483	76.8500	
0.2495	47.1500	0.1483	76.7500	
0.2495	47.7250	0.1483	76.8750	
0.2494	44.1500	0.1483	76.8000	
0.2495	42.6250	0.1483	76.7500	
0.2495	46.1500	0.1484	76.7250	
0.2495	45.3000	0.1483	76.8250	
0.2494	44.5250	0.1483	76.7000	
0.2495	48.7500	0.1483	76.6500	
0.2495	44.4750	0.1483	76.8000	
0.2494	42.5000	0.1483	76.6250	
0.2494	47.5250	0.1483	76.6250	
0.2495	47.8000	0.1484	76.7000	
0.2494	42.6250	0.1483	76.7000	
0.2494	42.5250	0.1483	76.7500	
0.2494	45.6000	0.1483	76.6000	
0.2494	48.0750	0.1483	76.7250	
0.2494	46.8500	0.1483	76.7500	
0.2494	43.7750	0.1483	76.6250	
0.2494	41.3250	0.1483	76.6500	
0.2494	45.1000	0.1483	76.6750	
0.2494	48.3000	0.1482	76.6000	
0.2494	44.7500	0.1482	76.6000	
0.2494	42.0500	0.1482	76.6250	
0.2494	44.3500	0.1482	76.7000	
0.2494	44.9250	0.1483	76.6750	
0.2494	46.1500	0.1482	76.6750	
0.2494	47.9000	0.1482	76.7250	
0.2494	45.5500	0.1483	76.6250	
0.2494	43.5000	0.1482	76.5500	
0.2494	41.4500	0.1482	76.6000	
0.2494	45.9750	0.1482	76.5250	
0.2494	46.8250	0.1482	76.6000	
0.2493	46.2000	0.1482	76.5750	
0.2494	48.4500	0.1482	76.5500	
0.2493	41.9250	0.1482	76.7000	
0.2493	41.4000	0.1482	76.5750	
0.2493	45.3000	0.1482	76.5500	
0.2494	45.3000	0.1482	76.5250	
0.2494	47.6000	0.1482	76.6250	
0.2493	46.4500	0.1482	76.5500	
0.2493	40.8500	0.1482	76.6000	
0.2494	40.0750	0.1482	76.5750	
0.2493	47.1250	0.1482	76.6250	
0.2493	49.9000	0.1482	76.6500	
0.2493	44.6250	0.1482	76.5250	
0.2493	39.6500	0.1482	76.5250	
0.2493	42.9250	0.1482	76.5250	
0.2493	45.5500	0.1482	76.5500	
0.2493	44.3000	0.1482	76.5500	
0.2493	44.9750	0.1482	76.5250	
0.2493	44.7750	0.1481	76.4750	
0.2493	46.5250	0.1481	76.5500	
0.2493	46.2000	0.1482	76.4750	
0.2493	43.6500	0.1482	76.5500	
0.2493	41.9250	0.1481	76.5750	
0.2493	41.6500	0.1481	76.6000	
0.2493	44.9500	0.1481	76.5750	
0.2493	47.1750	0.1481	76.5250	
0.2493	45.9750	0.1481	76.5000	
0.2492	44.5000	0.1481	76.3500	
0.2493	44.3000	0.1481	76.4500	
0.2492	43.2250	0.1481	76.5000	
0.2492	49.5250	0.1481	76.4750	
0.2493	48.4000	0.1481	76.4500	
0.2492	41.9500	0.1481	76.4250	
0.2492	42.0000	0.1481	76.4500	
0.2492	42.1750	0.1481	76.5500	
0.2492	49.7750	0.1481	76.3750	
0.2492	47.7750	0.1481	76.5000	
0.2492	39.5250	0.1481	76.4750	
0.2492	39.3250	0.1481	76.3250	
0.2492	41.9750	0.1481	76.5250	
0.2492	48.7250	0.1481	76.3750	
0.2493	43.2500	0.1481	76.4000	
0.2492	44.0750	0.1481	76.4500	
0.2492	46.9250	0.1480	76.3500	
0.2492	41.8750	0.1480	76.4500	
0.2492	41.2000	0.1480	76.4000	
0.2492	47.6500	0.1480	76.4000	
0.2492	46.3000	0.1480	76.4500	
0.2492	43.3500	0.1480	76.4000	
0.2492	42.4500	0.1480	76.3500	
0.2491	40.4750	0.1480	76.4250	
0.2491	49.3250	0.1480	76.4250	
0.2491	46.6250	0.1480	76.4250	
0.2491	42.2000	0.1480	76.3500	
0.2491	39.8000	0.1480	76.3500	
0.2492	44.5250	0.1481	76.4500	
0.2491	44.2750	0.1480	76.5750	
0.2491	39.8750	0.1480	76.4750	
0.2491	42.3750	0.1480	76.4250	
0.2491	48.6500	0.1480	76.4000	
0.2491	46.9250	0.1480	76.3750	
0.2491	39.0250	0.1480	76.3250	
0.2491	39.0250	0.1480	76.4250	
0.2492	45.9250	0.1480	76.3750	
0.2490	47.5250	0.1480	76.3500	
0.2491	41.4750	0.1480	76.3500	
0.2490	38.7750	0.1480	76.3000	
0.2490	42.0750	0.1480	76.4500	
0.2491	47.0750	0.1480	76.4250	
0.2490	45.9250	0.1480	76.4750	
0.2490	41.2500	0.1479	76.5750	
0.2490	39.2750	0.1479	76.3750	
0.2490	42.8000	0.1479	76.4750	
0.2490	43.3750	0.1479	76.2750	
0.2490	44.3750	0.1479	76.3000	
0.2490	45.6000	0.1479	76.2750	
0.2490	42.2750	0.1479	76.3750	
0.2490	39.6750	0.1479	76.3000	
0.2490	39.8500	0.1480	76.4000	
0.2490	46.5500	0.1479	76.4500	
0.2490	44.9750	0.1479	76.3250	
0.2490	42.0000	0.1479	76.4000	
0.2490	43.7000	0.1479	76.3750	
0.2490	40.4000	0.1479	76.3500	
0.2490	40.8000	0.1479	76.4000	
0.2489	43.5000	0.1479	76.3250	
0.2489	43.2250	0.1479	76.3000	
0.2489	44.2250	0.1479	76.3000	
0.2489	44.5750	0.1479	76.3000	
0.2489	39.9500	0.1479	76.3000	
0.2489	37.4750	0.1478	76.2750	
0.2489	46.0250	0.1479	76.2750	
0.2489	47.9250	0.1479	76.2500	
0.2489	39.8250	0.1479	76.2750	
0.2489	39.3750	0.1479	76.3000	
0.2489	42.3000	0.1478	76.2250	
0.2489	45.6250	0.1478	76.4000	
0.2489	42.1500	0.1478	76.2250	
0.2489	39.0250	0.1478	76.3500	
0.2489	39.9250	0.1478	76.3000	
0.2488	43.5000	0.1478	76.2250	
0.2488	47.3000	0.1478	76.2750	
0.2488	42.1750	0.1478	76.2500	
0.2488	37.9250	0.1478	76.2500	
0.2488	39.6250	0.1478	76.2750	
0.2488	45.1250	0.1478	76.2750	
0.2488	44.6750	0.1478	76.2750	
0.2488	39.7500	0.1478	76.3000	
0.2488	39.0000	0.1478	76.3000	
0.2488	44.1250	0.1477	76.3000	
0.2488	46.1000	0.1478	76.3000	
0.2487	41.0250	0.1477	76.2750	
0.2488	37.2250	0.1477	76.2750	
0.2488	43.0500	0.1477	76.3000	
0.2487	46.5500	0.1477	76.2250	
0.2487	43.0500	0.1477	76.3000	
0.2487	37.3750	0.1478	76.2500	
0.2487	37.4000	0.1477	76.3250	
0.2487	44.3750	0.1477	76.2250	
0.2487	45.3250	0.1477	76.2750	
0.2487	42.2750	0.1477	76.2500	
0.2487	37.1000	0.1477	76.2750	
0.2487	39.9750	0.1477	76.2500	
0.2487	46.8250	0.1477	76.2500	
0.2486	43.1250	0.1477	76.2750	
0.2487	36.9750	0.1477	76.2000	
0.2486	39.2500	0.1477	76.2500	
0.2487	45.0250	0.1478	76.2500	
0.2486	41.4500	0.1477	76.3250	
0.2486	38.8500	0.1476	76.2500	
0.2487	45.3750	0.1477	76.2500	
0.2486	40.1500	0.1476	76.1500	
0.2486	36.9750	0.1476	76.2250	
0.2486	43.4250	0.1476	76.2250	
0.2486	48.6750	0.1476	76.2500	
0.2486	44.3000	0.1476	76.2000	
0.2486	38.6250	0.1476	76.2000	
0.2485	37.4750	0.1476	76.2750	
0.2486	45.0500	0.1476	76.2500	
0.2485	44.3500	0.1476	76.2500	
0.2485	39.8000	0.1476	76.2250	
0.2485	36.9250	0.1476	76.2000	
0.2485	42.0500	0.1475	76.2000	
0.2485	46.6250	0.1475	76.1750	
0.2485	43.1750	0.1475	76.2750	
0.2485	37.0250	0.1475	76.0500	
0.2485	37.4500	0.1475	76.1750	
0.2484	42.1750	0.1475	76.2000	
0.2484	44.2250	0.1475	76.1250	
0.2484	41.1500	0.1475	76.2000	
0.2485	38.5000	0.1475	76.2000	
0.2484	39.1500	0.1475	76.2750	
0.2484	45.8000	0.1475	76.1750	
0.2484	41.8750	0.1475	76.1750	
0.2484	36.3250	0.1475	76.2000	
0.2484	40.2500	0.1474	76.1750	
0.2484	40.7250	0.1474	76.2000	
0.2484	43.0750	0.1474	76.2250	
0.2484	39.3250	0.1474	76.0500	
0.2484	40.4250	0.1474	76.2000	
0.2483	41.7000	0.1474	76.1500	
0.2483	38.0000	0.1474	76.1500	
0.2483	38.1250	0.1474	76.1500	
0.2483	43.1500	0.1474	76.1000	
0.2483	41.7250	0.1474	76.1000	
0.2483	37.7750	0.1474	76.1750	
0.2482	39.0250	0.1473	76.0750	
0.2482	41.5500	0.1474	76.2250	
0.2482	42.2000	0.1473	76.2000	
0.2482	42.8750	0.1473	76.1500	
0.2482	38.3750	0.1473	76.0500	
0.2482	38.8000	0.1473	76.1000	
0.2483	44.7500	0.1473	76.1500	
0.2482	46.5750	0.1473	76.1500	
0.2482	39.0000	0.1473	76.1000	
0.2482	36.3250	0.1473	76.1250	
0.2481	36.3000	0.1473	76.1250	
0.2481	38.6750	0.1473	76.1500	
0.2481	42.1250	0.1472	76.1000	
0.2481	42.9750	0.1472	76.0500	
0.2481	37.3000	0.1472	76.1000	
0.2481	41.1000	0.1472	76.0500	
0.2481	42.4750	0.1472	76.0500	
0.2481	37.5500	0.1472	76.1250	
0.2481	38.8000	0.1472	76.1000	
0.2481	38.7000	0.1472	76.0500	
0.2481	36.6000	0.1472	76.1000	
0.2480	44.5750	0.1471	76.1500	
0.2480	47.0000	0.1471	76.0750	
0.2480	37.7000	0.1471	76.0250	
0.2480	37.2500	0.1471	76.1250	
0.2480	36.9000	0.1471	76.0500	
0.2479	41.3500	0.1471	76.0250	
0.2480	47.8500	0.1471	76.1000	
0.2479	43.5500	0.1471	75.9500	
0.2479	36.8750	0.1470	76.0500	
0.2480	38.8000	0.1470	76.0000	
0.2479	38.1250	0.1470	76.0750	
0.2479	47.8500	0.1470	76.0500	
0.2479	43.8500	0.1470	76.1000	
0.2479	37.4000	0.1470	76.0000	
0.2478	37.0750	0.1470	75.9000	
0.2478	40.9250	0.1470	75.9750	
0.2478	41.5500	0.1470	75.9750	
0.2478	39.9500	0.1470	76.1000	
0.2478	36.5750	0.1470	76.0000	
0.2477	36.5500	0.1469	76.0750	
0.2477	39.8750	0.1469	76.0500	
0.2478	46.2250	0.1471	76.0500	
0.2478	39.3250	0.1470	75.7250	
0.2477	37.4250	0.1470	75.8750	
0.2477	37.1000	0.1469	76.0250	
0.2477	43.2250	0.1469	75.9250	
0.2477	44.4500	0.1469	76.0000	
0.2477	38.0000	0.1469	76.0000	
0.2476	37.2500	0.1468	75.9250	
0.2476	41.5000	0.1468	76.0250	
0.2476	46.7750	0.1468	75.9750	
0.2477	39.3250	0.1468	75.9250	
0.2475	35.7750	0.1468	75.9500	
0.2475	39.2500	0.1468	75.9500	
0.2475	40.6250	0.1468	75.9750	
0.2476	38.4750	0.1468	76.0250	
0.2475	35.7250	0.1468	75.9000	
0.2474	38.8500	0.1467	76.0250	
0.2474	40.3750	0.1467	75.9500	
0.2475	41.4750	0.1467	75.9500	
0.2475	37.8750	0.1467	75.9500	
0.2474	36.1750	0.1467	75.9000	
0.2474	36.8750	0.1467	75.9500	
0.2473	39.6750	0.1467	75.8250	
0.2473	38.6250	0.1467	75.9000	
0.2473	37.8750	0.1467	75.9250	
0.2473	36.9750	0.1467	75.9000	
0.2473	38.9000	0.1467	75.8750	
0.2473	36.8750	0.1466	75.9750	
0.2473	36.1250	0.1466	75.9750	
0.2472	35.9000	0.1466	75.7500	
0.2473	41.9000	0.1466	75.8250	
0.2472	41.0500	0.1466	75.8000	
0.2472	36.8750	0.1466	75.7250	
0.2472	35.9000	0.1466	75.9250	
0.2471	36.2500	0.1466	75.8750	
0.2471	35.5750	0.1466	75.7500	
0.2471	40.0500	0.1466	75.7500	
0.2472	42.8250	0.1466	75.8750	
0.2471	36.8500	0.1465	75.8500	
0.2471	36.0500	0.1465	75.9000	
0.2470	36.7500	0.1465	75.7000	
0.2470	38.7750	0.1465	75.8250	
0.2470	40.9750	0.1465	75.7750	
0.2470	38.3250	0.1465	75.8500	
0.2469	35.1000	0.1465	75.8750	
0.2469	36.1750	0.1465	75.7250	
0.2469	39.7750	0.1465	75.7750	
0.2469	37.6000	0.1464	75.8250	
0.2468	35.3250	0.1464	75.7250	
0.2469	36.3000	0.1465	75.7250	
0.2468	35.5000	0.1464	75.8000	
0.2468	38.1250	0.1464	75.7500	
0.2468	37.7250	0.1464	75.7750	
0.2468	37.6750	0.1464	75.6750	
0.2467	38.9000	0.1464	75.7750	
0.2468	36.8750	0.1464	75.7000	
0.2467	35.1250	0.1464	75.6500	
0.2467	37.8250	0.1464	75.7750	
0.2466	41.3250	0.1463	75.6750	
0.2466	37.9500	0.1463	75.7500	
0.2466	34.9500	0.1463	75.6500	
0.2466	36.8000	0.1463	75.6500	
0.2465	36.9750	0.1463	75.7000	
0.2465	37.1500	0.1463	75.6500	
0.2465	36.7500	0.1463	75.6500	
0.2465	35.4000	0.1462	75.6000	
0.2464	34.9000	0.1462	75.7000	
0.2464	37.6000	0.1462	75.7000	
0.2464	37.6750	0.1462	75.6750	
0.2464	36.2500	0.1462	75.6250	
0.2464	35.4000	0.1462	75.6000	
0.2463	36.5500	0.1462	75.6250	
0.2463	36.2500	0.1462	75.6750	
0.2463	35.5250	0.1462	75.7250	
0.2463	38.1250	0.1462	75.6500	
0.2463	35.4500	0.1461	75.5500	
0.2462	36.0000	0.1461	75.6250	
0.2462	37.4750	0.1461	75.5500	
0.2462	35.7000	0.1461	75.5500	
0.2462	40.8750	0.1462	75.6250	
0.2462	36.5250	0.1462	75.6000	
0.2461	35.7500	0.1461	75.7000	
0.2460	39.7250	0.1461	75.6000	
0.2461	42.6500	0.1460	75.5500	
0.2460	35.9500	0.1460	75.5500	
0.2460	35.0000	0.1460	75.5750	
0.2459	34.9000	0.1460	75.5250	
0.2459	36.7000	0.1461	75.5000	
0.2459	38.3500	0.1461	75.6500	
0.2459	38.7000	0.1460	75.5750	
0.2458	34.7000	0.1460	75.6250	
0.2458	35.3000	0.1460	75.6000	
0.2458	36.3500	0.1459	75.6000	
0.2458	39.7250	0.1460	75.5500	
0.2457	36.8500	0.1459	75.5500	
0.2457	35.0500	0.1459	75.5500	
0.2457	37.0250	0.1459	75.5500	
0.2456	36.8250	0.1459	75.5500	
0.2456	34.6000	0.1459	75.5000	
0.2456	37.2250	0.1459	75.5750	
0.2456	39.0500	0.1458	75.5250	
0.2455	35.7250	0.1458	75.5250	
0.2456	36.4750	0.1459	75.5500	
0.2454	37.5000	0.1459	75.6000	
0.2456	37.4250	0.1459	75.6000	
0.2453	38.2750	0.1458	75.7000	
0.2454	39.6250	0.1458	75.5250	
0.2454	35.3250	0.1457	75.5000	
0.2453	36.0000	0.1457	75.5000	
0.2453	39.3500	0.1457	75.4500	
0.2452	36.0250	0.1457	75.4750	
0.2452	34.6500	0.1456	75.5250	
0.2452	34.3500	0.1456	75.4500	
0.2451	38.7750	0.1456	75.4750	
0.2451	37.3750	0.1456	75.5000	
0.2450	35.6250	0.1455	75.5000	
0.2450	34.4500	0.1455	75.4000	
0.2450	34.7000	0.1455	75.4500	
0.2449	36.0000	0.1455	75.4500	
0.2449	35.7000	0.1454	75.4500	
0.2449	34.5000	0.1454	75.3750	
0.2449	35.9500	0.1454	75.5500	
0.2448	36.5250	0.1454	75.4000	
0.2448	35.0250	0.1453	75.5250	
0.2447	35.4250	0.1453	75.4500	
0.2447	38.0750	0.1453	75.5000	
0.2446	35.2250	0.1453	75.3750	
0.2446	34.7750	0.1452	75.5000	
0.2446	35.0250	0.1452	75.3250	
0.2446	34.8250	0.1452	75.4500	
0.2445	35.4500	0.1452	75.4750	
0.2445	37.2250	0.1451	75.4000	
0.2444	34.7250	0.1451	75.4750	
0.2444	36.7500	0.1451	75.4500	
0.2443	35.5250	0.1450	75.3750	
0.2443	34.6000	0.1450	75.3500	
0.2443	36.8500	0.1450	75.4250	
0.2442	35.5250	0.1449	75.2500	
0.2442	34.1000	0.1449	75.4250	
0.2441	34.2250	0.1449	75.4500	
0.2441	37.9000	0.1449	75.4250	
0.2441	34.9750	0.1449	75.2500	
0.2440	34.4000	0.1448	75.3750	
0.2439	34.8500	0.1447	75.2500	
0.2441	37.3250	0.1448	75.3000	
0.2439	36.4750	0.1447	75.3000	
0.2439	34.7250	0.1447	75.5000	
0.2438	34.9000	0.1446	75.3250	
0.2438	36.0000	0.1446	75.4250	
0.2438	34.9750	0.1446	75.3250	
0.2440	38.5500	0.1447	75.5000	
0.2436	35.2250	0.1445	75.2500	
0.2438	36.5250	0.1445	75.4500	
0.2435	35.2250	0.1445	75.4250	
0.2435	38.0000	0.1444	75.3750	
0.2435	35.4250	0.1444	75.4250	
0.2434	34.7250	0.1444	75.3250	
0.2434	34.3750	0.1443	75.4000	
0.2433	34.9000	0.1443	75.4000	
0.2433	35.3750	0.1443	75.3500	
0.2432	34.8500	0.1443	75.4250	
0.2432	34.4500	0.1442	75.4000	
0.2433	34.5250	0.1443	75.3000	
0.2432	37.0750	0.1443	75.4000	
0.2431	38.1000	0.1442	75.1250	
0.2431	35.2750	0.1442	75.2500	
0.2430	34.9500	0.1441	75.4000	
0.2431	39.3500	0.1442	75.3500	
0.2429	37.1000	0.1441	75.1250	
0.2429	35.4750	0.1440	75.3500	
0.2428	35.0250	0.1440	75.4000	
0.2427	35.7000	0.1439	75.3250	
0.2427	34.3500	0.1439	75.3500	
0.2426	34.5500	0.1439	75.3750	
0.2426	36.9500	0.1439	75.3500	
0.2426	36.4750	0.1439	75.3000	
0.2425	34.8500	0.1438	75.3500	
0.2424	34.2000	0.1438	75.2000	
0.2424	33.9500	0.1437	75.2750	
0.2423	34.3000	0.1437	75.2750	
0.2423	36.1000	0.1437	75.2250	
0.2423	34.8500	0.1437	75.3500	
0.2421	34.3750	0.1437	75.2500	
0.2422	36.2750	0.1437	75.3000	
0.2421	35.0750	0.1436	75.1500	
0.2421	34.7750	0.1436	75.1750	
0.2420	34.9250	0.1435	75.3500	
0.2419	35.8000	0.1435	75.1500	
0.2419	34.5000	0.1435	75.1250	
0.2418	34.1500	0.1435	75.2000	
0.2417	34.2250	0.1434	75.3250	
0.2417	37.2750	0.1434	75.0000	
0.2416	34.9750	0.1434	75.1000	
0.2416	33.7750	0.1433	75.1250	
0.2416	34.3250	0.1433	75.0750	
0.2415	35.2500	0.1433	75.1500	
0.2414	34.6250	0.1432	75.0500	
0.2414	34.2250	0.1432	75.2250	
0.2413	34.2000	0.1432	75.0500	
0.2413	34.6250	0.1432	75.2250	
0.2412	33.5500	0.1431	75.0250	
0.2413	35.7750	0.1431	75.2000	
0.2411	34.5500	0.1431	75.0250	
0.2410	33.9000	0.1430	75.0500	
0.2409	33.8000	0.1430	75.0250	
0.2409	34.7500	0.1430	75.0750	
0.2409	34.4000	0.1430	74.8250	
0.2408	33.5750	0.1429	75.1500	
0.2408	35.1500	0.1429	74.9250	
0.2407	34.2000	0.1429	74.9750	
0.2406	34.0750	0.1429	75.2500	
0.2406	33.9000	0.1428	75.0500	
0.2405	33.9500	0.1428	74.9750	
0.2406	35.8000	0.1428	75.2000	
0.2406	34.6750	0.1428	74.9250	
0.2404	34.2750	0.1428	75.1750	
0.2403	35.5000	0.1427	74.9500	
0.2402	33.9250	0.1427	74.9500	
0.2401	33.8500	0.1426	75.1750	
0.2401	34.3250	0.1426	74.9750	
0.2400	34.4000	0.1426	74.9500	
0.2399	34.1250	0.1425	75.0250	
0.2399	33.8500	0.1425	74.9500	
0.2398	33.9500	0.1425	75.0000	
0.2397	33.7250	0.1425	75.0000	
0.2398	35.4500	0.1425	75.1250	
0.2396	33.9750	0.1424	74.9500	
0.2396	34.0250	0.1424	75.0250	
0.2396	34.6000	0.1424	74.9500	
0.2396	34.8750	0.1424	74.9250	
0.2393	34.1750	0.1423	75.1500	
0.2394	34.2250	0.1424	74.9750	
0.2392	34.4750	0.1422	75.0750	
0.2392	34.5500	0.1422	75.1250	
0.2393	35.1000	0.1422	74.8500	
0.2392	34.6000	0.1422	74.9250	
0.2390	33.9750	0.1422	75.1000	
0.2391	37.5000	0.1422	75.0750	
0.2389	35.0500	0.1421	74.8750	
0.2388	34.3250	0.1421	74.9500	
0.2388	35.1500	0.1421	75.1000	
0.2388	34.4250	0.1420	74.8000	
0.2387	34.1250	0.1421	75.1000	
0.2385	33.8500	0.1420	74.9500	
0.2384	33.4750	0.1420	75.1500	
0.2385	34.5500	0.1420	75.2250	
0.2384	34.0750	0.1420	74.7750	
0.2383	34.5250	0.1419	75.1500	
0.2382	34.4000	0.1419	74.7000	
0.2382	34.0250	0.1419	74.9250	
0.2381	34.2000	0.1419	75.1750	
0.2380	34.5500	0.1418	74.6750	
0.2381	33.8750	0.1420	75.0500	
0.2378	34.3000	0.1418	74.8250	
0.2379	34.4000	0.1417	74.9750	
0.2377	34.4000	0.1417	74.9750	
0.2377	35.5000	0.1417	74.8750	
0.2376	33.4750	0.1417	74.7250	
0.2376	34.0750	0.1416	74.9750	
0.2375	34.1250	0.1417	74.8250	
0.2374	33.5750	0.1416	75.0000	
0.2374	33.6500	0.1416	74.8000	
0.2373	34.4500	0.1415	74.7500	
0.2371	33.8250	0.1416	74.9500	
0.2371	33.9250	0.1415	74.8250	
0.2370	33.9500	0.1415	75.0250	
0.2369	34.2000	0.1414	74.8500	
0.2369	34.7500	0.1414	74.7750	
0.2368	33.8750	0.1414	74.8250	
0.2368	33.9500	0.1414	74.7750	
0.2366	33.5000	0.1414	74.7500	
0.2366	33.5750	0.1413	74.9000	
0.2367	34.0250	0.1414	74.6750	
0.2364	34.5000	0.1413	75.0000	
0.2364	34.3250	0.1413	74.8500	
0.2363	34.0250	0.1412	74.6250	
0.2362	34.1500	0.1412	74.8500	
0.2361	34.1500	0.1412	74.9250	
0.2360	33.8750	0.1412	74.8000	
0.2361	34.6000	0.1411	74.5750	
0.2359	34.7500	0.1411	74.7750	
0.2358	34.3500	0.1412	74.9750	
0.2358	34.0250	0.1411	74.6250	
0.2356	34.0250	0.1411	74.7750	
0.2356	35.0750	0.1410	74.9750	
0.2355	33.6500	0.1410	74.5500	
0.2354	33.6250	0.1410	74.9500	
0.2354	34.6750	0.1410	74.9000	
0.2352	33.8500	0.1410	74.7000	
0.2354	34.0250	0.1409	74.8250	
0.2352	33.9000	0.1410	74.6750	
0.2353	35.0000	0.1409	74.8750	
0.2351	33.6000	0.1409	74.7500	
0.2350	34.8500	0.1410	74.7750	
0.2349	34.2000	0.1408	74.6500	
0.2349	33.6000	0.1408	74.7250	
0.2349	35.4750	0.1409	74.9500	
0.2352	34.8000	0.1408	74.6250	
0.2347	35.9500	0.1408	74.9000	
0.2345	36.0000	0.1407	74.9250	
0.2345	33.4000	0.1407	74.6750	
0.2343	33.2750	0.1407	74.8750	
0.2343	33.7000	0.1407	74.6000	
0.2341	33.3000	0.1406	74.7250	
0.2341	33.6000	0.1407	74.9500	
0.2341	33.9250	0.1407	74.6000	
0.2340	33.9250	0.1406	74.6000	
0.2338	33.8500	0.1406	74.9250	
0.2337	33.4750	0.1405	74.7250	
0.2337	33.4750	0.1405	74.6250	
0.2337	34.3000	0.1405	74.8000	
0.2336	33.6750	0.1405	74.7000	
0.2336	34.1250	0.1404	74.7500	
0.2336	33.3250	0.1405	74.5000	
0.2334	34.4250	0.1404	74.9250	
0.2333	34.7250	0.1404	74.6750	
