Loss_Adversary	Accuracy_Adversary	Loss_Target	Accuracy_Target	
0.6302	0.4214	0.6302	50.0000	50.0000	
0.6226	0.4132	0.6226	50.0000	50.0000	
0.6142	0.4057	0.6142	50.0000	50.0000	
0.6053	0.3988	0.6053	50.0000	50.0000	
0.5964	0.3923	0.5964	50.0000	50.0000	
0.5873	0.3861	0.5873	50.0000	50.0000	
0.5778	0.3803	0.5778	50.0000	50.0000	
0.5677	0.3747	0.5677	50.0000	50.0000	
0.5569	0.3693	0.5569	50.0000	50.0000	
0.5455	0.3641	0.5455	50.0000	50.0000	
0.5335	0.3589	0.5335	50.0000	50.0000	
0.5207	0.3538	0.5207	50.0000	50.0000	
0.5075	0.3488	0.5075	50.0000	50.0000	
0.4937	0.3440	0.4937	50.0000	50.0000	
0.4796	0.3391	0.4796	50.0000	50.0000	
0.4654	0.3341	0.4654	50.0000	50.0000	
0.4511	0.3294	0.4511	50.0000	50.0000	
0.4367	0.3246	0.4367	50.0000	50.0000	
0.4225	0.3197	0.4225	50.0000	50.0000	
0.4084	0.3149	0.4084	50.0000	50.0000	
0.3946	0.3102	0.3946	50.0000	50.0000	
0.3808	0.3056	0.3808	50.0000	50.0000	
0.3673	0.3010	0.3673	50.0000	50.0000	
0.3539	0.2966	0.3539	50.0000	50.0000	
0.3411	0.2921	0.3411	50.0000	50.0000	
0.3287	0.2875	0.3287	50.0000	50.0000	
0.3167	0.2831	0.3167	50.0000	50.0000	
0.3051	0.2785	0.3051	50.0000	50.0000	
0.2940	0.2738	0.2940	50.0000	50.0000	
0.2835	0.2692	0.2835	50.0000	50.0000	
0.2734	0.2644	0.2734	50.0000	50.0000	
0.2639	0.2596	0.2639	50.0000	50.0000	
0.2548	0.2546	0.2548	50.0000	50.0000	
0.2463	0.2496	0.2463	50.0000	50.0000	
0.2382	0.2446	0.2382	50.0000	50.0000	
0.2306	0.2395	0.2306	50.0000	50.0000	
0.2236	0.2344	0.2236	50.0000	50.0000	
0.2168	0.2293	0.2168	50.0000	50.0000	
0.2105	0.2241	0.2105	50.0000	50.0000	
0.2047	0.2192	0.2047	50.0000	50.0000	
0.1993	0.2143	0.1993	50.0000	50.0000	
0.1942	0.2095	0.1942	50.0000	50.0000	
0.1888	0.2049	0.1888	50.0000	50.0000	
0.1824	0.2007	0.1824	50.0000	50.0000	
0.1759	0.1966	0.1759	50.0000	50.0000	
0.1700	0.1927	0.1700	50.0000	50.0000	
0.1651	0.1890	0.1651	50.0000	50.0000	
0.1613	0.1855	0.1613	50.0000	58.7000	
0.1584	0.1823	0.1584	50.0000	76.3000	
0.1564	0.1793	0.1564	50.0000	80.4000	
0.1547	0.1766	0.1547	50.0000	82.1250	
0.1533	0.1743	0.1533	50.0000	83.5750	
0.1516	0.1721	0.1516	50.0000	85.1000	
0.1494	0.1701	0.1494	50.0000	86.8500	
0.1459	0.1681	0.1459	50.0000	90.8250	
0.1403	0.1663	0.1403	47.3000	95.9500	
0.1332	0.1639	0.1332	41.9250	98.2250	
0.1264	0.1611	0.1264	30.9000	96.4750	
0.1203	0.1593	0.1203	27.6000	91.2500	
0.1139	0.1581	0.1139	28.2250	89.4250	
0.1066	0.1565	0.1066	28.5750	89.6000	
0.0983	0.1560	0.0983	29.1750	88.9500	
0.0893	0.1550	0.0893	29.4750	88.9000	
0.0794	0.1545	0.0794	29.4750	88.4500	
0.0696	0.1542	0.0696	30.2250	87.0000	
0.0607	0.1539	0.0607	30.6750	85.7250	
0.0540	0.1543	0.0540	31.8000	85.2750	
0.0491	0.1540	0.0491	32.4250	84.8000	
0.0454	0.1535	0.0454	31.9000	85.1750	
0.0426	0.1531	0.0426	31.6500	84.8000	
0.0403	0.1525	0.0403	31.2250	84.2250	
0.0383	0.1516	0.0383	30.5750	83.5500	
0.0366	0.1507	0.0366	30.0500	83.2500	
0.0350	0.1498	0.0350	29.3750	82.8250	
0.0336	0.1490	0.0336	28.8750	82.4500	
0.0323	0.1483	0.0323	28.3500	81.8000	
0.0310	0.1475	0.0310	28.3000	81.3500	
0.0299	0.1469	0.0299	28.2000	80.7750	
0.0289	0.1463	0.0289	28.1750	80.4250	
0.0279	0.1458	0.0279	27.5750	79.8250	
0.0270	0.1453	0.0270	27.6500	79.5250	
0.0261	0.1447	0.0261	27.3250	79.0500	
0.0253	0.1444	0.0253	27.2000	78.8250	
0.0245	0.1439	0.0245	27.0250	78.5750	
0.0238	0.1436	0.0238	26.7750	78.3500	
0.0231	0.1432	0.0231	26.6000	77.9250	
0.0225	0.1430	0.0225	26.5250	77.8750	
0.0219	0.1426	0.0219	26.3250	77.5500	
0.0213	0.1424	0.0213	26.2750	77.1750	
0.0208	0.1421	0.0208	26.2250	76.7750	
0.0203	0.1420	0.0203	26.4000	76.6250	
0.0198	0.1417	0.0198	26.3750	76.3500	
0.0193	0.1415	0.0193	26.2250	76.1000	
0.0189	0.1413	0.0189	26.1750	75.9250	
0.0185	0.1411	0.0185	26.1750	75.6250	
0.0181	0.1409	0.0181	26.2500	75.5250	
0.0177	0.1408	0.0177	26.3250	75.4000	
0.0173	0.1406	0.0173	26.3500	75.3250	
0.0170	0.1404	0.0170	26.4000	75.1000	
0.0166	0.1403	0.0166	26.3750	75.0250	
0.0163	0.1401	0.0163	26.3750	74.9750	
0.0159	0.1399	0.0159	26.4250	74.8250	
0.0155	0.1400	0.0155	26.5500	74.8250	
0.0152	0.1398	0.0152	26.5000	74.6500	
0.0148	0.1397	0.0148	26.6500	74.7250	
0.0145	0.1396	0.0145	26.7500	74.7500	
0.0142	0.1395	0.0142	26.8000	74.7000	
0.0139	0.1393	0.0139	27.0250	74.5250	
0.0136	0.1391	0.0136	27.1750	74.7500	
0.0133	0.1389	0.0133	27.2750	74.6500	
0.0130	0.1388	0.0130	27.5500	74.6000	
0.0127	0.1388	0.0127	27.4750	74.5000	
0.0125	0.1384	0.0125	27.6750	74.6250	
0.0122	0.1381	0.0122	27.8000	74.5500	
0.0120	0.1380	0.0120	28.6000	74.7000	
0.0118	0.1380	0.0118	29.0250	74.7000	
0.0116	0.1378	0.0116	30.2250	74.8000	
0.0114	0.1378	0.0114	31.3000	74.7500	
0.0112	0.1378	0.0112	31.9250	74.6750	
0.0110	0.1377	0.0110	33.9500	74.6750	
0.0108	0.1375	0.0108	35.0750	74.7750	
0.0107	0.1374	0.0107	35.9500	74.7250	
0.0105	0.1374	0.0105	37.8000	74.7750	
0.0103	0.1372	0.0103	38.2000	74.8250	
0.0102	0.1372	0.0102	38.4000	74.7250	
0.0100	0.1372	0.0100	38.8750	74.8000	
0.0098	0.1371	0.0098	39.0500	74.9500	
0.0097	0.1370	0.0097	39.3750	74.7750	
0.0095	0.1370	0.0095	39.4250	74.8250	
0.0094	0.1369	0.0094	39.5000	74.8000	
0.0092	0.1369	0.0092	39.7000	74.8000	
0.0091	0.1369	0.0091	40.0250	74.8000	
0.0090	0.1368	0.0090	40.1500	74.7750	
0.0088	0.1368	0.0088	40.4000	74.9250	
0.0087	0.1367	0.0087	40.3500	74.7250	
0.0086	0.1367	0.0086	40.5750	74.8250	
0.0085	0.1367	0.0085	40.6750	74.8500	
0.0083	0.1367	0.0083	40.9750	74.8500	
0.0082	0.1366	0.0082	40.8250	74.9500	
0.0081	0.1365	0.0081	40.8750	74.9750	
0.0080	0.1366	0.0080	41.7250	75.0500	
0.0079	0.1365	0.0079	41.1500	74.8250	
0.0078	0.1366	0.0078	41.8750	75.0250	
0.0077	0.1364	0.0077	41.6000	75.0000	
0.0076	0.1365	0.0076	42.1000	74.9500	
0.0075	0.1364	0.0075	42.9500	74.9500	
0.0074	0.1363	0.0074	43.7250	74.9250	
0.0073	0.1364	0.0073	43.3000	75.0000	
0.0072	0.1364	0.0072	46.0500	75.0250	
0.0071	0.1364	0.0071	44.7750	74.9250	
0.0070	0.1363	0.0070	47.7000	75.0500	
0.0069	0.1362	0.0069	47.7000	75.0000	
0.0068	0.1362	0.0068	47.7250	75.0000	
0.0067	0.1362	0.0067	49.2500	75.0000	
0.0066	0.1362	0.0066	49.4000	75.0500	
0.0065	0.1362	0.0065	49.5750	74.9500	
0.0065	0.1361	0.0065	50.2250	75.0500	
0.0064	0.1362	0.0064	51.0500	75.0500	
0.0063	0.1361	0.0063	50.3000	74.9750	
0.0062	0.1361	0.0062	51.0000	74.9500	
0.0062	0.1362	0.0062	51.4250	75.0000	
0.0061	0.1361	0.0061	51.5750	74.9500	
0.0060	0.1361	0.0060	51.9750	74.8750	
0.0059	0.1361	0.0059	52.2000	75.0750	
0.0059	0.1360	0.0059	51.6000	74.9500	
0.0058	0.1360	0.0058	52.2500	75.0000	
0.0057	0.1361	0.0057	52.3750	74.9750	
0.0057	0.1360	0.0057	52.2750	74.9250	
0.0056	0.1361	0.0056	52.8000	74.9750	
0.0055	0.1361	0.0055	52.2250	75.0250	
0.0055	0.1360	0.0055	53.5500	74.9500	
0.0054	0.1360	0.0054	52.8750	74.8750	
0.0054	0.1360	0.0054	52.5000	74.9250	
0.0053	0.1359	0.0053	53.2000	75.0000	
0.0052	0.1361	0.0052	53.8750	74.9250	
0.0052	0.1360	0.0052	52.5500	74.9000	
0.0051	0.1359	0.0051	53.2000	75.0000	
0.0051	0.1360	0.0051	53.5000	75.0250	
0.0050	0.1359	0.0050	53.6250	74.9250	
0.0049	0.1359	0.0049	53.7250	74.8250	
0.0046	0.1359	0.0046	53.6750	74.9500	
0.0040	0.1361	0.0040	51.7250	74.5500	
0.0034	0.1360	0.0034	52.6250	74.4250	
0.0028	0.1360	0.0028	50.8000	74.3000	
0.0023	0.1361	0.0023	49.9250	74.4500	
0.0020	0.1362	0.0020	50.0000	74.3500	
0.0017	0.1363	0.0017	50.5750	74.4000	
0.0015	0.1364	0.0015	52.7500	74.4500	
0.0013	0.1366	0.0013	52.2000	74.3500	
0.0012	0.1363	0.0012	54.4750	74.3750	
0.0011	0.1365	0.0011	54.6000	74.5750	
0.0011	0.1365	0.0011	55.8250	74.3500	
0.0010	0.1365	0.0010	55.2500	74.3750	
0.0009	0.1366	0.0009	55.1000	74.4500	
0.0009	0.1366	0.0009	56.6250	74.4000	
0.0008	0.1366	0.0008	56.3500	74.4500	
0.0008	0.1367	0.0008	55.8000	74.4500	
0.0008	0.1367	0.0008	56.7000	74.4000	
0.0007	0.1367	0.0007	56.4000	74.5500	
0.0007	0.1368	0.0007	56.1000	74.4000	
0.0007	0.1368	0.0007	55.4250	74.5250	
0.0007	0.1367	0.0007	56.2000	74.5000	
0.0006	0.1368	0.0006	56.2000	74.5000	
0.0006	0.1367	0.0006	55.8250	74.5000	
0.0006	0.1368	0.0006	55.5500	74.4750	
0.0006	0.1368	0.0006	56.5750	74.5000	
0.0006	0.1368	0.0006	55.1000	74.6000	
0.0006	0.1368	0.0006	56.0250	74.5750	
0.0006	0.1368	0.0006	56.2750	74.5500	
0.0005	0.1368	0.0005	55.4750	74.5500	
0.0005	0.1368	0.0005	55.1250	74.6250	
0.0005	0.1368	0.0005	55.3000	74.5500	
0.0005	0.1369	0.0005	56.4250	74.5000	
0.0005	0.1368	0.0005	54.7000	74.5250	
0.0005	0.1369	0.0005	55.6000	74.7000	
0.0005	0.1369	0.0005	55.7000	74.6250	
0.0005	0.1370	0.0005	54.4250	74.6250	
0.0005	0.1369	0.0005	56.3000	74.5750	
0.0005	0.1370	0.0005	55.1250	74.6250	
0.0004	0.1369	0.0004	55.9750	74.5750	
0.0004	0.1369	0.0004	55.5000	74.5000	
0.0004	0.1369	0.0004	55.2000	74.6750	
0.0004	0.1369	0.0004	55.1500	74.6000	
0.0004	0.1369	0.0004	55.2000	74.7000	
0.0004	0.1369	0.0004	55.1000	74.6250	
0.0004	0.1369	0.0004	56.0750	74.5750	
0.0004	0.1369	0.0004	54.4750	74.7750	
0.0004	0.1370	0.0004	55.2500	74.7750	
0.0004	0.1370	0.0004	55.2750	74.7000	
0.0004	0.1370	0.0004	56.0000	74.6500	
0.0004	0.1369	0.0004	54.8000	74.6750	
0.0004	0.1369	0.0004	55.4750	74.7250	
0.0004	0.1370	0.0004	54.2500	74.7500	
0.0004	0.1369	0.0004	55.0250	74.6500	
0.0004	0.1369	0.0004	55.4000	74.7250	
0.0004	0.1369	0.0004	54.1750	74.7250	
0.0004	0.1370	0.0004	55.4500	74.7500	
0.0004	0.1369	0.0004	55.2000	74.7250	
0.0004	0.1370	0.0004	55.7000	74.7000	
0.0004	0.1370	0.0004	54.7750	74.7500	
0.0004	0.1369	0.0004	55.1500	74.7500	
0.0004	0.1370	0.0004	54.8750	74.8000	
0.0003	0.1370	0.0003	54.2500	74.6750	
0.0004	0.1369	0.0004	55.6750	74.7750	
0.0003	0.1369	0.0003	55.1250	74.7250	
0.0003	0.1369	0.0003	54.5500	74.7250	
0.0003	0.1369	0.0003	55.5750	74.8500	
0.0003	0.1370	0.0003	54.7750	74.8000	
0.0003	0.1369	0.0003	55.4250	74.7250	
0.0003	0.1369	0.0003	55.2250	74.7500	
0.0003	0.1369	0.0003	55.4500	74.8000	
0.0003	0.1371	0.0003	54.6250	74.7750	
0.0003	0.1371	0.0003	56.4500	74.7250	
0.0003	0.1369	0.0003	55.4750	74.7250	
0.0003	0.1370	0.0003	54.5000	74.7250	
0.0003	0.1369	0.0003	55.5250	74.8000	
0.0003	0.1370	0.0003	55.7500	74.7250	
0.0003	0.1369	0.0003	55.2000	74.7500	
0.0003	0.1369	0.0003	54.8000	74.7500	
0.0003	0.1370	0.0003	55.6250	74.7750	
0.0003	0.1369	0.0003	55.1250	74.6750	
0.0003	0.1369	0.0003	55.6250	74.7250	
0.0003	0.1369	0.0003	55.1750	74.7500	
0.0003	0.1369	0.0003	55.1250	74.7500	
0.0003	0.1369	0.0003	55.6250	74.6750	
0.0003	0.1370	0.0003	54.8500	74.7750	
0.0003	0.1370	0.0003	55.2750	74.6750	
0.0003	0.1370	0.0003	55.7750	74.7250	
0.0003	0.1369	0.0003	55.2000	74.7000	
0.0003	0.1370	0.0003	55.3000	74.6750	
0.0003	0.1369	0.0003	55.7000	74.7750	
0.0003	0.1369	0.0003	55.1000	74.6500	
0.0003	0.1370	0.0003	55.1750	74.7750	
0.0003	0.1369	0.0003	56.0750	74.8750	
0.0003	0.1372	0.0003	54.3250	74.7500	
0.0003	0.1369	0.0003	55.2750	74.7750	
0.0003	0.1370	0.0003	56.3000	74.7000	
0.0003	0.1369	0.0003	55.4000	74.7250	
0.0003	0.1369	0.0003	55.5250	74.7500	
0.0003	0.1369	0.0003	54.7750	74.7750	
0.0003	0.1369	0.0003	55.4250	74.7750	
0.0003	0.1369	0.0003	55.6750	74.6250	
0.0003	0.1369	0.0003	55.4000	74.8250	
0.0003	0.1369	0.0003	55.1000	74.7750	
0.0003	0.1370	0.0003	55.7500	74.7500	
0.0003	0.1370	0.0003	55.0750	74.7250	
0.0003	0.1369	0.0003	54.9750	74.8000	
0.0003	0.1371	0.0003	56.3750	74.8000	
0.0003	0.1369	0.0003	55.6000	74.7500	
0.0003	0.1370	0.0003	54.9250	74.7500	
0.0002	0.1369	0.0002	55.8750	74.7500	
0.0002	0.1369	0.0002	55.8000	74.7250	
0.0003	0.1369	0.0003	55.4250	74.6750	
0.0003	0.1371	0.0003	54.6750	74.7250	
0.0002	0.1368	0.0002	55.6500	74.8000	
0.0002	0.1369	0.0002	56.2750	74.7250	
0.0002	0.1369	0.0002	55.0000	74.6750	
0.0002	0.1369	0.0002	55.8750	74.7000	
0.0002	0.1369	0.0002	55.6500	74.6750	
0.0002	0.1369	0.0002	55.2250	74.6250	
0.0002	0.1369	0.0002	55.2250	74.8000	
0.0002	0.1369	0.0002	55.5250	74.7250	
0.0002	0.1369	0.0002	55.6750	74.8250	
0.0002	0.1370	0.0002	54.7750	74.7500	
0.0002	0.1369	0.0002	56.0750	74.7500	
0.0002	0.1369	0.0002	55.4250	74.6000	
0.0002	0.1370	0.0002	55.6750	74.7500	
0.0002	0.1368	0.0002	55.3250	74.8000	
0.0002	0.1369	0.0002	54.9250	74.7500	
0.0002	0.1369	0.0002	55.9250	74.6750	
0.0002	0.1368	0.0002	55.7000	74.6750	
0.0002	0.1368	0.0002	55.4750	74.7500	
0.0002	0.1368	0.0002	55.5750	74.7000	
0.0002	0.1368	0.0002	55.3750	74.6500	
0.0002	0.1368	0.0002	55.4250	74.7500	
0.0002	0.1368	0.0002	55.5500	74.6250	
0.0002	0.1368	0.0002	55.3250	74.7250	
0.0002	0.1368	0.0002	55.5750	74.6750	
0.0002	0.1368	0.0002	55.3500	74.6500	
0.0002	0.1368	0.0002	55.5500	74.7750	
0.0002	0.1369	0.0002	55.1750	74.6500	
0.0002	0.1368	0.0002	55.0750	74.8250	
0.0002	0.1369	0.0002	55.6750	74.6000	
0.0002	0.1368	0.0002	55.0500	74.6750	
0.0002	0.1368	0.0002	55.6500	74.6750	
0.0002	0.1368	0.0002	55.7000	74.6750	
0.0002	0.1368	0.0002	55.3000	74.7000	
0.0002	0.1368	0.0002	55.5500	74.5750	
0.0002	0.1369	0.0002	55.2000	74.6250	
0.0002	0.1368	0.0002	55.5750	74.6500	
0.0002	0.1369	0.0002	55.2250	74.6750	
0.0002	0.1368	0.0002	55.8250	74.5750	
0.0002	0.1368	0.0002	55.3000	74.6250	
0.0002	0.1368	0.0002	55.2250	74.6750	
0.0002	0.1368	0.0002	55.5250	74.6750	
0.0002	0.1368	0.0002	55.0500	74.6750	
0.0002	0.1368	0.0002	55.6250	74.6500	
0.0002	0.1368	0.0002	55.3500	74.6000	
0.0002	0.1369	0.0002	55.8250	74.7500	
0.0002	0.1368	0.0002	55.1750	74.6250	
0.0002	0.1368	0.0002	55.3250	74.6750	
0.0002	0.1368	0.0002	55.5500	74.7000	
0.0002	0.1368	0.0002	55.3000	74.6500	
0.0002	0.1368	0.0002	55.5750	74.7000	
0.0002	0.1367	0.0002	55.5250	74.6750	
0.0002	0.1368	0.0002	55.6250	74.7000	
0.0002	0.1368	0.0002	55.4250	74.6500	
0.0002	0.1367	0.0002	55.5250	74.7000	
0.0002	0.1368	0.0002	55.3750	74.6250	
0.0002	0.1368	0.0002	55.5750	74.7000	
0.0002	0.1368	0.0002	55.5750	74.7750	
0.0002	0.1367	0.0002	55.2000	74.6750	
0.0002	0.1368	0.0002	56.0500	74.7750	
0.0002	0.1367	0.0002	55.4750	74.6750	
0.0002	0.1368	0.0002	55.5250	74.6000	
0.0002	0.1367	0.0002	55.6500	74.5750	
0.0002	0.1368	0.0002	55.5250	74.7750	
0.0002	0.1368	0.0002	55.3500	74.7250	
0.0002	0.1368	0.0002	55.1750	74.8250	
0.0002	0.1367	0.0002	55.8750	74.7750	
0.0002	0.1368	0.0002	56.0750	74.6500	
0.0002	0.1369	0.0002	54.8750	74.7500	
0.0002	0.1367	0.0002	55.5250	74.6250	
0.0002	0.1368	0.0002	56.3750	74.6000	
0.0002	0.1367	0.0002	54.9000	74.7500	
0.0002	0.1367	0.0002	54.9750	74.7750	
0.0002	0.1368	0.0002	55.6500	74.7500	
0.0002	0.1367	0.0002	55.2250	74.7000	
0.0002	0.1368	0.0002	55.8000	74.6250	
0.0002	0.1367	0.0002	54.9750	74.7500	
0.0002	0.1367	0.0002	56.2250	74.7000	
0.0002	0.1367	0.0002	55.1750	74.6000	
0.0002	0.1367	0.0002	55.2250	74.7250	
0.0002	0.1367	0.0002	55.8500	74.6750	
0.0002	0.1367	0.0002	55.3750	74.7250	
0.0002	0.1367	0.0002	55.1500	74.7250	
0.0002	0.1367	0.0002	55.7500	74.6500	
0.0002	0.1367	0.0002	55.5250	74.8250	
0.0002	0.1366	0.0002	55.5000	74.7250	
0.0002	0.1368	0.0002	56.1750	74.7250	
0.0002	0.1368	0.0002	55.3000	74.8000	
0.0002	0.1367	0.0002	55.2750	74.7500	
0.0002	0.1367	0.0002	55.7500	74.6000	
0.0002	0.1367	0.0002	55.3750	74.6750	
0.0002	0.1367	0.0002	55.4250	74.6750	
0.0002	0.1367	0.0002	55.5000	74.7500	
0.0002	0.1367	0.0002	55.7500	74.7250	
0.0002	0.1367	0.0002	55.3750	74.6500	
0.0002	0.1367	0.0002	55.8250	74.7000	
0.0002	0.1367	0.0002	54.9250	74.7500	
0.0002	0.1366	0.0002	55.6250	74.7000	
0.0002	0.1366	0.0002	55.8750	74.6250	
0.0002	0.1367	0.0002	55.5000	74.7000	
0.0002	0.1367	0.0002	55.8000	74.6500	
0.0002	0.1367	0.0002	55.3750	74.7250	
0.0002	0.1366	0.0002	55.3750	74.7500	
0.0002	0.1366	0.0002	55.7000	74.6750	
0.0002	0.1366	0.0002	55.5000	74.7250	
0.0002	0.1366	0.0002	55.2250	74.6500	
0.0002	0.1366	0.0002	55.9750	74.7500	
0.0002	0.1366	0.0002	55.6250	74.6750	
0.0002	0.1367	0.0002	55.6750	74.7250	
0.0002	0.1368	0.0002	54.8000	74.6000	
0.0002	0.1367	0.0002	55.8500	74.6250	
0.0002	0.1367	0.0002	55.8750	74.7250	
0.0002	0.1366	0.0002	54.8750	74.7750	
0.0002	0.1367	0.0002	55.4750	74.6750	
0.0002	0.1367	0.0002	55.4250	74.7250	
0.0002	0.1366	0.0002	55.2750	74.6750	
0.0002	0.1366	0.0002	55.7250	74.6750	
0.0002	0.1367	0.0002	55.8750	74.7750	
0.0002	0.1366	0.0002	55.1750	74.7500	
0.0002	0.1366	0.0002	55.1500	74.7250	
0.0002	0.1367	0.0002	56.1000	74.7500	
0.0002	0.1366	0.0002	55.1000	74.7750	
0.0002	0.1366	0.0002	55.3500	74.6750	
0.0002	0.1368	0.0002	54.6500	74.8000	
0.0002	0.1370	0.0002	57.0750	74.7500	
0.0002	0.1368	0.0002	55.2500	74.8500	
0.0002	0.1367	0.0002	55.1500	74.7000	
0.0002	0.1366	0.0002	56.0500	74.7000	
0.0002	0.1366	0.0002	55.2500	74.6500	
0.0002	0.1366	0.0002	55.4500	74.7750	
0.0002	0.1366	0.0002	55.8750	74.7000	
0.0002	0.1366	0.0002	54.9500	74.6750	
0.0002	0.1366	0.0002	55.2750	74.8000	
0.0002	0.1366	0.0002	55.9250	74.6750	
0.0002	0.1366	0.0002	55.5500	74.8500	
0.0002	0.1367	0.0002	55.3250	74.6500	
0.0002	0.1366	0.0002	56.0250	74.6500	
0.0002	0.1366	0.0002	55.2750	74.6500	
0.0002	0.1366	0.0002	55.8000	74.8000	
0.0002	0.1366	0.0002	55.9250	74.8250	
0.0002	0.1366	0.0002	55.1750	74.8750	
0.0002	0.1366	0.0002	55.6500	74.7500	
0.0002	0.1367	0.0002	56.0250	74.8500	
0.0002	0.1366	0.0002	54.9250	74.6750	
0.0002	0.1366	0.0002	55.4750	74.7000	
0.0002	0.1366	0.0002	55.9500	74.8000	
0.0002	0.1366	0.0002	55.1250	74.8000	
0.0002	0.1366	0.0002	55.4750	74.6750	
0.0002	0.1366	0.0002	55.2750	74.8250	
0.0002	0.1366	0.0002	56.2500	74.7250	
0.0002	0.1366	0.0002	55.6750	74.8250	
0.0002	0.1366	0.0002	55.2250	74.8500	
0.0002	0.1367	0.0002	54.9750	74.8250	
0.0002	0.1365	0.0002	55.6000	74.7750	
0.0002	0.1365	0.0002	55.8000	74.7500	
0.0002	0.1366	0.0002	55.5000	74.8500	
0.0002	0.1366	0.0002	55.5500	74.7750	
0.0002	0.1366	0.0002	55.1750	74.7750	
0.0002	0.1366	0.0002	55.4250	74.8000	
0.0002	0.1366	0.0002	55.9250	74.7750	
0.0002	0.1366	0.0002	54.9250	74.8250	
0.0002	0.1366	0.0002	55.8250	74.7750	
0.0002	0.1365	0.0002	55.2500	74.7750	
0.0002	0.1366	0.0002	55.1250	74.7750	
0.0002	0.1366	0.0002	56.1750	74.7500	
0.0002	0.1366	0.0002	54.9750	74.7000	
0.0002	0.1365	0.0002	55.2250	74.8000	
0.0002	0.1365	0.0002	55.4250	74.8000	
0.0002	0.1365	0.0002	55.4250	74.7500	
0.0002	0.1365	0.0002	55.5750	74.7750	
0.0002	0.1367	0.0002	55.2000	74.7250	
0.0002	0.1368	0.0002	56.2000	74.8000	
0.0002	0.1365	0.0002	55.3750	74.9000	
0.0002	0.1367	0.0002	54.5250	74.7750	
0.0002	0.1366	0.0002	56.1500	74.7750	
0.0002	0.1365	0.0002	55.9750	74.8500	
0.0002	0.1365	0.0002	55.2250	74.8000	
0.0002	0.1367	0.0002	56.0500	74.8500	
0.0002	0.1366	0.0002	55.2250	74.7250	
0.0002	0.1366	0.0002	55.5000	74.8250	
0.0002	0.1365	0.0002	55.4250	74.9750	
0.0002	0.1366	0.0002	55.1250	74.8250	
0.0002	0.1366	0.0002	55.8500	74.8500	
0.0002	0.1366	0.0002	55.4000	74.8250	
0.0002	0.1367	0.0002	55.3500	74.8000	
0.0002	0.1366	0.0002	55.3250	74.8750	
0.0002	0.1366	0.0002	55.2750	74.7750	
0.0002	0.1366	0.0002	56.0500	74.9250	
0.0001	0.1366	0.0001	55.6000	74.9000	
0.0001	0.1366	0.0001	55.8750	74.9750	
0.0001	0.1367	0.0001	55.4250	74.9500	
0.0001	0.1367	0.0001	56.3250	74.9250	
0.0001	0.1368	0.0001	55.2000	74.9750	
0.0001	0.1367	0.0001	56.0000	74.8500	
0.0001	0.1366	0.0001	56.3750	74.9750	
0.0001	0.1367	0.0001	54.9250	74.9750	
0.0001	0.1366	0.0001	55.7250	74.9500	
0.0001	0.1367	0.0001	56.7500	74.9750	
0.0001	0.1367	0.0001	55.0500	74.9750	
0.0001	0.1368	0.0001	56.4000	74.9250	
0.0002	0.1366	0.0002	56.0000	74.9500	
0.0001	0.1366	0.0001	55.4250	74.9750	
0.0001	0.1366	0.0001	55.4750	74.8750	
0.0001	0.1366	0.0001	56.2750	74.8250	
0.0001	0.1366	0.0001	55.9500	74.8250	
0.0001	0.1366	0.0001	55.8500	74.8750	
0.0001	0.1366	0.0001	55.5750	74.8750	
0.0001	0.1369	0.0001	55.1500	74.9250	
0.0001	0.1368	0.0001	56.3000	74.9000	
0.0001	0.1367	0.0001	55.6750	74.9750	
0.0001	0.1366	0.0001	54.9750	74.8750	
0.0001	0.1366	0.0001	55.6000	74.9500	
0.0001	0.1366	0.0001	55.7000	74.9500	
0.0001	0.1366	0.0001	55.8000	74.9500	
0.0001	0.1366	0.0001	55.5250	74.8750	
0.0001	0.1366	0.0001	56.1000	74.9250	
0.0002	0.1366	0.0002	55.2750	74.9000	
0.0001	0.1365	0.0001	55.4500	74.9250	
0.0001	0.1365	0.0001	55.5250	74.9750	
0.0001	0.1366	0.0001	55.1000	75.0000	
0.0001	0.1365	0.0001	55.8750	74.9750	
0.0001	0.1366	0.0001	55.8500	74.9500	
0.0001	0.1366	0.0001	55.7500	75.0500	
0.0001	0.1365	0.0001	55.3000	74.7500	
0.0001	0.1365	0.0001	55.7750	74.8750	
0.0001	0.1366	0.0001	55.5500	74.9500	
0.0001	0.1366	0.0001	56.2750	74.8750	
0.0001	0.1365	0.0001	55.5750	74.9750	
0.0001	0.1366	0.0001	55.1750	74.8750	
0.0001	0.1366	0.0001	55.6250	74.9000	
0.0001	0.1366	0.0001	56.3750	75.0500	
0.0001	0.1365	0.0001	55.4500	74.9750	
0.0001	0.1366	0.0001	54.8500	74.9750	
0.0001	0.1365	0.0001	55.7750	74.9250	
0.0001	0.1365	0.0001	56.0250	74.8750	
0.0001	0.1366	0.0001	55.9250	74.8500	
0.0001	0.1365	0.0001	55.0000	74.9000	
0.0001	0.1365	0.0001	55.4000	74.9250	
0.0001	0.1365	0.0001	55.4500	74.8750	
0.0001	0.1366	0.0001	55.8250	74.8250	
0.0001	0.1366	0.0001	55.6250	74.8500	
0.0001	0.1365	0.0001	55.2000	74.9250	
0.0001	0.1366	0.0001	55.2500	74.9750	
0.0001	0.1367	0.0001	56.2250	74.9000	
0.0002	0.1369	0.0002	54.4500	74.9250	
0.0001	0.1365	0.0001	55.4000	74.9250	
0.0001	0.1366	0.0001	55.8000	74.9250	
0.0002	0.1365	0.0002	55.8250	74.9250	
0.0001	0.1365	0.0001	55.8750	75.0000	
0.0001	0.1365	0.0001	55.4250	74.8750	
0.0002	0.1365	0.0002	55.2250	74.8250	
0.0002	0.1365	0.0002	55.6750	75.0000	
0.0002	0.1365	0.0002	55.0250	74.9250	
0.0001	0.1365	0.0001	55.3750	74.8500	
0.0001	0.1365	0.0001	55.5000	74.9500	
0.0001	0.1365	0.0001	55.0750	74.9000	
0.0001	0.1365	0.0001	55.9500	74.9750	
0.0001	0.1365	0.0001	55.8000	74.9000	
0.0001	0.1365	0.0001	55.7250	74.9250	
0.0001	0.1366	0.0001	55.0500	74.9250	
0.0001	0.1365	0.0001	55.1000	74.9250	
0.0001	0.1365	0.0001	55.7000	74.9500	
0.0001	0.1365	0.0001	55.3000	74.9000	
0.0001	0.1365	0.0001	55.8000	74.8000	
0.0001	0.1365	0.0001	55.8250	74.7500	
0.0001	0.1364	0.0001	55.5250	74.9500	
0.0001	0.1365	0.0001	55.3000	74.9250	
0.0001	0.1365	0.0001	55.3250	74.8250	
0.0001	0.1365	0.0001	55.0000	74.9250	
0.0001	0.1366	0.0001	56.2500	74.8750	
0.0001	0.1364	0.0001	55.5000	74.9250	
0.0001	0.1365	0.0001	55.0750	74.9000	
0.0001	0.1365	0.0001	55.4500	74.9000	
0.0001	0.1365	0.0001	55.8000	74.9750	
0.0001	0.1364	0.0001	55.6500	74.9250	
0.0001	0.1364	0.0001	55.4750	74.9750	
0.0001	0.1365	0.0001	55.3750	74.9500	
0.0001	0.1364	0.0001	55.8000	75.0000	
0.0001	0.1365	0.0001	55.2500	75.0000	
0.0001	0.1365	0.0001	55.8000	74.7750	
0.0001	0.1365	0.0001	55.1250	74.9500	
0.0001	0.1365	0.0001	55.6500	74.9750	
0.0001	0.1366	0.0001	55.4250	74.9500	
0.0001	0.1365	0.0001	55.4250	74.9250	
0.0001	0.1365	0.0001	55.6250	74.9000	
0.0001	0.1365	0.0001	55.0000	74.9250	
0.0001	0.1365	0.0001	55.6750	74.8000	
0.0001	0.1364	0.0001	55.9000	74.9750	
0.0001	0.1364	0.0001	55.5000	74.9250	
0.0001	0.1365	0.0001	55.2250	74.9750	
0.0002	0.1364	0.0002	55.6250	74.9250	
0.0001	0.1364	0.0001	55.4500	74.9250	
0.0001	0.1364	0.0001	55.8750	74.9000	
0.0001	0.1364	0.0001	55.5250	74.9750	
0.0001	0.1364	0.0001	55.5500	74.8750	
0.0001	0.1364	0.0001	55.3500	75.0000	
0.0001	0.1364	0.0001	55.6000	74.9500	
0.0001	0.1365	0.0001	55.0500	74.9250	
0.0001	0.1364	0.0001	55.0500	74.9250	
0.0001	0.1364	0.0001	55.6500	74.9750	
0.0001	0.1364	0.0001	55.1250	74.9250	
0.0001	0.1364	0.0001	55.2500	74.8750	
0.0001	0.1365	0.0001	55.9500	74.9750	
0.0001	0.1364	0.0001	55.4000	74.8500	
0.0001	0.1365	0.0001	55.0000	74.7250	
0.0001	0.1364	0.0001	55.7500	74.8000	
0.0001	0.1364	0.0001	55.2250	74.7750	
0.0001	0.1364	0.0001	55.7500	74.8500	
0.0001	0.1365	0.0001	55.5500	74.9250	
0.0001	0.1364	0.0001	55.3250	74.9250	
0.0001	0.1364	0.0001	55.6500	74.9250	
0.0001	0.1364	0.0001	55.7500	74.8500	
0.0001	0.1364	0.0001	55.4000	74.9250	
0.0001	0.1364	0.0001	55.0500	74.9500	
0.0001	0.1364	0.0001	55.4500	74.8500	
0.0001	0.1364	0.0001	55.5500	74.8750	
0.0001	0.1366	0.0001	54.8500	74.9250	
0.0001	0.1363	0.0001	55.2750	74.9250	
0.0001	0.1364	0.0001	56.1500	74.8750	
0.0001	0.1364	0.0001	55.1250	74.7750	
0.0001	0.1364	0.0001	55.0750	74.8500	
0.0001	0.1367	0.0001	56.3250	74.9500	
0.0001	0.1364	0.0001	54.7500	74.8000	
0.0001	0.1365	0.0001	55.8250	74.9000	
0.0001	0.1364	0.0001	55.4750	74.9250	
0.0001	0.1364	0.0001	55.0750	74.9500	
0.0001	0.1364	0.0001	55.7500	74.9500	
0.0001	0.1363	0.0001	55.3250	74.9000	
0.0001	0.1364	0.0001	55.2250	74.8750	
0.0001	0.1364	0.0001	55.3500	74.9000	
0.0001	0.1364	0.0001	55.5000	74.8750	
0.0001	0.1364	0.0001	54.9750	74.8750	
0.0001	0.1366	0.0001	56.2250	74.9250	
0.0001	0.1364	0.0001	55.2250	74.8750	
0.0001	0.1364	0.0001	55.2750	74.8750	
0.0001	0.1364	0.0001	55.4750	74.9500	
0.0001	0.1364	0.0001	55.5250	74.9000	
0.0001	0.1364	0.0001	55.0750	74.8500	
0.0001	0.1365	0.0001	54.8000	74.8000	
0.0001	0.1363	0.0001	55.2500	74.9750	
0.0001	0.1364	0.0001	56.2000	74.8750	
0.0001	0.1364	0.0001	55.9000	74.7750	
0.0001	0.1364	0.0001	55.0500	74.8750	
0.0001	0.1363	0.0001	54.9250	74.8250	
0.0001	0.1364	0.0001	55.6500	74.8250	
0.0001	0.1363	0.0001	55.7500	74.8750	
0.0001	0.1363	0.0001	55.7000	74.8250	
0.0001	0.1363	0.0001	55.4500	74.8750	
0.0001	0.1364	0.0001	55.4500	74.8750	
0.0001	0.1363	0.0001	55.3500	74.8000	
0.0001	0.1363	0.0001	55.1250	74.7500	
0.0001	0.1364	0.0001	55.9500	74.8750	
0.0001	0.1363	0.0001	55.4500	74.7500	
0.0001	0.1363	0.0001	55.0250	74.8250	
0.0001	0.1363	0.0001	55.7000	74.8750	
0.0001	0.1364	0.0001	55.3250	74.8750	
0.0001	0.1364	0.0001	55.3750	74.9750	
0.0001	0.1363	0.0001	55.3250	74.8250	
0.0001	0.1363	0.0001	55.5750	74.9250	
0.0001	0.1363	0.0001	55.0250	74.8500	
0.0001	0.1363	0.0001	55.2250	74.8750	
0.0001	0.1363	0.0001	55.5500	74.8750	
0.0001	0.1363	0.0001	55.3500	74.9750	
0.0001	0.1363	0.0001	55.3750	74.9500	
0.0001	0.1364	0.0001	55.8250	74.7750	
0.0001	0.1363	0.0001	55.3500	74.9000	
0.0001	0.1364	0.0001	55.4250	74.9000	
0.0001	0.1364	0.0001	55.6250	74.8750	
0.0001	0.1363	0.0001	55.3250	74.8250	
0.0001	0.1363	0.0001	55.6750	74.8500	
0.0001	0.1363	0.0001	55.6000	74.9250	
0.0001	0.1363	0.0001	55.1500	74.8500	
0.0001	0.1365	0.0001	55.5750	74.8750	
0.0001	0.1363	0.0001	55.2000	74.8250	
0.0001	0.1364	0.0001	55.4500	75.0000	
0.0001	0.1363	0.0001	55.5250	74.8750	
0.0001	0.1363	0.0001	55.5250	74.8750	
0.0001	0.1363	0.0001	55.1750	74.9250	
0.0001	0.1364	0.0001	55.8500	74.8750	
0.0001	0.1364	0.0001	55.0500	74.8000	
0.0001	0.1363	0.0001	55.7750	74.8750	
0.0001	0.1364	0.0001	55.5500	74.9000	
0.0001	0.1364	0.0001	55.6250	74.8500	
0.0001	0.1363	0.0001	55.7500	74.8250	
0.0001	0.1363	0.0001	55.4500	74.7500	
0.0001	0.1363	0.0001	55.2000	74.8500	
0.0001	0.1363	0.0001	54.9500	74.8750	
0.0001	0.1366	0.0001	56.0750	74.8500	
0.0001	0.1363	0.0001	55.5500	74.9500	
0.0001	0.1363	0.0001	54.7500	74.8500	
0.0001	0.1363	0.0001	55.7750	74.9250	
0.0001	0.1363	0.0001	55.9500	74.8750	
0.0001	0.1363	0.0001	55.3750	74.9750	
0.0001	0.1363	0.0001	55.5750	74.8750	
0.0001	0.1363	0.0001	55.8500	74.9000	
0.0001	0.1363	0.0001	55.1000	74.8750	
0.0001	0.1363	0.0001	55.3000	74.9000	
0.0001	0.1363	0.0001	55.4000	74.9000	
0.0001	0.1363	0.0001	55.4250	74.8000	
0.0001	0.1363	0.0001	55.1250	74.8750	
0.0001	0.1363	0.0001	55.1500	74.8750	
0.0001	0.1363	0.0001	55.8250	74.8250	
0.0001	0.1363	0.0001	55.2000	74.8250	
0.0001	0.1363	0.0001	55.3000	74.9250	
0.0001	0.1362	0.0001	55.7000	74.8000	
0.0001	0.1363	0.0001	55.1750	74.8500	
0.0001	0.1363	0.0001	55.3250	74.9750	
0.3763	50.0000	0.4715	50.0000	
0.3558	50.0000	0.4539	50.0000	
0.3365	50.0000	0.4361	50.0000	
0.3175	50.0000	0.4189	50.0000	
0.3005	50.0000	0.4020	50.0000	
0.2847	50.0000	0.3855	50.0000	
0.2717	50.0000	0.3694	50.0000	
0.2608	49.9500	0.3542	50.0500	
0.2526	50.2000	0.3403	57.0500	
0.2468	49.8750	0.3279	87.4500	
0.2430	50.1750	0.3171	98.2750	
0.2396	48.0500	0.3087	97.0750	
0.2370	37.2000	0.3019	91.1000	
0.2345	29.2000	0.2970	82.9750	
0.2319	26.6250	0.2929	76.9000	
0.2292	25.6750	0.2896	74.0250	
0.2265	25.1500	0.2867	73.0750	
0.2237	25.0750	0.2839	73.3500	
0.2208	24.9750	0.2812	73.8250	
0.2180	24.9250	0.2783	75.0000	
0.2152	24.9000	0.2753	75.6250	
0.2121	25.1500	0.2722	76.0250	
0.2088	24.9750	0.2690	76.3250	
0.2051	25.1250	0.2656	76.3750	
0.2011	25.0500	0.2621	76.2000	
0.1968	25.0250	0.2585	75.6250	
0.1926	25.0500	0.2548	74.9000	
0.1885	25.0250	0.2509	74.1500	
0.1843	25.0750	0.2468	73.1500	
0.1803	25.0750	0.2424	72.0750	
0.1766	25.0750	0.2377	70.9000	
0.1732	25.2000	0.2328	70.0750	
0.1700	25.0750	0.2276	68.9000	
0.1670	25.2250	0.2221	68.0500	
0.1642	25.1250	0.2163	67.4000	
0.1617	25.1750	0.2102	66.7750	
0.1594	25.1250	0.2038	66.5250	
0.1573	25.1000	0.1973	66.3000	
0.1553	24.7750	0.1907	66.2500	
0.1536	24.8500	0.1840	66.1500	
0.1519	24.9250	0.1772	66.1250	
0.1504	25.0250	0.1702	66.2000	
0.1490	25.1250	0.1632	66.1000	
0.1478	25.3500	0.1561	65.9750	
0.1468	25.4000	0.1491	65.9250	
0.1458	25.4000	0.1422	66.1500	
0.1452	25.4000	0.1353	66.2000	
0.1445	25.5250	0.1275	65.9000	
0.1439	25.4750	0.1184	64.9250	
0.1435	25.3500	0.1090	63.8750	
0.1432	25.3750	0.1000	63.2000	
0.1430	25.3250	0.0913	62.7750	
0.1428	25.8000	0.0834	62.4750	
0.1425	25.3750	0.0762	62.0250	
0.1424	25.3500	0.0698	62.0750	
0.1423	25.6000	0.0642	62.1250	
0.1422	26.7250	0.0593	62.4000	
0.1421	26.6750	0.0549	62.6500	
0.1420	25.8000	0.0510	63.1000	
0.1419	26.1000	0.0475	63.7000	
0.1418	28.0250	0.0443	64.4500	
0.1417	29.1500	0.0414	65.3750	
0.1416	26.9250	0.0387	66.2750	
0.1415	26.7500	0.0363	67.0000	
0.1414	33.1500	0.0340	67.9500	
0.1414	31.8250	0.0319	68.6000	
0.1413	28.3000	0.0300	69.3000	
0.1412	27.8500	0.0283	69.9750	
0.1412	32.8250	0.0267	70.5000	
0.1411	34.2500	0.0252	70.9500	
0.1410	33.0500	0.0238	71.3500	
0.1410	31.3250	0.0225	71.8250	
0.1409	32.8000	0.0214	72.2750	
0.1409	33.0250	0.0203	72.4250	
0.1408	35.0250	0.0193	72.7000	
0.1407	34.2750	0.0183	73.0500	
0.1407	31.4500	0.0175	73.1750	
0.1406	32.6750	0.0167	73.5250	
0.1405	35.0000	0.0159	73.7750	
0.1404	34.0250	0.0152	74.0250	
0.1402	32.2000	0.0146	74.2500	
0.1400	34.1500	0.0140	74.4000	
0.1399	36.9750	0.0134	74.5000	
0.1398	39.5000	0.0129	74.6500	
0.1396	42.7500	0.0124	74.7250	
0.1394	45.5500	0.0119	74.7750	
0.1393	47.5000	0.0114	74.8500	
0.1392	48.7000	0.0110	74.8500	
0.1391	49.5000	0.0106	74.9250	
0.1391	50.2250	0.0102	75.0750	
0.1391	50.0500	0.0099	74.9750	
0.1389	49.6750	0.0095	75.1000	
0.1389	49.6000	0.0092	75.1000	
0.1388	49.3250	0.0089	75.0000	
0.1388	49.1250	0.0086	75.0500	
0.1387	48.7000	0.0083	75.0250	
0.1387	48.5250	0.0080	75.0500	
0.1386	48.1250	0.0078	75.0500	
0.1386	48.4250	0.0075	75.1000	
0.1385	47.9250	0.0073	75.1500	
0.1385	46.7250	0.0071	75.1500	
0.1384	48.0750	0.0069	75.1250	
0.1384	47.6750	0.0067	75.1500	
0.1383	47.4750	0.0065	75.1250	
0.1383	47.5750	0.0063	75.1250	
0.1381	47.1500	0.0061	75.1500	
0.1381	47.0500	0.0059	75.0750	
0.1382	47.8000	0.0057	75.1000	
0.1380	47.4500	0.0056	75.0750	
0.1380	46.6750	0.0054	75.0500	
0.1379	46.8000	0.0053	75.0750	
0.1379	46.9000	0.0051	75.0750	
0.1378	47.9750	0.0050	75.1000	
0.1378	48.3750	0.0049	75.1250	
0.1377	47.9250	0.0047	75.1500	
0.1377	48.2000	0.0046	75.0250	
0.1376	48.2250	0.0045	75.1000	
0.1376	48.4000	0.0044	75.1000	
0.1375	47.8250	0.0043	75.1250	
0.1376	48.6000	0.0041	75.0500	
0.1375	48.7750	0.0040	75.0750	
0.1375	48.4000	0.0039	75.0500	
0.1374	48.8500	0.0038	75.0000	
0.1374	48.4750	0.0037	75.0250	
0.1373	48.6750	0.0036	75.0250	
0.1372	48.2250	0.0035	74.9750	
0.1371	47.9250	0.0034	74.9750	
0.1370	47.2000	0.0033	75.0500	
0.1370	47.5000	0.0032	75.0000	
0.1369	47.0500	0.0031	75.0500	
0.1369	47.5500	0.0030	75.0500	
0.1369	48.2500	0.0029	75.0500	
0.1368	48.4500	0.0029	75.1000	
0.1367	47.9500	0.0028	75.1250	
0.1366	47.7750	0.0027	75.1500	
0.1366	48.0750	0.0026	75.1500	
0.1365	49.5000	0.0026	75.1750	
0.1365	49.0500	0.0025	75.2000	
0.1364	47.4250	0.0025	75.1000	
0.1364	46.4750	0.0024	75.1500	
0.1364	48.8750	0.0023	75.1500	
0.1363	48.6750	0.0023	75.1750	
0.1362	47.3500	0.0022	75.1250	
0.1362	47.5500	0.0022	75.1750	
0.1361	47.9750	0.0021	75.1500	
0.1360	48.1750	0.0021	74.9500	
0.1360	46.8750	0.0020	75.1250	
0.1360	48.7750	0.0020	75.1250	
0.1359	48.3750	0.0019	75.0250	
0.1358	46.5500	0.0019	75.0750	
0.1359	45.9000	0.0019	75.1000	
0.1357	49.8750	0.0017	75.1000	
0.1357	47.8750	0.0014	75.2250	
0.1357	45.1000	0.0010	75.2750	
0.1356	47.3750	0.0007	75.3250	
0.1356	49.9000	0.0005	75.0500	
0.1355	48.9750	0.0004	75.0000	
0.1355	43.0500	0.0003	75.0000	
0.1354	45.3750	0.0003	74.8500	
0.1354	49.4250	0.0003	74.9000	
0.1355	47.5000	0.0003	74.9250	
0.1354	49.7000	0.0003	74.8500	
0.1353	46.2500	0.0003	74.9500	
0.1352	43.9750	0.0002	74.9000	
0.1352	50.1500	0.0002	74.9250	
0.1352	52.3500	0.0002	74.9500	
0.1351	46.4000	0.0002	74.9000	
0.1350	47.1750	0.0002	74.9000	
0.1351	47.6750	0.0002	74.8750	
0.1351	51.0750	0.0002	74.8750	
0.1349	46.8500	0.0002	74.8750	
0.1349	47.8250	0.0002	74.9500	
0.1349	46.8000	0.0002	75.0000	
0.1349	46.3250	0.0002	74.8750	
0.1347	48.2500	0.0002	74.9500	
0.1348	47.9250	0.0002	74.9000	
0.1347	50.7000	0.0002	74.9000	
0.1347	47.0000	0.0002	74.9500	
0.1347	44.9250	0.0002	74.9500	
0.1348	53.0750	0.0002	74.9500	
0.1346	47.1750	0.0002	74.9000	
0.1346	46.2250	0.0002	74.9000	
0.1345	51.4250	0.0002	74.9500	
0.1346	46.3500	0.0002	74.8750	
0.1344	49.9000	0.0002	74.9750	
0.1345	48.1500	0.0002	74.9500	
0.1344	50.5250	0.0002	74.9000	
0.1343	49.5000	0.0002	74.8500	
0.1343	48.4750	0.0002	74.9250	
0.1343	48.2500	0.0002	74.9250	
0.1342	46.8500	0.0002	74.9250	
0.1342	46.5750	0.0002	74.8500	
0.1342	51.8000	0.0002	74.8500	
0.1342	42.9750	0.0002	74.9000	
0.1341	43.3750	0.0002	74.9000	
0.1341	50.5000	0.0002	74.8500	
0.1340	45.6000	0.0002	74.8250	
0.1340	45.5250	0.0002	74.8500	
0.1340	50.6000	0.0002	74.8750	
0.1340	45.9250	0.0002	74.9000	
0.1340	41.0500	0.0002	74.9000	
0.1339	47.3000	0.0002	74.8750	
0.1339	49.3250	0.0002	74.9000	
0.1339	49.2500	0.0002	74.9500	
0.1338	45.1000	0.0002	74.9250	
0.1338	43.9250	0.0002	75.0000	
0.1338	47.8500	0.0002	74.9000	
0.1338	51.8000	0.0002	74.9000	
0.1338	37.6250	0.0002	74.9250	
0.1338	47.6250	0.0002	74.9500	
0.1338	45.7250	0.0002	75.0000	
0.1337	48.6250	0.0002	74.9250	
0.1337	46.2250	0.0002	74.9250	
0.1336	46.1250	0.0002	75.0000	
0.1335	49.4500	0.0002	74.9000	
0.1335	46.2500	0.0002	74.9500	
0.1337	48.3750	0.0002	74.9500	
0.1336	40.0500	0.0002	74.9000	
0.1334	48.6000	0.0002	74.9250	
0.1335	50.9750	0.0002	74.8750	
0.1334	39.5000	0.0002	74.9000	
0.1334	43.8750	0.0002	74.9500	
0.1335	50.0500	0.0002	74.9000	
0.1334	42.7250	0.0002	74.9250	
0.1333	47.2750	0.0002	74.9500	
0.1334	51.2000	0.0002	74.9250	
0.1333	41.4250	0.0002	74.8750	
0.1333	43.8500	0.0002	74.9250	
0.1333	49.4750	0.0002	74.9000	
0.1332	48.2000	0.0002	74.9250	
0.1332	45.1500	0.0002	74.9750	
0.1334	39.9500	0.0002	74.9000	
0.1333	52.2250	0.0002	74.9000	
0.1331	42.3500	0.0002	74.9000	
0.1332	33.5500	0.0002	74.9000	
0.1332	50.5250	0.0002	74.9250	
0.1331	50.1250	0.0002	74.9250	
0.1333	36.6750	0.0002	74.9000	
0.1332	48.0500	0.0002	74.9000	
0.1331	45.1500	0.0002	74.9000	
0.1333	52.6000	0.0002	74.8750	
0.1331	38.1000	0.0002	74.9250	
0.1333	43.6000	0.0002	74.9500	
0.1331	45.1500	0.0002	74.9750	
0.1330	43.1250	0.0002	74.9750	
0.1330	52.8000	0.0002	74.9750	
0.1330	44.3250	0.0001	74.9000	
0.1330	39.5500	0.0001	74.9500	
0.1330	46.2750	0.0001	74.9500	
0.1330	41.7250	0.0001	75.0250	
0.1329	47.8750	0.0001	74.9500	
0.1329	49.6500	0.0001	75.0000	
0.1330	35.1750	0.0001	74.9500	
0.1330	50.8750	0.0001	74.9250	
0.1328	43.2750	0.0001	74.8750	
0.1329	36.6500	0.0001	74.9750	
0.1329	50.5250	0.0001	74.9250	
0.1329	44.1750	0.0001	74.9000	
0.1328	46.6500	0.0001	74.9750	
0.1328	47.1500	0.0001	74.9750	
0.1328	38.9500	0.0001	74.9500	
0.1328	45.5500	0.0001	74.9500	
0.1328	42.5750	0.0001	74.9250	
0.1327	50.2750	0.0001	74.8750	
0.1327	45.1250	0.0001	74.9750	
0.1327	44.7750	0.0001	74.9000	
0.1327	41.0500	0.0001	74.8500	
0.1327	45.7750	0.0001	75.0000	
0.1327	49.0500	0.0001	74.9000	
0.1327	39.5500	0.0001	74.9500	
0.1327	41.9500	0.0001	74.9750	
0.1329	50.6250	0.0001	74.9000	
0.1327	34.8500	0.0001	74.9750	
0.1326	44.2750	0.0001	74.9250	
0.1327	50.0000	0.0001	74.9250	
0.1326	41.7250	0.0001	74.9750	
0.1326	43.0000	0.0001	74.9500	
0.1326	43.0250	0.0001	74.9750	
0.1326	46.0250	0.0001	74.9250	
0.1325	47.5750	0.0001	74.9250	
0.1326	43.1500	0.0001	74.9250	
0.1325	47.2000	0.0001	74.9000	
0.1325	39.9000	0.0001	74.9500	
0.1325	45.2250	0.0001	74.9000	
0.1325	44.6500	0.0001	74.9500	
0.1325	46.7750	0.0001	74.9500	
0.1325	43.1500	0.0001	74.9500	
0.1325	46.3250	0.0001	74.9000	
0.1325	39.1750	0.0001	74.9750	
0.1325	48.2000	0.0001	74.9000	
0.1324	48.2500	0.0001	74.9500	
0.1324	39.6500	0.0001	74.8750	
0.1325	40.7750	0.0001	75.0000	
0.1324	44.4750	0.0001	74.9750	
0.1325	50.2500	0.0001	74.9500	
0.1324	38.1000	0.0001	74.9500	
0.1324	41.8000	0.0001	74.9500	
0.1324	47.7250	0.0001	74.9250	
0.1324	36.8250	0.0001	74.9750	
0.1325	45.7000	0.0001	74.9500	
0.1324	39.5750	0.0001	74.9250	
0.1324	48.3000	0.0001	74.9250	
0.1324	43.8750	0.0001	74.9250	
0.1324	40.8250	0.0001	74.9500	
0.1324	43.2250	0.0001	75.0000	
0.1325	36.2750	0.0001	74.9500	
0.1323	46.4750	0.0001	74.9750	
0.1325	45.5000	0.0001	74.9500	
0.1323	42.4750	0.0001	74.8250	
0.1323	40.8500	0.0001	75.0250	
0.1323	34.7000	0.0001	74.8750	
0.1322	50.2250	0.0001	74.9500	
0.1323	46.4000	0.0001	74.8750	
0.1322	38.8500	0.0001	74.8750	
0.1322	46.2250	0.0001	74.9000	
0.1323	48.3750	0.0001	74.9750	
0.1323	32.5750	0.0001	74.8750	
0.1322	46.8000	0.0001	74.9250	
0.1321	47.9000	0.0001	74.8750	
0.1323	38.5750	0.0001	74.9250	
0.1322	49.5500	0.0001	74.9500	
0.1322	40.5750	0.0001	74.9750	
0.1321	42.1250	0.0001	74.9250	
0.1321	48.1000	0.0001	74.9500	
0.1322	47.4500	0.0001	74.8750	
0.1322	34.6750	0.0001	74.9250	
0.1321	45.8500	0.0001	74.8500	
0.1321	48.1000	0.0001	74.9250	
0.1321	41.7500	0.0001	74.8750	
0.1321	44.4500	0.0001	74.9750	
0.1321	47.6000	0.0001	74.9000	
0.1321	41.7750	0.0001	74.9250	
0.1321	48.6000	0.0001	74.9000	
0.1321	42.0250	0.0001	74.9250	
0.1321	38.3000	0.0001	74.9500	
0.1321	47.5000	0.0001	74.9000	
0.1320	48.0000	0.0001	74.9750	
0.1320	47.1500	0.0001	74.9500	
0.1320	36.7500	0.0001	74.8750	
0.1320	45.7000	0.0001	74.9000	
0.1320	48.6750	0.0001	74.9000	
0.1321	48.5750	0.0001	74.9250	
0.1323	33.4250	0.0001	74.8750	
0.1323	48.1500	0.0001	74.8500	
0.1320	42.9500	0.0001	75.0000	
0.1320	40.6750	0.0001	74.9000	
0.1320	50.3250	0.0001	74.9000	
0.1319	47.2250	0.0001	74.8750	
0.1320	41.5000	0.0001	74.9000	
0.1320	45.5250	0.0001	74.8750	
0.1322	50.7750	0.0001	74.8750	
0.1319	39.8250	0.0001	74.9250	
0.1319	42.1750	0.0001	74.9000	
0.1319	48.7500	0.0001	74.8750	
0.1319	48.7250	0.0001	74.9000	
0.1319	47.3000	0.0001	74.8750	
0.1320	49.8750	0.0001	74.9250	
0.1319	37.0000	0.0001	74.9250	
0.1319	37.8000	0.0001	74.9000	
0.1320	49.8750	0.0001	74.9000	
0.1319	49.1000	0.0001	74.8750	
0.1319	36.6750	0.0001	74.8750	
0.1320	47.4000	0.0001	74.9250	
0.1319	42.4250	0.0001	74.9000	
0.1318	44.0750	0.0001	74.8500	
0.1318	49.7750	0.0001	74.9000	
0.1318	35.6000	0.0001	74.8750	
0.1319	42.8250	0.0001	74.9000	
0.1318	47.5000	0.0001	74.9750	
0.1318	47.3750	0.0001	74.8750	
0.1318	50.2500	0.0001	74.8750	
0.1318	43.0250	0.0001	74.8750	
0.1318	43.7500	0.0001	74.8750	
0.1319	50.1250	0.0001	74.9000	
0.1317	38.1000	0.0001	74.9250	
0.1318	43.2250	0.0001	74.9500	
0.1318	51.1750	0.0001	74.9000	
0.1317	39.3000	0.0001	74.9750	
0.1318	43.6000	0.0001	74.9000	
0.1318	49.9000	0.0001	74.9000	
0.1319	34.7500	0.0001	74.8750	
0.1317	47.0000	0.0001	74.8750	
0.1317	49.3500	0.0001	74.9000	
0.1317	43.6500	0.0001	74.9000	
0.1318	50.8750	0.0001	74.9000	
0.1316	43.4750	0.0001	74.8750	
0.1317	45.8500	0.0001	74.8500	
0.1317	50.4750	0.0001	74.9000	
0.1316	48.3250	0.0001	74.8750	
0.1316	45.6000	0.0001	74.8750	
0.1317	51.7250	0.0001	74.8750	
0.1317	47.9250	0.0001	74.8500	
0.1317	46.8250	0.0001	75.0000	
0.1316	50.0000	0.0001	74.9500	
0.1316	51.0250	0.0001	74.9500	
0.1316	50.1000	0.0001	74.9500	
0.1316	47.7250	0.0001	74.8500	
0.1316	50.6000	0.0001	74.9000	
0.1316	50.9000	0.0001	74.9500	
0.1316	45.1750	0.0001	74.9250	
0.1315	48.0250	0.0001	74.9250	
0.1317	51.6250	0.0001	74.9500	
0.1315	45.1000	0.0001	74.9500	
0.1316	44.4250	0.0001	74.8750	
0.1316	51.1250	0.0001	74.8750	
0.1315	48.3750	0.0001	74.9000	
0.1316	41.2500	0.0001	74.8250	
0.1316	51.3500	0.0001	74.9250	
0.1315	48.4000	0.0001	74.8750	
0.1316	51.1250	0.0001	74.9000	
0.1316	44.9250	0.0001	74.8500	
0.1315	51.3500	0.0001	74.9000	
0.1315	52.0500	0.0001	74.8500	
0.1316	40.7000	0.0001	74.9000	
0.1315	49.7750	0.0001	74.9000	
0.1315	51.4250	0.0001	74.8500	
0.1315	51.4500	0.0001	74.8750	
0.1315	49.7500	0.0001	74.8750	
0.1315	49.7250	0.0001	74.9000	
0.1315	47.5500	0.0001	74.9000	
0.1315	52.3750	0.0001	74.8500	
0.1315	49.6250	0.0001	74.9000	
0.1314	45.8750	0.0001	74.9250	
0.1316	52.1000	0.0001	74.9250	
0.1315	51.6000	0.0001	74.9000	
0.1317	37.3250	0.0001	74.8750	
0.1316	49.2000	0.0001	74.8500	
0.1315	48.8250	0.0001	74.9000	
0.1314	48.6250	0.0001	74.8250	
0.1317	52.1250	0.0001	74.9250	
0.1314	42.5250	0.0001	74.9000	
0.1315	43.2000	0.0001	74.8750	
0.1314	52.0000	0.0001	74.8250	
0.1314	48.2250	0.0001	74.9000	
0.1315	50.9500	0.0001	74.8500	
0.1315	47.8000	0.0001	74.9000	
0.1314	50.5500	0.0001	74.8500	
0.1315	51.0250	0.0001	74.8500	
0.1314	45.9500	0.0001	74.9250	
0.1315	52.5750	0.0001	74.8750	
0.1314	48.0500	0.0001	74.9250	
0.1314	47.1750	0.0001	74.9250	
0.1313	51.5500	0.0001	74.8750	
0.1313	51.6000	0.0001	74.9000	
0.1314	45.7000	0.0001	74.9000	
0.1313	51.7750	0.0001	74.8750	
0.1314	49.5500	0.0001	74.9500	
0.1314	50.2500	0.0001	74.9000	
0.1313	49.9500	0.0001	74.8500	
0.1314	49.6250	0.0001	74.9250	
0.1313	47.5750	0.0001	74.9000	
0.1315	47.0250	0.0001	74.9000	
0.1315	52.3000	0.0001	74.9250	
0.1315	43.0750	0.0001	74.9250	
0.1313	47.9500	0.0001	74.9000	
0.1314	50.8250	0.0001	74.9250	
0.1314	46.2750	0.0001	74.9250	
0.1313	50.5500	0.0001	74.9000	
0.1312	50.1250	0.0001	74.8500	
0.1313	51.6000	0.0001	74.8750	
0.1313	50.3000	0.0001	74.8750	
0.1313	50.3500	0.0001	74.8750	
0.1313	48.6750	0.0001	74.9000	
0.1313	46.0750	0.0001	74.8750	
0.1313	49.0750	0.0001	74.9000	
0.1313	52.8250	0.0001	74.9500	
0.1312	46.6750	0.0001	74.9250	
0.1313	47.6250	0.0001	74.8750	
0.1312	49.8000	0.0001	74.9000	
0.1312	50.6250	0.0001	74.9000	
0.1314	46.7500	0.0001	74.8500	
0.1314	51.7750	0.0001	74.9000	
0.1313	45.6750	0.0001	74.9000	
0.1313	48.0750	0.0001	74.8500	
0.1312	49.4250	0.0001	74.9000	
0.1312	48.8250	0.0001	74.9500	
0.1314	53.0000	0.0001	74.8750	
0.1315	46.0500	0.0001	74.9000	
0.1312	50.9750	0.0001	74.8250	
0.1312	49.8250	0.0001	74.9000	
0.1312	43.5500	0.0001	74.8750	
0.1313	51.6000	0.0001	74.9000	
0.1312	49.4750	0.0001	74.8750	
0.1312	48.8500	0.0001	75.0000	
0.1312	52.5000	0.0001	74.9000	
0.1312	48.8500	0.0001	74.8250	
0.1312	47.4250	0.0001	74.9000	
0.1312	50.0250	0.0001	74.8500	
0.1312	52.2500	0.0001	74.8750	
0.1312	47.8500	0.0001	74.8750	
0.1311	49.4250	0.0001	74.9000	
0.1312	51.5000	0.0001	74.8500	
0.1311	46.7000	0.0001	74.8500	
0.1311	49.1000	0.0001	74.8750	
0.1311	51.7250	0.0001	74.8500	
0.1311	49.5750	0.0001	74.8500	
0.1312	47.1000	0.0001	74.8750	
0.1313	52.5500	0.0001	74.9000	
0.1311	47.6500	0.0001	74.8500	
0.1313	49.2750	0.0001	74.8750	
0.1312	50.7250	0.0001	74.9250	
0.1312	51.3750	0.0001	74.9000	
0.1312	48.0750	0.0001	74.8750	
0.1311	50.0250	0.0001	74.8500	
0.1312	52.8500	0.0001	74.9500	
0.1314	43.4000	0.0001	74.9250	
0.1313	50.9250	0.0001	74.8750	
0.1313	49.4750	0.0001	74.8500	
0.1311	48.2750	0.0001	74.8750	
0.1311	52.2750	0.0001	74.8750	
0.1311	48.2750	0.0001	74.8500	
0.1311	50.5750	0.0001	74.8500	
0.1313	50.0750	0.0001	74.8750	
0.1311	51.9750	0.0001	74.8750	
0.1313	48.4500	0.0001	74.9250	
0.1312	53.4750	0.0001	74.8750	
0.1312	47.6250	0.0001	74.8500	
0.1313	50.5000	0.0001	74.8500	
0.1311	47.8250	0.0001	74.8750	
0.1310	49.4750	0.0001	74.8750	
0.1312	54.3000	0.0001	74.8750	
0.1311	46.2750	0.0001	74.7750	
0.1311	47.8750	0.0001	74.8500	
0.1311	53.7750	0.0001	74.9000	
0.1311	49.5250	0.0001	74.8500	
0.1311	51.3250	0.0001	74.8500	
0.1310	49.2500	0.0001	74.8500	
0.1310	49.7750	0.0001	74.8750	
0.1310	52.1750	0.0001	74.8750	
0.1311	49.9000	0.0001	74.9000	
0.1310	49.0250	0.0001	74.8500	
0.1311	49.7000	0.0001	74.8500	
0.1310	51.3500	0.0001	74.8250	
0.1310	51.5250	0.0001	74.8500	
0.1310	47.0000	0.0001	74.8500	
0.1311	47.4750	0.0001	74.8250	
0.1310	51.2500	0.0001	74.9000	
0.1310	51.3750	0.0001	74.8500	
0.1310	49.8750	0.0001	74.9000	
0.1311	48.4250	0.0001	74.8250	
0.1310	50.9750	0.0001	74.8500	
0.1310	50.3000	0.0001	74.8500	
0.1311	47.1750	0.0001	74.8500	
0.1310	51.9000	0.0001	74.8750	
0.1310	49.4000	0.0001	74.8500	
0.1310	48.9000	0.0001	74.9000	
0.1310	51.2750	0.0001	74.9000	
0.1310	50.3000	0.0001	74.8000	
0.1310	50.7250	0.0001	74.9000	
0.1309	51.1250	0.0001	74.8750	
0.1310	48.0500	0.0001	74.8500	
0.1309	48.7250	0.0001	74.8250	
0.1310	52.5750	0.0001	74.8250	
0.1309	51.2250	0.0001	74.8250	
0.1309	47.8750	0.0001	74.8500	
0.1310	48.0250	0.0001	74.8500	
0.1310	53.8250	0.0001	74.8750	
0.1311	48.3500	0.0001	74.9000	
0.1310	50.6000	0.0001	74.8500	
0.1310	50.4000	0.0001	74.8250	
0.1310	49.1000	0.0001	74.8250	
0.1309	52.5250	0.0001	74.8500	
0.1309	49.6000	0.0001	74.8500	
0.1309	48.1750	0.0001	74.8000	
0.1309	53.3750	0.0001	74.8250	
0.1309	52.1250	0.0001	74.8750	
0.1309	48.8000	0.0001	74.8500	
0.1309	50.6250	0.0001	74.8500	
0.1309	50.0500	0.0001	74.8250	
0.1309	50.6250	0.0001	74.8500	
0.1310	54.1500	0.0001	74.8250	
0.1309	49.5250	0.0001	74.7750	
0.1309	48.4500	0.0001	74.9250	
0.1309	52.0000	0.0001	74.9000	
0.1309	50.3250	0.0001	74.8750	
0.1310	53.0000	0.0001	74.8250	
0.1309	50.0250	0.0001	74.8750	
0.1309	49.2000	0.0001	74.8500	
0.1309	51.9000	0.0001	74.8750	
0.1309	49.4250	0.0001	74.9000	
0.1309	51.2000	0.0001	74.8750	
0.1309	52.3250	0.0001	74.8750	
0.1308	52.2000	0.0001	74.8500	
0.1308	50.3250	0.0001	74.9250	
0.1308	49.7500	0.0001	74.8750	
0.1309	50.2500	0.0001	74.8750	
0.1308	51.8250	0.0001	74.9000	
0.1309	52.0750	0.0001	74.9250	
0.1309	53.5000	0.0001	74.8750	
0.1308	48.8750	0.0001	74.8250	
0.1308	49.8500	0.0001	74.8750	
0.1308	51.3000	0.0001	74.9000	
0.1309	51.7250	0.0001	74.8750	
0.1309	54.1750	0.0001	74.8000	
0.1309	50.4250	0.0001	74.8500	
0.1309	50.0250	0.0001	74.8000	
0.1308	49.9500	0.0001	74.8250	
0.1308	55.0000	0.0001	74.8750	
0.1308	49.4000	0.0001	74.8750	
0.1308	48.1750	0.0001	74.8500	
0.1309	55.4250	0.0001	74.8500	
0.1310	48.7750	0.0001	74.8750	
0.1308	49.2250	0.0001	74.8000	
0.1309	55.0250	0.0001	74.8250	
0.1308	49.5750	0.0001	74.8750	
0.1308	52.9750	0.0001	74.9750	
0.1308	52.1000	0.0001	74.8750	
0.1308	53.7250	0.0001	74.8750	
0.1308	52.0000	0.0001	74.8750	
0.1308	49.8250	0.0001	74.9000	
0.1308	51.6250	0.0001	74.9000	
0.1308	53.9000	0.0001	74.8750	
0.1308	50.5250	0.0001	74.8750	
0.1308	53.5500	0.0001	74.8750	
0.1308	51.7250	0.0001	74.9250	
0.1308	50.2750	0.0001	74.8000	
0.1308	53.4750	0.0001	74.8250	
0.1308	53.5250	0.0001	74.8750	
0.1309	48.4500	0.0001	74.8000	
0.1308	52.4500	0.0001	74.8500	
0.1308	52.5500	0.0001	74.9000	
0.1307	53.5500	0.0001	74.8500	
0.1308	52.8750	0.0001	74.8750	
0.1308	53.4500	0.0001	74.8750	
0.1307	50.1500	0.0001	74.8500	
0.1308	52.4750	0.0001	74.8250	
0.1307	54.9750	0.0001	74.8500	
0.1308	51.0000	0.0001	74.8000	
0.1307	50.2250	0.0001	74.8250	
0.1307	51.9500	0.0001	74.8250	
0.1308	55.7000	0.0001	74.8500	
0.1310	47.1000	0.0001	74.8750	
0.1308	55.4250	0.0001	74.9250	
0.1307	52.1500	0.0001	74.7750	
0.1308	51.1750	0.0001	74.8750	
0.1308	50.9750	0.0001	74.8250	
0.1308	56.0750	0.0001	74.8750	
0.1307	54.3000	0.0001	74.8500	
0.1307	49.6000	0.0001	74.8500	
0.1308	56.8000	0.0001	74.8750	
0.1308	51.0000	0.0001	74.9250	
0.1307	52.5500	0.0001	74.8250	
0.1307	55.7500	0.0001	74.8250	
0.1307	51.1750	0.0001	74.8000	
0.1307	55.2000	0.0001	74.8500	
0.1307	51.6500	0.0001	74.8500	
0.1307	55.2500	0.0001	74.8750	
0.1306	54.2000	0.0001	74.8750	
0.1308	45.9000	0.0001	74.9000	
0.1309	56.1250	0.0001	74.8500	
0.1308	52.7750	0.0001	74.8500	
0.1308	48.1250	0.0001	74.8500	
0.1307	57.3500	0.0001	74.8000	
0.1306	54.3250	0.0001	74.8750	
0.1307	51.9000	0.0001	74.9000	
0.1307	54.5500	0.0001	74.8750	
0.1307	58.5250	0.0001	74.8250	
0.1306	49.2250	0.0001	74.9000	
0.1307	50.6750	0.0001	74.9250	
0.1308	58.7500	0.0001	74.8500	
0.1310	46.1500	0.0001	74.8500	
0.1310	55.8000	0.0001	74.8250	
0.1306	53.8000	0.0001	74.8750	
0.1308	45.9500	0.0001	74.8750	
0.1306	56.8750	0.0001	74.8750	
0.1307	58.5250	0.0001	74.8000	
0.1306	51.8500	0.0001	74.8500	
0.1308	55.1250	0.0001	74.8250	
0.1306	55.9250	0.0001	74.8750	
0.1307	48.6500	0.0001	74.8750	
0.1306	55.4500	0.0001	74.8250	
0.1306	56.5000	0.0001	74.8500	
0.1307	56.2250	0.0001	74.8500	
0.1306	51.9500	0.0001	74.8750	
0.1307	50.1500	0.0001	74.8500	
0.1308	58.3250	0.0001	74.8750	
0.1307	50.4750	0.0001	74.8500	
0.1306	51.2500	0.0001	74.8500	
0.1306	56.2000	0.0001	74.8000	
0.1306	55.6000	0.0001	74.8250	
0.1306	51.9750	0.0001	74.8000	
0.1306	55.3000	0.0001	74.8000	
0.1307	57.1750	0.0001	74.8000	
0.1306	51.1250	0.0001	74.8750	
0.1306	53.2000	0.0001	74.8250	
0.1306	54.7500	0.0001	74.8750	
0.1306	54.3500	0.0001	74.8500	
0.1306	56.5500	0.0001	74.8000	
0.1306	52.2000	0.0001	74.7750	
0.1306	51.0750	0.0001	74.9000	
0.1307	57.2000	0.0001	74.9000	
0.1305	54.2500	0.0001	74.8500	
0.1306	49.8000	0.0001	74.9000	
0.1306	55.0250	0.0001	74.8750	
0.1306	57.3000	0.0001	74.8250	
0.1306	52.6750	0.0001	74.9000	
0.1306	55.0000	0.0001	74.8250	
0.1306	53.4000	0.0001	74.8000	
0.1307	55.1000	0.0001	74.8000	
0.1305	56.6500	0.0001	74.8500	
0.1306	49.5000	0.0001	74.8500	
0.1306	55.7000	0.0001	74.8500	
0.1307	53.1250	0.0001	74.8750	
0.1307	57.3750	0.0001	74.8750	
0.1305	53.9750	0.0001	74.8750	
0.1306	52.8750	0.0001	74.8500	
0.1305	56.8250	0.0001	74.7750	
0.1305	54.4500	0.0001	74.8500	
0.1306	53.8250	0.0001	74.8250	
0.1305	56.7750	0.0001	74.8750	
0.1306	53.9250	0.0001	74.8500	
0.1306	54.1000	0.0001	74.8500	
0.1307	56.8500	0.0001	74.8750	
0.1305	54.1000	0.0001	74.7750	
0.1307	47.2750	0.0001	74.8250	
0.1306	56.6750	0.0001	74.8500	
0.1306	56.6250	0.0001	74.8500	
0.1305	55.1000	0.0001	74.8750	
0.1305	53.1500	0.0001	74.8750	
0.1305	55.4250	0.0001	74.8250	
0.1305	55.8500	0.0001	74.8500	
0.1307	51.1250	0.0001	74.8500	
0.1305	56.4750	0.0001	74.8500	
0.1305	54.5000	0.0001	74.8250	
0.1305	52.3250	0.0001	74.8500	
0.1306	56.6250	0.0001	74.8500	
0.1306	50.2750	0.0001	74.8500	
0.1307	56.2500	0.0001	74.8500	
0.1305	54.3750	0.0001	74.8750	
0.1305	50.3250	0.0001	74.8250	
0.1305	56.8500	0.0001	74.8500	
0.1305	55.0750	0.0001	74.8750	
0.1305	56.5000	0.0001	74.8250	
0.1306	57.1500	0.0001	74.8500	
0.1305	53.2250	0.0001	74.8000	
0.1305	52.6500	0.0001	74.8500	
0.1307	57.4500	0.0001	74.8250	
0.1306	51.5000	0.0001	74.8500	
0.1305	51.5500	0.0001	74.8250	
0.1306	57.6750	0.0001	74.8500	
0.1305	52.5750	0.0001	74.8250	
0.1305	51.8000	0.0001	74.8500	
0.1305	56.2750	0.0001	74.8500	
0.1305	57.1250	0.0001	74.8500	
0.1305	52.9750	0.0001	74.8750	
0.1304	54.2250	0.0001	74.8500	
0.1305	55.5750	0.0001	74.8500	
0.1305	53.3750	0.0001	74.8500	
0.1305	55.7250	0.0001	74.8500	
0.1305	55.6250	0.0001	74.8500	
0.1305	52.0750	0.0001	74.8250	
0.1305	54.9250	0.0001	74.8500	
0.1305	56.4500	0.0001	74.8500	
0.1305	50.5250	0.0001	74.8750	
0.1305	54.0750	0.0001	74.9250	
0.1305	55.5250	0.0001	74.8500	
0.1304	53.8000	0.0001	74.9000	
0.1304	54.5500	0.0001	74.9000	
0.1304	53.1000	0.0001	74.8250	
0.1304	53.5250	0.0001	74.8750	
0.1305	52.7750	0.0001	74.8250	
0.1304	56.5000	0.0001	74.7750	
0.1305	55.4500	0.0001	74.8250	
0.1305	49.1250	0.0001	74.8000	
0.1305	54.9500	0.0001	74.8000	
0.1305	54.4500	0.0001	74.8750	
0.1305	49.9000	0.0001	74.8500	
0.1305	52.2750	0.0001	74.8000	
0.1306	55.7750	0.0001	74.9000	
0.1304	50.9750	0.0001	74.8000	
0.1305	51.4750	0.0001	74.8500	
0.1304	53.2750	0.0001	74.8250	
0.1305	54.6500	0.0001	74.8000	
0.1306	50.6000	0.0001	74.8500	
0.1304	53.8500	0.0001	74.8500	
0.1304	53.9500	0.0001	74.8500	
0.1304	49.7500	0.0001	74.8750	
0.1304	51.4750	0.0001	74.8000	
0.1304	54.1250	0.0001	74.8250	
0.1304	51.7000	0.0001	74.8500	
0.1304	51.0750	0.0001	74.7750	
0.1305	54.2500	0.0001	74.8250	
0.1304	51.0500	0.0001	74.8250	
0.1305	50.1250	0.0001	74.8250	
0.1304	53.8500	0.0001	74.8750	
0.1305	54.0750	0.0001	74.8750	
0.1304	49.7500	0.0001	74.8500	
0.1304	49.0750	0.0001	74.8500	
0.1304	51.7750	0.0001	74.7750	
0.1304	49.6500	0.0001	74.7500	
0.1304	51.0250	0.0001	74.8750	
0.1304	54.0000	0.0001	74.8750	
0.1304	51.4000	0.0001	74.8500	
0.1304	50.1000	0.0001	74.8000	
0.1304	51.4000	0.0001	74.8750	
0.1304	51.6250	0.0001	74.8750	
0.1305	52.8000	0.0001	74.8250	
0.1305	47.7500	0.0001	74.8250	
0.1304	49.7750	0.0001	74.8750	
0.1304	52.3250	0.0001	74.8250	
0.1304	50.5750	0.0001	74.8000	
0.1303	51.7250	0.0001	74.8750	
0.1304	51.5500	0.0001	74.8750	
0.1304	51.0750	0.0001	74.8500	
0.1303	51.6750	0.0001	74.8250	
0.1303	50.5750	0.0001	74.8500	
0.1304	50.5000	0.0001	74.8000	
0.1304	51.2750	0.0001	74.8250	
0.1304	50.0250	0.0001	74.8250	
0.1304	50.3000	0.0001	74.8750	
0.1303	51.6750	0.0001	74.8750	
0.1304	51.5250	0.0001	74.8500	
0.1303	51.1500	0.0001	74.8500	
0.1304	51.7250	0.0001	74.9250	
0.1305	49.5250	0.0001	74.8250	
0.1303	50.0750	0.0001	74.9000	
0.1303	51.6250	0.0001	74.8750	
0.1304	50.9500	0.0001	74.8250	
0.1303	52.2250	0.0001	74.7750	
0.1303	50.6250	0.0001	74.8750	
0.1303	49.3250	0.0001	74.9000	
0.1303	51.8000	0.0001	74.9250	
0.1303	51.3500	0.0001	74.8250	
0.1303	51.6500	0.0001	74.8750	
0.1303	51.2250	0.0001	74.8500	
0.1304	51.6500	0.0001	74.8250	
0.1304	51.7750	0.0001	74.7750	
0.1303	50.4500	0.0001	74.8000	
0.1303	49.7750	0.0001	74.8500	
0.1303	51.9250	0.0001	74.8750	
0.1303	51.8750	0.0001	74.8250	
0.1303	52.0500	0.0001	74.7750	
0.1303	51.9250	0.0001	74.8000	
0.1303	51.4500	0.0001	74.8500	
0.1305	50.4500	0.0001	74.8500	
0.1303	51.3500	0.0001	74.8250	
0.1304	52.3000	0.0001	74.8750	
0.1304	49.6500	0.0001	74.8500	
0.1303	49.9500	0.0001	74.8000	
0.1303	51.2000	0.0001	74.9000	
0.1303	50.8000	0.0001	74.9250	
0.1304	51.9250	0.0001	74.9500	
0.1303	52.1250	0.0001	74.9000	
0.1303	51.1750	0.0001	74.8250	
0.1303	52.3000	0.0001	74.8500	
0.1303	51.9250	0.0001	74.8250	
0.1303	51.3750	0.0001	74.8750	
0.1303	51.2750	0.0001	74.8750	
0.1303	51.6000	0.0001	74.8500	
0.1303	52.3500	0.0001	74.8750	
0.1303	51.6500	0.0001	74.7750	
0.1303	50.5000	0.0001	74.9000	
0.1303	51.1000	0.0001	74.8500	
0.1303	51.6750	0.0001	74.8250	
0.1303	50.0500	0.0001	74.8500	
0.1303	50.3250	0.0001	74.8750	
0.1303	51.5250	0.0001	74.7750	
0.1302	51.6000	0.0001	74.8750	
0.1303	51.5250	0.0001	74.8500	
0.1303	51.5500	0.0001	74.9000	
0.1302	51.6750	0.0001	74.7750	
0.1302	51.5500	0.0001	74.8250	
0.1303	51.9000	0.0001	74.8500	
0.1303	51.8750	0.0001	74.8250	
0.1303	50.9250	0.0001	74.8000	
0.1303	51.0000	0.0001	74.8000	
0.1304	50.7750	0.0001	74.8250	
0.1303	51.9750	0.0001	74.8250	
0.1303	52.0000	0.0001	74.8000	
0.1302	51.5750	0.0001	74.8750	
0.1302	50.8750	0.0001	74.8250	
0.1302	51.2000	0.0001	74.9000	
0.1302	51.8000	0.0001	74.7750	
0.1302	51.5500	0.0001	74.8500	
0.1303	51.7750	0.0001	74.9500	
0.1303	50.9250	0.0001	74.8000	
0.1302	51.5750	0.0001	74.8750	
0.1302	51.3250	0.0001	74.8500	
0.1302	51.4000	0.0001	74.8000	
0.1303	50.5500	0.0001	74.8500	
0.1302	51.4750	0.0001	74.8500	
0.1302	51.3250	0.0001	74.8500	
0.1302	51.6250	0.0001	74.8000	
0.1303	51.6750	0.0001	74.8750	
0.1302	51.1750	0.0001	74.8750	
0.1304	50.0250	0.0001	74.8250	
0.1302	51.2750	0.0001	74.8500	
0.1303	51.7000	0.0001	74.8250	
0.1302	50.6250	0.0001	74.8000	
0.1303	50.9750	0.0001	74.9000	
0.1302	51.8000	0.0001	74.9000	
0.1303	51.5000	0.0001	74.8000	
0.1303	50.3750	0.0001	74.9000	
0.1302	50.1000	0.0001	74.8750	
0.1302	51.5500	0.0001	74.8500	
0.1303	51.9250	0.0001	74.8000	
0.1303	50.9750	0.0001	74.8000	
0.1302	51.4250	0.0001	74.8250	
0.1302	51.0750	0.0001	74.8250	
0.1302	51.1250	0.0001	74.9000	
0.1302	51.6500	0.0001	74.8000	
0.1302	51.3750	0.0001	74.8500	
0.1302	51.1500	0.0001	74.7750	
0.1302	51.0750	0.0001	74.9750	
0.1302	50.4250	0.0001	74.9250	
0.1303	51.5750	0.0001	74.8750	
0.1301	51.0250	0.0001	74.9000	
0.1302	50.0250	0.0001	74.8250	
0.1302	51.5250	0.0001	74.8750	
0.1302	51.6500	0.0001	74.8250	
0.1302	51.9250	0.0001	74.8750	
0.1302	51.9250	0.0001	74.8750	
0.1302	52.1000	0.0001	74.8250	
0.1302	51.1000	0.0001	74.8250	
0.1302	50.9750	0.0001	74.8500	
0.1302	50.1250	0.0001	74.7750	
0.1301	51.2250	0.0001	74.8000	
0.1302	52.1000	0.0001	74.8750	
0.1305	51.4500	0.0001	74.8500	
0.1303	51.3750	0.0001	74.8750	
0.1302	50.8250	0.0001	74.8250	
0.1302	49.9500	0.0001	74.9250	
0.1302	51.4250	0.0001	74.8500	
0.1301	51.1000	0.0001	74.8250	
0.1303	50.5250	0.0001	74.8750	
0.1301	51.3750	0.0001	74.9250	
0.1301	51.9750	0.0001	74.8250	
0.1301	50.6250	0.0001	74.8500	
0.1302	51.1000	0.0001	74.8250	
0.1302	51.6000	0.0001	74.8000	
0.1301	51.9500	0.0001	74.8250	
0.1301	51.4500	0.0001	74.8000	
0.1302	50.8250	0.0001	74.8500	
0.1301	51.5000	0.0001	74.8500	
0.1302	51.3750	0.0001	74.8750	
0.1301	51.3500	0.0001	74.8750	
0.1301	51.4250	0.0001	74.8250	
0.1301	51.0250	0.0001	74.9250	
0.1302	51.4000	0.0001	74.8500	
0.1301	51.1000	0.0001	74.8000	
0.1302	50.8250	0.0001	74.8750	
0.1301	51.8250	0.0001	74.9000	
0.1302	51.5000	0.0001	74.8000	
0.1302	51.1250	0.0001	74.8250	
0.1302	51.3000	0.0001	74.8250	
0.1302	51.9250	0.0001	74.8000	
0.1302	51.1000	0.0001	74.8500	
0.1301	51.5250	0.0001	74.8250	
0.1301	50.9500	0.0001	74.8750	
0.1302	51.1500	0.0001	74.8250	
0.1301	49.8250	0.0001	74.8750	
0.1302	50.7000	0.0001	74.8750	
0.1301	51.8750	0.0001	74.8250	
0.1301	51.9000	0.0001	74.8500	
0.1301	51.3000	0.0001	74.8250	
0.1301	51.0750	0.0001	74.9000	
0.1301	51.0250	0.0001	74.8750	
0.1301	50.5750	0.0001	74.8500	
0.1301	51.0250	0.0001	74.9000	
0.1302	51.2500	0.0001	74.8250	
0.1301	51.4750	0.0001	74.8500	
0.1302	51.6500	0.0001	74.8750	
0.1301	51.9000	0.0001	74.8250	
0.1302	51.6500	0.0001	74.8250	
0.1304	50.1000	0.0001	74.9500	
0.1301	50.4750	0.0001	74.9250	
0.1301	51.6250	0.0001	74.8500	
0.1301	51.3750	0.0001	74.8000	
0.1301	50.8750	0.0001	74.8500	
0.1301	51.6750	0.0001	74.8750	
0.1301	51.7500	0.0001	74.8000	
0.1301	50.8750	0.0001	74.8250	
0.1302	50.5750	0.0001	74.8750	
0.1301	51.4000	0.0001	74.8500	
0.1301	51.1250	0.0001	74.8500	
0.1302	50.8000	0.0001	74.7500	
0.1301	51.6750	0.0001	74.8500	
0.1301	51.4000	0.0001	74.8750	
0.1302	49.9000	0.0001	74.8500	
0.1301	50.9750	0.0001	74.8500	
0.1301	51.0500	0.0001	74.8500	
0.1301	51.1000	0.0001	74.8500	
0.1301	50.9500	0.0001	74.9000	
0.1301	51.3500	0.0001	74.8750	
0.1302	51.6500	0.0001	74.9250	
0.1301	51.9500	0.0001	74.9000	
0.1301	51.9250	0.0001	74.8750	
0.1301	51.2750	0.0001	74.7750	
0.1301	51.3250	0.0001	74.8500	
0.1302	50.2750	0.0001	74.9000	
0.1301	51.3000	0.0001	74.8250	
0.1301	51.9250	0.0001	74.8750	
0.1300	51.8000	0.0001	74.8250	
0.1301	51.5750	0.0001	74.9000	
0.1301	50.8750	0.0001	74.8500	
0.1301	50.9000	0.0001	74.8750	
0.1301	50.9750	0.0001	74.8750	
0.1301	51.5000	0.0001	74.8500	
0.1301	51.1500	0.0001	74.8250	
0.1301	50.1000	0.0001	74.8000	
