Loss_Adversary	Accuracy_Adversary	Loss_Target	Accuracy_Target	
0.2096	0.4214	0.6303	50.0000	50.0000	
0.2083	0.4133	0.6228	50.0000	50.0000	
0.2064	0.4058	0.6146	50.0000	50.0000	
0.2038	0.3989	0.6057	50.0000	50.0000	
0.2011	0.3924	0.5967	50.0000	50.0000	
0.1981	0.3861	0.5877	50.0000	50.0000	
0.1948	0.3803	0.5782	50.0000	50.0000	
0.1911	0.3746	0.5682	50.0000	50.0000	
0.1868	0.3691	0.5575	50.0000	50.0000	
0.1821	0.3638	0.5461	50.0000	50.0000	
0.1770	0.3586	0.5341	50.0000	50.0000	
0.1714	0.3536	0.5214	50.0000	50.0000	
0.1655	0.3486	0.5082	50.0000	50.0000	
0.1591	0.3437	0.4943	50.0000	50.0000	
0.1525	0.3388	0.4801	50.0000	50.0000	
0.1459	0.3338	0.4657	50.0000	50.0000	
0.1391	0.3290	0.4512	50.0000	50.0000	
0.1323	0.3242	0.4367	50.0000	50.0000	
0.1256	0.3195	0.4224	50.0000	50.0000	
0.1188	0.3147	0.4078	50.0000	50.0000	
0.1122	0.3100	0.3936	50.0000	50.0000	
0.1055	0.3055	0.3795	50.0000	50.0000	
0.0990	0.3009	0.3657	50.0000	50.0000	
0.0927	0.2964	0.3522	50.0000	50.0000	
0.0868	0.2919	0.3394	50.0000	50.0000	
0.0813	0.2874	0.3270	50.0000	50.0000	
0.0758	0.2830	0.3151	50.0000	50.0000	
0.0708	0.2785	0.3037	50.0000	50.0000	
0.0660	0.2741	0.2928	50.0000	50.0000	
0.0616	0.2697	0.2825	50.0000	50.0000	
0.0575	0.2652	0.2727	50.0000	50.0000	
0.0538	0.2608	0.2635	50.0000	50.0000	
0.0504	0.2561	0.2547	50.0000	50.0000	
0.0472	0.2519	0.2466	50.0000	50.0000	
0.0443	0.2474	0.2387	50.0000	50.0000	
0.0417	0.2432	0.2316	50.0000	50.0000	
0.0394	0.2387	0.2248	50.0000	50.0000	
0.0372	0.2344	0.2183	50.0000	50.0000	
0.0353	0.2301	0.2122	50.0000	50.0000	
0.0336	0.2263	0.2069	50.0000	50.0000	
0.0321	0.2222	0.2016	50.0000	50.0000	
0.0307	0.2188	0.1970	50.0000	50.0000	
0.0290	0.2148	0.1916	50.0000	50.0000	
0.0266	0.2123	0.1858	50.0000	50.0000	
0.0240	0.2093	0.1796	50.0000	50.0000	
0.0215	0.2071	0.1739	50.0000	50.0000	
0.0190	0.2056	0.1688	50.0000	50.0000	
0.0167	0.2052	0.1647	46.3750	57.8750	
0.0143	0.2056	0.1609	35.5750	77.6500	
0.0116	0.2064	0.1570	31.5500	86.6250	
0.0083	0.2071	0.1520	31.8250	92.8250	
0.0037	0.2080	0.1448	32.7250	96.5750	
-0.0021	0.2075	0.1348	31.3250	98.2000	
-0.0092	0.2076	0.1231	30.1500	96.6000	
-0.0166	0.2081	0.1111	30.7250	87.4500	
-0.0239	0.2047	0.0966	32.4500	77.6750	
-0.0307	0.1997	0.0819	32.6250	70.6500	
-0.0364	0.1947	0.0692	31.7750	66.8750	
-0.0413	0.1892	0.0572	29.0500	67.5750	
-0.0456	0.1816	0.0452	27.0000	69.8250	
-0.0493	0.1772	0.0360	26.7750	71.7000	
-0.0518	0.1743	0.0298	26.4750	73.1000	
-0.0535	0.1714	0.0251	26.4250	73.2250	
-0.0546	0.1689	0.0215	26.4000	73.1000	
-0.0553	0.1680	0.0198	26.0250	72.8500	
-0.0557	0.1652	0.0172	26.3250	73.0250	
-0.0560	0.1638	0.0159	26.0000	73.1750	
-0.0561	0.1627	0.0149	26.0250	73.1250	
-0.0562	0.1612	0.0137	25.8500	73.4750	
-0.0563	0.1600	0.0128	25.8500	73.1500	
-0.0563	0.1588	0.0121	25.6750	73.1750	
-0.0564	0.1585	0.0117	25.6500	73.2750	
-0.0565	0.1568	0.0104	25.6250	73.5000	
-0.0564	0.1563	0.0102	25.4500	73.1000	
-0.0563	0.1550	0.0095	25.3750	73.3750	
-0.0563	0.1547	0.0093	25.4500	73.2250	
-0.0563	0.1534	0.0084	25.5500	73.2500	
-0.0564	0.1534	0.0084	25.4750	73.6500	
-0.0562	0.1521	0.0077	25.6000	73.5250	
-0.0562	0.1517	0.0075	25.2750	73.4500	
-0.0560	0.1519	0.0079	25.3000	73.4750	
-0.0560	0.1515	0.0076	25.2000	73.5000	
-0.0558	0.1501	0.0070	25.1500	73.1000	
-0.0560	0.1500	0.0067	25.1750	73.3750	
-0.0559	0.1492	0.0063	25.1500	73.3500	
-0.0559	0.1491	0.0061	25.1000	73.4000	
-0.0559	0.1490	0.0061	25.0250	73.5250	
-0.0558	0.1488	0.0062	24.9750	73.5250	
-0.0558	0.1488	0.0063	25.1500	73.4750	
-0.0558	0.1486	0.0060	24.8250	73.2000	
-0.0557	0.1473	0.0054	25.1750	73.4750	
-0.0558	0.1475	0.0053	25.1500	73.3250	
-0.0557	0.1480	0.0058	25.0500	73.1750	
-0.0557	0.1480	0.0058	24.8500	73.5500	
-0.0555	0.1481	0.0062	24.8000	73.5250	
-0.0556	0.1468	0.0052	25.3250	73.3500	
-0.0557	0.1469	0.0051	24.9750	73.2250	
-0.0557	0.1470	0.0051	24.9750	73.1500	
-0.0557	0.1467	0.0049	24.9750	73.4750	
-0.0557	0.1465	0.0048	24.8750	73.2500	
-0.0557	0.1468	0.0051	24.8000	73.3250	
-0.0557	0.1466	0.0049	25.1750	73.3500	
-0.0555	0.1463	0.0050	24.9500	73.2000	
-0.0556	0.1470	0.0053	25.0250	73.4750	
-0.0558	0.1470	0.0051	25.0500	73.1250	
-0.0558	0.1468	0.0048	25.0500	73.3250	
-0.0560	0.1467	0.0045	24.9000	73.4500	
-0.0559	0.1471	0.0049	25.0500	73.1750	
-0.0557	0.1470	0.0052	25.0500	73.0750	
-0.0559	0.1465	0.0045	25.1000	73.3250	
-0.0559	0.1466	0.0046	25.3000	73.4000	
-0.0561	0.1474	0.0047	25.3750	73.3500	
-0.0559	0.1471	0.0050	25.1750	73.2000	
-0.0560	0.1468	0.0046	25.3750	73.3250	
-0.0560	0.1468	0.0045	25.0250	73.2750	
-0.0560	0.1464	0.0043	24.8500	73.1250	
-0.0560	0.1465	0.0043	24.9000	73.2000	
-0.0561	0.1466	0.0043	24.8000	73.2000	
-0.0561	0.1467	0.0044	25.1250	73.3250	
-0.0561	0.1474	0.0047	25.1750	73.2750	
-0.0558	0.1473	0.0052	24.5750	73.4250	
-0.0560	0.1470	0.0047	24.9250	73.3250	
-0.0560	0.1468	0.0045	24.6250	73.4000	
-0.0562	0.1471	0.0044	24.7500	73.3250	
-0.0562	0.1471	0.0044	24.5750	73.2750	
-0.0563	0.1472	0.0044	24.8250	73.2500	
-0.0562	0.1473	0.0045	24.6500	73.4750	
-0.0562	0.1476	0.0046	24.8000	73.5250	
-0.0562	0.1477	0.0048	24.8750	73.3750	
-0.0564	0.1478	0.0045	25.0000	73.5250	
-0.0565	0.1479	0.0044	25.0750	73.5250	
-0.0564	0.1476	0.0044	25.3500	73.6000	
-0.0566	0.1481	0.0045	25.3500	73.5250	
-0.0565	0.1485	0.0048	25.4500	73.5500	
-0.0563	0.1480	0.0048	25.3000	73.6500	
-0.0563	0.1478	0.0047	25.4500	73.8000	
-0.0565	0.1479	0.0045	25.5250	73.8250	
-0.0566	0.1482	0.0045	25.8250	73.6250	
-0.0567	0.1487	0.0047	25.8750	73.7750	
-0.0566	0.1482	0.0045	26.2000	73.6500	
-0.0567	0.1483	0.0044	26.8250	73.8500	
-0.0566	0.1488	0.0048	26.7750	73.8250	
-0.0566	0.1497	0.0055	27.3750	73.9250	
-0.0564	0.1492	0.0055	27.7000	73.8250	
-0.0562	0.1486	0.0053	28.3000	73.9250	
-0.0564	0.1487	0.0051	29.0250	73.8000	
-0.0567	0.1488	0.0047	31.0250	73.9250	
-0.0568	0.1491	0.0047	29.0000	73.8500	
-0.0568	0.1492	0.0047	33.0750	74.1750	
-0.0569	0.1490	0.0045	31.2750	73.9750	
-0.0568	0.1489	0.0045	33.7500	74.1250	
-0.0568	0.1487	0.0045	33.7250	73.9750	
-0.0569	0.1487	0.0044	34.3750	74.0750	
-0.0569	0.1490	0.0045	34.2500	74.0000	
-0.0568	0.1489	0.0047	36.6500	74.0250	
-0.0569	0.1490	0.0045	36.0000	74.0750	
-0.0569	0.1489	0.0044	37.3250	74.1500	
-0.0570	0.1489	0.0043	38.4750	74.2000	
-0.0570	0.1491	0.0044	38.5750	74.2000	
-0.0569	0.1492	0.0046	40.3000	74.1750	
-0.0568	0.1489	0.0046	39.5500	74.1000	
-0.0570	0.1491	0.0045	40.8250	74.1000	
-0.0570	0.1492	0.0044	41.6750	74.2500	
-0.0570	0.1492	0.0045	42.1250	74.2000	
-0.0569	0.1489	0.0044	42.4250	74.2500	
-0.0571	0.1492	0.0043	43.0000	74.3000	
-0.0570	0.1492	0.0046	42.7250	74.2500	
-0.0570	0.1496	0.0047	44.4500	74.2250	
-0.0571	0.1501	0.0049	42.4500	74.3250	
-0.0567	0.1502	0.0057	44.7250	74.2750	
-0.0568	0.1501	0.0054	42.8750	74.3000	
-0.0569	0.1496	0.0049	44.3000	74.3500	
-0.0571	0.1494	0.0044	45.0750	74.3000	
-0.0572	0.1495	0.0044	44.2500	74.5250	
-0.0572	0.1497	0.0044	45.4000	74.3750	
-0.0571	0.1496	0.0046	46.0000	74.2750	
-0.0572	0.1495	0.0043	46.1500	74.5250	
-0.0573	0.1494	0.0041	46.7250	74.4250	
-0.0573	0.1496	0.0042	46.5750	74.2250	
-0.0573	0.1497	0.0043	47.5000	74.4750	
-0.0574	0.1498	0.0042	46.8500	74.6250	
-0.0575	0.1504	0.0045	48.1000	74.5250	
-0.0570	0.1504	0.0053	46.4250	74.3250	
-0.0573	0.1500	0.0045	47.7750	74.4000	
-0.0574	0.1500	0.0042	47.7500	74.6750	
-0.0574	0.1497	0.0042	47.9250	74.4250	
-0.0574	0.1499	0.0042	48.4750	74.4000	
-0.0574	0.1501	0.0045	48.0000	74.6500	
-0.0576	0.1510	0.0046	48.4000	74.4750	
-0.0571	0.1500	0.0047	47.5750	74.8000	
-0.0577	0.1504	0.0041	47.4500	74.5750	
-0.0576	0.1502	0.0041	47.2000	74.5000	
-0.0575	0.1501	0.0042	48.8000	74.5500	
-0.0574	0.1497	0.0040	47.3500	74.5000	
-0.0576	0.1501	0.0040	46.7750	74.8750	
-0.0576	0.1499	0.0039	47.5750	74.6000	
-0.0576	0.1498	0.0039	47.3500	74.5000	
-0.0577	0.1504	0.0042	46.4000	74.5250	
-0.0577	0.1505	0.0042	47.8500	74.5500	
-0.0576	0.1508	0.0044	45.8500	74.9250	
-0.0574	0.1505	0.0047	46.5000	74.7000	
-0.0577	0.1501	0.0040	46.6250	74.6250	
-0.0577	0.1500	0.0039	46.4500	74.9000	
-0.0577	0.1499	0.0037	47.3500	74.6750	
-0.0578	0.1501	0.0038	45.8500	74.7250	
-0.0578	0.1503	0.0039	46.6750	74.5750	
-0.0579	0.1502	0.0037	46.1500	74.6500	
-0.0578	0.1503	0.0039	45.8750	74.7750	
-0.0577	0.1499	0.0037	46.3500	74.5750	
-0.0579	0.1500	0.0036	45.7750	74.6750	
-0.0579	0.1501	0.0036	45.1000	74.8000	
-0.0579	0.1501	0.0036	44.9000	74.7500	
-0.0580	0.1507	0.0038	44.7000	74.9250	
-0.0577	0.1508	0.0044	45.1750	74.8750	
-0.0578	0.1506	0.0041	44.4750	75.0750	
-0.0576	0.1502	0.0041	44.3750	74.8750	
-0.0576	0.1506	0.0045	45.9500	74.3750	
-0.0578	0.1511	0.0043	44.9750	75.5250	
-0.0579	0.1511	0.0043	45.6000	74.7750	
-0.0579	0.1514	0.0045	45.1500	74.9750	
-0.0577	0.1501	0.0039	45.4500	74.9250	
-0.0580	0.1504	0.0036	46.1250	74.9000	
-0.0580	0.1504	0.0036	45.0250	74.9500	
-0.0580	0.1504	0.0036	46.1500	74.8000	
-0.0580	0.1505	0.0036	44.7500	75.0500	
-0.0581	0.1504	0.0034	45.9750	74.9000	
-0.0581	0.1507	0.0037	45.1250	74.9750	
-0.0581	0.1506	0.0036	45.2250	74.9250	
-0.0581	0.1507	0.0037	45.7500	74.9500	
-0.0580	0.1515	0.0043	45.1750	75.0000	
-0.0578	0.1511	0.0044	45.9000	74.8250	
-0.0580	0.1510	0.0039	46.1250	74.6750	
-0.0582	0.1509	0.0036	45.8500	75.1000	
-0.0581	0.1508	0.0037	45.6250	74.8500	
-0.0581	0.1506	0.0035	46.7500	74.9000	
-0.0582	0.1507	0.0035	46.1000	75.0000	
-0.0582	0.1509	0.0035	46.0000	75.0750	
-0.0582	0.1509	0.0036	46.5500	74.8750	
-0.0582	0.1509	0.0035	46.3500	75.1250	
-0.0583	0.1512	0.0036	46.7500	74.9500	
-0.0582	0.1514	0.0039	46.3750	75.1750	
-0.0584	0.1518	0.0039	46.6500	74.7750	
-0.0582	0.1511	0.0038	45.8250	74.9750	
-0.0584	0.1512	0.0036	46.5500	75.2500	
-0.0584	0.1513	0.0036	47.2250	75.0000	
-0.0585	0.1516	0.0036	46.9000	75.0500	
-0.0584	0.1516	0.0038	47.3250	75.1250	
-0.0585	0.1519	0.0038	47.3750	75.2000	
-0.0584	0.1519	0.0038	48.1500	75.0250	
-0.0585	0.1520	0.0038	48.0250	75.0250	
-0.0585	0.1522	0.0039	48.2750	75.0250	
-0.0586	0.1528	0.0041	48.9500	74.9750	
-0.0588	0.1537	0.0046	48.5500	75.2750	
-0.0583	0.1528	0.0047	49.9000	75.0000	
-0.0587	0.1531	0.0042	49.8250	75.0500	
-0.0588	0.1532	0.0042	49.8000	75.1000	
-0.0588	0.1533	0.0041	50.2750	75.0250	
-0.0588	0.1538	0.0045	50.4000	75.1750	
-0.0591	0.1543	0.0044	49.9250	75.3000	
-0.0592	0.1550	0.0047	50.1250	75.2000	
-0.0592	0.1556	0.0051	50.2750	75.1750	
-0.0594	0.1560	0.0050	50.8750	75.0500	
-0.0595	0.1567	0.0052	50.4750	75.2000	
-0.0598	0.1575	0.0054	50.6750	75.2750	
-0.0599	0.1582	0.0056	50.7250	75.1500	
-0.0601	0.1598	0.0064	51.2000	75.2000	
-0.0600	0.1612	0.0075	51.4000	75.1250	
-0.0602	0.1623	0.0078	52.1250	75.2250	
-0.0605	0.1629	0.0078	53.0000	75.1000	
-0.0609	0.1644	0.0081	53.6500	74.9000	
-0.0609	0.1651	0.0085	54.7250	74.7000	
-0.0613	0.1660	0.0085	55.2000	74.5750	
-0.0617	0.1656	0.0076	55.6500	74.6250	
-0.0621	0.1675	0.0081	56.9000	74.4000	
-0.0624	0.1703	0.0096	57.2000	74.3000	
-0.0619	0.1689	0.0095	58.0500	74.4500	
-0.0626	0.1707	0.0095	59.5250	74.0750	
-0.0629	0.1712	0.0092	60.0750	74.1000	
-0.0633	0.1724	0.0094	61.1750	73.8750	
-0.0636	0.1736	0.0098	61.6500	73.7750	
-0.0637	0.1749	0.0104	62.6000	73.6750	
-0.0641	0.1750	0.0098	63.4250	73.6250	
-0.0644	0.1762	0.0101	64.2250	73.3500	
-0.0646	0.1780	0.0111	64.6250	73.1500	
-0.0649	0.1783	0.0107	65.1000	73.0250	
-0.0651	0.1792	0.0110	65.5500	73.0000	
-0.0654	0.1795	0.0107	65.8000	72.8000	
-0.0656	0.1799	0.0106	66.2500	72.7500	
-0.0657	0.1826	0.0122	66.5500	72.5750	
-0.0657	0.1833	0.0127	67.0750	72.3750	
-0.0662	0.1820	0.0111	67.1250	72.3500	
-0.0663	0.1838	0.0120	67.3250	72.3000	
-0.0663	0.1840	0.0121	67.6500	72.1500	
-0.0667	0.1841	0.0117	67.6250	71.9000	
-0.0662	0.1860	0.0137	67.5500	71.7500	
-0.0662	0.1852	0.0131	68.0750	71.6500	
-0.0658	0.1834	0.0126	67.9000	71.6250	
-0.0659	0.1826	0.0119	67.7500	71.5250	
-0.0655	0.1804	0.0111	67.2500	71.5750	
-0.0650	0.1783	0.0106	67.2000	71.6750	
-0.0643	0.1772	0.0110	67.0250	71.7000	
-0.0639	0.1758	0.0107	66.7750	71.8750	
-0.0637	0.1733	0.0093	66.6750	71.9250	
-0.0635	0.1733	0.0097	66.5500	72.0750	
-0.0633	0.1714	0.0088	66.5000	72.2000	
-0.0629	0.1711	0.0092	65.9750	72.3250	
-0.0628	0.1704	0.0090	65.9750	72.4500	
-0.0628	0.1692	0.0082	65.8000	72.5750	
-0.0626	0.1690	0.0083	65.4750	72.6250	
-0.0626	0.1681	0.0078	65.4000	72.7250	
-0.0624	0.1679	0.0079	65.3000	72.7500	
-0.0624	0.1674	0.0076	65.3750	72.9000	
-0.0624	0.1679	0.0079	65.0750	72.7000	
-0.0623	0.1668	0.0074	65.0000	72.9750	
-0.0621	0.1667	0.0076	64.5250	72.9000	
-0.0621	0.1668	0.0077	64.6750	72.8750	
-0.0622	0.1661	0.0070	64.4000	73.1500	
-0.0622	0.1657	0.0068	64.3000	72.9250	
-0.0622	0.1661	0.0071	64.0500	73.0000	
-0.0622	0.1650	0.0064	64.1000	73.2000	
-0.0622	0.1654	0.0067	64.0000	73.0750	
-0.0620	0.1651	0.0067	63.9750	73.2500	
-0.0622	0.1651	0.0064	63.6250	73.1000	
-0.0617	0.1652	0.0073	63.5250	73.2750	
-0.0616	0.1640	0.0067	63.7000	73.2750	
-0.0618	0.1641	0.0065	63.2500	73.2500	
-0.0617	0.1642	0.0066	63.1500	73.3500	
-0.0615	0.1627	0.0059	63.1750	73.4000	
-0.0615	0.1630	0.0062	62.8000	73.3250	
-0.0615	0.1630	0.0062	62.5000	73.5500	
-0.0613	0.1620	0.0058	62.3250	73.3750	
-0.0613	0.1619	0.0058	62.2750	73.7750	
-0.0612	0.1615	0.0057	61.9750	73.5250	
-0.0610	0.1613	0.0058	61.8000	73.7750	
-0.0610	0.1607	0.0056	61.6250	73.8250	
-0.0608	0.1607	0.0058	61.4750	73.8000	
-0.0607	0.1603	0.0056	61.3500	73.8250	
-0.0606	0.1599	0.0055	61.2000	73.9000	
-0.0606	0.1603	0.0059	61.0000	73.9000	
-0.0605	0.1595	0.0055	60.8250	74.0250	
-0.0604	0.1593	0.0056	60.6250	73.9500	
-0.0601	0.1587	0.0056	60.1500	74.0250	
-0.0602	0.1584	0.0052	60.2500	74.0250	
-0.0602	0.1586	0.0053	59.9750	74.0500	
-0.0601	0.1581	0.0052	59.6000	74.1000	
-0.0600	0.1578	0.0051	59.4750	74.1000	
-0.0600	0.1578	0.0052	59.1750	74.1250	
-0.0597	0.1578	0.0057	58.9250	74.2250	
-0.0598	0.1570	0.0050	58.9500	74.1500	
-0.0598	0.1569	0.0049	58.9250	74.2500	
-0.0596	0.1571	0.0054	58.6750	74.1750	
-0.0590	0.1572	0.0064	58.3250	74.1750	
-0.0594	0.1563	0.0052	58.3750	74.1500	
-0.0595	0.1561	0.0049	58.2000	74.3250	
-0.0595	0.1562	0.0049	58.1500	74.2500	
-0.0594	0.1556	0.0047	57.8250	74.2750	
-0.0593	0.1556	0.0050	57.6750	74.3250	
-0.0594	0.1559	0.0049	57.6500	74.3000	
-0.0593	0.1554	0.0047	57.5250	74.2750	
-0.0592	0.1551	0.0047	57.3750	74.3000	
-0.0591	0.1561	0.0056	57.2500	74.2500	
-0.0591	0.1562	0.0056	56.8000	74.3500	
-0.0591	0.1549	0.0048	57.0500	74.4000	
-0.0590	0.1545	0.0046	56.6000	74.3500	
-0.0589	0.1542	0.0047	56.5750	74.3000	
-0.0589	0.1540	0.0046	56.3500	74.3750	
-0.0585	0.1543	0.0054	56.4000	74.3000	
-0.0588	0.1543	0.0049	56.1500	74.4250	
-0.0589	0.1535	0.0042	56.1500	74.5500	
-0.0588	0.1535	0.0043	56.0750	74.4250	
-0.0587	0.1536	0.0046	56.1000	74.5000	
-0.0587	0.1536	0.0046	55.7750	74.4750	
-0.0584	0.1537	0.0051	55.7500	74.4000	
-0.0584	0.1531	0.0048	55.7750	74.3750	
-0.0584	0.1527	0.0045	55.7250	74.5000	
-0.0583	0.1529	0.0047	55.5500	74.4000	
-0.0585	0.1528	0.0043	55.4250	74.5000	
-0.0585	0.1526	0.0043	55.3250	74.5500	
-0.0583	0.1519	0.0042	55.3750	74.4250	
-0.0582	0.1524	0.0046	55.2250	74.5000	
-0.0582	0.1529	0.0049	55.2750	74.4000	
-0.0583	0.1519	0.0042	55.1750	74.4750	
-0.0581	0.1513	0.0040	55.1000	74.5000	
-0.0581	0.1520	0.0044	54.9750	74.5000	
-0.0582	0.1516	0.0041	54.9000	74.5250	
-0.0582	0.1520	0.0043	54.8250	74.4750	
-0.0582	0.1516	0.0041	54.9250	74.4500	
-0.0582	0.1512	0.0038	54.9000	74.5000	
-0.0581	0.1510	0.0039	54.7750	74.5000	
-0.0578	0.1518	0.0049	54.5250	74.5000	
-0.0580	0.1519	0.0046	54.5500	74.4500	
-0.0580	0.1510	0.0040	54.5750	74.5250	
-0.0580	0.1518	0.0046	54.5750	74.5500	
-0.0578	0.1507	0.0041	54.4500	74.4750	
-0.0580	0.1519	0.0047	54.4750	74.6000	
-0.0579	0.1511	0.0042	54.4000	74.6000	
-0.0579	0.1506	0.0039	54.3000	74.5500	
-0.0579	0.1499	0.0034	54.1750	74.5750	
-0.0577	0.1500	0.0039	54.0750	74.6000	
-0.0577	0.1505	0.0041	53.9250	74.6250	
-0.0577	0.1502	0.0040	54.0250	74.4750	
-0.0573	0.1502	0.0047	54.0750	74.6750	
-0.0574	0.1499	0.0043	53.8750	74.6250	
-0.0575	0.1509	0.0048	53.8500	74.6250	
-0.0577	0.1499	0.0038	53.9750	74.5750	
-0.0577	0.1495	0.0034	53.7500	74.4500	
-0.0577	0.1490	0.0032	53.7000	74.5750	
-0.0576	0.1499	0.0040	53.6500	74.4750	
-0.0574	0.1498	0.0043	53.6000	74.5500	
-0.0573	0.1492	0.0040	53.6750	74.5250	
-0.0576	0.1489	0.0032	53.5750	74.6000	
-0.0576	0.1500	0.0039	53.5250	74.6000	
-0.0577	0.1492	0.0033	53.5000	74.6000	
-0.0576	0.1491	0.0034	53.6250	74.5500	
-0.0577	0.1498	0.0037	53.4250	74.4750	
-0.0576	0.1488	0.0032	53.3750	74.5000	
-0.0577	0.1499	0.0038	53.0250	74.5750	
-0.0572	0.1497	0.0045	53.3500	74.5250	
-0.0573	0.1510	0.0052	53.1250	74.5500	
-0.0575	0.1496	0.0039	53.0750	74.6000	
-0.0575	0.1505	0.0045	52.9500	74.5500	
-0.0572	0.1488	0.0038	52.9750	74.5500	
-0.0575	0.1507	0.0046	52.9250	74.7000	
-0.0574	0.1486	0.0034	52.8750	74.6500	
-0.0572	0.1483	0.0036	52.6250	74.6750	
-0.0569	0.1477	0.0036	52.6500	74.5750	
-0.0572	0.1481	0.0034	52.6750	74.5250	
-0.0574	0.1478	0.0029	52.5500	74.5500	
-0.0574	0.1479	0.0030	52.3750	74.5750	
-0.0574	0.1478	0.0030	52.3500	74.5750	
-0.0573	0.1482	0.0032	52.2500	74.6500	
-0.0573	0.1478	0.0030	52.2500	74.6250	
-0.0573	0.1477	0.0029	52.2000	74.6500	
-0.0574	0.1484	0.0033	52.2000	74.5500	
-0.0573	0.1476	0.0029	52.1000	74.6500	
-0.0571	0.1474	0.0031	52.0000	74.7250	
-0.0572	0.1480	0.0033	51.8750	74.7000	
-0.0571	0.1475	0.0032	51.7750	74.7500	
-0.0573	0.1479	0.0031	51.6500	74.7500	
-0.0571	0.1479	0.0034	51.8500	74.6000	
-0.0573	0.1479	0.0031	51.8000	74.6250	
-0.0572	0.1484	0.0035	51.8750	74.5250	
-0.0571	0.1475	0.0031	51.7500	74.6000	
-0.0572	0.1472	0.0028	51.6250	74.6750	
-0.0569	0.1476	0.0035	51.4500	74.5500	
-0.0571	0.1490	0.0042	51.4500	74.6000	
-0.0573	0.1476	0.0030	51.2000	74.7250	
-0.0573	0.1471	0.0026	51.2500	74.7000	
-0.0571	0.1473	0.0031	51.1000	74.6750	
-0.0569	0.1487	0.0044	51.3250	74.5000	
-0.0567	0.1478	0.0041	51.1250	74.6250	
-0.0567	0.1494	0.0051	51.1500	74.8500	
-0.0567	0.1480	0.0042	51.1250	74.8250	
-0.0566	0.1487	0.0047	51.0750	74.7250	
-0.0570	0.1478	0.0036	50.5250	74.6750	
-0.0569	0.1470	0.0031	50.4250	74.8000	
-0.0567	0.1473	0.0038	50.3750	74.5500	
-0.0569	0.1465	0.0029	50.2250	74.8250	
-0.0571	0.1470	0.0028	50.4250	74.8500	
-0.0573	0.1481	0.0032	50.0250	74.7000	
-0.0567	0.1474	0.0037	50.1750	74.7500	
-0.0569	0.1465	0.0028	49.6750	74.7000	
-0.0571	0.1461	0.0023	49.9250	74.8000	
-0.0574	0.1480	0.0030	50.0500	74.6250	
-0.0572	0.1494	0.0042	50.1500	74.7750	
-0.0571	0.1468	0.0028	50.1500	74.5750	
-0.0573	0.1466	0.0023	49.7750	74.7500	
-0.0570	0.1464	0.0027	49.7500	74.7000	
-0.0571	0.1463	0.0024	49.5500	74.7000	
-0.0570	0.1468	0.0028	49.9250	74.4750	
-0.0570	0.1462	0.0024	49.4500	74.6750	
-0.0570	0.1468	0.0029	49.7250	74.7750	
-0.0572	0.1460	0.0020	49.2000	74.7500	
-0.0570	0.1455	0.0021	49.2750	74.7750	
-0.0569	0.1454	0.0020	49.0500	74.6750	
-0.0570	0.1454	0.0019	48.9250	74.7500	
-0.0569	0.1453	0.0021	48.8500	74.7750	
-0.0569	0.1463	0.0027	48.7500	74.6500	
-0.0571	0.1456	0.0020	48.9000	74.6750	
-0.0571	0.1454	0.0018	48.6000	74.7000	
-0.0570	0.1455	0.0020	48.5250	74.7000	
-0.0570	0.1455	0.0020	48.6500	74.7000	
-0.0570	0.1454	0.0019	48.4250	74.6250	
-0.0570	0.1454	0.0019	48.4250	74.7000	
-0.0570	0.1462	0.0025	47.9000	74.7500	
-0.0567	0.1459	0.0027	48.5250	74.6250	
-0.0570	0.1467	0.0028	47.7250	74.6750	
-0.0568	0.1482	0.0041	48.2500	74.7500	
-0.0567	0.1458	0.0027	48.1750	74.6500	
-0.0570	0.1455	0.0020	47.6250	74.7500	
-0.0568	0.1454	0.0023	47.7750	74.5750	
-0.0571	0.1466	0.0026	48.1500	74.6500	
-0.0571	0.1458	0.0021	47.0000	74.7000	
-0.0570	0.1470	0.0031	48.0500	74.6500	
-0.0567	0.1466	0.0033	47.2500	74.7750	
-0.0569	0.1457	0.0022	47.5750	74.7500	
-0.0569	0.1454	0.0021	46.7250	74.7000	
-0.0570	0.1452	0.0018	47.1000	74.7250	
-0.0570	0.1450	0.0017	46.4000	74.7250	
-0.0569	0.1449	0.0017	46.8750	74.7000	
-0.0571	0.1463	0.0024	46.8000	74.6500	
-0.0563	0.1518	0.0074	46.3750	74.5750	
-0.0567	0.1460	0.0028	47.5250	74.6750	
-0.0567	0.1451	0.0021	46.1250	74.7500	
-0.0570	0.1449	0.0017	46.3250	74.8250	
-0.0568	0.1452	0.0021	46.0000	74.7750	
-0.0567	0.1453	0.0023	45.7000	74.6500	
-0.0567	0.1450	0.0022	45.8250	74.7250	
-0.0569	0.1451	0.0019	45.6000	74.7250	
-0.0569	0.1449	0.0018	45.7750	74.7250	
-0.0568	0.1445	0.0018	45.3500	74.7250	
-0.0569	0.1446	0.0016	45.5250	74.6750	
-0.0569	0.1445	0.0016	45.7250	74.7000	
-0.0569	0.1447	0.0017	45.2750	74.8000	
-0.0567	0.1447	0.0020	45.4250	74.7500	
-0.0568	0.1447	0.0018	45.0750	74.7000	
-0.0567	0.1444	0.0017	45.2750	74.7250	
-0.0568	0.1445	0.0016	44.9500	74.7250	
-0.0568	0.1447	0.0018	45.5750	74.7750	
-0.0566	0.1445	0.0019	45.1500	74.6500	
-0.0568	0.1444	0.0017	46.0750	74.7500	
-0.0566	0.1448	0.0022	46.2250	74.7000	
-0.0560	0.1454	0.0036	45.6750	74.7000	
-0.0568	0.1455	0.0024	44.6500	74.7750	
-0.0569	0.1448	0.0016	46.3250	74.7500	
-0.0568	0.1454	0.0022	45.2500	74.8500	
-0.0568	0.1448	0.0019	45.0250	74.8000	
-0.0568	0.1443	0.0016	45.1000	74.8000	
-0.0570	0.1449	0.0017	44.5000	74.7750	
-0.0569	0.1450	0.0019	45.8500	74.8500	
-0.0568	0.1450	0.0021	45.3000	74.7500	
-0.0565	0.1443	0.0019	45.2250	74.7750	
-0.0569	0.1444	0.0015	44.3500	74.7250	
-0.0568	0.1462	0.0028	44.7000	74.8000	
-0.0563	0.1447	0.0026	45.0000	74.7750	
-0.0569	0.1444	0.0015	44.3750	74.7750	
-0.0563	0.1441	0.0023	43.9000	74.6750	
-0.0568	0.1476	0.0036	45.8250	74.6500	
-0.0568	0.1471	0.0034	43.1500	74.8750	
-0.0567	0.1454	0.0023	46.2000	74.8750	
-0.0567	0.1454	0.0024	43.4750	74.8000	
-0.0568	0.1462	0.0028	45.4250	74.9000	
-0.0567	0.1442	0.0016	44.6250	74.7500	
-0.0568	0.1442	0.0015	44.1750	74.8250	
-0.0567	0.1443	0.0017	44.0250	74.9500	
-0.0566	0.1444	0.0020	44.4500	74.7750	
-0.0569	0.1447	0.0016	44.1500	74.8750	
-0.0567	0.1448	0.0020	44.3250	74.7250	
-0.0569	0.1445	0.0016	45.3000	74.8250	
-0.0568	0.1444	0.0016	43.6250	74.8250	
-0.0567	0.1449	0.0020	45.1250	74.8750	
-0.0564	0.1449	0.0027	45.1500	74.7500	
-0.0569	0.1463	0.0027	44.7250	74.7250	
-0.0567	0.1454	0.0024	43.6750	74.8500	
-0.0568	0.1439	0.0014	43.7250	74.8000	
-0.0567	0.1439	0.0013	43.2500	74.8250	
-0.0568	0.1440	0.0014	42.7500	74.8750	
-0.0567	0.1439	0.0014	43.8000	74.8000	
-0.0568	0.1438	0.0013	43.3250	74.8000	
-0.0568	0.1443	0.0016	44.0250	74.8000	
-0.0568	0.1448	0.0018	43.5500	74.8750	
-0.0564	0.1443	0.0022	43.6750	74.7750	
-0.0566	0.1477	0.0041	43.0000	74.8250	
-0.0566	0.1454	0.0026	44.5750	74.8250	
-0.0565	0.1449	0.0024	43.0750	74.8500	
-0.0566	0.1446	0.0021	43.2500	74.8500	
-0.0564	0.1445	0.0022	43.7500	74.7500	
-0.0565	0.1449	0.0025	43.6250	74.9500	
-0.0566	0.1448	0.0022	44.4000	74.7000	
-0.0565	0.1452	0.0026	43.1500	74.8000	
-0.0567	0.1443	0.0016	42.8750	74.7750	
-0.0567	0.1443	0.0017	43.2000	74.8250	
-0.0566	0.1445	0.0021	42.7250	74.7500	
-0.0567	0.1449	0.0022	43.4000	74.8250	
-0.0567	0.1439	0.0014	41.6250	74.7250	
-0.0569	0.1443	0.0015	42.9500	74.7000	
-0.0565	0.1456	0.0029	43.0250	74.8250	
-0.0570	0.1445	0.0014	43.7000	74.8000	
-0.0566	0.1437	0.0015	43.0250	74.8750	
-0.0566	0.1440	0.0017	42.4250	74.8000	
-0.0568	0.1438	0.0012	42.9500	74.8500	
-0.0568	0.1444	0.0016	42.1000	74.7500	
-0.0568	0.1459	0.0025	44.2250	74.6500	
-0.0565	0.1455	0.0029	42.1500	74.6750	
-0.0561	0.1451	0.0033	43.5750	74.7500	
-0.0567	0.1442	0.0016	42.9250	74.7750	
-0.0566	0.1439	0.0016	42.2500	74.9000	
-0.0566	0.1436	0.0015	42.0500	74.7750	
-0.0566	0.1444	0.0020	42.4250	74.8000	
-0.0567	0.1444	0.0017	41.6250	74.7500	
-0.0565	0.1437	0.0016	43.3250	74.9500	
-0.0564	0.1448	0.0025	41.9750	74.7000	
-0.0567	0.1441	0.0015	42.2500	74.8500	
-0.0568	0.1436	0.0012	41.8000	74.7750	
-0.0567	0.1436	0.0012	41.5250	74.8000	
-0.0566	0.1439	0.0017	41.2250	74.8500	
-0.0566	0.1443	0.0020	42.3000	74.7750	
-0.0564	0.1466	0.0038	42.6250	74.7000	
-0.0567	0.1451	0.0022	40.8250	74.7750	
-0.0567	0.1443	0.0017	43.0000	74.7500	
-0.0567	0.1437	0.0012	41.0750	74.7500	
-0.0568	0.1440	0.0014	41.0000	74.8000	
-0.0566	0.1441	0.0017	41.0000	74.8250	
-0.0567	0.1437	0.0013	41.1000	74.8000	
-0.0567	0.1437	0.0013	41.5250	74.7500	
-0.0567	0.1438	0.0013	39.8250	74.7750	
-0.0567	0.1439	0.0013	41.3250	74.7750	
-0.0566	0.1442	0.0018	40.2500	74.7500	
-0.0563	0.1451	0.0029	42.2750	74.8250	
-0.0571	0.1472	0.0029	43.6000	74.6500	
-0.0560	0.1444	0.0030	40.8250	74.8750	
-0.0561	0.1448	0.0030	41.7000	74.7500	
-0.0567	0.1437	0.0014	41.2500	74.8750	
-0.0567	0.1436	0.0012	39.9750	74.8250	
-0.0564	0.1456	0.0031	38.9250	74.8250	
-0.0563	0.1461	0.0036	42.8000	74.8750	
-0.0567	0.1444	0.0017	37.6750	74.8250	
-0.0568	0.1442	0.0015	41.3750	74.8000	
-0.0566	0.1439	0.0015	38.8000	74.7250	
-0.0565	0.1438	0.0017	39.7750	74.7000	
-0.0565	0.1436	0.0015	39.9250	74.7750	
-0.0566	0.1437	0.0014	39.2750	74.7750	
-0.0564	0.1450	0.0027	40.3750	74.6500	
-0.0562	0.1458	0.0035	39.3250	74.8000	
-0.0561	0.1449	0.0032	42.7250	74.7000	
-0.0563	0.1440	0.0022	38.6500	74.7500	
-0.0562	0.1459	0.0036	42.1000	74.7000	
-0.0566	0.1450	0.0024	39.1750	74.7000	
-0.0564	0.1451	0.0027	41.8000	74.7000	
-0.0564	0.1440	0.0020	40.8750	74.7500	
-0.0562	0.1443	0.0026	38.8500	74.7000	
-0.0566	0.1444	0.0019	38.5000	74.7750	
-0.0561	0.1442	0.0026	40.1500	74.8000	
-0.0565	0.1438	0.0017	39.4750	74.8250	
-0.0565	0.1437	0.0017	39.4750	74.7750	
-0.0567	0.1442	0.0016	40.2000	74.7750	
-0.0564	0.1446	0.0024	39.6500	74.7500	
-0.0567	0.1445	0.0019	40.5750	74.7750	
-0.0561	0.1458	0.0037	38.7750	74.8000	
-0.0565	0.1455	0.0029	40.2250	74.5750	
-0.0566	0.1445	0.0019	41.7250	74.8750	
-0.0566	0.1449	0.0023	39.8250	74.7250	
-0.0566	0.1441	0.0017	39.6000	74.8250	
-0.0567	0.1437	0.0013	38.4500	74.7500	
-0.0567	0.1437	0.0013	37.1250	74.7250	
-0.0567	0.1437	0.0014	38.6000	74.7000	
-0.0567	0.1436	0.0012	38.3750	74.7250	
-0.0567	0.1436	0.0013	38.0250	74.7500	
-0.0567	0.1440	0.0015	38.2750	74.7750	
-0.0565	0.1460	0.0031	39.2500	74.7250	
-0.0566	0.1458	0.0028	40.1250	74.4750	
-0.0568	0.1449	0.0019	37.8250	74.6000	
-0.0567	0.1444	0.0017	41.7250	74.7250	
-0.0567	0.1439	0.0015	38.9500	74.7250	
-0.0566	0.1439	0.0015	40.7000	74.6250	
-0.0567	0.1437	0.0012	40.2250	74.7250	
-0.0567	0.1439	0.0015	39.4250	74.7250	
-0.0566	0.1438	0.0015	39.4750	74.7500	
-0.0565	0.1437	0.0016	38.4500	74.7000	
-0.0567	0.1436	0.0013	40.2500	74.7250	
-0.0566	0.1439	0.0016	38.4250	74.7250	
-0.0567	0.1447	0.0020	41.8000	74.5750	
-0.0565	0.1443	0.0021	37.7250	74.7000	
-0.0567	0.1437	0.0013	39.8500	74.6750	
-0.0567	0.1436	0.0013	38.5250	74.6750	
-0.0567	0.1441	0.0016	39.2250	74.7250	
-0.0566	0.1457	0.0027	40.4750	74.8000	
-0.0570	0.1473	0.0031	39.6500	74.4000	
-0.0563	0.1457	0.0033	40.8750	74.6500	
-0.0566	0.1450	0.0023	37.7250	74.6250	
-0.0567	0.1446	0.0019	42.4000	74.7250	
-0.0567	0.1438	0.0014	38.7000	74.6750	
-0.0567	0.1447	0.0019	42.2500	74.6500	
-0.0566	0.1447	0.0021	38.2750	74.8500	
-0.0567	0.1437	0.0013	40.9000	74.6500	
-0.0569	0.1447	0.0017	40.2500	74.6250	
-0.0568	0.1455	0.0023	40.9750	74.6250	
-0.0567	0.1457	0.0026	41.9250	74.6750	
-0.0566	0.1446	0.0021	42.1000	74.5250	
-0.0566	0.1440	0.0016	39.5500	74.6250	
-0.0571	0.1466	0.0026	39.1250	74.5750	
-0.0559	0.1464	0.0044	41.4250	74.6750	
-0.0564	0.1441	0.0021	41.2250	74.6750	
-0.0564	0.1449	0.0026	40.7250	74.5750	
-0.0562	0.1438	0.0021	40.3750	74.6000	
-0.0561	0.1445	0.0029	40.1250	74.7500	
-0.0565	0.1443	0.0020	38.8000	74.6250	
-0.0566	0.1442	0.0017	41.1250	74.6250	
-0.0564	0.1442	0.0022	39.8000	74.6500	
-0.0566	0.1438	0.0016	38.4000	74.5750	
-0.0567	0.1438	0.0013	39.8750	74.5750	
-0.0567	0.1440	0.0014	39.5250	74.6250	
-0.0568	0.1443	0.0015	39.7000	74.6000	
-0.0564	0.1445	0.0023	41.0500	74.7500	
-0.0567	0.1440	0.0016	39.8250	74.6250	
-0.0565	0.1445	0.0022	39.9750	74.4500	
-0.0568	0.1449	0.0019	39.4500	74.5250	
-0.0566	0.1441	0.0018	39.9750	74.5750	
-0.0566	0.1439	0.0016	40.3750	74.7250	
-0.0567	0.1441	0.0015	41.0750	74.5500	
0.3953	57.8750	0.4313	50.0000	
0.3801	57.6250	0.4116	50.0000	
0.3656	57.1250	0.3932	50.0000	
0.3507	56.4250	0.3768	50.0000	
0.3364	53.0000	0.3614	50.0000	
0.3222	50.8750	0.3470	50.0000	
0.3090	50.0000	0.3335	50.0000	
0.2966	50.0000	0.3214	50.0000	
0.2854	50.0000	0.3109	50.0000	
0.2759	50.0000	0.3020	50.0250	
0.2684	50.0000	0.2945	51.5000	
0.2621	50.0000	0.2888	61.5250	
0.2578	50.0000	0.2843	72.2500	
0.2550	50.0000	0.2810	77.8250	
0.2531	50.0000	0.2782	81.1750	
0.2518	50.0000	0.2759	81.6500	
0.2511	50.0000	0.2739	79.1250	
0.2505	50.0000	0.2719	78.0500	
0.2502	50.0000	0.2697	77.6250	
0.2499	50.6000	0.2669	77.9250	
0.2496	51.2000	0.2626	79.3750	
0.2495	50.5250	0.2577	81.8500	
0.2493	50.6000	0.2526	81.6000	
0.2491	51.1250	0.2470	81.6250	
0.2489	52.5500	0.2408	81.5250	
0.2487	54.0250	0.2342	81.4000	
0.2485	52.6250	0.2271	81.3250	
0.2484	50.5000	0.2196	81.4000	
0.2481	50.9750	0.2121	81.1000	
0.2479	51.4250	0.2044	81.0500	
0.2477	50.8000	0.1970	81.0750	
0.2475	50.6000	0.1899	81.0500	
0.2472	50.4000	0.1831	81.0500	
0.2470	50.6250	0.1769	81.1500	
0.2468	50.4500	0.1713	81.1000	
0.2465	50.4250	0.1665	81.1500	
0.2463	50.4750	0.1623	81.2500	
0.2460	50.4250	0.1589	81.3250	
0.2456	50.2500	0.1561	81.3250	
0.2453	50.2750	0.1539	81.3500	
0.2450	50.2750	0.1523	81.3500	
0.2447	50.2500	0.1511	81.3500	
0.2443	50.3750	0.1503	81.3500	
0.2440	50.2750	0.1497	81.3500	
0.2436	50.2250	0.1493	81.4000	
0.2432	50.2250	0.1490	81.3500	
0.2428	50.4000	0.1488	81.3000	
0.2423	50.4250	0.1486	81.3000	
0.2418	50.1750	0.1485	81.3000	
0.2413	50.1250	0.1484	81.3000	
0.2407	49.9750	0.1482	81.3250	
0.2401	50.1750	0.1481	81.3000	
0.2393	50.3750	0.1480	81.3000	
0.2387	50.0750	0.1479	81.3250	
0.2377	50.4000	0.1478	81.3000	
0.2369	50.5250	0.1477	81.3000	
0.2358	50.3500	0.1476	81.3500	
0.2349	50.5750	0.1475	81.3500	
0.2338	50.6250	0.1474	81.3750	
0.2326	50.6250	0.1473	81.3750	
0.2315	50.5750	0.1472	81.3750	
0.2303	50.2500	0.1470	81.3500	
0.2289	50.3750	0.1469	81.3500	
0.2275	50.3250	0.1467	81.4250	
0.2262	50.2500	0.1465	81.4250	
0.2248	50.3000	0.1461	81.3750	
0.2234	50.5000	0.1457	81.4250	
0.2217	50.3750	0.1453	81.4500	
0.2202	50.2500	0.1448	81.4500	
0.2186	50.5750	0.1444	81.4750	
0.2170	50.0500	0.1440	81.4500	
0.2154	50.3000	0.1435	81.4500	
0.2136	50.2750	0.1430	81.5000	
0.2120	50.6000	0.1426	81.5000	
0.2101	41.8750	0.1421	81.5000	
0.2081	31.3750	0.1417	81.4750	
0.2063	45.0500	0.1412	81.5500	
0.2045	48.0750	0.1408	81.5250	
0.2027	39.0250	0.1402	81.6000	
0.2007	37.7000	0.1397	81.6000	
0.1989	30.6750	0.1392	81.5250	
0.1967	33.2500	0.1387	81.5500	
0.1947	30.6500	0.1382	81.7500	
0.1930	28.6000	0.1376	81.5750	
0.1909	29.1750	0.1371	81.8000	
0.1891	27.5750	0.1364	81.7250	
0.1871	27.8750	0.1357	81.7750	
0.1852	27.2500	0.1350	81.8250	
0.1834	26.8750	0.1342	81.7500	
0.1814	26.8750	0.1334	81.9000	
0.1796	28.4500	0.1325	81.8500	
0.1778	26.9750	0.1315	81.9750	
0.1760	27.1250	0.1305	82.0750	
0.1742	26.5500	0.1294	81.8500	
0.1726	26.8250	0.1282	81.9250	
0.1708	26.4250	0.1271	82.1000	
0.1693	26.2750	0.1258	81.9500	
0.1682	27.3750	0.1245	81.9250	
0.1664	25.2250	0.1231	82.1750	
0.1649	26.6000	0.1216	82.0500	
0.1634	25.6750	0.1200	82.1750	
0.1620	25.9250	0.1183	82.2500	
0.1607	25.5250	0.1165	82.2750	
0.1595	25.9000	0.1145	82.4250	
0.1583	25.4750	0.1125	82.4750	
0.1572	25.7000	0.1103	82.6250	
0.1561	25.6000	0.1080	82.6750	
0.1551	25.0000	0.1056	82.6750	
0.1541	25.3750	0.1030	82.6750	
0.1534	25.1250	0.1005	82.9000	
0.1524	25.4250	0.0977	82.9250	
0.1514	25.1500	0.0949	82.9750	
0.1505	24.9000	0.0921	83.1250	
0.1499	24.4500	0.0893	83.1250	
0.1494	24.9250	0.0864	83.2250	
0.1489	24.7250	0.0835	83.4000	
0.1484	25.0500	0.0806	83.5000	
0.1475	24.8000	0.0777	83.6000	
0.1470	24.8750	0.0749	83.6250	
0.1465	24.8750	0.0720	83.7500	
0.1462	24.9250	0.0692	83.8000	
0.1456	24.7750	0.0665	83.8000	
0.1456	24.9250	0.0638	83.8500	
0.1452	24.9250	0.0611	83.9500	
0.1452	25.2750	0.0586	84.0500	
0.1444	24.8500	0.0561	84.1000	
0.1441	25.1000	0.0536	84.0000	
0.1437	24.6500	0.0508	84.0500	
0.1432	24.9000	0.0469	84.0500	
0.1429	24.6000	0.0427	84.1000	
0.1428	24.8500	0.0385	84.1000	
0.1426	24.8750	0.0346	84.1000	
0.1423	25.0000	0.0309	83.9500	
0.1421	24.8250	0.0276	83.8500	
0.1420	24.8750	0.0244	83.6250	
0.1418	25.3000	0.0217	83.5500	
0.1416	25.2500	0.0190	83.2000	
0.1415	25.2250	0.0167	82.9500	
0.1414	25.1000	0.0146	82.8500	
0.1412	25.2500	0.0129	82.5250	
0.1412	25.3000	0.0113	82.3500	
0.1412	25.5250	0.0098	82.0000	
0.1411	25.5000	0.0086	81.5750	
0.1411	25.2500	0.0076	81.3750	
0.1408	25.5250	0.0067	81.1500	
0.1408	25.8250	0.0059	80.9500	
0.1407	25.8250	0.0053	80.3750	
0.1406	25.5000	0.0047	80.1500	
0.1408	25.7250	0.0043	79.8000	
0.1405	25.7250	0.0039	79.4750	
0.1404	26.3750	0.0036	79.2500	
0.1405	26.5250	0.0033	78.8750	
0.1404	26.2500	0.0031	78.7250	
0.1405	26.5750	0.0030	78.5500	
0.1403	26.8000	0.0028	78.3750	
0.1405	26.7750	0.0027	78.0500	
0.1403	27.4500	0.0025	77.9750	
0.1404	26.8250	0.0025	77.7500	
0.1404	28.0250	0.0024	77.4250	
0.1402	26.2500	0.0023	77.2750	
0.1401	27.2250	0.0023	77.1000	
0.1403	28.3500	0.0022	76.9000	
0.1401	27.4250	0.0022	76.6500	
0.1401	28.2000	0.0021	76.5750	
0.1400	27.7000	0.0021	76.4250	
0.1400	28.6250	0.0021	76.3000	
0.1400	28.1000	0.0021	76.1500	
0.1400	29.5250	0.0020	76.1250	
0.1402	27.3250	0.0020	75.9250	
0.1403	30.5750	0.0020	75.9000	
0.1399	28.1500	0.0020	75.7500	
0.1401	30.9250	0.0020	75.6000	
0.1399	28.0500	0.0020	75.5250	
0.1401	31.1750	0.0020	75.4500	
0.1399	29.0500	0.0020	75.3500	
0.1399	30.0500	0.0019	75.2250	
0.1400	29.8250	0.0019	75.0750	
0.1398	31.7750	0.0019	75.0500	
0.1399	30.3000	0.0019	75.0250	
0.1402	33.0500	0.0019	74.9500	
0.1400	29.5000	0.0019	74.9000	
0.1400	33.7000	0.0019	74.8500	
0.1397	31.2500	0.0019	74.7750	
0.1397	32.1750	0.0019	74.7500	
0.1397	33.9250	0.0019	74.7250	
0.1400	31.3500	0.0019	74.7750	
0.1398	35.6250	0.0019	74.6750	
0.1399	32.1000	0.0019	74.7000	
0.1398	36.3750	0.0019	74.6750	
0.1397	33.4000	0.0019	74.6750	
0.1398	36.8000	0.0019	74.5500	
0.1397	33.8000	0.0019	74.6250	
0.1398	38.0750	0.0019	74.6000	
0.1397	34.0000	0.0019	74.5750	
0.1396	37.4000	0.0019	74.6000	
0.1396	38.9000	0.0019	74.5750	
0.1396	37.0750	0.0019	74.5750	
0.1396	37.6500	0.0019	74.5750	
0.1395	38.1750	0.0019	74.5000	
0.1395	40.5500	0.0019	74.5750	
0.1396	39.8750	0.0019	74.5500	
0.1395	39.6750	0.0019	74.5500	
0.1395	40.1500	0.0019	74.5500	
0.1395	41.0500	0.0019	74.5500	
0.1395	39.8500	0.0019	74.5750	
0.1395	42.1750	0.0019	74.5500	
0.1396	40.7000	0.0019	74.5500	
0.1396	43.9000	0.0019	74.5000	
0.1396	41.4750	0.0019	74.5000	
0.1397	43.8500	0.0019	74.5250	
0.1397	40.6000	0.0019	74.5000	
0.1397	45.6000	0.0019	74.5500	
0.1395	43.1000	0.0019	74.5250	
0.1395	44.7500	0.0019	74.4500	
0.1395	44.4250	0.0019	74.5250	
0.1395	45.2250	0.0019	74.5250	
0.1395	46.3000	0.0019	74.5250	
0.1396	44.2500	0.0019	74.4750	
0.1394	46.5500	0.0018	74.5250	
0.1394	46.4750	0.0018	74.4750	
0.1394	45.9750	0.0018	74.5000	
0.1394	46.9750	0.0019	74.5000	
0.1394	46.9250	0.0018	74.4750	
0.1394	47.0750	0.0018	74.5250	
0.1395	46.7750	0.0018	74.4250	
0.1396	48.0000	0.0019	74.4750	
0.1394	46.7500	0.0018	74.4750	
0.1394	47.7500	0.0019	74.5000	
0.1394	48.2250	0.0019	74.4750	
0.1393	47.6000	0.0018	74.5000	
0.1393	48.0750	0.0019	74.4250	
0.1395	47.9000	0.0019	74.4500	
0.1394	48.7000	0.0019	74.4500	
0.1393	48.3000	0.0018	74.5000	
0.1394	48.1000	0.0018	74.4500	
0.1394	48.5250	0.0018	74.4750	
0.1393	48.2250	0.0018	74.5000	
0.1395	48.5000	0.0018	74.4750	
0.1394	48.7500	0.0018	74.5000	
0.1394	48.3750	0.0018	74.4750	
0.1396	48.8250	0.0018	74.4500	
0.1394	48.5000	0.0018	74.4750	
0.1396	48.8750	0.0019	74.4750	
0.1396	48.4750	0.0019	74.4250	
0.1394	48.7000	0.0019	74.4500	
0.1396	48.9250	0.0018	74.4250	
0.1393	48.8250	0.0018	74.4750	
0.1395	49.0000	0.0018	74.4750	
0.1394	49.1750	0.0018	74.4500	
0.1394	49.0000	0.0018	74.4000	
0.1393	49.0500	0.0018	74.4500	
0.1393	49.3000	0.0018	74.4500	
0.1394	49.1000	0.0018	74.4750	
0.1395	49.4750	0.0018	74.4250	
0.1393	49.2000	0.0018	74.4000	
0.1393	49.3000	0.0018	74.4750	
0.1393	49.2750	0.0018	74.4750	
0.1393	49.4000	0.0018	74.4500	
0.1393	49.4000	0.0018	74.4250	
0.1393	49.4250	0.0018	74.4000	
0.1393	49.5750	0.0018	74.4500	
0.1392	49.5750	0.0018	74.4500	
0.1393	49.4500	0.0018	74.3500	
0.1393	49.7000	0.0018	74.4500	
0.1393	49.5750	0.0018	74.4500	
0.1393	49.6000	0.0018	74.4750	
0.1392	49.8000	0.0018	74.4250	
0.1392	49.8250	0.0018	74.4250	
0.1392	49.6500	0.0018	74.4500	
0.1392	49.7750	0.0018	74.4250	
0.1392	49.7750	0.0018	74.4500	
0.1394	49.9500	0.0018	74.4250	
0.1393	49.7500	0.0018	74.4750	
0.1392	50.0750	0.0018	74.4250	
0.1394	49.9000	0.0018	74.4750	
0.1392	50.2000	0.0018	74.4500	
0.1392	50.1000	0.0018	74.4750	
0.1392	50.0000	0.0018	74.4000	
0.1392	49.8000	0.0018	74.4750	
0.1392	50.0000	0.0018	74.4250	
0.1392	50.1750	0.0018	74.4000	
0.1392	50.2750	0.0018	74.4000	
0.1393	50.0750	0.0018	74.4750	
0.1392	50.2250	0.0018	74.4500	
0.1392	50.2250	0.0018	74.4000	
0.1393	50.3500	0.0018	74.4250	
0.1393	50.2250	0.0018	74.4250	
0.1392	50.3500	0.0018	74.4000	
0.1392	50.4250	0.0018	74.4500	
0.1392	50.3250	0.0018	74.4000	
0.1392	50.3750	0.0018	74.5000	
0.1393	50.2250	0.0018	74.3500	
0.1393	50.4000	0.0018	74.4500	
0.1392	50.5250	0.0018	74.4000	
0.1393	50.5250	0.0018	74.4000	
0.1393	50.4000	0.0018	74.4250	
0.1392	50.5250	0.0018	74.4000	
0.1392	50.5500	0.0018	74.4250	
0.1392	50.7250	0.0018	74.4000	
0.1392	50.7500	0.0018	74.3750	
0.1392	50.5000	0.0018	74.4000	
0.1392	50.5250	0.0018	74.4000	
0.1392	50.5750	0.0018	74.4250	
0.1393	50.7000	0.0018	74.4000	
0.1392	50.6750	0.0018	74.4000	
0.1393	50.6250	0.0018	74.4000	
0.1392	50.7000	0.0018	74.4000	
0.1394	50.6250	0.0018	74.4000	
0.1393	50.5750	0.0018	74.3750	
0.1392	50.8250	0.0018	74.4000	
0.1392	50.8250	0.0018	74.4000	
0.1392	50.7500	0.0018	74.4000	
0.1392	50.7750	0.0018	74.4000	
0.1392	50.6750	0.0018	74.3750	
0.1392	50.7500	0.0018	74.4000	
0.1392	50.7500	0.0018	74.4000	
0.1392	50.7500	0.0018	74.4000	
0.1392	50.8000	0.0018	74.4250	
0.1391	50.8250	0.0018	74.3750	
0.1392	50.7500	0.0018	74.4250	
0.1392	50.7750	0.0018	74.4000	
0.1392	50.8750	0.0018	74.3500	
0.1392	50.9250	0.0018	74.4750	
0.1391	50.8500	0.0018	74.3750	
0.1392	50.9000	0.0018	74.4000	
0.1393	51.0750	0.0018	74.4000	
0.1391	50.9250	0.0018	74.4000	
0.1391	50.9250	0.0018	74.3750	
0.1391	50.8500	0.0018	74.4250	
0.1391	50.9000	0.0018	74.3750	
0.1392	50.9250	0.0018	74.3750	
0.1391	50.7750	0.0018	74.4000	
0.1392	50.9500	0.0018	74.4000	
0.1393	50.9750	0.0018	74.3750	
0.1392	51.0250	0.0018	74.3750	
0.1392	51.1250	0.0018	74.3750	
0.1391	50.9750	0.0018	74.4000	
0.1392	50.8750	0.0018	74.4500	
0.1392	51.0000	0.0017	74.4250	
0.1391	51.0250	0.0017	74.4750	
0.1391	51.1250	0.0017	74.4000	
0.1392	51.0000	0.0017	74.3500	
0.1394	50.9750	0.0017	74.2000	
0.1393	51.1000	0.0017	74.0250	
0.1392	50.8500	0.0017	74.0750	
0.1391	51.1250	0.0017	73.9750	
0.1391	50.9250	0.0017	73.9750	
0.1391	51.0500	0.0017	73.9750	
0.1391	51.1000	0.0017	74.0000	
0.1392	51.0000	0.0017	74.0250	
0.1394	51.0500	0.0017	74.0000	
0.1391	51.1250	0.0017	73.9500	
0.1391	51.0750	0.0017	74.0250	
0.1391	51.0000	0.0017	73.9750	
0.1391	51.1500	0.0017	74.1250	
0.1391	51.0250	0.0017	74.0250	
0.1391	51.0500	0.0017	74.0500	
0.1391	51.0750	0.0017	74.0250	
0.1391	51.1750	0.0017	74.0250	
0.1392	51.1000	0.0016	74.0750	
0.1391	50.9250	0.0016	74.0500	
0.1391	51.1500	0.0017	74.0250	
0.1392	51.0500	0.0016	74.0500	
0.1391	51.1000	0.0017	74.0500	
0.1392	51.0500	0.0017	74.0750	
0.1391	51.2250	0.0016	74.0750	
0.1391	51.1750	0.0017	74.0750	
0.1392	51.0250	0.0016	74.1250	
0.1391	51.1750	0.0017	74.0750	
0.1391	51.2750	0.0016	74.1250	
0.1392	51.0000	0.0016	74.1500	
0.1392	51.1750	0.0017	74.1000	
0.1391	51.1750	0.0017	74.1500	
0.1391	51.0000	0.0017	74.1500	
0.1391	51.1750	0.0017	74.1250	
0.1391	51.1000	0.0017	74.1500	
0.1392	51.0250	0.0016	74.1000	
0.1392	51.3750	0.0016	74.1500	
0.1392	51.2250	0.0016	74.1250	
0.1391	50.9750	0.0016	74.1750	
0.1392	51.2750	0.0016	74.2000	
0.1391	51.1750	0.0016	74.1500	
0.1391	51.0750	0.0016	74.1500	
0.1391	51.3250	0.0016	74.1750	
0.1391	51.0000	0.0016	74.1500	
0.1391	51.2750	0.0016	74.1750	
0.1392	51.1500	0.0016	74.1750	
0.1391	51.1750	0.0016	74.2250	
0.1391	51.3750	0.0016	74.2000	
0.1391	51.3750	0.0016	74.2750	
0.1392	51.2500	0.0016	74.2250	
0.1391	51.2500	0.0016	74.1750	
0.1392	51.2000	0.0016	74.2500	
0.1391	51.3000	0.0016	74.2500	
0.1391	51.2500	0.0017	74.2000	
0.1390	51.3750	0.0016	74.2750	
0.1390	51.3250	0.0016	74.2500	
0.1390	51.1750	0.0016	74.1750	
0.1391	51.2500	0.0016	74.2000	
0.1392	51.3000	0.0016	74.2250	
0.1390	51.1750	0.0016	74.2250	
0.1391	51.0500	0.0016	74.2250	
0.1391	51.3000	0.0016	74.2500	
0.1391	51.4750	0.0016	74.3000	
0.1391	51.2750	0.0016	74.2500	
0.1391	51.3000	0.0016	74.2500	
0.1390	51.3500	0.0016	74.2500	
0.1390	51.3250	0.0016	74.2750	
0.1391	51.3250	0.0016	74.2250	
0.1391	51.0250	0.0016	74.2750	
0.1392	51.3000	0.0016	74.2500	
0.1390	51.1750	0.0016	74.2750	
0.1390	51.2000	0.0016	74.3000	
0.1391	51.5000	0.0016	74.2500	
0.1391	51.3750	0.0016	74.3000	
0.1390	51.4500	0.0016	74.3000	
0.1390	51.3000	0.0016	74.2750	
0.1390	51.4000	0.0016	74.3000	
0.1391	51.1750	0.0016	74.3250	
0.1391	51.4250	0.0016	74.3250	
0.1390	51.3000	0.0016	74.3250	
0.1391	51.4000	0.0016	74.3500	
0.1390	51.4750	0.0016	74.3000	
0.1393	51.1750	0.0016	74.3500	
0.1391	51.2500	0.0016	74.3250	
0.1393	51.3000	0.0016	74.3250	
0.1392	51.3000	0.0016	74.3750	
0.1391	51.3500	0.0016	74.4000	
0.1390	51.4750	0.0016	74.3500	
0.1392	51.0250	0.0016	74.3250	
0.1390	51.5250	0.0016	74.3000	
0.1391	51.3000	0.0016	74.3250	
0.1391	51.3000	0.0016	74.4000	
0.1390	51.3750	0.0016	74.3000	
0.1391	51.1250	0.0016	74.3500	
0.1392	51.1250	0.0016	74.3500	
0.1390	51.3000	0.0016	74.3500	
0.1391	51.3500	0.0016	74.3500	
0.1390	51.4750	0.0016	74.3500	
0.1392	51.1750	0.0016	74.3250	
0.1391	51.4500	0.0016	74.3500	
0.1391	51.1250	0.0016	74.3500	
0.1390	51.1250	0.0016	74.3750	
0.1390	51.4750	0.0016	74.3750	
0.1391	51.3000	0.0016	74.4000	
0.1391	51.3500	0.0016	74.3250	
0.1390	51.5250	0.0016	74.4000	
0.1391	51.4000	0.0016	74.3750	
0.1390	51.3000	0.0016	74.3500	
0.1391	51.2750	0.0016	74.3500	
0.1390	51.5750	0.0016	74.3500	
0.1393	51.5500	0.0016	74.3750	
0.1393	50.9750	0.0016	74.4000	
0.1393	51.4500	0.0016	74.4000	
0.1391	51.1250	0.0016	74.4250	
0.1391	51.4000	0.0016	74.3750	
0.1392	51.3250	0.0016	74.3500	
0.1390	51.2500	0.0016	74.3750	
0.1390	51.6000	0.0016	74.3750	
0.1391	51.3000	0.0016	74.4250	
0.1391	51.6250	0.0016	74.4000	
0.1390	51.5000	0.0016	74.3750	
0.1390	51.3000	0.0016	74.4000	
0.1390	51.4250	0.0016	74.4000	
0.1390	51.6000	0.0016	74.4500	
0.1390	51.4000	0.0016	74.4000	
0.1390	51.5500	0.0016	74.4250	
0.1390	51.4500	0.0016	74.4000	
0.1390	51.3750	0.0016	74.4250	
0.1390	51.4000	0.0016	74.3750	
0.1392	51.5750	0.0016	74.4000	
0.1392	51.4250	0.0016	74.4250	
0.1391	51.6000	0.0016	74.4250	
0.1390	51.3500	0.0016	74.4500	
0.1390	51.5250	0.0016	74.4250	
0.1390	51.5000	0.0016	74.4000	
0.1391	51.3250	0.0016	74.3750	
0.1394	51.7250	0.0016	74.4750	
0.1390	51.1750	0.0016	74.5000	
0.1390	51.4750	0.0016	74.4250	
0.1390	51.5000	0.0016	74.4000	
0.1390	51.3750	0.0015	74.5000	
0.1391	51.5500	0.0015	74.4000	
0.1389	51.6000	0.0016	74.5250	
0.1391	51.3000	0.0015	74.4750	
0.1390	51.5500	0.0015	74.5000	
0.1390	51.4750	0.0015	74.4500	
0.1390	51.5750	0.0015	74.4500	
0.1390	51.4250	0.0015	74.5000	
0.1390	51.5750	0.0015	74.4750	
0.1389	51.4750	0.0015	74.5000	
0.1390	51.4250	0.0015	74.4500	
0.1390	51.4750	0.0015	74.4500	
0.1390	51.5000	0.0015	74.4500	
0.1390	51.4750	0.0015	74.4250	
0.1390	51.5750	0.0014	74.4500	
0.1390	51.4500	0.0014	74.4750	
0.1391	51.3750	0.0014	74.4500	
0.1390	51.4000	0.0014	74.4750	
0.1392	51.3500	0.0014	74.5250	
0.1390	51.5750	0.0014	74.5250	
0.1391	51.3000	0.0014	74.4500	
0.1391	51.6000	0.0014	74.5000	
0.1390	51.4500	0.0014	74.5250	
0.1390	51.3500	0.0014	74.5000	
0.1393	51.7500	0.0014	74.4750	
0.1393	51.2000	0.0014	74.5250	
0.1394	51.4000	0.0013	74.5000	
0.1389	51.3250	0.0013	74.4500	
0.1390	51.3750	0.0013	74.6750	
0.1390	51.6250	0.0013	74.5500	
0.1389	51.5250	0.0013	74.6750	
0.1391	51.6750	0.0013	74.5500	
0.1390	51.6000	0.0013	74.5500	
0.1391	51.6000	0.0013	74.7250	
0.1391	51.3250	0.0013	74.6000	
0.1391	51.7000	0.0012	74.7000	
0.1395	51.4500	0.0012	74.7500	
0.1391	51.7000	0.0012	74.6250	
0.1390	51.5500	0.0012	74.6250	
0.1391	51.5250	0.0012	74.6500	
0.1390	51.5500	0.0012	74.6500	
0.1390	51.6250	0.0012	74.6750	
0.1390	51.7250	0.0012	74.6500	
0.1391	51.4250	0.0012	74.6750	
0.1391	51.5250	0.0011	74.7000	
0.1390	51.5000	0.0011	74.7500	
0.1390	51.5750	0.0011	74.7500	
0.1390	51.4250	0.0011	74.7250	
0.1390	51.5500	0.0011	74.8000	
0.1390	51.6500	0.0011	74.8000	
0.1391	51.4500	0.0011	74.7500	
0.1389	51.7000	0.0011	74.8500	
0.1390	51.6000	0.0011	74.8500	
0.1390	51.3750	0.0010	74.8250	
0.1390	51.6000	0.0010	74.9000	
0.1389	51.6500	0.0010	74.7750	
0.1390	51.6250	0.0010	74.8250	
0.1389	51.5500	0.0010	74.9000	
0.1391	51.6000	0.0010	74.8250	
0.1390	51.3250	0.0010	74.8250	
0.1390	51.7750	0.0009	74.7750	
0.1390	51.6000	0.0009	74.8250	
0.1390	51.6750	0.0009	74.9000	
0.1390	51.5250	0.0009	74.9000	
0.1389	51.8000	0.0009	74.9250	
0.1390	51.5250	0.0009	74.9250	
0.1390	51.5500	0.0008	74.8500	
0.1390	51.5250	0.0008	74.9500	
0.1389	51.6250	0.0008	74.9000	
0.1390	51.6500	0.0008	74.8750	
0.1389	51.5750	0.0008	74.9500	
0.1389	51.7250	0.0008	74.8750	
0.1389	51.6750	0.0008	74.9000	
0.1389	51.6000	0.0007	74.9500	
0.1389	51.7500	0.0007	74.9000	
0.1390	51.5250	0.0007	74.9500	
0.1391	51.8500	0.0007	74.9250	
0.1390	51.5250	0.0007	74.8750	
0.1390	51.7250	0.0007	74.9000	
0.1391	51.4500	0.0007	75.0000	
0.1389	51.6250	0.0006	74.8750	
0.1389	51.7250	0.0006	74.9250	
0.1389	51.5500	0.0006	74.8750	
0.1389	51.7000	0.0006	74.9250	
0.1389	51.5250	0.0006	74.9000	
0.1390	51.5000	0.0006	74.8750	
0.1390	51.5750	0.0006	74.9500	
0.1390	51.7250	0.0006	74.9500	
0.1389	51.7500	0.0006	75.0000	
0.1390	51.7250	0.0006	74.9000	
0.1390	51.7000	0.0005	74.9000	
0.1389	51.6000	0.0005	74.8500	
0.1389	51.6000	0.0005	74.9750	
0.1389	51.8250	0.0005	74.9000	
0.1390	51.7250	0.0005	74.9500	
0.1389	51.8000	0.0005	74.8500	
0.1389	51.5500	0.0005	74.9750	
0.1389	51.7500	0.0005	74.9000	
0.1389	51.8500	0.0005	74.9500	
0.1389	51.8500	0.0005	74.9250	
0.1389	51.7000	0.0005	74.9500	
0.1389	51.7250	0.0005	74.8750	
0.1389	51.8750	0.0005	74.9500	
0.1389	51.8750	0.0005	74.8500	
0.1389	51.8500	0.0005	74.9750	
0.1389	51.7000	0.0005	74.9250	
0.1389	51.7000	0.0005	74.9000	
0.1390	51.7500	0.0005	74.8250	
0.1389	51.7000	0.0005	74.8000	
0.1389	51.8250	0.0005	74.9500	
0.1389	51.7750	0.0005	74.8500	
0.1389	51.8500	0.0005	74.9500	
0.1389	51.6750	0.0005	75.0000	
0.1390	51.8000	0.0005	74.9250	
0.1389	51.8750	0.0005	74.9250	
0.1389	51.8250	0.0005	74.9500	
0.1389	51.8750	0.0005	74.9000	
0.1389	51.5750	0.0005	74.8750	
0.1389	51.7750	0.0005	74.9500	
0.1390	51.5250	0.0005	74.9250	
0.1390	51.8250	0.0005	74.9250	
0.1388	51.8500	0.0004	74.9000	
0.1390	51.8250	0.0004	74.9500	
0.1389	51.9000	0.0004	74.9250	
0.1389	51.6250	0.0004	74.8500	
0.1390	51.7500	0.0004	74.9750	
0.1390	52.0000	0.0004	74.8750	
0.1389	51.8750	0.0004	74.9250	
0.1389	51.9250	0.0004	74.8750	
0.1389	51.6750	0.0004	74.8750	
0.1390	51.9750	0.0004	74.9000	
0.1389	51.9750	0.0004	74.8750	
0.1389	51.8500	0.0004	74.9750	
0.1389	51.9750	0.0004	74.8500	
0.1389	51.8000	0.0004	75.0000	
0.1389	51.9500	0.0004	74.8750	
0.1389	51.9250	0.0004	74.9500	
0.1391	51.9500	0.0004	74.9250	
0.1389	51.9500	0.0004	74.9750	
0.1389	51.9250	0.0004	74.8250	
0.1389	51.9250	0.0004	74.9750	
0.1389	51.9750	0.0004	74.9000	
0.1389	51.9500	0.0004	74.9500	
0.1389	51.8250	0.0004	74.8250	
0.1389	52.2000	0.0004	74.9000	
0.1389	51.8500	0.0004	74.9750	
0.1389	52.0250	0.0004	74.8500	
0.1389	52.0250	0.0004	74.9500	
0.1388	52.0000	0.0004	74.8750	
0.1389	51.9500	0.0004	74.8750	
0.1391	51.9750	0.0004	74.9750	
0.1389	51.8750	0.0004	74.8750	
0.1389	52.0250	0.0004	74.9000	
0.1391	51.7500	0.0004	74.9000	
0.1391	52.1500	0.0004	74.8500	
0.1391	51.7750	0.0004	74.9000	
0.1389	51.8750	0.0004	74.9500	
0.1389	51.8500	0.0004	74.9000	
0.1389	51.9250	0.0004	74.9250	
0.1389	51.9000	0.0004	74.9250	
0.1389	51.8500	0.0004	74.9500	
0.1388	52.0250	0.0004	74.9000	
0.1389	51.9000	0.0004	74.9500	
0.1389	52.0250	0.0004	74.9250	
0.1389	51.9500	0.0004	74.9500	
0.1389	51.9000	0.0004	74.9000	
0.1388	51.9000	0.0004	74.8500	
0.1390	51.7750	0.0004	74.9500	
0.1390	51.3000	0.0004	74.8750	
0.1389	51.7500	0.0004	74.8750	
0.1390	52.0000	0.0004	74.9750	
0.1389	51.9500	0.0004	74.9000	
0.1388	52.0750	0.0004	74.9250	
0.1389	52.1500	0.0004	74.8750	
0.1389	52.0250	0.0004	74.9250	
0.1389	51.7000	0.0004	74.9000	
0.1389	52.0250	0.0004	74.8750	
0.1389	52.0250	0.0004	74.9250	
0.1389	51.8250	0.0004	75.0500	
0.1391	51.8750	0.0004	74.8500	
0.1392	50.9750	0.0004	74.9500	
0.1388	51.9250	0.0004	74.9000	
0.1391	51.7500	0.0004	74.9500	
0.1389	51.8750	0.0004	74.9500	
0.1389	51.7500	0.0004	74.9500	
0.1388	52.1000	0.0004	74.9000	
0.1391	52.1250	0.0004	74.9250	
0.1388	52.0750	0.0004	74.9250	
0.1390	52.0000	0.0004	74.9750	
0.1388	51.8750	0.0004	74.8250	
0.1389	51.9250	0.0004	74.9750	
0.1389	51.7750	0.0004	74.9000	
0.1388	52.0250	0.0004	74.9500	
0.1389	51.9250	0.0004	74.8750	
0.1389	51.6250	0.0004	74.9000	
0.1388	52.0500	0.0004	74.9000	
0.1388	51.9750	0.0004	74.9250	
0.1388	51.9500	0.0004	74.8500	
0.1389	52.0750	0.0004	74.8500	
0.1389	52.0750	0.0004	74.9250	
0.1389	52.1250	0.0004	74.9000	
0.1388	52.0250	0.0004	74.9000	
0.1388	52.0750	0.0004	74.9750	
0.1389	52.0500	0.0004	74.8500	
0.1388	52.1250	0.0004	74.9750	
0.1388	52.2250	0.0004	74.9250	
0.1389	51.7500	0.0004	74.9250	
0.1389	52.1500	0.0004	74.9250	
0.1389	52.1500	0.0004	74.9250	
0.1390	51.7000	0.0004	74.9000	
0.1388	51.6750	0.0004	75.0000	
0.1389	52.0750	0.0004	74.9250	
0.1388	52.0750	0.0004	74.8500	
0.1388	51.7750	0.0004	74.9250	
0.1389	52.2000	0.0004	74.7750	
0.1389	51.9750	0.0004	74.8750	
0.1389	52.1000	0.0004	74.9000	
0.1389	52.1750	0.0004	74.9500	
0.1388	51.7750	0.0004	74.9500	
0.1388	52.0750	0.0004	74.9500	
0.1389	52.1250	0.0004	74.8750	
0.1390	51.9750	0.0004	74.8750	
0.1390	51.6500	0.0004	74.8500	
0.1388	51.9500	0.0004	74.9000	
0.1389	51.8750	0.0004	74.8500	
0.1388	51.6250	0.0004	74.9500	
0.1388	52.1000	0.0004	74.9250	
0.1389	52.1750	0.0004	74.9000	
0.1388	52.0750	0.0004	74.9250	
0.1388	52.0750	0.0004	74.9250	
0.1388	52.1250	0.0004	74.9250	
0.1389	51.6000	0.0004	74.8750	
0.1388	52.0500	0.0004	74.8750	
0.1389	52.0000	0.0004	74.9250	
0.1388	51.5750	0.0004	74.9250	
0.1389	51.9250	0.0004	74.9500	
0.1388	52.0750	0.0004	74.8750	
0.1388	52.1500	0.0004	74.8750	
0.1388	52.0000	0.0004	74.9250	
0.1388	52.0250	0.0004	74.9000	
0.1389	52.2000	0.0004	74.9000	
0.1388	51.3750	0.0004	74.9500	
0.1388	52.0250	0.0004	74.9250	
0.1388	52.1500	0.0004	74.9500	
0.1389	51.6500	0.0004	74.9250	
0.1389	51.8000	0.0004	74.8250	
0.1390	51.7750	0.0004	74.9250	
0.1388	51.9250	0.0004	74.9250	
0.1388	52.2250	0.0004	75.0000	
0.1388	51.8000	0.0004	74.8750	
0.1388	52.1500	0.0004	74.9500	
0.1388	51.9750	0.0004	75.0000	
0.1388	51.6250	0.0004	74.8500	
0.1388	52.0750	0.0004	74.9250	
0.1388	52.1250	0.0004	74.9250	
0.1389	51.6500	0.0004	74.8500	
0.1390	52.0750	0.0004	74.9250	
0.1388	51.9000	0.0004	74.8250	
0.1389	51.3250	0.0004	74.8250	
0.1388	52.0250	0.0004	74.9000	
0.1388	52.1250	0.0004	74.9250	
0.1388	52.0250	0.0004	74.9500	
0.1388	51.8750	0.0004	74.9500	
0.1388	52.1250	0.0004	74.9500	
0.1388	51.8000	0.0004	74.8750	
0.1388	51.9250	0.0004	74.8750	
0.1388	51.9500	0.0004	74.8250	
0.1388	51.5000	0.0004	74.9500	
0.1388	51.7750	0.0004	74.9000	
0.1388	52.2250	0.0004	74.8250	
0.1388	51.9250	0.0004	74.8000	
0.1388	51.6750	0.0004	74.9500	
0.1389	52.1000	0.0004	74.8250	
0.1388	51.8500	0.0004	74.9750	
0.1388	51.8500	0.0004	74.9000	
0.1388	52.0500	0.0004	74.8000	
0.1388	52.0000	0.0004	74.9250	
0.1387	51.9500	0.0004	74.9000	
0.1388	51.7250	0.0004	74.9000	
0.1389	52.0500	0.0004	74.9250	
0.1388	51.9750	0.0004	74.9500	
0.1389	51.6250	0.0004	75.0000	
0.1388	52.1750	0.0004	74.9500	
0.1388	51.6000	0.0004	74.8250	
0.1388	51.4250	0.0004	74.8750	
0.1388	51.9500	0.0004	74.9500	
0.1389	52.0500	0.0004	74.9250	
0.1388	51.5000	0.0004	74.9000	
0.1387	52.0750	0.0004	74.9250	
0.1388	52.2000	0.0004	74.9250	
0.1387	51.9250	0.0004	74.8250	
0.1388	51.5250	0.0004	74.8500	
0.1389	52.1000	0.0004	74.9250	
0.1388	51.6750	0.0004	74.9000	
0.1388	51.6750	0.0004	74.9500	
0.1388	52.1500	0.0004	74.9750	
0.1387	52.0500	0.0004	74.9500	
0.1387	51.6000	0.0004	74.9500	
0.1387	52.0750	0.0004	74.7750	
0.1387	51.8750	0.0004	74.9250	
0.1388	51.4500	0.0004	74.8250	
0.1387	51.8000	0.0004	74.9750	
0.1388	52.2500	0.0004	74.9250	
0.1388	52.0000	0.0004	74.9250	
0.1389	51.7500	0.0004	74.9250	
0.1387	51.8250	0.0004	74.9500	
0.1388	51.8500	0.0004	74.9750	
0.1388	51.6000	0.0004	74.9250	
0.1388	52.2000	0.0004	74.9250	
0.1387	52.0250	0.0004	74.9500	
0.1388	51.4000	0.0004	75.0000	
0.1387	51.9500	0.0004	75.0000	
0.1387	52.0000	0.0004	74.8000	
0.1387	51.7500	0.0004	74.9250	
0.1387	52.1000	0.0004	74.9250	
0.1389	51.6000	0.0004	74.9000	
0.1389	52.2500	0.0004	74.9250	
0.1388	51.7500	0.0004	74.9000	
0.1387	51.5000	0.0004	74.9000	
0.1388	52.1750	0.0004	74.9500	
0.1387	51.7000	0.0004	74.9750	
0.1388	52.1500	0.0004	74.9000	
0.1387	52.2000	0.0004	74.9500	
0.1387	51.5000	0.0004	74.9500	
0.1387	51.7500	0.0004	74.9250	
0.1388	52.0750	0.0004	74.8750	
0.1387	51.8750	0.0004	74.9750	
0.1388	51.9250	0.0004	74.9750	
0.1388	51.9250	0.0004	74.9250	
0.1387	51.7750	0.0004	74.9500	
0.1388	52.0500	0.0004	74.9250	
0.1387	51.9250	0.0004	74.9250	
0.1388	51.6500	0.0004	74.9000	
0.1388	51.9250	0.0004	74.9250	
0.1387	52.1000	0.0004	74.9250	
0.1387	51.6500	0.0004	74.9000	
0.1388	52.2250	0.0004	74.9250	
0.1388	51.6500	0.0004	74.9000	
0.1387	52.0500	0.0004	74.9500	
0.1387	52.0500	0.0004	74.9250	
0.1387	51.6750	0.0004	74.9500	
0.1387	52.0250	0.0004	74.9250	
0.1387	51.8750	0.0004	74.9500	
0.1387	52.0750	0.0004	74.8500	
0.1388	52.0750	0.0004	74.9250	
0.1388	51.4500	0.0004	74.9500	
0.1387	51.7000	0.0004	74.9000	
0.1387	52.0500	0.0004	74.8750	
0.1387	52.2500	0.0004	74.9500	
0.1387	51.6000	0.0004	74.9500	
0.1387	52.1000	0.0004	74.9000	
0.1387	51.9750	0.0004	74.9750	
0.1387	51.8000	0.0004	74.9250	
0.1389	52.2250	0.0004	74.8250	
0.1387	51.7750	0.0004	74.9000	
0.1388	51.6000	0.0004	74.9750	
0.1388	52.4000	0.0004	74.9250	
0.1387	51.9750	0.0004	74.9250	
0.1387	51.7500	0.0004	74.9500	
0.1387	52.1000	0.0004	74.9250	
0.1389	51.4250	0.0004	74.9500	
0.1387	51.8000	0.0004	74.9500	
0.1387	52.1500	0.0004	74.9250	
0.1387	51.7500	0.0004	74.8250	
0.1387	52.0500	0.0004	74.9000	
0.1387	52.0750	0.0004	74.8500	
0.1387	52.0250	0.0004	74.9250	
0.1387	52.0000	0.0004	74.9250	
0.1387	51.7500	0.0004	74.8500	
0.1387	51.6500	0.0004	74.9000	
0.1387	52.2250	0.0004	74.9500	
0.1387	52.1500	0.0004	74.9250	
0.1387	51.8750	0.0004	74.9500	
0.1387	51.6500	0.0004	74.9500	
0.1387	51.9750	0.0004	74.9750	
0.1387	51.7750	0.0004	74.9000	
0.1387	51.9500	0.0004	74.9000	
0.1387	52.2250	0.0004	74.9750	
0.1387	52.2250	0.0004	75.0000	
0.1386	52.1000	0.0004	74.8000	
0.1386	52.0000	0.0004	74.9250	
0.1387	51.9500	0.0004	74.9500	
0.1387	51.8250	0.0004	74.8500	
0.1387	52.0500	0.0004	74.8500	
0.1388	51.9750	0.0004	74.9750	
0.1389	52.1750	0.0004	74.9000	
0.1388	51.8000	0.0004	75.0500	
0.1387	52.0000	0.0004	74.9500	
0.1387	52.1500	0.0004	74.9000	
0.1387	52.1500	0.0004	74.9000	
0.1387	51.8750	0.0004	74.9000	
0.1387	51.9000	0.0004	74.9250	
0.1387	52.0250	0.0004	74.9250	
0.1387	52.0250	0.0004	74.9250	
0.1387	52.3250	0.0004	74.9500	
0.1386	51.8250	0.0004	74.9500	
0.1387	51.9750	0.0004	74.9250	
0.1387	51.7250	0.0004	74.9500	
0.1387	52.0500	0.0004	74.9250	
0.1387	51.9000	0.0004	74.9250	
0.1387	51.7250	0.0004	74.8750	
0.1387	52.0000	0.0004	74.8500	
0.1387	51.8000	0.0004	74.9750	
0.1386	51.7750	0.0004	74.9000	
0.1388	52.4750	0.0004	74.9000	
0.1386	51.9500	0.0004	74.9500	
0.1387	51.6250	0.0004	74.9500	
0.1386	52.2000	0.0004	74.9000	
0.1387	52.2500	0.0004	74.9250	
0.1386	52.0000	0.0004	74.8750	
0.1387	51.6500	0.0004	74.9000	
0.1387	51.9500	0.0004	74.8750	
0.1387	52.1500	0.0004	74.9500	
0.1387	51.7500	0.0004	74.9750	
0.1387	51.7250	0.0004	74.9250	
0.1387	52.1250	0.0004	74.8750	
0.1387	51.9750	0.0004	74.9500	
0.1387	51.6750	0.0004	74.9000	
0.1386	51.9750	0.0004	74.9250	
0.1386	51.8750	0.0004	75.0000	
0.1387	51.9250	0.0004	74.9500	
0.1387	51.6500	0.0004	74.9250	
0.1386	51.6000	0.0004	74.9500	
0.1386	51.8750	0.0004	74.8750	
0.1387	51.7500	0.0004	74.9000	
0.1386	51.8000	0.0004	74.9250	
0.1386	51.9500	0.0004	74.9000	
0.1386	52.1000	0.0004	74.9500	
0.1387	52.0500	0.0004	74.9750	
0.1386	51.9500	0.0004	74.9000	
0.1386	51.9250	0.0004	74.9750	
0.1387	51.9500	0.0004	74.9000	
0.1387	51.9500	0.0004	74.9250	
0.1387	51.7500	0.0004	74.9500	
0.1386	52.0500	0.0004	74.9750	
0.1386	51.8750	0.0004	74.9250	
0.1387	51.6500	0.0004	74.8500	
0.1389	52.1750	0.0004	74.9000	
0.1388	51.7750	0.0004	74.9750	
0.1386	51.7000	0.0004	74.9000	
0.1387	52.3500	0.0004	74.8500	
0.1388	51.9750	0.0004	74.9750	
0.1386	51.6750	0.0004	74.8250	
0.1387	52.5500	0.0004	74.9750	
0.1386	51.7250	0.0004	74.8500	
0.1386	51.8000	0.0004	74.8750	
0.1386	52.2000	0.0004	74.9500	
0.1386	51.8750	0.0004	74.9000	
0.1387	51.9000	0.0004	74.9250	
0.1386	51.9250	0.0004	74.8000	
0.1386	51.7000	0.0004	74.9750	
0.1386	51.8250	0.0004	74.8750	
0.1386	51.9000	0.0004	74.9500	
0.1386	51.8000	0.0004	74.9250	
0.1386	51.9000	0.0004	74.9500	
0.1386	52.0000	0.0004	74.9250	
0.1386	51.9750	0.0004	74.7750	
0.1387	51.6750	0.0004	74.9500	
0.1386	52.1250	0.0004	74.9000	
0.1386	52.2500	0.0004	74.9000	
0.1386	51.6500	0.0004	74.8500	
0.1386	52.1000	0.0004	74.9000	
0.1386	51.8500	0.0004	74.8500	
0.1386	51.9500	0.0004	74.8750	
0.1386	51.7250	0.0004	74.9250	
0.1388	52.3250	0.0004	74.9750	
0.1386	51.9000	0.0004	74.8500	
0.1386	51.8000	0.0004	74.8250	
0.1387	51.7500	0.0004	74.8750	
0.1386	52.1000	0.0004	74.8750	
0.1388	52.0000	0.0004	74.8250	
0.1386	52.0750	0.0004	74.9250	
0.1386	52.3000	0.0004	74.9000	
0.1386	52.0000	0.0004	74.9250	
0.1386	51.6750	0.0004	74.9500	
0.1386	51.8250	0.0004	74.9000	
0.1386	51.9500	0.0004	74.9000	
0.1386	51.9500	0.0004	74.9000	
0.1386	51.7000	0.0004	74.9250	
0.1386	51.7750	0.0004	75.0000	
0.1386	52.0000	0.0004	74.8750	
0.1386	52.0000	0.0004	74.9250	
0.1387	51.5500	0.0004	74.9500	
0.1388	52.4500	0.0004	74.9500	
0.1386	52.1000	0.0004	74.9000	
0.1386	51.5750	0.0004	74.9000	
0.1386	51.9250	0.0004	74.9500	
0.1386	52.3750	0.0004	74.9000	
0.1386	51.8250	0.0004	74.8500	
0.1386	51.8500	0.0004	74.9000	
0.1386	52.1500	0.0004	74.9250	
0.1387	52.4750	0.0004	74.9250	
0.1386	51.6250	0.0004	74.9500	
0.1386	51.8750	0.0004	74.9000	
0.1387	52.7250	0.0004	74.9000	
0.1386	51.9500	0.0004	74.9500	
0.1386	51.3000	0.0004	74.9000	
0.1387	52.4250	0.0004	74.9500	
0.1386	51.9250	0.0004	74.9750	
0.1386	51.8250	0.0004	74.9000	
0.1387	51.8750	0.0004	74.9250	
0.1386	52.2250	0.0004	74.9000	
0.1386	52.1000	0.0004	74.9500	
0.1386	52.0750	0.0004	74.9000	
0.1386	51.8500	0.0004	74.9250	
0.1386	51.9250	0.0004	74.9000	
0.1386	52.1750	0.0004	74.9500	
0.1386	51.7750	0.0004	74.9500	
0.1387	52.3000	0.0004	74.9750	
0.1386	51.9000	0.0004	74.8750	
0.1386	51.9750	0.0004	74.8750	
0.1386	51.9250	0.0004	74.9750	
0.1386	51.8750	0.0004	74.9500	
0.1386	52.0000	0.0004	74.8750	
0.1386	51.7000	0.0004	74.9000	
0.1386	51.9250	0.0004	74.9500	
0.1386	52.0250	0.0004	75.0000	
0.1386	51.9500	0.0004	74.8250	
0.1387	52.3750	0.0004	74.9750	
