Loss_Adversary	Accuracy_Adversary	Loss_Target	Accuracy_Target	
0.6078	0.8925	0.6230	50.0000	50.0000	
0.5623	0.8771	0.5768	50.0000	50.0000	
0.5200	0.8652	0.5340	50.0000	50.0000	
0.4806	0.8539	0.4941	50.0000	50.0000	
0.4462	0.8413	0.4592	50.0000	50.0000	
0.4183	0.8268	0.4309	50.0000	50.0000	
0.3939	0.8112	0.4060	50.0000	50.0000	
0.3719	0.7957	0.3837	50.0000	50.0000	
0.3520	0.7804	0.3634	50.0000	50.0000	
0.3346	0.7653	0.3457	50.0000	50.0250	
0.3196	0.7505	0.3304	50.0000	57.5750	
0.3066	0.7358	0.3172	50.0000	55.7750	
0.2961	0.7216	0.3064	50.0000	50.0250	
0.2872	0.7080	0.2973	50.0000	50.0000	
0.2788	0.6954	0.2886	50.0000	50.0000	
0.2702	0.6840	0.2798	50.0000	50.0000	
0.2616	0.6733	0.2711	50.0000	50.0000	
0.2520	0.6631	0.2613	50.0000	50.0000	
0.2410	0.6533	0.2500	50.0000	50.0000	
0.2285	0.6439	0.2373	50.0000	50.0000	
0.2145	0.6346	0.2231	50.0000	57.3750	
0.1996	0.6254	0.2079	50.0000	67.9500	
0.1839	0.6165	0.1920	50.0000	70.1500	
0.1675	0.6076	0.1753	50.0000	64.8250	
0.1515	0.5990	0.1591	50.0000	60.8500	
0.1371	0.5905	0.1445	50.0000	62.1250	
0.1237	0.5821	0.1309	50.0000	64.6750	
0.1114	0.5738	0.1183	46.0250	66.4500	
0.1001	0.5658	0.1068	45.0500	67.4250	
0.0897	0.5550	0.0963	50.0000	67.3500	
0.0801	0.5293	0.0862	49.9500	67.8500	
0.0710	0.4856	0.0767	47.2500	67.2250	
0.0629	0.4364	0.0679	38.8000	66.9250	
0.0557	0.3878	0.0602	31.5000	67.4000	
0.0494	0.3444	0.0534	29.1000	68.2000	
0.0442	0.3066	0.0478	27.4000	68.4500	
0.0397	0.2776	0.0429	26.7250	68.4500	
0.0358	0.2555	0.0388	25.0500	68.8750	
0.0324	0.2408	0.0352	25.1250	68.5750	
0.0294	0.2293	0.0320	24.8250	68.8000	
0.0268	0.2202	0.0293	24.7000	69.2000	
0.0248	0.2124	0.0272	24.6750	69.8000	
0.0235	0.2056	0.0259	24.9000	70.3500	
0.0224	0.1993	0.0247	25.1500	70.3000	
0.0215	0.1938	0.0237	25.0500	70.7000	
0.0206	0.1888	0.0227	25.0750	70.8750	
0.0197	0.1840	0.0218	25.1250	71.0750	
0.0190	0.1795	0.0210	25.0500	71.4250	
0.0183	0.1755	0.0202	25.0750	71.5500	
0.0176	0.1716	0.0195	25.2000	71.8750	
0.0169	0.1683	0.0188	25.0750	72.0250	
0.0163	0.1648	0.0181	25.1750	72.1250	
0.0157	0.1625	0.0175	25.1250	72.4250	
0.0151	0.1596	0.0169	25.1000	72.8500	
0.0146	0.1574	0.0163	25.2750	72.8000	
0.0140	0.1555	0.0158	25.2500	73.1250	
0.0135	0.1536	0.0152	25.3000	72.8750	
0.0130	0.1521	0.0147	25.3250	73.1250	
0.0125	0.1506	0.0142	25.2750	72.9750	
0.0121	0.1495	0.0137	25.4000	72.9000	
0.0116	0.1484	0.0133	25.4000	72.9000	
0.0112	0.1475	0.0128	25.5000	73.0250	
0.0108	0.1467	0.0124	25.5250	73.5250	
0.0104	0.1459	0.0120	25.5250	72.9500	
0.0100	0.1454	0.0115	25.5750	73.6250	
0.0096	0.1448	0.0112	25.7000	73.4500	
0.0092	0.1443	0.0108	25.5500	73.4250	
0.0089	0.1439	0.0104	25.7000	73.5250	
0.0086	0.1436	0.0101	25.8250	73.5250	
0.0082	0.1432	0.0098	25.8500	73.4750	
0.0079	0.1429	0.0094	25.9750	73.5000	
0.0076	0.1427	0.0091	26.0500	73.7250	
0.0073	0.1425	0.0088	25.9750	73.5250	
0.0071	0.1422	0.0086	25.9000	73.5750	
0.0068	0.1422	0.0083	26.1500	73.8000	
0.0065	0.1420	0.0080	26.0000	73.7500	
0.0063	0.1418	0.0078	26.2750	73.8500	
0.0060	0.1418	0.0075	26.3250	73.8250	
0.0058	0.1416	0.0073	26.3000	73.8000	
0.0056	0.1415	0.0070	26.3750	73.6750	
0.0053	0.1415	0.0068	26.6000	73.9250	
0.0051	0.1414	0.0066	26.7750	73.9250	
0.0049	0.1413	0.0064	26.7750	73.7500	
0.0047	0.1414	0.0062	27.1000	74.0000	
0.0045	0.1412	0.0060	26.8750	73.9500	
0.0043	0.1413	0.0058	27.1500	74.3250	
0.0042	0.1412	0.0056	27.4750	74.1250	
0.0040	0.1412	0.0055	27.5500	74.3250	
0.0038	0.1412	0.0053	27.7000	74.3500	
0.0037	0.1413	0.0052	27.7750	74.3250	
0.0035	0.1411	0.0050	28.2750	74.5250	
0.0034	0.1411	0.0049	28.6000	74.3750	
0.0033	0.1411	0.0047	28.2500	74.4750	
0.0031	0.1410	0.0046	28.5750	74.6750	
0.0030	0.1411	0.0045	29.1000	74.6250	
0.0029	0.1410	0.0043	29.4250	74.4750	
0.0028	0.1410	0.0042	29.8750	75.1000	
0.0026	0.1409	0.0041	29.7500	74.8500	
0.0025	0.1409	0.0040	29.8500	74.9250	
0.0024	0.1409	0.0039	30.0000	75.0000	
0.0024	0.1409	0.0038	30.7500	74.8500	
0.0023	0.1408	0.0037	30.6750	75.1250	
0.0022	0.1407	0.0036	31.0750	75.1000	
0.0021	0.1407	0.0035	31.8250	74.9750	
0.0020	0.1406	0.0034	32.2000	75.0750	
0.0019	0.1407	0.0034	32.3250	75.1000	
0.0019	0.1406	0.0033	33.3500	75.1750	
0.0018	0.1405	0.0032	33.7000	75.1750	
0.0017	0.1405	0.0031	34.0500	75.1250	
0.0016	0.1404	0.0031	34.3250	75.2750	
0.0016	0.1404	0.0030	34.9250	75.2250	
0.0015	0.1404	0.0029	35.1500	75.1500	
0.0015	0.1403	0.0029	35.8750	75.1750	
0.0014	0.1402	0.0028	36.5000	75.1250	
0.0013	0.1402	0.0028	36.8000	75.1500	
0.0013	0.1401	0.0027	37.5000	75.2750	
0.0012	0.1401	0.0027	38.3000	75.2250	
0.0012	0.1401	0.0026	38.3250	75.2000	
0.0011	0.1400	0.0025	39.1750	75.1250	
0.0011	0.1400	0.0025	39.6750	75.2750	
0.0010	0.1399	0.0025	40.4250	75.2750	
0.0010	0.1399	0.0024	40.6750	75.2750	
0.0009	0.1399	0.0024	41.5500	75.3500	
0.0009	0.1398	0.0023	41.1500	75.2500	
0.0009	0.1398	0.0023	41.0750	75.2500	
0.0008	0.1397	0.0022	42.2500	75.1500	
0.0008	0.1397	0.0022	42.1000	75.2250	
0.0007	0.1396	0.0021	42.4250	75.3500	
0.0007	0.1396	0.0021	43.0750	75.2750	
0.0007	0.1396	0.0021	43.0250	75.2000	
0.0006	0.1395	0.0020	43.4500	75.3500	
0.0006	0.1395	0.0020	43.6000	75.3250	
0.0006	0.1395	0.0020	43.9250	75.1250	
0.0005	0.1395	0.0019	44.3250	75.1500	
0.0005	0.1394	0.0019	44.9500	75.2000	
0.0005	0.1395	0.0019	44.7250	75.3500	
0.0004	0.1394	0.0019	44.6250	75.1500	
0.0004	0.1394	0.0018	45.9250	75.2500	
0.0004	0.1393	0.0018	46.2250	75.2000	
0.0004	0.1394	0.0018	45.4500	75.3500	
0.0003	0.1393	0.0018	46.3750	75.1000	
0.0003	0.1394	0.0017	47.0750	75.0500	
0.0003	0.1393	0.0017	46.2250	75.2000	
0.0003	0.1395	0.0017	48.1000	75.1500	
0.0002	0.1393	0.0016	46.2750	75.1250	
0.0002	0.1392	0.0016	45.9500	75.1500	
0.0002	0.1392	0.0016	48.1500	75.2750	
0.0002	0.1391	0.0016	47.7750	75.2500	
0.0001	0.1392	0.0015	47.2500	75.1000	
0.0001	0.1392	0.0015	47.5250	75.1000	
0.0001	0.1393	0.0015	48.9500	75.1250	
0.0001	0.1391	0.0015	47.6000	75.1750	
0.0001	0.1391	0.0015	48.4750	75.1000	
0.0000	0.1391	0.0014	48.6500	75.2500	
0.0000	0.1391	0.0014	48.6750	75.1500	
-0.0000	0.1391	0.0014	49.3250	75.2250	
-0.0000	0.1391	0.0014	48.6500	75.2750	
-0.0000	0.1391	0.0014	49.8250	75.2000	
-0.0001	0.1390	0.0013	48.6750	75.3000	
-0.0001	0.1391	0.0013	49.0750	75.0750	
-0.0001	0.1390	0.0013	49.9500	75.1500	
-0.0001	0.1390	0.0013	49.7250	75.1250	
-0.0001	0.1390	0.0013	50.0750	75.1750	
-0.0001	0.1391	0.0013	49.5250	75.1750	
-0.0002	0.1391	0.0013	50.7750	75.2000	
-0.0002	0.1390	0.0012	50.9750	75.2750	
-0.0002	0.1390	0.0012	49.3500	75.1500	
-0.0002	0.1390	0.0012	50.6000	75.2250	
-0.0002	0.1390	0.0012	51.0500	75.2500	
-0.0002	0.1390	0.0012	50.8000	75.0750	
-0.0003	0.1390	0.0011	50.6750	75.2750	
-0.0003	0.1391	0.0011	50.1250	75.3250	
-0.0003	0.1390	0.0011	52.1750	75.1500	
-0.0003	0.1390	0.0011	52.3250	75.2250	
-0.0003	0.1391	0.0011	50.6750	75.2250	
-0.0003	0.1390	0.0011	51.8750	75.0500	
-0.0003	0.1390	0.0011	52.8750	75.2000	
-0.0004	0.1391	0.0010	51.1250	75.2000	
-0.0004	0.1391	0.0010	52.9000	75.1500	
-0.0004	0.1390	0.0010	52.3250	75.3000	
-0.0004	0.1391	0.0010	52.7250	75.1000	
-0.0004	0.1391	0.0010	51.9000	74.9750	
-0.0004	0.1390	0.0010	52.5250	75.0500	
-0.0005	0.1391	0.0009	53.3000	75.2500	
-0.0005	0.1391	0.0009	53.0250	75.0500	
-0.0005	0.1391	0.0009	54.0500	75.0500	
-0.0005	0.1391	0.0009	53.8500	75.1000	
-0.0005	0.1390	0.0009	52.1750	75.1500	
-0.0005	0.1391	0.0009	53.7250	75.1000	
-0.0005	0.1390	0.0009	53.2750	75.1250	
-0.0006	0.1390	0.0008	54.4250	75.1750	
-0.0006	0.1390	0.0008	54.0250	75.2250	
-0.0006	0.1390	0.0008	54.4500	75.1000	
-0.0006	0.1390	0.0008	54.3250	75.0000	
-0.0006	0.1390	0.0008	53.8000	75.1750	
-0.0006	0.1390	0.0008	54.1250	75.1250	
-0.0006	0.1390	0.0008	54.8250	75.0000	
-0.0006	0.1390	0.0008	55.4750	75.0750	
-0.0006	0.1390	0.0008	54.4500	75.1250	
-0.0006	0.1390	0.0007	55.0500	75.1750	
-0.0007	0.1390	0.0007	55.3000	75.2000	
-0.0007	0.1390	0.0007	54.8250	75.0750	
-0.0007	0.1390	0.0007	54.8750	75.0250	
-0.0007	0.1390	0.0007	54.4500	75.2500	
-0.0007	0.1390	0.0007	54.7000	75.1500	
-0.0007	0.1390	0.0007	54.5500	74.9750	
-0.0007	0.1390	0.0007	53.6250	75.1500	
-0.0007	0.1389	0.0007	54.4250	75.0000	
-0.0007	0.1390	0.0007	54.5000	75.0500	
-0.0007	0.1390	0.0007	54.2250	75.1250	
-0.0007	0.1391	0.0007	55.1500	75.1250	
-0.0007	0.1390	0.0006	53.3500	74.9500	
-0.0008	0.1390	0.0006	53.1500	75.0500	
-0.0008	0.1390	0.0006	54.2500	75.1750	
-0.0008	0.1389	0.0006	54.0750	75.1250	
-0.0008	0.1390	0.0006	53.1750	74.9750	
-0.0008	0.1390	0.0006	53.3250	74.9250	
-0.0008	0.1390	0.0006	53.6250	75.0000	
-0.0008	0.1389	0.0006	53.2500	75.1250	
-0.0008	0.1389	0.0006	53.4750	75.0000	
-0.0008	0.1390	0.0006	52.3250	75.1750	
-0.0008	0.1390	0.0006	52.1500	75.0750	
-0.0008	0.1390	0.0006	51.9000	75.0250	
-0.0008	0.1390	0.0006	51.5000	75.0500	
-0.0008	0.1389	0.0006	51.7750	74.9750	
-0.0008	0.1389	0.0006	52.0500	74.9250	
-0.0008	0.1389	0.0006	51.6500	75.0750	
-0.0008	0.1389	0.0006	51.6250	75.0500	
-0.0008	0.1389	0.0006	51.9500	75.1500	
-0.0009	0.1390	0.0005	52.3750	75.0000	
-0.0009	0.1389	0.0005	51.5500	75.0500	
-0.0009	0.1390	0.0005	51.1500	75.0750	
-0.0009	0.1389	0.0005	51.7000	75.0250	
-0.0009	0.1389	0.0005	51.4750	74.9750	
-0.0009	0.1389	0.0005	51.6500	75.1250	
-0.0009	0.1389	0.0005	51.8250	74.9250	
-0.0009	0.1389	0.0005	51.4750	75.0750	
-0.0009	0.1389	0.0005	51.3250	75.2250	
-0.0009	0.1389	0.0005	51.1750	74.9250	
-0.0009	0.1389	0.0005	50.6500	75.0500	
-0.0009	0.1390	0.0005	51.3250	75.1250	
-0.0009	0.1388	0.0005	51.4250	75.1000	
-0.0009	0.1389	0.0005	50.8250	75.0250	
-0.0009	0.1389	0.0005	51.2250	75.1250	
-0.0009	0.1388	0.0005	51.3250	74.9500	
-0.0009	0.1388	0.0005	50.9500	74.9250	
-0.0009	0.1389	0.0005	50.8750	74.9750	
-0.0009	0.1389	0.0005	50.3250	74.9750	
-0.0009	0.1390	0.0005	51.9000	74.9000	
-0.0009	0.1388	0.0005	51.7750	75.1000	
-0.0009	0.1389	0.0005	51.0500	75.0250	
-0.0009	0.1389	0.0004	50.7000	74.9000	
-0.0009	0.1388	0.0005	51.7000	74.9500	
-0.0009	0.1388	0.0004	50.6500	75.1750	
-0.0009	0.1389	0.0005	49.6000	74.9750	
-0.0009	0.1388	0.0005	50.3500	75.2750	
-0.0009	0.1388	0.0004	50.6250	75.1000	
-0.0010	0.1388	0.0004	50.2250	75.0000	
-0.0010	0.1388	0.0004	50.1500	75.1250	
-0.0010	0.1388	0.0004	49.9000	74.9750	
-0.0010	0.1388	0.0004	50.0500	75.1000	
-0.0010	0.1388	0.0004	50.6750	75.2500	
-0.0010	0.1387	0.0004	50.5750	75.0500	
-0.0010	0.1388	0.0004	50.1750	75.0250	
-0.0010	0.1388	0.0004	50.4750	75.1000	
-0.0010	0.1387	0.0004	50.5750	74.9750	
-0.0010	0.1388	0.0004	50.1500	75.1000	
-0.0010	0.1387	0.0004	50.4000	75.0000	
-0.0010	0.1388	0.0004	50.6750	74.9250	
-0.0010	0.1388	0.0004	50.1000	75.0500	
-0.0010	0.1387	0.0004	50.1500	75.0000	
-0.0010	0.1387	0.0004	49.9750	75.1500	
-0.0010	0.1387	0.0004	49.5000	75.0000	
-0.0010	0.1387	0.0004	49.9750	75.1000	
-0.0010	0.1387	0.0004	50.3000	75.0000	
-0.0010	0.1387	0.0004	50.0250	74.9500	
-0.0010	0.1387	0.0004	49.7750	75.0500	
-0.0010	0.1387	0.0004	49.9000	75.0000	
-0.0010	0.1387	0.0004	49.9750	74.9750	
-0.0010	0.1387	0.0004	50.7250	75.0000	
-0.0010	0.1387	0.0004	50.9250	75.0750	
-0.0010	0.1386	0.0004	50.4250	74.9750	
-0.0010	0.1388	0.0004	49.5250	74.9750	
-0.0010	0.1387	0.0004	50.1750	74.9250	
-0.0010	0.1387	0.0004	50.8750	74.9750	
-0.0010	0.1387	0.0004	50.7250	75.1000	
-0.0010	0.1386	0.0004	51.2250	75.0000	
-0.0010	0.1386	0.0004	51.1500	74.8750	
-0.0010	0.1386	0.0004	51.1750	75.0250	
-0.0010	0.1387	0.0004	51.7750	74.9000	
-0.0010	0.1387	0.0003	50.9750	74.9750	
-0.0010	0.1387	0.0004	51.1500	75.2000	
-0.0010	0.1386	0.0003	50.8000	75.0250	
-0.0010	0.1386	0.0004	50.7500	74.9000	
-0.0010	0.1387	0.0003	52.5250	75.0000	
-0.0010	0.1388	0.0003	51.3000	75.0000	
-0.0011	0.1385	0.0003	49.8000	75.0250	
-0.0011	0.1387	0.0003	52.0750	75.0750	
-0.0011	0.1387	0.0003	51.6250	75.0500	
-0.0011	0.1386	0.0003	50.7750	75.0000	
-0.0011	0.1386	0.0003	50.1750	75.0250	
-0.0011	0.1386	0.0003	49.8250	75.0250	
-0.0011	0.1386	0.0003	51.0750	75.0000	
-0.0011	0.1387	0.0003	51.3500	75.0250	
-0.0011	0.1386	0.0003	51.5000	74.9500	
-0.0011	0.1386	0.0003	53.0500	75.0000	
-0.0011	0.1385	0.0003	51.1250	75.0000	
-0.0011	0.1386	0.0003	52.0250	74.9250	
-0.0011	0.1385	0.0003	51.0500	75.0250	
-0.0011	0.1385	0.0003	50.5000	75.0000	
-0.0011	0.1386	0.0003	51.4250	74.9750	
-0.0011	0.1385	0.0003	51.2250	75.0500	
-0.0011	0.1385	0.0003	50.8250	75.0500	
-0.0011	0.1385	0.0003	51.5750	74.9000	
-0.0011	0.1385	0.0003	51.2250	75.0750	
-0.0011	0.1385	0.0003	50.4500	74.9750	
-0.0011	0.1385	0.0003	50.2250	74.8750	
-0.0011	0.1385	0.0003	52.3500	74.9750	
-0.0011	0.1386	0.0003	51.4250	75.0750	
-0.0011	0.1385	0.0003	50.8250	74.9000	
-0.0011	0.1385	0.0003	50.3250	74.8500	
-0.0011	0.1385	0.0003	50.3750	74.9500	
-0.0011	0.1385	0.0003	50.2500	74.9500	
-0.0011	0.1385	0.0003	51.4250	74.9500	
-0.0011	0.1385	0.0003	51.9500	74.9250	
-0.0011	0.1385	0.0003	50.6250	75.1250	
-0.0011	0.1385	0.0003	53.2000	74.8750	
-0.0011	0.1385	0.0003	51.5000	74.8500	
-0.0011	0.1384	0.0003	52.7500	75.0000	
-0.0011	0.1385	0.0003	52.4000	75.0500	
-0.0011	0.1385	0.0003	53.2250	74.9750	
-0.0011	0.1384	0.0003	51.6000	74.9000	
-0.0011	0.1386	0.0003	53.0750	74.9250	
-0.0011	0.1385	0.0003	51.8000	74.9750	
-0.0011	0.1384	0.0003	51.2250	74.9750	
-0.0011	0.1385	0.0003	52.8250	74.8500	
-0.0011	0.1385	0.0003	51.2500	75.0250	
-0.0011	0.1384	0.0003	52.7500	74.8250	
-0.0011	0.1384	0.0003	53.8250	75.0750	
-0.0011	0.1385	0.0003	51.3000	75.0500	
-0.0011	0.1385	0.0003	52.1750	75.0000	
-0.0011	0.1385	0.0003	51.8000	74.9500	
-0.0011	0.1384	0.0003	51.7000	74.9500	
-0.0011	0.1384	0.0003	53.6750	74.9500	
-0.0011	0.1384	0.0003	51.2500	74.8250	
-0.0011	0.1384	0.0003	53.1500	74.9750	
-0.0011	0.1384	0.0003	53.1000	74.7250	
-0.0011	0.1384	0.0003	51.5250	74.8750	
-0.0011	0.1384	0.0003	53.3250	74.9000	
-0.0011	0.1385	0.0003	52.6500	75.0250	
-0.0011	0.1383	0.0003	52.2250	74.9250	
-0.0011	0.1385	0.0003	52.5250	75.0250	
-0.0011	0.1383	0.0003	53.6500	74.9000	
-0.0011	0.1384	0.0003	54.9500	75.0250	
-0.0011	0.1384	0.0003	54.5000	74.9250	
-0.0011	0.1384	0.0003	54.5750	74.9000	
-0.0011	0.1384	0.0003	53.8500	74.9000	
-0.0011	0.1384	0.0003	51.4500	74.8750	
-0.0011	0.1383	0.0003	52.2000	74.9750	
-0.0011	0.1384	0.0003	53.0250	74.9000	
-0.0011	0.1383	0.0003	52.2750	74.9000	
-0.0011	0.1383	0.0002	53.1750	74.8500	
-0.0011	0.1383	0.0002	53.2750	74.9250	
-0.0011	0.1384	0.0002	54.4750	74.9500	
-0.0011	0.1383	0.0002	53.0250	74.9000	
-0.0011	0.1383	0.0002	53.7250	74.9500	
-0.0011	0.1383	0.0002	54.2750	74.9250	
-0.0011	0.1383	0.0002	53.0250	74.9250	
-0.0011	0.1383	0.0002	53.8250	74.8250	
-0.0011	0.1383	0.0002	53.8250	74.8500	
-0.0011	0.1383	0.0002	51.9500	74.8750	
-0.0011	0.1384	0.0002	52.7250	74.8500	
-0.0011	0.1383	0.0002	52.8250	74.8250	
-0.0011	0.1383	0.0002	54.0500	74.7500	
-0.0011	0.1383	0.0002	54.0000	74.8500	
-0.0011	0.1383	0.0002	52.8000	74.8250	
-0.0012	0.1383	0.0002	53.5750	74.8000	
-0.0012	0.1383	0.0002	54.9500	74.8750	
-0.0012	0.1383	0.0002	54.8500	74.8500	
-0.0012	0.1383	0.0002	52.6500	74.7500	
-0.0012	0.1383	0.0002	53.2000	74.9250	
-0.0012	0.1384	0.0002	54.1250	74.8750	
-0.0012	0.1382	0.0002	54.4000	74.7750	
-0.0012	0.1382	0.0002	54.3250	74.8250	
-0.0012	0.1383	0.0002	53.4500	74.9500	
-0.0012	0.1384	0.0002	54.4750	74.9000	
-0.0012	0.1382	0.0002	55.0500	74.9000	
-0.0012	0.1383	0.0002	54.5500	74.9250	
-0.0012	0.1382	0.0002	54.7750	74.8250	
-0.0012	0.1383	0.0002	53.8500	74.9250	
-0.0012	0.1384	0.0002	53.4000	74.8750	
-0.0012	0.1382	0.0002	53.4500	74.9750	
-0.0012	0.1382	0.0002	54.6250	74.9000	
-0.0012	0.1383	0.0002	54.1500	74.9750	
-0.0012	0.1382	0.0002	53.3250	74.8000	
-0.0012	0.1382	0.0002	53.4500	74.9500	
-0.0012	0.1382	0.0002	55.1000	74.8500	
-0.0012	0.1382	0.0002	54.8250	74.8500	
-0.0012	0.1382	0.0002	53.8500	74.9250	
-0.0012	0.1382	0.0002	53.2000	74.8000	
-0.0012	0.1382	0.0002	52.5750	74.8750	
-0.0012	0.1382	0.0002	54.3000	74.9250	
-0.0012	0.1382	0.0002	54.5000	75.0000	
-0.0012	0.1382	0.0002	54.7250	74.8000	
-0.0012	0.1382	0.0002	54.4750	74.8750	
-0.0012	0.1382	0.0002	54.4750	74.7500	
-0.0012	0.1381	0.0002	55.1750	74.9750	
-0.0012	0.1383	0.0002	55.0250	74.8000	
-0.0012	0.1382	0.0002	53.5000	74.9000	
-0.0012	0.1381	0.0002	53.0500	74.8750	
-0.0012	0.1382	0.0002	54.4750	74.9500	
-0.0012	0.1382	0.0002	54.6000	74.8000	
-0.0012	0.1381	0.0002	53.0750	74.8000	
-0.0012	0.1383	0.0002	53.3750	74.8500	
-0.0012	0.1381	0.0002	53.8750	74.8750	
-0.0012	0.1382	0.0002	54.5250	74.7000	
-0.0012	0.1383	0.0002	53.4750	74.9000	
-0.0012	0.1382	0.0002	52.2500	74.7250	
-0.0012	0.1381	0.0002	54.4000	74.9000	
-0.0012	0.1381	0.0002	55.5500	74.8000	
-0.0012	0.1381	0.0002	54.3500	74.8250	
-0.0012	0.1381	0.0002	54.4250	74.9000	
-0.0012	0.1381	0.0002	54.4000	74.6750	
-0.0012	0.1381	0.0002	54.3250	74.8000	
-0.0012	0.1381	0.0002	53.9250	74.7750	
-0.0012	0.1381	0.0002	53.8250	74.7500	
-0.0012	0.1381	0.0002	54.3500	74.9000	
-0.0012	0.1382	0.0002	55.3250	74.9000	
-0.0012	0.1381	0.0002	55.0250	74.7750	
-0.0012	0.1381	0.0002	54.0750	74.8000	
-0.0012	0.1381	0.0002	54.0750	74.7250	
-0.0012	0.1381	0.0002	52.9750	74.8000	
-0.0012	0.1381	0.0002	54.7250	74.8000	
-0.0012	0.1381	0.0002	53.8500	74.7750	
-0.0012	0.1381	0.0002	53.9250	74.7250	
-0.0012	0.1381	0.0002	54.5750	74.9000	
-0.0012	0.1381	0.0002	52.7000	74.8000	
-0.0012	0.1381	0.0002	53.5500	74.8000	
-0.0012	0.1381	0.0002	52.8750	74.7500	
-0.0012	0.1382	0.0002	55.0500	74.9000	
-0.0012	0.1381	0.0002	55.9250	74.6750	
-0.0012	0.1381	0.0002	54.4000	74.7750	
-0.0012	0.1381	0.0002	53.9500	74.8250	
-0.0012	0.1381	0.0002	55.2500	74.8500	
-0.0012	0.1381	0.0002	54.8000	74.7500	
-0.0012	0.1381	0.0002	53.1500	74.8250	
-0.0012	0.1381	0.0002	54.5000	74.8000	
-0.0012	0.1381	0.0002	55.1000	74.7750	
-0.0012	0.1381	0.0002	53.8500	74.8000	
-0.0012	0.1381	0.0002	54.8000	74.8750	
-0.0012	0.1381	0.0002	53.4250	74.9000	
-0.0012	0.1381	0.0002	53.4000	74.9250	
-0.0012	0.1382	0.0002	54.3250	74.8500	
-0.0012	0.1381	0.0002	54.9250	74.8500	
-0.0012	0.1381	0.0002	53.5750	74.8750	
-0.0012	0.1382	0.0002	53.4250	74.8250	
-0.0012	0.1381	0.0002	52.8750	74.9250	
-0.0012	0.1381	0.0002	54.1000	74.8250	
-0.0012	0.1381	0.0002	55.3000	74.8750	
-0.0012	0.1382	0.0002	53.3500	74.8750	
-0.0012	0.1381	0.0001	53.4750	74.9500	
-0.0012	0.1381	0.0001	54.0000	74.7750	
-0.0012	0.1381	0.0002	53.4750	74.8500	
-0.0012	0.1382	0.0001	52.8750	74.9000	
-0.0012	0.1381	0.0001	54.7750	74.8250	
-0.0012	0.1381	0.0001	53.5750	74.8500	
-0.0012	0.1381	0.0001	52.4000	74.7500	
-0.0012	0.1381	0.0001	55.0250	74.8750	
-0.0012	0.1381	0.0001	54.9250	74.9750	
-0.0012	0.1381	0.0001	53.0750	74.8250	
-0.0012	0.1383	0.0001	54.0500	74.8500	
-0.0012	0.1381	0.0001	51.5750	74.9500	
-0.0012	0.1382	0.0001	53.9500	74.7500	
-0.0012	0.1381	0.0001	54.6250	74.9000	
-0.0012	0.1381	0.0001	52.8500	74.8750	
-0.0012	0.1381	0.0001	53.9250	74.8500	
-0.0012	0.1381	0.0001	54.0750	74.7750	
-0.0012	0.1381	0.0001	52.2750	74.8750	
-0.0012	0.1381	0.0001	53.1000	74.9500	
-0.0012	0.1381	0.0001	53.4500	74.8000	
-0.0012	0.1381	0.0001	54.3250	74.8750	
-0.0012	0.1381	0.0001	52.8000	74.7750	
-0.0012	0.1381	0.0001	54.8250	74.9250	
-0.0012	0.1380	0.0001	54.7000	74.8500	
-0.0012	0.1381	0.0001	54.2000	74.8500	
-0.0012	0.1380	0.0001	54.7750	74.7500	
-0.0012	0.1381	0.0001	54.1500	74.8750	
-0.0013	0.1383	0.0001	51.1000	74.8250	
-0.0012	0.1381	0.0001	55.1500	74.8500	
-0.0012	0.1381	0.0001	54.5000	74.7750	
-0.0012	0.1381	0.0001	52.4750	74.8750	
-0.0012	0.1380	0.0001	54.6250	74.7500	
-0.0012	0.1380	0.0001	54.2250	74.8750	
-0.0012	0.1381	0.0001	53.9750	74.8750	
-0.0012	0.1381	0.0001	52.8250	74.8750	
-0.0012	0.1380	0.0001	55.9000	74.9000	
-0.0013	0.1381	0.0001	54.7000	74.8500	
-0.0013	0.1381	0.0001	52.5000	74.8500	
-0.0013	0.1380	0.0001	53.7500	74.8250	
-0.0013	0.1381	0.0001	55.1000	74.8250	
-0.0013	0.1381	0.0001	53.3250	74.7750	
-0.0013	0.1380	0.0001	54.2250	74.8750	
-0.0013	0.1380	0.0001	54.1750	74.8750	
-0.0013	0.1381	0.0001	54.0750	74.8500	
-0.0013	0.1380	0.0001	54.1000	74.8500	
-0.0013	0.1380	0.0001	54.4250	74.7750	
-0.0013	0.1380	0.0001	55.4750	74.8750	
-0.0013	0.1380	0.0001	54.4750	74.7250	
-0.0013	0.1380	0.0001	53.4250	74.8000	
-0.0013	0.1380	0.0001	53.1750	74.8500	
-0.0013	0.1380	0.0001	52.5750	74.8000	
-0.0013	0.1380	0.0001	54.0000	74.8000	
-0.0013	0.1380	0.0001	54.4250	74.6750	
-0.0013	0.1380	0.0001	54.2500	74.8500	
-0.0013	0.1380	0.0001	53.8500	74.7000	
-0.0013	0.1380	0.0001	54.8500	74.7750	
-0.0013	0.1381	0.0001	53.9750	74.8500	
-0.0013	0.1379	0.0001	55.9250	74.8250	
-0.0013	0.1380	0.0001	55.3250	74.7750	
-0.0013	0.1380	0.0001	53.6250	74.7750	
-0.0013	0.1380	0.0001	52.3000	74.6750	
-0.0013	0.1380	0.0001	55.8250	74.7750	
-0.0013	0.1380	0.0001	54.9500	74.9000	
-0.0012	0.1381	0.0001	55.0750	74.6750	
-0.0012	0.1380	0.0001	51.9250	74.8000	
-0.0013	0.1380	0.0001	53.0500	74.7750	
-0.0013	0.1379	0.0001	55.2250	74.8250	
-0.0013	0.1379	0.0001	53.9750	74.8750	
-0.0013	0.1380	0.0001	53.9750	74.6750	
-0.0013	0.1380	0.0001	53.4750	74.8000	
-0.0013	0.1379	0.0001	55.4250	74.8000	
-0.0013	0.1379	0.0001	54.4250	74.6750	
-0.0013	0.1379	0.0001	52.4500	74.8250	
-0.0013	0.1379	0.0001	52.3750	74.7500	
-0.0013	0.1379	0.0001	53.9500	74.7500	
-0.0013	0.1379	0.0001	54.8000	74.7500	
-0.0013	0.1379	0.0001	54.9500	74.8000	
-0.0013	0.1379	0.0001	53.7000	74.8250	
-0.0013	0.1379	0.0001	53.5250	74.7750	
-0.0013	0.1379	0.0001	53.4000	74.7250	
-0.0013	0.1379	0.0001	54.5250	74.8000	
-0.0013	0.1379	0.0001	54.0750	74.7250	
-0.0013	0.1379	0.0001	53.0000	74.7250	
-0.0013	0.1379	0.0001	54.0500	74.7250	
-0.0013	0.1379	0.0001	55.2250	74.6500	
-0.0013	0.1380	0.0001	52.5250	74.7500	
-0.0013	0.1379	0.0001	55.3250	74.7750	
-0.0013	0.1379	0.0001	54.3500	74.7250	
-0.0013	0.1379	0.0001	53.5750	74.7250	
-0.0013	0.1379	0.0001	53.4750	74.7750	
-0.0013	0.1379	0.0001	54.7500	74.7500	
-0.0013	0.1379	0.0001	55.2000	74.8500	
-0.0013	0.1378	0.0001	53.0250	74.6250	
-0.0013	0.1379	0.0001	51.8500	74.8000	
-0.0013	0.1378	0.0001	54.8000	74.7000	
-0.0013	0.1379	0.0001	55.3000	74.8000	
-0.0013	0.1378	0.0001	52.9000	74.8000	
-0.0013	0.1378	0.0001	54.6500	74.7500	
-0.0013	0.1379	0.0001	54.0000	74.7750	
-0.0013	0.1378	0.0001	53.9250	74.7250	
-0.0013	0.1379	0.0001	55.5000	74.6750	
-0.0013	0.1380	0.0001	54.8500	74.8000	
-0.0013	0.1379	0.0001	51.0000	74.8500	
-0.0013	0.1379	0.0001	55.6000	74.7500	
-0.0013	0.1378	0.0001	55.0000	74.7250	
-0.0013	0.1378	0.0001	53.3750	74.6250	
-0.0013	0.1378	0.0001	54.1250	74.6750	
-0.0013	0.1378	0.0001	55.1500	74.7500	
-0.0013	0.1378	0.0001	55.4000	74.7500	
-0.0013	0.1378	0.0001	54.8750	74.7250	
-0.0013	0.1378	0.0001	54.7250	74.7000	
-0.0013	0.1378	0.0001	52.7750	74.7500	
-0.0013	0.1379	0.0001	53.0000	74.8500	
-0.0013	0.1379	0.0001	55.5500	74.8750	
-0.0013	0.1379	0.0001	52.4000	74.9250	
-0.0013	0.1379	0.0001	52.7000	74.9500	
-0.0013	0.1379	0.0001	55.0750	74.9750	
-0.0013	0.1379	0.0001	54.9000	75.0250	
-0.0013	0.1379	0.0001	53.9000	74.9500	
-0.0013	0.1378	0.0001	50.4500	74.9750	
-0.0013	0.1378	0.0001	53.5000	74.9500	
-0.0013	0.1378	0.0001	55.0750	75.0000	
-0.0013	0.1378	0.0001	53.5500	75.0500	
-0.0013	0.1379	0.0001	50.5500	75.0000	
-0.0013	0.1379	0.0001	54.4750	75.0500	
-0.0013	0.1378	0.0001	51.8000	74.9000	
-0.0013	0.1378	0.0001	51.0000	75.0250	
-0.0013	0.1378	0.0001	55.0250	75.0000	
-0.0013	0.1378	0.0001	54.1500	75.0750	
-0.0013	0.1378	0.0001	54.3500	74.9500	
-0.0013	0.1378	0.0001	55.2000	74.9500	
-0.0013	0.1378	0.0001	52.0750	75.0000	
-0.0013	0.1377	0.0001	54.4250	75.0000	
-0.0013	0.1377	0.0001	54.0250	75.0000	
-0.0013	0.1378	0.0001	51.1250	74.9500	
-0.0013	0.1378	0.0001	54.2000	75.0500	
-0.0013	0.1378	0.0001	53.4500	75.0500	
-0.0013	0.1378	0.0001	50.0750	74.9750	
-0.0013	0.1378	0.0001	55.0000	75.0000	
-0.0013	0.1378	0.0001	53.5500	75.0000	
-0.0013	0.1378	0.0001	55.0500	75.0250	
-0.0013	0.1378	0.0001	54.6500	75.0000	
-0.0013	0.1377	0.0001	50.3500	75.1000	
-0.0013	0.1377	0.0001	54.7500	74.9000	
-0.0013	0.1377	0.0001	56.6750	75.0250	
-0.0013	0.1377	0.0001	54.8000	75.0000	
-0.0013	0.1377	0.0001	56.1500	75.0500	
-0.0013	0.1377	0.0001	55.8250	75.0750	
-0.0013	0.1378	0.0001	52.7750	75.0000	
-0.0013	0.1377	0.0001	55.8000	75.0250	
-0.0013	0.1377	0.0001	54.6750	75.0500	
-0.0013	0.1376	0.0001	53.9750	74.9750	
-0.0013	0.1377	0.0001	55.9500	75.0750	
-0.0013	0.1377	0.0001	54.0250	75.0750	
-0.0013	0.1376	0.0001	55.5000	75.0500	
-0.0013	0.1377	0.0001	53.6500	75.0000	
-0.0013	0.1377	0.0001	54.1000	75.1000	
-0.0013	0.1377	0.0001	55.5500	75.0500	
-0.0013	0.1376	0.0001	52.4250	75.0000	
-0.0013	0.1376	0.0001	52.9500	75.0500	
-0.0013	0.1376	0.0001	55.2250	75.0500	
-0.0013	0.1376	0.0001	54.6750	75.0000	
-0.0013	0.1377	0.0001	53.1500	75.0500	
-0.0013	0.1377	0.0001	54.9000	75.0250	
-0.0013	0.1376	0.0001	53.6500	75.0500	
-0.0013	0.1376	0.0001	54.0250	75.1500	
-0.0013	0.1376	0.0001	55.4000	75.0500	
-0.0013	0.1377	0.0001	51.8250	75.0250	
-0.0013	0.1376	0.0001	54.3250	75.1250	
-0.0013	0.1376	0.0001	55.6500	74.9750	
-0.0013	0.1375	0.0001	52.6500	74.9000	
-0.0013	0.1376	0.0001	53.7500	75.0250	
-0.0013	0.1376	0.0001	55.5750	75.0000	
-0.0013	0.1377	0.0001	53.8000	74.9500	
-0.0013	0.1375	0.0001	55.7250	75.0500	
-0.0013	0.1376	0.0001	55.0250	74.9750	
-0.0013	0.1375	0.0001	52.3750	75.0000	
-0.0013	0.1375	0.0001	54.0750	74.9750	
-0.0013	0.1375	0.0001	55.4750	75.0000	
-0.0013	0.1376	0.0001	55.0750	75.0500	
-0.0013	0.1375	0.0001	51.0250	75.0250	
-0.0013	0.1376	0.0001	52.8750	75.0250	
-0.0013	0.1375	0.0001	56.3250	75.1250	
-0.0013	0.1376	0.0001	56.2750	74.9750	
-0.0013	0.1376	0.0001	55.0500	75.0750	
-0.0013	0.1375	0.0001	53.8750	75.0500	
-0.0013	0.1375	0.0001	54.3250	74.8250	
-0.0013	0.1375	0.0001	54.5250	75.0500	
-0.0013	0.1376	0.0001	54.1000	75.0250	
-0.0013	0.1375	0.0001	55.0750	74.9500	
-0.0013	0.1375	0.0001	52.9000	75.0750	
-0.0013	0.1375	0.0001	55.9750	74.9000	
-0.0013	0.1375	0.0001	54.3250	75.0250	
-0.0013	0.1375	0.0001	53.3000	74.9750	
-0.0013	0.1375	0.0001	56.4750	74.9000	
-0.0013	0.1375	0.0001	55.7750	74.9500	
-0.0013	0.1375	0.0001	51.5500	74.9750	
-0.0013	0.1376	0.0001	54.3250	74.9500	
-0.0013	0.1374	0.0001	53.4750	75.0500	
-0.0013	0.1375	0.0001	53.0750	75.0000	
-0.0013	0.1374	0.0001	56.1750	74.9750	
-0.0013	0.1375	0.0001	53.6000	75.0000	
-0.0013	0.1374	0.0001	52.1000	74.8750	
-0.0013	0.1374	0.0001	56.4500	75.0000	
-0.0013	0.1375	0.0001	54.8250	75.0000	
-0.0013	0.1374	0.0001	55.7250	74.9750	
-0.0013	0.1374	0.0001	54.8000	74.9250	
-0.0013	0.1374	0.0001	53.4250	75.0500	
-0.0013	0.1374	0.0001	55.4750	75.0500	
-0.0013	0.1374	0.0001	52.8000	75.0500	
-0.0013	0.1374	0.0001	53.5750	74.9750	
-0.0013	0.1374	0.0001	55.5750	75.0750	
-0.0013	0.1374	0.0001	53.4500	74.9500	
-0.0013	0.1374	0.0001	54.7250	75.1000	
-0.0013	0.1374	0.0001	55.3250	75.0750	
-0.0013	0.1374	0.0001	55.1500	74.9750	
-0.0013	0.1375	0.0001	53.2750	74.9250	
-0.0013	0.1374	0.0001	55.0500	75.0750	
-0.0013	0.1374	0.0001	55.3500	74.9750	
-0.0013	0.1374	0.0001	52.7250	74.8750	
-0.0013	0.1374	0.0001	53.7750	74.9750	
-0.0013	0.1374	0.0001	54.8000	74.9500	
-0.0013	0.1373	0.0001	55.8000	75.0000	
-0.0013	0.1376	0.0001	51.8500	75.0250	
-0.0013	0.1373	0.0001	54.8250	74.9750	
-0.0013	0.1373	0.0001	55.9000	75.0500	
-0.0013	0.1373	0.0001	54.1750	75.0000	
-0.0013	0.1374	0.0001	52.7750	75.0500	
-0.0013	0.1373	0.0001	52.9250	74.9750	
-0.0013	0.1374	0.0001	55.1250	75.0000	
-0.0013	0.1373	0.0001	54.1250	74.8500	
-0.0013	0.1374	0.0001	53.8750	75.0250	
-0.0013	0.1373	0.0001	55.9250	74.9750	
-0.0013	0.1374	0.0001	53.0750	74.9500	
-0.0013	0.1373	0.0001	53.9500	75.0250	
-0.0013	0.1374	0.0001	55.0750	74.9000	
-0.0013	0.1373	0.0001	50.7750	75.0500	
-0.0013	0.1373	0.0001	53.9750	74.8500	
-0.0013	0.1373	0.0001	56.5250	75.0000	
-0.0013	0.1373	0.0001	53.4250	74.9500	
0.6477	50.0000	0.7515	50.0000	
0.6205	50.0000	0.6786	50.0000	
0.5898	50.0000	0.6142	50.0000	
0.5574	50.0000	0.5529	50.0000	
0.5250	50.0000	0.4898	50.0000	
0.4931	50.0000	0.4290	50.0000	
0.4614	50.0000	0.3731	50.0000	
0.4308	50.0000	0.3249	50.0000	
0.4006	50.0000	0.2865	53.2750	
0.3714	48.7500	0.2585	71.8750	
0.3447	29.9750	0.2386	91.2500	
0.3207	27.9250	0.2252	95.1250	
0.3002	44.3750	0.2144	91.1500	
0.2839	49.5500	0.2042	87.8250	
0.2711	50.0000	0.1939	85.9000	
0.2606	50.0000	0.1832	86.3000	
0.2521	50.0000	0.1724	86.7000	
0.2438	50.0000	0.1615	87.2750	
0.2361	50.9500	0.1509	88.7500	
0.2280	55.9250	0.1406	89.1250	
0.2197	64.6000	0.1308	89.3250	
0.2113	70.8750	0.1214	90.0000	
0.2034	73.3500	0.1126	90.1250	
0.1959	73.8250	0.1043	90.4250	
0.1892	74.4000	0.0965	89.9500	
0.1831	74.5500	0.0891	89.4000	
0.1776	74.7250	0.0820	89.1250	
0.1728	74.8500	0.0751	88.3500	
0.1684	75.0250	0.0685	87.2000	
0.1645	75.0750	0.0621	86.2500	
0.1611	75.0750	0.0559	84.6500	
0.1581	75.0250	0.0500	83.5000	
0.1556	75.2500	0.0445	82.1000	
0.1534	75.2750	0.0393	80.9500	
0.1516	74.8250	0.0346	79.8500	
0.1500	74.7000	0.0302	79.0250	
0.1487	74.7000	0.0259	77.8000	
0.1477	74.9250	0.0219	76.4000	
0.1468	74.9500	0.0187	75.2250	
0.1460	75.0500	0.0162	74.3250	
0.1454	75.0250	0.0141	73.7750	
0.1449	75.1250	0.0125	73.7250	
0.1445	74.9500	0.0112	73.7000	
0.1441	75.1250	0.0102	74.0250	
0.1438	75.1000	0.0093	74.0250	
0.1436	75.0750	0.0085	74.1250	
0.1433	75.0250	0.0079	74.1500	
0.1431	75.0750	0.0073	74.1250	
0.1430	74.7500	0.0068	74.1500	
0.1428	75.2000	0.0064	74.1500	
0.1427	74.8750	0.0060	74.2000	
0.1426	74.8500	0.0056	74.2250	
0.1424	74.8500	0.0053	74.3750	
0.1423	74.9500	0.0050	74.3500	
0.1422	75.2000	0.0048	74.4250	
0.1421	74.6000	0.0045	74.4250	
0.1420	74.6250	0.0043	74.4500	
0.1419	74.6500	0.0041	74.4750	
0.1418	74.4250	0.0040	74.4750	
0.1417	74.1750	0.0038	74.5000	
0.1416	74.6000	0.0036	74.5500	
0.1415	74.5500	0.0035	74.6500	
0.1415	74.8250	0.0034	74.6750	
0.1414	75.1750	0.0032	74.7250	
0.1413	74.3000	0.0031	74.7250	
0.1412	74.8500	0.0030	74.7500	
0.1412	73.7250	0.0029	74.8000	
0.1411	73.7750	0.0028	74.8500	
0.1410	74.9500	0.0028	74.8750	
0.1409	75.3000	0.0027	74.9250	
0.1409	74.0000	0.0026	74.8750	
0.1408	69.7500	0.0025	74.9000	
0.1407	72.8250	0.0025	74.9500	
0.1407	74.8000	0.0024	75.0000	
0.1406	70.3250	0.0023	74.9500	
0.1405	66.7500	0.0023	75.0250	
0.1405	72.1000	0.0022	75.0000	
0.1404	68.4750	0.0022	75.0500	
0.1404	63.8750	0.0021	75.0000	
0.1403	68.7500	0.0021	75.0750	
0.1403	72.9000	0.0020	75.0000	
0.1402	64.7500	0.0019	75.0000	
0.1402	56.9500	0.0019	74.9750	
0.1401	62.5750	0.0018	75.0500	
0.1401	73.1000	0.0018	75.0000	
0.1400	64.5250	0.0017	75.0250	
0.1400	58.4500	0.0017	75.0500	
0.1399	60.0250	0.0016	75.0500	
0.1399	61.3750	0.0016	75.0750	
0.1398	69.0250	0.0015	75.1750	
0.1398	67.5000	0.0015	75.0750	
0.1397	59.1000	0.0015	75.0750	
0.1397	55.4000	0.0014	75.0500	
0.1397	61.6500	0.0014	75.2500	
0.1396	62.4500	0.0014	75.1000	
0.1396	61.6750	0.0013	75.1250	
0.1396	61.4000	0.0013	75.2000	
0.1395	61.2000	0.0013	75.2250	
0.1395	62.3250	0.0013	75.2250	
0.1394	58.7750	0.0012	75.2250	
0.1395	56.5000	0.0012	75.1750	
0.1393	63.6750	0.0012	75.2250	
0.1393	65.2000	0.0012	75.3000	
0.1393	59.9250	0.0011	75.2000	
0.1393	57.7250	0.0011	75.1750	
0.1392	58.2000	0.0011	75.2250	
0.1392	59.4750	0.0011	75.2500	
0.1392	62.2000	0.0011	75.1000	
0.1392	58.1750	0.0011	75.2250	
0.1392	60.6250	0.0010	75.2250	
0.1390	60.7500	0.0010	75.2000	
0.1390	56.8000	0.0010	75.2000	
0.1390	57.7250	0.0010	75.3250	
0.1389	61.4500	0.0010	75.2500	
0.1389	62.1750	0.0010	75.3000	
0.1389	57.7000	0.0010	75.2250	
0.1389	55.3000	0.0010	75.3000	
0.1389	59.2000	0.0009	75.3250	
0.1388	60.6500	0.0009	75.2500	
0.1388	57.2000	0.0009	75.2750	
0.1388	56.4500	0.0009	75.3500	
0.1388	58.3500	0.0009	75.3250	
0.1387	59.6250	0.0009	75.3500	
0.1387	57.0750	0.0009	75.3250	
0.1387	55.9750	0.0009	75.3500	
0.1387	59.5500	0.0009	75.3000	
0.1386	59.5250	0.0009	75.2750	
0.1386	56.4500	0.0009	75.3250	
0.1385	58.4250	0.0009	75.3000	
0.1385	60.3750	0.0008	75.3000	
0.1385	57.9000	0.0008	75.2750	
0.1385	54.5250	0.0008	75.3250	
0.1385	56.5500	0.0008	75.3500	
0.1385	58.6500	0.0008	75.3750	
0.1384	58.9500	0.0008	75.3000	
0.1384	59.1000	0.0008	75.3500	
0.1384	57.3000	0.0008	75.3250	
0.1384	55.3000	0.0008	75.3250	
0.1383	56.1000	0.0008	75.3250	
0.1383	57.8750	0.0008	75.3750	
0.1383	56.9500	0.0008	75.4000	
0.1383	56.0000	0.0008	75.4000	
0.1382	57.3000	0.0008	75.4250	
0.1382	57.6500	0.0008	75.4250	
0.1382	55.8000	0.0008	75.4250	
0.1382	55.9000	0.0008	75.4000	
0.1382	57.4000	0.0007	75.4000	
0.1381	56.8000	0.0007	75.4000	
0.1383	54.5000	0.0007	75.4250	
0.1381	57.8750	0.0007	75.4500	
0.1381	59.3500	0.0007	75.3750	
0.1381	54.7000	0.0007	75.3500	
0.1382	55.7500	0.0007	75.3000	
0.1380	56.3250	0.0007	75.4250	
0.1380	55.7250	0.0007	75.4000	
0.1380	55.0500	0.0007	75.4500	
0.1380	57.1750	0.0007	75.4750	
0.1379	56.8250	0.0007	75.4250	
0.1379	57.1000	0.0007	75.4500	
0.1380	57.1250	0.0007	75.4500	
0.1378	54.9250	0.0007	75.4250	
0.1379	54.3000	0.0007	75.4250	
0.1378	57.3250	0.0007	75.4500	
0.1378	57.5250	0.0007	75.4500	
0.1378	55.6500	0.0007	75.4750	
0.1377	54.5500	0.0007	75.4500	
0.1377	54.1000	0.0007	75.4000	
0.1377	55.7250	0.0007	75.5000	
0.1377	56.5750	0.0007	75.3750	
0.1377	55.4500	0.0007	75.4000	
0.1377	54.6000	0.0007	75.4500	
0.1376	53.7750	0.0006	75.5000	
0.1377	53.8500	0.0006	75.4500	
0.1376	55.7000	0.0006	75.4500	
0.1376	55.5000	0.0006	75.4250	
0.1376	53.5750	0.0006	75.4250	
0.1376	53.7000	0.0006	75.4500	
0.1376	55.2250	0.0006	75.4250	
0.1376	53.3500	0.0006	75.4750	
0.1376	54.5250	0.0006	75.4000	
0.1375	57.5000	0.0006	75.4500	
0.1377	54.2000	0.0006	75.5250	
0.1375	54.3250	0.0006	75.4250	
0.1375	57.1750	0.0006	75.4000	
0.1375	55.6250	0.0006	75.4250	
0.1375	55.2000	0.0006	75.3500	
0.1374	55.9750	0.0006	75.4250	
0.1374	60.2000	0.0006	75.3750	
0.1374	60.0500	0.0006	75.4750	
0.1374	57.3250	0.0006	75.4000	
0.1374	55.2500	0.0006	75.4750	
0.1374	56.4000	0.0006	75.4250	
0.1373	53.5250	0.0006	75.4250	
0.1373	56.9750	0.0006	75.4500	
0.1373	58.2000	0.0006	75.3750	
0.1373	54.6750	0.0006	75.3000	
0.1373	56.2500	0.0006	75.4500	
0.1373	55.1500	0.0006	75.4250	
0.1373	56.1750	0.0006	75.4000	
0.1373	57.0500	0.0006	75.4250	
0.1373	59.1750	0.0006	75.4250	
0.1373	53.0000	0.0006	75.3500	
0.1372	54.1500	0.0006	75.3500	
0.1372	60.0250	0.0006	75.4500	
0.1372	56.3750	0.0006	75.2500	
0.1372	55.0250	0.0006	75.4250	
0.1372	55.0500	0.0006	75.4750	
0.1372	55.2250	0.0006	75.4250	
0.1373	57.2250	0.0006	75.4250	
0.1373	55.3000	0.0006	75.3250	
0.1371	57.8250	0.0006	75.5000	
0.1372	53.0000	0.0006	75.4750	
0.1371	50.4750	0.0006	75.4500	
0.1371	60.6750	0.0006	75.3500	
0.1372	59.3250	0.0006	75.4250	
0.1371	51.4750	0.0006	75.4250	
0.1371	52.2250	0.0006	75.5250	
0.1371	55.1500	0.0006	75.4000	
0.1371	55.2000	0.0006	75.3750	
0.1371	54.7000	0.0006	75.3500	
0.1371	58.3250	0.0006	75.5000	
0.1370	52.2500	0.0005	75.3500	
0.1370	52.2750	0.0005	75.4750	
0.1370	55.9250	0.0005	75.4500	
0.1370	54.2250	0.0005	75.2750	
0.1370	54.4000	0.0005	75.4000	
0.1370	53.7000	0.0005	75.4000	
0.1370	53.7750	0.0005	75.4750	
0.1369	56.8000	0.0005	75.4250	
0.1370	56.4750	0.0005	75.4500	
0.1369	49.1250	0.0005	75.3750	
0.1369	53.7750	0.0005	75.4750	
0.1369	54.8250	0.0005	75.4750	
0.1369	57.9250	0.0005	75.4000	
0.1369	56.0750	0.0005	75.4750	
0.1369	50.8750	0.0005	75.5000	
0.1369	54.6000	0.0005	75.4750	
0.1369	51.4750	0.0005	75.4500	
0.1369	51.4250	0.0005	75.4500	
0.1369	58.9750	0.0005	75.3750	
0.1369	57.9250	0.0005	75.4250	
0.1368	50.7250	0.0005	75.5500	
0.1369	52.3000	0.0005	75.4250	
0.1368	53.0500	0.0005	75.3750	
0.1369	57.5250	0.0005	75.4750	
0.1369	54.4250	0.0005	75.4500	
0.1367	47.7250	0.0005	75.6000	
0.1368	53.8750	0.0005	75.4250	
0.1368	57.1250	0.0005	75.4500	
0.1368	51.2750	0.0005	75.4500	
0.1367	50.4250	0.0005	75.4750	
0.1367	54.8500	0.0005	75.3750	
0.1367	54.8250	0.0005	75.4750	
0.1367	53.4250	0.0005	75.5000	
0.1367	51.5750	0.0005	75.4250	
0.1366	54.9750	0.0005	75.5250	
0.1367	54.6500	0.0005	75.6500	
0.1366	51.5000	0.0005	75.5000	
0.1366	54.3750	0.0005	75.4750	
0.1366	54.6750	0.0005	75.5000	
0.1366	55.6750	0.0005	75.4750	
0.1367	53.2250	0.0005	75.5500	
0.1367	50.5750	0.0005	75.5000	
0.1366	52.6500	0.0005	75.5000	
0.1366	53.7500	0.0005	75.5500	
0.1366	56.8250	0.0005	75.5500	
0.1365	53.7500	0.0005	75.4500	
0.1365	49.5750	0.0005	75.4750	
0.1366	53.2500	0.0005	75.6000	
0.1365	55.3000	0.0005	75.4750	
0.1365	53.1500	0.0005	75.4500	
0.1365	57.9750	0.0005	75.5750	
0.1366	56.5000	0.0005	75.4250	
0.1366	51.6500	0.0005	75.4000	
0.1365	50.1750	0.0005	75.6000	
0.1365	53.8500	0.0005	75.5000	
0.1365	50.3000	0.0004	75.5250	
0.1364	52.0000	0.0004	75.4500	
0.1364	54.4250	0.0004	75.4500	
0.1365	55.8500	0.0004	75.4500	
0.1364	54.7500	0.0004	75.4750	
0.1364	50.8500	0.0004	75.4750	
0.1364	51.6750	0.0004	75.5000	
0.1364	52.6500	0.0004	75.5000	
0.1365	54.7000	0.0004	75.5250	
0.1364	52.3500	0.0004	75.5000	
0.1365	50.1000	0.0004	75.4750	
0.1363	56.1000	0.0004	75.5500	
0.1363	57.8750	0.0004	75.4500	
0.1364	50.8000	0.0004	75.3750	
0.1363	47.3500	0.0004	75.5250	
0.1364	54.6000	0.0004	75.5000	
0.1364	58.9750	0.0004	75.5750	
0.1363	51.1250	0.0004	75.5500	
0.1363	52.3250	0.0004	75.4250	
0.1363	55.3500	0.0004	75.5750	
0.1363	47.6000	0.0004	75.5000	
0.1363	45.6250	0.0004	75.4750	
0.1363	57.8000	0.0004	75.5250	
0.1363	60.8500	0.0004	75.4250	
0.1363	47.9500	0.0004	75.5250	
0.1363	46.4000	0.0004	75.4000	
0.1362	55.4500	0.0004	75.4250	
0.1363	57.2000	0.0004	75.5750	
0.1362	51.1500	0.0004	75.4250	
0.1362	49.4000	0.0004	75.4000	
0.1362	53.6500	0.0004	75.3750	
0.1362	53.3750	0.0004	75.3750	
0.1362	52.3250	0.0004	75.5000	
0.1361	53.9750	0.0004	75.4000	
0.1362	52.4250	0.0004	75.5250	
0.1361	52.7250	0.0004	75.5250	
0.1361	54.3500	0.0004	75.4250	
0.1361	51.1250	0.0004	75.4250	
0.1361	52.5250	0.0004	75.4750	
0.1361	53.6750	0.0004	75.4750	
0.1361	53.4250	0.0004	75.4250	
0.1361	53.4750	0.0004	75.4250	
0.1361	49.9500	0.0004	75.4500	
0.1361	52.7000	0.0004	75.5000	
0.1361	54.8750	0.0004	75.5000	
0.1361	55.2250	0.0004	75.5000	
0.1360	54.7000	0.0004	75.4250	
0.1360	53.2750	0.0004	75.5750	
0.1360	49.6750	0.0004	75.4750	
0.1360	50.4000	0.0004	75.4250	
0.1360	52.9000	0.0004	75.4250	
0.1360	56.2750	0.0004	75.4250	
0.1360	54.4000	0.0004	75.4500	
0.1362	50.8250	0.0004	75.4500	
0.1360	48.5000	0.0004	75.4000	
0.1360	49.9750	0.0004	75.4250	
0.1359	55.1500	0.0004	75.4750	
0.1360	55.1500	0.0004	75.3750	
0.1359	51.8000	0.0004	75.4250	
0.1359	50.5000	0.0004	75.4250	
0.1359	51.6250	0.0004	75.4250	
0.1359	52.5000	0.0004	75.4500	
0.1359	55.9750	0.0004	75.4500	
0.1359	53.6500	0.0004	75.4750	
0.1359	50.4750	0.0004	75.4250	
0.1359	46.7750	0.0004	75.5250	
0.1358	52.8000	0.0004	75.4750	
0.1359	60.4500	0.0004	75.5000	
0.1359	56.6750	0.0004	75.5000	
0.1358	49.9750	0.0004	75.5000	
0.1358	49.8750	0.0004	75.3750	
0.1358	53.2250	0.0004	75.4000	
0.1358	50.5250	0.0004	75.4000	
0.1358	51.3500	0.0004	75.4750	
0.1358	52.4250	0.0004	75.4500	
0.1357	56.2250	0.0004	75.5000	
0.1357	54.3000	0.0004	75.4500	
0.1357	49.8000	0.0004	75.5000	
0.1357	50.1250	0.0004	75.4500	
0.1357	52.9500	0.0004	75.4000	
0.1357	54.9250	0.0004	75.5250	
0.1357	53.9250	0.0004	75.4500	
0.1358	51.9250	0.0004	75.4500	
0.1357	46.9250	0.0004	75.4750	
0.1357	51.3750	0.0004	75.4250	
0.1356	57.9250	0.0004	75.3250	
0.1356	52.2000	0.0004	75.4000	
0.1356	48.8750	0.0004	75.4250	
0.1356	49.9000	0.0004	75.3500	
0.1358	50.9250	0.0004	75.4500	
0.1356	50.7250	0.0004	75.4500	
0.1356	51.1750	0.0004	75.4000	
0.1355	53.9500	0.0004	75.4250	
0.1355	57.4250	0.0004	75.4000	
0.1356	51.1750	0.0004	75.4500	
0.1355	50.5000	0.0004	75.4500	
0.1355	53.1500	0.0004	75.4250	
0.1355	51.8000	0.0004	75.4500	
0.1356	52.8750	0.0004	75.4000	
0.1355	47.2000	0.0004	75.4750	
0.1356	48.9750	0.0004	75.5000	
0.1355	49.8500	0.0004	75.3750	
0.1355	47.7000	0.0004	75.4250	
0.1355	57.6750	0.0004	75.4500	
0.1354	55.1250	0.0004	75.4500	
0.1354	46.9250	0.0004	75.4750	
0.1354	44.3000	0.0004	75.4000	
0.1353	48.5750	0.0004	75.5000	
0.1354	54.2250	0.0004	75.3500	
0.1354	50.6500	0.0004	75.5000	
0.1353	49.7750	0.0004	75.3500	
0.1354	56.2500	0.0004	75.4250	
0.1353	52.3250	0.0004	75.3750	
0.1353	48.1500	0.0004	75.4250	
0.1353	49.0750	0.0004	75.4000	
0.1352	50.6750	0.0004	75.3750	
0.1353	52.3250	0.0004	75.4500	
0.1352	49.9250	0.0004	75.3500	
0.1352	49.0750	0.0004	75.4500	
0.1352	51.9250	0.0004	75.4250	
0.1352	50.7500	0.0004	75.3750	
0.1352	49.6250	0.0004	75.4250	
0.1351	53.1000	0.0004	75.3750	
0.1351	52.8250	0.0004	75.4250	
0.1351	48.8250	0.0004	75.4750	
0.1351	47.0250	0.0004	75.4750	
0.1351	48.4250	0.0004	75.4000	
0.1352	51.9000	0.0004	75.3000	
0.1352	48.4000	0.0004	75.3250	
0.1350	47.9000	0.0004	75.5750	
0.1351	54.1750	0.0004	75.3500	
0.1352	48.6250	0.0004	75.4250	
0.1352	49.2250	0.0004	75.4250	
0.1351	54.0250	0.0004	75.3750	
0.1349	53.2250	0.0004	75.4000	
0.1349	52.6750	0.0004	75.4500	
0.1349	47.8250	0.0004	75.3750	
0.1349	46.6000	0.0004	75.4750	
0.1348	47.7750	0.0004	75.3750	
0.1349	52.3750	0.0004	75.4500	
0.1350	49.6500	0.0004	75.4250	
0.1348	52.2000	0.0004	75.3750	
0.1348	52.3750	0.0004	75.4750	
0.1348	47.4250	0.0004	75.4250	
0.1347	46.3000	0.0004	75.4750	
0.1348	51.0500	0.0004	75.4250	
0.1347	51.2500	0.0004	75.4250	
0.1347	46.0000	0.0004	75.4250	
0.1346	46.8750	0.0004	75.4000	
0.1346	55.4000	0.0004	75.3500	
0.1346	55.9750	0.0004	75.4250	
0.1346	49.6000	0.0004	75.3750	
0.1346	48.1750	0.0004	75.3250	
0.1346	51.7500	0.0004	75.2750	
0.1346	50.4000	0.0004	75.4000	
0.1345	48.5250	0.0003	75.4000	
0.1345	50.6000	0.0003	75.4250	
0.1345	49.1250	0.0003	75.3500	
0.1344	47.7750	0.0003	75.4500	
0.1344	48.1750	0.0003	75.4250	
0.1344	51.3750	0.0003	75.4250	
0.1344	47.5250	0.0003	75.3500	
0.1343	47.9250	0.0003	75.4250	
0.1343	46.8000	0.0003	75.3500	
0.1343	49.6000	0.0003	75.3500	
0.1344	55.2250	0.0003	75.4500	
0.1342	49.5000	0.0003	75.4500	
0.1343	44.5250	0.0003	75.4750	
0.1342	52.6250	0.0003	75.4250	
0.1342	54.7000	0.0003	75.4750	
0.1341	52.0250	0.0003	75.3750	
0.1340	51.4500	0.0003	75.4250	
0.1341	49.1750	0.0003	75.3750	
0.1340	45.4750	0.0003	75.4250	
0.1341	48.4750	0.0003	75.3250	
0.1339	48.2750	0.0003	75.4250	
0.1340	45.6500	0.0003	75.3750	
0.1339	51.9750	0.0003	75.4000	
0.1338	51.8750	0.0003	75.4000	
0.1338	50.0500	0.0003	75.4250	
0.1338	49.1250	0.0003	75.4250	
0.1338	48.2000	0.0003	75.4000	
0.1338	48.2500	0.0003	75.3750	
0.1338	47.6000	0.0003	75.4250	
0.1338	51.6500	0.0003	75.3750	
0.1337	48.4500	0.0003	75.3750	
0.1337	46.1750	0.0003	75.4000	
0.1337	49.4250	0.0003	75.4000	
0.1336	48.2750	0.0003	75.3750	
0.1336	51.9750	0.0003	75.4000	
0.1336	53.8000	0.0003	75.4000	
0.1335	50.0000	0.0003	75.4000	
0.1335	45.9750	0.0003	75.3000	
0.1335	45.7000	0.0003	75.4250	
0.1335	47.7000	0.0003	75.4500	
0.1334	52.9000	0.0003	75.4000	
0.1334	52.4250	0.0003	75.3750	
0.1334	49.5250	0.0003	75.4250	
0.1333	47.9500	0.0003	75.4250	
0.1333	48.9250	0.0003	75.3750	
0.1334	45.6750	0.0003	75.3500	
0.1334	50.6000	0.0003	75.4000	
0.1334	49.0750	0.0003	75.3000	
0.1332	50.6500	0.0003	75.3750	
0.1332	50.8500	0.0003	75.4000	
0.1332	46.7250	0.0003	75.3000	
0.1332	47.4750	0.0003	75.3500	
0.1332	47.8750	0.0003	75.4000	
0.1331	50.3000	0.0003	75.3250	
0.1331	50.3000	0.0003	75.3250	
0.1331	45.6000	0.0003	75.3750	
0.1331	47.2000	0.0003	75.3500	
0.1331	49.7000	0.0003	75.3250	
0.1330	50.1500	0.0003	75.4250	
0.1330	49.5000	0.0003	75.3750	
0.1330	46.6750	0.0003	75.3500	
0.1331	45.3500	0.0003	75.3500	
0.1329	50.4750	0.0003	75.4000	
0.1330	49.7750	0.0003	75.3500	
0.1330	41.7000	0.0003	75.2500	
0.1329	44.8000	0.0003	75.2500	
0.1329	53.9250	0.0003	75.3750	
0.1328	51.0500	0.0003	75.2250	
0.1329	47.7250	0.0003	75.3750	
0.1328	49.0000	0.0003	75.2750	
0.1328	49.6500	0.0003	75.3000	
0.1327	48.2250	0.0003	75.3500	
0.1327	45.4500	0.0003	75.3250	
0.1327	50.4000	0.0003	75.4750	
0.1327	50.9000	0.0003	75.3250	
0.1326	47.9750	0.0003	75.2000	
0.1326	50.5750	0.0003	75.2750	
0.1325	48.2500	0.0003	75.2750	
0.1326	49.1750	0.0003	75.3500	
0.1325	46.5500	0.0003	75.2250	
0.1325	47.6000	0.0003	75.4000	
0.1325	52.9250	0.0003	75.3500	
0.1325	48.5000	0.0003	75.3500	
0.1324	44.3750	0.0003	75.3250	
0.1324	51.5250	0.0003	75.3500	
0.1323	51.3750	0.0003	75.3500	
0.1323	49.6250	0.0003	75.3250	
0.1323	47.2750	0.0003	75.3750	
0.1323	46.6000	0.0003	75.3250	
0.1323	49.5500	0.0003	75.3000	
0.1322	49.7500	0.0003	75.3750	
0.1322	49.1500	0.0003	75.3750	
0.1322	49.4000	0.0003	75.3250	
0.1322	52.9000	0.0003	75.3750	
0.1321	49.5500	0.0003	75.3000	
0.1321	46.5250	0.0003	75.3000	
0.1321	47.6250	0.0003	75.3500	
0.1321	48.5750	0.0003	75.3500	
0.1320	49.4500	0.0003	75.2500	
0.1320	49.3500	0.0003	75.3750	
0.1320	49.7500	0.0003	75.3000	
0.1320	49.0500	0.0003	75.2750	
0.1320	49.5750	0.0003	75.3500	
0.1319	48.0500	0.0003	75.2750	
0.1319	46.4250	0.0003	75.3250	
0.1319	48.6500	0.0003	75.3500	
0.1319	49.9250	0.0003	75.3500	
0.1319	52.0000	0.0003	75.3000	
0.1318	50.0000	0.0003	75.3500	
0.1318	47.5250	0.0003	75.3750	
0.1318	47.6750	0.0003	75.3000	
0.1318	50.4500	0.0003	75.2500	
0.1318	47.9250	0.0003	75.2500	
0.1317	46.3250	0.0003	75.2750	
0.1317	47.5750	0.0003	75.3000	
0.1318	51.5500	0.0003	75.3250	
0.1317	50.3250	0.0003	75.3250	
0.1317	49.5250	0.0003	75.2750	
0.1317	49.6750	0.0003	75.2750	
0.1317	46.8500	0.0003	75.2250	
0.1316	48.3500	0.0003	75.3750	
0.1316	48.9250	0.0003	75.3500	
0.1316	47.8000	0.0003	75.2500	
0.1317	51.7250	0.0003	75.3500	
0.1317	46.0250	0.0003	75.2500	
0.1316	47.7750	0.0003	75.2000	
0.1315	52.8750	0.0003	75.2750	
0.1316	48.2500	0.0003	75.2250	
0.1316	49.1250	0.0003	75.3500	
0.1315	46.8250	0.0003	75.3000	
0.1315	46.8500	0.0003	75.2750	
0.1314	50.2000	0.0003	75.3750	
0.1314	49.8250	0.0003	75.2750	
0.1314	49.5250	0.0003	75.2750	
0.1314	48.4250	0.0003	75.2750	
0.1314	47.1000	0.0003	75.3000	
0.1313	49.5500	0.0003	75.3750	
0.1314	53.2500	0.0003	75.2000	
0.1315	47.0250	0.0003	75.3250	
0.1313	48.9250	0.0003	75.4250	
0.1314	54.1500	0.0003	75.2250	
0.1313	47.1000	0.0003	75.3250	
0.1313	45.0750	0.0003	75.3500	
0.1313	50.7000	0.0003	75.2000	
0.1312	54.3000	0.0003	75.2750	
0.1312	49.6750	0.0003	75.3250	
0.1312	45.9250	0.0003	75.3500	
0.1312	48.4250	0.0003	75.2000	
0.1312	46.7000	0.0003	75.4250	
0.1311	48.3750	0.0003	75.3500	
0.1311	50.7000	0.0003	75.3500	
0.1311	50.1500	0.0003	75.3000	
0.1311	51.5500	0.0003	75.2250	
0.1310	51.6250	0.0003	75.2750	
0.1311	47.6750	0.0003	75.3000	
0.1310	47.1000	0.0003	75.3750	
0.1310	48.6750	0.0003	75.3000	
0.1310	51.8000	0.0003	75.2250	
0.1309	49.0250	0.0003	75.2500	
0.1309	46.0500	0.0003	75.4000	
0.1309	47.7250	0.0003	75.2250	
0.1309	53.7500	0.0003	75.3250	
0.1308	50.5000	0.0003	75.2500	
0.1309	47.5000	0.0003	75.3000	
0.1308	49.8750	0.0003	75.2250	
0.1309	52.8500	0.0003	75.3750	
0.1309	49.2750	0.0003	75.3000	
0.1308	47.6250	0.0003	75.2250	
0.1307	48.8000	0.0003	75.3000	
0.1307	49.8500	0.0003	75.3000	
0.1307	51.2250	0.0003	75.3500	
0.1307	50.1500	0.0003	75.3250	
0.1306	49.4000	0.0003	75.3250	
0.1307	49.0500	0.0003	75.3500	
0.1307	52.3500	0.0003	75.2750	
0.1307	50.5000	0.0003	75.3000	
0.1306	48.7000	0.0003	75.2000	
0.1305	49.6250	0.0003	75.3750	
0.1306	51.1750	0.0003	75.3000	
0.1305	50.2500	0.0003	75.2500	
0.1305	48.7000	0.0003	75.4250	
0.1305	50.1250	0.0003	75.3000	
0.1305	50.7500	0.0003	75.2500	
0.1305	49.4750	0.0003	75.2750	
0.1306	52.2500	0.0003	75.3000	
0.1306	49.3750	0.0003	75.1250	
0.1304	50.3500	0.0003	75.2500	
0.1304	53.5000	0.0003	75.3750	
0.1304	50.4000	0.0003	75.1750	
0.1304	49.7250	0.0003	75.4000	
0.1303	52.9000	0.0003	75.3250	
0.1304	49.4000	0.0003	75.2000	
0.1304	49.3750	0.0003	75.3250	
0.1304	51.8000	0.0003	75.3500	
0.1303	51.6500	0.0003	75.2000	
0.1303	50.0000	0.0003	75.3500	
0.1302	51.0000	0.0003	75.3000	
0.1303	52.1500	0.0003	75.4000	
0.1302	52.4500	0.0003	75.2750	
0.1302	50.8750	0.0003	75.2500	
0.1302	49.7750	0.0003	75.2250	
0.1302	52.2250	0.0003	75.1750	
0.1302	52.4500	0.0003	75.3500	
0.1302	49.4250	0.0003	75.2500	
0.1302	51.6250	0.0003	75.2250	
0.1301	51.4250	0.0003	75.1000	
0.1302	49.3000	0.0003	75.2750	
0.1302	52.8750	0.0003	75.3250	
0.1301	53.2250	0.0003	75.2750	
0.1302	49.8000	0.0003	75.2500	
0.1301	49.1500	0.0003	75.2000	
0.1301	51.5750	0.0003	75.3250	
0.1300	52.5000	0.0003	75.2000	
0.1300	52.6000	0.0003	75.2250	
0.1300	52.7750	0.0003	75.3000	
0.1300	52.3500	0.0003	75.2000	
0.1300	50.1250	0.0003	75.3500	
0.1300	53.2500	0.0003	75.2500	
0.1300	52.4500	0.0003	75.2500	
0.1300	49.5750	0.0003	75.2000	
0.1300	50.1000	0.0003	75.2500	
0.1300	52.0250	0.0003	75.1500	
0.1299	52.3000	0.0003	75.1750	
0.1299	52.4500	0.0003	75.2500	
0.1299	52.8000	0.0003	75.3500	
0.1299	52.7000	0.0003	75.2000	
0.1299	50.8750	0.0003	75.3000	
0.1299	51.4500	0.0003	75.2250	
0.1298	52.3750	0.0003	75.2250	
0.1298	50.5250	0.0003	75.2750	
0.1298	51.7000	0.0003	75.4000	
0.1298	52.5000	0.0003	75.2500	
0.1298	52.6250	0.0003	75.2500	
0.1298	51.6750	0.0003	75.2250	
0.1298	51.2250	0.0003	75.3250	
0.1298	51.9750	0.0003	75.3500	
0.1298	52.6750	0.0003	75.2000	
0.1298	51.9750	0.0003	75.2000	
0.1297	49.2250	0.0003	75.3000	
0.1297	49.6000	0.0003	75.4000	
0.1298	52.4750	0.0003	75.1750	
0.1297	52.3500	0.0003	75.3000	
0.1297	48.4250	0.0003	75.3250	
0.1297	51.0500	0.0003	75.1250	
0.1297	52.4250	0.0003	75.3250	
0.1297	51.7750	0.0003	75.3000	
0.1296	48.6000	0.0003	75.3000	
0.1296	50.9750	0.0003	75.3500	
0.1296	52.5500	0.0003	75.2500	
0.1297	52.5000	0.0003	75.3000	
0.1296	51.5000	0.0003	75.2750	
0.1296	51.5000	0.0003	75.2000	
0.1296	52.5500	0.0003	75.3000	
0.1296	51.9250	0.0003	75.3000	
0.1296	50.8000	0.0003	75.2000	
0.1296	49.7000	0.0003	75.3000	
0.1296	51.9500	0.0003	75.2250	
0.1295	52.2000	0.0003	75.2500	
0.1296	52.4250	0.0003	75.3000	
0.1295	52.6000	0.0003	75.3000	
0.1295	52.3000	0.0002	75.2250	
0.1295	52.1250	0.0002	75.3500	
0.1295	52.2250	0.0002	75.2750	
0.1295	51.9250	0.0002	75.3000	
0.1295	51.3750	0.0002	75.2000	
0.1295	51.1250	0.0002	75.3250	
0.1295	52.4000	0.0002	75.2500	
0.1295	52.2250	0.0002	75.2750	
0.1295	52.0750	0.0002	75.2000	
0.1294	51.9250	0.0002	75.2000	
0.1294	52.0500	0.0002	75.2750	
0.1294	52.2750	0.0002	75.2250	
0.1294	52.3750	0.0002	75.1000	
0.1295	52.6500	0.0002	75.2750	
0.1294	52.1500	0.0002	75.1500	
0.1294	50.1500	0.0002	75.1500	
0.1294	50.7250	0.0002	75.1750	
0.1294	52.9250	0.0002	75.1500	
0.1294	52.8250	0.0002	75.3000	
0.1294	50.4000	0.0002	75.1500	
0.1294	51.5500	0.0002	75.1500	
0.1294	52.6250	0.0002	75.2250	
0.1294	52.2000	0.0002	75.0500	
0.1293	51.1000	0.0002	75.1000	
0.1294	52.7500	0.0002	75.1500	
0.1293	52.6000	0.0002	75.2250	
0.1293	51.4250	0.0002	75.1000	
0.1293	51.3250	0.0002	75.1750	
0.1293	52.7750	0.0002	75.2000	
0.1294	52.7000	0.0002	75.0500	
0.1293	52.2250	0.0002	75.3000	
0.1293	51.8000	0.0002	75.0750	
0.1293	52.6000	0.0002	75.1000	
0.1293	52.6000	0.0002	75.1500	
0.1293	52.7250	0.0002	75.1750	
0.1292	52.3500	0.0002	75.1500	
0.1293	51.9500	0.0002	75.2250	
0.1292	51.0750	0.0002	75.2000	
0.1293	53.0250	0.0002	75.2250	
0.1292	52.1500	0.0002	75.0500	
0.1292	52.3000	0.0002	75.1750	
0.1292	52.0750	0.0002	75.2500	
0.1292	52.6000	0.0002	75.1250	
0.1292	52.7000	0.0002	75.1250	
0.1293	52.1250	0.0002	75.2000	
0.1293	52.9750	0.0002	75.1250	
0.1293	52.7000	0.0002	75.1500	
0.1292	52.2000	0.0002	75.0500	
0.1292	52.5250	0.0002	75.0500	
0.1292	52.8000	0.0002	75.1500	
0.1292	52.5250	0.0002	75.2750	
0.1293	52.4000	0.0002	75.1750	
0.1292	52.8250	0.0002	75.1000	
0.1293	52.4250	0.0002	75.1750	
0.1292	52.4500	0.0002	75.2000	
0.1291	52.7000	0.0002	75.1500	
0.1291	52.4500	0.0002	75.2250	
0.1291	52.6500	0.0002	75.1500	
0.1292	53.4500	0.0002	75.2000	
0.1291	52.4500	0.0002	75.1000	
0.1291	52.6250	0.0002	75.1750	
0.1291	52.9000	0.0002	75.2000	
0.1290	52.8500	0.0002	75.1500	
0.1291	52.6750	0.0002	75.1500	
0.1291	52.8500	0.0002	75.1500	
0.1290	52.8250	0.0002	75.2000	
0.1291	52.9500	0.0002	75.2000	
0.1291	52.8000	0.0002	75.1750	
0.1291	52.8000	0.0002	75.1250	
0.1291	52.9250	0.0002	75.1250	
0.1291	53.1750	0.0002	75.1750	
0.1290	52.6750	0.0002	75.2750	
0.1290	52.6750	0.0002	75.1250	
0.1291	53.0500	0.0002	75.1750	
0.1290	52.8500	0.0002	75.0500	
0.1290	52.7250	0.0002	75.1500	
0.1290	52.8250	0.0002	75.1500	
0.1291	53.1500	0.0002	75.1250	
0.1290	53.0500	0.0002	75.1000	
0.1290	52.6750	0.0002	75.1250	
0.1290	52.9500	0.0002	75.2000	
0.1290	53.0250	0.0002	75.1750	
0.1290	53.1250	0.0002	75.1000	
0.1289	52.9750	0.0002	75.1750	
0.1290	52.7750	0.0002	75.1750	
0.1290	53.2000	0.0002	75.0250	
0.1290	52.8250	0.0002	75.2500	
0.1290	53.2750	0.0002	75.1500	
0.1289	53.1000	0.0002	75.1750	
0.1289	52.6750	0.0002	75.1500	
0.1289	52.6250	0.0002	75.0500	
0.1289	52.9750	0.0002	75.1000	
0.1289	53.0750	0.0002	75.1250	
0.1289	53.1500	0.0002	75.1500	
0.1289	53.3000	0.0002	75.1000	
0.1289	53.3000	0.0002	75.1500	
0.1289	52.9250	0.0002	75.1750	
0.1289	52.7500	0.0002	75.0500	
0.1289	52.9750	0.0002	75.2250	
0.1289	53.2500	0.0002	75.0750	
0.1289	52.7750	0.0002	75.1500	
0.1290	52.6000	0.0002	75.1750	
0.1288	52.2750	0.0002	75.1000	
0.1289	54.1750	0.0002	75.2000	
0.1290	52.3500	0.0002	75.1750	
0.1289	50.7250	0.0002	75.1250	
0.1289	51.0000	0.0002	75.1500	
0.1288	52.4000	0.0002	75.1500	
0.1288	52.8750	0.0002	75.1500	
0.1290	52.2500	0.0002	75.0500	
0.1288	52.1250	0.0002	75.1750	
0.1289	53.4500	0.0002	75.1500	
0.1288	52.9250	0.0002	75.0250	
0.1288	52.3250	0.0002	75.0750	
0.1288	53.5000	0.0002	75.1000	
0.1288	53.5750	0.0002	75.0750	
0.1288	53.0000	0.0002	75.2000	
0.1288	52.1750	0.0002	75.0500	
0.1288	52.6750	0.0002	75.1750	
0.1288	52.8250	0.0002	75.1250	
0.1288	53.0250	0.0002	75.1500	
0.1288	53.3000	0.0002	75.1000	
0.1288	53.3500	0.0002	75.1250	
0.1288	52.9500	0.0002	75.2000	
0.1288	53.1000	0.0002	75.1500	
0.1288	52.8500	0.0002	75.1500	
0.1288	52.8250	0.0002	75.0000	
0.1287	53.0750	0.0002	75.1250	
0.1288	53.4250	0.0002	75.1000	
0.1288	53.1000	0.0002	75.1500	
0.1287	52.9500	0.0002	75.1000	
0.1287	52.7250	0.0002	75.1500	
0.1288	52.9000	0.0002	75.0750	
0.1287	53.2750	0.0002	75.1000	
0.1288	52.8500	0.0002	75.1750	
0.1288	53.0250	0.0002	75.0750	
0.1287	53.2750	0.0002	75.1250	
0.1289	52.6750	0.0002	75.1250	
0.1288	53.1250	0.0002	75.1250	
0.1287	52.9250	0.0002	75.1250	
0.1287	52.6500	0.0002	75.1500	
0.1287	52.6500	0.0002	75.0750	
0.1287	52.7750	0.0002	75.0500	
0.1287	53.0250	0.0002	75.1000	
0.1287	53.1500	0.0002	75.1250	
0.1286	53.0250	0.0002	75.1000	
0.1287	52.3250	0.0002	75.1750	
0.1287	53.1750	0.0002	75.1500	
0.1287	53.5250	0.0002	75.1750	
0.1286	52.8250	0.0002	75.0250	
0.1286	52.7000	0.0002	75.1250	
0.1287	53.5250	0.0002	75.1500	
0.1286	52.8750	0.0002	75.1250	
0.1287	52.6250	0.0002	75.1500	
0.1286	52.7500	0.0002	75.1750	
0.1286	52.8750	0.0002	75.0750	
0.1286	53.4000	0.0002	75.1000	
0.1287	53.6250	0.0002	75.0250	
0.1286	53.1250	0.0002	75.1750	
0.1287	52.3250	0.0002	75.1250	
0.1286	52.6750	0.0002	75.0750	
0.1286	53.5000	0.0002	75.0500	
0.1286	52.5000	0.0002	75.0500	
0.1286	53.3000	0.0002	75.2250	
0.1286	53.4250	0.0002	75.1250	
0.1286	53.0250	0.0002	75.1750	
0.1287	52.7750	0.0002	75.1500	
0.1286	53.6250	0.0002	74.9250	
0.1286	53.4500	0.0002	75.0750	
0.1286	52.4500	0.0002	75.1250	
0.1285	52.8250	0.0002	75.1250	
0.1286	53.6000	0.0002	75.0750	
0.1285	52.7000	0.0002	75.2250	
0.1286	53.3250	0.0002	75.1750	
0.1285	53.2000	0.0002	75.0250	
0.1285	53.5250	0.0002	75.1250	
0.1286	52.7500	0.0002	75.1000	
0.1285	53.6000	0.0002	74.9750	
0.1285	53.9000	0.0002	75.1000	
0.1285	52.9250	0.0002	75.1000	
0.1285	52.8500	0.0002	75.0000	
0.1285	53.6500	0.0002	75.1750	
0.1285	52.9750	0.0002	75.1000	
0.1285	53.1750	0.0002	75.1000	
0.1285	53.8250	0.0002	75.0750	
0.1285	53.1000	0.0002	75.2500	
0.1285	52.6500	0.0002	75.1000	
0.1284	52.7500	0.0002	75.0250	
0.1285	53.4750	0.0002	75.1500	
0.1285	53.3250	0.0002	75.0500	
0.1284	53.1750	0.0002	75.2250	
0.1285	53.1750	0.0002	75.2000	
0.1284	53.3000	0.0002	75.0250	
0.1284	52.7750	0.0002	75.0250	
0.1284	52.7000	0.0002	75.1250	
0.1284	53.6750	0.0002	75.1250	
0.1284	52.8000	0.0002	75.0500	
0.1284	52.8500	0.0002	75.1500	
0.1284	52.5750	0.0002	75.2250	
0.1284	53.4000	0.0002	75.0500	
0.1284	53.6750	0.0002	75.1000	
0.1284	53.2000	0.0002	75.1000	
0.1284	53.0750	0.0002	75.0750	
0.1284	52.7000	0.0002	75.1750	
0.1284	52.6500	0.0002	75.0750	
0.1284	52.7500	0.0002	75.1000	
0.1284	53.3250	0.0002	75.1750	
0.1284	53.1500	0.0002	75.0250	
0.1285	52.6250	0.0002	75.1250	
0.1284	53.3250	0.0002	75.1000	
0.1284	54.0250	0.0002	75.1250	
0.1284	53.0750	0.0002	75.1250	
0.1284	53.2000	0.0002	75.1500	
0.1285	52.6000	0.0002	75.0750	
0.1284	52.9750	0.0002	75.2000	
0.1284	53.5750	0.0002	75.1000	
0.1284	53.6000	0.0002	75.0250	
0.1284	52.7750	0.0002	75.1750	
0.1284	53.1750	0.0002	75.0500	
0.1283	52.8750	0.0002	75.1500	
0.1283	53.1000	0.0002	75.1750	
0.1284	53.6500	0.0002	75.1000	
0.1283	53.2250	0.0002	75.1500	
0.1284	52.5500	0.0002	75.0250	
0.1284	52.1500	0.0002	75.2250	
0.1284	54.5750	0.0002	75.1250	
0.1283	53.0500	0.0002	75.0750	
0.1283	52.5750	0.0002	75.2500	
0.1283	52.0750	0.0002	75.0750	
0.1283	52.4000	0.0002	75.2000	
0.1283	53.7750	0.0002	75.0750	
0.1283	52.9500	0.0002	75.1000	
0.1283	52.5250	0.0002	75.1250	
0.1283	52.2500	0.0002	75.0750	
0.1283	53.3250	0.0002	75.1500	
0.1283	53.0750	0.0002	75.0250	
0.1283	53.3250	0.0002	75.1000	
0.1283	53.0000	0.0002	75.1250	
0.1283	52.3750	0.0002	74.9750	
0.1283	52.3500	0.0002	75.2000	
0.1283	53.0500	0.0002	75.1500	
0.1283	53.7500	0.0002	75.1000	
0.1283	53.1250	0.0002	75.2000	
0.1283	53.0500	0.0002	75.1000	
0.1283	52.8500	0.0002	75.1000	
0.1282	52.5750	0.0002	75.1750	
0.1284	52.4750	0.0002	75.1000	
0.1283	52.7500	0.0002	75.0250	
0.1283	54.3250	0.0002	75.0500	
0.1283	52.4500	0.0002	75.0750	
0.1283	52.9000	0.0002	75.0750	
0.1283	52.6750	0.0002	75.1000	
0.1282	52.6750	0.0002	75.1000	
0.1282	53.1000	0.0002	75.1250	
0.1283	53.1500	0.0002	75.1500	
0.1283	53.7250	0.0002	75.1750	
0.1283	54.3000	0.0002	75.0500	
0.1282	53.1500	0.0002	75.0500	
0.1283	52.5750	0.0002	75.1000	
0.1282	51.8500	0.0002	75.2000	
0.1282	52.9750	0.0002	75.1000	
0.1282	52.9750	0.0002	75.0500	
0.1282	52.6750	0.0002	75.2000	
0.1283	53.6500	0.0002	75.0750	
0.1282	53.3750	0.0002	75.1000	
0.1283	52.0250	0.0002	75.1750	
0.1282	52.1500	0.0002	75.0750	
0.1282	54.0500	0.0002	75.0250	
0.1282	53.6000	0.0002	75.1250	
0.1282	52.6500	0.0002	75.1250	
0.1282	53.4500	0.0002	75.1500	
0.1282	52.6500	0.0002	75.2000	
0.1282	52.1500	0.0002	75.0250	
0.1282	52.4250	0.0002	75.1250	
0.1282	53.1750	0.0002	75.1750	
0.1282	52.9750	0.0002	75.1750	
0.1282	52.4250	0.0002	75.1000	
0.1282	52.5000	0.0002	75.0250	
0.1282	52.2750	0.0002	75.1500	
0.1282	52.4750	0.0002	75.0500	
0.1282	53.2250	0.0002	75.1250	
0.1281	53.0500	0.0002	75.1000	
0.1281	52.6750	0.0002	75.1500	
0.1282	52.4000	0.0002	75.1000	
0.1282	53.5500	0.0002	75.1000	
0.1282	52.7000	0.0002	75.1500	
0.1282	53.4000	0.0002	75.1000	
0.1281	53.6750	0.0002	75.1500	
0.1281	52.3500	0.0002	75.0000	
0.1282	51.8750	0.0002	75.2000	
0.1282	52.7750	0.0002	75.1500	
0.1281	53.2000	0.0002	75.0750	
0.1281	52.4000	0.0002	75.1250	
0.1282	52.1500	0.0002	75.1250	
0.1281	52.3500	0.0002	75.1000	
0.1281	51.9250	0.0002	75.1250	
0.1282	52.5250	0.0002	75.1750	
0.1281	52.3750	0.0002	75.0750	
0.1281	52.4250	0.0002	75.1750	
0.1281	52.5750	0.0002	75.0500	
0.1281	51.9500	0.0002	75.1250	
0.1281	51.6500	0.0002	75.1500	
0.1281	51.8000	0.0002	75.1000	
0.1281	52.7000	0.0002	75.1000	
0.1281	52.5250	0.0002	75.1000	
0.1281	51.4500	0.0002	75.1500	
0.1281	52.8000	0.0002	75.1250	
0.1281	53.7250	0.0002	75.1250	
0.1282	51.8000	0.0002	75.0750	
