Loss_Adversary	Accuracy_Adversary	Loss_Target	Accuracy_Target	
-0.1129	0.4037	0.4270	50.0000	50.0000	
-0.1138	0.3994	0.4167	50.0000	50.0000	
-0.1144	0.3951	0.4070	50.0000	50.0000	
-0.1151	0.3911	0.3974	50.0000	50.0000	
-0.1156	0.3871	0.3886	50.0000	50.0000	
-0.1162	0.3832	0.3796	50.0000	50.0000	
-0.1168	0.3794	0.3710	50.0000	50.0000	
-0.1173	0.3756	0.3623	50.0000	50.0000	
-0.1196	0.3720	0.3491	50.0000	50.0000	
-0.1223	0.3684	0.3349	50.0000	50.0000	
-0.1246	0.3650	0.3218	50.0000	50.0000	
-0.1261	0.3616	0.3112	50.0000	50.0000	
-0.1268	0.3582	0.3031	50.0000	50.0000	
-0.1266	0.3550	0.2977	50.0000	50.0000	
-0.1256	0.3518	0.2946	50.0000	50.0000	
-0.1241	0.3487	0.2930	50.0000	50.0000	
-0.1226	0.3457	0.2919	50.0000	59.7250	
-0.1211	0.3428	0.2906	50.0000	80.7000	
-0.1196	0.3396	0.2889	50.0000	82.1750	
-0.1149	0.3311	0.2867	50.0000	81.1500	
-0.1083	0.3195	0.2840	50.0000	79.5500	
-0.1018	0.3078	0.2808	50.0000	75.8750	
-0.0959	0.2962	0.2760	50.0000	71.9250	
-0.0914	0.2857	0.2694	50.0000	67.9750	
-0.0887	0.2766	0.2603	50.0000	62.1250	
-0.0880	0.2695	0.2491	50.0000	57.7500	
-0.0895	0.2645	0.2354	50.0000	56.0750	
-0.0927	0.2612	0.2201	50.0000	54.6000	
-0.0971	0.2593	0.2043	50.0000	53.8000	
-0.1017	0.2581	0.1888	50.0000	52.7250	
-0.1056	0.2574	0.1762	50.0000	52.0250	
-0.1080	0.2565	0.1676	50.0000	51.2000	
-0.1088	0.2555	0.1637	49.7500	50.8750	
-0.1089	0.2546	0.1616	38.7250	50.8250	
-0.1089	0.2536	0.1598	29.4000	50.7500	
-0.1089	0.2527	0.1580	27.0500	50.7750	
-0.1092	0.2518	0.1558	29.1750	50.7750	
-0.1095	0.2511	0.1534	39.8000	50.7000	
-0.1102	0.2505	0.1504	54.4500	50.7250	
-0.1112	0.2498	0.1463	57.2250	50.6750	
-0.1123	0.2493	0.1422	56.1500	50.6250	
-0.1137	0.2483	0.1363	57.3250	50.5750	
-0.1154	0.2473	0.1296	60.1250	50.5250	
-0.1168	0.2461	0.1233	61.3750	52.2000	
-0.1180	0.2444	0.1167	61.7750	54.8500	
-0.1186	0.2422	0.1111	66.1250	57.1250	
-0.1188	0.2400	0.1062	69.9750	60.0750	
-0.1192	0.2379	0.1011	72.1250	63.6500	
-0.1196	0.2351	0.0949	71.5750	64.1250	
-0.1193	0.2317	0.0896	69.1000	62.0000	
-0.1181	0.2269	0.0840	70.3000	66.3500	
-0.1172	0.2213	0.0762	72.7500	61.9750	
-0.1165	0.2191	0.0742	74.2750	66.7500	
-0.1155	0.2181	0.0750	74.0750	63.6250	
-0.1149	0.2163	0.0733	74.1500	64.5250	
-0.1147	0.2123	0.0667	73.1000	65.5000	
-0.1144	0.2118	0.0665	72.8500	70.2750	
-0.1138	0.2128	0.0700	72.4250	70.4750	
-0.1135	0.2116	0.0686	73.0000	68.9000	
-0.1132	0.2097	0.0660	73.4000	68.9000	
-0.1129	0.2118	0.0708	72.7500	71.0250	
-0.1127	0.2094	0.0667	72.3250	70.4750	
-0.1124	0.2077	0.0645	73.2000	71.4500	
-0.1124	0.2122	0.0729	71.9250	73.1000	
-0.1124	0.2098	0.0686	70.8250	72.7250	
-0.1123	0.2116	0.0721	71.2000	73.4250	
-0.1124	0.2119	0.0722	71.4000	73.3000	
-0.1124	0.2118	0.0721	70.2000	74.8250	
-0.1127	0.2129	0.0735	70.1750	74.8000	
-0.1130	0.2135	0.0737	68.8250	75.4000	
-0.1132	0.2146	0.0751	68.7000	76.2000	
-0.1133	0.2158	0.0770	68.7500	75.8500	
-0.1136	0.2191	0.0823	67.7750	76.3500	
-0.1142	0.2169	0.0766	67.4250	75.9000	
-0.1139	0.2235	0.0896	64.7000	76.2000	
-0.1137	0.2184	0.0808	66.3500	76.4000	
-0.1139	0.2198	0.0829	66.0750	76.0250	
-0.1143	0.2212	0.0841	65.0000	75.7000	
-0.1144	0.2200	0.0815	64.4750	76.3750	
-0.1143	0.2228	0.0872	63.5000	77.8250	
-0.1144	0.2200	0.0818	64.0750	77.2250	
-0.1144	0.2213	0.0841	63.9750	77.6250	
-0.1144	0.2213	0.0841	63.9000	78.2750	
-0.1146	0.2206	0.0823	64.6000	78.8250	
-0.1147	0.2233	0.0870	63.9000	79.6000	
-0.1144	0.2197	0.0812	66.0250	79.1250	
-0.1146	0.2224	0.0856	63.4250	79.4250	
-0.1148	0.2212	0.0829	65.6750	79.7750	
-0.1146	0.2222	0.0855	63.5500	80.1250	
-0.1146	0.2211	0.0832	65.3000	79.5000	
-0.1148	0.2226	0.0852	66.3250	79.6500	
-0.1150	0.2212	0.0823	66.8000	80.2500	
-0.1151	0.2223	0.0841	69.1500	80.2250	
-0.1153	0.2219	0.0827	68.2500	79.9250	
-0.1153	0.2227	0.0841	67.1500	80.5500	
-0.1155	0.2215	0.0814	66.8750	80.8250	
-0.1153	0.2240	0.0865	59.8250	81.4500	
-0.1156	0.2217	0.0814	69.0750	82.0250	
-0.1158	0.2220	0.0816	68.2750	81.1500	
-0.1160	0.2222	0.0814	62.5750	81.4500	
-0.1160	0.2229	0.0824	68.5750	81.4500	
-0.1162	0.2240	0.0841	60.2750	81.0000	
-0.1166	0.2240	0.0829	68.8000	81.0000	
-0.1171	0.2243	0.0821	61.2750	81.6750	
-0.1176	0.2265	0.0848	66.1250	83.1750	
-0.1177	0.2244	0.0804	64.8250	82.7000	
-0.1179	0.2291	0.0885	55.6500	84.9500	
-0.1187	0.2267	0.0819	64.8250	86.1750	
-0.1190	0.2291	0.0854	54.9750	85.6750	
-0.1194	0.2297	0.0854	56.0750	86.6000	
-0.1194	0.2285	0.0831	55.0000	86.8500	
-0.1204	0.2298	0.0827	54.6750	86.6500	
-0.1209	0.2309	0.0833	54.5750	86.1000	
-0.1215	0.2314	0.0825	54.1500	85.7750	
-0.1221	0.2321	0.0822	54.1250	86.5000	
-0.1227	0.2320	0.0803	54.2000	86.8250	
-0.1231	0.2329	0.0808	53.2750	86.4500	
-0.1237	0.2329	0.0790	53.3250	87.0250	
-0.1239	0.2340	0.0807	52.9250	88.0000	
-0.1246	0.2342	0.0790	52.5750	88.2250	
-0.1250	0.2325	0.0748	52.6750	87.3250	
-0.1254	0.2337	0.0758	52.0250	88.4000	
-0.1258	0.2313	0.0703	51.9750	88.9250	
-0.1263	0.2328	0.0716	52.1000	88.9250	
-0.1266	0.2320	0.0691	51.6250	89.8000	
-0.1269	0.2338	0.0716	51.6750	89.9250	
-0.1272	0.2331	0.0696	51.6750	89.9250	
-0.1277	0.2349	0.0712	51.5750	89.3750	
-0.1282	0.2342	0.0687	51.6750	88.8500	
-0.1283	0.2350	0.0699	51.5500	86.4000	
-0.1288	0.2342	0.0670	51.6500	87.6750	
-0.1288	0.2345	0.0675	51.1500	86.1500	
-0.1291	0.2330	0.0638	50.5500	88.2500	
-0.1294	0.2332	0.0634	50.5500	87.9000	
-0.1295	0.2330	0.0627	50.3500	87.1250	
-0.1298	0.2335	0.0627	50.3750	87.1500	
-0.1304	0.2326	0.0594	50.4000	88.8250	
-0.1304	0.2327	0.0597	50.2250	88.7000	
-0.1295	0.2327	0.0621	50.5750	86.9000	
-0.1302	0.2319	0.0586	50.5000	90.3000	
-0.1312	0.2312	0.0544	50.3500	88.0500	
-0.1318	0.2328	0.0558	50.2750	88.6250	
-0.1321	0.2313	0.0522	50.0500	89.5500	
-0.1323	0.2317	0.0524	50.1000	89.1250	
-0.1326	0.2322	0.0524	50.0250	88.1250	
-0.1327	0.2320	0.0519	49.8500	88.0000	
-0.1332	0.2307	0.0478	49.9250	87.6250	
-0.1335	0.2321	0.0497	50.0000	88.4000	
-0.1338	0.2314	0.0474	50.1500	86.8500	
-0.1343	0.2310	0.0455	50.1000	88.6000	
-0.1343	0.2313	0.0458	50.1750	86.8500	
-0.1344	0.2319	0.0466	50.0000	88.0250	
-0.1349	0.2308	0.0432	49.9250	86.6500	
-0.1351	0.2315	0.0440	49.8750	88.9000	
-0.1354	0.2313	0.0427	49.9000	87.7500	
-0.1359	0.2312	0.0412	50.1750	88.1500	
-0.1360	0.2315	0.0413	50.1750	87.6750	
-0.1362	0.2310	0.0398	49.9750	89.1000	
-0.1366	0.2318	0.0403	50.0250	89.3000	
-0.1367	0.2311	0.0386	50.1750	88.0250	
-0.1369	0.2321	0.0398	49.8750	89.4000	
-0.1373	0.2315	0.0377	49.8750	86.8750	
-0.1375	0.2321	0.0382	50.1000	88.7750	
-0.1376	0.2311	0.0359	49.9000	88.0500	
-0.1379	0.2319	0.0369	49.9750	87.7750	
-0.1383	0.2317	0.0352	49.8500	88.0250	
-0.1385	0.2319	0.0350	50.1500	89.4750	
-0.1386	0.2315	0.0340	49.9000	87.1000	
-0.1386	0.2317	0.0343	50.2500	88.6750	
-0.1390	0.2320	0.0337	50.0000	87.6250	
-0.1393	0.2321	0.0330	49.9500	89.5250	
-0.1394	0.2322	0.0329	50.2250	89.0250	
-0.1393	0.2323	0.0333	49.9750	88.0500	
-0.1398	0.2326	0.0325	49.9250	88.8000	
-0.1397	0.2326	0.0328	50.0000	89.1250	
-0.1399	0.2324	0.0318	50.1500	88.8500	
-0.1403	0.2329	0.0318	50.2250	89.2000	
-0.1403	0.2327	0.0314	50.0750	90.0750	
-0.1404	0.2326	0.0308	49.9250	89.8250	
-0.1409	0.2330	0.0301	49.7250	90.1000	
-0.1411	0.2328	0.0292	49.9750	89.9500	
-0.1413	0.2331	0.0293	49.9750	90.7250	
-0.1415	0.2331	0.0286	49.8000	89.5500	
-0.1417	0.2335	0.0287	50.0250	90.5750	
-0.1419	0.2333	0.0279	50.0500	89.9500	
-0.1419	0.2332	0.0278	49.8250	90.5000	
-0.1422	0.2335	0.0274	49.8000	90.1500	
-0.1420	0.2335	0.0278	49.9500	90.4000	
-0.1422	0.2338	0.0278	49.9500	90.7750	
-0.1425	0.2336	0.0265	49.7250	91.0750	
-0.1427	0.2340	0.0267	49.8000	90.0250	
-0.1428	0.2341	0.0267	49.5500	91.8750	
-0.1427	0.2339	0.0267	49.6500	90.4250	
-0.1428	0.2342	0.0269	49.8500	91.3500	
-0.1430	0.2344	0.0267	49.6750	91.0500	
-0.1432	0.2343	0.0258	49.8250	91.3500	
-0.1437	0.2344	0.0248	49.7750	91.3500	
-0.1438	0.2344	0.0245	49.7500	92.4000	
-0.1439	0.2347	0.0246	49.9500	91.7000	
-0.1443	0.2347	0.0238	49.9750	92.4500	
-0.1445	0.2348	0.0232	50.0250	92.3750	
-0.1446	0.2352	0.0235	50.0000	93.1250	
-0.1449	0.2350	0.0225	49.9750	93.1250	
-0.1451	0.2355	0.0227	50.1000	93.3250	
-0.1454	0.2357	0.0223	50.1000	93.3250	
-0.1459	0.2363	0.0218	50.1750	93.5750	
-0.1465	0.2372	0.0220	50.1250	93.6000	
-0.1472	0.2381	0.0214	49.8250	93.8000	
-0.1482	0.2404	0.0228	49.6750	93.7000	
-0.1499	0.2432	0.0236	49.4500	93.0750	
-0.1530	0.2490	0.0254	48.9000	92.9000	
-0.1563	0.2577	0.0320	47.9000	89.4750	
-0.1591	0.2675	0.0421	45.7000	85.4250	
-0.1607	0.2722	0.0463	44.5250	86.3000	
-0.1621	0.2702	0.0387	45.1250	86.2000	
-0.1618	0.2665	0.0325	46.0000	85.6250	
-0.1610	0.2649	0.0318	44.6000	86.2500	
-0.1597	0.2635	0.0331	43.9500	86.7500	
-0.1587	0.2610	0.0313	43.7000	86.4500	
-0.1572	0.2586	0.0310	44.0000	86.3250	
-0.1562	0.2568	0.0305	43.6500	86.3250	
-0.1545	0.2547	0.0317	43.7000	86.2500	
-0.1545	0.2534	0.0293	43.5500	86.3250	
-0.1541	0.2517	0.0273	44.0000	85.1000	
-0.1533	0.2504	0.0269	44.2500	85.0500	
-0.1518	0.2490	0.0288	44.3250	85.1000	
-0.1518	0.2486	0.0279	44.7250	84.6750	
-0.1522	0.2473	0.0243	44.9750	84.3250	
-0.1520	0.2466	0.0235	44.9000	84.3000	
-0.1520	0.2462	0.0230	44.9750	84.3250	
-0.1518	0.2454	0.0221	45.2000	84.2500	
-0.1515	0.2451	0.0222	45.0750	84.1750	
-0.1514	0.2444	0.0212	45.2250	83.7250	
-0.1511	0.2438	0.0211	45.2250	83.7250	
-0.1515	0.2437	0.0197	45.2500	83.8000	
-0.1512	0.2429	0.0191	45.4250	83.6250	
-0.1508	0.2426	0.0198	45.5750	83.3750	
-0.1494	0.2421	0.0226	45.8500	83.2750	
-0.1497	0.2417	0.0211	45.9000	83.0750	
-0.1500	0.2414	0.0197	45.9250	82.8500	
-0.1500	0.2409	0.0189	45.9750	82.5500	
-0.1497	0.2407	0.0193	46.2750	82.2000	
-0.1502	0.2402	0.0169	46.1500	82.0500	
-0.1497	0.2400	0.0181	45.8500	82.1750	
-0.1494	0.2397	0.0182	46.0000	81.9750	
-0.1495	0.2394	0.0174	46.1250	81.9000	
-0.1495	0.2391	0.0170	46.0750	81.8500	
-0.1497	0.2389	0.0160	46.3250	81.7000	
-0.1496	0.2386	0.0158	46.1750	81.5750	
-0.1494	0.2385	0.0160	46.2500	81.4750	
-0.1489	0.2381	0.0168	46.3000	81.4250	
-0.1490	0.2382	0.0167	46.4500	80.9500	
-0.1493	0.2378	0.0149	46.8000	80.4500	
-0.1494	0.2377	0.0147	47.0500	80.2750	
-0.1493	0.2375	0.0144	47.0000	80.4000	
-0.1491	0.2373	0.0146	46.9750	80.4500	
-0.1489	0.2371	0.0149	47.0750	80.2500	
-0.1489	0.2369	0.0146	47.4000	79.7750	
-0.1490	0.2369	0.0143	47.5000	79.6750	
-0.1490	0.2365	0.0136	47.3000	79.5750	
-0.1490	0.2365	0.0136	47.5250	79.4000	
-0.1489	0.2365	0.0137	47.7000	79.2750	
-0.1488	0.2362	0.0137	47.6000	79.0750	
-0.1487	0.2362	0.0137	47.7750	78.9250	
-0.1487	0.2360	0.0135	47.8250	78.9000	
-0.1487	0.2359	0.0131	47.9250	78.5750	
-0.1487	0.2356	0.0129	48.0500	78.4750	
-0.1487	0.2356	0.0128	48.1500	78.3750	
-0.1486	0.2356	0.0128	48.1500	78.2500	
-0.1485	0.2353	0.0125	48.1250	78.0750	
-0.1485	0.2354	0.0130	48.3000	78.0250	
-0.1486	0.2353	0.0125	48.4000	77.8250	
-0.1484	0.2351	0.0126	48.3250	77.7750	
-0.1485	0.2350	0.0120	48.4250	77.7000	
-0.1486	0.2351	0.0121	48.5750	77.5500	
-0.1484	0.2348	0.0120	48.6000	77.6000	
-0.1484	0.2349	0.0122	48.6000	77.7750	
-0.1484	0.2348	0.0121	48.4500	77.7750	
-0.1482	0.2348	0.0126	48.6500	77.6750	
-0.1484	0.2348	0.0120	48.6250	77.5000	
-0.1485	0.2350	0.0122	48.9000	77.2750	
-0.1486	0.2351	0.0119	49.1000	77.1000	
-0.1487	0.2351	0.0118	49.2500	76.7000	
-0.1486	0.2349	0.0116	49.5750	76.3500	
-0.1488	0.2353	0.0117	49.8500	76.3000	
-0.1487	0.2352	0.0119	49.8750	76.1000	
-0.1488	0.2351	0.0115	50.1500	76.0250	
-0.1487	0.2354	0.0123	50.6000	75.9000	
-0.1487	0.2349	0.0113	50.8250	75.5750	
-0.1488	0.2354	0.0119	51.2500	75.1500	
-0.1489	0.2354	0.0119	51.3750	75.2000	
-0.1489	0.2353	0.0117	51.5250	75.2000	
-0.1489	0.2355	0.0119	51.8250	75.0500	
-0.1488	0.2354	0.0121	52.3250	75.1000	
-0.1488	0.2354	0.0118	52.1000	75.1500	
-0.1490	0.2354	0.0115	51.7500	74.8000	
-0.1490	0.2353	0.0114	51.7750	74.7250	
-0.1489	0.2352	0.0114	51.5750	74.9000	
-0.1490	0.2353	0.0112	51.0000	74.9000	
-0.1488	0.2353	0.0118	51.2000	74.9250	
-0.1489	0.2355	0.0120	50.3750	74.9250	
-0.1484	0.2357	0.0136	50.1500	75.0750	
-0.1486	0.2357	0.0131	50.3750	74.6500	
-0.1492	0.2358	0.0117	51.0500	74.2750	
-0.1496	0.2363	0.0114	51.6500	74.1500	
-0.1493	0.2357	0.0111	51.9000	74.0500	
-0.1493	0.2360	0.0115	52.0250	73.9000	
-0.1493	0.2358	0.0112	52.4500	73.6750	
-0.1495	0.2357	0.0107	52.1750	73.0000	
-0.1495	0.2358	0.0108	52.1000	72.0250	
-0.1495	0.2356	0.0106	51.8250	70.9750	
-0.1495	0.2357	0.0106	51.5500	69.6500	
-0.1496	0.2360	0.0108	51.2750	68.6750	
-0.1496	0.2364	0.0115	51.5250	67.8500	
-0.1487	0.2366	0.0144	51.5000	68.4750	
-0.1457	0.2371	0.0241	52.7250	69.8000	
-0.1477	0.2377	0.0194	53.5250	70.2500	
-0.1487	0.2384	0.0180	53.5000	70.6250	
-0.1496	0.2385	0.0155	53.0250	70.6500	
-0.1499	0.2393	0.0160	54.1500	70.8250	
-0.1506	0.2397	0.0148	54.2250	71.0250	
-0.1509	0.2399	0.0144	54.8000	71.2000	
-0.1516	0.2403	0.0131	53.9000	71.0750	
-0.1518	0.2408	0.0133	52.7500	71.2250	
-0.1517	0.2407	0.0135	53.2250	71.1250	
-0.1521	0.2408	0.0127	52.4500	70.6500	
-0.1523	0.2409	0.0122	52.0750	70.6250	
-0.1523	0.2413	0.0131	52.0250	70.7000	
-0.1525	0.2414	0.0125	52.1500	70.3250	
-0.1526	0.2413	0.0123	52.0250	70.4000	
-0.1527	0.2413	0.0118	52.0500	70.2000	
-0.1528	0.2412	0.0115	51.8750	70.1750	
-0.1526	0.2412	0.0119	51.7000	70.0000	
-0.1528	0.2413	0.0116	51.4000	69.9000	
-0.1528	0.2414	0.0119	51.4250	69.8250	
-0.1528	0.2411	0.0112	51.4500	69.9500	
-0.1524	0.2415	0.0130	51.4500	70.0500	
-0.1528	0.2413	0.0115	51.1500	70.1750	
-0.1526	0.2414	0.0123	51.2250	70.2500	
-0.1529	0.2413	0.0114	51.3250	70.3750	
-0.1531	0.2414	0.0108	51.2750	70.5500	
-0.1529	0.2411	0.0110	51.2000	70.1000	
-0.1528	0.2410	0.0111	51.1000	70.5250	
-0.1528	0.2412	0.0115	50.9750	71.1500	
-0.1521	0.2411	0.0133	50.9750	71.1250	
-0.1528	0.2415	0.0118	50.8750	71.0750	
-0.1530	0.2412	0.0108	51.0750	71.1500	
-0.1530	0.2414	0.0111	51.0250	71.3750	
-0.1530	0.2412	0.0108	51.0750	71.4250	
-0.1528	0.2410	0.0110	50.6500	71.0750	
-0.1530	0.2411	0.0106	50.9250	71.1750	
-0.1530	0.2409	0.0104	50.8000	71.4250	
-0.1528	0.2410	0.0109	50.8750	71.4500	
-0.1526	0.2407	0.0109	51.2750	71.3750	
-0.1530	0.2409	0.0101	51.0750	71.7750	
-0.1529	0.2405	0.0097	51.8000	71.9750	
-0.1526	0.2409	0.0114	51.3250	72.4500	
-0.1524	0.2408	0.0118	51.2250	72.5500	
-0.1527	0.2409	0.0111	51.3250	72.8500	
-0.1526	0.2410	0.0116	51.4500	72.9250	
-0.1528	0.2409	0.0109	51.7750	73.0500	
-0.1527	0.2407	0.0108	52.0500	73.0750	
-0.1523	0.2412	0.0129	52.4000	73.4750	
-0.1514	0.2407	0.0145	52.6750	73.7500	
-0.1521	0.2407	0.0126	52.9500	73.8250	
-0.1523	0.2406	0.0118	53.2250	74.1500	
-0.1525	0.2405	0.0111	53.5750	74.4500	
-0.1524	0.2404	0.0112	53.9250	74.7500	
-0.1523	0.2405	0.0115	54.1500	74.8500	
-0.1521	0.2402	0.0116	54.6250	74.9750	
-0.1521	0.2405	0.0121	54.9000	75.4250	
-0.1522	0.2408	0.0124	55.5750	75.7000	
-0.1519	0.2405	0.0127	55.6250	75.6750	
-0.1521	0.2412	0.0133	55.9000	75.8750	
-0.1520	0.2409	0.0130	56.1000	76.1500	
-0.1519	0.2410	0.0137	56.2750	76.3000	
-0.1519	0.2406	0.0128	56.4750	76.5750	
-0.1520	0.2407	0.0126	57.0500	76.7250	
-0.1519	0.2409	0.0134	57.1000	77.2000	
-0.1520	0.2405	0.0123	57.7250	77.2750	
-0.1521	0.2406	0.0123	57.9000	77.4500	
-0.1521	0.2407	0.0125	58.0250	77.4750	
-0.1518	0.2410	0.0139	57.8750	77.6750	
-0.1516	0.2407	0.0139	58.0500	77.7250	
-0.1519	0.2410	0.0135	58.3250	77.7500	
-0.1524	0.2410	0.0121	58.3000	77.8000	
-0.1524	0.2415	0.0131	58.5500	78.0000	
-0.1524	0.2415	0.0130	58.7000	77.9750	
-0.1524	0.2415	0.0131	58.5250	78.0250	
-0.1516	0.2419	0.0163	58.9500	78.1250	
-0.1513	0.2401	0.0138	58.9000	77.9500	
-0.1517	0.2398	0.0119	59.1500	77.9250	
-0.1518	0.2398	0.0117	58.8000	77.9750	
-0.1517	0.2393	0.0109	58.9250	77.9500	
-0.1519	0.2396	0.0110	58.9000	78.0500	
-0.1519	0.2396	0.0108	59.0750	78.1750	
-0.1522	0.2398	0.0104	59.0500	78.2000	
-0.1525	0.2400	0.0100	58.9500	77.9500	
-0.1527	0.2405	0.0103	58.9250	78.2750	
-0.1528	0.2405	0.0100	58.8500	78.2000	
-0.1534	0.2413	0.0098	59.4500	78.4250	
-0.1537	0.2416	0.0096	59.4750	78.4000	
-0.1540	0.2419	0.0093	59.5750	78.7500	
-0.1544	0.2425	0.0091	59.8250	78.9750	
-0.1548	0.2432	0.0094	59.9750	79.4000	
-0.1554	0.2438	0.0089	60.4750	79.9500	
-0.1558	0.2445	0.0089	61.4500	80.7000	
-0.1564	0.2455	0.0092	62.2000	81.8750	
-0.1571	0.2463	0.0085	62.9250	82.9250	
-0.1576	0.2474	0.0091	63.9250	84.3500	
-0.1580	0.2482	0.0095	64.9000	85.1250	
-0.1583	0.2489	0.0099	65.7250	86.0750	
-0.1586	0.2497	0.0106	65.4750	86.7500	
-0.1586	0.2499	0.0111	64.8750	86.8000	
-0.1585	0.2498	0.0111	63.7250	86.3250	
-0.1586	0.2495	0.0103	63.0750	85.2500	
-0.1587	0.2492	0.0094	63.6500	84.2750	
-0.1587	0.2490	0.0091	64.7000	83.2250	
-0.1585	0.2486	0.0088	66.6000	82.8500	
-0.1584	0.2483	0.0085	68.1000	82.3750	
-0.1584	0.2483	0.0086	67.2500	82.4750	
-0.1582	0.2480	0.0085	67.0750	82.5500	
-0.1581	0.2479	0.0085	66.7750	82.7500	
-0.1581	0.2477	0.0082	67.2500	82.5500	
-0.1580	0.2477	0.0086	67.3500	82.3750	
-0.1580	0.2473	0.0079	66.7500	81.6500	
-0.1579	0.2475	0.0083	66.8750	81.8250	
-0.1579	0.2470	0.0077	66.3750	81.2750	
-0.1579	0.2471	0.0077	65.1000	81.2000	
-0.1579	0.2469	0.0075	66.4000	81.0000	
-0.1578	0.2467	0.0073	66.2500	80.5750	
-0.1578	0.2467	0.0074	65.2250	80.4000	
-0.1579	0.2469	0.0072	66.2000	80.2250	
-0.1577	0.2465	0.0071	64.4500	79.8500	
-0.1578	0.2467	0.0073	65.2250	80.0500	
-0.1576	0.2463	0.0071	65.2000	79.5750	
-0.1577	0.2464	0.0069	65.2250	79.7250	
-0.1577	0.2462	0.0066	65.9500	79.3000	
-0.1577	0.2462	0.0065	65.1000	79.3250	
-0.1578	0.2462	0.0064	63.4750	79.2500	
-0.1577	0.2461	0.0065	64.4750	79.4250	
-0.1577	0.2461	0.0064	65.5000	79.2750	
-0.1577	0.2461	0.0064	65.2750	79.5000	
-0.1577	0.2460	0.0061	64.9250	79.1750	
-0.1578	0.2460	0.0062	64.4000	79.2750	
-0.1577	0.2460	0.0061	65.4250	79.2750	
-0.1577	0.2459	0.0063	66.1750	79.2500	
-0.1577	0.2459	0.0062	64.7250	79.0500	
-0.1576	0.2459	0.0062	65.0250	79.1500	
-0.1578	0.2459	0.0059	65.6000	79.1000	
-0.1578	0.2459	0.0059	65.3500	79.0750	
-0.1578	0.2458	0.0056	65.4000	79.0000	
-0.1578	0.2458	0.0056	65.1000	78.9000	
-0.1578	0.2458	0.0056	65.4250	79.0000	
-0.1579	0.2458	0.0054	65.2500	78.8750	
-0.1579	0.2459	0.0055	64.9000	78.8750	
-0.1577	0.2457	0.0057	65.3500	78.6000	
-0.1578	0.2457	0.0055	65.0000	78.7500	
-0.1578	0.2457	0.0054	65.2500	78.9500	
-0.1579	0.2457	0.0052	65.8250	78.9000	
-0.1579	0.2457	0.0051	65.9750	78.7000	
-0.1579	0.2457	0.0052	64.7000	78.7000	
-0.1579	0.2456	0.0051	65.1000	78.7500	
-0.1579	0.2457	0.0051	65.0000	78.7500	
-0.1580	0.2457	0.0049	65.0250	78.6000	
-0.1579	0.2456	0.0049	64.8250	78.6500	
-0.1579	0.2457	0.0050	64.8250	78.8000	
-0.1579	0.2456	0.0050	64.8250	78.7500	
-0.1579	0.2456	0.0050	64.3500	78.7750	
-0.1580	0.2457	0.0048	64.3750	78.6750	
-0.1580	0.2457	0.0049	66.0500	78.6500	
-0.1580	0.2457	0.0049	65.3000	78.7750	
-0.1580	0.2456	0.0048	65.8000	78.4500	
-0.1579	0.2456	0.0049	65.4000	78.6000	
-0.1581	0.2457	0.0045	66.1500	78.6250	
-0.1580	0.2456	0.0047	64.9000	78.6500	
-0.1581	0.2457	0.0046	65.1000	78.6000	
-0.1582	0.2457	0.0044	65.3000	78.6000	
-0.1582	0.2458	0.0044	67.1000	78.8000	
-0.1582	0.2457	0.0044	65.7750	78.8250	
-0.1581	0.2457	0.0045	66.2250	78.6500	
-0.1580	0.2457	0.0050	66.3500	78.9500	
-0.1579	0.2457	0.0052	65.5750	78.8500	
-0.1578	0.2457	0.0054	66.2250	78.7250	
-0.1582	0.2457	0.0044	67.1250	78.6250	
-0.1582	0.2457	0.0042	66.0000	78.6000	
-0.1582	0.2457	0.0043	65.4000	78.7750	
-0.1582	0.2457	0.0044	66.9750	78.4500	
-0.1581	0.2457	0.0047	67.0250	78.7250	
-0.1583	0.2459	0.0042	65.2000	78.7250	
-0.1582	0.2457	0.0043	65.9500	78.8000	
-0.1583	0.2459	0.0042	67.9000	78.8000	
-0.1583	0.2457	0.0041	66.4000	78.7250	
-0.1582	0.2458	0.0044	66.0250	78.7500	
-0.1581	0.2457	0.0047	66.6750	78.4750	
-0.1581	0.2458	0.0049	67.0000	78.6500	
-0.1580	0.2457	0.0050	66.7000	78.5750	
-0.1582	0.2458	0.0045	67.3250	78.4000	
-0.1583	0.2457	0.0040	67.6000	78.3750	
-0.1583	0.2458	0.0042	65.8250	78.5250	
-0.1582	0.2458	0.0043	66.4500	78.2750	
-0.1584	0.2458	0.0041	67.5250	78.4500	
-0.1584	0.2458	0.0040	66.6000	78.4250	
-0.1583	0.2458	0.0043	66.2750	78.3750	
-0.1583	0.2459	0.0044	66.6750	78.6500	
-0.1585	0.2459	0.0039	67.6500	78.5250	
-0.1584	0.2459	0.0041	66.9500	78.5000	
-0.1584	0.2459	0.0041	67.0500	78.3250	
-0.1583	0.2459	0.0042	66.7750	78.6250	
-0.1578	0.2459	0.0056	67.9750	78.5250	
-0.1582	0.2458	0.0044	67.9250	78.3750	
-0.1586	0.2460	0.0038	68.0750	78.2000	
-0.1585	0.2458	0.0037	67.0250	78.1000	
-0.1585	0.2459	0.0038	65.6000	78.0500	
-0.1584	0.2459	0.0041	66.5750	78.3250	
-0.1585	0.2459	0.0040	67.5000	78.2750	
-0.1585	0.2459	0.0038	66.8750	78.6000	
-0.1586	0.2461	0.0040	68.6000	78.3000	
-0.1586	0.2460	0.0038	66.9000	78.1750	
-0.1584	0.2459	0.0042	68.2250	78.2750	
-0.1585	0.2460	0.0039	66.9250	78.1500	
-0.1586	0.2460	0.0038	68.0000	78.3250	
-0.1584	0.2459	0.0041	68.7000	78.2000	
-0.1578	0.2460	0.0059	67.4500	78.2000	
-0.1575	0.2460	0.0070	67.8250	77.9500	
-0.1580	0.2460	0.0055	68.2500	78.2750	
-0.1583	0.2460	0.0044	68.0250	78.3250	
-0.1582	0.2460	0.0049	68.1500	78.0000	
-0.1585	0.2460	0.0041	67.1250	78.1500	
-0.1585	0.2460	0.0040	68.2250	78.2750	
-0.1586	0.2461	0.0038	68.3750	77.9250	
-0.1587	0.2461	0.0037	67.8250	78.0250	
-0.1587	0.2461	0.0036	67.4250	77.9750	
-0.1587	0.2461	0.0037	68.5250	78.2250	
-0.1587	0.2461	0.0037	69.2250	77.5250	
-0.1587	0.2462	0.0037	68.2750	78.0750	
-0.1588	0.2462	0.0036	68.9750	78.0000	
-0.1588	0.2462	0.0036	68.4000	77.8750	
-0.1588	0.2463	0.0037	68.3500	77.9250	
-0.1586	0.2462	0.0040	68.7500	78.0000	
-0.1587	0.2463	0.0038	68.8000	77.9000	
-0.1588	0.2462	0.0036	69.3500	78.1500	
-0.1588	0.2462	0.0036	69.1750	78.0250	
-0.1587	0.2463	0.0041	68.2250	77.6250	
-0.1588	0.2462	0.0036	69.0500	78.0750	
-0.1586	0.2463	0.0042	69.4250	77.6750	
-0.1584	0.2464	0.0050	69.4750	77.9500	
-0.1586	0.2462	0.0042	68.4250	77.6250	
-0.1584	0.2464	0.0049	68.2000	77.8250	
-0.1587	0.2463	0.0039	70.0500	77.6250	
-0.1588	0.2464	0.0040	68.5750	77.6000	
-0.1589	0.2464	0.0037	68.3500	77.5750	
-0.1589	0.2463	0.0034	69.4500	77.7500	
-0.1589	0.2464	0.0036	69.2250	77.7000	
-0.1589	0.2464	0.0035	69.4750	78.0000	
-0.1589	0.2463	0.0034	69.9500	77.4750	
-0.1589	0.2464	0.0035	69.4750	77.5250	
-0.1589	0.2464	0.0035	69.0000	77.3500	
-0.1590	0.2464	0.0034	69.3250	77.8250	
-0.1590	0.2464	0.0034	69.9750	77.3000	
-0.1590	0.2465	0.0034	68.4500	77.5500	
-0.1590	0.2464	0.0034	69.6250	77.5250	
-0.1590	0.2464	0.0035	70.3500	77.5750	
-0.1589	0.2464	0.0035	70.2750	77.3750	
-0.1590	0.2464	0.0034	69.8000	77.3750	
-0.1590	0.2464	0.0034	69.8250	77.0500	
-0.1590	0.2464	0.0034	68.9750	77.0000	
-0.1590	0.2466	0.0035	67.4500	77.0250	
-0.1591	0.2466	0.0034	64.1750	77.1750	
-0.1590	0.2465	0.0035	67.6500	77.1750	
-0.1590	0.2465	0.0035	69.6250	77.4750	
-0.1590	0.2464	0.0034	70.5250	77.2250	
-0.1590	0.2465	0.0035	69.7750	77.1250	
-0.1591	0.2465	0.0034	69.4750	77.0750	
-0.1590	0.2465	0.0034	70.2750	77.1500	
-0.1591	0.2465	0.0033	68.2750	77.0500	
-0.1591	0.2465	0.0033	67.9250	76.9250	
-0.1592	0.2468	0.0035	66.7000	76.8500	
-0.1589	0.2465	0.0037	68.9000	77.1500	
-0.1590	0.2465	0.0035	69.2750	77.0000	
-0.1589	0.2465	0.0038	64.0250	77.3000	
-0.1588	0.2465	0.0041	66.1250	77.4000	
-0.1589	0.2467	0.0040	69.0250	77.2250	
-0.1589	0.2464	0.0038	68.9000	77.1250	
-0.1590	0.2465	0.0036	68.7750	77.0750	
-0.1589	0.2464	0.0036	70.6000	77.2500	
-0.1589	0.2464	0.0036	69.7500	76.8750	
-0.1589	0.2463	0.0035	68.1000	76.7250	
-0.1590	0.2464	0.0034	67.0000	76.7250	
-0.1589	0.2463	0.0034	68.7750	76.8500	
-0.1589	0.2463	0.0035	68.8750	76.8500	
-0.1587	0.2463	0.0039	66.5750	76.8000	
-0.1588	0.2463	0.0035	65.7000	76.7750	
-0.1588	0.2462	0.0037	67.5000	77.0250	
-0.1588	0.2461	0.0035	64.9500	76.5500	
-0.1586	0.2461	0.0039	64.2250	76.7750	
-0.1586	0.2460	0.0037	65.2750	76.6750	
-0.1586	0.2460	0.0038	68.2750	76.5250	
-0.1587	0.2461	0.0036	68.7750	76.5250	
-0.1584	0.2459	0.0042	67.6250	76.9000	
-0.1582	0.2458	0.0045	69.2250	76.6750	
-0.1583	0.2457	0.0041	68.7250	76.7500	
-0.1576	0.2445	0.0039	66.2500	76.3750	
-0.1532	0.2383	0.0050	66.2250	76.4500	
-0.1528	0.2371	0.0037	54.1000	73.2750	
-0.1527	0.2377	0.0052	49.8250	71.4250	
-0.1528	0.2381	0.0055	49.9500	68.7500	
-0.1534	0.2389	0.0054	49.9000	67.4250	
-0.1537	0.2397	0.0061	50.0500	66.5250	
-0.1539	0.2404	0.0069	51.1750	65.8000	
-0.1542	0.2412	0.0075	52.6750	65.2750	
-0.1549	0.2423	0.0074	52.6500	65.0750	
-0.1555	0.2432	0.0075	52.8250	64.3750	
-0.1560	0.2445	0.0083	52.0250	64.2000	
-0.1565	0.2452	0.0082	50.4250	63.9000	
-0.1573	0.2470	0.0093	48.4500	63.3750	
-0.1579	0.2484	0.0101	48.0750	62.7500	
-0.1584	0.2496	0.0110	47.6500	62.2750	
-0.1590	0.2507	0.0113	48.8500	62.0500	
-0.1597	0.2522	0.0121	48.8500	62.0500	
-0.1603	0.2533	0.0123	47.7500	61.8000	
-0.1609	0.2546	0.0129	47.0250	61.6750	
-0.1616	0.2562	0.0140	46.2250	61.3500	
-0.1624	0.2577	0.0146	45.1250	60.9750	
-0.1632	0.2595	0.0156	43.9000	60.5500	
-0.1639	0.2613	0.0168	43.2000	60.0750	
-0.1644	0.2629	0.0185	42.1750	59.8000	
-0.1651	0.2644	0.0194	41.0250	59.2250	
-0.1657	0.2656	0.0198	40.1000	58.6750	
-0.1662	0.2670	0.0209	39.4250	58.3750	
-0.1667	0.2682	0.0218	38.8750	58.2000	
-0.1672	0.2692	0.0221	38.4000	58.0250	
-0.1675	0.2700	0.0228	37.7250	57.8000	
-0.1676	0.2706	0.0237	36.9500	57.7000	
-0.1672	0.2709	0.0253	35.9750	57.6750	
-0.1669	0.2708	0.0261	35.1250	57.6500	
-0.1666	0.2707	0.0266	34.5750	57.7500	
-0.1662	0.2702	0.0268	33.9500	57.7750	
-0.1655	0.2692	0.0272	33.5000	57.9000	
-0.1653	0.2681	0.0256	33.0750	58.2250	
-0.1645	0.2667	0.0253	33.1500	58.4500	
-0.1636	0.2652	0.0252	33.2000	58.9250	
-0.1627	0.2634	0.0245	33.1750	59.1500	
-0.1617	0.2617	0.0241	34.1250	59.7250	
-0.1606	0.2601	0.0242	35.7750	60.3750	
-0.1601	0.2585	0.0227	37.2000	60.9250	
-0.1596	0.2570	0.0213	38.7750	61.9250	
-0.1589	0.2559	0.0214	40.3000	62.5500	
-0.1586	0.2549	0.0203	42.1750	63.0250	
-0.1586	0.2542	0.0189	43.5500	63.9500	
-0.1585	0.2536	0.0182	44.0250	65.2750	
-0.1585	0.2531	0.0171	44.3500	66.0000	
-0.1584	0.2526	0.0165	44.8500	66.8500	
-0.1585	0.2522	0.0156	45.5250	67.4250	
-0.1585	0.2518	0.0147	46.3750	67.9750	
-0.1585	0.2515	0.0142	46.8500	69.0250	
-0.1588	0.2513	0.0131	46.9250	69.8000	
-0.1589	0.2510	0.0123	47.1000	70.3000	
-0.1590	0.2508	0.0116	47.6750	70.8750	
-0.1591	0.2507	0.0111	47.9750	71.3500	
-0.1591	0.2506	0.0108	48.1750	71.9500	
-0.1592	0.2504	0.0103	48.1750	72.5250	
-0.1591	0.2503	0.0103	48.1250	73.2250	
-0.1593	0.2502	0.0095	48.3000	73.5500	
-0.1593	0.2501	0.0093	48.5250	73.7500	
-0.1593	0.2500	0.0091	48.6500	74.0000	
-0.1594	0.2499	0.0087	48.9000	74.3250	
-0.1594	0.2499	0.0086	49.2500	74.6000	
-0.1593	0.2498	0.0087	49.4250	74.6750	
-0.1593	0.2497	0.0086	49.5500	74.7500	
-0.1594	0.2497	0.0083	49.4500	74.7250	
-0.1594	0.2496	0.0081	49.7000	74.8000	
-0.1594	0.2495	0.0080	49.8500	74.9250	
-0.1593	0.2494	0.0080	49.6000	74.8750	
-0.1593	0.2494	0.0079	49.7000	74.9250	
-0.1593	0.2493	0.0079	49.7000	75.0000	
-0.1593	0.2493	0.0079	49.5500	75.0500	
-0.1591	0.2492	0.0081	49.6250	75.1000	
-0.1589	0.2491	0.0086	49.8000	75.2250	
-0.1592	0.2491	0.0078	49.8000	75.3750	
-0.1592	0.2490	0.0075	49.8750	75.3750	
-0.1591	0.2489	0.0077	50.2500	75.4000	
-0.1591	0.2488	0.0077	49.9750	75.3000	
-0.1589	0.2488	0.0080	50.1250	75.3500	
-0.1589	0.2487	0.0080	50.3000	75.2750	
-0.1588	0.2486	0.0080	50.2750	75.2250	
-0.1589	0.2486	0.0078	50.3750	75.2500	
-0.1589	0.2485	0.0075	50.0250	75.2250	
-0.1588	0.2484	0.0078	49.8000	75.2000	
-0.1588	0.2484	0.0077	50.0750	75.2000	
-0.1589	0.2483	0.0073	50.1500	75.3000	
-0.1589	0.2483	0.0071	50.3000	75.1000	
-0.1588	0.2482	0.0072	50.2500	75.1750	
-0.1588	0.2482	0.0073	50.1750	75.2250	
-0.1587	0.2481	0.0073	50.4500	75.1000	
-0.1587	0.2480	0.0072	50.1000	75.1250	
-0.1587	0.2479	0.0071	50.3500	75.1750	
-0.1587	0.2479	0.0067	50.3500	75.2000	
-0.1587	0.2479	0.0069	50.5500	75.2250	
-0.1587	0.2478	0.0067	50.6000	75.2500	
0.4641	50.0000	0.5509	50.0000	
0.4315	50.0000	0.5240	50.0000	
0.4009	50.0000	0.4996	50.0000	
0.3717	50.0000	0.4775	50.0000	
0.3444	50.0000	0.4569	50.0000	
0.3187	50.0000	0.4381	50.0000	
0.2963	50.0000	0.4216	50.0000	
0.2790	50.0000	0.4060	50.0000	
0.2661	50.0000	0.3912	50.0000	
0.2578	50.0000	0.3775	50.0000	
0.2531	50.0000	0.3643	50.0000	
0.2508	50.0000	0.3518	50.0000	
0.2495	50.0000	0.3402	50.0000	
0.2488	52.8500	0.3281	50.0000	
0.2483	60.3000	0.3158	50.0000	
0.2479	61.9000	0.3029	50.0000	
0.2476	61.8250	0.2896	50.0000	
0.2473	62.2250	0.2758	50.0000	
0.2470	62.1750	0.2617	50.0000	
0.2468	62.2250	0.2475	50.0000	
0.2466	61.4250	0.2337	61.1750	
0.2463	60.6250	0.2203	68.1500	
0.2462	60.2250	0.2078	66.6500	
0.2460	59.6000	0.1964	67.1500	
0.2458	58.8000	0.1863	68.6500	
0.2456	58.7250	0.1781	70.3500	
0.2454	58.5500	0.1710	71.2250	
0.2453	58.3750	0.1656	71.6500	
0.2451	58.3500	0.1614	71.8750	
0.2450	58.2000	0.1582	71.9000	
0.2448	58.0000	0.1560	71.6750	
0.2447	58.0000	0.1538	71.4750	
0.2445	57.9500	0.1518	70.8250	
0.2444	57.8750	0.1505	71.3000	
0.2443	57.7250	0.1495	71.4000	
0.2441	57.7000	0.1487	71.1750	
0.2440	57.7000	0.1479	71.1250	
0.2438	57.8500	0.1473	70.8500	
0.2437	57.9500	0.1468	70.7250	
0.2435	57.8750	0.1463	70.6250	
0.2434	57.8250	0.1459	70.6000	
0.2433	57.7750	0.1454	70.3750	
0.2431	57.7250	0.1450	70.5250	
0.2430	57.7750	0.1447	70.3750	
0.2429	57.8500	0.1444	70.3000	
0.2427	57.7500	0.1440	70.2000	
0.2426	57.7500	0.1438	70.0250	
0.2425	57.7500	0.1435	69.8500	
0.2423	57.8750	0.1433	69.7750	
0.2422	57.9000	0.1430	69.6500	
0.2421	57.9250	0.1428	69.4750	
0.2419	57.9500	0.1425	69.4250	
0.2418	57.9500	0.1423	69.3250	
0.2417	58.1250	0.1421	69.3500	
0.2415	58.2750	0.1419	69.4000	
0.2415	58.4000	0.1416	69.2750	
0.2413	58.4750	0.1414	69.3000	
0.2412	58.4500	0.1412	69.2500	
0.2411	58.5250	0.1410	69.2500	
0.2410	58.5750	0.1408	69.2250	
0.2408	58.6750	0.1405	69.2750	
0.2407	58.7000	0.1403	69.1000	
0.2406	58.8500	0.1401	69.1250	
0.2405	58.9000	0.1398	69.1750	
0.2404	58.9250	0.1396	69.1250	
0.2402	59.0250	0.1393	69.1250	
0.2401	59.1250	0.1391	69.1250	
0.2400	59.1250	0.1388	69.1750	
0.2399	59.0750	0.1386	69.1250	
0.2398	59.1000	0.1383	69.1500	
0.2396	59.2000	0.1380	69.1750	
0.2395	59.3000	0.1377	69.1000	
0.2394	59.4250	0.1375	69.1500	
0.2393	59.4000	0.1372	69.1000	
0.2391	59.5750	0.1369	69.2250	
0.2390	59.5500	0.1366	69.1250	
0.2389	59.6000	0.1363	69.1750	
0.2387	59.7000	0.1359	69.1750	
0.2386	59.8250	0.1356	69.0750	
0.2384	59.8750	0.1353	69.2250	
0.2382	60.1500	0.1350	69.2250	
0.2381	60.0500	0.1346	69.1000	
0.2379	60.0000	0.1343	69.1500	
0.2378	60.4000	0.1339	69.1750	
0.2376	60.7750	0.1336	69.1750	
0.2374	60.8750	0.1332	69.3000	
0.2373	60.9500	0.1329	69.1750	
0.2371	61.4000	0.1325	69.2750	
0.2369	61.5000	0.1321	69.4000	
0.2367	61.6000	0.1317	69.4000	
0.2365	61.8250	0.1313	69.3500	
0.2363	62.0000	0.1308	69.3750	
0.2361	62.5000	0.1304	69.5250	
0.2359	62.4750	0.1300	69.5000	
0.2357	62.5500	0.1296	69.4750	
0.2356	62.4750	0.1291	69.5750	
0.2353	62.6500	0.1286	69.5250	
0.2351	62.7750	0.1282	69.6000	
0.2349	63.0500	0.1277	69.6000	
0.2347	62.9250	0.1272	69.6250	
0.2344	63.0500	0.1267	69.6750	
0.2342	63.0250	0.1263	69.6750	
0.2340	63.1000	0.1257	69.7000	
0.2337	63.2000	0.1252	69.7500	
0.2335	63.1750	0.1247	70.0000	
0.2332	63.2750	0.1241	69.7750	
0.2330	63.5250	0.1236	69.7750	
0.2327	63.3500	0.1231	70.0750	
0.2325	63.2250	0.1225	70.0000	
0.2322	63.3250	0.1220	69.8750	
0.2319	63.1250	0.1214	69.9500	
0.2317	63.2250	0.1209	70.1500	
0.2314	63.6250	0.1203	70.0500	
0.2311	63.9250	0.1197	69.9250	
0.2308	63.7750	0.1192	70.1750	
0.2305	63.7000	0.1185	69.9750	
0.2302	63.9250	0.1180	70.1250	
0.2299	64.0500	0.1173	69.9750	
0.2296	64.2250	0.1169	70.1500	
0.2292	64.3250	0.1162	70.0000	
0.2290	64.7250	0.1155	70.1750	
0.2289	64.4750	0.1149	70.2750	
0.2283	65.0000	0.1143	69.9250	
0.2280	65.1500	0.1136	70.3000	
0.2276	65.3500	0.1130	70.3000	
0.2272	65.6750	0.1123	70.2250	
0.2269	65.9000	0.1116	70.3500	
0.2265	66.0250	0.1110	70.3500	
0.2261	66.3000	0.1103	70.3750	
0.2257	66.1500	0.1097	70.2750	
0.2254	66.1750	0.1090	70.4500	
0.2249	66.4500	0.1083	70.4750	
0.2246	66.7500	0.1076	70.4750	
0.2241	67.1500	0.1070	70.5000	
0.2237	67.1500	0.1062	70.5000	
0.2233	66.7250	0.1055	70.5750	
0.2229	67.0250	0.1048	70.5750	
0.2224	67.1750	0.1041	70.6250	
0.2221	67.3000	0.1035	70.7250	
0.2216	67.0750	0.1027	70.7000	
0.2212	66.2250	0.1020	70.7500	
0.2206	66.8500	0.1013	70.7500	
0.2204	67.4750	0.1007	70.8500	
0.2198	67.0750	0.0999	70.8000	
0.2194	67.4000	0.0992	70.8500	
0.2189	67.3500	0.0986	70.9750	
0.2185	67.2250	0.0979	70.7750	
0.2181	67.0000	0.0972	71.2500	
0.2174	67.2500	0.0964	70.8750	
0.2172	67.8000	0.0958	70.9000	
0.2168	66.7250	0.0950	71.2500	
0.2163	67.6250	0.0944	71.0000	
0.2155	67.3250	0.0936	71.3750	
0.2151	67.2250	0.0928	71.0750	
0.2147	67.3000	0.0921	71.4750	
0.2142	67.6750	0.0913	71.1500	
0.2137	67.3250	0.0906	71.1750	
0.2130	67.5000	0.0901	71.6500	
0.2126	67.6750	0.0893	71.2000	
0.2121	67.5750	0.0886	71.3750	
0.2116	67.5250	0.0879	71.8000	
0.2109	67.9250	0.0871	71.3500	
0.2105	67.7750	0.0865	71.8500	
0.2101	67.9000	0.0858	71.3500	
0.2096	67.4750	0.0851	71.9750	
0.2091	68.2750	0.0842	71.4500	
0.2082	67.9500	0.0836	71.7250	
0.2077	67.8500	0.0829	71.8750	
0.2071	68.0000	0.0823	71.4750	
0.2066	67.8750	0.0815	72.1250	
0.2059	68.3500	0.0807	71.6500	
0.2054	68.2750	0.0800	71.9500	
0.2048	67.9000	0.0792	72.0250	
0.2043	68.0500	0.0785	71.9250	
0.2036	67.9250	0.0778	72.0000	
0.2030	67.8750	0.0770	71.9250	
0.2022	68.1000	0.0763	72.0000	
0.2016	68.0500	0.0754	71.9750	
0.2009	68.1000	0.0747	72.2500	
0.2003	67.9500	0.0740	72.0500	
0.1996	68.0000	0.0732	72.2250	
0.1989	68.0500	0.0723	72.0500	
0.1984	67.9000	0.0715	72.2500	
0.1978	68.1750	0.0707	72.1500	
0.1968	67.9750	0.0698	72.2000	
0.1962	68.1750	0.0690	72.4500	
0.1958	68.0500	0.0682	72.2750	
0.1951	68.3250	0.0673	72.1750	
0.1944	68.0250	0.0665	72.5750	
0.1933	68.2250	0.0655	72.5000	
0.1926	68.2500	0.0647	72.4500	
0.1921	68.1250	0.0640	72.4000	
0.1911	68.1000	0.0630	72.5750	
0.1905	68.1500	0.0622	72.7000	
0.1900	68.3000	0.0613	72.6750	
0.1895	67.8500	0.0604	72.6250	
0.1885	67.9250	0.0596	72.8000	
0.1876	67.4250	0.0587	72.7500	
0.1870	67.4250	0.0577	72.8750	
0.1863	67.5500	0.0569	72.7000	
0.1856	68.1500	0.0563	72.9500	
0.1849	68.3000	0.0551	72.9750	
0.1843	67.5250	0.0540	72.8500	
0.1839	66.7250	0.0532	73.1250	
0.1831	66.9250	0.0524	72.9250	
0.1822	66.6250	0.0513	73.1500	
0.1814	66.9000	0.0504	73.2250	
0.1808	67.0500	0.0494	73.2250	
0.1802	67.3500	0.0485	73.3250	
0.1799	66.7750	0.0476	73.4000	
0.1789	66.5750	0.0466	73.5250	
0.1782	66.2750	0.0456	73.5250	
0.1776	66.4000	0.0447	73.5750	
0.1769	66.4000	0.0438	73.6000	
0.1763	66.7750	0.0429	73.7000	
0.1758	66.1500	0.0420	73.7750	
0.1753	66.2250	0.0412	73.9500	
0.1744	66.2250	0.0404	74.0000	
0.1736	66.2500	0.0395	74.0500	
0.1732	66.3250	0.0386	74.1000	
0.1724	66.0750	0.0378	74.1500	
0.1719	65.7750	0.0370	74.1000	
0.1713	65.6500	0.0363	74.2000	
0.1705	65.8500	0.0355	74.2750	
0.1700	65.7000	0.0348	74.3250	
0.1698	65.9250	0.0342	74.3250	
0.1694	64.5750	0.0334	74.5000	
0.1683	64.7250	0.0327	74.5000	
0.1684	64.1000	0.0321	74.5250	
0.1671	64.4750	0.0314	74.6250	
0.1666	64.2000	0.0310	74.6500	
0.1660	64.5500	0.0303	74.6750	
0.1654	64.7000	0.0300	74.7000	
0.1647	64.9500	0.0292	74.7250	
0.1644	64.5750	0.0286	74.7250	
0.1638	64.5500	0.0281	74.7250	
0.1633	64.1500	0.0276	74.7500	
0.1627	63.8750	0.0272	74.7500	
0.1621	63.9750	0.0267	74.7500	
0.1617	63.7750	0.0264	74.7500	
0.1612	63.1250	0.0260	74.8750	
0.1607	62.4500	0.0255	74.8000	
0.1602	62.1000	0.0253	74.8250	
0.1599	61.9500	0.0252	74.8000	
0.1594	62.3000	0.0246	74.7500	
0.1589	61.9250	0.0243	74.7500	
0.1584	61.5500	0.0238	74.8250	
0.1579	61.5750	0.0235	74.7750	
0.1578	61.3750	0.0232	74.8500	
0.1575	60.5250	0.0228	74.8250	
0.1568	60.2250	0.0226	74.7000	
0.1563	60.3500	0.0224	74.7500	
0.1561	60.2750	0.0222	74.7750	
0.1557	60.0250	0.0219	74.8000	
0.1553	59.4750	0.0216	74.7500	
0.1548	59.2500	0.0214	74.9000	
0.1546	59.0750	0.0212	74.8750	
0.1540	59.4250	0.0210	74.8750	
0.1537	59.2750	0.0207	74.8750	
0.1533	59.1250	0.0206	74.9000	
0.1529	58.6500	0.0204	74.8750	
0.1526	58.2000	0.0202	74.8750	
0.1523	57.9500	0.0201	74.8750	
0.1521	57.4500	0.0199	74.8250	
0.1516	57.3750	0.0198	74.9000	
0.1513	57.4500	0.0197	74.8500	
0.1511	57.4750	0.0194	74.8500	
0.1512	57.3000	0.0193	74.8500	
0.1506	57.3500	0.0191	74.8750	
0.1504	57.4000	0.0190	74.8500	
0.1499	57.9000	0.0188	74.8000	
0.1497	58.0250	0.0187	74.8000	
0.1497	57.0500	0.0186	74.7750	
0.1492	57.5500	0.0185	74.8250	
0.1491	58.0000	0.0184	74.7750	
0.1488	56.9000	0.0182	74.8500	
0.1485	56.8250	0.0181	74.8500	
0.1484	56.9750	0.0180	74.8250	
0.1480	56.7250	0.0177	74.8000	
0.1480	57.0500	0.0177	74.8500	
0.1479	57.4750	0.0175	74.8000	
0.1479	57.7000	0.0174	74.7000	
0.1475	57.2500	0.0172	74.7000	
0.1475	55.2500	0.0170	74.6750	
0.1471	54.7250	0.0168	74.5750	
0.1474	56.2500	0.0167	74.7250	
0.1467	54.8000	0.0165	74.5750	
0.1465	53.5250	0.0164	74.4500	
0.1462	53.6000	0.0161	74.4500	
0.1462	52.8500	0.0160	74.4000	
0.1461	49.3250	0.0158	74.3000	
0.1458	48.9750	0.0156	74.3250	
0.1458	49.3000	0.0154	74.2750	
0.1456	49.1250	0.0152	74.2750	
0.1452	49.0250	0.0149	74.2000	
0.1452	48.7750	0.0147	74.2500	
0.1451	48.2250	0.0145	74.2250	
0.1449	47.8250	0.0142	74.0750	
0.1450	46.6000	0.0139	73.9250	
0.1445	46.5500	0.0136	74.0000	
0.1442	45.5000	0.0132	73.8250	
0.1444	44.8500	0.0128	73.7750	
0.1442	44.6750	0.0125	73.7500	
0.1441	42.9500	0.0121	73.6500	
0.1445	43.7500	0.0118	73.8500	
0.1441	42.2750	0.0115	74.1500	
0.1441	43.9000	0.0112	74.4500	
0.1441	42.4250	0.0109	74.5500	
0.1439	39.7500	0.0106	74.6750	
0.1437	39.8250	0.0103	74.8750	
0.1434	36.6500	0.0101	75.1000	
0.1433	34.7250	0.0099	75.1000	
0.1430	36.2250	0.0097	75.1750	
0.1430	32.1250	0.0095	75.2500	
0.1428	31.3500	0.0093	75.3250	
0.1428	35.0000	0.0092	75.1750	
0.1428	32.6250	0.0091	75.3250	
0.1427	31.4000	0.0089	75.2500	
0.1425	30.3500	0.0088	75.3250	
0.1425	30.3750	0.0087	75.2750	
0.1425	33.5000	0.0086	75.1250	
0.1424	32.9250	0.0085	75.2000	
0.1422	33.9250	0.0085	75.2500	
0.1422	32.0000	0.0084	75.2250	
0.1424	30.9250	0.0083	75.2000	
0.1423	33.4500	0.0083	75.2500	
0.1422	33.3000	0.0082	75.2000	
0.1419	32.4250	0.0081	75.2250	
0.1417	31.0000	0.0081	75.2500	
0.1418	31.0500	0.0081	75.2000	
0.1419	31.5000	0.0080	75.2500	
0.1418	33.4500	0.0079	75.2250	
0.1417	34.1000	0.0079	75.2250	
0.1415	37.9500	0.0079	75.2250	
0.1419	34.5250	0.0078	75.2500	
0.1416	34.6250	0.0078	75.2750	
0.1414	31.3750	0.0078	75.2750	
0.1413	32.2250	0.0077	75.2750	
0.1412	32.7750	0.0077	75.2750	
0.1412	36.2500	0.0077	75.2500	
0.1415	33.0500	0.0076	75.2500	
0.1412	32.3500	0.0076	75.3000	
0.1411	31.7000	0.0076	75.3250	
0.1410	32.9000	0.0076	75.2750	
0.1411	33.0750	0.0076	75.2500	
0.1410	34.8250	0.0076	75.3000	
0.1409	34.2750	0.0075	75.3500	
0.1410	35.9750	0.0075	75.3000	
0.1412	34.1500	0.0075	75.3250	
0.1413	35.9500	0.0074	75.3500	
0.1412	35.6500	0.0074	75.1750	
0.1407	34.7000	0.0074	75.3250	
0.1408	33.2250	0.0073	75.4500	
0.1407	33.0000	0.0073	75.2750	
0.1407	34.1750	0.0073	75.3000	
0.1406	33.6500	0.0073	75.3500	
0.1405	32.6250	0.0073	75.3750	
0.1404	32.1750	0.0073	75.3750	
0.1406	33.4750	0.0073	75.3500	
0.1408	33.9250	0.0072	75.3750	
0.1407	35.7250	0.0072	75.4000	
0.1404	33.6500	0.0072	75.4250	
0.1406	35.0500	0.0072	75.4000	
0.1404	35.3750	0.0072	75.3500	
0.1405	37.4250	0.0071	75.4000	
0.1404	35.0500	0.0071	75.4250	
0.1403	34.0000	0.0071	75.4250	
0.1402	34.3750	0.0071	75.4250	
0.1402	35.1000	0.0071	75.4250	
0.1402	36.2000	0.0071	75.4250	
0.1402	34.8750	0.0070	75.4250	
0.1404	35.2250	0.0070	75.4250	
0.1404	33.7000	0.0070	75.4250	
0.1403	36.1250	0.0070	75.4250	
0.1403	36.1250	0.0070	75.4500	
0.1401	38.4000	0.0070	75.4500	
0.1401	36.1250	0.0069	75.4750	
0.1403	37.0000	0.0069	75.4750	
0.1400	34.7000	0.0069	75.5000	
0.1403	34.4000	0.0069	75.4500	
0.1399	34.8250	0.0069	75.5000	
0.1398	36.5500	0.0069	75.5000	
0.1399	38.0750	0.0069	75.5500	
0.1399	37.4250	0.0068	75.5500	
0.1399	36.0750	0.0068	75.5250	
0.1398	34.6750	0.0068	75.5500	
0.1397	35.1500	0.0068	75.5500	
0.1398	37.2500	0.0067	75.5500	
0.1400	36.1500	0.0067	75.5250	
0.1399	36.6250	0.0066	75.5000	
0.1398	36.8500	0.0066	75.5000	
0.1397	38.8750	0.0065	75.4250	
0.1400	36.6750	0.0065	75.6250	
0.1401	37.6250	0.0065	75.4500	
0.1397	38.2250	0.0064	75.4500	
0.1398	38.5500	0.0064	75.4000	
0.1396	37.6250	0.0063	75.6000	
0.1397	37.7750	0.0063	75.6750	
0.1396	37.8250	0.0062	75.5500	
0.1396	37.2500	0.0062	75.6750	
0.1396	37.2750	0.0061	75.6500	
0.1395	38.1750	0.0061	75.7500	
0.1395	37.9500	0.0061	75.7750	
0.1395	38.5000	0.0060	75.6750	
0.1395	38.2250	0.0060	75.8250	
0.1395	38.3250	0.0060	75.7500	
0.1395	37.6750	0.0059	75.8500	
0.1395	37.9250	0.0059	75.8750	
0.1395	36.0000	0.0059	75.7750	
0.1397	36.7250	0.0059	75.8750	
0.1394	37.7250	0.0058	75.7750	
0.1394	38.0500	0.0058	75.9000	
0.1394	40.2750	0.0058	75.9000	
0.1393	39.3500	0.0058	75.9250	
0.1393	39.3250	0.0058	75.8750	
0.1394	38.6750	0.0058	75.9000	
0.1394	38.3750	0.0057	75.8750	
0.1393	38.8750	0.0057	75.9250	
0.1393	43.3500	0.0057	75.9750	
0.1393	43.7500	0.0057	75.9500	
0.1393	40.6250	0.0056	76.0250	
0.1396	40.2500	0.0056	76.0250	
0.1399	37.5500	0.0056	75.9500	
0.1399	39.6500	0.0056	75.9500	
0.1394	38.3000	0.0056	76.0000	
0.1393	39.9250	0.0056	76.0250	
0.1392	41.3750	0.0056	75.9750	
0.1393	44.2500	0.0055	75.9750	
0.1395	41.5750	0.0055	76.0250	
0.1392	41.3500	0.0055	76.0000	
0.1391	42.4000	0.0055	76.0750	
0.1393	41.7750	0.0055	76.1000	
0.1392	42.4000	0.0055	76.0500	
0.1392	41.6000	0.0054	76.0500	
0.1392	41.0500	0.0055	76.0500	
0.1391	41.0250	0.0055	76.0500	
0.1391	43.3250	0.0055	76.0500	
0.1392	45.2000	0.0054	76.1000	
0.1390	44.5000	0.0054	76.0250	
0.1392	43.0250	0.0054	76.1000	
0.1391	42.4750	0.0054	76.1250	
0.1390	41.8500	0.0054	76.1250	
0.1391	44.4000	0.0054	76.1250	
0.1390	45.8250	0.0054	76.1500	
0.1391	47.0250	0.0053	76.1250	
0.1390	46.9750	0.0053	76.1500	
0.1391	48.1250	0.0053	76.1250	
0.1392	45.1250	0.0053	76.2250	
0.1390	45.9750	0.0053	76.2250	
0.1392	45.3250	0.0053	76.2250	
0.1393	47.5000	0.0053	76.2250	
0.1392	43.1000	0.0052	76.2000	
0.1394	46.3250	0.0052	76.2500	
0.1395	41.4500	0.0052	76.2750	
0.1395	44.1250	0.0052	76.2750	
0.1394	41.7750	0.0052	76.3000	
0.1390	43.1000	0.0052	76.2000	
0.1391	45.2000	0.0052	76.2500	
0.1389	47.4750	0.0051	76.2750	
0.1390	49.7500	0.0051	76.3250	
0.1389	49.7000	0.0051	76.3500	
0.1389	49.5500	0.0051	76.3250	
0.1389	47.8000	0.0051	76.3250	
0.1389	47.3000	0.0051	76.2750	
0.1389	48.5750	0.0051	76.4000	
0.1392	46.4250	0.0051	76.3500	
0.1391	47.3500	0.0051	76.4000	
0.1389	45.6000	0.0051	76.3750	
0.1388	46.6750	0.0051	76.3250	
0.1388	48.1250	0.0051	76.3750	
0.1388	48.6000	0.0050	76.4250	
0.1388	48.0750	0.0050	76.3750	
0.1387	50.6750	0.0050	76.3250	
0.1388	49.2250	0.0050	76.3250	
0.1390	50.1750	0.0050	76.4000	
0.1390	46.5500	0.0050	76.3500	
0.1388	46.9250	0.0050	76.4250	
0.1388	49.8250	0.0050	76.3250	
0.1388	48.8250	0.0049	76.3750	
0.1388	47.4750	0.0050	76.4000	
0.1387	49.8500	0.0049	76.3500	
0.1389	51.6000	0.0049	76.4000	
0.1387	48.2250	0.0049	76.4250	
0.1388	47.1000	0.0049	76.4500	
0.1388	46.6750	0.0049	76.3500	
0.1388	49.0000	0.0049	76.4250	
0.1387	49.4750	0.0049	76.3500	
0.1387	50.7000	0.0049	76.4000	
0.1389	49.1250	0.0049	76.4500	
0.1390	48.4250	0.0049	76.5000	
0.1387	46.9000	0.0049	76.4500	
0.1387	48.1750	0.0048	76.4000	
0.1386	50.7750	0.0048	76.4000	
0.1387	50.6250	0.0049	76.4750	
0.1387	49.6500	0.0049	76.4750	
0.1387	49.0500	0.0048	76.4500	
0.1391	46.6000	0.0048	76.4750	
0.1392	48.4000	0.0048	76.4750	
0.1389	44.6500	0.0048	76.4500	
0.1388	46.9000	0.0048	76.4250	
0.1386	46.1750	0.0048	76.4750	
0.1386	46.8500	0.0048	76.4500	
0.1387	50.1750	0.0048	76.4750	
0.1387	47.5500	0.0048	76.4000	
0.1388	49.3250	0.0048	76.4250	
0.1386	47.0000	0.0048	76.4750	
0.1386	47.1000	0.0047	76.5000	
0.1385	47.3250	0.0047	76.4500	
0.1388	45.0250	0.0047	76.5500	
0.1388	46.8500	0.0047	76.4750	
0.1386	46.7250	0.0047	76.5000	
0.1385	47.3250	0.0048	76.4500	
0.1386	49.0000	0.0047	76.4750	
0.1386	50.5750	0.0047	76.4250	
0.1386	49.8000	0.0047	76.5250	
0.1385	48.9000	0.0047	76.3750	
0.1386	48.9750	0.0047	76.3750	
0.1386	48.3500	0.0047	76.5250	
0.1386	49.3750	0.0048	76.5000	
0.1386	48.8250	0.0047	76.5250	
0.1386	47.3750	0.0047	76.4750	
0.1386	50.2250	0.0047	76.4250	
0.1385	48.8250	0.0047	76.5250	
0.1386	49.5750	0.0047	76.4250	
0.1385	49.5250	0.0047	76.3500	
0.1385	48.3000	0.0047	76.4250	
0.1385	47.2000	0.0047	76.4500	
0.1385	47.3500	0.0047	76.4000	
0.1385	47.4000	0.0047	76.4500	
0.1386	46.9250	0.0047	76.4250	
0.1385	48.2000	0.0046	76.3500	
0.1386	47.3250	0.0046	76.3250	
0.1386	47.2500	0.0046	76.5000	
0.1384	48.1750	0.0046	76.4750	
0.1384	49.2000	0.0046	76.4000	
0.1385	48.5250	0.0046	76.4500	
0.1385	48.3750	0.0046	76.4000	
0.1385	47.2000	0.0046	76.4750	
0.1385	48.2500	0.0046	76.5000	
0.1385	48.7500	0.0046	76.3500	
0.1385	50.0250	0.0046	76.4500	
0.1386	48.4500	0.0046	76.3750	
0.1384	47.8500	0.0046	76.5500	
0.1383	47.5000	0.0046	76.4250	
0.1385	47.8500	0.0046	76.3000	
0.1385	48.2250	0.0046	76.3750	
0.1384	48.1250	0.0046	76.4000	
0.1386	48.9250	0.0046	76.3750	
0.1383	48.1500	0.0046	76.2500	
0.1384	48.0250	0.0046	76.4250	
0.1384	48.2000	0.0046	76.4000	
0.1384	47.7750	0.0046	76.3000	
0.1384	47.9750	0.0046	76.3500	
0.1387	48.0000	0.0046	76.4250	
0.1386	48.7750	0.0046	76.3500	
0.1383	48.1750	0.0046	76.4500	
0.1383	48.6000	0.0046	76.3250	
0.1386	48.3500	0.0046	76.3750	
0.1385	49.5000	0.0045	76.3500	
0.1385	48.0000	0.0045	76.3500	
0.1384	48.8500	0.0045	76.1750	
0.1384	48.5000	0.0045	76.4750	
0.1386	49.3250	0.0046	76.2750	
0.1387	47.7000	0.0046	76.3500	
0.1384	49.5750	0.0046	76.2250	
0.1386	48.4750	0.0045	76.3500	
0.1386	50.0500	0.0045	76.2750	
0.1384	49.1000	0.0045	76.3000	
0.1385	50.1000	0.0045	76.1500	
0.1383	48.6750	0.0045	76.3500	
0.1383	49.3500	0.0045	76.1500	
0.1382	49.5750	0.0045	76.2000	
0.1384	49.1000	0.0045	76.2250	
0.1385	50.3000	0.0045	76.2000	
0.1384	49.5000	0.0045	76.2750	
0.1383	49.9000	0.0045	76.2000	
0.1384	49.6750	0.0045	76.3000	
0.1383	49.4250	0.0045	76.3500	
0.1383	50.1500	0.0045	76.2000	
0.1382	50.0500	0.0045	76.0500	
0.1382	50.0750	0.0045	76.3250	
0.1383	50.1000	0.0045	76.2250	
0.1384	50.1250	0.0045	76.1000	
0.1382	50.2500	0.0045	76.1750	
0.1382	50.1500	0.0045	76.1750	
0.1382	50.1750	0.0044	76.2750	
0.1383	51.1500	0.0045	76.1250	
0.1383	50.0250	0.0045	76.3500	
0.1383	50.9250	0.0045	76.1500	
0.1383	49.7500	0.0045	76.1250	
0.1384	51.5500	0.0044	76.2500	
0.1384	50.3750	0.0044	75.9500	
0.1382	50.7500	0.0044	76.3250	
0.1382	50.4500	0.0044	76.0750	
0.1382	50.0000	0.0044	76.1000	
0.1382	50.8000	0.0044	76.1000	
0.1383	50.6750	0.0045	76.2250	
0.1382	50.9000	0.0045	76.1500	
0.1382	51.7250	0.0044	76.0750	
0.1382	52.3500	0.0044	75.9250	
0.1382	51.1500	0.0044	76.2250	
0.1382	50.7500	0.0044	76.1750	
0.1382	51.1500	0.0044	76.0750	
0.1382	50.6000	0.0044	76.2000	
0.1382	50.9000	0.0044	76.1000	
0.1382	51.6000	0.0044	76.0750	
0.1382	52.1000	0.0044	76.0000	
0.1384	51.1000	0.0044	76.1000	
0.1383	51.4750	0.0044	75.8500	
0.1382	50.4250	0.0044	76.1000	
0.1381	50.9750	0.0044	76.1250	
0.1381	51.0750	0.0044	75.9500	
0.1382	50.7750	0.0044	76.0500	
0.1382	52.3250	0.0044	76.0500	
0.1382	52.3750	0.0044	76.0500	
0.1382	52.4000	0.0044	75.8250	
0.1384	51.5250	0.0044	76.0250	
0.1385	51.8750	0.0044	76.0750	
0.1381	50.9750	0.0044	75.8750	
0.1384	51.8250	0.0044	76.0250	
0.1383	50.7750	0.0044	76.0000	
0.1382	51.9750	0.0044	75.9000	
0.1382	51.4500	0.0044	76.1500	
0.1381	51.2250	0.0044	75.8000	
0.1381	52.2750	0.0044	76.0000	
0.1383	51.7750	0.0044	76.0500	
0.1381	52.0250	0.0044	75.8250	
0.1382	51.4500	0.0043	75.9000	
0.1380	51.9750	0.0044	75.9250	
0.1380	53.5000	0.0044	75.8250	
0.1383	52.3250	0.0044	75.9500	
0.1382	52.4000	0.0043	75.8250	
0.1382	51.0250	0.0043	75.9750	
0.1380	51.5500	0.0043	75.9000	
0.1380	51.3250	0.0043	75.9000	
0.1381	51.8500	0.0043	75.9500	
0.1380	52.4250	0.0043	75.8750	
0.1380	53.1500	0.0043	76.0000	
0.1381	52.0000	0.0043	75.8500	
0.1380	51.9000	0.0043	75.9250	
0.1380	52.5500	0.0043	76.0000	
0.1381	52.6250	0.0043	75.8250	
0.1381	53.3250	0.0043	75.8500	
0.1381	52.7750	0.0043	76.0500	
0.1381	51.9250	0.0043	75.7750	
0.1380	52.3500	0.0043	75.8500	
0.1381	51.8000	0.0043	75.8000	
0.1380	52.2250	0.0043	75.9250	
0.1380	52.7750	0.0043	75.9250	
0.1380	52.9750	0.0043	75.6750	
0.1380	53.1250	0.0043	75.9750	
0.1381	53.0250	0.0043	75.7750	
0.1381	51.6000	0.0043	75.9250	
0.1382	52.4500	0.0043	75.8500	
0.1381	51.8000	0.0043	75.8500	
0.1381	52.3750	0.0043	75.8750	
0.1381	51.8250	0.0043	75.7500	
0.1380	52.3000	0.0043	75.8750	
0.1379	52.1250	0.0043	75.8500	
0.1379	52.2750	0.0043	75.9000	
0.1379	52.9000	0.0043	75.7000	
0.1379	53.1250	0.0043	75.8750	
0.1381	53.4000	0.0043	75.8000	
0.1379	52.9000	0.0043	75.6500	
0.1379	52.1000	0.0043	75.8000	
0.1379	52.4750	0.0043	75.8500	
0.1379	52.1750	0.0043	75.7500	
0.1379	52.6000	0.0043	75.7500	
0.1381	52.6250	0.0043	75.7750	
0.1378	52.1000	0.0043	75.7500	
0.1379	52.4250	0.0043	75.7500	
0.1379	52.8000	0.0043	75.7250	
0.1379	52.6500	0.0043	75.7250	
0.1380	52.6750	0.0043	75.7750	
0.1380	53.0750	0.0043	75.7250	
0.1379	52.5250	0.0043	75.7250	
0.1379	53.3750	0.0043	75.7750	
0.1379	53.2500	0.0043	75.6000	
0.1380	53.1000	0.0042	75.7000	
0.1380	52.2000	0.0042	75.6250	
0.1379	52.5000	0.0043	75.6750	
0.1379	52.4250	0.0043	75.7500	
0.1380	52.2500	0.0043	75.6250	
0.1381	52.1250	0.0042	75.7750	
0.1382	52.6500	0.0043	75.6000	
0.1380	51.7250	0.0042	75.7000	
0.1379	52.1750	0.0043	75.7000	
0.1379	52.2750	0.0043	75.3750	
0.1379	52.7250	0.0043	75.8500	
0.1379	53.0500	0.0043	75.6500	
0.1379	53.7250	0.0043	75.5250	
0.1377	54.0000	0.0043	75.7750	
0.1378	53.3250	0.0043	75.7000	
0.1379	52.6000	0.0042	75.6000	
0.1378	52.5250	0.0042	75.7750	
0.1378	52.5250	0.0042	75.6000	
0.1378	52.2750	0.0042	75.7000	
0.1380	53.1500	0.0042	75.7750	
0.1379	52.2500	0.0042	75.6250	
0.1378	52.6250	0.0042	75.6750	
0.1379	52.6750	0.0042	75.6000	
0.1378	52.5750	0.0042	75.6000	
0.1379	52.5250	0.0042	75.6750	
0.1378	52.3000	0.0042	75.7000	
0.1379	52.8750	0.0042	75.6500	
0.1378	53.0500	0.0042	75.6500	
0.1378	52.5250	0.0042	75.6750	
0.1378	52.9000	0.0042	75.5500	
0.1378	52.7500	0.0042	75.6750	
0.1379	52.8500	0.0042	75.6500	
0.1380	52.4000	0.0042	75.5500	
0.1380	52.6750	0.0042	75.6750	
0.1378	52.6000	0.0042	75.5000	
0.1378	52.4250	0.0042	75.6000	
0.1378	52.4000	0.0042	75.6250	
0.1378	52.6750	0.0042	75.5500	
0.1377	52.6250	0.0042	75.6250	
0.1378	52.7750	0.0042	75.5500	
0.1378	52.7750	0.0042	75.5750	
0.1377	52.8500	0.0042	75.5500	
0.1379	52.8250	0.0042	75.6250	
0.1379	52.9250	0.0042	75.6000	
0.1378	52.5000	0.0042	75.6500	
0.1378	52.8750	0.0042	75.3750	
0.1377	53.2250	0.0042	75.6000	
0.1377	52.6750	0.0042	75.6000	
0.1377	52.9750	0.0042	75.4750	
0.1377	53.1000	0.0042	75.5000	
0.1378	52.7500	0.0042	75.5500	
0.1379	52.5500	0.0042	75.5000	
0.1378	52.8750	0.0042	75.5000	
0.1377	53.1000	0.0042	75.5000	
0.1377	53.2750	0.0042	75.6000	
0.1377	52.7750	0.0042	75.5500	
0.1378	52.7500	0.0042	75.4750	
0.1377	52.5000	0.0042	75.6750	
0.1377	53.1250	0.0042	75.5250	
0.1378	52.6500	0.0042	75.4250	
0.1378	52.8250	0.0042	75.6000	
0.1378	52.4250	0.0042	75.5750	
0.1377	52.7750	0.0042	75.4750	
0.1377	52.8000	0.0042	75.5750	
0.1377	52.2750	0.0042	75.4500	
0.1378	52.9750	0.0042	75.4750	
0.1379	52.2500	0.0042	75.4750	
0.1378	52.8500	0.0042	75.4000	
0.1377	52.8000	0.0042	75.5500	
0.1377	52.9000	0.0042	75.5500	
0.1378	53.0500	0.0042	75.3750	
0.1377	52.8500	0.0042	75.4750	
0.1377	52.4750	0.0042	75.5000	
0.1378	52.9500	0.0042	75.3500	
0.1378	52.7750	0.0042	75.4250	
0.1377	52.7250	0.0042	75.4000	
0.1377	52.9250	0.0042	75.5250	
0.1377	52.8500	0.0042	75.5000	
0.1377	52.7250	0.0042	75.4000	
0.1377	52.7500	0.0042	75.4750	
0.1377	53.1000	0.0041	75.6000	
0.1376	53.0500	0.0042	75.3750	
0.1377	52.9750	0.0042	75.3000	
0.1378	52.7000	0.0042	75.3500	
0.1378	52.8000	0.0042	75.5000	
0.1378	52.5000	0.0042	75.5250	
0.1377	52.7000	0.0041	75.5250	
0.1377	52.7500	0.0041	75.3750	
0.1378	52.6750	0.0042	75.4500	
0.1378	52.9250	0.0042	75.4000	
0.1379	52.4750	0.0042	75.4250	
0.1381	53.2500	0.0042	75.3750	
0.1380	52.1750	0.0041	75.4750	
0.1377	52.6500	0.0042	75.4250	
0.1377	52.7500	0.0041	75.5500	
0.1377	52.4750	0.0041	75.3000	
0.1376	52.5500	0.0041	75.5250	
0.1376	52.7500	0.0041	75.4000	
0.1376	52.8750	0.0041	75.4250	
0.1376	53.0000	0.0041	75.3500	
0.1376	53.7000	0.0041	75.4750	
0.1376	52.8750	0.0041	75.4750	
0.1376	53.0250	0.0041	75.5000	
0.1377	53.0500	0.0041	75.5250	
0.1376	52.8250	0.0042	75.3750	
0.1376	52.9250	0.0041	75.5000	
0.1377	52.7500	0.0042	75.3500	
0.1376	52.9000	0.0042	75.6000	
0.1377	52.9750	0.0042	75.4750	
0.1377	52.6500	0.0041	75.3250	
0.1377	52.6500	0.0041	75.4750	
0.1376	52.7250	0.0041	75.5250	
0.1376	52.6500	0.0041	75.4500	
0.1376	52.7750	0.0041	75.5750	
0.1376	52.9750	0.0042	75.4750	
0.1377	52.5000	0.0042	75.4500	
0.1376	52.7000	0.0041	75.4750	
0.1376	52.4500	0.0041	75.4000	
0.1376	52.7750	0.0041	75.5000	
0.1376	52.9500	0.0041	75.3500	
0.1376	52.8000	0.0041	75.5250	
0.1377	53.1500	0.0041	75.4000	
0.1378	52.5500	0.0041	75.4000	
0.1377	52.7250	0.0041	75.5250	
0.1377	53.1000	0.0042	75.4000	
0.1377	52.6000	0.0041	75.4000	
0.1377	52.7500	0.0041	75.5000	
0.1377	52.8750	0.0041	75.4750	
0.1376	52.7000	0.0041	75.5250	
0.1377	53.0000	0.0041	75.4750	
0.1377	52.8000	0.0041	75.5000	
0.1377	52.8750	0.0041	75.3750	
0.1377	52.8750	0.0041	75.4750	
0.1377	52.6750	0.0041	75.5000	
0.1376	52.5500	0.0041	75.5000	
0.1376	52.2750	0.0041	75.4000	
0.1377	52.5000	0.0041	75.4250	
0.1376	52.5000	0.0041	75.5250	
0.1377	52.9250	0.0041	75.4250	
0.1377	52.4500	0.0041	75.4500	
0.1376	52.8250	0.0041	75.5000	
0.1376	52.7750	0.0041	75.4250	
0.1377	52.7250	0.0041	75.4500	
0.1376	53.1250	0.0041	75.4750	
0.1380	52.8250	0.0041	75.4000	
0.1377	53.0000	0.0041	75.4500	
0.1378	52.3500	0.0041	75.5250	
0.1376	52.3250	0.0041	75.5250	
0.1376	52.6250	0.0041	75.4250	
0.1376	53.1250	0.0041	75.5000	
0.1375	52.7250	0.0041	75.4750	
0.1376	52.7250	0.0041	75.5000	
0.1376	53.0500	0.0041	75.4750	
0.1375	52.9000	0.0041	75.4250	
0.1376	52.8250	0.0041	75.5500	
0.1377	53.0500	0.0041	75.3750	
0.1375	53.0750	0.0041	75.5500	
0.1376	52.5250	0.0041	75.5000	
0.1378	52.4000	0.0041	75.4750	
0.1378	53.0750	0.0041	75.4500	
0.1377	52.4500	0.0041	75.4500	
0.1376	52.7000	0.0041	75.4750	
0.1375	52.6250	0.0041	75.5000	
0.1376	52.2750	0.0041	75.4500	
0.1376	52.4750	0.0041	75.4000	
0.1376	53.0750	0.0041	75.4750	
0.1375	52.6000	0.0041	75.4250	
0.1376	52.8000	0.0041	75.4750	
0.1378	52.0750	0.0041	75.4250	
0.1380	53.2000	0.0041	75.4750	
0.1378	52.5500	0.0041	75.4750	
0.1375	52.5000	0.0041	75.2750	
0.1376	52.5750	0.0041	75.5000	
0.1377	52.5250	0.0041	75.4000	
0.1376	52.7750	0.0041	75.4500	
0.1376	52.2750	0.0041	75.4750	
0.1377	52.7000	0.0041	75.4000	
0.1375	52.5500	0.0041	75.5000	
0.1376	52.7250	0.0041	75.5000	
0.1376	52.9000	0.0041	75.3750	
0.1375	52.4250	0.0041	75.4250	
0.1375	52.5750	0.0041	75.4750	
0.1375	52.6000	0.0041	75.3500	
0.1376	52.7000	0.0041	75.4250	
0.1375	52.6500	0.0041	75.4000	
0.1376	52.7750	0.0041	75.4250	
0.1375	52.3000	0.0041	75.4250	
0.1376	52.6250	0.0041	75.3250	
0.1375	52.7500	0.0041	75.4250	
0.1375	52.4000	0.0041	75.4000	
0.1375	52.5250	0.0041	75.4750	
0.1375	52.3750	0.0041	75.4500	
0.1375	52.4000	0.0041	75.4000	
0.1375	52.5250	0.0041	75.4500	
0.1375	52.5750	0.0041	75.3750	
0.1375	52.3250	0.0041	75.4000	
0.1375	52.4000	0.0041	75.4500	
0.1375	52.6750	0.0041	75.4000	
0.1375	52.5250	0.0041	75.4250	
0.1374	52.6250	0.0041	75.4000	
0.1375	52.5250	0.0041	75.4250	
0.1374	52.5000	0.0041	75.4500	
0.1375	52.6750	0.0041	75.3750	
0.1375	52.4750	0.0041	75.4500	
0.1375	52.5250	0.0041	75.4000	
0.1374	52.5750	0.0041	75.3750	
0.1375	52.5250	0.0041	75.5000	
0.1374	52.6000	0.0041	75.4000	
0.1375	52.5250	0.0041	75.4000	
0.1376	52.6750	0.0041	75.4000	
0.1375	52.6500	0.0041	75.4000	
0.1374	52.2250	0.0041	75.4250	
0.1375	52.0750	0.0041	75.3500	
0.1375	52.5500	0.0040	75.3250	
0.1375	52.6500	0.0040	75.4000	
0.1374	52.4500	0.0040	75.5000	
0.1375	52.6250	0.0040	75.3250	
0.1375	52.3750	0.0041	75.4750	
0.1375	52.3000	0.0041	75.4000	
0.1375	52.3500	0.0041	75.3500	
0.1374	52.4750	0.0040	75.3750	
0.1375	52.8000	0.0040	75.4000	
0.1375	52.3500	0.0041	75.3750	
0.1377	52.5250	0.0041	75.4500	
0.1374	52.1250	0.0041	75.3250	
0.1374	52.4750	0.0040	75.3750	
0.1376	52.3750	0.0040	75.3750	
0.1374	52.4250	0.0040	75.4250	
0.1374	52.3750	0.0040	75.3750	
0.1375	52.3000	0.0041	75.4250	
0.1374	52.6250	0.0041	75.3500	
0.1375	52.3250	0.0041	75.4000	
0.1376	52.6500	0.0040	75.3500	
0.1375	52.7250	0.0040	75.4250	
0.1374	52.3000	0.0040	75.3750	
0.1375	52.3500	0.0040	75.3750	
0.1377	51.9250	0.0040	75.4000	
0.1375	52.3250	0.0040	75.3000	
0.1374	52.3750	0.0041	75.5000	
0.1376	52.2750	0.0041	75.2750	
0.1375	51.8500	0.0041	75.4500	
0.1374	52.5000	0.0040	75.3000	
0.1374	52.7000	0.0040	75.4250	
0.1374	52.2750	0.0040	75.4500	
0.1375	52.6000	0.0040	75.4000	
0.1375	52.0750	0.0040	75.3250	
0.1374	52.3500	0.0041	75.4000	
0.1375	52.8500	0.0041	75.3500	
0.1374	52.5500	0.0040	75.4250	
0.1374	52.2500	0.0040	75.4750	
0.1374	51.6500	0.0040	75.2750	
0.1374	52.1750	0.0040	75.4500	
0.1375	52.3750	0.0041	75.3750	
0.1375	52.5750	0.0040	75.3500	
0.1374	52.4000	0.0040	75.3500	
0.1375	52.2250	0.0041	75.4750	
0.1376	52.7500	0.0040	75.3250	
0.1376	52.0500	0.0040	75.3750	
0.1375	52.5750	0.0040	75.4750	
0.1374	52.3250	0.0040	75.3500	
0.1374	51.8750	0.0040	75.3750	
0.1375	52.1250	0.0040	75.3750	
0.1374	52.3500	0.0040	75.3250	
0.1374	52.2000	0.0040	75.3750	
0.1373	52.4000	0.0040	75.4000	
0.1375	52.5000	0.0040	75.3250	
0.1374	52.7750	0.0040	75.3750	
0.1374	52.1750	0.0040	75.4000	
0.1375	52.4750	0.0040	75.3500	
0.1374	52.3000	0.0040	75.4000	
0.1374	52.2500	0.0040	75.3750	
0.1374	52.3000	0.0040	75.5000	
0.1375	52.2750	0.0040	75.3000	
0.1374	52.5750	0.0040	75.5000	
0.1374	52.4750	0.0040	75.3250	
0.1374	52.2500	0.0040	75.4000	
0.1374	52.6250	0.0040	75.3750	
0.1375	52.2250	0.0040	75.3500	
0.1375	52.3500	0.0040	75.4000	
0.1374	52.1250	0.0040	75.4250	
0.1375	52.5000	0.0040	75.3500	
0.1374	52.3500	0.0040	75.4000	
0.1374	52.1750	0.0040	75.4750	
0.1374	51.6500	0.0040	75.4000	
0.1374	51.8500	0.0040	75.4250	
0.1374	52.3000	0.0040	75.3750	
0.1375	52.3250	0.0040	75.3000	
0.1375	52.4750	0.0040	75.4250	
0.1375	51.8500	0.0040	75.4250	
0.1373	51.9250	0.0040	75.3500	
0.1373	52.3750	0.0040	75.4500	
0.1374	52.2250	0.0040	75.4250	
0.1373	52.0500	0.0040	75.3500	
0.1374	52.0250	0.0040	75.4500	
0.1373	52.2000	0.0040	75.3000	
0.1373	52.3250	0.0040	75.3500	
0.1373	52.5750	0.0040	75.4500	
0.1373	52.0000	0.0040	75.3750	
0.1373	52.0000	0.0040	75.3750	
0.1373	52.4500	0.0040	75.4500	
0.1373	52.1250	0.0040	75.3250	
0.1374	51.8000	0.0040	75.4000	
0.1374	51.8250	0.0040	75.4250	
0.1374	52.2250	0.0040	75.3250	
0.1373	52.2500	0.0040	75.3500	
0.1374	51.6750	0.0040	75.4000	
0.1373	51.6000	0.0040	75.3500	
0.1374	52.4750	0.0040	75.4750	
0.1374	52.4000	0.0040	75.3500	
0.1373	52.1000	0.0040	75.4500	
0.1373	52.2750	0.0040	75.3750	
0.1373	52.1000	0.0040	75.3500	
0.1373	52.0750	0.0040	75.3250	
0.1374	52.0250	0.0040	75.5500	
0.1375	52.4000	0.0040	75.3500	
0.1374	51.9750	0.0040	75.4250	
0.1375	52.4500	0.0040	75.5000	
0.1374	52.0750	0.0040	75.3500	
0.1374	52.0000	0.0040	75.4250	
0.1373	52.0750	0.0040	75.3000	
0.1373	52.1500	0.0040	75.5000	
0.1373	51.9500	0.0040	75.3500	
