Loss_Adversary	Accuracy_Adversary	Loss_Target	Accuracy_Target	
-0.0007	0.4214	0.6303	50.0000	50.0000	
0.0011	0.4134	0.6229	50.0000	50.0000	
0.0025	0.4060	0.6152	50.0000	50.0000	
0.0032	0.3991	0.6066	50.0000	50.0000	
0.0035	0.3925	0.5976	50.0000	50.0000	
0.0038	0.3861	0.5885	50.0000	50.0000	
0.0036	0.3801	0.5792	50.0000	50.0000	
0.0031	0.3744	0.5694	50.0000	50.0000	
0.0022	0.3690	0.5590	50.0000	50.0000	
0.0009	0.3637	0.5478	50.0000	50.0000	
-0.0006	0.3584	0.5361	50.0000	50.0000	
-0.0026	0.3534	0.5236	50.0000	50.0000	
-0.0048	0.3484	0.5106	50.0000	50.0000	
-0.0074	0.3435	0.4969	50.0000	50.0000	
-0.0101	0.3387	0.4827	50.0000	50.0000	
-0.0129	0.3337	0.4683	50.0000	50.0000	
-0.0160	0.3290	0.4535	50.0000	50.0000	
-0.0190	0.3242	0.4387	50.0000	50.0000	
-0.0221	0.3194	0.4240	50.0000	50.0000	
-0.0252	0.3147	0.4091	50.0000	50.0000	
-0.0282	0.3101	0.3947	50.0000	50.0000	
-0.0312	0.3056	0.3803	50.0000	50.0000	
-0.0341	0.3011	0.3664	50.0000	50.0000	
-0.0369	0.2967	0.3528	50.0000	50.0000	
-0.0394	0.2923	0.3400	50.0000	50.0000	
-0.0417	0.2880	0.3277	50.0000	50.0000	
-0.0439	0.2838	0.3159	50.0000	50.0000	
-0.0458	0.2795	0.3047	50.0000	50.0000	
-0.0476	0.2754	0.2940	50.0000	50.0000	
-0.0492	0.2713	0.2840	50.0000	50.0000	
-0.0506	0.2672	0.2744	50.0000	50.0000	
-0.0518	0.2633	0.2655	50.0000	50.0000	
-0.0528	0.2593	0.2570	50.0000	50.0000	
-0.0536	0.2555	0.2492	50.0000	50.0000	
-0.0543	0.2518	0.2420	50.0000	50.0000	
-0.0547	0.2481	0.2354	50.0000	50.0000	
-0.0550	0.2444	0.2292	50.0000	50.0000	
-0.0552	0.2407	0.2230	50.0000	50.0000	
-0.0554	0.2370	0.2170	50.0000	50.0000	
-0.0555	0.2334	0.2112	50.0000	50.0000	
-0.0555	0.2293	0.2054	50.0000	50.0000	
-0.0552	0.2254	0.2002	50.0000	50.0000	
-0.0548	0.2219	0.1957	50.0000	50.0000	
-0.0549	0.2197	0.1922	50.0000	50.0000	
-0.0549	0.2177	0.1893	50.0000	50.0000	
-0.0544	0.2153	0.1871	49.1500	50.0000	
-0.0538	0.2125	0.1841	40.3000	50.0000	
-0.0535	0.2097	0.1810	32.7250	50.0000	
-0.0532	0.2070	0.1776	28.3000	50.0000	
-0.0530	0.2044	0.1741	27.0000	50.0000	
-0.0528	0.2019	0.1708	26.5750	50.0000	
-0.0524	0.1993	0.1681	26.6750	50.0000	
-0.0516	0.1969	0.1663	28.2500	50.0000	
-0.0509	0.1944	0.1644	28.6000	50.0000	
-0.0500	0.1927	0.1642	30.6250	50.0000	
-0.0489	0.1915	0.1651	32.2250	50.0000	
-0.0478	0.1904	0.1659	33.7500	50.0000	
-0.0471	0.1886	0.1652	33.2250	50.0000	
-0.0467	0.1909	0.1696	39.7500	50.0000	
-0.0466	0.1908	0.1697	39.0000	50.0000	
-0.0465	0.1919	0.1715	40.5750	50.0000	
-0.0466	0.1962	0.1777	46.0500	50.0000	
-0.0469	0.1947	0.1748	41.5250	50.0000	
-0.0470	0.1959	0.1764	43.0750	50.0000	
-0.0474	0.1979	0.1783	44.9000	50.0000	
-0.0478	0.1978	0.1772	42.2750	50.0000	
-0.0482	0.2002	0.1797	45.1250	50.0000	
-0.0488	0.2003	0.1784	42.3750	50.0000	
-0.0495	0.2020	0.1793	43.6000	50.0000	
-0.0503	0.2036	0.1797	43.6250	50.0000	
-0.0511	0.2043	0.1787	41.4500	50.0000	
-0.0523	0.2061	0.1783	41.6750	50.0000	
-0.0537	0.2083	0.1783	41.9250	50.0000	
-0.0553	0.2110	0.1782	41.5500	50.0250	
-0.0574	0.2145	0.1783	42.0500	50.7250	
-0.0599	0.2184	0.1778	41.1750	51.3750	
-0.0634	0.2240	0.1775	41.3750	53.0500	
-0.0679	0.2320	0.1782	39.1000	52.5500	
-0.0729	0.2424	0.1813	40.4500	51.8750	
-0.0788	0.2560	0.1870	43.6000	51.2750	
-0.0839	0.2675	0.1915	51.5250	51.0500	
-0.0872	0.2718	0.1897	61.9750	52.2250	
-0.0907	0.2729	0.1826	65.2250	56.5750	
-0.0936	0.2745	0.1779	67.4250	64.0750	
-0.0956	0.2782	0.1781	69.1250	71.2250	
-0.0969	0.2812	0.1795	70.3000	73.0250	
-0.0972	0.2822	0.1803	68.1250	71.4500	
-0.0968	0.2811	0.1797	58.6000	69.0750	
-0.0966	0.2789	0.1770	55.1750	64.6000	
-0.0970	0.2760	0.1714	52.8500	60.0500	
-0.0981	0.2723	0.1631	52.0250	58.7500	
-0.0995	0.2687	0.1543	51.6500	58.9500	
-0.1008	0.2644	0.1445	51.1500	60.6000	
-0.1017	0.2597	0.1353	50.2000	62.0250	
-0.1021	0.2550	0.1272	49.0500	64.4250	
-0.1018	0.2506	0.1215	47.0000	67.2000	
-0.1007	0.2460	0.1171	42.5250	69.8750	
-0.0996	0.2410	0.1126	34.5250	71.2250	
-0.0987	0.2374	0.1094	27.8500	69.8000	
-0.0980	0.2344	0.1066	26.2750	66.9750	
-0.0970	0.2301	0.1026	25.0750	61.4250	
-0.0959	0.2249	0.0977	24.6750	57.7000	
-0.0950	0.2220	0.0954	24.9250	59.7500	
-0.0944	0.2175	0.0903	25.4000	59.4250	
-0.0946	0.2151	0.0861	25.6250	58.9250	
-0.0955	0.2134	0.0814	25.3500	62.1000	
-0.0972	0.2123	0.0755	25.2000	64.8750	
-0.0992	0.2123	0.0704	24.9000	68.2750	
-0.1012	0.2125	0.0656	25.0000	72.7750	
-0.1030	0.2127	0.0617	25.0000	76.4000	
-0.1042	0.2132	0.0593	25.0250	77.9000	
-0.1051	0.2130	0.0568	25.1500	78.4250	
-0.1057	0.2130	0.0554	25.0000	78.6000	
-0.1062	0.2126	0.0534	24.8250	78.8000	
-0.1066	0.2120	0.0515	24.9500	78.4500	
-0.1070	0.2116	0.0500	25.1750	78.0000	
-0.1072	0.2106	0.0478	25.0500	77.4000	
-0.1075	0.2099	0.0462	25.5250	76.5250	
-0.1077	0.2093	0.0447	25.1500	75.9750	
-0.1080	0.2087	0.0432	25.6250	74.8750	
-0.1082	0.2079	0.0414	25.2750	74.0000	
-0.1084	0.2073	0.0401	25.3750	73.5750	
-0.1084	0.2069	0.0394	25.2250	73.1250	
-0.1085	0.2064	0.0383	25.1000	72.6000	
-0.1088	0.2055	0.0364	25.3500	72.5500	
-0.1089	0.2053	0.0357	25.6500	72.3500	
-0.1090	0.2051	0.0350	25.4750	72.1750	
-0.1091	0.2042	0.0334	25.2500	71.8750	
-0.1092	0.2039	0.0328	25.2500	71.4750	
-0.1093	0.2040	0.0327	25.0000	71.1250	
-0.1094	0.2033	0.0315	25.6500	70.9000	
-0.1095	0.2025	0.0301	25.4750	70.3000	
-0.1095	0.2028	0.0304	25.1000	70.3500	
-0.1096	0.2025	0.0296	25.0750	70.0250	
-0.1097	0.2019	0.0285	25.0750	70.2250	
-0.1097	0.2019	0.0287	25.2250	70.1000	
-0.1096	0.2018	0.0287	24.9000	69.9250	
-0.1098	0.2017	0.0280	25.1000	69.5500	
-0.1099	0.2013	0.0272	25.4000	69.4500	
-0.1098	0.2019	0.0283	25.3500	69.3750	
-0.1099	0.2015	0.0273	25.3000	69.0000	
-0.1099	0.1999	0.0251	25.3750	69.4000	
-0.1100	0.2017	0.0276	25.5000	68.7250	
-0.1099	0.2016	0.0276	24.7000	68.9500	
-0.1100	0.1998	0.0246	25.4000	68.7750	
-0.1099	0.2018	0.0280	25.6500	68.5750	
-0.1100	0.2015	0.0272	25.5000	68.7750	
-0.1100	0.1997	0.0245	25.4250	68.5250	
-0.1100	0.2019	0.0277	25.1750	68.1250	
-0.1100	0.2015	0.0272	25.5000	68.6250	
-0.1101	0.2002	0.0250	25.3000	67.9750	
-0.1102	0.2017	0.0272	25.6250	68.2500	
-0.1102	0.2010	0.0260	25.7250	68.2250	
-0.1103	0.2012	0.0261	25.5250	67.9750	
-0.1102	0.2013	0.0264	25.2500	68.0750	
-0.1102	0.2009	0.0258	25.7500	67.8500	
-0.1104	0.2017	0.0266	25.9000	67.8500	
-0.1104	0.2015	0.0263	25.7000	67.9250	
-0.1105	0.2017	0.0264	25.8500	67.8000	
-0.1104	0.2021	0.0272	25.8250	67.8500	
-0.1103	0.2015	0.0265	25.7750	67.8000	
-0.1101	0.2025	0.0286	26.6000	67.9500	
-0.1103	0.2024	0.0278	25.8250	67.9750	
-0.1105	0.2015	0.0261	25.9250	67.9500	
-0.1104	0.2026	0.0278	25.9000	68.1500	
-0.1104	0.2024	0.0276	25.9750	68.3500	
-0.1101	0.2026	0.0285	26.1750	68.0250	
-0.1104	0.2023	0.0275	26.2750	68.4500	
-0.1106	0.2035	0.0289	25.8500	68.5750	
-0.1106	0.2019	0.0264	26.4500	68.3000	
-0.1104	0.2025	0.0278	26.0500	68.6000	
-0.1105	0.2022	0.0271	25.6750	68.7500	
-0.1104	0.2021	0.0270	26.4250	68.7750	
-0.1103	0.2034	0.0293	26.4250	68.7000	
-0.1105	0.2022	0.0272	26.0250	68.7250	
-0.1104	0.2027	0.0280	26.3500	68.7750	
-0.1105	0.2029	0.0282	26.1250	69.0500	
-0.1105	0.2019	0.0267	25.9000	68.9500	
-0.1105	0.2028	0.0280	26.1500	69.1000	
-0.1104	0.2026	0.0280	26.1000	69.2750	
-0.1104	0.2027	0.0280	25.7750	69.2750	
-0.1105	0.2028	0.0279	26.6000	69.3000	
-0.1103	0.2031	0.0289	25.7250	69.3750	
-0.1102	0.2022	0.0278	25.6000	69.1250	
-0.1102	0.2025	0.0282	26.2750	69.3000	
-0.1102	0.2035	0.0297	26.1250	69.4500	
-0.1102	0.2027	0.0285	26.2500	69.2000	
-0.1100	0.2030	0.0295	26.2000	69.4500	
-0.1097	0.2044	0.0323	28.1000	69.3250	
-0.1095	0.2036	0.0318	26.8000	69.0000	
-0.1100	0.2041	0.0311	27.3500	69.4000	
-0.1101	0.2033	0.0297	25.9250	69.1000	
-0.1102	0.2033	0.0295	26.1750	69.4750	
-0.1102	0.2028	0.0287	26.6250	69.0000	
-0.1101	0.2034	0.0299	26.5250	69.0750	
-0.1101	0.2035	0.0299	26.7500	68.9750	
-0.1102	0.2040	0.0304	27.4000	68.9500	
-0.1102	0.2037	0.0301	25.9250	68.9250	
-0.1101	0.2029	0.0291	26.3750	68.8250	
-0.1100	0.2044	0.0316	27.3500	69.0000	
-0.1100	0.2042	0.0312	27.4000	69.2750	
-0.1102	0.2034	0.0296	27.1000	68.8250	
-0.1102	0.2044	0.0311	26.6000	68.9000	
-0.1101	0.2035	0.0298	26.4000	68.8250	
-0.1103	0.2043	0.0309	27.3000	68.9500	
-0.1101	0.2040	0.0308	27.0250	68.5750	
-0.1101	0.2041	0.0308	28.0750	68.7500	
-0.1101	0.2046	0.0317	27.4500	68.6250	
-0.1099	0.2039	0.0310	27.1000	68.5000	
-0.1102	0.2052	0.0324	27.8250	68.6500	
-0.1102	0.2045	0.0313	28.7000	68.5750	
-0.1101	0.2046	0.0315	28.5000	68.3500	
-0.1102	0.2044	0.0310	26.7000	68.3500	
-0.1101	0.2044	0.0314	28.3000	68.4000	
-0.1100	0.2049	0.0324	27.7750	68.3750	
-0.1100	0.2053	0.0329	28.4000	68.1500	
-0.1101	0.2053	0.0326	29.7750	68.3500	
-0.1101	0.2049	0.0320	27.6750	68.3750	
-0.1101	0.2054	0.0329	29.0750	68.1250	
-0.1102	0.2047	0.0316	27.6250	68.1000	
-0.1099	0.2049	0.0325	28.0500	68.0000	
-0.1100	0.2059	0.0338	28.7750	68.1750	
-0.1101	0.2046	0.0315	29.0000	68.0500	
-0.1103	0.2058	0.0331	28.7500	68.1750	
-0.1102	0.2052	0.0323	28.6000	68.1250	
-0.1101	0.2052	0.0325	28.1750	68.0500	
-0.1102	0.2055	0.0327	29.5250	67.9750	
-0.1103	0.2061	0.0333	29.0500	68.1250	
-0.1104	0.2060	0.0330	29.2000	67.8750	
-0.1101	0.2056	0.0332	28.7000	67.7250	
-0.1104	0.2063	0.0335	29.9500	68.0250	
-0.1104	0.2056	0.0323	28.7000	67.7250	
-0.1104	0.2061	0.0331	30.0000	67.7750	
-0.1103	0.2066	0.0340	29.3000	67.9250	
-0.1105	0.2057	0.0324	29.2000	67.7750	
-0.1105	0.2066	0.0337	30.9500	67.9500	
-0.1105	0.2065	0.0335	29.0750	67.7000	
-0.1104	0.2063	0.0333	29.6000	67.7750	
-0.1102	0.2070	0.0351	29.4000	67.7750	
-0.1103	0.2065	0.0340	30.6000	67.7000	
-0.1102	0.2082	0.0368	29.8250	67.9500	
-0.1105	0.2067	0.0337	30.3500	67.9000	
-0.1107	0.2073	0.0343	31.3500	67.7000	
-0.1105	0.2074	0.0348	29.3000	67.8000	
-0.1105	0.2061	0.0328	29.3000	67.6250	
-0.1107	0.2076	0.0346	31.6250	67.8500	
-0.1106	0.2073	0.0344	30.0500	67.8750	
-0.1107	0.2070	0.0338	30.9250	67.8250	
-0.1108	0.2076	0.0345	30.4500	67.9500	
-0.1108	0.2072	0.0339	30.2000	67.8500	
-0.1108	0.2077	0.0345	30.2750	67.9000	
-0.1109	0.2083	0.0353	31.8250	67.8750	
-0.1111	0.2080	0.0344	30.2000	67.8750	
-0.1105	0.2077	0.0352	30.8250	67.7000	
-0.1105	0.2088	0.0371	30.6750	67.9250	
-0.1106	0.2075	0.0349	31.2250	67.7250	
-0.1111	0.2090	0.0357	30.5250	67.9250	
-0.1105	0.2075	0.0350	30.8000	67.7250	
-0.1106	0.2084	0.0360	31.4750	67.9500	
-0.1109	0.2095	0.0371	31.0750	67.7750	
-0.1110	0.2078	0.0343	31.6000	67.7750	
-0.1111	0.2090	0.0358	30.9000	67.9500	
-0.1111	0.2089	0.0357	31.5250	67.7500	
-0.1110	0.2089	0.0359	31.2000	67.9000	
-0.1110	0.2086	0.0354	31.2250	67.6000	
-0.1111	0.2099	0.0369	32.3000	67.8000	
-0.1112	0.2090	0.0356	31.3500	67.6750	
-0.1111	0.2091	0.0359	31.5000	67.7250	
-0.1113	0.2098	0.0366	31.5250	67.7750	
-0.1113	0.2093	0.0357	31.9000	67.6000	
-0.1113	0.2103	0.0371	31.0500	67.6500	
-0.1112	0.2090	0.0355	31.7000	67.5250	
-0.1113	0.2095	0.0360	32.2500	67.5750	
-0.1113	0.2099	0.0365	30.7500	67.5750	
-0.1115	0.2106	0.0371	33.2250	67.4000	
-0.1112	0.2106	0.0377	32.3750	67.4250	
-0.1112	0.2106	0.0378	30.4250	67.3500	
-0.1114	0.2097	0.0362	32.3750	67.4250	
-0.1115	0.2104	0.0368	31.6000	67.3500	
-0.1115	0.2110	0.0377	32.7500	67.4000	
-0.1113	0.2102	0.0370	32.1500	67.3250	
-0.1113	0.2106	0.0377	31.6750	67.1750	
-0.1115	0.2106	0.0371	31.8000	67.2750	
-0.1115	0.2115	0.0386	32.4500	67.4500	
-0.1114	0.2101	0.0367	32.4000	67.4000	
-0.1114	0.2112	0.0382	31.8250	67.2250	
-0.1117	0.2105	0.0366	31.8750	67.5250	
-0.1116	0.2109	0.0374	31.9500	67.4000	
-0.1117	0.2114	0.0377	32.2250	67.4500	
-0.1118	0.2114	0.0377	31.8500	67.4750	
-0.1117	0.2109	0.0370	32.1000	67.4750	
-0.1116	0.2111	0.0375	31.6250	67.4250	
-0.1115	0.2111	0.0379	31.1500	67.2500	
-0.1118	0.2121	0.0387	33.0750	67.3750	
-0.1114	0.2118	0.0392	32.8750	67.4250	
-0.1115	0.2120	0.0392	32.0750	67.3250	
-0.1111	0.2128	0.0414	32.4250	67.1750	
-0.1117	0.2122	0.0390	32.3000	67.3500	
-0.1120	0.2115	0.0373	32.4250	67.4500	
-0.1119	0.2121	0.0386	32.4000	67.4750	
-0.1115	0.2120	0.0394	32.9000	67.4000	
-0.1115	0.2126	0.0401	32.8500	67.1750	
-0.1119	0.2120	0.0384	32.9000	67.3500	
-0.1119	0.2126	0.0392	32.5750	67.5250	
-0.1118	0.2128	0.0397	32.5250	67.4000	
-0.1116	0.2121	0.0392	32.4750	67.2500	
-0.1119	0.2133	0.0402	31.6750	67.3750	
-0.1119	0.2124	0.0389	32.8250	67.4000	
-0.1120	0.2131	0.0397	33.8000	67.4250	
-0.1120	0.2136	0.0405	32.1750	67.4750	
-0.1117	0.2121	0.0389	32.7500	67.2250	
-0.1122	0.2140	0.0405	32.5000	67.4250	
-0.1123	0.2132	0.0391	33.0250	67.2250	
-0.1122	0.2135	0.0397	32.5000	67.4750	
-0.1121	0.2138	0.0403	32.5250	67.4000	
-0.1121	0.2131	0.0393	32.3250	67.2000	
-0.1121	0.2146	0.0418	33.1750	67.3750	
-0.1122	0.2129	0.0389	32.8750	67.3250	
-0.1124	0.2139	0.0400	33.2000	67.4000	
-0.1124	0.2145	0.0408	33.4500	67.4500	
-0.1125	0.2139	0.0396	32.7000	67.3750	
-0.1123	0.2146	0.0411	33.9000	67.4750	
-0.1127	0.2148	0.0406	32.6250	67.4000	
-0.1121	0.2150	0.0424	34.1250	67.2500	
-0.1121	0.2143	0.0413	33.6500	67.2500	
-0.1124	0.2151	0.0416	32.8750	67.6000	
-0.1126	0.2143	0.0400	33.0250	67.4000	
-0.1126	0.2152	0.0413	33.0750	67.6250	
-0.1125	0.2145	0.0407	33.0250	67.5750	
-0.1125	0.2154	0.0419	33.4250	67.4750	
-0.1126	0.2150	0.0411	33.5000	67.5750	
-0.1126	0.2149	0.0408	32.5250	67.6000	
-0.1125	0.2147	0.0408	33.5000	67.6750	
-0.1127	0.2159	0.0422	33.5750	67.5750	
-0.1124	0.2147	0.0410	32.7000	67.5500	
-0.1122	0.2155	0.0427	34.5750	67.6250	
-0.1124	0.2160	0.0431	33.7500	67.8000	
-0.1127	0.2154	0.0414	33.5250	67.6500	
-0.1129	0.2163	0.0422	33.4500	67.6000	
-0.1127	0.2155	0.0416	34.2000	67.6250	
-0.1127	0.2159	0.0422	33.9750	67.7000	
-0.1129	0.2158	0.0416	34.0500	67.6250	
-0.1129	0.2157	0.0414	33.9000	67.7250	
-0.1129	0.2160	0.0417	33.6500	67.7750	
-0.1130	0.2155	0.0407	34.2000	67.5750	
-0.1130	0.2165	0.0422	34.2500	67.7250	
-0.1131	0.2158	0.0409	33.9000	67.6750	
-0.1131	0.2165	0.0420	34.1250	67.8000	
-0.1131	0.2149	0.0396	33.5500	67.6250	
-0.1132	0.2161	0.0411	33.8500	67.8500	
-0.1132	0.2158	0.0408	33.6500	67.7000	
-0.1129	0.2164	0.0423	35.2250	67.8250	
-0.1133	0.2161	0.0409	33.5500	67.9000	
-0.1131	0.2155	0.0406	33.6000	67.8000	
-0.1132	0.2158	0.0405	32.9500	67.8500	
-0.1132	0.2149	0.0394	32.9750	67.7750	
-0.1133	0.2155	0.0401	33.9250	67.8500	
-0.1136	0.2156	0.0393	33.4500	67.7000	
-0.1136	0.2152	0.0387	34.3750	67.8500	
-0.1136	0.2151	0.0387	32.6750	67.9000	
-0.1135	0.2147	0.0382	32.8000	67.9000	
-0.1135	0.2151	0.0389	33.5750	68.0250	
-0.1136	0.2145	0.0377	32.3500	68.0250	
-0.1137	0.2144	0.0374	32.5750	68.0750	
-0.1134	0.2134	0.0366	32.3000	68.1250	
-0.1134	0.2145	0.0382	33.4500	68.2000	
-0.1133	0.2140	0.0377	32.6750	68.4750	
-0.1136	0.2142	0.0373	33.1250	68.4750	
-0.1138	0.2141	0.0367	32.5750	68.5750	
-0.1139	0.2137	0.0359	32.7750	68.4250	
-0.1137	0.2130	0.0352	32.0000	68.5500	
-0.1138	0.2139	0.0364	33.3000	68.5250	
-0.1134	0.2146	0.0384	32.9000	68.6250	
-0.1135	0.2132	0.0362	33.3750	68.7000	
-0.1138	0.2139	0.0363	33.1750	68.8500	
-0.1138	0.2139	0.0363	33.0250	68.6500	
-0.1139	0.2133	0.0352	31.9000	68.7500	
-0.1140	0.2133	0.0350	33.5250	68.8250	
-0.1139	0.2139	0.0361	32.1500	68.9500	
-0.1138	0.2134	0.0355	32.4750	68.9250	
-0.1138	0.2125	0.0342	32.7000	68.8000	
-0.1138	0.2151	0.0381	33.5250	69.2500	
-0.1140	0.2124	0.0336	31.6250	68.6750	
-0.1139	0.2127	0.0343	33.3500	68.8750	
-0.1139	0.2154	0.0383	32.9250	69.3250	
-0.1139	0.2118	0.0330	32.3000	68.7750	
-0.1140	0.2144	0.0366	33.1250	69.4000	
-0.1141	0.2122	0.0332	32.2750	68.9000	
-0.1140	0.2134	0.0352	32.5750	69.2750	
-0.1138	0.2126	0.0344	32.6250	69.2250	
-0.1140	0.2123	0.0335	31.5000	69.3750	
-0.1142	0.2127	0.0336	32.3500	69.4000	
-0.1141	0.2131	0.0343	32.8250	69.2250	
-0.1140	0.2121	0.0331	32.0500	69.1250	
-0.1139	0.2128	0.0345	32.9750	69.1750	
-0.1139	0.2131	0.0349	31.6500	69.0500	
-0.1141	0.2120	0.0329	32.3000	69.0000	
-0.1142	0.2131	0.0342	32.3500	69.2250	
-0.1140	0.2123	0.0333	31.7750	69.2000	
-0.1141	0.2124	0.0334	32.2500	69.2250	
-0.1140	0.2123	0.0335	32.3000	69.1500	
-0.1140	0.2130	0.0345	31.7750	69.1500	
-0.1141	0.2122	0.0330	32.8250	69.0250	
-0.1139	0.2137	0.0358	32.6000	69.2250	
-0.1142	0.2122	0.0329	32.1000	68.8750	
-0.1141	0.2139	0.0356	32.9000	69.1500	
-0.1143	0.2125	0.0329	32.1250	69.1000	
-0.1142	0.2121	0.0327	32.6250	69.1000	
-0.1140	0.2136	0.0353	32.6750	69.1500	
-0.1140	0.2122	0.0332	31.6500	69.4000	
-0.1140	0.2109	0.0313	31.3750	69.2250	
-0.1141	0.2139	0.0355	32.6000	69.2750	
-0.1142	0.2116	0.0319	31.5750	69.2750	
-0.1141	0.2121	0.0330	31.5000	69.4250	
-0.1139	0.2130	0.0347	32.1500	69.6000	
-0.1141	0.2124	0.0332	31.8500	69.6500	
-0.1140	0.2126	0.0338	32.8750	69.7000	
-0.1140	0.2128	0.0342	30.6750	69.8000	
-0.1135	0.2111	0.0328	32.2000	69.7250	
-0.1139	0.2143	0.0366	32.0000	70.1500	
-0.1141	0.2107	0.0309	31.4000	70.0000	
-0.1138	0.2114	0.0326	31.7500	69.8750	
-0.1141	0.2134	0.0349	31.4750	69.9500	
-0.1142	0.2098	0.0293	31.2500	69.8250	
-0.1142	0.2135	0.0347	32.6000	69.9500	
-0.1143	0.2116	0.0318	31.4000	69.9500	
-0.1142	0.2108	0.0308	31.5250	69.9000	
-0.1142	0.2125	0.0332	31.5750	69.8750	
-0.1142	0.2114	0.0316	32.1000	69.8500	
-0.1142	0.2116	0.0320	31.5250	69.8250	
-0.1142	0.2123	0.0328	32.4750	69.6500	
-0.1142	0.2116	0.0318	31.5500	69.6250	
-0.1142	0.2118	0.0323	32.0000	69.5750	
-0.1140	0.2123	0.0336	32.6000	69.6000	
-0.1142	0.2124	0.0330	31.7000	69.6000	
-0.1137	0.2119	0.0336	31.5000	69.4500	
-0.1139	0.2130	0.0349	32.7500	69.5500	
-0.1136	0.2126	0.0349	31.9750	69.6250	
-0.1137	0.2117	0.0332	32.4500	69.5500	
-0.1137	0.2134	0.0357	32.6750	69.6500	
-0.1140	0.2124	0.0336	31.8000	69.7500	
-0.1142	0.2115	0.0317	31.8000	69.7500	
-0.1141	0.2121	0.0330	31.5500	69.8000	
-0.1142	0.2110	0.0311	31.7000	69.8000	
-0.1142	0.2117	0.0320	31.8000	69.8500	
-0.1142	0.2125	0.0333	31.6750	69.9750	
-0.1141	0.2117	0.0324	31.7500	70.0250	
-0.1140	0.2119	0.0327	31.8250	70.0750	
-0.1140	0.2121	0.0330	31.6250	70.0750	
-0.1138	0.2119	0.0333	31.4250	70.0500	
-0.1142	0.2122	0.0328	32.5250	70.0750	
-0.1140	0.2130	0.0344	32.0500	70.1000	
-0.1140	0.2123	0.0334	31.8250	69.9250	
-0.1140	0.2127	0.0340	32.4000	69.9750	
-0.1142	0.2121	0.0327	31.4500	70.0250	
-0.1142	0.2120	0.0326	32.5250	69.8500	
-0.1138	0.2135	0.0356	32.3750	69.8750	
-0.1140	0.2116	0.0324	31.2000	70.0000	
-0.1140	0.2123	0.0334	32.4750	69.9000	
-0.1140	0.2135	0.0352	31.9000	70.1500	
-0.1141	0.2111	0.0314	32.0500	70.0250	
-0.1139	0.2137	0.0359	31.7750	70.1750	
-0.1140	0.2114	0.0322	31.8250	69.9500	
-0.1140	0.2120	0.0329	31.8500	69.9750	
-0.1143	0.2135	0.0346	31.8000	70.3000	
-0.1142	0.2116	0.0319	32.6500	69.9750	
-0.1140	0.2133	0.0349	32.0750	70.4000	
-0.1140	0.2113	0.0320	31.4500	70.1250	
-0.1141	0.2117	0.0322	31.7500	70.2750	
-0.1141	0.2127	0.0338	32.0500	70.2250	
-0.1141	0.2118	0.0325	31.4500	70.1250	
-0.1140	0.2118	0.0326	32.1250	70.1000	
-0.1139	0.2135	0.0354	31.9250	70.4250	
-0.1139	0.2108	0.0315	31.5000	70.1250	
-0.1137	0.2133	0.0356	32.5000	70.5250	
-0.1140	0.2116	0.0325	31.3500	70.2500	
-0.1140	0.2128	0.0341	32.2000	70.1750	
-0.1140	0.2126	0.0338	31.4250	70.2500	
-0.1141	0.2117	0.0324	32.3250	70.0500	
-0.1140	0.2131	0.0348	32.3000	70.3500	
-0.1140	0.2117	0.0326	31.8500	70.2000	
-0.1139	0.2120	0.0333	32.0250	70.1250	
-0.1139	0.2121	0.0333	32.2500	70.1000	
-0.1140	0.2130	0.0346	32.3250	70.2000	
-0.1140	0.2123	0.0333	32.0250	70.0500	
-0.1136	0.2129	0.0352	32.5750	70.0500	
-0.1138	0.2136	0.0360	32.1750	70.0750	
-0.1135	0.2112	0.0329	31.6500	69.9000	
-0.1137	0.2138	0.0364	32.5750	69.8750	
-0.1136	0.2127	0.0349	31.9750	70.0500	
-0.1139	0.2118	0.0330	31.6000	70.0500	
-0.1138	0.2131	0.0350	32.1750	69.9250	
-0.1140	0.2134	0.0352	32.2250	69.9500	
-0.1136	0.2115	0.0333	31.9500	69.9500	
-0.1136	0.2127	0.0350	32.1250	70.0250	
-0.1137	0.2115	0.0331	31.3000	70.0000	
-0.1139	0.2130	0.0348	32.2500	70.1000	
-0.1138	0.2124	0.0341	32.0250	69.9500	
-0.1137	0.2117	0.0333	32.0000	70.0250	
-0.1137	0.2125	0.0344	32.1250	69.9500	
-0.1138	0.2124	0.0341	32.3250	70.0000	
-0.1138	0.2139	0.0363	32.0750	70.1000	
-0.1137	0.2120	0.0336	32.2500	69.9500	
-0.1137	0.2136	0.0362	32.3750	70.2250	
-0.1136	0.2118	0.0337	31.7750	69.9500	
-0.1135	0.2135	0.0364	32.4750	70.0500	
-0.1137	0.2124	0.0345	32.3000	70.0250	
-0.1138	0.2125	0.0344	31.7250	70.1250	
-0.1137	0.2123	0.0342	32.2500	70.0500	
-0.1136	0.2123	0.0345	32.0250	70.0500	
-0.1135	0.2130	0.0358	31.8500	70.1750	
-0.1136	0.2124	0.0346	32.2750	70.0500	
-0.1135	0.2137	0.0366	32.5750	70.2000	
-0.1137	0.2121	0.0339	31.8250	70.1000	
-0.1136	0.2127	0.0350	32.0750	70.0750	
-0.1134	0.2132	0.0361	31.8000	70.1000	
-0.1133	0.2121	0.0348	32.1500	70.1000	
-0.1135	0.2133	0.0361	31.9500	70.1500	
-0.1135	0.2127	0.0353	32.4750	70.1000	
-0.1134	0.2124	0.0352	32.1250	70.3000	
-0.1134	0.2125	0.0352	32.1250	70.1500	
-0.1135	0.2133	0.0361	32.5250	70.0500	
-0.1132	0.2126	0.0359	32.6000	70.0000	
-0.1133	0.2136	0.0371	32.1500	70.1250	
-0.1133	0.2129	0.0361	32.4000	69.9500	
-0.1134	0.2133	0.0366	32.5750	69.9750	
-0.1134	0.2133	0.0364	32.4000	70.1250	
-0.1133	0.2123	0.0352	32.2750	69.9500	
-0.1133	0.2136	0.0372	32.6750	69.9500	
-0.1135	0.2129	0.0356	32.2000	70.0500	
-0.1135	0.2130	0.0358	32.5750	69.9500	
-0.1135	0.2137	0.0368	32.6000	69.9750	
-0.1136	0.2135	0.0362	32.3000	70.0000	
-0.1133	0.2125	0.0355	32.3750	69.9250	
-0.1134	0.2142	0.0378	33.1000	69.9750	
-0.1134	0.2136	0.0369	32.5500	69.9250	
-0.1133	0.2129	0.0362	31.8500	69.9750	
-0.1133	0.2131	0.0365	32.7500	69.8250	
-0.1134	0.2134	0.0367	32.7000	69.9750	
-0.1132	0.2136	0.0375	32.6750	69.9500	
-0.1132	0.2134	0.0372	32.2000	70.0250	
-0.1131	0.2131	0.0369	32.0750	70.0250	
-0.1133	0.2139	0.0378	32.4500	69.9750	
-0.1132	0.2142	0.0383	33.0500	69.9750	
-0.1133	0.2140	0.0377	32.6000	70.0750	
-0.1133	0.2138	0.0373	32.7000	69.9000	
-0.1133	0.2135	0.0369	32.7250	69.9500	
-0.1133	0.2140	0.0377	32.6250	69.9750	
-0.1133	0.2132	0.0366	32.9250	69.9500	
-0.1133	0.2141	0.0380	32.7750	70.0500	
-0.1133	0.2141	0.0379	32.5750	69.9750	
-0.1131	0.2143	0.0388	32.8250	69.9750	
-0.1128	0.2138	0.0387	32.5000	69.9000	
-0.1132	0.2162	0.0413	33.1500	70.0750	
-0.1126	0.2129	0.0380	32.7000	69.9750	
-0.1128	0.2152	0.0409	33.0500	69.9750	
-0.1131	0.2146	0.0390	32.7000	70.0250	
-0.1132	0.2131	0.0366	32.4750	70.0750	
-0.1131	0.2145	0.0389	33.0000	70.0000	
-0.1131	0.2136	0.0376	32.6000	70.0000	
-0.1132	0.2135	0.0373	32.8750	69.9500	
-0.1132	0.2153	0.0399	33.5250	69.9500	
-0.1132	0.2143	0.0385	32.4250	70.0750	
-0.1131	0.2136	0.0375	32.6000	69.9500	
-0.1131	0.2156	0.0406	33.0250	70.1000	
-0.1133	0.2141	0.0378	33.5250	70.1000	
-0.1131	0.2149	0.0397	32.9250	70.2000	
-0.1130	0.2142	0.0387	32.9250	70.0250	
-0.1129	0.2142	0.0392	32.8000	69.9500	
-0.1131	0.2148	0.0393	32.8000	70.0750	
-0.1132	0.2138	0.0378	33.0250	69.9750	
-0.1132	0.2159	0.0408	32.9500	70.1500	
-0.1131	0.2144	0.0389	33.3500	69.9750	
-0.1131	0.2145	0.0391	32.7500	70.0250	
-0.1130	0.2149	0.0399	32.9000	70.0000	
-0.1131	0.2146	0.0390	33.0250	70.0250	
-0.1131	0.2154	0.0402	33.0000	69.9750	
-0.1129	0.2139	0.0386	32.9750	70.0250	
-0.1131	0.2154	0.0403	33.3500	70.1000	
-0.1130	0.2151	0.0402	33.0000	70.1750	
-0.1130	0.2145	0.0392	33.4500	70.0000	
-0.1129	0.2152	0.0406	33.2750	70.1250	
-0.1130	0.2155	0.0407	33.6000	70.0500	
-0.1129	0.2151	0.0405	33.0000	70.1500	
-0.1130	0.2150	0.0399	33.4500	70.0000	
-0.1130	0.2150	0.0401	32.9000	70.1000	
-0.1129	0.2148	0.0399	33.3250	70.2000	
-0.1128	0.2150	0.0405	32.9000	70.1000	
-0.1130	0.2152	0.0404	33.2750	70.1250	
-0.1128	0.2155	0.0412	33.3500	69.9750	
-0.1129	0.2152	0.0406	33.7250	70.0750	
-0.1129	0.2154	0.0408	33.7000	70.4000	
-0.1127	0.2156	0.0417	33.9250	70.2250	
-0.1126	0.2163	0.0429	33.4500	70.1000	
-0.1128	0.2159	0.0420	33.5250	70.1750	
-0.1129	0.2156	0.0411	33.2500	70.2250	
-0.1128	0.2147	0.0399	33.4000	70.2000	
-0.1129	0.2162	0.0421	33.4750	70.3000	
-0.1127	0.2154	0.0413	33.3000	70.4000	
-0.1129	0.2156	0.0411	33.9750	70.2250	
-0.1128	0.2168	0.0433	33.6250	70.5000	
-0.1130	0.2155	0.0406	33.8250	70.2750	
-0.1126	0.2173	0.0444	33.6000	70.4500	
-0.1128	0.2145	0.0398	33.2750	70.2250	
-0.1126	0.2174	0.0445	34.1500	70.4250	
-0.1127	0.2165	0.0431	34.0000	70.3250	
-0.1126	0.2159	0.0423	34.1250	70.6000	
-0.1127	0.2161	0.0423	33.7500	70.4500	
-0.1129	0.2159	0.0418	33.6500	70.5250	
-0.1128	0.2172	0.0437	33.7750	70.5750	
-0.1128	0.2167	0.0431	33.7250	70.8500	
-0.1128	0.2160	0.0419	33.6000	70.8500	
-0.1128	0.2173	0.0438	33.9500	70.7750	
-0.1130	0.2180	0.0446	34.3250	70.8500	
-0.1125	0.2169	0.0440	33.9500	70.8500	
-0.1121	0.2191	0.0484	34.7500	70.8750	
-0.1127	0.2184	0.0460	34.7250	71.0000	
-0.1128	0.2161	0.0421	33.9250	71.0000	
-0.1129	0.2177	0.0443	34.3500	71.1250	
-0.1128	0.2172	0.0439	34.1750	71.0750	
-0.1129	0.2170	0.0432	33.7500	71.2500	
-0.1128	0.2173	0.0439	33.9000	71.1250	
-0.1128	0.2184	0.0456	34.2000	71.2500	
-0.1125	0.2164	0.0433	33.6000	71.2250	
-0.1124	0.2186	0.0467	34.7000	71.2500	
-0.1129	0.2187	0.0458	34.4750	71.5250	
-0.1128	0.2165	0.0427	34.2750	71.4000	
-0.1126	0.2181	0.0456	33.9000	71.5000	
-0.1126	0.2195	0.0479	34.5500	71.6500	
-0.1126	0.2173	0.0444	34.7750	71.5500	
-0.1127	0.2193	0.0473	34.7000	71.6500	
-0.1125	0.2181	0.0460	34.7750	71.7750	
-0.1122	0.2186	0.0473	34.8250	72.0250	
-0.1126	0.2187	0.0466	34.5750	72.1500	
-0.1126	0.2176	0.0449	34.0750	72.2750	
-0.1127	0.2190	0.0469	34.8000	72.4000	
-0.1127	0.2202	0.0486	35.2750	72.5500	
-0.1127	0.2181	0.0455	34.4500	72.7500	
-0.1128	0.2191	0.0467	34.8750	72.8500	
-0.1129	0.2207	0.0488	34.7750	73.0000	
-0.1129	0.2199	0.0476	34.9250	73.2750	
-0.1127	0.2198	0.0479	35.1250	73.5750	
-0.1128	0.2203	0.0485	35.5250	73.5500	
-0.1131	0.2196	0.0466	35.0000	73.8750	
-0.1130	0.2208	0.0488	35.3750	74.2000	
-0.1132	0.2209	0.0483	35.2000	74.2250	
-0.1133	0.2217	0.0494	35.4500	74.5250	
-0.1134	0.2226	0.0505	36.1750	74.8750	
-0.1135	0.2218	0.0490	35.4000	75.3250	
-0.1136	0.2224	0.0495	35.8250	75.6750	
-0.1139	0.2241	0.0515	36.6750	76.1250	
-0.1143	0.2256	0.0527	36.5750	76.9750	
-0.1148	0.2269	0.0533	37.3750	78.0250	
-0.1156	0.2298	0.0556	38.0000	79.3750	
-0.1165	0.2344	0.0603	38.9750	80.8250	
-0.1180	0.2378	0.0618	39.7750	82.4000	
-0.1197	0.2447	0.0679	42.0750	84.5500	
-0.1224	0.2522	0.0722	45.4250	86.3250	
-0.1256	0.2573	0.0719	47.8500	88.4750	
-0.1285	0.2590	0.0673	48.7250	90.9250	
-0.1307	0.2518	0.0509	46.3500	92.8250	
-0.1320	0.2531	0.0495	47.1500	94.2250	
-0.1325	0.2626	0.0625	52.2750	94.7750	
-0.1333	0.2552	0.0497	49.3500	95.4750	
-0.1332	0.2473	0.0379	45.6500	96.1250	
-0.1339	0.2547	0.0473	49.1750	96.2000	
-0.1316	0.2605	0.0616	53.5500	96.3250	
-0.1342	0.2510	0.0410	48.5250	96.4750	
-0.1330	0.2463	0.0368	45.8750	96.5250	
-0.1340	0.2520	0.0431	48.6000	96.6000	
-0.1327	0.2545	0.0498	51.1750	96.5500	
-0.1346	0.2489	0.0369	47.7750	96.7000	
-0.1339	0.2462	0.0346	45.6750	96.6500	
-0.1345	0.2505	0.0395	48.1000	96.6250	
-0.1336	0.2526	0.0448	49.9250	96.7500	
-0.1347	0.2486	0.0361	46.9750	96.7250	
-0.1344	0.2464	0.0334	45.6000	96.7500	
-0.1352	0.2496	0.0364	47.7250	96.7000	
-0.1351	0.2513	0.0392	48.8000	96.6500	
-0.1358	0.2487	0.0336	46.8750	96.6750	
-0.1361	0.2473	0.0308	46.0250	96.6750	
-0.1367	0.2488	0.0314	46.6750	96.6000	
-0.1372	0.2502	0.0324	47.1750	96.4250	
-0.1379	0.2497	0.0296	46.7250	96.4500	
-0.1386	0.2497	0.0280	46.1250	96.3000	
-0.1391	0.2505	0.0280	46.5750	96.2250	
-0.1393	0.2510	0.0282	46.7750	96.1250	
-0.1397	0.2512	0.0276	46.9750	96.0000	
-0.1402	0.2516	0.0269	47.1250	95.8750	
-0.1407	0.2515	0.0255	47.6000	95.7500	
-0.1410	0.2515	0.0247	47.5000	95.6000	
-0.1413	0.2515	0.0239	47.9250	95.3250	
-0.1416	0.2513	0.0230	48.2000	94.9000	
-0.1418	0.2512	0.0223	48.1000	94.5000	
-0.1420	0.2512	0.0216	48.2500	94.1250	
-0.1423	0.2510	0.0206	48.6250	93.8500	
-0.1427	0.2509	0.0195	48.5500	93.5250	
-0.1430	0.2507	0.0185	48.7500	93.2750	
-0.1432	0.2506	0.0179	48.8000	93.0500	
-0.1435	0.2505	0.0170	48.7750	92.6750	
0.4204	43.6000	0.4048	50.0000	
0.4054	31.2750	0.3817	50.0000	
0.3887	30.6250	0.3597	50.0000	
0.3705	30.7250	0.3391	54.1500	
0.3529	36.6500	0.3199	69.6000	
0.3354	47.7000	0.3028	80.0000	
0.3193	50.2500	0.2877	88.0000	
0.3041	50.0000	0.2753	92.9250	
0.2905	50.0000	0.2656	94.1250	
0.2789	50.0000	0.2579	93.6000	
0.2698	50.0000	0.2516	93.5500	
0.2622	50.0000	0.2463	93.5500	
0.2572	50.0000	0.2409	93.5250	
0.2539	50.0000	0.2355	93.5000	
0.2517	50.0000	0.2297	93.6000	
0.2503	50.0000	0.2235	93.5750	
0.2494	49.9750	0.2171	93.7000	
0.2486	50.1750	0.2107	93.8750	
0.2481	48.5250	0.2043	93.9500	
0.2477	41.8250	0.1982	94.1250	
0.2474	35.6500	0.1921	94.0500	
0.2471	32.3250	0.1865	94.0500	
0.2468	31.5750	0.1811	94.0000	
0.2465	31.4750	0.1761	94.1000	
0.2463	31.2500	0.1715	94.1000	
0.2460	31.4250	0.1675	94.1250	
0.2457	31.3750	0.1638	94.1000	
0.2455	31.4500	0.1608	94.3000	
0.2452	31.4500	0.1582	94.2500	
0.2449	31.5500	0.1561	94.2750	
0.2447	31.5500	0.1545	94.2750	
0.2444	31.4750	0.1531	94.2500	
0.2442	31.4750	0.1521	94.2500	
0.2440	31.4750	0.1512	94.3000	
0.2437	31.5000	0.1505	94.3000	
0.2435	31.9000	0.1498	94.3000	
0.2432	31.7500	0.1491	94.2750	
0.2430	31.7000	0.1485	94.3000	
0.2427	31.5500	0.1480	94.3000	
0.2425	31.7000	0.1476	94.3000	
0.2423	31.4750	0.1473	94.3000	
0.2420	31.5500	0.1470	94.3000	
0.2418	31.5500	0.1466	94.3250	
0.2415	31.6250	0.1463	94.3250	
0.2412	32.1750	0.1459	94.3000	
0.2408	31.9000	0.1455	94.3000	
0.2405	31.8250	0.1451	94.3250	
0.2401	31.8500	0.1447	94.3000	
0.2397	31.6000	0.1443	94.3000	
0.2394	31.9250	0.1439	94.3500	
0.2390	32.0500	0.1435	94.3000	
0.2386	31.7750	0.1431	94.3000	
0.2383	32.2750	0.1426	94.3000	
0.2379	33.0250	0.1422	94.3250	
0.2376	32.6500	0.1417	94.3500	
0.2373	32.1500	0.1412	94.3000	
0.2369	32.5500	0.1407	94.2750	
0.2366	33.1500	0.1402	94.3000	
0.2362	33.5250	0.1396	94.2750	
0.2359	34.1000	0.1389	94.2500	
0.2356	33.3750	0.1382	94.2750	
0.2353	32.3250	0.1375	94.3000	
0.2349	31.4250	0.1368	94.1500	
0.2347	30.8250	0.1361	94.2250	
0.2344	31.7500	0.1354	94.3000	
0.2342	33.2000	0.1347	94.2750	
0.2339	33.6250	0.1340	94.2250	
0.2337	32.8750	0.1334	94.2250	
0.2335	32.8500	0.1327	94.1750	
0.2333	32.9000	0.1320	94.1750	
0.2331	34.3750	0.1315	94.2750	
0.2329	33.1500	0.1310	94.2500	
0.2327	34.4250	0.1303	94.1250	
0.2326	33.6000	0.1298	94.1250	
0.2324	34.7000	0.1292	94.1000	
0.2323	36.0250	0.1288	94.1500	
0.2321	32.9000	0.1283	94.1500	
0.2320	34.4250	0.1280	94.1750	
0.2318	34.6250	0.1273	94.1250	
0.2316	33.9500	0.1267	94.1500	
0.2315	32.9750	0.1263	94.0750	
0.2313	34.1750	0.1258	94.1000	
0.2312	36.3250	0.1253	94.1250	
0.2311	34.1500	0.1248	94.0250	
0.2309	33.0250	0.1245	94.1250	
0.2308	35.9000	0.1238	94.1250	
0.2306	35.5750	0.1233	93.9250	
0.2305	32.7500	0.1228	94.0750	
0.2304	33.1000	0.1221	94.0500	
0.2302	34.0500	0.1216	94.0250	
0.2301	36.2000	0.1210	94.0500	
0.2299	34.3500	0.1205	94.0000	
0.2298	30.7250	0.1199	94.0000	
0.2296	30.8250	0.1193	94.1000	
0.2295	35.7500	0.1187	93.9250	
0.2293	33.4250	0.1181	93.9250	
0.2292	29.5250	0.1174	94.0000	
0.2291	34.6750	0.1167	93.9250	
0.2289	33.3250	0.1160	94.0250	
0.2287	27.9000	0.1153	93.9000	
0.2285	30.0250	0.1145	93.9500	
0.2284	32.2750	0.1136	93.8000	
0.2282	29.6750	0.1127	93.8750	
0.2280	27.3000	0.1118	93.8500	
0.2278	27.9250	0.1108	93.7250	
0.2276	28.6500	0.1098	93.7500	
0.2274	29.4000	0.1088	93.6500	
0.2272	27.8250	0.1078	93.7250	
0.2269	25.8250	0.1066	93.5250	
0.2268	26.8000	0.1055	93.4250	
0.2265	26.6750	0.1043	93.4250	
0.2264	29.6750	0.1031	93.3750	
0.2262	25.1750	0.1019	93.3500	
0.2260	25.8500	0.1006	93.1500	
0.2258	26.7500	0.0993	93.1500	
0.2256	25.8250	0.0980	93.0750	
0.2254	26.2000	0.0967	92.9750	
0.2252	26.1500	0.0953	93.0000	
0.2250	25.3000	0.0938	92.6250	
0.2248	26.2750	0.0924	92.8750	
0.2245	25.7250	0.0909	92.6000	
0.2243	25.4750	0.0895	92.6000	
0.2241	26.5500	0.0879	92.4750	
0.2239	25.9750	0.0864	92.2250	
0.2236	26.4500	0.0849	92.3250	
0.2234	25.7500	0.0833	92.1250	
0.2231	25.8250	0.0816	91.9250	
0.2228	25.2750	0.0804	91.8000	
0.2225	25.4000	0.0783	91.8250	
0.2222	25.1500	0.0767	91.5500	
0.2220	25.7500	0.0752	91.4750	
0.2217	24.7000	0.0736	91.3250	
0.2213	25.0750	0.0719	91.1750	
0.2210	25.1500	0.0704	91.0000	
0.2207	25.1750	0.0687	90.8250	
0.2203	24.9750	0.0671	90.5750	
0.2200	24.9500	0.0654	90.4000	
0.2196	24.7000	0.0640	90.1250	
0.2193	25.2750	0.0624	90.0250	
0.2189	24.9250	0.0608	89.9250	
0.2186	25.4000	0.0593	89.7500	
0.2181	25.1000	0.0579	89.5250	
0.2177	25.0750	0.0564	89.2500	
0.2172	24.9250	0.0552	89.2500	
0.2168	25.2750	0.0536	89.1250	
0.2163	24.8750	0.0520	88.8250	
0.2159	25.0750	0.0507	88.6500	
0.2153	25.0500	0.0493	88.5250	
0.2148	24.9750	0.0479	88.3000	
0.2143	24.9250	0.0467	88.1000	
0.2137	24.7500	0.0453	87.9500	
0.2132	24.7250	0.0441	87.6000	
0.2126	24.9500	0.0430	87.2750	
0.2120	24.9250	0.0416	87.0250	
0.2113	24.9750	0.0403	86.8250	
0.2107	24.9000	0.0391	86.5500	
0.2101	24.7000	0.0379	86.5750	
0.2097	24.5750	0.0368	86.4750	
0.2088	24.9000	0.0353	86.5500	
0.2082	24.9500	0.0338	86.5000	
0.2072	24.4250	0.0321	85.8250	
0.2066	24.9500	0.0303	85.4250	
0.2058	24.9750	0.0282	85.1500	
0.2049	24.7500	0.0263	84.5750	
0.2043	25.0250	0.0249	84.0500	
0.2034	24.8750	0.0238	84.0500	
0.2027	25.0000	0.0232	83.6000	
0.2017	24.7500	0.0222	83.2750	
0.2011	24.6000	0.0212	83.1250	
0.2002	24.4250	0.0204	82.6500	
0.1991	24.8500	0.0197	82.4750	
0.1984	24.9250	0.0191	82.1250	
0.1973	24.4250	0.0186	82.0250	
0.1966	24.4250	0.0178	81.7500	
0.1955	24.3500	0.0172	81.7250	
0.1946	24.4750	0.0166	81.4250	
0.1937	24.8000	0.0161	81.2500	
0.1926	24.9500	0.0158	81.2000	
0.1916	24.5500	0.0152	80.9250	
0.1907	24.8500	0.0148	80.8750	
0.1897	24.5250	0.0142	80.8750	
0.1888	24.5250	0.0137	80.5750	
0.1876	24.5500	0.0132	80.4000	
0.1865	24.6000	0.0128	80.3250	
0.1856	24.9000	0.0126	80.1500	
0.1846	24.4500	0.0122	80.0250	
0.1834	24.7500	0.0118	80.0500	
0.1825	24.4750	0.0114	80.0000	
0.1814	24.6000	0.0110	79.9250	
0.1805	24.6000	0.0107	79.7250	
0.1802	24.4250	0.0105	79.5750	
0.1786	24.5750	0.0102	79.6000	
0.1776	24.1500	0.0100	79.4750	
0.1766	24.8250	0.0096	79.4000	
0.1753	24.7000	0.0094	79.3500	
0.1745	24.9750	0.0091	79.3250	
0.1734	24.4500	0.0089	79.1500	
0.1728	25.0000	0.0088	79.0250	
0.1715	24.9000	0.0085	79.0250	
0.1706	24.7500	0.0082	79.1750	
0.1698	24.7750	0.0080	79.1250	
0.1689	24.8250	0.0078	79.0500	
0.1679	24.8250	0.0075	78.9000	
0.1669	24.8000	0.0074	78.9500	
0.1661	24.7250	0.0072	79.0500	
0.1653	24.5000	0.0070	78.8000	
0.1643	24.7500	0.0068	79.0250	
0.1637	24.5250	0.0066	78.8250	
0.1628	24.6750	0.0065	78.8250	
0.1618	24.2500	0.0062	78.8500	
0.1612	24.5500	0.0060	78.7250	
0.1603	24.4000	0.0059	78.8750	
0.1596	24.9000	0.0057	78.7750	
0.1587	24.7750	0.0055	78.8250	
0.1580	24.7250	0.0054	78.8250	
0.1576	24.6750	0.0052	78.8250	
0.1571	24.7250	0.0051	78.8000	
0.1563	24.6250	0.0050	78.7000	
0.1558	24.8250	0.0050	78.9500	
0.1550	24.5250	0.0048	78.8000	
0.1543	24.5750	0.0046	78.6000	
0.1537	24.8500	0.0045	78.7000	
0.1532	24.9250	0.0044	78.7000	
0.1524	24.8500	0.0042	78.5250	
0.1519	24.7500	0.0041	78.6250	
0.1514	24.2750	0.0040	78.6500	
0.1512	24.7250	0.0040	78.5750	
0.1504	25.1500	0.0039	78.5250	
0.1499	24.4000	0.0038	78.4750	
0.1492	25.0000	0.0037	78.4000	
0.1486	24.8750	0.0037	78.4000	
0.1481	24.9750	0.0036	78.4000	
0.1477	24.8000	0.0035	78.3500	
0.1472	24.9250	0.0035	78.4000	
0.1466	24.7500	0.0035	78.3500	
0.1463	24.6750	0.0034	78.2000	
0.1460	24.8500	0.0034	78.2500	
0.1455	24.7500	0.0034	78.1250	
0.1452	25.0000	0.0034	78.1000	
0.1450	25.1750	0.0033	78.1250	
0.1443	24.8750	0.0032	78.0000	
0.1443	24.9000	0.0032	78.0750	
0.1439	24.9750	0.0032	77.9250	
0.1436	25.1500	0.0032	77.9250	
0.1432	25.1500	0.0031	78.0000	
0.1430	25.1000	0.0031	77.9000	
0.1432	25.3000	0.0031	77.9250	
0.1425	25.2250	0.0030	77.7500	
0.1425	25.3250	0.0030	77.7750	
0.1420	25.2250	0.0030	77.7250	
0.1421	25.2250	0.0029	77.6750	
0.1415	25.2250	0.0029	77.6500	
0.1414	25.2500	0.0028	77.7000	
0.1412	25.3000	0.0028	77.6000	
0.1414	25.3750	0.0028	77.5750	
0.1409	25.2500	0.0027	77.7000	
0.1409	25.4250	0.0027	77.6000	
0.1405	25.5500	0.0027	77.6250	
0.1404	25.5000	0.0026	77.6500	
0.1402	25.4750	0.0026	77.6750	
0.1401	25.6000	0.0026	77.7000	
0.1401	25.5500	0.0025	77.7000	
0.1399	25.5250	0.0025	77.7250	
0.1399	25.5250	0.0025	77.7250	
0.1396	25.5750	0.0025	77.7000	
0.1395	25.5750	0.0025	77.6250	
0.1394	25.6250	0.0025	77.7250	
0.1393	25.6250	0.0025	77.6000	
0.1393	25.6500	0.0025	77.5750	
0.1393	25.6000	0.0025	77.5500	
0.1391	25.7000	0.0024	77.5500	
0.1393	25.8500	0.0024	77.5750	
0.1394	25.7500	0.0024	77.5250	
0.1391	25.8500	0.0024	77.5750	
0.1388	26.0250	0.0024	77.6750	
0.1390	26.0500	0.0024	77.5250	
0.1387	26.0750	0.0024	77.5000	
0.1389	25.8250	0.0024	77.5750	
0.1386	26.0250	0.0024	77.4750	
0.1385	26.1000	0.0024	77.3250	
0.1385	26.1500	0.0024	77.3250	
0.1385	26.2750	0.0024	77.3250	
0.1385	26.4000	0.0024	77.4250	
0.1384	26.4750	0.0024	77.4750	
0.1383	26.6000	0.0024	77.3250	
0.1383	26.7250	0.0024	77.3750	
0.1385	26.8250	0.0024	77.3000	
0.1381	26.8250	0.0024	77.3000	
0.1381	26.8750	0.0024	77.3250	
0.1382	27.0000	0.0024	77.3250	
0.1381	27.1750	0.0024	77.2000	
0.1381	27.1250	0.0024	77.1750	
0.1381	27.1750	0.0024	77.3000	
0.1380	27.4750	0.0024	77.1000	
0.1379	27.5000	0.0023	77.2250	
0.1379	27.6500	0.0023	77.3000	
0.1378	27.7250	0.0023	77.2250	
0.1378	27.8500	0.0023	77.2750	
0.1379	28.1250	0.0023	77.3250	
0.1378	28.4250	0.0023	77.2000	
0.1377	28.8500	0.0023	77.1750	
0.1377	29.4250	0.0023	77.2250	
0.1376	31.2750	0.0023	77.2250	
0.1375	31.3750	0.0023	77.1000	
0.1375	31.9750	0.0023	77.2000	
0.1375	30.2500	0.0023	77.2250	
0.1376	31.3500	0.0023	77.1250	
0.1375	29.2500	0.0023	77.1500	
0.1373	30.3500	0.0023	77.1250	
0.1374	28.9750	0.0023	77.0250	
0.1373	29.5250	0.0023	77.2250	
0.1371	29.3500	0.0023	77.0000	
0.1372	29.8500	0.0023	77.0750	
0.1371	29.4250	0.0023	77.1250	
0.1371	30.0750	0.0023	77.1500	
0.1374	29.6000	0.0023	77.1250	
0.1373	29.5000	0.0023	77.0500	
0.1371	29.6000	0.0023	77.0500	
0.1370	29.9750	0.0023	77.1500	
0.1371	30.1000	0.0023	77.1000	
0.1371	30.4000	0.0023	77.0250	
0.1370	30.9250	0.0023	77.0500	
0.1369	30.4000	0.0023	77.0250	
0.1369	30.7250	0.0023	77.0750	
0.1370	30.3500	0.0023	77.0750	
0.1373	30.8500	0.0023	77.0750	
0.1369	30.7500	0.0023	77.0500	
0.1368	30.9250	0.0023	77.0000	
0.1369	31.5250	0.0023	77.0250	
0.1368	30.7000	0.0023	77.0250	
0.1369	31.8250	0.0023	76.9500	
0.1369	30.7500	0.0023	77.0500	
0.1368	32.1750	0.0023	76.9000	
0.1369	31.0500	0.0023	77.0750	
0.1368	32.4000	0.0023	77.0250	
0.1367	31.3250	0.0023	77.0000	
0.1368	32.3250	0.0023	77.0250	
0.1368	32.3000	0.0023	76.9750	
0.1367	32.0000	0.0023	76.9000	
0.1369	31.6750	0.0023	77.0500	
0.1367	32.8250	0.0023	76.9750	
0.1367	32.4750	0.0023	77.0500	
0.1369	32.4000	0.0023	76.9500	
0.1368	32.8500	0.0023	76.9500	
0.1371	33.6750	0.0023	76.9500	
0.1367	32.2500	0.0023	76.9500	
0.1366	34.0000	0.0023	76.9750	
0.1367	33.1500	0.0023	76.9000	
0.1366	33.0000	0.0023	76.9250	
0.1366	33.9000	0.0023	76.9250	
0.1367	34.2500	0.0023	76.9750	
0.1366	34.1750	0.0023	76.8750	
0.1365	33.5750	0.0023	76.9750	
0.1366	34.2250	0.0023	76.9500	
0.1365	34.2750	0.0023	77.0500	
0.1365	34.1500	0.0023	76.9250	
0.1365	35.2500	0.0023	76.9000	
0.1365	34.5750	0.0023	76.9500	
0.1365	34.4500	0.0023	76.9250	
0.1366	35.0500	0.0023	76.9250	
0.1365	35.3250	0.0023	76.8500	
0.1364	34.9000	0.0023	76.9000	
0.1366	35.9250	0.0023	76.9000	
0.1365	34.9750	0.0023	76.9500	
0.1365	35.8000	0.0023	76.8750	
0.1366	35.5750	0.0023	76.9000	
0.1365	35.0500	0.0023	76.8250	
0.1365	36.4750	0.0023	76.9000	
0.1365	35.4500	0.0023	76.8250	
0.1366	35.5750	0.0023	76.8750	
0.1366	37.2500	0.0023	76.8750	
0.1365	35.3250	0.0023	76.8750	
0.1366	36.6750	0.0023	76.9500	
0.1364	36.7250	0.0023	76.8250	
0.1363	36.2500	0.0023	76.7750	
0.1363	36.1000	0.0023	76.8750	
0.1365	37.9000	0.0023	76.8500	
0.1369	35.8750	0.0023	76.7750	
0.1365	37.1750	0.0023	76.8750	
0.1364	38.1250	0.0023	76.8250	
0.1365	36.4750	0.0023	76.8750	
0.1363	38.1500	0.0023	76.8000	
0.1363	36.9750	0.0023	76.8250	
0.1363	38.0250	0.0022	76.8500	
0.1363	38.2000	0.0023	76.7750	
0.1363	37.3500	0.0023	76.7750	
0.1364	38.8500	0.0023	76.8000	
0.1365	37.4500	0.0023	76.8750	
0.1363	38.6750	0.0023	76.8500	
0.1362	37.5500	0.0023	76.8500	
0.1367	38.5750	0.0022	76.8000	
0.1365	38.4250	0.0023	76.8750	
0.1364	38.8500	0.0023	76.7750	
0.1363	38.5000	0.0023	76.8250	
0.1363	39.5250	0.0023	76.7750	
0.1363	38.1500	0.0022	76.7750	
0.1362	39.1500	0.0022	76.8000	
0.1362	38.8500	0.0022	76.8000	
0.1362	39.6000	0.0022	76.8500	
0.1363	38.4250	0.0022	76.7750	
0.1363	39.8500	0.0022	76.8000	
0.1362	39.5750	0.0022	76.8250	
0.1363	40.1750	0.0022	76.8000	
0.1362	38.9750	0.0022	76.7750	
0.1362	40.5750	0.0022	76.7500	
0.1363	39.4250	0.0023	76.7500	
0.1362	39.7500	0.0022	76.8000	
0.1361	39.6250	0.0022	76.8500	
0.1362	39.7750	0.0022	76.7750	
0.1362	40.4250	0.0022	76.7250	
0.1362	38.9000	0.0022	76.8000	
0.1363	41.1000	0.0022	76.7250	
0.1362	39.9500	0.0023	76.8250	
0.1362	39.9750	0.0022	76.7250	
0.1362	40.0500	0.0022	76.6750	
0.1361	40.9250	0.0022	76.6750	
0.1361	40.5250	0.0022	76.8000	
0.1362	40.3000	0.0022	76.7750	
0.1361	41.4250	0.0023	76.6750	
0.1362	40.0000	0.0022	76.7750	
0.1361	40.9500	0.0022	76.7750	
0.1361	40.4500	0.0022	76.7250	
0.1361	40.7000	0.0022	76.8000	
0.1363	40.7500	0.0022	76.7500	
0.1362	41.9250	0.0022	76.7500	
0.1365	39.5500	0.0022	76.7750	
0.1364	43.0750	0.0022	76.7250	
0.1363	39.3000	0.0022	76.8250	
0.1363	41.4500	0.0022	76.7250	
0.1362	41.2750	0.0022	76.6750	
0.1361	40.5000	0.0022	76.7250	
0.1361	42.0000	0.0022	76.6250	
0.1362	40.3000	0.0022	76.7750	
0.1363	42.2750	0.0022	76.6750	
0.1361	41.6500	0.0022	76.6750	
0.1362	41.2500	0.0022	76.7000	
0.1361	42.4500	0.0022	76.7750	
0.1361	40.6750	0.0022	76.7500	
0.1360	42.0500	0.0022	76.7750	
0.1361	42.1500	0.0022	76.7000	
0.1361	40.7750	0.0022	76.7000	
0.1361	41.6000	0.0022	76.6750	
0.1361	42.8500	0.0022	76.7000	
0.1360	41.1750	0.0022	76.7000	
0.1360	41.7750	0.0022	76.7250	
0.1361	42.0000	0.0022	76.7750	
0.1360	42.2750	0.0022	76.7250	
0.1362	42.0750	0.0022	76.7000	
0.1360	42.4500	0.0022	76.7250	
0.1361	42.8250	0.0022	76.7500	
0.1361	42.1750	0.0022	76.7000	
0.1364	41.1000	0.0022	76.6750	
0.1363	44.7250	0.0022	76.7500	
0.1363	39.8500	0.0022	76.7250	
0.1363	44.0500	0.0022	76.6250	
0.1361	40.9250	0.0022	76.7500	
0.1363	43.6250	0.0022	76.6500	
0.1361	41.2500	0.0022	76.6250	
0.1361	43.0000	0.0022	76.6750	
0.1360	42.3250	0.0022	76.6500	
0.1362	42.3750	0.0022	76.7000	
0.1360	42.8500	0.0022	76.7250	
0.1360	42.9500	0.0022	76.7250	
0.1359	42.3500	0.0022	76.7500	
0.1360	42.8000	0.0022	76.6750	
0.1359	43.6750	0.0022	76.6750	
0.1360	42.7500	0.0022	76.6500	
0.1360	43.1500	0.0022	76.6500	
0.1360	43.1750	0.0022	76.7000	
0.1359	43.3000	0.0022	76.6500	
0.1360	42.3250	0.0022	76.7000	
0.1361	44.2500	0.0022	76.6500	
0.1361	41.7750	0.0022	76.6250	
0.1359	43.9000	0.0022	76.6750	
0.1360	42.2500	0.0022	76.6750	
0.1359	43.6750	0.0022	76.7250	
0.1360	42.9750	0.0022	76.5750	
0.1362	42.0250	0.0022	76.6250	
0.1360	43.8250	0.0022	76.6250	
0.1359	43.1750	0.0022	76.6750	
0.1359	43.2500	0.0022	76.6750	
0.1359	43.5250	0.0022	76.7000	
0.1361	41.9000	0.0022	76.6250	
0.1359	43.8000	0.0022	76.6750	
0.1359	43.1750	0.0022	76.5750	
0.1359	43.4000	0.0022	76.6000	
0.1359	42.6500	0.0022	76.6750	
0.1358	43.3500	0.0022	76.6750	
0.1359	43.5250	0.0022	76.6750	
0.1359	43.4500	0.0022	76.7000	
0.1358	43.5250	0.0022	76.6250	
0.1359	43.7750	0.0022	76.6750	
0.1358	43.3500	0.0022	76.6500	
0.1359	43.3250	0.0022	76.6500	
0.1359	44.1500	0.0022	76.6500	
0.1359	42.9500	0.0022	76.6500	
0.1360	44.0750	0.0022	76.6250	
0.1359	44.0250	0.0022	76.6500	
0.1359	43.1750	0.0022	76.6000	
0.1360	45.4000	0.0022	76.7250	
0.1360	42.8000	0.0022	76.6500	
0.1361	45.3250	0.0022	76.5500	
0.1361	42.1000	0.0022	76.6500	
0.1359	45.0000	0.0022	76.6000	
0.1359	44.5000	0.0022	76.6750	
0.1360	42.8500	0.0022	76.6500	
0.1361	47.4750	0.0022	76.6000	
0.1363	41.8750	0.0022	76.6500	
0.1359	45.2500	0.0022	76.7000	
0.1358	44.0250	0.0022	76.6750	
0.1358	43.6500	0.0022	76.6250	
0.1358	44.3000	0.0022	76.5750	
0.1359	44.2500	0.0022	76.5750	
0.1359	45.3250	0.0022	76.6500	
0.1358	45.2750	0.0022	76.6750	
0.1359	48.6500	0.0022	76.5750	
0.1360	44.1750	0.0022	76.6250	
0.1364	50.2500	0.0022	76.6750	
0.1363	41.4500	0.0022	76.6000	
0.1358	45.4750	0.0022	76.7000	
0.1358	44.0500	0.0022	76.6750	
0.1359	45.2500	0.0022	76.6000	
0.1359	43.6750	0.0022	76.5000	
0.1359	46.4000	0.0022	76.6500	
0.1360	42.7250	0.0022	76.5500	
0.1362	49.9750	0.0022	76.5500	
0.1359	42.4750	0.0022	76.6000	
0.1358	45.1000	0.0022	76.6000	
0.1357	44.6250	0.0022	76.6750	
0.1359	47.9250	0.0022	76.6250	
0.1358	47.1000	0.0022	76.5750	
0.1359	47.1000	0.0022	76.5750	
0.1358	48.7500	0.0022	76.6500	
0.1357	48.2750	0.0022	76.5750	
0.1358	46.8500	0.0022	76.5750	
0.1359	45.7500	0.0022	76.5500	
0.1357	46.9500	0.0022	76.6000	
0.1358	46.3750	0.0022	76.6000	
0.1358	48.0500	0.0022	76.5500	
0.1359	44.7000	0.0022	76.5250	
0.1360	49.4250	0.0022	76.6250	
0.1359	46.5250	0.0022	76.5750	
0.1358	48.4500	0.0022	76.6250	
0.1357	47.7750	0.0022	76.5250	
0.1357	47.0750	0.0022	76.5750	
0.1357	48.3750	0.0022	76.5500	
0.1357	47.6750	0.0022	76.5500	
0.1358	47.3750	0.0022	76.6750	
0.1357	48.2500	0.0022	76.5500	
0.1357	47.6750	0.0022	76.6000	
0.1358	47.5500	0.0022	76.6250	
0.1357	47.1750	0.0022	76.5000	
0.1358	48.6750	0.0022	76.4500	
0.1357	48.2000	0.0022	76.5000	
0.1357	47.2750	0.0022	76.6000	
0.1357	44.9000	0.0022	76.3500	
0.1358	48.8000	0.0022	76.5000	
0.1359	45.7250	0.0022	76.4750	
0.1360	50.2500	0.0022	76.4500	
0.1359	47.0750	0.0022	76.5000	
0.1358	48.0000	0.0022	76.5250	
0.1357	48.2250	0.0022	76.4250	
0.1357	47.5250	0.0022	76.4500	
0.1357	47.9500	0.0022	76.4250	
0.1357	49.2000	0.0022	76.4250	
0.1356	47.8500	0.0022	76.4000	
0.1357	48.6000	0.0022	76.4000	
0.1357	47.6500	0.0022	76.4500	
0.1358	47.2750	0.0022	76.5250	
0.1357	46.0000	0.0022	76.4000	
0.1358	49.1250	0.0022	76.3250	
0.1359	48.3500	0.0022	76.4500	
0.1357	47.3500	0.0022	76.4250	
0.1357	48.5000	0.0022	76.3000	
0.1357	47.8000	0.0022	76.3250	
0.1358	49.5000	0.0022	76.2750	
0.1357	47.7750	0.0022	76.3500	
0.1357	48.3000	0.0022	76.3500	
0.1357	47.9000	0.0022	76.2750	
0.1356	48.0500	0.0022	76.3250	
0.1356	48.8250	0.0022	76.2750	
0.1356	48.1250	0.0022	76.2500	
0.1356	49.0750	0.0022	76.3750	
0.1357	48.1500	0.0022	76.2250	
0.1356	48.5750	0.0022	76.4000	
0.1357	47.6750	0.0022	76.2500	
0.1357	50.2500	0.0022	76.2250	
0.1357	47.5250	0.0022	76.2250	
0.1358	50.2000	0.0022	76.3000	
0.1357	47.6000	0.0022	76.3500	
0.1357	48.5250	0.0022	76.2750	
0.1356	48.3000	0.0022	76.2250	
0.1357	48.5500	0.0022	76.2500	
0.1356	49.7750	0.0022	76.2500	
0.1358	48.2750	0.0022	76.2250	
0.1357	50.0500	0.0022	76.3000	
0.1356	48.7250	0.0022	76.1750	
0.1356	49.9500	0.0022	76.2500	
0.1357	47.3500	0.0022	76.2250	
0.1356	48.9000	0.0022	76.2750	
0.1356	49.3500	0.0022	76.1500	
0.1357	47.9750	0.0022	76.1500	
0.1356	48.8250	0.0021	76.1750	
0.1356	49.8500	0.0021	76.1500	
0.1356	47.8250	0.0021	76.1750	
0.1357	50.6500	0.0021	76.1000	
0.1357	48.2250	0.0021	76.2250	
0.1357	50.2000	0.0021	76.0750	
0.1356	48.6000	0.0021	76.0250	
0.1356	48.1000	0.0021	76.1000	
0.1356	49.7750	0.0021	76.0250	
0.1356	47.9500	0.0021	75.9750	
0.1356	49.7750	0.0021	75.9500	
0.1356	48.8500	0.0021	76.1250	
0.1356	49.5750	0.0021	75.9750	
0.1356	48.7250	0.0020	75.9500	
0.1356	49.4250	0.0020	75.9750	
0.1356	49.6750	0.0020	76.0000	
0.1358	47.2000	0.0020	76.0000	
0.1358	48.9500	0.0020	75.8750	
0.1356	49.1750	0.0020	75.8750	
0.1356	49.2000	0.0020	75.9000	
0.1356	49.4000	0.0020	75.9000	
0.1355	49.8000	0.0020	75.8500	
0.1356	47.9500	0.0020	75.8000	
0.1356	50.0000	0.0020	75.8000	
0.1355	49.4500	0.0020	75.8000	
0.1356	48.9500	0.0020	75.9250	
0.1356	48.5250	0.0020	75.7250	
0.1355	49.6750	0.0020	75.8000	
0.1355	49.6750	0.0020	75.8000	
0.1357	47.9250	0.0020	75.8500	
0.1356	50.3500	0.0020	75.9000	
0.1355	48.3250	0.0020	75.8000	
0.1356	50.3500	0.0020	75.7500	
0.1361	45.8750	0.0020	75.8250	
0.1360	51.6750	0.0020	75.8250	
0.1357	47.3000	0.0020	75.7250	
0.1355	49.7750	0.0020	75.8250	
0.1355	49.5000	0.0020	75.8000	
0.1356	48.1000	0.0019	75.8750	
0.1356	50.2500	0.0020	75.8250	
0.1355	48.5750	0.0019	75.6750	
0.1355	49.6250	0.0019	75.8500	
0.1356	48.9000	0.0019	75.8250	
0.1354	49.3750	0.0019	75.7750	
0.1355	49.9250	0.0019	75.7000	
0.1355	49.3000	0.0019	75.7750	
0.1356	48.3000	0.0019	75.7500	
0.1358	51.5000	0.0019	75.8000	
0.1356	47.8000	0.0019	75.8250	
0.1356	50.1250	0.0019	75.7000	
0.1356	48.5500	0.0019	75.8250	
0.1355	49.3250	0.0019	75.7500	
0.1355	49.1250	0.0019	75.8500	
0.1356	49.3750	0.0019	75.7250	
0.1354	50.1750	0.0019	75.7000	
0.1356	48.1500	0.0019	75.7750	
0.1356	50.1000	0.0019	75.7000	
0.1355	49.2250	0.0019	75.7250	
0.1358	47.6000	0.0019	75.7000	
0.1357	52.2750	0.0019	75.7500	
0.1357	47.9750	0.0019	75.7250	
0.1355	49.0500	0.0019	75.6250	
0.1356	49.6500	0.0019	75.7250	
0.1355	49.6500	0.0019	75.6750	
0.1354	49.5250	0.0019	75.7000	
0.1357	50.5250	0.0019	75.7250	
0.1355	49.0000	0.0019	75.6750	
0.1355	48.2750	0.0019	75.7000	
0.1355	49.3500	0.0019	75.7750	
0.1354	49.1000	0.0019	75.7250	
0.1356	50.2000	0.0019	75.9000	
0.1355	48.6500	0.0019	75.7250	
0.1354	49.6500	0.0019	75.8000	
0.1355	50.2250	0.0019	75.8750	
0.1354	48.9000	0.0019	75.7500	
0.1354	49.8250	0.0019	75.8500	
0.1355	49.0250	0.0019	75.8000	
0.1355	50.7250	0.0019	75.6750	
0.1356	48.1500	0.0019	75.7250	
0.1355	51.0000	0.0019	75.6000	
0.1355	48.2000	0.0019	75.8000	
0.1355	49.9500	0.0019	75.7250	
0.1354	49.2500	0.0019	75.8000	
0.1355	49.2500	0.0019	75.7500	
0.1355	49.0250	0.0019	75.7500	
0.1356	50.1750	0.0019	75.7000	
0.1354	49.0750	0.0019	75.6750	
0.1355	48.8500	0.0019	75.7000	
0.1356	51.3750	0.0019	75.7250	
0.1354	48.4500	0.0019	75.7500	
0.1355	49.4750	0.0019	75.7000	
0.1355	49.5500	0.0019	75.7000	
0.1355	50.4000	0.0019	75.7750	
0.1355	48.4000	0.0019	75.7250	
0.1355	50.6000	0.0019	75.7500	
0.1355	48.0250	0.0019	75.7000	
0.1357	50.0250	0.0019	75.7250	
0.1353	49.0250	0.0019	75.7750	
0.1355	48.6250	0.0019	75.8000	
0.1354	50.1250	0.0019	75.6750	
0.1356	48.0250	0.0019	75.6250	
0.1358	51.8000	0.0019	75.6250	
0.1356	47.3000	0.0019	75.7250	
0.1356	50.7250	0.0019	75.6000	
0.1354	48.7000	0.0019	75.6500	
0.1355	49.5750	0.0019	75.6000	
0.1354	48.8750	0.0019	75.6250	
0.1354	49.5000	0.0019	75.7250	
0.1354	48.6750	0.0019	75.6250	
0.1354	49.7000	0.0019	75.6750	
0.1354	50.7250	0.0019	75.7250	
0.1354	50.2750	0.0019	75.6750	
0.1355	48.2500	0.0019	75.8750	
0.1354	50.6250	0.0019	75.7500	
0.1354	49.6750	0.0019	75.6500	
0.1354	50.0250	0.0019	75.7000	
0.1354	49.5000	0.0019	75.7500	
0.1354	49.5500	0.0019	75.7000	
0.1354	49.9000	0.0019	75.8250	
0.1356	47.9250	0.0019	75.6250	
0.1355	51.5500	0.0019	75.5750	
0.1355	48.9250	0.0019	75.7000	
0.1353	50.0750	0.0019	75.6000	
0.1354	50.8000	0.0019	75.7000	
0.1355	47.9000	0.0019	75.7250	
0.1357	52.1250	0.0019	75.6250	
0.1356	46.9250	0.0019	75.7750	
0.1355	51.2250	0.0019	75.6750	
0.1355	48.1000	0.0019	75.7000	
0.1353	48.4500	0.0019	75.6250	
0.1354	49.7000	0.0019	75.7000	
0.1354	49.7000	0.0019	75.7000	
0.1353	49.5750	0.0019	75.7500	
0.1353	48.9500	0.0019	75.6250	
0.1355	51.3000	0.0019	75.7500	
0.1356	47.9000	0.0019	75.7000	
0.1354	50.2250	0.0019	75.7250	
0.1353	50.6000	0.0019	75.6250	
0.1354	48.2500	0.0019	75.6000	
0.1354	50.5750	0.0019	75.6000	
0.1353	48.7750	0.0019	75.6750	
0.1354	50.3250	0.0019	75.5750	
0.1354	48.5000	0.0019	75.7000	
0.1353	49.9750	0.0019	75.7000	
0.1354	49.4500	0.0019	75.7000	
0.1353	49.2750	0.0019	75.7000	
0.1354	51.0000	0.0019	75.7250	
0.1353	49.5750	0.0019	75.7250	
0.1353	49.5750	0.0019	75.6500	
0.1353	49.7250	0.0019	75.6500	
0.1354	50.8250	0.0019	75.6250	
0.1354	48.3250	0.0019	75.7250	
0.1354	51.6500	0.0019	75.6500	
0.1354	48.9000	0.0019	75.7750	
0.1353	50.2500	0.0019	75.7000	
0.1353	49.4250	0.0019	75.8000	
0.1353	49.7250	0.0019	75.5500	
0.1353	50.2000	0.0019	75.7000	
0.1354	48.1750	0.0019	75.7000	
0.1353	50.7000	0.0019	75.6250	
0.1354	49.8500	0.0019	75.6250	
0.1353	48.6000	0.0019	75.7750	
0.1353	50.7250	0.0019	75.7250	
0.1354	49.7750	0.0019	75.7000	
0.1353	49.3750	0.0019	75.7500	
0.1354	49.0000	0.0019	75.6500	
0.1353	51.1500	0.0019	75.6250	
0.1353	48.5750	0.0019	75.7500	
0.1353	49.5250	0.0019	75.7750	
0.1353	49.2750	0.0019	75.6250	
0.1354	50.9250	0.0019	75.7000	
0.1355	48.2250	0.0019	75.7000	
0.1354	51.3500	0.0019	75.6500	
0.1352	50.0750	0.0019	75.5750	
0.1353	49.1000	0.0019	75.6500	
0.1353	49.6750	0.0019	75.6750	
0.1353	49.8000	0.0019	75.6250	
0.1353	49.4500	0.0019	75.6500	
0.1352	49.8750	0.0019	75.7000	
0.1354	51.3500	0.0019	75.6500	
0.1353	48.7500	0.0019	75.7000	
0.1353	49.6750	0.0019	75.7250	
0.1354	48.2500	0.0019	75.6250	
0.1355	50.7750	0.0019	75.6250	
0.1353	48.8000	0.0019	75.6750	
0.1353	50.5000	0.0019	75.6250	
0.1352	50.2750	0.0019	75.7250	
0.1354	48.1500	0.0019	75.6500	
0.1353	49.8500	0.0019	75.7750	
0.1353	51.1750	0.0019	75.6500	
0.1353	48.3500	0.0019	75.6000	
0.1352	50.4500	0.0019	75.7000	
0.1353	49.3750	0.0019	75.7000	
0.1352	49.8750	0.0019	75.6500	
0.1353	51.4000	0.0019	75.6500	
0.1356	47.3250	0.0019	75.7000	
0.1354	51.6250	0.0019	75.6750	
0.1353	48.6500	0.0019	75.7000	
0.1352	49.7500	0.0019	75.6750	
0.1352	50.2000	0.0019	75.6500	
0.1353	48.4250	0.0019	75.6750	
0.1353	50.1000	0.0019	75.6250	
0.1352	50.2500	0.0019	75.6750	
0.1352	49.8250	0.0019	75.6750	
0.1353	50.6250	0.0019	75.7000	
0.1353	50.4500	0.0019	75.6000	
0.1353	49.5250	0.0019	75.7000	
0.1353	50.4750	0.0019	75.6750	
0.1353	49.6250	0.0019	75.7250	
0.1353	50.2500	0.0019	75.6500	
0.1353	49.1250	0.0019	75.6250	
0.1354	51.2750	0.0019	75.6000	
0.1354	48.7750	0.0019	75.6000	
0.1352	49.6500	0.0019	75.7000	
0.1353	49.9250	0.0019	75.6750	
0.1352	48.9250	0.0019	75.6750	
0.1353	52.1500	0.0019	75.6250	
0.1353	48.1250	0.0019	75.6500	
0.1352	50.3000	0.0019	75.6500	
0.1353	49.8500	0.0019	75.7250	
0.1352	48.7500	0.0019	75.6000	
0.1353	50.7000	0.0019	75.7000	
0.1352	48.6750	0.0019	75.6500	
0.1354	51.3000	0.0019	75.6500	
0.1352	50.2500	0.0019	75.6000	
0.1352	50.6250	0.0019	75.6250	
0.1352	49.8000	0.0019	75.6250	
0.1353	49.6500	0.0019	75.6000	
0.1353	50.9750	0.0019	75.8000	
0.1352	49.5500	0.0019	75.7250	
0.1352	50.1250	0.0019	75.6500	
0.1352	50.6750	0.0019	75.5500	
0.1353	48.4750	0.0019	75.6000	
0.1353	52.0250	0.0019	75.6500	
0.1352	51.1750	0.0019	75.6000	
0.1354	48.7750	0.0019	75.7250	
0.1352	50.9250	0.0019	75.7000	
0.1352	49.4750	0.0019	75.5750	
0.1352	48.5750	0.0019	75.7250	
0.1354	52.0750	0.0019	75.6750	
0.1353	47.7250	0.0019	75.6000	
0.1352	50.2500	0.0019	75.5250	
0.1352	49.9250	0.0019	75.6750	
0.1352	49.1250	0.0019	75.6500	
0.1352	51.0750	0.0019	75.6250	
0.1353	48.7500	0.0019	75.5750	
0.1351	49.4750	0.0019	75.7000	
0.1353	51.6250	0.0019	75.6250	
0.1352	49.3500	0.0019	75.6000	
0.1352	50.0500	0.0019	75.6000	
0.1352	49.7750	0.0019	75.6000	
0.1352	50.8250	0.0019	75.6000	
0.1352	49.9000	0.0019	75.6500	
0.1352	50.3500	0.0019	75.7500	
0.1352	51.3500	0.0019	75.7000	
0.1351	49.7750	0.0019	75.7250	
0.1352	50.2250	0.0019	75.5500	
0.1352	49.7250	0.0019	75.6250	
0.1351	49.6500	0.0019	75.6000	
0.1351	49.9750	0.0019	75.6750	
0.1352	50.7250	0.0019	75.5500	
0.1352	50.9750	0.0019	75.6250	
0.1353	48.9750	0.0019	75.6000	
0.1353	51.4750	0.0019	75.6000	
0.1355	48.8000	0.0019	75.6500	
0.1355	51.0250	0.0019	75.6500	
0.1352	49.6000	0.0019	75.7250	
0.1351	49.0500	0.0019	75.5500	
0.1351	50.4750	0.0019	75.5750	
0.1352	50.0000	0.0019	75.5750	
0.1352	50.1750	0.0019	75.7000	
0.1351	50.2750	0.0019	75.6750	
0.1352	51.0750	0.0019	75.7750	
0.1352	48.5000	0.0019	75.6250	
0.1351	50.6000	0.0019	75.7000	
0.1351	49.7500	0.0019	75.5750	
0.1352	51.4000	0.0019	75.6750	
0.1351	49.4250	0.0019	75.6000	
0.1351	51.3750	0.0019	75.6250	
0.1352	50.1000	0.0019	75.6000	
0.1351	50.6750	0.0019	75.6250	
0.1351	51.1000	0.0019	75.6500	
0.1351	50.2500	0.0019	75.6000	
0.1352	48.7750	0.0019	75.7000	
0.1351	50.8750	0.0019	75.7000	
0.1352	51.4250	0.0019	75.6750	
0.1351	49.3750	0.0019	75.5500	
0.1352	50.1000	0.0019	75.7000	
0.1351	49.4000	0.0019	75.5500	
0.1352	51.6250	0.0019	75.5250	
0.1353	48.3500	0.0019	75.5500	
0.1351	50.0250	0.0019	75.6250	
0.1351	50.6500	0.0019	75.6250	
0.1352	50.7250	0.0019	75.5500	
0.1353	48.1250	0.0019	75.6750	
0.1352	48.9500	0.0019	75.6000	
0.1352	51.0750	0.0019	75.5750	
0.1351	49.4500	0.0019	75.5750	
0.1352	51.0000	0.0019	75.5750	
0.1351	48.9750	0.0019	75.7000	
0.1352	51.0750	0.0019	75.6250	
0.1352	49.9250	0.0019	75.6000	
0.1351	49.7750	0.0019	75.6000	
0.1351	51.5750	0.0019	75.5250	
0.1351	49.5250	0.0019	75.6500	
0.1351	50.3500	0.0019	75.6000	
0.1351	49.9750	0.0019	75.6250	
0.1351	48.9500	0.0019	75.5750	
0.1351	51.1750	0.0019	75.6500	
0.1351	49.8000	0.0019	75.5750	
0.1351	49.6000	0.0019	75.6250	
0.1352	51.8750	0.0019	75.5750	
0.1351	50.2500	0.0019	75.5500	
0.1351	49.6500	0.0019	75.4500	
0.1351	51.2750	0.0019	75.6750	
0.1351	50.3000	0.0019	75.6000	
0.1352	48.3750	0.0019	75.6250	
0.1353	52.5750	0.0019	75.5750	
0.1352	48.8500	0.0019	75.6000	
0.1351	49.4500	0.0019	75.6750	
0.1352	51.5750	0.0019	75.6000	
0.1350	49.1750	0.0019	75.7250	
0.1351	48.9750	0.0019	75.5250	
0.1351	51.5000	0.0019	75.6250	
0.1351	49.4250	0.0019	75.6500	
0.1351	50.2750	0.0019	75.5500	
0.1351	50.5500	0.0019	75.6250	
0.1351	49.3750	0.0019	75.6500	
0.1351	50.7250	0.0019	75.6250	
0.1351	50.3500	0.0019	75.5500	
0.1351	49.9500	0.0019	75.5500	
0.1351	50.6250	0.0018	75.5250	
0.1351	49.7500	0.0019	75.7000	
0.1351	50.8750	0.0019	75.6000	
0.1350	50.9500	0.0019	75.6500	
0.1351	49.8500	0.0019	75.5500	
0.1353	52.4750	0.0019	75.6250	
0.1351	48.9250	0.0019	75.6000	
0.1351	50.2750	0.0019	75.6000	
0.1352	50.6750	0.0019	75.6500	
0.1350	49.4750	0.0019	75.6000	
0.1351	51.8250	0.0019	75.5750	
0.1351	48.7000	0.0019	75.6500	
0.1352	51.4250	0.0018	75.5750	
0.1354	48.9750	0.0018	75.5250	
0.1352	51.0750	0.0018	75.4750	
0.1351	50.1000	0.0019	75.5500	
0.1352	50.6500	0.0019	75.7000	
0.1351	49.1000	0.0019	75.5250	
0.1353	50.9000	0.0019	75.6750	
0.1351	49.9250	0.0019	75.7000	
0.1351	49.4250	0.0018	75.6000	
0.1351	51.3500	0.0019	75.6750	
0.1351	49.6500	0.0018	75.6250	
0.1351	50.8250	0.0019	75.7000	
0.1350	50.1250	0.0018	75.4250	
0.1351	49.7500	0.0018	75.5500	
0.1351	50.6000	0.0018	75.5500	
0.1351	50.6000	0.0019	75.6000	
0.1351	49.7750	0.0019	75.6750	
0.1351	50.4500	0.0019	75.5500	
0.1351	51.9500	0.0019	75.6000	
0.1354	47.3250	0.0019	75.6000	
0.1352	51.1000	0.0019	75.6000	
0.1350	50.3500	0.0019	75.6500	
0.1351	49.0750	0.0018	75.5000	
0.1350	49.7000	0.0019	75.6500	
0.1350	50.6750	0.0019	75.5500	
0.1351	50.7500	0.0019	75.6000	
0.1350	49.4500	0.0019	75.7000	
0.1350	49.4500	0.0019	75.6000	
0.1351	51.2000	0.0018	75.5500	
0.1350	49.8750	0.0018	75.6750	
0.1352	49.1000	0.0018	75.6500	
0.1351	51.4750	0.0018	75.6250	
0.1350	50.7500	0.0018	75.5250	
0.1352	48.3250	0.0018	75.5250	
0.1351	52.0750	0.0018	75.5250	
0.1351	49.5250	0.0019	75.5250	
0.1354	51.1000	0.0018	75.6000	
0.1351	48.5750	0.0018	75.5000	
0.1351	50.0250	0.0019	75.6000	
0.1352	49.5500	0.0019	75.6250	
0.1351	50.4000	0.0019	75.6000	
0.1350	50.0750	0.0019	75.6500	
0.1350	49.6750	0.0019	75.6000	
0.1350	50.3250	0.0018	75.6500	
0.1352	48.4250	0.0019	75.6000	
0.1351	51.3000	0.0018	75.5250	
0.1350	49.9250	0.0019	75.7000	
0.1350	50.1250	0.0019	75.6750	
0.1350	50.9500	0.0019	75.6000	
0.1351	49.0750	0.0018	75.6250	
0.1351	51.0500	0.0019	75.6750	
0.1351	49.5750	0.0019	75.6000	
0.1350	50.7250	0.0019	75.6250	
0.1351	50.3000	0.0019	75.6000	
0.1351	49.0000	0.0019	75.4750	
