Loss_Adversary	Accuracy_Adversary	Loss_Target	Accuracy_Target	
-0.2991	0.6825	0.5956	50.0000	50.0000	
-0.2946	0.6659	0.5718	50.0000	50.0000	
-0.2895	0.6497	0.5508	50.0000	50.0000	
-0.2838	0.6335	0.5321	50.0000	50.0000	
-0.2776	0.6173	0.5151	50.0000	50.0000	
-0.2711	0.6014	0.4996	50.0000	50.0000	
-0.2642	0.5853	0.4849	50.0000	50.0000	
-0.2573	0.5694	0.4709	50.0000	50.0000	
-0.2500	0.5533	0.4575	50.0000	50.0000	
-0.2410	0.5366	0.4489	50.0000	50.0000	
-0.2306	0.5187	0.4418	50.0000	50.0000	
-0.2182	0.4979	0.4345	50.0000	50.0000	
-0.2045	0.4752	0.4271	50.0000	50.0000	
-0.1905	0.4518	0.4193	50.0000	50.0000	
-0.1769	0.4289	0.4112	50.0000	50.0000	
-0.1645	0.4076	0.4027	50.0000	50.0000	
-0.1531	0.3876	0.3940	50.0000	50.0000	
-0.1431	0.3694	0.3849	50.0000	50.0000	
-0.1338	0.3522	0.3757	50.0000	50.0000	
-0.1257	0.3367	0.3664	50.0000	50.0000	
-0.1185	0.3223	0.3570	50.0000	50.0000	
-0.1124	0.3096	0.3478	50.0000	50.0000	
-0.1073	0.2985	0.3388	50.0000	50.0000	
-0.1033	0.2891	0.3303	50.0000	50.0000	
-0.1002	0.2812	0.3222	50.0000	50.0000	
-0.0980	0.2748	0.3148	50.0000	50.0000	
-0.0963	0.2696	0.3081	50.0000	50.0000	
-0.0951	0.2653	0.3022	50.0000	50.0000	
-0.0942	0.2617	0.2969	50.0000	50.0000	
-0.0933	0.2586	0.2923	50.0000	50.0000	
-0.0924	0.2556	0.2884	50.0000	50.0000	
-0.0915	0.2528	0.2849	50.0000	50.0000	
-0.0904	0.2500	0.2821	50.0000	50.0000	
-0.0893	0.2474	0.2796	50.0000	50.0000	
-0.0882	0.2450	0.2777	50.0000	50.0000	
-0.0872	0.2430	0.2762	50.0000	50.0000	
-0.0864	0.2413	0.2749	50.0000	49.3750	
-0.0853	0.2392	0.2740	50.0000	38.5000	
-0.0844	0.2379	0.2736	50.0000	32.0000	
-0.0847	0.2385	0.2740	52.2000	29.5000	
-0.0865	0.2411	0.2740	56.3250	34.3250	
-0.0892	0.2448	0.2737	58.2500	48.6500	
-0.0917	0.2489	0.2753	43.8250	50.0000	
-0.0955	0.2552	0.2771	47.6500	50.0000	
-0.0995	0.2620	0.2797	48.8250	50.0000	
-0.1007	0.2647	0.2818	49.4000	50.0000	
-0.0980	0.2604	0.2811	49.9000	50.0000	
-0.0964	0.2569	0.2782	48.9500	50.0000	
-0.0962	0.2547	0.2735	43.5000	39.1250	
-0.0981	0.2542	0.2661	35.7750	42.1750	
-0.0999	0.2529	0.2571	35.2750	39.4750	
-0.1017	0.2516	0.2482	43.3500	41.9000	
-0.1036	0.2504	0.2390	55.1750	45.1750	
-0.1049	0.2489	0.2311	57.0750	45.6500	
-0.1062	0.2482	0.2253	55.8000	45.0750	
-0.1077	0.2502	0.2246	53.4750	43.9000	
-0.1091	0.2537	0.2284	51.8750	42.6000	
-0.1095	0.2557	0.2317	52.1750	43.6500	
-0.1097	0.2536	0.2262	55.8000	46.4250	
-0.1096	0.2506	0.2193	60.6250	49.8250	
-0.1093	0.2480	0.2143	64.2750	50.8500	
-0.1088	0.2445	0.2077	67.6250	51.2750	
-0.1089	0.2416	0.2008	69.2250	51.6500	
-0.1094	0.2393	0.1937	70.6500	51.8500	
-0.1091	0.2339	0.1821	72.2250	51.5500	
-0.1082	0.2310	0.1783	71.4500	52.4750	
-0.1076	0.2311	0.1807	68.8750	54.8250	
-0.1079	0.2336	0.1855	64.7500	57.5250	
-0.1089	0.2366	0.1892	60.7500	59.5750	
-0.1101	0.2384	0.1895	59.1000	59.7750	
-0.1115	0.2385	0.1849	60.0750	59.4250	
-0.1129	0.2386	0.1805	60.4750	59.7000	
-0.1144	0.2395	0.1776	59.9250	61.0500	
-0.1158	0.2413	0.1769	58.4750	62.7500	
-0.1174	0.2404	0.1698	59.5000	63.4250	
-0.1188	0.2413	0.1669	58.6750	65.4500	
-0.1202	0.2404	0.1604	60.5750	66.1500	
-0.1212	0.2399	0.1556	61.5000	67.1500	
-0.1223	0.2399	0.1522	62.0000	68.4250	
-0.1232	0.2390	0.1471	64.1750	68.7250	
-0.1239	0.2385	0.1435	66.5250	69.7250	
-0.1242	0.2380	0.1415	69.5250	70.6500	
-0.1240	0.2349	0.1346	74.6250	70.4500	
-0.1238	0.2316	0.1279	74.7500	70.7250	
-0.1237	0.2285	0.1208	74.9500	71.6000	
-0.1239	0.2261	0.1146	74.8000	72.4500	
-0.1246	0.2258	0.1115	74.5250	73.6250	
-0.1262	0.2302	0.1165	74.7250	75.3750	
-0.1279	0.2362	0.1249	63.0500	76.7000	
-0.1293	0.2381	0.1244	66.0250	78.6500	
-0.1316	0.2368	0.1140	72.2500	81.2500	
-0.1343	0.2315	0.0926	70.6750	85.0250	
-0.1365	0.2308	0.0836	69.4250	89.6500	
-0.1395	0.2391	0.0928	66.3500	92.8750	
-0.1426	0.2480	0.1035	59.0750	94.4500	
-0.1446	0.2523	0.1065	55.0750	94.6250	
-0.1455	0.2531	0.1057	55.2750	94.6250	
-0.1453	0.2513	0.1020	56.8250	94.3750	
-0.1445	0.2478	0.0965	58.6750	93.8000	
-0.1440	0.2452	0.0920	60.8250	94.0750	
-0.1437	0.2426	0.0871	63.5250	93.4000	
-0.1439	0.2401	0.0805	66.3250	92.1500	
-0.1447	0.2377	0.0722	69.9250	90.3000	
-0.1461	0.2355	0.0623	71.8000	88.0750	
-0.1479	0.2343	0.0538	73.5500	85.2750	
-0.1494	0.2331	0.0459	74.3250	83.2750	
-0.1507	0.2321	0.0392	74.6500	82.4500	
-0.1517	0.2319	0.0355	74.7750	81.3750	
-0.1525	0.2317	0.0323	74.7750	81.4500	
-0.1531	0.2314	0.0297	74.7750	81.2000	
-0.1535	0.2312	0.0277	74.8250	81.1750	
-0.1539	0.2312	0.0265	74.6500	81.0500	
-0.1542	0.2311	0.0253	74.6500	81.0500	
-0.1545	0.2310	0.0240	74.5750	80.9500	
-0.1548	0.2308	0.0228	74.4750	81.1000	
-0.1550	0.2312	0.0228	74.5250	81.1250	
-0.1552	0.2309	0.0212	74.3250	81.3250	
-0.1555	0.2311	0.0211	74.1750	81.2750	
-0.1557	0.2312	0.0206	74.1250	81.4500	
-0.1558	0.2310	0.0195	74.1000	81.4000	
-0.1560	0.2313	0.0194	73.7500	81.3500	
-0.1562	0.2313	0.0188	73.7250	81.3500	
-0.1564	0.2313	0.0182	73.7250	81.3750	
-0.1566	0.2316	0.0183	73.8000	81.3750	
-0.1568	0.2313	0.0170	73.7500	81.4250	
-0.1569	0.2316	0.0175	73.7250	81.4000	
-0.1570	0.2313	0.0163	73.7250	81.1750	
-0.1571	0.2313	0.0159	73.7000	81.1000	
-0.1573	0.2314	0.0157	73.9000	80.9750	
-0.1573	0.2314	0.0156	74.0250	80.8250	
-0.1573	0.2311	0.0149	74.0000	80.7750	
-0.1574	0.2312	0.0148	74.3250	80.6250	
-0.1575	0.2312	0.0144	74.2250	80.5000	
-0.1575	0.2308	0.0134	74.0750	80.0500	
-0.1576	0.2310	0.0136	74.2000	80.2000	
-0.1576	0.2309	0.0133	74.2000	79.7250	
-0.1577	0.2306	0.0125	74.1500	79.9250	
-0.1576	0.2308	0.0131	74.2000	80.1000	
-0.1576	0.2305	0.0125	74.1500	79.8000	
-0.1576	0.2304	0.0123	74.2250	79.8250	
-0.1576	0.2305	0.0126	74.1500	79.6000	
-0.1577	0.2302	0.0116	74.2500	79.3500	
-0.1577	0.2302	0.0115	74.2000	79.5500	
-0.1576	0.2301	0.0115	74.1500	79.4750	
-0.1576	0.2302	0.0116	74.3250	79.5750	
-0.1576	0.2298	0.0108	74.1500	79.3250	
-0.1576	0.2301	0.0116	74.3500	79.1000	
-0.1576	0.2298	0.0110	74.0500	78.8750	
-0.1576	0.2299	0.0111	74.1750	78.9000	
-0.1576	0.2298	0.0109	74.1750	78.4750	
-0.1577	0.2298	0.0105	74.2250	78.5250	
-0.1577	0.2297	0.0103	74.3250	78.1500	
-0.1577	0.2299	0.0108	74.2000	78.1000	
-0.1577	0.2297	0.0103	74.0750	78.1250	
-0.1577	0.2299	0.0107	74.2250	78.2500	
-0.1577	0.2298	0.0106	74.2500	78.2000	
-0.1577	0.2298	0.0104	74.4250	78.3500	
-0.1577	0.2298	0.0105	74.4500	78.1500	
-0.1576	0.2296	0.0105	74.3750	78.1750	
-0.1576	0.2296	0.0104	74.4250	78.1500	
-0.1575	0.2295	0.0103	74.8000	78.2000	
-0.1575	0.2295	0.0104	74.7500	78.0750	
-0.1575	0.2292	0.0097	74.1750	77.8250	
-0.1574	0.2292	0.0101	74.6750	77.6750	
-0.1574	0.2294	0.0106	74.9750	77.5750	
-0.1573	0.2289	0.0096	75.0000	77.4000	
-0.1573	0.2289	0.0099	74.9500	77.4250	
-0.1572	0.2289	0.0103	75.1250	77.3250	
-0.1572	0.2286	0.0094	75.2500	77.0250	
-0.1571	0.2288	0.0103	75.4750	76.8750	
-0.1570	0.2285	0.0098	75.1750	76.7750	
-0.1569	0.2285	0.0100	75.2500	76.8500	
-0.1569	0.2284	0.0098	75.0500	76.6000	
-0.1568	0.2283	0.0099	75.3750	76.5500	
-0.1568	0.2281	0.0096	75.4250	76.3750	
-0.1567	0.2280	0.0099	75.4250	76.4250	
-0.1566	0.2280	0.0100	75.3000	76.2500	
-0.1565	0.2278	0.0100	75.2500	75.9750	
-0.1562	0.2276	0.0105	75.3250	75.9750	
-0.1562	0.2276	0.0105	75.5750	75.9500	
-0.1561	0.2276	0.0106	75.1750	76.0250	
-0.1561	0.2274	0.0104	75.1000	75.8500	
-0.1560	0.2274	0.0107	75.1000	75.9750	
-0.1559	0.2270	0.0101	75.3250	75.8500	
-0.1558	0.2270	0.0103	75.2000	75.7250	
-0.1556	0.2269	0.0107	75.1000	75.5500	
-0.1555	0.2266	0.0104	75.2500	75.3500	
-0.1554	0.2267	0.0108	75.1250	75.3250	
-0.1553	0.2264	0.0106	75.2250	75.3750	
-0.1553	0.2266	0.0111	74.9750	75.5500	
-0.1551	0.2262	0.0109	75.2000	75.8500	
-0.1549	0.2260	0.0111	75.0500	75.6500	
-0.1548	0.2261	0.0115	75.0250	75.6500	
-0.1547	0.2257	0.0111	75.2250	75.6250	
-0.1545	0.2256	0.0114	74.9500	75.8500	
-0.1544	0.2258	0.0123	75.2250	75.7750	
-0.1543	0.2254	0.0116	74.9750	75.8250	
-0.1543	0.2252	0.0114	74.7500	75.7250	
-0.1541	0.2254	0.0124	74.7000	75.7000	
-0.1540	0.2252	0.0119	74.6500	75.8000	
-0.1539	0.2250	0.0122	74.9750	75.6250	
-0.1538	0.2249	0.0123	74.5750	75.7250	
-0.1536	0.2247	0.0122	74.6500	75.6250	
-0.1534	0.2247	0.0129	74.7000	75.5000	
-0.1533	0.2246	0.0131	74.6000	75.6750	
-0.1533	0.2242	0.0121	74.6500	75.6000	
-0.1532	0.2245	0.0133	74.6500	75.7500	
-0.1531	0.2243	0.0129	74.5750	75.7000	
-0.1529	0.2240	0.0130	74.6500	75.6500	
-0.1529	0.2242	0.0135	74.6000	75.4750	
-0.1527	0.2238	0.0131	74.7500	75.5000	
-0.1526	0.2238	0.0137	74.3750	75.5500	
-0.1524	0.2237	0.0140	74.5000	75.5750	
-0.1523	0.2238	0.0145	74.5750	75.6750	
-0.1522	0.2233	0.0138	74.4000	75.7750	
-0.1519	0.2237	0.0155	74.0250	76.0750	
-0.1519	0.2232	0.0146	74.2750	75.9500	
-0.1517	0.2228	0.0142	74.3750	75.6500	
-0.1516	0.2234	0.0160	74.2500	75.4250	
-0.1517	0.2230	0.0146	74.0500	75.0000	
-0.1515	0.2229	0.0151	74.1250	74.7500	
-0.1516	0.2231	0.0153	73.8500	74.9500	
-0.1512	0.2226	0.0152	73.9250	74.8000	
-0.1513	0.2230	0.0162	74.2750	75.1750	
-0.1512	0.2225	0.0152	73.6000	74.9250	
-0.1508	0.2226	0.0166	73.7250	74.8250	
-0.1507	0.2229	0.0176	73.9250	75.0250	
-0.1508	0.2220	0.0155	73.5750	75.2000	
-0.1506	0.2224	0.0172	73.4250	75.1750	
-0.1506	0.2224	0.0171	73.7000	75.1250	
-0.1505	0.2220	0.0166	73.9250	75.1500	
-0.1503	0.2223	0.0177	73.5500	75.3000	
-0.1503	0.2219	0.0170	73.6250	75.4500	
-0.1501	0.2223	0.0183	73.0000	75.0500	
-0.1498	0.2218	0.0181	73.1250	74.8500	
-0.1498	0.2219	0.0184	73.4000	75.0000	
-0.1497	0.2218	0.0188	73.7250	75.1500	
-0.1496	0.2215	0.0182	73.1000	75.0500	
-0.1495	0.2217	0.0188	73.3000	75.4250	
-0.1494	0.2216	0.0192	73.4000	75.2500	
-0.1492	0.2212	0.0187	73.5250	75.2500	
-0.1492	0.2216	0.0197	73.1000	75.2000	
-0.1491	0.2213	0.0193	73.4250	75.3000	
-0.1490	0.2216	0.0202	73.1000	75.2500	
-0.1489	0.2212	0.0198	73.2000	75.4500	
-0.1488	0.2211	0.0198	72.5750	75.6250	
-0.1486	0.2212	0.0210	72.8750	75.5000	
-0.1485	0.2210	0.0209	73.5500	75.5000	
-0.1484	0.2210	0.0211	72.7250	75.4000	
-0.1484	0.2205	0.0200	72.4500	75.3250	
-0.1482	0.2210	0.0216	73.1250	75.1500	
-0.1481	0.2210	0.0221	72.5750	75.3500	
-0.1481	0.2204	0.0207	72.0750	75.2000	
-0.1479	0.2207	0.0221	73.5000	75.1500	
-0.1479	0.2213	0.0232	71.4750	75.0750	
-0.1476	0.2207	0.0232	73.1250	75.0500	
-0.1475	0.2202	0.0223	72.5750	75.0250	
-0.1474	0.2204	0.0229	72.8000	74.8000	
-0.1475	0.2212	0.0245	73.3500	74.7000	
-0.1473	0.2208	0.0241	71.5750	74.8000	
-0.1472	0.2200	0.0225	72.8500	74.6500	
-0.1471	0.2209	0.0249	72.6500	74.9250	
-0.1470	0.2201	0.0236	73.1500	74.8250	
-0.1469	0.2204	0.0247	72.6500	75.1000	
-0.1468	0.2204	0.0251	72.1750	75.1750	
-0.1469	0.2206	0.0249	71.0250	75.0500	
-0.1466	0.2199	0.0243	73.3500	75.0250	
-0.1465	0.2207	0.0268	72.9500	74.9250	
-0.1465	0.2201	0.0250	70.9250	74.8250	
-0.1464	0.2205	0.0264	72.3250	74.6500	
-0.1463	0.2203	0.0263	73.3750	74.6500	
-0.1462	0.2208	0.0278	70.9000	74.7750	
-0.1458	0.2194	0.0260	72.5000	74.8000	
-0.1459	0.2207	0.0287	72.7500	75.0000	
-0.1459	0.2201	0.0273	71.4500	75.2500	
-0.1459	0.2197	0.0264	73.0750	74.8000	
-0.1457	0.2204	0.0286	73.4000	74.8500	
-0.1456	0.2204	0.0290	72.1000	74.7500	
-0.1457	0.2199	0.0277	72.8000	74.7500	
-0.1457	0.2202	0.0282	72.3000	74.7500	
-0.1456	0.2200	0.0280	70.5500	74.8250	
-0.1453	0.2201	0.0294	72.7500	74.7250	
-0.1452	0.2212	0.0322	71.4000	74.6500	
-0.1447	0.2199	0.0308	71.5250	74.4000	
-0.1450	0.2205	0.0313	72.9750	74.4000	
-0.1447	0.2204	0.0317	72.2250	74.5000	
-0.1445	0.2202	0.0321	72.4500	74.8250	
-0.1448	0.2206	0.0321	71.4750	74.9500	
-0.1448	0.2201	0.0310	72.2750	74.9500	
-0.1450	0.2208	0.0318	70.8250	75.0250	
-0.1451	0.2214	0.0328	72.9000	75.1750	
-0.1443	0.2205	0.0335	70.6750	75.3000	
-0.1445	0.2208	0.0336	69.5250	75.4250	
-0.1442	0.2199	0.0325	71.1250	75.0000	
-0.1438	0.2216	0.0376	69.4500	74.8000	
-0.1446	0.2211	0.0339	71.4500	74.4000	
-0.1441	0.2210	0.0351	71.5000	74.3500	
-0.1441	0.2196	0.0321	69.5750	74.3250	
-0.1442	0.2222	0.0379	70.6750	74.4750	
-0.1442	0.2203	0.0334	71.5000	74.6000	
-0.1441	0.2205	0.0340	71.2750	74.5500	
-0.1442	0.2221	0.0374	69.5000	74.7250	
-0.1440	0.2210	0.0355	69.3250	74.6000	
-0.1438	0.2210	0.0362	69.9250	74.7000	
-0.1435	0.2219	0.0393	69.0000	74.7500	
-0.1439	0.2209	0.0357	69.5000	74.6750	
-0.1439	0.2219	0.0381	69.7250	74.9500	
-0.1438	0.2211	0.0364	67.6250	74.6500	
-0.1438	0.2216	0.0378	70.3500	74.4500	
-0.1437	0.2217	0.0383	68.4250	74.4500	
-0.1437	0.2218	0.0386	68.2500	74.6250	
-0.1431	0.2208	0.0382	67.8750	74.4500	
-0.1428	0.2217	0.0413	68.2000	74.3500	
-0.1428	0.2226	0.0436	69.7750	74.1000	
-0.1435	0.2216	0.0388	67.0000	73.9500	
-0.1436	0.2216	0.0385	69.5250	73.7500	
-0.1434	0.2226	0.0413	64.6500	73.7250	
-0.1434	0.2218	0.0394	69.4500	73.7250	
-0.1434	0.2234	0.0432	67.0000	73.5250	
-0.1432	0.2210	0.0381	67.6000	73.7000	
-0.1433	0.2236	0.0438	66.7000	73.6250	
-0.1434	0.2218	0.0394	69.1000	73.2750	
-0.1433	0.2234	0.0436	66.3750	73.4500	
-0.1429	0.2223	0.0425	68.8750	73.4500	
-0.1430	0.2235	0.0450	67.0250	73.5250	
-0.1431	0.2217	0.0404	68.3500	73.5250	
-0.1433	0.2244	0.0459	66.3000	73.4500	
-0.1434	0.2232	0.0426	68.5500	73.1750	
-0.1431	0.2236	0.0447	66.0500	72.8000	
-0.1435	0.2233	0.0428	66.9750	72.3750	
-0.1434	0.2248	0.0467	65.9250	71.8750	
-0.1430	0.2237	0.0452	65.0500	71.3000	
-0.1434	0.2242	0.0452	65.8000	70.8250	
-0.1436	0.2249	0.0462	64.6500	70.6500	
-0.1436	0.2248	0.0459	65.3000	70.2000	
-0.1435	0.2251	0.0469	64.9250	69.8750	
-0.1436	0.2254	0.0470	63.7000	69.8750	
-0.1436	0.2250	0.0464	64.9750	69.5750	
-0.1437	0.2275	0.0520	62.9500	69.3000	
-0.1439	0.2251	0.0455	64.1500	68.8500	
-0.1442	0.2268	0.0486	63.2250	68.3750	
-0.1439	0.2280	0.0521	61.3750	68.0500	
-0.1438	0.2265	0.0492	64.7750	67.2250	
-0.1443	0.2299	0.0555	60.3750	67.2250	
-0.1449	0.2275	0.0478	63.8750	66.3750	
-0.1450	0.2291	0.0512	59.7750	66.2750	
-0.1450	0.2303	0.0540	62.6000	65.7250	
-0.1454	0.2308	0.0538	60.0750	65.5000	
-0.1460	0.2304	0.0511	59.2750	64.7250	
-0.1462	0.2334	0.0573	61.7500	64.4250	
-0.1465	0.2323	0.0538	58.1250	64.1500	
-0.1465	0.2333	0.0562	59.3750	63.6250	
-0.1471	0.2343	0.0563	58.5000	63.1500	
-0.1474	0.2351	0.0572	58.9000	62.6000	
-0.1480	0.2366	0.0588	56.8750	62.4000	
-0.1483	0.2363	0.0569	58.2250	62.1500	
-0.1491	0.2383	0.0592	56.3500	61.7250	
-0.1497	0.2396	0.0602	55.9500	61.3750	
-0.1502	0.2393	0.0577	56.9500	60.7250	
-0.1506	0.2431	0.0651	55.5500	60.3750	
-0.1515	0.2422	0.0603	54.8000	59.9250	
-0.1525	0.2442	0.0615	54.4250	59.4750	
-0.1532	0.2464	0.0643	54.3250	58.8250	
-0.1539	0.2473	0.0640	53.9000	58.6500	
-0.1548	0.2478	0.0620	53.8750	57.8500	
-0.1557	0.2520	0.0691	52.1750	57.7750	
-0.1566	0.2514	0.0647	53.1500	57.0250	
-0.1573	0.2540	0.0682	51.9500	56.5750	
-0.1586	0.2559	0.0687	52.4000	56.1750	
-0.1597	0.2580	0.0698	51.9750	55.7750	
-0.1610	0.2599	0.0697	51.6250	55.3750	
-0.1620	0.2619	0.0711	51.2250	55.1750	
-0.1632	0.2637	0.0715	51.1250	54.9250	
-0.1642	0.2658	0.0728	50.9750	54.6500	
-0.1655	0.2672	0.0716	50.5500	54.4250	
-0.1668	0.2708	0.0759	50.1250	54.1500	
-0.1680	0.2724	0.0755	49.7750	53.8000	
-0.1692	0.2739	0.0751	49.5500	53.6000	
-0.1706	0.2767	0.0770	48.8750	53.4500	
-0.1715	0.2791	0.0797	47.7750	53.3500	
-0.1731	0.2833	0.0840	46.6500	53.2750	
-0.1750	0.2846	0.0805	45.6250	53.1000	
-0.1765	0.2873	0.0819	45.1500	52.9750	
-0.1780	0.2905	0.0844	43.7000	52.8000	
-0.1796	0.2934	0.0861	43.6250	52.6750	
-0.1812	0.2954	0.0851	42.1750	52.5750	
-0.1831	0.2992	0.0879	40.5500	52.2750	
-0.1848	0.3028	0.0903	39.8500	52.1250	
-0.1865	0.3050	0.0898	38.7500	52.0500	
-0.1882	0.3085	0.0925	35.4000	51.8750	
-0.1898	0.3122	0.0957	34.0500	51.8250	
-0.1913	0.3137	0.0943	33.3500	51.7000	
-0.1923	0.3144	0.0927	32.4250	51.5750	
-0.1906	0.3119	0.0925	32.0750	51.4500	
-0.1869	0.3063	0.0919	32.0500	51.4500	
-0.1825	0.2987	0.0887	32.6250	51.4500	
-0.1798	0.2971	0.0942	30.7750	51.4250	
-0.1776	0.2949	0.0962	28.5500	51.4000	
-0.1766	0.2954	0.1007	27.3250	51.3500	
-0.1760	0.2974	0.1072	26.3500	51.2500	
-0.1776	0.2982	0.1038	25.8250	51.2500	
-0.1792	0.2997	0.1019	25.3000	51.1500	
-0.1753	0.2996	0.1147	27.2250	51.0500	
-0.1600	0.2935	0.1516	29.6250	50.8750	
-0.1548	0.2795	0.1363	37.8500	50.6000	
-0.1567	0.2717	0.1117	49.2250	50.7250	
-0.1532	0.2589	0.0935	50.0000	50.6750	
-0.1497	0.2541	0.0939	49.9750	51.0000	
-0.1460	0.2458	0.0868	50.3750	51.1750	
-0.1422	0.2387	0.0830	50.6750	51.1250	
-0.1384	0.2325	0.0814	52.6500	51.0750	
-0.1342	0.2252	0.0783	66.3500	51.1000	
-0.1312	0.2190	0.0738	70.9750	51.1000	
-0.1278	0.2138	0.0729	73.9000	51.1250	
-0.1248	0.2089	0.0714	74.3250	51.1750	
-0.1229	0.2044	0.0671	74.5250	51.2250	
-0.1208	0.2008	0.0657	74.5750	51.3750	
-0.1193	0.1982	0.0648	74.7250	51.4500	
-0.1179	0.1952	0.0625	74.8000	51.4750	
-0.1171	0.1931	0.0602	74.8250	51.7250	
-0.1169	0.1921	0.0587	74.8000	51.8250	
-0.1172	0.1917	0.0566	74.7750	51.8500	
-0.1180	0.1922	0.0552	74.7500	51.8750	
-0.1193	0.1932	0.0530	74.6500	52.1250	
-0.1208	0.1948	0.0520	74.5750	52.4250	
-0.1225	0.1964	0.0498	74.3750	52.9750	
-0.1247	0.1988	0.0481	74.1500	53.8500	
-0.1273	0.2018	0.0465	74.0500	56.3000	
-0.1303	0.2052	0.0445	73.7000	60.7500	
-0.1335	0.2091	0.0430	73.3000	64.4750	
-0.1370	0.2133	0.0409	72.1500	68.5750	
-0.1407	0.2180	0.0396	71.4500	71.9250	
-0.1444	0.2229	0.0388	70.2000	74.2000	
-0.1481	0.2275	0.0373	69.1250	76.0500	
-0.1515	0.2320	0.0361	67.4000	77.7000	
-0.1546	0.2360	0.0354	65.6250	78.8500	
-0.1572	0.2387	0.0329	64.3750	79.9000	
-0.1593	0.2415	0.0324	62.3250	80.8250	
-0.1605	0.2428	0.0317	62.3000	81.8500	
-0.1613	0.2433	0.0301	60.9500	82.9750	
-0.1613	0.2432	0.0300	59.8500	83.7250	
-0.1606	0.2422	0.0296	59.2500	84.0750	
-0.1600	0.2412	0.0296	59.0250	84.5250	
-0.1595	0.2403	0.0291	62.0750	84.4500	
-0.1595	0.2401	0.0287	64.2500	84.5250	
-0.1595	0.2398	0.0279	66.7750	84.3250	
-0.1596	0.2397	0.0271	69.4000	84.1500	
-0.1597	0.2394	0.0261	70.0250	83.8000	
-0.1599	0.2393	0.0255	69.4000	83.4500	
-0.1600	0.2392	0.0249	71.5750	83.1000	
-0.1601	0.2390	0.0239	71.4750	82.8250	
-0.1602	0.2390	0.0235	71.5750	82.5500	
-0.1603	0.2389	0.0229	70.7500	82.0250	
-0.1606	0.2388	0.0221	72.3500	81.7750	
-0.1607	0.2387	0.0214	72.1250	81.6500	
-0.1608	0.2387	0.0212	71.9000	81.4750	
-0.1609	0.2385	0.0201	73.0000	81.2750	
-0.1611	0.2386	0.0199	71.8000	80.9500	
-0.1611	0.2386	0.0195	71.4000	80.6250	
-0.1613	0.2386	0.0188	73.2250	80.3750	
-0.1615	0.2385	0.0182	72.1500	80.0250	
-0.1616	0.2385	0.0179	71.2250	79.8250	
-0.1616	0.2384	0.0175	72.3500	79.4750	
-0.1618	0.2384	0.0170	72.9250	79.2250	
-0.1619	0.2384	0.0167	71.1500	78.9250	
-0.1619	0.2384	0.0164	72.4250	78.4750	
-0.1620	0.2383	0.0159	72.0750	78.0500	
-0.1620	0.2383	0.0160	71.5250	77.9500	
-0.1621	0.2382	0.0155	72.1750	77.5750	
-0.1622	0.2382	0.0152	72.3250	77.4250	
-0.1622	0.2382	0.0152	70.6500	77.2750	
-0.1622	0.2381	0.0150	70.7250	77.1250	
-0.1622	0.2380	0.0149	71.8000	77.0000	
-0.1622	0.2379	0.0147	71.1250	76.7750	
-0.1621	0.2379	0.0146	71.2500	76.7000	
-0.1623	0.2381	0.0146	71.3000	76.7250	
-0.1622	0.2378	0.0142	71.4500	76.6500	
-0.1623	0.2379	0.0143	70.7500	76.7000	
-0.1622	0.2378	0.0141	71.7750	76.7250	
-0.1623	0.2379	0.0142	68.8500	76.6500	
-0.1623	0.2380	0.0143	71.0250	76.5750	
-0.1622	0.2377	0.0140	72.4000	76.6250	
-0.1622	0.2379	0.0142	70.0250	76.5750	
-0.1623	0.2379	0.0140	70.8250	76.4750	
-0.1622	0.2377	0.0140	69.9750	76.5500	
-0.1623	0.2378	0.0140	69.2750	76.5750	
-0.1623	0.2377	0.0137	70.6750	76.5750	
-0.1623	0.2377	0.0136	70.9250	76.4250	
-0.1623	0.2376	0.0134	70.5250	76.3750	
-0.1623	0.2377	0.0136	70.6000	76.5500	
-0.1623	0.2376	0.0133	70.9750	76.4250	
-0.1623	0.2376	0.0134	70.8000	76.4000	
-0.1623	0.2376	0.0134	70.7000	76.2500	
-0.1623	0.2375	0.0132	70.8500	76.0750	
-0.1623	0.2375	0.0133	70.9750	76.1000	
-0.1623	0.2376	0.0132	71.0250	76.0750	
-0.1623	0.2375	0.0132	71.3000	76.0500	
-0.1622	0.2375	0.0134	70.5250	75.9000	
-0.1622	0.2374	0.0132	70.9000	75.8250	
-0.1622	0.2375	0.0135	71.2250	75.8750	
-0.1622	0.2373	0.0131	71.4000	75.8500	
-0.1622	0.2374	0.0133	70.0500	75.8000	
-0.1621	0.2373	0.0132	70.9750	75.7750	
-0.1621	0.2371	0.0130	71.5000	75.7750	
-0.1621	0.2373	0.0132	70.4750	75.7250	
-0.1621	0.2372	0.0131	71.4250	75.6250	
-0.1620	0.2371	0.0131	70.9500	75.7750	
-0.1620	0.2371	0.0133	71.1250	75.6250	
-0.1620	0.2369	0.0128	71.5000	75.7250	
-0.1619	0.2371	0.0135	70.4250	75.6000	
-0.1620	0.2369	0.0129	71.5250	75.5250	
-0.1618	0.2370	0.0135	70.4500	75.4750	
-0.1618	0.2367	0.0130	71.1500	75.5500	
-0.1618	0.2368	0.0133	71.3750	75.5000	
-0.1617	0.2367	0.0133	71.3500	75.4750	
-0.1617	0.2366	0.0132	71.0250	75.4000	
-0.1617	0.2367	0.0133	71.2500	75.4250	
-0.1616	0.2366	0.0135	71.2250	75.4250	
-0.1615	0.2364	0.0131	71.1000	75.2000	
-0.1616	0.2366	0.0136	71.0750	75.1250	
-0.1615	0.2364	0.0134	71.1250	74.9750	
-0.1615	0.2364	0.0135	71.2000	74.8250	
-0.1614	0.2364	0.0135	71.0250	74.8250	
-0.1614	0.2364	0.0136	70.8750	74.7500	
-0.1614	0.2364	0.0137	71.0500	74.6500	
-0.1613	0.2362	0.0136	71.0500	74.6250	
-0.1612	0.2362	0.0137	70.8750	74.6750	
-0.1612	0.2363	0.0139	70.9500	74.6250	
-0.1612	0.2361	0.0136	71.1250	74.7250	
-0.1611	0.2362	0.0143	70.8000	74.7500	
-0.1610	0.2359	0.0139	70.6250	74.5750	
-0.1610	0.2361	0.0142	71.0500	74.6000	
-0.1609	0.2359	0.0139	70.5250	74.7000	
-0.1609	0.2359	0.0143	70.8000	74.7000	
-0.1609	0.2359	0.0143	70.6750	74.7750	
-0.1607	0.2359	0.0146	70.6000	74.6500	
-0.1608	0.2357	0.0140	70.2500	74.5250	
-0.1608	0.2359	0.0144	69.8500	74.5500	
-0.1607	0.2356	0.0143	70.4000	74.5500	
-0.1606	0.2356	0.0146	70.6500	74.6000	
-0.1605	0.2357	0.0149	69.5750	74.5250	
-0.1605	0.2355	0.0144	69.3500	74.4000	
-0.1604	0.2356	0.0150	70.8250	74.5000	
-0.1602	0.2354	0.0152	69.7000	74.4000	
-0.1602	0.2352	0.0149	69.2250	74.5000	
-0.1602	0.2352	0.0149	69.1500	74.4250	
-0.1601	0.2351	0.0150	69.6500	74.4750	
-0.1600	0.2350	0.0151	69.6250	74.5250	
-0.1598	0.2349	0.0155	69.0250	74.5750	
-0.1598	0.2346	0.0148	68.8750	74.5500	
-0.1596	0.2347	0.0156	69.9250	74.6250	
-0.1594	0.2343	0.0154	68.5250	74.7000	
-0.1594	0.2342	0.0152	68.2250	74.7750	
-0.1592	0.2339	0.0152	69.0750	74.9750	
-0.1589	0.2337	0.0156	69.5500	75.0500	
-0.1588	0.2336	0.0158	68.8000	75.4000	
-0.1585	0.2330	0.0152	64.8250	75.4000	
-0.1580	0.2328	0.0165	65.4250	75.7000	
-0.1578	0.2322	0.0157	66.1500	75.6500	
-0.1575	0.2321	0.0168	64.9000	75.6500	
-0.1572	0.2314	0.0160	64.7000	75.7000	
-0.1568	0.2313	0.0172	60.7500	75.7250	
-0.1561	0.2304	0.0171	59.4500	75.7000	
-0.1556	0.2300	0.0179	61.2750	75.6000	
-0.1550	0.2296	0.0189	59.9000	75.2750	
-0.1545	0.2288	0.0187	59.4000	75.3000	
-0.1539	0.2283	0.0196	60.1500	75.0250	
-0.1534	0.2280	0.0207	59.1500	74.5500	
-0.1531	0.2280	0.0216	60.6500	74.2500	
-0.1527	0.2277	0.0222	59.8500	73.7500	
-0.1523	0.2276	0.0233	59.2750	73.2000	
-0.1520	0.2276	0.0244	59.2750	72.8750	
-0.1518	0.2275	0.0249	58.6250	72.5000	
-0.1517	0.2279	0.0261	60.3250	72.1250	
-0.1518	0.2278	0.0254	57.5750	71.7250	
-0.1517	0.2281	0.0264	59.8000	71.5250	
-0.1515	0.2277	0.0264	58.4750	70.9500	
-0.1513	0.2280	0.0275	57.4000	70.4750	
-0.1513	0.2278	0.0272	59.8250	70.2250	
-0.1512	0.2276	0.0270	59.2250	70.1250	
-0.1512	0.2281	0.0283	58.2500	69.8750	
-0.1512	0.2272	0.0261	58.4750	69.6250	
-0.1510	0.2279	0.0283	59.1000	69.4750	
-0.1509	0.2270	0.0267	59.2500	69.4500	
-0.1507	0.2273	0.0280	58.8000	69.2500	
-0.1507	0.2273	0.0280	60.0750	68.9750	
-0.1506	0.2272	0.0282	58.0750	69.0250	
-0.1505	0.2267	0.0274	61.0500	68.9250	
-0.1504	0.2269	0.0280	58.8750	68.8000	
-0.1501	0.2262	0.0273	59.3750	68.8500	
-0.1501	0.2262	0.0276	60.1750	68.8500	
-0.1499	0.2261	0.0281	60.6750	68.8500	
-0.1499	0.2259	0.0275	60.1250	68.8000	
-0.1494	0.2257	0.0286	61.0000	68.9750	
-0.1493	0.2251	0.0275	61.5250	68.9500	
-0.1493	0.2252	0.0279	60.7000	68.9250	
-0.1493	0.2252	0.0278	61.2250	69.0250	
-0.1491	0.2248	0.0274	59.4750	69.0250	
-0.1490	0.2245	0.0270	61.2500	69.1500	
-0.1489	0.2244	0.0273	59.6500	69.4000	
-0.1488	0.2241	0.0267	62.1750	69.3750	
-0.1488	0.2242	0.0272	63.3000	69.4500	
-0.1487	0.2239	0.0265	59.2500	69.8500	
-0.1486	0.2239	0.0271	62.8250	69.8750	
-0.1482	0.2237	0.0278	62.3500	69.9750	
-0.1482	0.2231	0.0265	61.3250	70.1000	
-0.1481	0.2232	0.0272	62.7750	70.1000	
-0.1481	0.2233	0.0273	61.9250	70.2500	
-0.1481	0.2228	0.0262	63.6250	70.3250	
-0.1480	0.2230	0.0271	62.6500	70.5250	
-0.1479	0.2225	0.0261	62.4250	70.7500	
-0.1478	0.2226	0.0266	63.7750	70.8750	
-0.1480	0.2228	0.0266	61.8000	71.1500	
-0.1477	0.2222	0.0263	63.5250	71.1750	
-0.1475	0.2226	0.0279	64.9750	71.1500	
-0.1474	0.2219	0.0262	61.7750	71.2750	
-0.1474	0.2219	0.0263	63.7250	71.3250	
-0.1474	0.2219	0.0264	64.6250	71.3250	
-0.1473	0.2218	0.0266	63.5000	71.3500	
-0.1472	0.2215	0.0261	63.0000	71.5250	
-0.1470	0.2214	0.0269	64.7000	71.6250	
-0.1469	0.2216	0.0273	64.7750	71.7000	
-0.1466	0.2212	0.0275	63.3250	71.6000	
-0.1468	0.2217	0.0281	64.6000	71.9250	
-0.1469	0.2215	0.0272	67.1750	71.8000	
-0.1467	0.2213	0.0273	62.0000	71.8750	
-0.1466	0.2209	0.0268	63.3250	72.0250	
-0.1465	0.2210	0.0273	66.6500	72.0750	
-0.1464	0.2211	0.0279	64.0250	72.2250	
-0.1463	0.2204	0.0267	63.7500	72.1750	
-0.1462	0.2213	0.0289	67.2000	72.3500	
-0.1463	0.2206	0.0269	65.0000	72.1000	
-0.1462	0.2206	0.0275	63.2750	72.3250	
-0.1460	0.2207	0.0282	65.0500	72.2000	
-0.1460	0.2203	0.0274	66.7750	72.1500	
-0.1461	0.2211	0.0289	62.1750	72.2750	
-0.1461	0.2209	0.0283	66.9000	72.3250	
-0.1458	0.2204	0.0284	64.8000	72.4250	
-0.1457	0.2203	0.0283	64.5250	72.3000	
-0.1454	0.2205	0.0298	65.8500	72.6250	
-0.1453	0.2203	0.0298	64.6000	72.4750	
-0.1454	0.2204	0.0295	64.9250	72.5000	
-0.1453	0.2198	0.0285	65.6750	72.5000	
-0.1453	0.2202	0.0294	64.8500	72.4250	
-0.1452	0.2203	0.0299	64.7250	72.4750	
-0.1451	0.2198	0.0293	65.2000	72.7000	
-0.1449	0.2201	0.0306	65.1000	72.6250	
-0.1449	0.2198	0.0298	65.1000	72.6500	
-0.1449	0.2201	0.0307	65.4500	72.7500	
-0.1449	0.2199	0.0301	63.9500	72.7750	
-0.1448	0.2199	0.0303	67.7000	72.6250	
-0.1447	0.2205	0.0322	63.9500	72.7750	
-0.1446	0.2193	0.0298	64.9500	72.7000	
-0.1446	0.2201	0.0314	66.5500	73.0500	
-0.1446	0.2202	0.0318	64.3000	72.8000	
-0.1444	0.2194	0.0308	67.0250	72.8000	
-0.1445	0.2205	0.0329	65.1500	72.9250	
-0.1443	0.2200	0.0322	65.5500	72.8750	
-0.1441	0.2196	0.0320	65.5750	72.8750	
-0.1440	0.2195	0.0320	65.1250	72.9500	
-0.1439	0.2197	0.0330	66.5250	72.8500	
-0.1438	0.2199	0.0336	66.3500	73.0250	
-0.1439	0.2197	0.0328	64.5250	72.8750	
-0.1439	0.2197	0.0331	64.0750	72.7750	
-0.1436	0.2194	0.0333	67.4750	73.0000	
-0.1435	0.2198	0.0345	65.9000	72.8750	
-0.1437	0.2195	0.0331	65.1250	72.9750	
-0.1437	0.2193	0.0326	65.6250	73.2000	
-0.1436	0.2194	0.0332	65.5750	73.2000	
-0.1435	0.2194	0.0337	65.6750	73.2250	
-0.1434	0.2196	0.0345	65.6500	73.0500	
-0.1431	0.2192	0.0344	65.1250	73.1500	
-0.1432	0.2193	0.0341	66.1750	73.1500	
-0.1434	0.2193	0.0339	64.4000	73.2750	
-0.1432	0.2195	0.0349	66.5750	73.1750	
-0.1431	0.2193	0.0347	65.1250	73.3250	
-0.1430	0.2191	0.0344	66.1750	73.3500	
-0.1430	0.2193	0.0351	64.2000	73.2000	
-0.1429	0.2193	0.0354	65.7250	73.1750	
-0.1428	0.2191	0.0354	64.4250	73.1750	
-0.1428	0.2193	0.0358	65.4750	73.2750	
-0.1428	0.2192	0.0356	65.9250	73.2000	
-0.1427	0.2195	0.0366	66.1750	73.0750	
-0.1424	0.2190	0.0363	63.9250	73.1000	
-0.1427	0.2198	0.0372	66.2000	73.2250	
-0.1426	0.2194	0.0367	63.4250	73.1750	
-0.1425	0.2195	0.0371	66.4750	73.2000	
-0.1424	0.2192	0.0366	64.6250	73.2750	
-0.1423	0.2193	0.0372	65.9000	73.1250	
-0.1422	0.2196	0.0384	64.1000	73.2250	
-0.1421	0.2193	0.0379	67.0750	73.2750	
-0.1421	0.2197	0.0389	62.9500	73.0250	
-0.1421	0.2196	0.0389	66.8250	73.5500	
-0.1420	0.2195	0.0386	64.3000	73.3000	
-0.1419	0.2190	0.0379	64.9500	73.1500	
-0.1418	0.2198	0.0402	65.8500	73.4250	
-0.1416	0.2191	0.0392	63.4250	73.3750	
-0.1419	0.2197	0.0396	67.3500	73.2000	
-0.1420	0.2200	0.0400	62.2750	73.3750	
-0.1415	0.2192	0.0397	66.2250	73.3000	
0.4317	50.0000	0.3895	50.0000	
0.4040	50.0000	0.3725	50.0000	
0.3776	50.0000	0.3562	50.0000	
0.3528	50.0000	0.3399	50.0000	
0.3305	50.0000	0.3242	50.0000	
0.3110	50.0000	0.3094	50.0000	
0.2945	50.0000	0.2968	50.0000	
0.2817	50.0000	0.2858	50.0000	
0.2722	50.0000	0.2767	50.0000	
0.2651	50.0000	0.2692	65.5250	
0.2601	50.0000	0.2623	71.0000	
0.2567	50.0000	0.2558	71.5750	
0.2540	50.0000	0.2492	72.3750	
0.2515	49.4750	0.2421	72.7500	
0.2506	49.3250	0.2344	72.5500	
0.2506	49.9500	0.2261	72.7000	
0.2505	49.7750	0.2173	72.6750	
0.2503	49.0500	0.2078	72.6500	
0.2503	49.3500	0.1984	72.4500	
0.2502	49.4250	0.1900	72.5750	
0.2502	49.2750	0.1827	72.7250	
0.2500	49.0500	0.1764	72.7500	
0.2500	49.3500	0.1712	72.7000	
0.2499	49.5500	0.1673	72.7000	
0.2499	49.6250	0.1645	72.7250	
0.2498	49.7750	0.1625	72.7750	
0.2497	49.4500	0.1612	72.7000	
0.2497	50.7750	0.1604	72.7750	
0.2497	51.7000	0.1599	72.7000	
0.2496	50.6750	0.1594	72.6500	
0.2496	50.6750	0.1590	72.6000	
0.2496	52.9000	0.1586	72.4750	
0.2495	55.2250	0.1582	72.5000	
0.2496	51.0000	0.1579	72.4500	
0.2495	53.5250	0.1574	72.4250	
0.2495	57.1750	0.1570	72.4500	
0.2494	52.1000	0.1566	72.3750	
0.2494	53.7750	0.1563	72.3250	
0.2494	57.0250	0.1559	72.2750	
0.2494	59.8500	0.1555	72.3250	
0.2494	53.0500	0.1551	72.0500	
0.2494	56.6000	0.1548	71.9750	
0.2494	51.8500	0.1544	71.8500	
0.2493	59.1000	0.1540	71.8250	
0.2493	63.3750	0.1537	71.8000	
0.2493	62.6500	0.1534	71.7000	
0.2493	60.2250	0.1531	71.6750	
0.2493	62.9750	0.1528	71.6000	
0.2493	60.8250	0.1524	71.6500	
0.2493	67.7000	0.1522	71.8250	
0.2493	55.5500	0.1519	71.9250	
0.2493	62.3750	0.1516	72.0750	
0.2493	59.0250	0.1514	72.0500	
0.2493	50.0250	0.1511	72.0250	
0.2493	64.5250	0.1508	72.0500	
0.2493	56.7750	0.1506	71.9750	
0.2493	60.8000	0.1504	72.1000	
0.2493	49.9750	0.1503	71.9000	
0.2493	59.9750	0.1500	71.8750	
0.2493	64.8250	0.1499	72.0000	
0.2492	64.7000	0.1497	71.9000	
0.2493	63.3000	0.1496	71.9250	
0.2492	54.5000	0.1494	72.0000	
0.2492	66.2000	0.1493	72.0250	
0.2492	63.4750	0.1492	72.0500	
0.2492	60.2500	0.1491	72.1250	
0.2492	61.3750	0.1489	72.2000	
0.2492	63.7500	0.1488	72.2250	
0.2492	65.9750	0.1487	72.0750	
0.2493	64.2000	0.1486	72.1750	
0.2492	59.8500	0.1486	71.9750	
0.2492	64.6000	0.1484	71.9500	
0.2492	63.0000	0.1484	72.1000	
0.2492	53.7750	0.1483	72.1750	
0.2492	55.6750	0.1481	72.3000	
0.2492	67.0000	0.1480	72.3750	
0.2492	64.2250	0.1479	72.5000	
0.2492	59.6750	0.1478	72.5000	
0.2492	50.0500	0.1477	72.4750	
0.2492	62.5750	0.1476	72.5500	
0.2492	64.5500	0.1474	72.5750	
0.2492	63.5000	0.1474	72.5750	
0.2492	53.2250	0.1472	72.6000	
0.2491	62.1250	0.1471	72.5250	
0.2492	65.9250	0.1470	72.4750	
0.2491	62.9000	0.1469	72.5000	
0.2491	52.6250	0.1467	72.4750	
0.2491	61.8250	0.1466	72.3250	
0.2491	63.6250	0.1465	72.3250	
0.2491	65.7750	0.1463	72.2750	
0.2491	56.9250	0.1461	72.3000	
0.2491	52.6250	0.1460	72.3750	
0.2490	65.6750	0.1459	72.3250	
0.2490	67.5250	0.1457	72.3500	
0.2490	57.3000	0.1456	72.3000	
0.2490	64.6500	0.1454	72.3250	
0.2489	64.0000	0.1453	72.4750	
0.2489	65.6000	0.1452	72.3750	
0.2489	62.5250	0.1451	72.4000	
0.2488	67.3750	0.1450	72.3750	
0.2488	63.3250	0.1448	72.4500	
0.2488	62.7250	0.1447	72.4250	
0.2487	68.3500	0.1445	72.4000	
0.2487	59.4250	0.1445	72.4000	
0.2486	67.2500	0.1444	72.4000	
0.2486	70.4250	0.1442	72.3250	
0.2486	63.9500	0.1441	72.3500	
0.2486	69.5250	0.1439	72.3000	
0.2485	65.1500	0.1439	72.3250	
0.2485	62.0500	0.1438	72.2750	
0.2484	72.2000	0.1436	72.3250	
0.2484	65.6750	0.1435	72.3250	
0.2483	67.0000	0.1434	72.3250	
0.2483	72.7750	0.1432	72.3250	
0.2483	69.0250	0.1433	72.3250	
0.2482	64.1500	0.1429	72.3000	
0.2482	72.2250	0.1429	72.3250	
0.2481	67.2750	0.1426	72.1250	
0.2481	59.4500	0.1426	72.2000	
0.2481	63.4250	0.1425	72.1000	
0.2480	69.0250	0.1424	72.0500	
0.2480	69.9250	0.1423	72.2750	
0.2479	68.4250	0.1421	72.1500	
0.2479	69.1000	0.1419	72.2500	
0.2479	59.6000	0.1419	72.0500	
0.2478	65.5250	0.1416	72.1000	
0.2477	56.8750	0.1415	72.0250	
0.2477	58.5000	0.1413	72.0250	
0.2476	63.2250	0.1411	72.1000	
0.2476	57.8000	0.1409	72.1000	
0.2475	60.9000	0.1408	72.1500	
0.2474	66.5500	0.1406	72.0750	
0.2474	63.1250	0.1404	72.1000	
0.2473	69.7750	0.1403	72.1250	
0.2472	63.5250	0.1401	72.0500	
0.2472	72.6750	0.1399	72.1000	
0.2471	71.9250	0.1397	72.0750	
0.2470	71.4250	0.1395	72.0750	
0.2469	68.1500	0.1393	72.1000	
0.2469	72.9500	0.1391	72.1000	
0.2468	68.5500	0.1389	72.1000	
0.2467	73.1000	0.1387	72.0500	
0.2467	69.4000	0.1387	72.0750	
0.2466	71.2750	0.1383	72.1250	
0.2467	64.1500	0.1385	72.1000	
0.2464	70.6500	0.1378	72.0750	
0.2465	68.0750	0.1376	72.0750	
0.2464	65.5750	0.1374	71.9000	
0.2462	65.1250	0.1371	72.0500	
0.2461	67.7500	0.1368	72.0250	
0.2460	74.3250	0.1365	72.0750	
0.2459	73.5500	0.1363	72.0500	
0.2458	60.9000	0.1360	72.0500	
0.2457	66.7750	0.1357	72.0250	
0.2456	73.5250	0.1355	72.1000	
0.2455	61.6750	0.1352	72.0000	
0.2454	66.5000	0.1349	72.0750	
0.2453	74.6250	0.1346	72.0750	
0.2451	66.9250	0.1343	71.9750	
0.2450	67.2500	0.1339	72.1000	
0.2450	72.7500	0.1337	72.0000	
0.2449	60.5250	0.1333	72.0250	
0.2447	74.3000	0.1330	71.9500	
0.2446	61.4000	0.1326	72.0500	
0.2444	69.3000	0.1323	71.8750	
0.2443	73.7500	0.1319	72.1000	
0.2443	54.0000	0.1316	71.9500	
0.2442	64.7750	0.1311	72.0750	
0.2437	68.5000	0.1308	72.0500	
0.2438	56.5750	0.1305	72.1000	
0.2435	73.6750	0.1300	72.0750	
0.2434	72.5000	0.1296	72.0500	
0.2432	68.8750	0.1293	72.1250	
0.2431	61.3500	0.1288	71.9500	
0.2429	71.9250	0.1284	72.0500	
0.2427	70.8000	0.1278	72.1500	
0.2425	68.8000	0.1273	72.1000	
0.2424	69.1500	0.1269	72.0000	
0.2422	73.9750	0.1264	72.1250	
0.2420	59.9750	0.1260	72.1250	
0.2419	71.9750	0.1254	72.1250	
0.2418	61.9500	0.1249	72.1250	
0.2414	72.8000	0.1245	72.1250	
0.2413	71.5500	0.1240	72.1500	
0.2410	65.4500	0.1233	72.1250	
0.2408	72.6750	0.1228	72.1750	
0.2406	72.2250	0.1222	72.0750	
0.2404	60.8500	0.1217	72.1500	
0.2402	70.9750	0.1210	72.1250	
0.2400	71.3750	0.1207	72.1750	
0.2396	69.2000	0.1199	72.1500	
0.2395	71.6000	0.1194	72.1750	
0.2395	57.3500	0.1188	72.1250	
0.2393	69.3750	0.1182	72.1500	
0.2386	70.3500	0.1176	72.2250	
0.2385	62.7750	0.1170	72.1500	
0.2384	73.4500	0.1169	72.1500	
0.2383	58.7000	0.1157	72.1500	
0.2379	69.9000	0.1149	72.2750	
0.2376	64.3500	0.1143	72.2000	
0.2371	67.3500	0.1136	72.3500	
0.2372	71.8000	0.1127	72.1750	
0.2366	63.4250	0.1120	72.2750	
0.2363	74.9500	0.1113	72.2750	
0.2361	70.6750	0.1105	72.2000	
0.2358	72.9250	0.1097	72.2750	
0.2353	72.7750	0.1090	72.2500	
0.2351	64.6500	0.1084	72.4000	
0.2347	74.8750	0.1074	72.2750	
0.2350	63.5750	0.1066	72.2250	
0.2348	67.5750	0.1059	72.4000	
0.2351	60.7000	0.1054	72.2000	
0.2342	68.1000	0.1043	72.3750	
0.2344	61.0250	0.1034	72.3500	
0.2344	66.2500	0.1027	72.2750	
0.2339	61.2500	0.1023	72.3750	
0.2328	68.5000	0.1012	72.2500	
0.2329	67.6250	0.0999	72.2750	
0.2319	72.2250	0.0990	72.4500	
0.2312	73.4500	0.0985	72.4250	
0.2311	71.7750	0.0972	72.3500	
0.2308	73.7500	0.0972	72.2500	
0.2302	72.5000	0.0959	72.3750	
0.2298	72.2250	0.0947	72.3500	
0.2299	72.9000	0.0938	72.4250	
0.2292	72.9000	0.0929	72.5000	
0.2289	74.2500	0.0921	72.3500	
0.2285	74.6000	0.0911	72.4750	
0.2282	72.1500	0.0904	72.5000	
0.2280	72.8500	0.0892	72.3500	
0.2276	70.1250	0.0882	72.4500	
0.2275	71.2500	0.0875	72.5750	
0.2269	71.7500	0.0865	72.5000	
0.2261	74.6750	0.0858	72.5000	
0.2258	74.3500	0.0844	72.5750	
0.2255	74.2750	0.0837	72.4500	
0.2251	73.8000	0.0826	72.4750	
0.2248	73.1250	0.0820	72.5750	
0.2242	74.2000	0.0817	72.5250	
0.2238	74.4250	0.0799	72.6250	
0.2234	74.5250	0.0788	72.5250	
0.2230	73.9750	0.0777	72.6000	
0.2225	74.4750	0.0766	72.5750	
0.2221	74.8000	0.0758	72.6250	
0.2218	73.9500	0.0748	72.6000	
0.2220	71.6250	0.0744	72.6000	
0.2208	74.1750	0.0730	72.6750	
0.2205	74.2750	0.0719	72.6000	
0.2200	74.0250	0.0709	72.6000	
0.2198	72.2250	0.0699	72.8000	
0.2200	71.6000	0.0690	72.7750	
0.2189	72.8500	0.0680	72.6750	
0.2183	73.5750	0.0670	72.7000	
0.2177	74.3750	0.0660	72.8000	
0.2172	74.3750	0.0650	72.7250	
0.2167	74.2750	0.0640	72.7500	
0.2162	74.0750	0.0631	72.8250	
0.2159	74.1750	0.0621	72.7500	
0.2154	74.2000	0.0611	72.9000	
0.2150	74.3250	0.0602	72.7750	
0.2143	73.6500	0.0592	72.8250	
0.2143	73.5250	0.0583	72.8750	
0.2135	74.3250	0.0574	72.8250	
0.2129	74.3250	0.0563	72.9500	
0.2125	74.4000	0.0554	72.9000	
0.2129	73.2250	0.0545	73.0250	
0.2119	72.7000	0.0536	73.0000	
0.2110	74.5250	0.0526	73.0500	
0.2107	74.4500	0.0517	73.0500	
0.2098	74.5000	0.0508	72.9500	
0.2095	74.3500	0.0500	73.1500	
0.2090	74.3750	0.0490	73.1250	
0.2086	74.6000	0.0481	73.0000	
0.2080	74.7250	0.0472	73.1250	
0.2076	74.6250	0.0462	73.2000	
0.2070	74.6500	0.0455	73.1250	
0.2068	74.4500	0.0446	73.2250	
0.2060	74.1000	0.0437	73.3000	
0.2057	74.4750	0.0429	73.3250	
0.2054	74.0000	0.0423	73.1750	
0.2046	74.4750	0.0417	73.1500	
0.2042	74.5250	0.0406	73.2750	
0.2037	73.4750	0.0398	73.3500	
0.2032	74.5750	0.0388	73.3000	
0.2026	74.5250	0.0382	73.3500	
0.2022	73.7500	0.0374	73.3250	
0.2021	73.9250	0.0367	73.3750	
0.2013	74.6250	0.0364	73.4000	
0.2008	74.0000	0.0354	73.3500	
0.2002	73.8750	0.0345	73.4500	
0.1996	74.6000	0.0338	73.4250	
0.1995	74.0250	0.0331	73.4250	
0.1988	73.7250	0.0325	73.5000	
0.1986	74.2750	0.0318	73.4500	
0.1982	74.4500	0.0313	73.4750	
0.1975	73.2250	0.0305	73.5000	
0.1974	74.4250	0.0303	73.5750	
0.1963	74.4000	0.0295	73.5500	
0.1959	74.7000	0.0290	73.5500	
0.1956	74.0500	0.0282	73.6000	
0.1953	73.4250	0.0278	73.5500	
0.1958	73.5000	0.0271	73.6250	
0.1948	74.1000	0.0264	73.6000	
0.1943	73.7750	0.0259	73.6250	
0.1939	74.2750	0.0260	73.6500	
0.1925	73.3250	0.0256	73.6000	
0.1924	74.1500	0.0250	73.6750	
0.1922	73.4250	0.0240	73.6750	
0.1915	74.1500	0.0237	73.7000	
0.1909	74.5000	0.0232	73.7500	
0.1907	73.4750	0.0226	73.7250	
0.1902	73.5500	0.0222	73.6750	
0.1897	75.1250	0.0218	73.7000	
0.1896	72.6500	0.0214	73.7250	
0.1890	74.4250	0.0210	73.8000	
0.1883	74.3750	0.0207	73.7500	
0.1878	74.1500	0.0203	73.7750	
0.1874	74.0250	0.0199	73.8000	
0.1872	74.0000	0.0196	73.8000	
0.1866	73.8750	0.0192	73.8500	
0.1863	74.4250	0.0188	73.8750	
0.1858	74.1500	0.0185	73.8500	
0.1854	74.2750	0.0182	73.8750	
0.1852	73.9500	0.0178	73.9000	
0.1843	74.3500	0.0175	73.9250	
0.1841	73.4250	0.0173	73.8750	
0.1842	74.0500	0.0170	73.9250	
0.1842	73.3750	0.0168	73.9000	
0.1830	74.4250	0.0165	73.9500	
0.1826	73.8000	0.0162	73.9500	
0.1820	74.2000	0.0159	73.9750	
0.1816	74.1750	0.0157	74.0500	
0.1813	74.4250	0.0154	74.0750	
0.1812	74.3500	0.0152	74.0000	
0.1808	74.2750	0.0150	74.0250	
0.1802	73.6250	0.0148	74.0500	
0.1799	74.0250	0.0146	74.0250	
0.1794	74.3500	0.0143	74.1000	
0.1790	73.9750	0.0142	74.1000	
0.1788	73.9250	0.0139	74.0500	
0.1783	74.0750	0.0138	74.0500	
0.1782	74.0250	0.0136	74.0500	
0.1778	74.2000	0.0134	74.1250	
0.1778	73.2500	0.0134	74.1500	
0.1774	74.1500	0.0132	74.1250	
0.1771	74.1250	0.0129	74.2000	
0.1765	73.9750	0.0128	74.1750	
0.1757	74.0000	0.0126	74.1750	
0.1754	74.4500	0.0126	74.1250	
0.1751	74.0250	0.0126	74.2500	
0.1747	74.1500	0.0123	74.2750	
0.1748	74.6250	0.0123	74.3250	
0.1741	73.9500	0.0121	74.3000	
0.1743	74.4000	0.0119	74.2750	
0.1735	74.4250	0.0118	74.3500	
0.1737	73.8500	0.0118	74.3000	
0.1738	74.0250	0.0119	74.3750	
0.1731	74.1000	0.0117	74.3500	
0.1727	74.1500	0.0114	74.3500	
0.1720	73.9000	0.0113	74.4250	
0.1716	74.2250	0.0113	74.3500	
0.1713	74.1750	0.0112	74.4000	
0.1711	74.1500	0.0111	74.3750	
0.1716	73.7750	0.0110	74.4250	
0.1704	74.2000	0.0109	74.4000	
0.1702	74.2250	0.0108	74.4000	
0.1701	74.2250	0.0108	74.4750	
0.1696	74.2000	0.0107	74.4250	
0.1694	74.0500	0.0106	74.5250	
0.1691	73.9750	0.0106	74.4750	
0.1688	74.3500	0.0107	74.5000	
0.1688	73.9250	0.0105	74.5000	
0.1685	74.4750	0.0104	74.6250	
0.1686	74.1000	0.0103	74.5750	
0.1687	73.4000	0.0103	74.6000	
0.1689	73.5500	0.0102	74.6500	
0.1682	74.8750	0.0102	74.6750	
0.1676	73.3500	0.0102	74.6000	
0.1679	74.2500	0.0102	74.6750	
0.1670	74.3000	0.0102	74.6250	
0.1662	74.2250	0.0100	74.6500	
0.1661	74.1250	0.0099	74.7250	
0.1659	74.3000	0.0099	74.7250	
0.1658	74.2500	0.0098	74.7000	
0.1654	74.4750	0.0098	74.7250	
0.1653	74.0750	0.0098	74.7250	
0.1652	74.5000	0.0098	74.7250	
0.1654	74.2250	0.0097	74.8000	
0.1645	74.5250	0.0097	74.7750	
0.1641	74.4750	0.0096	74.8000	
0.1642	74.4500	0.0096	74.7750	
0.1639	74.4500	0.0096	74.8500	
0.1639	73.9500	0.0096	74.7750	
0.1637	74.7500	0.0097	74.8000	
0.1636	73.9500	0.0096	74.8500	
0.1635	74.3250	0.0095	74.8500	
0.1628	74.7500	0.0095	74.8500	
0.1631	74.3750	0.0095	74.8750	
0.1629	74.3250	0.0094	74.8250	
0.1628	74.5250	0.0094	74.9000	
0.1626	74.2500	0.0094	74.8250	
0.1621	74.6250	0.0094	74.9000	
0.1621	74.4750	0.0094	74.8250	
0.1617	74.3250	0.0095	74.8750	
0.1616	74.5250	0.0094	74.9000	
0.1614	74.5750	0.0094	74.9250	
0.1610	74.7000	0.0093	74.9000	
0.1612	74.4500	0.0093	74.9000	
0.1609	74.2250	0.0093	74.9000	
0.1606	74.7000	0.0093	74.9000	
0.1603	74.5750	0.0094	74.8750	
0.1602	74.5500	0.0093	74.9750	
0.1603	74.6500	0.0093	74.9250	
0.1598	74.5500	0.0092	74.8750	
0.1598	74.5750	0.0092	74.9500	
0.1603	74.9250	0.0092	74.9500	
0.1603	74.0500	0.0092	75.0250	
0.1595	74.7750	0.0092	75.0000	
0.1592	74.5000	0.0092	74.9500	
0.1591	74.7250	0.0092	75.0000	
0.1593	74.7500	0.0092	75.0000	
0.1594	74.4250	0.0092	75.0000	
0.1592	74.3500	0.0092	75.0750	
0.1596	74.8000	0.0091	75.0500	
0.1585	74.5000	0.0091	75.0750	
0.1590	74.5250	0.0092	75.0750	
0.1587	74.6000	0.0091	75.0500	
0.1584	74.4750	0.0091	75.0750	
0.1583	74.3500	0.0091	75.0000	
0.1583	74.6250	0.0092	75.1750	
0.1575	74.8000	0.0091	75.0750	
0.1576	74.6500	0.0092	75.1000	
0.1576	74.6000	0.0091	75.1500	
0.1573	74.9750	0.0091	75.1000	
0.1584	74.4750	0.0092	75.1000	
0.1579	74.8500	0.0091	75.1000	
0.1569	74.5750	0.0091	75.1000	
0.1571	74.6250	0.0090	75.1000	
0.1570	74.7000	0.0090	75.1000	
0.1566	74.9500	0.0090	75.1250	
0.1574	74.2250	0.0090	75.1250	
0.1568	74.7000	0.0090	75.1250	
0.1566	74.2250	0.0090	75.1250	
0.1564	74.8000	0.0090	75.1500	
0.1568	74.5250	0.0090	75.1750	
0.1568	74.4750	0.0091	75.1750	
0.1563	74.2000	0.0091	75.1500	
0.1565	74.3500	0.0090	75.1750	
0.1561	74.7000	0.0091	75.1750	
0.1559	74.8000	0.0091	75.2000	
0.1565	74.7000	0.0092	75.2250	
0.1557	74.6250	0.0090	75.1500	
0.1554	74.6000	0.0090	75.1500	
0.1556	74.7500	0.0089	75.2250	
0.1555	74.5250	0.0090	75.2000	
0.1551	74.6750	0.0089	75.1750	
0.1555	74.8500	0.0089	75.2500	
0.1548	74.7250	0.0090	75.1750	
0.1554	74.7000	0.0090	75.1500	
0.1549	74.6750	0.0091	75.3000	
0.1552	74.7000	0.0090	75.2500	
0.1547	74.7500	0.0090	75.3000	
0.1548	74.7000	0.0089	75.2000	
0.1555	74.5250	0.0089	75.3000	
0.1551	74.7000	0.0089	75.2500	
0.1567	73.9250	0.0090	75.3000	
0.1553	74.7500	0.0090	75.3000	
0.1550	74.4750	0.0090	75.3000	
0.1551	74.7750	0.0089	75.3250	
0.1547	74.9250	0.0089	75.3000	
0.1547	74.3250	0.0089	75.2750	
0.1557	74.5500	0.0089	75.2500	
0.1552	74.6000	0.0089	75.3750	
0.1551	74.3000	0.0089	75.3250	
0.1542	74.7750	0.0089	75.3500	
0.1541	74.5000	0.0089	75.3750	
0.1543	74.6000	0.0089	75.3750	
0.1542	74.7000	0.0089	75.3250	
0.1537	74.6000	0.0089	75.4000	
0.1540	74.7000	0.0089	75.3750	
0.1534	74.8250	0.0089	75.3500	
0.1534	74.6750	0.0089	75.4250	
0.1533	74.5250	0.0089	75.4250	
0.1532	74.6750	0.0089	75.4000	
0.1532	74.7000	0.0089	75.4250	
0.1531	74.6000	0.0089	75.3250	
0.1532	74.7500	0.0089	75.4250	
0.1530	74.6500	0.0089	75.3750	
0.1532	74.4000	0.0089	75.3750	
0.1532	74.6500	0.0089	75.4250	
0.1530	74.8000	0.0089	75.4250	
0.1529	74.6250	0.0089	75.3750	
0.1527	74.3500	0.0089	75.3750	
0.1530	74.6250	0.0089	75.3750	
0.1531	74.6500	0.0088	75.4750	
0.1530	74.6250	0.0089	75.4250	
0.1527	74.7750	0.0089	75.4750	
0.1528	74.9000	0.0089	75.4500	
0.1526	74.8750	0.0089	75.5000	
0.1524	74.4250	0.0089	75.4500	
0.1524	74.5000	0.0089	75.4500	
0.1523	74.5750	0.0090	75.4000	
0.1524	74.5750	0.0090	75.5000	
0.1524	74.5500	0.0089	75.4500	
0.1528	74.8500	0.0089	75.4500	
0.1523	74.6750	0.0090	75.5500	
0.1526	74.6250	0.0089	75.4500	
0.1524	74.7250	0.0088	75.4750	
0.1527	74.7000	0.0088	75.5250	
0.1527	74.3500	0.0088	75.4500	
0.1523	74.4750	0.0088	75.4750	
0.1530	74.7000	0.0088	75.5000	
0.1524	74.6750	0.0088	75.5250	
0.1520	74.4500	0.0088	75.4750	
0.1519	74.5500	0.0088	75.4750	
0.1521	74.4750	0.0089	75.5000	
0.1518	74.6500	0.0088	75.5250	
0.1521	74.7250	0.0089	75.5000	
0.1518	74.6250	0.0089	75.5500	
0.1518	74.3500	0.0088	75.4250	
0.1519	74.4750	0.0088	75.5250	
0.1517	74.4500	0.0088	75.4750	
0.1519	74.2750	0.0088	75.5000	
0.1517	74.6500	0.0088	75.5500	
0.1516	74.6000	0.0089	75.5500	
0.1515	74.4000	0.0088	75.5250	
0.1519	74.6250	0.0089	75.5250	
0.1521	74.3000	0.0090	75.5750	
0.1522	74.5500	0.0090	75.5000	
0.1517	74.7000	0.0088	75.5500	
0.1514	74.3500	0.0088	75.5250	
0.1515	74.5000	0.0088	75.5000	
0.1517	74.4000	0.0088	75.5750	
0.1519	74.4250	0.0089	75.5000	
0.1521	74.2500	0.0088	75.6000	
0.1515	74.6250	0.0088	75.5250	
0.1514	74.8000	0.0088	75.6000	
0.1515	74.7750	0.0088	75.5000	
0.1515	74.6500	0.0089	75.5750	
0.1510	74.5000	0.0089	75.5250	
0.1512	74.1750	0.0089	75.5250	
0.1512	74.1250	0.0089	75.5250	
0.1514	74.5000	0.0089	75.5750	
0.1513	74.4500	0.0089	75.5250	
0.1512	74.1250	0.0089	75.5250	
0.1512	74.2250	0.0089	75.5000	
0.1513	74.3750	0.0089	75.5750	
0.1511	74.4250	0.0089	75.5250	
0.1509	74.2500	0.0088	75.6000	
0.1513	74.6500	0.0088	75.5750	
0.1509	74.5000	0.0089	75.6250	
0.1511	74.5500	0.0089	75.5000	
0.1512	74.3000	0.0088	75.5000	
0.1509	74.4500	0.0090	75.5750	
0.1512	74.6750	0.0089	75.5750	
0.1520	74.3000	0.0088	75.6250	
0.1513	74.2250	0.0088	75.5000	
0.1512	74.6250	0.0088	75.5750	
0.1510	74.4500	0.0088	75.6000	
0.1507	74.4250	0.0088	75.5750	
0.1508	74.2250	0.0088	75.5250	
0.1509	74.3000	0.0088	75.6000	
0.1507	74.6250	0.0088	75.5250	
0.1509	74.1750	0.0088	75.6000	
0.1508	74.1750	0.0088	75.5750	
0.1507	74.1000	0.0089	75.5000	
0.1506	74.4000	0.0089	75.6000	
0.1507	74.3000	0.0089	75.5500	
0.1507	74.1250	0.0088	75.5750	
0.1508	74.3500	0.0088	75.5750	
0.1507	74.5250	0.0088	75.6000	
0.1509	74.1000	0.0088	75.6250	
0.1504	74.2250	0.0088	75.6000	
0.1507	74.5000	0.0088	75.5750	
0.1506	74.4250	0.0088	75.5000	
0.1504	74.1500	0.0088	75.6250	
0.1505	74.3000	0.0088	75.5750	
0.1506	74.5500	0.0088	75.5750	
0.1508	74.1500	0.0088	75.5500	
0.1510	74.1750	0.0088	75.5000	
0.1507	74.0250	0.0088	75.6000	
0.1504	74.2750	0.0088	75.5750	
0.1504	74.1250	0.0088	75.6250	
0.1506	73.9750	0.0088	75.6250	
0.1506	74.2250	0.0088	75.6500	
0.1505	74.5000	0.0088	75.5000	
0.1508	74.3500	0.0088	75.5750	
0.1505	74.0500	0.0087	75.5750	
0.1516	74.1500	0.0088	75.6000	
0.1505	74.3500	0.0088	75.6000	
0.1503	74.3500	0.0088	75.6250	
0.1505	74.5000	0.0088	75.5500	
0.1506	74.6250	0.0088	75.6000	
0.1507	74.2500	0.0088	75.5500	
0.1502	74.0500	0.0088	75.5500	
0.1502	74.0750	0.0088	75.6000	
0.1503	74.1750	0.0088	75.6000	
0.1503	74.0000	0.0088	75.5750	
0.1502	74.0500	0.0088	75.5250	
0.1501	74.2000	0.0088	75.5750	
0.1509	74.3250	0.0088	75.5500	
0.1503	74.1250	0.0088	75.5750	
0.1503	74.1250	0.0088	75.5500	
0.1501	74.1500	0.0088	75.5750	
0.1501	74.0000	0.0088	75.5500	
0.1501	74.2250	0.0087	75.5750	
0.1502	74.2500	0.0087	75.5500	
0.1502	73.9750	0.0088	75.6250	
0.1501	74.3500	0.0088	75.5500	
0.1501	74.0000	0.0089	75.5750	
0.1502	74.2250	0.0090	75.6000	
0.1502	74.1500	0.0089	75.6500	
0.1507	74.3250	0.0088	75.5500	
0.1506	74.2500	0.0088	75.6500	
0.1503	74.3000	0.0088	75.5750	
0.1500	74.1250	0.0088	75.5000	
0.1501	74.1250	0.0088	75.5750	
0.1505	74.3500	0.0088	75.5750	
0.1503	74.6250	0.0087	75.6000	
0.1504	74.6000	0.0088	75.6000	
0.1509	74.3500	0.0088	75.5750	
0.1505	74.1000	0.0087	75.5750	
0.1508	74.2750	0.0088	75.6000	
0.1502	74.2500	0.0088	75.5750	
0.1501	74.1250	0.0088	75.6250	
0.1500	74.3250	0.0087	75.6000	
0.1499	74.3250	0.0088	75.5750	
0.1502	74.4750	0.0088	75.5500	
0.1500	74.4500	0.0088	75.5500	
0.1499	74.4000	0.0087	75.6500	
0.1501	74.4500	0.0087	75.6000	
0.1499	74.1750	0.0087	75.5750	
0.1502	74.3500	0.0088	75.6250	
0.1501	74.3250	0.0087	75.5750	
0.1499	74.2750	0.0087	75.5250	
0.1500	74.2750	0.0087	75.5750	
0.1500	74.6750	0.0088	75.5250	
0.1503	74.2000	0.0087	75.6000	
0.1499	74.4500	0.0088	75.5750	
0.1499	74.5500	0.0088	75.5500	
0.1497	74.3750	0.0088	75.6000	
0.1498	74.5500	0.0087	75.5500	
0.1505	74.5750	0.0087	75.5750	
0.1498	74.4500	0.0088	75.5750	
0.1500	74.5750	0.0088	75.5750	
0.1500	74.4250	0.0087	75.5750	
0.1500	74.4750	0.0087	75.6000	
0.1498	74.5250	0.0088	75.6000	
0.1514	74.3000	0.0088	75.5750	
0.1502	74.5500	0.0089	75.5500	
0.1500	74.6250	0.0089	75.5500	
0.1499	74.5500	0.0088	75.6000	
0.1499	74.5500	0.0088	75.6500	
0.1501	74.5000	0.0088	75.6000	
0.1502	74.3500	0.0088	75.5500	
0.1503	74.5500	0.0088	75.5500	
0.1500	74.4750	0.0089	75.5250	
0.1506	74.4750	0.0088	75.5500	
0.1500	74.3250	0.0087	75.5750	
0.1495	74.4500	0.0087	75.5750	
0.1500	74.4750	0.0087	75.6000	
0.1496	74.5250	0.0088	75.5750	
0.1502	74.5500	0.0087	75.6000	
0.1507	74.4750	0.0087	75.5500	
0.1500	74.6000	0.0087	75.6500	
0.1499	74.5500	0.0087	75.6000	
0.1496	74.5250	0.0087	75.5250	
0.1497	74.4250	0.0087	75.5750	
0.1497	74.4000	0.0087	75.5250	
0.1502	74.2000	0.0087	75.5750	
0.1497	74.3250	0.0087	75.6000	
0.1497	74.2250	0.0087	75.6000	
0.1496	74.3000	0.0088	75.5750	
0.1497	73.9500	0.0087	75.5750	
0.1498	74.1750	0.0087	75.5750	
0.1497	74.2500	0.0087	75.6000	
0.1498	74.2000	0.0088	75.5750	
0.1499	74.0250	0.0088	75.5750	
0.1503	74.0500	0.0087	75.5750	
0.1505	74.2000	0.0087	75.6250	
0.1503	73.9250	0.0088	75.5750	
0.1498	74.1250	0.0087	75.5500	
0.1496	74.0750	0.0087	75.5500	
0.1497	74.0500	0.0088	75.6000	
0.1497	73.8750	0.0087	75.5750	
0.1496	73.7250	0.0087	75.5500	
0.1498	73.4500	0.0088	75.6250	
0.1496	73.2250	0.0089	75.5250	
0.1497	73.4000	0.0087	75.5750	
0.1496	73.3000	0.0087	75.6000	
0.1496	73.2250	0.0088	75.5750	
0.1497	72.7250	0.0088	75.6500	
0.1497	72.3500	0.0088	75.6000	
0.1495	72.7500	0.0087	75.6000	
0.1497	72.9500	0.0088	75.5750	
0.1499	72.3500	0.0088	75.5750	
0.1497	71.7250	0.0088	75.6500	
0.1496	71.5500	0.0088	75.5750	
0.1498	71.1750	0.0088	75.5750	
0.1497	70.8000	0.0087	75.6000	
0.1498	70.9250	0.0087	75.5750	
0.1498	70.5750	0.0087	75.5750	
0.1498	70.2250	0.0087	75.5750	
0.1502	70.0500	0.0088	75.6250	
0.1498	70.8750	0.0088	75.5750	
0.1496	69.9500	0.0088	75.5500	
0.1496	69.3000	0.0089	75.6250	
0.1500	69.0500	0.0087	75.6000	
0.1505	67.5500	0.0088	75.5500	
0.1498	67.3000	0.0087	75.5250	
0.1496	67.2000	0.0088	75.5500	
0.1497	67.2000	0.0087	75.5750	
0.1495	66.8750	0.0087	75.5750	
0.1495	66.9000	0.0087	75.5750	
0.1495	66.5750	0.0087	75.6000	
0.1497	66.8000	0.0087	75.5500	
0.1495	66.5000	0.0088	75.5250	
0.1495	65.9750	0.0087	75.5250	
0.1496	65.4250	0.0087	75.6250	
0.1497	65.4750	0.0087	75.6000	
0.1496	65.1250	0.0088	75.5000	
0.1495	64.7250	0.0088	75.5750	
0.1498	64.9750	0.0088	75.5250	
0.1499	63.8000	0.0088	75.5750	
0.1495	63.7750	0.0087	75.6500	
0.1495	63.3500	0.0087	75.5500	
0.1495	63.7000	0.0087	75.6250	
0.1500	62.6250	0.0087	75.5500	
0.1496	62.0250	0.0087	75.6000	
0.1496	62.0000	0.0087	75.5750	
0.1497	61.9250	0.0087	75.6000	
0.1498	61.6500	0.0087	75.6000	
0.1497	61.4500	0.0087	75.6250	
0.1498	61.1750	0.0087	75.6250	
0.1500	60.8500	0.0087	75.6000	
0.1499	60.9500	0.0087	75.5750	
0.1499	60.7750	0.0087	75.5500	
0.1496	61.0750	0.0087	75.6000	
0.1495	60.4750	0.0087	75.6000	
0.1498	60.8000	0.0088	75.5500	
0.1494	60.3500	0.0087	75.6000	
0.1497	60.6000	0.0087	75.6000	
0.1498	60.5000	0.0087	75.6000	
0.1497	59.9000	0.0087	75.5500	
0.1497	60.0000	0.0087	75.5500	
0.1495	60.1000	0.0087	75.5500	
0.1496	59.6250	0.0088	75.5250	
0.1496	59.5750	0.0088	75.6000	
0.1498	59.4250	0.0088	75.6250	
0.1499	59.6750	0.0088	75.5750	
0.1499	60.1000	0.0088	75.5750	
0.1499	59.0250	0.0087	75.6000	
0.1496	59.9250	0.0087	75.6000	
0.1498	59.0000	0.0087	75.6250	
0.1496	59.0000	0.0087	75.5500	
0.1495	59.2500	0.0087	75.5500	
0.1495	59.0500	0.0087	75.5500	
0.1495	59.7500	0.0087	75.7000	
0.1496	59.0000	0.0088	75.5500	
0.1497	59.2750	0.0087	75.5250	
0.1498	59.0500	0.0087	75.6000	
0.1495	59.5500	0.0087	75.6250	
0.1495	58.8500	0.0088	75.6250	
0.1495	58.6750	0.0087	75.5250	
0.1496	59.5250	0.0087	75.6250	
0.1494	58.8250	0.0087	75.5250	
0.1496	59.3750	0.0087	75.5750	
0.1497	58.3000	0.0087	75.5000	
0.1501	59.8750	0.0087	75.5750	
0.1498	58.8750	0.0087	75.5500	
0.1497	58.6500	0.0087	75.5750	
0.1494	58.9250	0.0087	75.5250	
0.1495	58.7500	0.0087	75.6250	
0.1495	58.9750	0.0087	75.6500	
0.1494	58.6500	0.0087	75.5500	
0.1494	59.2000	0.0087	75.6000	
0.1494	58.7500	0.0087	75.5750	
0.1496	59.1750	0.0087	75.5250	
0.1495	58.8500	0.0087	75.5500	
0.1494	59.0250	0.0087	75.6000	
0.1494	58.6250	0.0087	75.5750	
0.1496	58.9250	0.0087	75.5750	
0.1495	58.6000	0.0087	75.5500	
0.1495	58.8750	0.0087	75.6000	
0.1496	59.5250	0.0088	75.5250	
0.1495	58.1250	0.0087	75.6750	
0.1498	59.5750	0.0089	75.5500	
0.1504	58.7000	0.0088	75.6000	
0.1498	58.8500	0.0088	75.5750	
0.1496	58.9250	0.0088	75.6500	
0.1494	58.6000	0.0087	75.5250	
0.1495	58.8250	0.0087	75.6000	
0.1497	58.8750	0.0087	75.6000	
0.1494	58.7250	0.0087	75.5500	
0.1494	58.6250	0.0087	75.5750	
0.1495	58.9250	0.0087	75.6000	
0.1496	58.6000	0.0087	75.5750	
0.1498	58.3000	0.0087	75.5250	
0.1495	58.4500	0.0087	75.6000	
0.1496	58.6500	0.0087	75.6250	
0.1494	58.0500	0.0087	75.5000	
0.1495	58.9750	0.0087	75.5750	
0.1495	58.2000	0.0087	75.6000	
0.1494	58.7750	0.0087	75.6000	
0.1497	58.5750	0.0087	75.6500	
0.1495	58.4750	0.0087	75.5500	
0.1495	58.9250	0.0087	75.5250	
0.1500	57.9750	0.0087	75.5750	
0.1497	58.2000	0.0087	75.6000	
0.1496	58.5500	0.0087	75.5750	
0.1494	58.2000	0.0087	75.5250	
0.1495	58.7250	0.0088	75.6000	
0.1495	58.1250	0.0088	75.5500	
0.1494	58.2500	0.0088	75.6250	
0.1494	58.4000	0.0087	75.5750	
0.1496	58.6750	0.0087	75.6000	
0.1494	58.0250	0.0087	75.5250	
0.1496	58.4000	0.0087	75.5750	
0.1494	57.9250	0.0087	75.6000	
0.1495	58.6250	0.0087	75.5750	
0.1495	56.9250	0.0087	75.5750	
0.1498	58.5500	0.0087	75.5750	
0.1494	57.1000	0.0087	75.5750	
0.1494	57.8750	0.0087	75.5750	
0.1494	57.4250	0.0087	75.5750	
0.1493	57.4000	0.0087	75.5250	
0.1496	57.4750	0.0087	75.5250	
0.1493	56.1000	0.0087	75.5750	
0.1501	58.0000	0.0087	75.6000	
0.1496	55.5500	0.0087	75.5500	
0.1499	57.7750	0.0087	75.5250	
0.1496	56.5500	0.0087	75.5750	
0.1493	56.4750	0.0087	75.5750	
0.1495	55.5750	0.0087	75.6000	
0.1498	56.6250	0.0087	75.5500	
0.1493	55.9500	0.0088	75.5250	
0.1496	56.1250	0.0087	75.5750	
0.1495	56.3000	0.0087	75.6250	
0.1494	54.9000	0.0087	75.5500	
0.1497	56.2750	0.0087	75.6250	
0.1502	54.7750	0.0086	75.5750	
0.1494	55.0000	0.0087	75.5750	
0.1498	54.8000	0.0087	75.6500	
0.1494	54.4500	0.0086	75.6000	
0.1494	54.5500	0.0086	75.6000	
0.1494	54.3250	0.0086	75.6250	
0.1495	54.2750	0.0086	75.6000	
0.1496	53.0500	0.0086	75.6000	
0.1497	54.5500	0.0086	75.5500	
0.1494	54.8000	0.0086	75.6250	
0.1494	52.4500	0.0086	75.5750	
0.1496	55.1250	0.0086	75.6000	
0.1494	52.7500	0.0086	75.5750	
0.1494	53.2500	0.0086	75.6250	
0.1494	54.8750	0.0086	75.5750	
0.1495	52.0000	0.0086	75.6250	
0.1494	53.8500	0.0086	75.6000	
0.1494	52.8000	0.0086	75.7000	
0.1493	53.1750	0.0086	75.7250	
0.1499	52.1750	0.0086	75.7250	
0.1498	51.4500	0.0086	75.6250	
0.1495	54.2000	0.0086	75.7250	
0.1494	51.3500	0.0086	75.7250	
0.1494	52.5000	0.0086	75.6750	
0.1494	52.6750	0.0086	75.6250	
0.1493	52.4250	0.0085	75.7250	
0.1493	51.6500	0.0086	75.6750	
0.1494	52.4750	0.0086	75.6750	
0.1494	50.3000	0.0086	75.7250	
0.1496	51.8250	0.0085	75.7500	
0.1495	53.3000	0.0085	75.7000	
0.1495	49.1250	0.0086	75.7000	
0.1497	53.6250	0.0086	75.7750	
0.1495	50.6000	0.0086	75.7250	
0.1495	50.8250	0.0086	75.7250	
0.1493	52.0750	0.0085	75.7500	
0.1495	49.7500	0.0085	75.7250	
0.1493	50.2500	0.0085	75.7250	
0.1493	50.5750	0.0086	75.7250	
0.1494	50.2500	0.0086	75.7250	
0.1494	50.3750	0.0085	75.7250	
0.1495	49.2750	0.0085	75.7250	
0.1495	52.1250	0.0086	75.7500	
0.1497	50.1750	0.0085	75.7250	
0.1495	48.5750	0.0085	75.7000	
0.1494	50.9500	0.0085	75.7000	
0.1494	49.2250	0.0085	75.7000	
0.1494	49.8750	0.0085	75.7000	
0.1496	49.1250	0.0085	75.7250	
0.1499	49.4750	0.0085	75.7000	
0.1501	51.8500	0.0085	75.7250	
0.1497	47.6750	0.0085	75.7500	
0.1497	51.3000	0.0085	75.7000	
0.1497	48.7000	0.0085	75.7000	
0.1497	49.2000	0.0085	75.7000	
0.1497	50.9750	0.0086	75.7500	
0.1494	48.8500	0.0085	75.7000	
0.1494	48.8750	0.0085	75.7000	
0.1496	49.5250	0.0085	75.6750	
0.1494	49.3500	0.0085	75.6500	
0.1494	49.4500	0.0085	75.7250	
0.1495	48.4500	0.0085	75.7000	
0.1493	49.0500	0.0085	75.6750	
0.1495	47.6000	0.0085	75.6750	
0.1496	48.3250	0.0085	75.7250	
0.1493	48.8750	0.0085	75.6500	
0.1494	49.1250	0.0085	75.7250	
0.1496	46.2500	0.0085	75.7000	
0.1495	50.3000	0.0085	75.6750	
0.1497	46.5000	0.0085	75.7250	
0.1500	48.5000	0.0085	75.7000	
0.1495	49.8500	0.0085	75.7000	
0.1494	47.6250	0.0085	75.6000	
0.1495	49.6250	0.0085	75.7000	
0.1495	46.5750	0.0085	75.7000	
0.1494	49.0250	0.0085	75.6500	
0.1495	47.9250	0.0085	75.7250	
0.1495	47.5750	0.0085	75.7000	
0.1494	49.0000	0.0085	75.6250	
0.1494	47.5250	0.0085	75.7000	
0.1493	48.7750	0.0085	75.7250	
0.1493	47.3500	0.0085	75.6750	
0.1494	47.8500	0.0085	75.6750	
0.1494	46.9000	0.0085	75.7000	
0.1494	48.3750	0.0085	75.6500	
0.1494	46.6000	0.0085	75.6500	
0.1495	49.5000	0.0085	75.6500	
0.1495	47.0000	0.0085	75.7250	
0.1494	49.2000	0.0085	75.7000	
0.1495	47.1750	0.0085	75.6750	
0.1494	49.2500	0.0085	75.6500	
0.1497	46.3250	0.0085	75.6750	
0.1495	47.9250	0.0085	75.7000	
0.1495	48.0500	0.0085	75.7000	
0.1496	46.4250	0.0085	75.6500	
0.1496	48.8500	0.0085	75.6500	
0.1494	46.6250	0.0085	75.6750	
0.1497	48.4250	0.0085	75.7000	
0.1495	47.3000	0.0085	75.6500	
0.1496	46.4000	0.0085	75.6500	
0.1495	49.0750	0.0085	75.6750	
0.1496	46.1250	0.0085	75.6500	
0.1493	47.2750	0.0084	75.7000	
0.1494	46.8000	0.0085	75.6750	
0.1494	47.4500	0.0085	75.7000	
0.1494	46.6250	0.0085	75.6750	
0.1493	45.9000	0.0085	75.6500	
0.1495	49.1500	0.0085	75.6750	
0.1498	44.7250	0.0086	75.6750	
0.1496	48.1000	0.0085	75.6750	
0.1493	45.8250	0.0085	75.6750	
0.1496	47.7000	0.0085	75.7000	
0.1494	47.1000	0.0085	75.6500	
0.1495	45.7250	0.0085	75.6500	
0.1493	48.2750	0.0085	75.6250	
0.1495	44.9750	0.0086	75.6750	
0.1495	48.0500	0.0085	75.6750	
0.1494	45.5750	0.0085	75.6500	
0.1493	47.4000	0.0085	75.6750	
0.1494	45.3500	0.0085	75.6500	
0.1496	47.6750	0.0085	75.7000	
0.1493	46.1000	0.0085	75.6000	
0.1494	46.0500	0.0085	75.6250	
0.1495	47.3750	0.0085	75.6500	
0.1493	46.8000	0.0084	75.6750	
0.1494	46.6000	0.0085	75.6500	
0.1494	46.0500	0.0085	75.6500	
0.1494	47.4250	0.0085	75.6750	
0.1493	46.1500	0.0085	75.6250	
0.1495	47.3000	0.0086	75.6250	
0.1496	45.1250	0.0085	75.6250	
0.1494	47.6250	0.0085	75.6000	
0.1494	45.3000	0.0086	75.6000	
0.1494	47.2000	0.0085	75.6750	
0.1493	45.4750	0.0085	75.6500	
0.1493	46.6000	0.0085	75.6750	
0.1494	45.6000	0.0085	75.6250	
0.1494	46.5250	0.0084	75.6750	
0.1493	46.3250	0.0085	75.5750	
0.1493	45.7000	0.0085	75.6250	
0.1494	46.3250	0.0085	75.6000	
0.1494	46.0000	0.0085	75.6500	
0.1493	46.4250	0.0084	75.6750	
0.1493	45.1500	0.0085	75.5250	
0.1495	48.3250	0.0084	75.6500	
0.1498	43.6000	0.0084	75.6500	
0.1504	48.8250	0.0084	75.6250	
0.1494	44.6000	0.0085	75.5500	
0.1495	48.1250	0.0085	75.6250	
0.1496	44.5250	0.0085	75.6250	
0.1494	48.0250	0.0085	75.6000	
0.1497	45.4500	0.0085	75.6000	
0.1494	46.8000	0.0086	75.5250	
0.1496	46.6000	0.0085	75.6250	
0.1499	44.2500	0.0085	75.5500	
0.1499	48.9250	0.0084	75.6750	
0.1499	43.5750	0.0084	75.6250	
0.1498	47.4000	0.0084	75.6500	
0.1493	44.8750	0.0085	75.5500	
0.1494	46.6250	0.0085	75.6000	
