Loss_Adversary	Accuracy_Adversary	Loss_Target	Accuracy_Target	
0.0822	0.6491	0.8134	50.0000	50.0000	
0.0794	0.6146	0.7735	50.0000	50.0000	
0.0763	0.5837	0.7362	50.0000	50.0000	
0.0727	0.5565	0.7020	50.0000	50.0000	
0.0683	0.5338	0.6704	50.0000	50.0000	
0.0619	0.5169	0.6407	50.0000	50.0000	
0.0558	0.5007	0.6124	50.0000	50.0000	
0.0505	0.4847	0.5857	50.0000	50.0000	
0.0459	0.4690	0.5608	50.0000	50.0000	
0.0416	0.4539	0.5371	50.0000	50.0000	
0.0379	0.4391	0.5149	50.0000	50.0000	
0.0348	0.4247	0.4943	50.0000	50.0000	
0.0333	0.4108	0.4774	50.0000	50.0000	
0.0328	0.3975	0.4632	50.0000	50.0000	
0.0341	0.3847	0.4529	50.0000	50.0000	
0.0353	0.3726	0.4431	50.0000	50.0000	
0.0362	0.3609	0.4334	50.0000	50.0000	
0.0370	0.3498	0.4237	50.0000	50.0000	
0.0374	0.3393	0.4141	50.0000	50.0000	
0.0374	0.3295	0.4043	50.0000	50.0000	
0.0373	0.3202	0.3948	50.0000	50.0000	
0.0369	0.3115	0.3853	50.0000	50.0000	
0.0363	0.3035	0.3761	50.0000	50.0000	
0.0354	0.2963	0.3670	50.0000	50.0000	
0.0343	0.2897	0.3582	50.0000	50.0000	
0.0329	0.2839	0.3497	50.0000	50.0000	
0.0316	0.2786	0.3418	50.0000	50.0000	
0.0300	0.2740	0.3341	50.0000	50.0000	
0.0282	0.2702	0.3266	50.0000	50.0000	
0.0265	0.2669	0.3199	50.0000	50.0000	
0.0247	0.2642	0.3136	50.0000	50.0000	
0.0231	0.2620	0.3081	50.0000	50.0000	
0.0215	0.2604	0.3033	50.0000	50.0000	
0.0201	0.2592	0.2993	50.0000	50.0000	
0.0189	0.2583	0.2961	50.0000	50.0000	
0.0179	0.2577	0.2936	50.0000	50.0000	
0.0173	0.2571	0.2916	50.0000	50.0000	
0.0169	0.2564	0.2901	50.0000	50.0000	
0.0152	0.2560	0.2864	50.0000	50.0000	
0.0141	0.2561	0.2843	50.0000	49.5000	
0.0129	0.2564	0.2822	52.3750	37.5250	
0.0116	0.2564	0.2796	72.5000	38.0250	
0.0102	0.2560	0.2765	75.0250	42.5000	
0.0087	0.2554	0.2728	74.5000	47.4250	
0.0070	0.2544	0.2684	74.6250	49.8250	
0.0052	0.2529	0.2633	74.6000	50.2750	
0.0032	0.2507	0.2572	74.7250	43.2750	
0.0011	0.2479	0.2500	74.9000	33.2250	
-0.0015	0.2448	0.2418	74.8000	31.4750	
-0.0054	0.2412	0.2304	75.0000	30.8500	
-0.0101	0.2370	0.2168	74.8250	31.6500	
-0.0143	0.2322	0.2037	74.9750	32.7250	
-0.0176	0.2273	0.1921	74.7000	35.3750	
-0.0199	0.2214	0.1816	73.2000	38.8250	
-0.0214	0.2158	0.1730	64.6000	40.5500	
-0.0220	0.2105	0.1666	57.0000	40.2750	
-0.0217	0.2053	0.1618	51.6500	40.1000	
-0.0210	0.2019	0.1598	51.0500	39.7000	
-0.0202	0.1992	0.1588	50.2000	39.6750	
-0.0196	0.1980	0.1587	49.8500	39.9500	
-0.0195	0.1983	0.1593	50.0000	40.1250	
-0.0197	0.1996	0.1602	50.0000	40.4000	
-0.0197	0.2014	0.1620	50.0000	40.7500	
-0.0198	0.2001	0.1605	50.0000	41.5250	
-0.0200	0.1978	0.1579	50.1250	42.6250	
-0.0201	0.1951	0.1549	50.1500	44.0250	
-0.0201	0.1945	0.1543	50.0000	44.8000	
-0.0201	0.1932	0.1531	50.1500	45.2750	
-0.0201	0.1933	0.1532	50.7000	45.4500	
-0.0203	0.1910	0.1504	53.9750	45.9000	
-0.0209	0.1908	0.1490	57.1500	46.2500	
-0.0220	0.1914	0.1474	60.5500	46.8000	
-0.0236	0.1918	0.1446	61.4250	47.4000	
-0.0251	0.1934	0.1432	58.2250	48.1500	
-0.0259	0.1902	0.1384	55.6750	49.0750	
-0.0275	0.1883	0.1333	53.1000	49.9250	
-0.0301	0.1862	0.1260	54.0000	50.6750	
-0.0328	0.1854	0.1197	54.8750	52.2750	
-0.0357	0.1849	0.1134	55.5000	53.2000	
-0.0383	0.1831	0.1066	55.9250	54.2250	
-0.0405	0.1800	0.0990	58.9500	56.3750	
-0.0424	0.1797	0.0949	59.4250	59.1000	
-0.0443	0.1780	0.0893	63.9000	62.4500	
-0.0459	0.1754	0.0836	65.5500	66.7000	
-0.0474	0.1701	0.0752	69.7500	69.7750	
-0.0486	0.1686	0.0715	70.3750	72.2250	
-0.0492	0.1660	0.0676	70.8250	72.9250	
-0.0502	0.1641	0.0636	71.9750	73.3750	
-0.0507	0.1646	0.0631	71.1000	73.5750	
-0.0515	0.1637	0.0606	71.2250	72.8500	
-0.0516	0.1635	0.0604	70.9250	73.4250	
-0.0520	0.1607	0.0567	70.7500	73.4500	
-0.0530	0.1587	0.0526	70.7000	73.8750	
-0.0534	0.1582	0.0514	70.2500	74.6000	
-0.0539	0.1569	0.0491	71.1500	74.5000	
-0.0543	0.1603	0.0517	68.0000	74.9750	
-0.0551	0.1581	0.0479	70.8750	75.5000	
-0.0542	0.1605	0.0522	66.7500	75.5500	
-0.0555	0.1580	0.0469	70.3500	76.6500	
-0.0560	0.1596	0.0477	66.6000	76.2500	
-0.0546	0.1597	0.0505	67.7250	76.7750	
-0.0559	0.1561	0.0442	70.4000	76.7500	
-0.0561	0.1600	0.0477	65.8500	77.2000	
-0.0561	0.1530	0.0408	73.0750	77.4250	
-0.0567	0.1583	0.0449	64.2750	77.2250	
-0.0569	0.1537	0.0400	73.6500	77.7000	
-0.0569	0.1563	0.0426	65.1250	77.6500	
-0.0567	0.1555	0.0422	69.4500	77.8000	
-0.0564	0.1528	0.0400	70.8250	77.6000	
-0.0564	0.1621	0.0493	61.1500	77.9500	
-0.0559	0.1588	0.0470	74.0250	77.7750	
-0.0568	0.1641	0.0505	58.6500	77.8000	
-0.0556	0.1593	0.0480	68.0500	78.1750	
-0.0551	0.1610	0.0507	73.1000	77.3500	
-0.0581	0.1672	0.0510	55.2250	77.9500	
-0.0567	0.1555	0.0421	70.3750	78.2250	
-0.0551	0.1620	0.0518	73.6250	77.4250	
-0.0583	0.1607	0.0440	55.5750	77.4750	
-0.0559	0.1548	0.0431	66.0750	78.0500	
-0.0574	0.1616	0.0469	74.5500	77.0250	
-0.0584	0.1481	0.0313	59.9250	77.2000	
-0.0568	0.1564	0.0427	57.1500	78.0500	
-0.0597	0.1494	0.0299	74.1500	77.6750	
-0.0575	0.1472	0.0321	69.8000	76.9750	
-0.0597	0.1472	0.0278	55.5750	77.3500	
-0.0592	0.1442	0.0258	65.9750	77.3250	
-0.0598	0.1460	0.0265	72.3500	77.3500	
-0.0600	0.1418	0.0218	62.4500	77.0250	
-0.0603	0.1432	0.0226	59.7250	76.8500	
-0.0608	0.1421	0.0205	69.2000	77.0750	
-0.0608	0.1419	0.0203	66.9000	76.7250	
-0.0610	0.1414	0.0194	62.0750	76.5000	
-0.0616	0.1417	0.0185	67.6750	76.1750	
-0.0615	0.1423	0.0194	66.2500	76.3000	
-0.0617	0.1414	0.0180	60.7500	75.7000	
-0.0617	0.1408	0.0173	65.8250	76.1000	
-0.0622	0.1414	0.0170	68.5000	75.8000	
-0.0625	0.1411	0.0161	65.7000	75.7250	
-0.0627	0.1411	0.0157	65.2750	75.6000	
-0.0630	0.1414	0.0154	66.7500	75.6750	
-0.0631	0.1414	0.0152	66.5250	75.6500	
-0.0633	0.1416	0.0149	65.1250	75.6000	
-0.0636	0.1416	0.0145	63.5000	75.5750	
-0.0637	0.1416	0.0142	64.4000	75.5250	
-0.0639	0.1420	0.0142	65.0250	76.2000	
-0.0641	0.1420	0.0138	63.0750	75.9250	
-0.0643	0.1421	0.0135	63.5000	75.8250	
-0.0646	0.1426	0.0135	64.3000	76.3250	
-0.0646	0.1424	0.0132	63.5750	76.1250	
-0.0649	0.1432	0.0133	63.4500	76.5500	
-0.0652	0.1433	0.0129	59.5250	76.4500	
-0.0654	0.1436	0.0127	60.7500	76.3750	
-0.0656	0.1442	0.0130	61.3000	76.6250	
-0.0658	0.1440	0.0124	54.0000	76.6250	
-0.0660	0.1444	0.0124	53.4250	76.9500	
-0.0663	0.1451	0.0125	53.9500	77.0750	
-0.0663	0.1448	0.0121	53.6750	76.8500	
-0.0667	0.1463	0.0129	56.0250	77.2250	
-0.0670	0.1462	0.0122	53.6500	77.2000	
-0.0672	0.1462	0.0117	53.4000	76.8000	
-0.0675	0.1475	0.0125	55.1500	77.3250	
-0.0679	0.1474	0.0116	54.7500	77.3000	
-0.0683	0.1488	0.0122	56.5750	77.2500	
-0.0688	0.1495	0.0120	56.3500	77.0750	
-0.0692	0.1509	0.0125	57.6750	77.4750	
-0.0697	0.1513	0.0120	57.8500	77.4250	
-0.0703	0.1536	0.0129	60.2750	77.0500	
-0.0710	0.1539	0.0119	58.3500	76.4250	
-0.0718	0.1571	0.0135	61.8750	77.0250	
-0.0727	0.1579	0.0126	59.9750	76.5500	
-0.0737	0.1610	0.0137	62.5000	76.1500	
-0.0745	0.1629	0.0138	62.1000	74.7500	
-0.0757	0.1669	0.0155	63.5250	73.3250	
-0.0770	0.1712	0.0172	64.3500	72.0750	
-0.0788	0.1774	0.0197	66.4000	69.8000	
-0.0810	0.1866	0.0246	69.1000	67.6750	
-0.0828	0.1946	0.0290	70.3000	65.7250	
-0.0843	0.2009	0.0323	71.1750	64.3500	
-0.0845	0.2034	0.0343	71.0500	63.9500	
-0.0837	0.2031	0.0357	70.1500	64.2500	
-0.0825	0.1984	0.0334	67.5250	66.4750	
-0.0818	0.1934	0.0299	65.4000	68.8000	
-0.0811	0.1897	0.0275	64.7000	70.4250	
-0.0805	0.1871	0.0261	65.2000	71.5750	
-0.0799	0.1849	0.0252	66.4500	72.8750	
-0.0792	0.1835	0.0252	67.4000	73.8750	
-0.0785	0.1828	0.0258	68.2250	74.0500	
-0.0781	0.1827	0.0266	69.9500	73.9000	
-0.0777	0.1825	0.0271	71.3750	74.0000	
-0.0774	0.1824	0.0277	72.0250	73.7750	
-0.0772	0.1829	0.0285	72.6000	73.2750	
-0.0770	0.1827	0.0287	72.5250	73.1500	
-0.0767	0.1833	0.0299	72.3500	72.5250	
-0.0763	0.1828	0.0302	72.4500	72.0500	
-0.0760	0.1818	0.0298	72.1250	72.4000	
-0.0756	0.1813	0.0301	71.6250	72.1000	
-0.0750	0.1816	0.0316	70.4250	71.3750	
-0.0744	0.1803	0.0315	69.2000	71.4500	
-0.0738	0.1795	0.0319	68.0250	71.2000	
-0.0731	0.1789	0.0326	66.8750	70.9000	
-0.0725	0.1771	0.0322	65.2750	70.8250	
-0.0719	0.1764	0.0326	63.5750	70.6500	
-0.0714	0.1746	0.0318	61.6250	70.7250	
-0.0708	0.1729	0.0312	60.5000	70.8750	
-0.0702	0.1725	0.0321	59.4000	70.2250	
-0.0697	0.1706	0.0312	56.7000	70.9500	
-0.0691	0.1714	0.0332	56.8000	70.3000	
-0.0687	0.1700	0.0326	56.1000	70.4750	
-0.0685	0.1697	0.0327	55.3000	70.5750	
-0.0681	0.1703	0.0342	55.9250	70.1250	
-0.0677	0.1686	0.0332	53.9500	70.5500	
-0.0675	0.1693	0.0344	55.2250	69.9500	
-0.0671	0.1685	0.0343	54.8000	70.2500	
-0.0669	0.1681	0.0343	54.2000	70.2000	
-0.0664	0.1680	0.0352	55.3000	69.8000	
-0.0663	0.1692	0.0366	53.4750	70.2250	
-0.0657	0.1667	0.0353	55.0500	69.8250	
-0.0659	0.1674	0.0356	54.2750	69.7500	
-0.0657	0.1673	0.0360	52.8000	69.9500	
-0.0653	0.1670	0.0363	52.6500	69.6250	
-0.0651	0.1660	0.0358	52.1500	69.8750	
-0.0653	0.1653	0.0348	52.1500	70.1500	
-0.0650	0.1648	0.0348	52.4000	70.1500	
-0.0649	0.1642	0.0344	51.0500	70.4750	
-0.0647	0.1636	0.0341	50.9750	70.4500	
-0.0646	0.1632	0.0339	50.3250	70.7500	
-0.0645	0.1622	0.0333	51.0750	70.8750	
-0.0643	0.1621	0.0335	51.6250	70.9750	
-0.0643	0.1612	0.0327	51.1000	71.4500	
-0.0642	0.1607	0.0323	51.0000	71.4250	
-0.0642	0.1594	0.0310	50.6000	71.7250	
-0.0643	0.1588	0.0303	50.0750	72.0250	
-0.0644	0.1583	0.0295	49.8000	71.8750	
-0.0646	0.1574	0.0282	50.7500	72.6250	
-0.0646	0.1563	0.0271	47.5500	72.4500	
-0.0650	0.1560	0.0260	45.5250	72.5750	
-0.0652	0.1563	0.0259	46.2750	73.0500	
-0.0656	0.1560	0.0248	44.7250	72.8000	
-0.0659	0.1553	0.0235	44.2000	73.4500	
-0.0662	0.1551	0.0227	42.3000	73.3750	
-0.0666	0.1555	0.0222	41.1500	73.2500	
-0.0671	0.1568	0.0226	40.1000	73.5500	
-0.0679	0.1582	0.0224	39.5250	73.7250	
-0.0686	0.1593	0.0221	38.5000	73.8500	
-0.0696	0.1606	0.0213	37.2750	73.8750	
-0.0709	0.1626	0.0208	35.8250	74.9250	
-0.0724	0.1653	0.0205	35.0750	74.5250	
-0.0740	0.1675	0.0196	33.9000	74.4250	
-0.0759	0.1705	0.0188	33.6000	74.6750	
-0.0776	0.1738	0.0186	31.7750	75.1250	
-0.0786	0.1766	0.0193	30.6500	74.8250	
-0.0784	0.1776	0.0209	30.2750	74.3250	
-0.0770	0.1769	0.0228	30.9500	73.4250	
-0.0759	0.1756	0.0238	33.5250	72.8250	
-0.0756	0.1745	0.0233	36.4250	73.1750	
-0.0758	0.1740	0.0224	40.8000	73.4750	
-0.0761	0.1739	0.0217	44.2250	74.1500	
-0.0765	0.1743	0.0213	46.3750	74.5750	
-0.0765	0.1745	0.0214	48.3250	75.1500	
-0.0764	0.1744	0.0217	51.0000	75.4750	
-0.0764	0.1741	0.0212	52.3500	76.2500	
-0.0764	0.1737	0.0208	52.9750	76.3500	
-0.0763	0.1733	0.0206	54.2750	76.2000	
-0.0762	0.1725	0.0201	55.3500	77.0500	
-0.0761	0.1719	0.0197	55.6750	77.2750	
-0.0762	0.1718	0.0193	55.2500	77.2250	
-0.0763	0.1714	0.0187	54.2000	77.1000	
-0.0766	0.1720	0.0188	53.0500	77.7000	
-0.0767	0.1737	0.0203	50.7500	77.8750	
-0.0768	0.1749	0.0213	47.3750	77.3750	
-0.0772	0.1753	0.0210	45.1500	79.8250	
-0.0778	0.1783	0.0226	43.2500	79.2250	
-0.0783	0.1799	0.0232	42.2250	81.2000	
-0.0788	0.1823	0.0248	43.4250	81.7500	
-0.0787	0.1838	0.0265	44.2500	82.7750	
-0.0792	0.1853	0.0269	44.4000	83.6000	
-0.0799	0.1864	0.0266	44.7000	83.7250	
-0.0809	0.1871	0.0254	45.0750	84.4500	
-0.0815	0.1880	0.0250	43.5250	83.2250	
-0.0819	0.1868	0.0231	40.6000	84.3000	
-0.0821	0.1861	0.0220	41.1000	82.0750	
-0.0823	0.1845	0.0198	40.2750	81.1500	
-0.0824	0.1829	0.0181	40.2250	80.0250	
-0.0823	0.1817	0.0171	41.1250	79.0000	
-0.0825	0.1816	0.0166	42.3750	77.9250	
-0.0824	0.1809	0.0162	40.4250	77.3750	
-0.0824	0.1807	0.0160	42.0500	77.0500	
-0.0824	0.1794	0.0147	39.7000	76.6000	
-0.0821	0.1782	0.0139	40.7750	76.9750	
-0.0821	0.1788	0.0147	40.4500	75.7750	
-0.0819	0.1774	0.0136	40.8500	76.4500	
-0.0815	0.1772	0.0141	39.3500	75.6750	
-0.0815	0.1766	0.0136	39.0250	75.6500	
-0.0815	0.1761	0.0132	39.6250	75.9250	
-0.0813	0.1764	0.0137	38.9750	75.2250	
-0.0811	0.1756	0.0134	38.8500	75.6000	
-0.0810	0.1757	0.0138	38.9750	75.3000	
-0.0807	0.1751	0.0136	38.7250	75.6000	
-0.0806	0.1752	0.0141	38.7000	75.4750	
-0.0806	0.1756	0.0143	38.4750	75.4000	
-0.0804	0.1745	0.0136	38.4750	76.0750	
-0.0804	0.1749	0.0141	38.6000	75.7500	
-0.0805	0.1749	0.0139	38.3000	76.5250	
-0.0804	0.1754	0.0147	38.7000	76.0750	
-0.0803	0.1746	0.0141	38.6000	76.5000	
-0.0804	0.1756	0.0148	38.9250	76.5250	
-0.0803	0.1756	0.0150	38.7000	77.0250	
-0.0802	0.1750	0.0147	39.0000	77.1750	
-0.0802	0.1753	0.0148	39.1000	77.3500	
-0.0801	0.1756	0.0153	39.3000	77.9750	
-0.0801	0.1766	0.0163	39.2000	77.3750	
-0.0800	0.1757	0.0156	39.7000	78.6750	
-0.0801	0.1769	0.0168	39.8750	78.0500	
-0.0801	0.1760	0.0159	40.1750	78.7500	
-0.0801	0.1770	0.0169	40.1500	78.4500	
-0.0799	0.1766	0.0168	41.0250	79.0750	
-0.0800	0.1770	0.0170	41.0000	78.8500	
-0.0800	0.1769	0.0169	41.2500	78.6750	
-0.0800	0.1768	0.0169	41.7250	78.9000	
-0.0799	0.1769	0.0171	41.9250	78.9250	
-0.0799	0.1779	0.0182	42.2000	78.3500	
-0.0799	0.1776	0.0178	42.3750	78.8500	
-0.0800	0.1771	0.0171	42.7000	78.7750	
-0.0798	0.1778	0.0181	42.5000	78.7000	
-0.0798	0.1776	0.0181	43.2750	78.3750	
-0.0796	0.1775	0.0184	43.1250	78.7250	
-0.0798	0.1775	0.0179	42.8500	78.5250	
-0.0796	0.1778	0.0185	43.4250	78.5000	
-0.0798	0.1775	0.0180	43.5250	78.6250	
-0.0797	0.1774	0.0181	44.0250	78.6500	
-0.0795	0.1777	0.0186	43.7250	78.7500	
-0.0793	0.1766	0.0181	44.7750	78.9250	
-0.0794	0.1782	0.0193	43.9750	78.4500	
-0.0793	0.1771	0.0186	45.0750	78.4500	
-0.0797	0.1771	0.0178	44.4000	78.7750	
-0.0798	0.1790	0.0194	45.1000	78.0500	
-0.0795	0.1771	0.0181	44.9750	78.3250	
-0.0794	0.1767	0.0179	45.3000	78.5000	
-0.0792	0.1778	0.0194	45.0750	78.5500	
-0.0791	0.1770	0.0189	45.6000	78.1750	
-0.0790	0.1769	0.0189	45.7250	78.3750	
-0.0791	0.1773	0.0191	45.4750	78.4000	
-0.0791	0.1762	0.0179	45.5500	78.3250	
-0.0790	0.1766	0.0186	45.9750	77.8750	
-0.0790	0.1760	0.0180	45.8750	78.0250	
-0.0790	0.1765	0.0185	45.9750	77.7750	
-0.0789	0.1768	0.0190	45.9500	77.6250	
-0.0789	0.1753	0.0176	46.4750	77.9750	
-0.0787	0.1769	0.0196	45.9500	77.8500	
-0.0788	0.1763	0.0186	46.1500	77.8500	
-0.0786	0.1758	0.0187	46.4250	77.7500	
-0.0785	0.1763	0.0193	46.4250	77.7250	
-0.0785	0.1760	0.0190	46.5750	77.7500	
-0.0786	0.1775	0.0203	46.5250	77.4500	
-0.0785	0.1753	0.0184	46.6250	77.9500	
-0.0786	0.1774	0.0201	46.6500	77.5750	
-0.0799	0.1801	0.0204	46.4500	77.5500	
-0.0789	0.1808	0.0229	46.9500	77.4000	
-0.0786	0.1770	0.0197	47.0250	77.8500	
-0.0784	0.1780	0.0212	46.8500	77.4750	
-0.0784	0.1762	0.0195	47.4000	77.7000	
-0.0779	0.1771	0.0214	47.1750	77.6500	
-0.0783	0.1776	0.0211	47.5750	77.4250	
-0.0779	0.1771	0.0213	47.6250	77.9000	
-0.0781	0.1768	0.0206	47.4250	77.4500	
-0.0784	0.1765	0.0197	47.6500	77.6500	
-0.0783	0.1781	0.0214	47.6500	77.4750	
-0.0782	0.1771	0.0208	47.6250	77.6250	
-0.0780	0.1766	0.0205	47.9750	77.6250	
-0.0778	0.1772	0.0215	47.8000	77.5000	
-0.0780	0.1769	0.0209	47.8500	77.7000	
-0.0777	0.1774	0.0220	48.0000	77.5250	
-0.0779	0.1781	0.0223	47.8500	77.4750	
-0.0779	0.1759	0.0201	47.9750	77.5500	
-0.0782	0.1781	0.0218	47.9000	77.3500	
-0.0786	0.1779	0.0207	47.9250	77.2000	
-0.0779	0.1763	0.0205	48.2750	77.5250	
-0.0781	0.1770	0.0208	48.3250	77.4000	
-0.0785	0.1780	0.0210	48.4750	77.2000	
-0.0781	0.1772	0.0209	48.3750	77.3750	
-0.0782	0.1768	0.0204	48.4500	77.3750	
-0.0783	0.1771	0.0205	48.7250	77.1250	
-0.0779	0.1781	0.0223	49.0000	77.4000	
-0.0778	0.1775	0.0219	49.0250	77.5000	
-0.0779	0.1767	0.0210	48.9000	77.3750	
-0.0781	0.1772	0.0210	49.2250	77.1250	
-0.0780	0.1767	0.0207	49.3250	77.4250	
-0.0784	0.1782	0.0215	49.4500	77.1000	
-0.0783	0.1787	0.0221	49.5000	76.8750	
-0.0781	0.1771	0.0209	49.6750	77.3500	
-0.0783	0.1774	0.0208	49.4500	77.0000	
-0.0781	0.1787	0.0225	49.7000	77.1000	
-0.0783	0.1790	0.0224	50.0250	77.1500	
-0.0781	0.1783	0.0221	49.8000	77.0250	
-0.0781	0.1781	0.0218	49.5500	77.0750	
-0.0780	0.1778	0.0218	50.0000	77.0500	
-0.0782	0.1787	0.0224	50.2250	77.0500	
-0.0782	0.1786	0.0221	50.1250	76.9000	
-0.0779	0.1792	0.0234	50.0250	76.7750	
-0.0781	0.1768	0.0207	50.3500	77.0750	
-0.0781	0.1786	0.0223	50.5000	76.8000	
-0.0781	0.1779	0.0217	50.5250	76.9500	
-0.0783	0.1796	0.0229	50.3250	76.6500	
-0.0781	0.1784	0.0222	50.4750	76.7500	
-0.0781	0.1774	0.0211	50.4500	76.9250	
-0.0782	0.1785	0.0221	50.5000	76.6000	
-0.0779	0.1788	0.0231	50.4000	76.8500	
-0.0779	0.1794	0.0237	50.6750	76.7750	
-0.0781	0.1809	0.0247	50.6250	76.8750	
-0.0779	0.1793	0.0236	50.8750	76.9500	
-0.0780	0.1798	0.0237	50.7750	76.7750	
-0.0781	0.1792	0.0230	50.7250	76.7750	
-0.0779	0.1812	0.0254	50.6750	76.6250	
-0.0780	0.1807	0.0248	50.8750	76.8250	
-0.0781	0.1801	0.0239	51.1750	76.5500	
-0.0777	0.1806	0.0252	50.8750	76.7000	
-0.0781	0.1796	0.0233	50.7250	76.6500	
-0.0784	0.1800	0.0232	51.0000	76.4500	
-0.0782	0.1794	0.0230	50.8750	76.5500	
-0.0777	0.1794	0.0239	50.8500	76.6000	
-0.0784	0.1804	0.0236	51.1500	76.4750	
-0.0783	0.1803	0.0237	50.8750	76.4500	
-0.0786	0.1802	0.0230	51.1500	76.5250	
-0.0785	0.1815	0.0245	51.0250	76.4000	
-0.0783	0.1812	0.0246	50.8750	76.4250	
-0.0782	0.1794	0.0230	51.1500	76.4250	
-0.0782	0.1799	0.0235	50.9250	76.6250	
-0.0784	0.1802	0.0235	50.9000	76.2500	
-0.0783	0.1803	0.0236	51.0500	76.4500	
-0.0778	0.1795	0.0239	51.4250	76.4500	
-0.0780	0.1794	0.0234	51.0500	76.3750	
-0.0783	0.1803	0.0238	50.9500	76.3250	
-0.0784	0.1796	0.0229	51.0750	76.3000	
-0.0786	0.1823	0.0251	51.3000	76.1250	
-0.0782	0.1805	0.0241	51.6000	76.1500	
-0.0784	0.1804	0.0235	51.4250	76.2250	
-0.0780	0.1815	0.0255	51.1750	76.0250	
-0.0776	0.1806	0.0255	51.4000	76.2500	
-0.0782	0.1810	0.0245	51.2250	76.1750	
-0.0782	0.1823	0.0259	51.8000	76.0750	
-0.0786	0.1811	0.0240	51.4500	76.0500	
-0.0781	0.1802	0.0241	51.5000	76.1500	
-0.0782	0.1808	0.0243	51.5000	76.0000	
-0.0786	0.1818	0.0246	51.3500	76.0250	
-0.0782	0.1820	0.0255	51.4750	75.7750	
-0.0785	0.1801	0.0231	51.4000	75.9250	
-0.0785	0.1809	0.0238	51.5000	75.9500	
-0.0786	0.1824	0.0252	51.3750	75.9000	
-0.0786	0.1844	0.0272	51.8500	75.8750	
-0.0791	0.1862	0.0280	51.9000	75.4750	
-0.0792	0.1845	0.0260	51.6250	75.7000	
-0.0788	0.1826	0.0251	51.5250	75.6000	
-0.0790	0.1827	0.0246	51.5250	75.5750	
-0.0784	0.1820	0.0252	51.9000	75.7500	
-0.0790	0.1824	0.0243	51.7750	75.3750	
-0.0786	0.1829	0.0257	51.5750	75.3500	
-0.0790	0.1820	0.0241	51.6000	75.4500	
-0.0787	0.1811	0.0237	51.9250	75.4500	
-0.0787	0.1823	0.0250	51.8250	75.2000	
-0.0790	0.1825	0.0245	51.7000	75.1250	
-0.0791	0.1831	0.0250	51.8250	75.0750	
-0.0794	0.1854	0.0266	51.7750	74.9750	
-0.0789	0.1840	0.0262	51.7000	75.0500	
-0.0789	0.1833	0.0255	51.7000	74.8500	
-0.0790	0.1833	0.0252	51.7500	74.8750	
-0.0794	0.1837	0.0250	51.7750	74.7250	
-0.0794	0.1841	0.0253	51.5750	74.6000	
-0.0795	0.1832	0.0242	51.7500	74.7250	
-0.0795	0.1828	0.0239	51.8250	74.6750	
-0.0796	0.1839	0.0247	51.8750	74.2750	
-0.0796	0.1847	0.0256	51.6750	74.3500	
-0.0797	0.1843	0.0249	51.7000	74.3500	
-0.0795	0.1840	0.0251	51.7250	74.1500	
-0.0795	0.1837	0.0248	51.8750	74.1500	
-0.0797	0.1845	0.0250	51.7250	73.9250	
-0.0794	0.1915	0.0326	51.1250	73.8250	
-0.0798	0.1864	0.0269	51.6000	74.0750	
-0.0798	0.1839	0.0242	51.4750	74.0500	
-0.0798	0.1844	0.0249	51.9500	73.8250	
-0.0798	0.1854	0.0259	51.3750	73.7750	
-0.0799	0.1851	0.0254	51.4000	73.6750	
-0.0799	0.1840	0.0242	51.4250	73.7250	
-0.0802	0.1848	0.0245	51.5750	73.7000	
-0.0800	0.1860	0.0260	51.2750	73.6250	
-0.0801	0.1872	0.0270	51.4500	73.3500	
-0.0802	0.1855	0.0252	51.3000	73.8000	
-0.0801	0.1836	0.0235	51.2250	73.7250	
-0.0801	0.1846	0.0244	51.0500	73.8500	
-0.0802	0.1857	0.0254	51.2250	73.6500	
-0.0795	0.1882	0.0292	51.5000	73.4750	
-0.0799	0.1870	0.0272	50.8000	73.9250	
-0.0804	0.1859	0.0252	51.3250	73.5000	
-0.0803	0.1857	0.0251	51.0000	73.5250	
-0.0804	0.1855	0.0246	51.3750	73.6750	
-0.0804	0.1873	0.0265	51.4500	73.6000	
-0.0804	0.1881	0.0274	51.2500	73.6250	
-0.0803	0.1866	0.0261	51.1000	73.6750	
-0.0803	0.1860	0.0254	51.0000	73.7500	
-0.0803	0.1861	0.0255	51.2000	73.7250	
-0.0802	0.1856	0.0253	50.9250	73.8000	
-0.0802	0.1855	0.0251	51.4750	73.9250	
-0.0804	0.1893	0.0284	51.1750	73.7250	
-0.0793	0.1861	0.0274	51.1000	74.1250	
-0.0801	0.1854	0.0251	51.2500	74.1500	
-0.0804	0.1858	0.0250	50.7250	73.8250	
-0.0803	0.1885	0.0280	50.9000	73.9750	
-0.0803	0.1887	0.0282	51.1000	73.8500	
-0.0802	0.1860	0.0255	51.0250	74.2000	
-0.0802	0.1872	0.0268	50.8750	73.7500	
-0.0803	0.1865	0.0259	50.9500	73.8000	
-0.0803	0.1868	0.0262	51.2000	74.0000	
-0.0802	0.1860	0.0257	51.0750	73.9000	
-0.0805	0.1864	0.0255	51.3000	73.7500	
-0.0807	0.1869	0.0255	51.3500	73.9500	
-0.0804	0.1877	0.0269	51.5000	73.9250	
-0.0802	0.1869	0.0265	51.1250	73.9500	
-0.0804	0.1862	0.0253	51.3750	74.0250	
-0.0805	0.1863	0.0254	51.4250	74.1000	
-0.0806	0.1871	0.0259	51.1250	74.0500	
-0.0803	0.1865	0.0260	51.4500	74.0750	
-0.0802	0.1868	0.0265	51.2750	73.9000	
-0.0802	0.1867	0.0264	51.0750	74.0500	
-0.0803	0.1868	0.0261	50.9750	73.9500	
-0.0805	0.1889	0.0280	51.2750	74.1500	
-0.0800	0.1877	0.0278	50.8250	73.9750	
-0.0801	0.1873	0.0271	51.1250	73.9750	
-0.0803	0.1864	0.0257	50.9000	73.7750	
-0.0805	0.1860	0.0250	50.9500	73.8500	
-0.0803	0.1860	0.0254	50.9750	73.9500	
-0.0805	0.1867	0.0257	50.9000	73.7000	
-0.0804	0.1864	0.0256	51.0500	74.0250	
-0.0805	0.1856	0.0247	51.1250	73.8250	
-0.0805	0.1855	0.0245	50.9000	73.8250	
-0.0806	0.1859	0.0246	50.9000	73.7500	
-0.0802	0.1876	0.0271	51.0250	73.6500	
-0.0805	0.1861	0.0251	51.0500	73.7000	
-0.0804	0.1848	0.0240	51.5000	73.8750	
-0.0803	0.1849	0.0243	51.3250	73.6500	
-0.0807	0.1876	0.0262	50.9000	73.8000	
-0.0801	0.1863	0.0261	51.6500	73.8250	
-0.0803	0.1872	0.0266	51.6250	73.8000	
-0.0799	0.1857	0.0259	51.4000	73.6250	
-0.0803	0.1859	0.0252	51.4000	73.5250	
-0.0805	0.1850	0.0240	51.6500	73.7250	
-0.0806	0.1846	0.0235	51.9000	73.7000	
-0.0806	0.1847	0.0235	51.7250	73.7750	
-0.0804	0.1852	0.0243	51.8250	73.6750	
-0.0803	0.1851	0.0246	51.7750	73.5000	
-0.0804	0.1851	0.0242	52.2000	73.8000	
-0.0803	0.1847	0.0240	51.6250	73.6500	
-0.0801	0.1851	0.0250	51.9000	73.4750	
-0.0806	0.1845	0.0233	52.0500	73.6250	
-0.0806	0.1845	0.0232	52.1500	73.6250	
-0.0806	0.1848	0.0235	52.0000	73.2750	
-0.0806	0.1845	0.0233	52.2250	73.6750	
-0.0806	0.1855	0.0244	52.1250	73.5000	
-0.0802	0.1856	0.0252	52.6000	73.2000	
-0.0807	0.1856	0.0242	52.4500	73.6500	
-0.0807	0.1864	0.0250	52.9500	73.4250	
-0.0807	0.1845	0.0230	52.7750	73.4250	
-0.0807	0.1845	0.0230	52.6500	73.3500	
-0.0809	0.1852	0.0234	52.2250	73.2750	
-0.0807	0.1841	0.0227	52.8500	73.3500	
-0.0807	0.1839	0.0224	52.5750	73.3000	
-0.0808	0.1840	0.0225	52.7250	73.2000	
-0.0808	0.1850	0.0234	52.4750	73.1000	
-0.0807	0.1852	0.0239	52.6750	73.0000	
-0.0806	0.1840	0.0229	52.7250	73.1000	
-0.0810	0.1847	0.0228	52.9250	72.9750	
-0.0809	0.1848	0.0229	52.9500	73.1250	
-0.0808	0.1843	0.0227	53.3500	73.1500	
-0.0809	0.1841	0.0224	53.0750	72.9000	
-0.0809	0.1840	0.0222	53.2500	72.9500	
-0.0809	0.1842	0.0223	53.0000	73.0250	
-0.0808	0.1845	0.0228	53.2750	72.9000	
-0.0809	0.1847	0.0228	53.0250	72.8250	
-0.0809	0.1848	0.0231	53.2000	72.9750	
-0.0808	0.1852	0.0236	53.3250	72.8250	
-0.0809	0.1847	0.0228	52.7500	72.7250	
-0.0809	0.1843	0.0225	53.1250	72.5250	
-0.0808	0.1836	0.0219	53.2750	72.7250	
-0.0809	0.1837	0.0219	53.5000	72.5000	
-0.0808	0.1852	0.0236	52.9500	72.6750	
-0.0810	0.1848	0.0228	53.2500	72.6250	
-0.0810	0.1843	0.0222	53.2000	72.6500	
-0.0810	0.1844	0.0223	53.4000	72.5000	
-0.0808	0.1846	0.0230	53.4500	72.6750	
-0.0809	0.1845	0.0226	53.2250	72.4500	
-0.0810	0.1845	0.0224	53.5000	72.5750	
-0.0809	0.1842	0.0224	53.3500	72.6000	
-0.0812	0.1850	0.0227	53.3250	72.4500	
-0.0808	0.1838	0.0221	53.8500	72.7000	
-0.0811	0.1842	0.0221	53.5000	72.6750	
-0.0810	0.1851	0.0231	53.4500	72.5000	
-0.0813	0.1851	0.0225	53.5000	72.8750	
-0.0812	0.1856	0.0232	53.6000	72.8250	
-0.0807	0.1853	0.0239	53.3750	72.6750	
-0.0811	0.1864	0.0242	53.3750	72.6000	
-0.0812	0.1855	0.0231	53.8500	72.6750	
-0.0813	0.1852	0.0225	53.6000	72.4000	
-0.0810	0.1841	0.0222	53.4000	72.4000	
-0.0810	0.1845	0.0224	53.6500	72.7000	
-0.0809	0.1849	0.0231	53.4750	72.4250	
-0.0811	0.1846	0.0224	53.7500	72.6250	
-0.0811	0.1841	0.0219	54.0000	72.5750	
-0.0811	0.1848	0.0226	53.8750	72.4250	
-0.0811	0.1844	0.0222	53.7750	72.5500	
-0.0811	0.1843	0.0221	54.0000	72.5500	
-0.0812	0.1846	0.0222	53.9250	72.5000	
-0.0812	0.1848	0.0224	53.8750	72.4500	
-0.0811	0.1854	0.0232	53.9000	72.3500	
-0.0808	0.1852	0.0235	54.0500	72.7000	
-0.0811	0.1846	0.0223	53.9500	72.5000	
-0.0810	0.1848	0.0228	54.0000	72.4750	
-0.0812	0.1854	0.0230	54.1000	72.6250	
-0.0809	0.1841	0.0223	54.1250	72.5000	
-0.0809	0.1842	0.0224	53.9750	72.5000	
-0.0809	0.1853	0.0236	54.0750	72.4750	
-0.0814	0.1851	0.0223	54.1500	72.4500	
-0.0813	0.1843	0.0217	54.1250	72.4000	
-0.0814	0.1849	0.0220	54.2750	72.3250	
-0.0813	0.1861	0.0235	53.6750	72.4500	
-0.0812	0.1850	0.0226	54.0250	72.5000	
-0.0814	0.1845	0.0218	54.1000	72.4750	
-0.0813	0.1849	0.0224	53.8750	72.3000	
-0.0812	0.1849	0.0225	53.7500	72.3500	
-0.0813	0.1844	0.0217	54.0500	72.6000	
-0.0813	0.1848	0.0222	53.8500	72.3000	
-0.0815	0.1858	0.0228	53.9500	72.3250	
-0.0812	0.1850	0.0226	54.3000	72.3750	
-0.0813	0.1855	0.0229	54.2000	72.2250	
-0.0815	0.1855	0.0225	53.9500	72.3500	
-0.0814	0.1848	0.0221	54.1000	72.3500	
-0.0813	0.1857	0.0231	53.9500	72.3250	
-0.0805	0.1858	0.0248	54.2750	72.4000	
-0.0810	0.1859	0.0239	54.6000	72.4250	
-0.0817	0.1892	0.0257	54.1250	72.3000	
-0.0809	0.1860	0.0243	54.5500	72.5500	
-0.0817	0.1862	0.0227	54.5500	72.6250	
-0.0817	0.1865	0.0232	54.0500	72.3750	
-0.0823	0.1874	0.0228	54.1000	72.7500	
-0.0823	0.1882	0.0236	54.0250	72.7500	
-0.0822	0.1893	0.0249	54.1250	72.9500	
-0.0826	0.1900	0.0247	53.8250	73.0250	
-0.0825	0.1900	0.0249	53.9250	72.9500	
-0.0829	0.1910	0.0253	53.7750	73.0000	
-0.0831	0.1921	0.0259	53.6500	73.2000	
-0.0827	0.1933	0.0278	53.6000	73.0000	
-0.0829	0.1921	0.0264	53.6500	72.8500	
-0.0831	0.1927	0.0266	53.5750	72.7500	
-0.0832	0.1936	0.0273	53.4750	72.5000	
-0.0832	0.1931	0.0267	53.5500	72.6000	
-0.0825	0.1933	0.0283	53.8000	72.4750	
-0.0832	0.1936	0.0272	53.5000	72.5000	
-0.0833	0.1940	0.0274	53.8750	72.7000	
-0.0832	0.1940	0.0276	53.5750	72.5500	
-0.0834	0.1950	0.0283	53.9250	72.3250	
-0.0827	0.1954	0.0301	53.9000	72.4500	
-0.0830	0.1942	0.0283	53.7500	72.4500	
-0.0830	0.1941	0.0280	54.0500	72.3000	
-0.0833	0.1936	0.0271	54.1000	72.3000	
-0.0835	0.1943	0.0272	54.3000	72.2750	
-0.0836	0.1955	0.0284	53.7500	72.3250	
-0.0833	0.1943	0.0278	54.4500	72.3000	
-0.0835	0.1942	0.0271	54.2750	72.2250	
-0.0835	0.1946	0.0275	54.4500	72.1000	
-0.0836	0.1949	0.0276	54.1250	72.4250	
-0.0836	0.1948	0.0277	54.5250	72.3500	
-0.0835	0.1948	0.0278	54.1500	72.0750	
-0.0833	0.1954	0.0288	54.4000	71.9500	
-0.0835	0.1949	0.0280	54.8250	72.3000	
-0.0834	0.1943	0.0275	54.6000	72.3000	
-0.0835	0.1951	0.0281	54.4500	72.0250	
-0.0837	0.1950	0.0275	54.7500	72.3500	
-0.0835	0.1945	0.0274	54.8000	72.2250	
-0.0835	0.1946	0.0275	54.6500	72.1000	
-0.0834	0.1943	0.0275	54.5250	72.1750	
-0.0836	0.1943	0.0271	54.8750	72.2750	
-0.0836	0.1947	0.0274	54.7750	72.3250	
-0.0837	0.1943	0.0269	54.6750	72.2000	
-0.0837	0.1942	0.0268	54.7250	72.1750	
-0.0837	0.1945	0.0271	54.8750	72.2500	
-0.0837	0.1947	0.0273	54.8000	72.2750	
-0.0836	0.1945	0.0273	54.7750	72.2250	
-0.0835	0.1954	0.0285	54.9000	72.0750	
-0.0835	0.1951	0.0280	54.8500	72.2000	
-0.0837	0.1941	0.0267	54.9000	72.3250	
-0.0840	0.1950	0.0270	55.1500	72.2250	
-0.0838	0.1951	0.0275	54.9250	72.2250	
-0.0837	0.1946	0.0271	54.9000	72.3000	
-0.0838	0.1942	0.0266	54.9500	72.2750	
-0.0838	0.1945	0.0268	54.9750	72.1500	
-0.0838	0.1946	0.0270	55.0250	72.4250	
-0.0838	0.1951	0.0275	55.1000	72.3500	
-0.0836	0.1947	0.0275	55.1500	72.2500	
-0.0837	0.1944	0.0269	55.0500	72.1500	
-0.0837	0.1945	0.0270	55.0500	72.2750	
-0.0838	0.1945	0.0269	55.0000	72.5000	
-0.0838	0.1945	0.0270	55.0750	72.4000	
-0.0838	0.1936	0.0260	55.0500	72.3500	
0.4037	50.0000	0.6123	50.0000	
0.3906	50.0000	0.5791	50.0000	
0.3771	50.0000	0.5475	50.0000	
0.3629	50.0000	0.5170	50.0000	
0.3491	50.0000	0.4870	50.0000	
0.3352	50.0000	0.4584	50.0000	
0.3207	50.0000	0.4301	50.0000	
0.3059	50.0000	0.4027	50.0000	
0.2918	50.0000	0.3767	50.0000	
0.2783	50.0000	0.3532	50.0000	
0.2671	50.0000	0.3325	50.0000	
0.2582	50.0000	0.3162	50.0000	
0.2527	50.0000	0.3034	50.0000	
0.2497	50.0000	0.2946	50.0000	
0.2487	50.5750	0.2889	50.2750	
0.2485	62.7250	0.2852	66.0750	
0.2484	59.1500	0.2827	73.4000	
0.2483	56.4000	0.2807	72.6500	
0.2481	56.2000	0.2790	73.4250	
0.2480	56.7000	0.2773	73.8750	
0.2479	57.7250	0.2755	73.6500	
0.2479	58.9000	0.2738	73.6250	
0.2478	59.4750	0.2720	73.5250	
0.2477	59.1750	0.2699	73.5500	
0.2476	57.4500	0.2674	73.4000	
0.2476	59.5250	0.2645	73.0750	
0.2475	60.9250	0.2610	73.0750	
0.2474	61.5750	0.2572	72.9250	
0.2473	60.5250	0.2529	72.8000	
0.2472	60.0500	0.2481	72.5000	
0.2472	61.4000	0.2427	72.3000	
0.2471	63.2750	0.2365	72.1250	
0.2470	61.7500	0.2297	71.5500	
0.2469	61.9750	0.2224	71.3000	
0.2468	62.1000	0.2146	71.0000	
0.2467	60.6500	0.2069	70.4250	
0.2466	62.7500	0.1991	69.8500	
0.2465	65.3500	0.1915	69.7500	
0.2464	66.5500	0.1845	69.6000	
0.2463	67.4250	0.1780	69.9750	
0.2460	63.9500	0.1722	70.0500	
0.2458	62.1750	0.1673	70.0500	
0.2455	64.2250	0.1636	69.9750	
0.2453	68.8000	0.1611	69.9750	
0.2450	66.5500	0.1594	70.1500	
0.2446	65.3250	0.1583	70.0000	
0.2443	68.4750	0.1574	70.0000	
0.2439	67.4000	0.1567	70.2000	
0.2436	69.0000	0.1561	70.2000	
0.2432	68.5500	0.1556	70.1750	
0.2428	68.2750	0.1551	70.2750	
0.2423	71.7500	0.1547	70.2750	
0.2419	69.3250	0.1544	70.2250	
0.2414	69.5000	0.1541	70.2000	
0.2410	72.7000	0.1538	70.2500	
0.2406	68.5750	0.1536	70.2500	
0.2399	70.0500	0.1533	70.3250	
0.2394	74.5750	0.1531	70.3750	
0.2388	74.6000	0.1529	70.3250	
0.2382	70.5000	0.1527	70.3750	
0.2377	69.7000	0.1526	70.3250	
0.2369	73.9500	0.1524	70.4000	
0.2362	74.1000	0.1523	70.3500	
0.2356	74.9000	0.1522	70.4250	
0.2347	71.4250	0.1520	70.4250	
0.2339	70.4750	0.1519	70.4000	
0.2333	70.8750	0.1518	70.5500	
0.2324	73.2250	0.1517	70.5000	
0.2315	72.8250	0.1515	70.3750	
0.2305	72.8500	0.1514	70.5250	
0.2296	74.0250	0.1513	70.5000	
0.2287	73.4500	0.1512	70.4750	
0.2277	73.8500	0.1511	70.5000	
0.2266	75.0750	0.1510	70.5500	
0.2256	73.4000	0.1509	70.4500	
0.2245	74.9500	0.1508	70.5500	
0.2234	74.0250	0.1507	70.5250	
0.2223	74.8750	0.1506	70.5500	
0.2211	74.1750	0.1505	70.5250	
0.2199	74.4750	0.1504	70.6500	
0.2189	74.3500	0.1502	70.6250	
0.2176	74.4000	0.1501	70.7000	
0.2165	73.9500	0.1500	70.7000	
0.2154	73.9000	0.1499	70.7250	
0.2142	73.8000	0.1498	70.8250	
0.2130	73.7750	0.1496	70.7750	
0.2119	72.1750	0.1495	70.8000	
0.2108	72.0750	0.1493	70.8500	
0.2098	69.8500	0.1492	70.9750	
0.2086	69.3250	0.1490	70.9500	
0.2077	68.4750	0.1489	70.9250	
0.2064	67.2000	0.1487	71.0750	
0.2056	67.8250	0.1485	71.1250	
0.2047	65.7750	0.1484	71.0000	
0.2033	67.4500	0.1481	71.1500	
0.2026	66.0000	0.1479	71.1000	
0.2014	65.4500	0.1477	71.1000	
0.2006	64.9500	0.1474	71.2500	
0.1999	66.1500	0.1471	71.2750	
0.1990	63.4750	0.1466	71.3500	
0.1978	64.9500	0.1461	71.3500	
0.1969	64.1750	0.1455	71.4250	
0.1962	64.6250	0.1450	71.6500	
0.1951	63.8000	0.1444	71.6250	
0.1946	61.5000	0.1437	71.7250	
0.1935	63.0000	0.1431	71.9250	
0.1929	63.6500	0.1424	71.7750	
0.1923	61.6750	0.1417	72.1000	
0.1913	63.3000	0.1409	72.1500	
0.1908	62.8750	0.1401	72.3000	
0.1903	62.2250	0.1392	72.3750	
0.1893	63.6500	0.1383	72.3500	
0.1887	62.2500	0.1374	72.4750	
0.1879	62.5750	0.1365	72.6500	
0.1874	61.6000	0.1355	72.8250	
0.1869	62.1750	0.1345	72.8500	
0.1864	60.7750	0.1334	72.9500	
0.1858	60.3250	0.1323	73.0500	
0.1853	60.4000	0.1311	73.1500	
0.1848	60.3000	0.1299	73.1750	
0.1844	59.1500	0.1287	73.3000	
0.1841	59.8500	0.1275	73.5500	
0.1834	58.7500	0.1261	73.6000	
0.1828	58.0500	0.1247	73.6750	
0.1823	58.2750	0.1233	73.8250	
0.1817	58.1500	0.1218	73.8500	
0.1815	57.1500	0.1203	73.9500	
0.1809	55.5250	0.1187	74.2500	
0.1802	55.9500	0.1171	74.3000	
0.1797	55.5250	0.1155	74.3500	
0.1791	55.0500	0.1139	74.4500	
0.1787	55.1500	0.1121	74.5500	
0.1782	54.2000	0.1106	75.0250	
0.1778	52.8250	0.1088	74.8750	
0.1774	51.6750	0.1070	75.2500	
0.1771	51.5000	0.1053	75.0000	
0.1767	51.5000	0.1037	75.0750	
0.1764	51.5250	0.1017	75.2750	
0.1762	51.5000	0.0999	75.5000	
0.1761	51.5000	0.0982	75.4500	
0.1757	51.3750	0.0965	75.6250	
0.1754	51.3750	0.0947	75.7500	
0.1757	51.5250	0.0931	76.1500	
0.1756	51.3750	0.0916	76.0750	
0.1750	51.4500	0.0898	75.9500	
0.1747	51.4500	0.0882	76.1500	
0.1743	51.4000	0.0868	76.0750	
0.1740	51.2750	0.0853	75.9750	
0.1740	51.2500	0.0838	76.1750	
0.1741	51.2750	0.0824	76.2750	
0.1739	51.3750	0.0809	76.2500	
0.1735	51.1500	0.0797	76.3750	
0.1736	51.0500	0.0785	76.2750	
0.1733	51.1500	0.0773	76.3500	
0.1728	51.1250	0.0759	76.4000	
0.1727	51.1500	0.0747	76.3000	
0.1726	51.0750	0.0734	76.5000	
0.1724	51.1500	0.0721	76.3750	
0.1722	51.0500	0.0707	76.4500	
0.1721	50.9500	0.0691	76.4750	
0.1720	51.0500	0.0675	76.4500	
0.1719	51.1000	0.0660	76.4000	
0.1717	51.0750	0.0639	76.5250	
0.1718	51.0500	0.0622	76.5000	
0.1716	50.9250	0.0605	76.4250	
0.1716	51.0750	0.0587	76.5000	
0.1718	51.2500	0.0570	76.5250	
0.1718	51.1500	0.0554	76.7750	
0.1716	51.0750	0.0537	76.8500	
0.1712	51.0500	0.0522	76.8250	
0.1711	51.2250	0.0507	77.0250	
0.1712	51.1250	0.0492	77.0250	
0.1709	50.9250	0.0477	77.0000	
0.1706	50.9250	0.0463	77.2000	
0.1708	51.1500	0.0451	77.1750	
0.1704	51.0250	0.0438	77.2750	
0.1702	51.0500	0.0425	77.3500	
0.1705	50.8250	0.0413	77.4250	
0.1705	51.1250	0.0402	77.5000	
0.1703	51.0000	0.0391	77.5750	
0.1707	51.2000	0.0382	77.4000	
0.1700	50.8500	0.0372	77.6000	
0.1697	51.1250	0.0363	77.5750	
0.1697	51.0750	0.0355	77.6500	
0.1696	50.8500	0.0346	77.4500	
0.1694	50.8750	0.0339	77.6250	
0.1694	51.1250	0.0332	77.5250	
0.1693	51.0750	0.0325	77.6250	
0.1692	50.8250	0.0318	77.3250	
0.1693	50.8500	0.0312	77.4000	
0.1690	51.2000	0.0306	77.1500	
0.1691	51.3000	0.0301	77.4000	
0.1690	51.3500	0.0296	77.3000	
0.1690	50.9000	0.0291	77.0750	
0.1688	51.2000	0.0286	76.8500	
0.1688	50.7500	0.0282	77.0000	
0.1687	50.9250	0.0277	76.7250	
0.1689	51.0750	0.0272	76.6500	
0.1686	50.7750	0.0270	76.7000	
0.1687	50.9500	0.0266	76.2750	
0.1684	50.7500	0.0261	76.3250	
0.1683	50.7750	0.0258	76.3000	
0.1683	50.6000	0.0255	75.9750	
0.1683	50.4250	0.0253	76.0250	
0.1682	50.9250	0.0249	75.8500	
0.1682	50.7000	0.0247	75.7250	
0.1684	50.4250	0.0243	75.6000	
0.1682	50.7250	0.0241	75.5750	
0.1680	50.0750	0.0239	75.3750	
0.1680	50.2750	0.0236	75.3250	
0.1679	49.6750	0.0234	75.3500	
0.1678	49.7500	0.0232	75.3250	
0.1678	49.3250	0.0230	75.2000	
0.1678	48.5750	0.0229	75.1500	
0.1676	48.7500	0.0227	74.9250	
0.1675	48.7000	0.0226	74.8000	
0.1678	48.6250	0.0227	74.7500	
0.1679	48.7500	0.0223	74.7250	
0.1676	47.8750	0.0221	74.4750	
0.1677	47.9250	0.0219	74.4750	
0.1674	48.0250	0.0218	74.4500	
0.1672	47.5750	0.0216	74.3000	
0.1672	47.4250	0.0216	74.3000	
0.1672	47.0500	0.0214	74.2750	
0.1672	47.6500	0.0213	74.2500	
0.1670	46.6750	0.0213	74.1500	
0.1672	46.2500	0.0211	74.2000	
0.1670	45.9250	0.0210	74.2250	
0.1670	45.5750	0.0209	74.2250	
0.1672	46.6500	0.0208	74.1000	
0.1670	45.7000	0.0208	74.1250	
0.1669	44.8000	0.0207	74.0250	
0.1668	45.1750	0.0207	73.8500	
0.1668	45.1750	0.0206	73.9250	
0.1667	45.1500	0.0205	73.8500	
0.1666	45.1000	0.0204	73.7500	
0.1667	45.0750	0.0203	73.6750	
0.1666	45.3750	0.0202	73.8000	
0.1665	44.6000	0.0202	73.7000	
0.1664	44.7000	0.0201	73.6250	
0.1666	44.7000	0.0201	73.4750	
0.1667	44.3750	0.0200	73.5500	
0.1666	44.0250	0.0199	73.4750	
0.1663	43.6500	0.0199	73.4500	
0.1663	44.0750	0.0198	73.4750	
0.1664	44.1750	0.0197	73.4750	
0.1662	43.7500	0.0198	73.4750	
0.1662	43.9000	0.0197	73.3750	
0.1662	43.8500	0.0197	73.2750	
0.1663	43.9750	0.0196	73.3250	
0.1664	43.3500	0.0195	73.3000	
0.1665	43.3500	0.0194	73.3750	
0.1665	43.4000	0.0194	73.1500	
0.1661	43.3500	0.0196	73.3500	
0.1661	43.4000	0.0195	73.3000	
0.1660	43.4000	0.0193	73.1500	
0.1662	43.0000	0.0193	73.2500	
0.1660	42.9500	0.0193	73.3000	
0.1660	43.0250	0.0192	73.1750	
0.1658	42.7250	0.0190	73.1500	
0.1658	42.8750	0.0190	73.1250	
0.1658	43.0500	0.0189	73.1250	
0.1657	42.8500	0.0189	73.0250	
0.1658	42.5750	0.0189	73.1000	
0.1657	42.7000	0.0188	73.1250	
0.1657	42.7000	0.0189	73.0250	
0.1657	42.8250	0.0187	73.0750	
0.1656	42.6250	0.0187	72.9750	
0.1656	42.7250	0.0186	73.0000	
0.1655	42.7500	0.0185	73.1000	
0.1655	42.4250	0.0186	73.0250	
0.1655	42.4500	0.0185	73.0250	
0.1654	42.4750	0.0184	73.0000	
0.1655	42.6500	0.0183	72.9500	
0.1656	42.4750	0.0183	73.0000	
0.1655	42.3000	0.0183	73.0250	
0.1658	42.8000	0.0182	73.0000	
0.1654	42.3000	0.0182	73.0500	
0.1653	41.8250	0.0181	73.0000	
0.1653	41.5750	0.0181	73.1250	
0.1652	42.0250	0.0181	72.9500	
0.1652	42.7500	0.0181	73.0250	
0.1652	42.5750	0.0180	73.0750	
0.1652	42.9000	0.0180	73.0750	
0.1651	42.2250	0.0180	72.9750	
0.1650	42.3000	0.0180	73.1250	
0.1651	42.8000	0.0180	73.0500	
0.1651	42.2500	0.0179	73.0750	
0.1649	42.7500	0.0178	73.0500	
0.1649	43.4000	0.0178	73.1250	
0.1648	43.7000	0.0178	73.0250	
0.1647	44.7000	0.0177	73.0250	
0.1649	44.9000	0.0177	73.1000	
0.1647	44.6000	0.0178	72.9750	
0.1646	45.3500	0.0177	73.0750	
0.1645	45.6000	0.0176	73.1250	
0.1645	46.0000	0.0176	73.0500	
0.1646	46.3250	0.0176	73.0750	
0.1644	46.0750	0.0175	73.1000	
0.1645	46.2500	0.0175	73.0750	
0.1646	46.9000	0.0175	73.0750	
0.1643	46.1000	0.0175	73.0750	
0.1642	47.1500	0.0174	73.1000	
0.1641	47.2000	0.0175	73.1750	
0.1641	46.9750	0.0174	73.1250	
0.1641	47.8500	0.0174	73.1500	
0.1642	46.6500	0.0173	73.2500	
0.1641	47.4500	0.0173	73.1500	
0.1642	46.7500	0.0172	73.0500	
0.1640	47.3500	0.0172	73.0750	
0.1640	47.8500	0.0172	73.1250	
0.1640	47.5000	0.0171	73.1250	
0.1638	47.8750	0.0171	73.1500	
0.1638	47.1500	0.0171	73.1750	
0.1637	47.4000	0.0170	73.1750	
0.1638	47.7250	0.0170	73.2000	
0.1638	47.7500	0.0170	73.2000	
0.1637	47.4250	0.0171	73.1500	
0.1641	47.1250	0.0170	73.2000	
0.1640	48.6500	0.0169	73.1750	
0.1636	47.0500	0.0169	73.2750	
0.1636	46.9500	0.0168	73.1250	
0.1638	47.8750	0.0168	73.2500	
0.1636	47.9500	0.0167	73.2750	
0.1635	47.9000	0.0168	73.2500	
0.1635	47.8000	0.0168	73.1750	
0.1635	47.6000	0.0168	73.2750	
0.1634	47.4500	0.0167	73.1500	
0.1634	47.6250	0.0167	73.2500	
0.1634	47.3750	0.0166	73.2500	
0.1633	47.8250	0.0166	73.2750	
0.1634	47.7250	0.0165	73.3000	
0.1634	46.9750	0.0165	73.4250	
0.1633	47.2750	0.0164	73.3250	
0.1633	47.3250	0.0164	73.3000	
0.1634	47.0500	0.0163	73.3250	
0.1633	47.8750	0.0164	73.2000	
0.1633	47.1000	0.0163	73.2750	
0.1630	47.5500	0.0162	73.3500	
0.1634	48.3000	0.0162	73.3500	
0.1634	46.5500	0.0161	73.4000	
0.1635	47.6500	0.0161	73.3500	
0.1631	47.3750	0.0161	73.3250	
0.1634	48.4000	0.0161	73.4000	
0.1630	47.4750	0.0160	73.4000	
0.1631	47.9250	0.0160	73.4500	
0.1630	47.3500	0.0160	73.3750	
0.1631	47.3000	0.0160	73.4000	
0.1630	46.9250	0.0159	73.4750	
0.1629	47.4000	0.0159	73.3250	
0.1630	47.0000	0.0159	73.4500	
0.1629	47.8750	0.0160	73.5500	
0.1629	47.3750	0.0158	73.5750	
0.1627	47.3500	0.0158	73.5000	
0.1628	47.6500	0.0157	73.5500	
0.1628	47.3000	0.0157	73.4500	
0.1627	48.0500	0.0157	73.4500	
0.1626	47.8000	0.0157	73.6000	
0.1627	47.2000	0.0157	73.5250	
0.1626	47.4500	0.0156	73.5500	
0.1626	47.4500	0.0156	73.5000	
0.1626	47.4750	0.0156	73.5000	
0.1625	47.4250	0.0156	73.5500	
0.1625	47.2500	0.0156	73.6500	
0.1625	47.4000	0.0157	73.4250	
0.1625	47.3500	0.0155	73.6250	
0.1625	47.3750	0.0155	73.6750	
0.1625	47.4750	0.0156	73.5250	
0.1624	47.1250	0.0155	73.4750	
0.1624	46.9500	0.0154	73.6250	
0.1624	47.2750	0.0154	73.6000	
0.1625	46.7000	0.0154	73.6500	
0.1625	47.3250	0.0154	73.6000	
0.1624	46.4000	0.0153	73.6000	
0.1623	47.2250	0.0153	73.6250	
0.1622	46.7000	0.0153	73.6500	
0.1621	46.6750	0.0153	73.7250	
0.1621	46.7000	0.0153	73.7250	
0.1621	46.4750	0.0152	73.8000	
0.1621	46.5750	0.0153	73.8750	
0.1623	45.8500	0.0152	73.6750	
0.1626	47.2000	0.0152	73.7250	
0.1623	45.4250	0.0153	73.9000	
0.1624	46.2000	0.0151	73.7750	
0.1622	45.1750	0.0151	73.8000	
0.1621	45.7000	0.0151	73.7500	
0.1619	45.0250	0.0151	73.8250	
0.1619	45.4250	0.0151	73.8000	
0.1619	44.9750	0.0151	73.7750	
0.1618	45.0250	0.0151	73.9500	
0.1618	44.8250	0.0150	73.9000	
0.1618	43.7000	0.0151	73.8500	
0.1617	42.0750	0.0150	73.8500	
0.1619	41.2250	0.0150	73.8750	
0.1619	40.4000	0.0149	73.8750	
0.1617	40.8500	0.0149	73.8750	
0.1616	40.2500	0.0149	73.8750	
0.1617	40.1500	0.0150	73.8750	
0.1615	40.3500	0.0149	73.9250	
0.1616	39.7000	0.0149	73.9500	
0.1615	39.5250	0.0149	73.9000	
0.1615	40.1500	0.0149	73.9500	
0.1614	39.8250	0.0148	73.9750	
0.1615	39.0500	0.0149	73.9000	
0.1621	39.2500	0.0148	74.0000	
0.1617	41.8500	0.0148	73.9250	
0.1614	40.3500	0.0148	74.0000	
0.1613	40.2250	0.0148	73.9500	
0.1613	39.9750	0.0148	73.9000	
0.1612	39.2750	0.0148	73.9500	
0.1612	40.5500	0.0148	73.8500	
0.1612	40.4750	0.0147	74.0500	
0.1612	39.3250	0.0147	73.9750	
0.1611	39.8500	0.0147	74.0000	
0.1612	39.2750	0.0147	74.0500	
0.1611	39.8000	0.0147	74.0500	
0.1612	39.6000	0.0148	73.9500	
0.1611	39.0500	0.0147	73.9500	
0.1611	36.4750	0.0147	74.0000	
0.1611	37.8000	0.0146	74.0750	
0.1615	35.9500	0.0147	74.1750	
0.1612	37.7500	0.0147	74.0250	
0.1609	36.6750	0.0146	74.0000	
0.1609	36.3750	0.0147	73.8750	
0.1609	37.3250	0.0146	74.0750	
0.1608	36.8500	0.0147	73.8500	
0.1608	37.0750	0.0147	73.9500	
0.1608	37.4750	0.0146	74.0500	
0.1608	36.4500	0.0146	74.0500	
0.1607	36.9500	0.0145	73.9750	
0.1607	36.5750	0.0146	74.1750	
0.1606	36.3750	0.0145	74.0750	
0.1607	36.3000	0.0145	74.0250	
0.1606	37.2000	0.0145	74.1000	
0.1607	36.9500	0.0145	74.1000	
0.1606	36.6750	0.0145	74.0500	
0.1606	36.3750	0.0144	74.1250	
0.1606	36.6750	0.0144	74.0500	
0.1606	36.7750	0.0144	74.1250	
0.1605	36.3250	0.0145	74.0500	
0.1605	37.0000	0.0145	74.1000	
0.1606	37.3500	0.0145	74.0000	
0.1606	36.2750	0.0145	74.1250	
0.1605	37.5000	0.0145	74.2000	
0.1605	36.9500	0.0144	74.2000	
0.1605	37.1250	0.0144	74.1250	
0.1605	36.6500	0.0145	74.0750	
0.1605	37.1000	0.0144	74.1000	
0.1604	36.3250	0.0144	74.0500	
0.1603	37.5750	0.0144	74.1750	
0.1603	37.4000	0.0144	74.0000	
0.1604	36.9250	0.0144	74.0500	
0.1602	37.5250	0.0144	74.2500	
0.1603	36.8500	0.0143	74.2250	
0.1604	36.4500	0.0143	74.2750	
0.1605	36.7750	0.0144	74.1500	
0.1602	37.0000	0.0143	74.1250	
0.1603	38.0750	0.0143	74.1000	
0.1604	37.1000	0.0143	74.1250	
0.1602	37.4250	0.0143	74.1750	
0.1601	37.0750	0.0143	74.1250	
0.1600	37.4000	0.0143	74.1000	
0.1600	37.1500	0.0142	74.1500	
0.1601	37.3250	0.0142	74.2250	
0.1599	37.2000	0.0143	74.1000	
0.1599	37.1750	0.0142	74.1750	
0.1601	37.2000	0.0142	74.1750	
0.1599	37.0500	0.0142	74.2000	
0.1599	37.2250	0.0142	74.2250	
0.1599	38.2750	0.0142	74.2500	
0.1599	37.6250	0.0142	74.2000	
0.1598	38.2000	0.0142	74.1750	
0.1598	37.8000	0.0141	74.2000	
0.1599	37.0750	0.0141	74.1750	
0.1599	37.6500	0.0142	74.2750	
0.1598	37.4750	0.0141	74.1000	
0.1598	39.1500	0.0141	74.2250	
0.1598	37.7250	0.0141	74.1500	
0.1598	37.2250	0.0141	74.2500	
0.1597	36.8750	0.0142	74.2750	
0.1597	37.7750	0.0142	74.1750	
0.1596	38.5000	0.0142	74.2000	
0.1596	38.1250	0.0141	74.1000	
0.1596	37.7000	0.0141	74.2500	
0.1595	36.9250	0.0141	74.1500	
0.1596	37.6250	0.0141	74.2000	
0.1595	38.1500	0.0141	74.2000	
0.1596	37.8500	0.0140	74.2000	
0.1595	37.3750	0.0141	74.2250	
0.1595	37.6250	0.0140	74.3000	
0.1595	37.8500	0.0141	74.2750	
0.1594	38.2750	0.0140	74.1250	
0.1593	38.4500	0.0140	74.1750	
0.1594	38.2500	0.0140	74.2500	
0.1593	37.8000	0.0140	74.2750	
0.1593	37.2000	0.0140	74.2750	
0.1593	37.7000	0.0140	74.3250	
0.1593	38.2000	0.0140	74.2500	
0.1593	37.0250	0.0140	74.2250	
0.1595	37.8000	0.0141	74.3500	
0.1593	38.0250	0.0141	74.1250	
0.1593	39.5250	0.0140	74.2250	
0.1593	38.0500	0.0141	74.3250	
0.1594	37.3500	0.0140	74.2250	
0.1593	37.1500	0.0140	74.2500	
0.1593	38.0500	0.0140	74.3000	
0.1592	38.5250	0.0140	74.3250	
0.1592	38.0250	0.0140	74.4000	
0.1591	37.2500	0.0139	74.3000	
0.1591	37.0250	0.0139	74.4250	
0.1590	38.6750	0.0139	74.4250	
0.1590	38.3500	0.0139	74.3500	
0.1591	37.8500	0.0139	74.3750	
0.1590	37.0500	0.0140	74.2000	
0.1590	38.1500	0.0139	74.3000	
0.1590	38.6750	0.0139	74.3250	
0.1595	37.1750	0.0140	74.3000	
0.1593	38.2000	0.0139	74.3000	
0.1591	37.0500	0.0139	74.3000	
0.1589	38.1750	0.0139	74.3500	
0.1592	38.1750	0.0139	74.3000	
0.1590	38.4000	0.0138	74.4500	
0.1589	37.4250	0.0139	74.3500	
0.1590	37.7750	0.0139	74.3000	
0.1587	37.9000	0.0139	74.2500	
0.1588	37.8500	0.0139	74.3250	
0.1588	38.6250	0.0138	74.4250	
0.1587	37.4000	0.0138	74.4250	
0.1587	37.2250	0.0138	74.4250	
0.1587	38.0500	0.0138	74.4000	
0.1587	37.9750	0.0139	74.3250	
0.1587	38.6750	0.0138	74.3750	
0.1590	38.3250	0.0138	74.3250	
0.1591	38.3500	0.0139	74.3750	
0.1587	36.5250	0.0138	74.4250	
0.1586	37.2250	0.0138	74.4250	
0.1586	37.9750	0.0139	74.2500	
0.1588	37.8000	0.0138	74.4000	
0.1586	38.6250	0.0138	74.4250	
0.1586	37.5750	0.0138	74.2750	
0.1586	36.9500	0.0138	74.3000	
0.1586	37.6500	0.0138	74.5000	
0.1585	38.2250	0.0138	74.3500	
0.1585	37.9750	0.0138	74.4000	
0.1586	36.9500	0.0138	74.4250	
0.1584	38.5250	0.0138	74.4500	
0.1584	38.0500	0.0138	74.4500	
0.1584	37.3500	0.0138	74.4750	
0.1585	38.1500	0.0138	74.3000	
0.1584	38.0000	0.0137	74.3500	
0.1583	37.9500	0.0137	74.4250	
0.1584	38.1250	0.0138	74.4500	
0.1583	38.5000	0.0137	74.3250	
0.1582	37.3500	0.0137	74.4500	
0.1582	37.7500	0.0137	74.3750	
0.1584	37.7500	0.0137	74.2750	
0.1583	38.5500	0.0137	74.3500	
0.1581	38.2750	0.0137	74.3500	
0.1581	37.9000	0.0137	74.4000	
0.1581	37.8250	0.0137	74.4000	
0.1582	37.8000	0.0137	74.4750	
0.1579	37.0750	0.0137	74.3500	
0.1579	37.5250	0.0137	74.4250	
0.1579	38.0750	0.0137	74.4250	
0.1579	37.6000	0.0137	74.4250	
0.1579	36.7750	0.0137	74.3750	
0.1579	36.8250	0.0137	74.3000	
0.1576	37.2750	0.0137	74.3500	
0.1576	37.6500	0.0137	74.3250	
0.1576	37.5250	0.0136	74.3500	
0.1575	36.7500	0.0136	74.4000	
0.1575	37.3750	0.0137	74.3000	
0.1573	36.7750	0.0137	74.4000	
0.1572	36.9000	0.0137	74.5250	
0.1571	36.7500	0.0137	74.4750	
0.1571	36.5750	0.0136	74.4250	
0.1569	35.6000	0.0136	74.4000	
0.1569	35.7250	0.0137	74.3250	
0.1568	37.2250	0.0137	74.3000	
0.1567	36.5000	0.0136	74.4000	
0.1566	36.6000	0.0136	74.4500	
0.1567	37.0500	0.0136	74.3750	
0.1566	36.0500	0.0136	74.4000	
0.1566	37.3750	0.0136	74.3500	
0.1565	36.5000	0.0136	74.4500	
0.1564	36.1750	0.0136	74.4750	
0.1564	36.8250	0.0136	74.3500	
0.1564	37.0250	0.0136	74.3250	
0.1564	36.3750	0.0136	74.3750	
0.1563	37.2000	0.0136	74.4500	
0.1563	36.8000	0.0136	74.4500	
0.1562	36.1250	0.0136	74.5000	
0.1562	36.8500	0.0136	74.4250	
0.1562	36.9250	0.0136	74.3500	
0.1562	37.1250	0.0136	74.3500	
0.1562	36.4000	0.0136	74.5500	
0.1561	36.7250	0.0136	74.4000	
0.1562	37.2500	0.0136	74.5000	
0.1561	37.1750	0.0135	74.3750	
0.1562	37.3500	0.0135	74.4250	
0.1560	36.4500	0.0135	74.4750	
0.1559	36.8250	0.0135	74.4500	
0.1560	37.5000	0.0135	74.4250	
0.1559	37.3000	0.0135	74.4250	
0.1560	37.6250	0.0136	74.3750	
0.1559	38.0250	0.0135	74.4000	
0.1559	37.9000	0.0135	74.4250	
0.1558	37.3000	0.0135	74.4750	
0.1558	37.3750	0.0135	74.4500	
0.1559	36.6750	0.0135	74.4500	
0.1558	37.1500	0.0135	74.4000	
0.1558	37.5000	0.0135	74.4250	
0.1558	38.2500	0.0135	74.4250	
0.1558	38.7250	0.0135	74.4500	
0.1558	39.1250	0.0135	74.4000	
0.1561	37.5750	0.0135	74.2750	
0.1561	38.5500	0.0135	74.4750	
0.1556	37.1250	0.0135	74.4500	
0.1556	37.7000	0.0135	74.4750	
0.1556	38.5000	0.0135	74.5000	
0.1556	38.2000	0.0135	74.4500	
0.1555	37.2750	0.0135	74.3750	
0.1557	37.9250	0.0134	74.4500	
0.1555	37.4750	0.0136	74.4000	
0.1555	37.8500	0.0135	74.3500	
0.1556	39.6250	0.0136	74.5250	
0.1556	38.0250	0.0135	74.5750	
0.1556	38.0250	0.0135	74.4750	
0.1554	37.9750	0.0135	74.3750	
0.1554	37.8500	0.0134	74.3500	
0.1558	36.9000	0.0135	74.4250	
0.1557	38.8500	0.0134	74.5500	
0.1554	38.0250	0.0134	74.5000	
0.1553	38.4750	0.0134	74.5000	
0.1553	38.3250	0.0134	74.4000	
0.1552	37.5250	0.0134	74.4500	
0.1553	37.2250	0.0134	74.4250	
0.1553	37.5000	0.0134	74.4750	
0.1553	37.1500	0.0134	74.5250	
0.1553	38.2250	0.0134	74.4250	
0.1552	38.1500	0.0134	74.4500	
0.1552	38.0000	0.0135	74.4250	
0.1553	37.7500	0.0134	74.4500	
0.1552	38.9000	0.0134	74.5250	
0.1552	38.5500	0.0134	74.5000	
0.1553	37.7000	0.0134	74.3750	
0.1555	38.7750	0.0134	74.4250	
0.1551	37.6000	0.0134	74.4000	
0.1552	38.4250	0.0134	74.4750	
0.1553	37.8500	0.0134	74.4500	
0.1553	37.9000	0.0134	74.5250	
0.1550	37.5000	0.0135	74.2750	
0.1551	37.6500	0.0134	74.4000	
0.1550	38.4000	0.0134	74.4000	
0.1550	38.7750	0.0134	74.5750	
0.1550	38.4250	0.0134	74.4500	
0.1550	38.3750	0.0133	74.4750	
0.1551	37.7000	0.0133	74.4500	
0.1550	37.9500	0.0134	74.5000	
0.1549	37.4250	0.0133	74.5250	
0.1549	37.7750	0.0133	74.5000	
0.1548	38.0500	0.0133	74.4750	
0.1549	38.4500	0.0133	74.5250	
0.1548	38.9750	0.0133	74.4500	
0.1548	37.8250	0.0133	74.4250	
0.1548	37.1250	0.0134	74.5750	
0.1548	38.1250	0.0133	74.5000	
0.1548	37.8250	0.0133	74.4500	
0.1548	37.9500	0.0133	74.5500	
0.1549	38.5500	0.0133	74.3250	
0.1548	37.8000	0.0133	74.5000	
0.1548	36.8500	0.0133	74.5000	
0.1547	38.3500	0.0134	74.3500	
0.1547	38.3500	0.0133	74.5250	
0.1547	38.2500	0.0133	74.5250	
0.1549	38.2750	0.0133	74.5250	
0.1550	36.9500	0.0133	74.4250	
0.1547	38.2000	0.0133	74.3750	
0.1546	38.0500	0.0133	74.3750	
0.1548	39.2750	0.0134	74.3250	
0.1548	37.4000	0.0133	74.4500	
0.1547	37.3000	0.0135	74.3750	
0.1545	36.7500	0.0133	74.5500	
0.1546	36.8500	0.0133	74.4500	
0.1545	37.7000	0.0133	74.4250	
0.1545	38.3500	0.0132	74.5000	
0.1546	38.7000	0.0133	74.4750	
0.1545	38.0750	0.0133	74.4250	
0.1545	37.5500	0.0132	74.5000	
0.1545	37.2500	0.0132	74.5250	
0.1545	37.3250	0.0132	74.4750	
0.1546	38.0750	0.0133	74.5250	
0.1545	38.1750	0.0133	74.4750	
0.1545	37.1000	0.0133	74.5000	
0.1547	37.9500	0.0132	74.5000	
0.1547	36.7500	0.0132	74.4500	
0.1545	38.2750	0.0132	74.4000	
0.1544	37.2250	0.0132	74.5000	
0.1544	37.3000	0.0132	74.4750	
0.1543	38.0500	0.0132	74.3750	
0.1544	38.0750	0.0132	74.4750	
0.1543	37.4500	0.0132	74.4500	
0.1544	37.3500	0.0133	74.4500	
0.1543	37.8500	0.0132	74.4000	
0.1543	37.4000	0.0132	74.3250	
0.1543	36.2000	0.0132	74.3750	
0.1545	37.4000	0.0132	74.4250	
0.1544	36.6250	0.0133	74.3750	
0.1544	38.2000	0.0132	74.4250	
0.1543	37.1500	0.0132	74.3750	
0.1542	37.0000	0.0133	74.3500	
0.1543	37.8000	0.0132	74.5000	
0.1543	37.3250	0.0132	74.5000	
0.1542	36.6500	0.0132	74.5000	
0.1543	36.0500	0.0132	74.4750	
0.1544	37.3250	0.0132	74.3500	
0.1544	36.2750	0.0132	74.4750	
0.1541	36.6750	0.0132	74.5250	
0.1541	37.2250	0.0132	74.4750	
0.1542	37.0750	0.0132	74.4250	
0.1541	36.3750	0.0132	74.4750	
0.1541	36.8000	0.0131	74.5250	
0.1541	36.6750	0.0131	74.4000	
0.1541	36.4750	0.0131	74.4250	
0.1541	36.1000	0.0131	74.4500	
0.1540	36.8750	0.0131	74.4500	
0.1540	37.0750	0.0131	74.4750	
0.1541	36.6000	0.0131	74.5250	
0.1540	36.5500	0.0131	74.3750	
0.1540	36.2500	0.0131	74.5000	
0.1540	36.1500	0.0131	74.4250	
0.1539	36.0500	0.0131	74.4750	
0.1540	36.7000	0.0131	74.5250	
0.1539	35.8500	0.0131	74.3750	
0.1539	36.2750	0.0131	74.5000	
0.1539	36.2500	0.0131	74.5000	
0.1538	36.2500	0.0131	74.4750	
0.1539	36.3250	0.0131	74.4500	
0.1540	35.6000	0.0131	74.4500	
0.1539	36.2750	0.0131	74.4500	
0.1538	35.9500	0.0131	74.2750	
0.1538	36.2500	0.0131	74.5000	
0.1539	36.4500	0.0130	74.4750	
0.1537	36.0500	0.0131	74.4000	
0.1539	36.1500	0.0131	74.3000	
0.1538	35.8750	0.0131	74.3250	
0.1537	36.1250	0.0131	74.4250	
0.1537	36.1500	0.0130	74.4250	
0.1537	35.9250	0.0130	74.4000	
0.1537	35.9000	0.0130	74.3750	
0.1537	36.2750	0.0130	74.4250	
0.1537	36.2000	0.0130	74.4250	
0.1536	35.9000	0.0130	74.3750	
0.1538	36.3250	0.0130	74.4000	
0.1538	36.1500	0.0130	74.4000	
0.1539	36.2750	0.0130	74.4000	
0.1536	35.7000	0.0130	74.4500	
0.1536	36.0000	0.0130	74.4000	
0.1536	36.2500	0.0130	74.4250	
0.1536	35.7750	0.0130	74.3750	
0.1536	36.2750	0.0130	74.4000	
0.1536	35.7000	0.0130	74.4000	
0.1536	35.6250	0.0130	74.4250	
0.1535	35.6500	0.0130	74.3750	
0.1536	35.5000	0.0130	74.3250	
0.1535	35.9000	0.0130	74.5000	
0.1535	35.7250	0.0130	74.3750	
0.1536	36.0250	0.0129	74.4500	
0.1535	35.8250	0.0129	74.5250	
0.1535	35.9500	0.0129	74.4000	
0.1534	36.0500	0.0129	74.4250	
0.1534	36.0500	0.0129	74.4250	
0.1534	35.6500	0.0129	74.4250	
0.1534	35.5250	0.0129	74.4750	
0.1534	36.0500	0.0129	74.4250	
0.1534	35.9000	0.0129	74.4500	
0.1533	36.1000	0.0129	74.3500	
0.1534	36.3750	0.0128	74.3750	
0.1535	36.1000	0.0128	74.3500	
0.1535	35.7750	0.0129	74.4000	
0.1534	36.4250	0.0128	74.3750	
0.1533	35.9500	0.0128	74.3000	
0.1533	35.8000	0.0128	74.5000	
0.1534	35.7000	0.0128	74.4250	
0.1532	35.7000	0.0128	74.3500	
0.1533	35.8250	0.0128	74.4000	
0.1534	35.0500	0.0128	74.3500	
0.1532	35.7750	0.0128	74.4000	
0.1532	36.1250	0.0127	74.3500	
0.1532	36.4500	0.0127	74.4500	
0.1533	36.0000	0.0128	74.4750	
0.1533	36.2250	0.0127	74.3750	
0.1532	35.8500	0.0127	74.3000	
0.1533	35.9750	0.0128	74.3750	
0.1533	35.7750	0.0129	74.4000	
0.1532	35.3750	0.0128	74.3500	
0.1532	35.7000	0.0127	74.3000	
0.1532	35.4000	0.0127	74.3750	
0.1532	35.9000	0.0126	74.3500	
0.1531	36.1250	0.0127	74.3250	
0.1531	36.3500	0.0126	74.3500	
0.1531	35.9500	0.0126	74.2750	
0.1531	35.5750	0.0126	74.3000	
0.1531	35.6500	0.0126	74.3000	
0.1531	36.1000	0.0126	74.2500	
0.1532	35.7250	0.0126	74.2750	
0.1532	36.0750	0.0126	74.3250	
0.1531	35.6250	0.0125	74.2250	
0.1532	36.0000	0.0126	74.2500	
0.1530	35.6750	0.0125	74.2750	
0.1531	35.9250	0.0125	74.2500	
0.1530	35.7000	0.0125	74.2750	
0.1529	35.9500	0.0125	74.2500	
0.1530	36.5500	0.0125	74.2250	
0.1531	36.0000	0.0125	74.3000	
0.1530	36.2250	0.0125	74.2000	
0.1530	35.9500	0.0125	74.2000	
0.1529	36.2000	0.0125	74.1250	
0.1529	35.7250	0.0124	74.2500	
0.1530	36.0250	0.0124	74.2500	
0.1529	36.3500	0.0124	74.2500	
0.1529	36.1750	0.0124	74.2500	
0.1528	36.3000	0.0124	74.2250	
0.1528	36.0000	0.0124	74.2250	
0.1529	36.0750	0.0124	74.2000	
0.1529	35.9750	0.0124	74.2000	
0.1528	35.8000	0.0123	74.1750	
0.1528	35.6750	0.0123	74.2000	
0.1528	35.9750	0.0123	74.2250	
0.1530	36.1000	0.0123	74.2000	
0.1529	36.8750	0.0123	74.1750	
0.1528	36.7250	0.0123	74.1000	
0.1527	36.5250	0.0123	74.2250	
0.1528	36.5750	0.0123	74.1250	
0.1527	36.2250	0.0123	74.1250	
0.1527	35.8250	0.0122	74.1750	
0.1527	36.1000	0.0122	74.1500	
0.1528	35.8500	0.0122	74.0750	
0.1526	36.2250	0.0122	74.1250	
0.1527	36.2750	0.0123	74.0250	
0.1529	36.5500	0.0123	74.1250	
0.1527	35.9500	0.0123	73.9250	
0.1527	36.0750	0.0121	74.1000	
0.1528	35.8500	0.0122	73.9000	
0.1527	35.9250	0.0121	74.0750	
0.1526	35.4000	0.0121	74.0250	
0.1526	35.3750	0.0121	73.9750	
0.1527	35.8500	0.0121	73.9250	
0.1526	35.5250	0.0121	74.0000	
0.1526	36.1000	0.0121	73.9250	
0.1526	35.4250	0.0120	73.9500	
0.1526	35.3250	0.0120	73.8250	
0.1526	35.8750	0.0121	73.8750	
0.1526	35.8000	0.0120	73.8000	
0.1526	35.9250	0.0120	73.8250	
0.1524	35.6250	0.0120	73.8250	
0.1525	36.1250	0.0120	73.8250	
0.1525	36.2000	0.0120	73.8500	
0.1524	36.0750	0.0119	73.8250	
0.1524	36.2500	0.0119	73.8000	
0.1527	37.0000	0.0119	73.7250	
0.1527	36.8500	0.0119	73.7500	
0.1527	36.2000	0.0119	73.7500	
0.1525	36.1750	0.0119	73.7500	
0.1524	36.5500	0.0119	73.7750	
0.1524	36.5250	0.0119	73.7500	
0.1523	36.7250	0.0119	73.6750	
0.1524	36.6500	0.0119	73.8750	
0.1523	36.6750	0.0118	73.7000	
0.1525	36.1000	0.0118	73.6500	
0.1525	35.9000	0.0117	73.6500	
0.1529	35.9000	0.0117	73.7000	
0.1524	36.1250	0.0117	73.7000	
0.1525	36.1500	0.0117	73.7000	
0.1524	36.2750	0.0117	73.7250	
0.1524	36.1500	0.0117	73.6000	
0.1523	36.0000	0.0116	73.6500	
0.1525	35.7000	0.0117	73.6500	
0.1525	36.0000	0.0116	73.7500	
0.1522	35.8250	0.0116	73.6000	
0.1522	35.6750	0.0116	73.6500	
0.1523	35.5000	0.0116	73.6250	
0.1522	35.6500	0.0116	73.6500	
0.1522	36.0750	0.0116	73.6750	
0.1522	36.5250	0.0116	73.6250	
0.1523	36.2750	0.0115	73.6250	
0.1522	35.5250	0.0115	73.6750	
0.1522	35.6750	0.0115	73.5500	
0.1521	36.3750	0.0115	73.6500	
0.1522	36.5250	0.0115	73.6250	
0.1521	36.3750	0.0114	73.6750	
0.1522	36.4500	0.0114	73.6500	
0.1521	35.9250	0.0114	73.6250	
0.1521	35.8250	0.0114	73.5750	
0.1521	35.6500	0.0114	73.6500	
0.1523	36.3250	0.0114	73.6500	
0.1522	36.8500	0.0114	73.5750	
0.1521	36.4250	0.0113	73.6750	
0.1521	36.0250	0.0114	73.6750	
0.1520	36.0000	0.0113	73.5000	
0.1521	36.2250	0.0113	73.7750	
0.1521	36.2000	0.0113	73.6250	
0.1522	36.5500	0.0113	73.5500	
0.1520	36.2000	0.0113	73.6500	
0.1520	36.6000	0.0112	73.6000	
0.1520	37.3000	0.0112	73.5250	
0.1520	36.8500	0.0112	73.6250	
0.1520	36.5500	0.0112	73.6500	
0.1520	36.3750	0.0112	73.6750	
0.1519	36.3750	0.0111	73.6250	
0.1519	36.4500	0.0111	73.6000	
0.1519	36.7250	0.0111	73.6250	
0.1519	36.4500	0.0111	73.5750	
0.1520	36.7500	0.0111	73.6250	
0.1520	36.9000	0.0111	73.6000	
0.1519	36.2250	0.0111	73.6000	
0.1519	36.8250	0.0111	73.6000	
0.1519	37.1250	0.0110	73.6250	
0.1519	36.3500	0.0110	73.6500	
0.1518	36.1250	0.0110	73.6250	
0.1518	36.2750	0.0110	73.5500	
0.1518	36.8750	0.0110	73.6500	
0.1518	37.6500	0.0110	73.6250	
0.1518	37.6250	0.0110	73.5500	
0.1518	37.1000	0.0110	73.6250	
0.1518	37.2250	0.0109	73.6500	
0.1518	36.7750	0.0109	73.6500	
0.1518	36.5500	0.0109	73.6500	
0.1517	36.6750	0.0109	73.5750	
0.1518	36.7000	0.0109	73.6500	
0.1518	36.5750	0.0108	73.6000	
0.1518	37.5500	0.0108	73.5500	
0.1517	37.9750	0.0108	73.6250	
0.1518	37.9750	0.0108	73.6250	
0.1518	37.7000	0.0108	73.5750	
0.1517	37.5250	0.0108	73.6750	
0.1517	37.1500	0.0108	73.6500	
0.1517	37.1500	0.0108	73.6000	
0.1517	36.6250	0.0107	73.6500	
0.1518	37.0750	0.0107	73.6750	
0.1518	36.7000	0.0107	73.6500	
0.1517	37.6500	0.0107	73.6750	
0.1517	37.5750	0.0107	73.5000	
0.1519	37.8250	0.0107	73.5750	
0.1516	37.3250	0.0107	73.6250	
0.1517	37.4250	0.0107	73.6250	
0.1516	37.6000	0.0106	73.6500	
0.1516	37.4250	0.0106	73.5250	
0.1516	37.3500	0.0106	73.6500	
0.1517	36.9250	0.0106	73.6750	
0.1516	36.8750	0.0106	73.5750	
0.1516	36.9750	0.0106	73.6250	
0.1517	37.3750	0.0106	73.6000	
0.1517	36.7000	0.0105	73.6750	
0.1517	37.0750	0.0105	73.6500	
0.1515	37.2250	0.0105	73.6250	
0.1516	37.6250	0.0105	73.6750	
0.1515	37.8750	0.0105	73.7000	
0.1515	38.0250	0.0105	73.5500	
0.1515	38.3000	0.0105	73.6250	
0.1516	37.6750	0.0105	73.6750	
0.1515	37.8000	0.0105	73.6000	
0.1514	37.1750	0.0104	73.6500	
0.1515	37.2750	0.0104	73.6500	
0.1515	37.4000	0.0104	73.5500	
0.1515	37.4000	0.0104	73.6500	
0.1514	37.1000	0.0104	73.4750	
0.1514	37.6500	0.0104	73.6250	
0.1514	37.7000	0.0104	73.6500	
0.1514	37.9500	0.0104	73.6000	
0.1514	37.7250	0.0104	73.5750	
0.1514	38.1000	0.0104	73.6750	
0.1514	38.1000	0.0103	73.5750	
0.1514	37.8000	0.0103	73.6000	
0.1514	37.4000	0.0104	73.6750	
0.1513	37.5500	0.0103	73.5750	
0.1514	37.5750	0.0103	73.6500	
0.1513	37.6500	0.0103	73.6500	
0.1514	37.2000	0.0103	73.6000	
0.1514	38.0750	0.0102	73.6500	
0.1513	37.3250	0.0103	73.6000	
0.1514	37.5250	0.0102	73.6000	
0.1513	37.5500	0.0102	73.6250	
0.1514	37.7250	0.0102	73.6750	
0.1513	38.1750	0.0102	73.6250	
0.1513	37.8250	0.0102	73.6000	
0.1512	38.1250	0.0102	73.6000	
0.1513	38.2000	0.0102	73.5500	
0.1513	37.8500	0.0102	73.6250	
0.1513	37.3000	0.0101	73.5250	
0.1513	37.3500	0.0101	73.6500	
0.1513	37.3750	0.0101	73.6250	
0.1512	38.0500	0.0101	73.5750	
0.1512	37.9500	0.0101	73.5750	
0.1512	38.0250	0.0101	73.6500	
0.1513	38.2750	0.0101	73.6500	
0.1512	38.1250	0.0101	73.6000	
0.1512	38.3000	0.0101	73.6750	
0.1512	38.2250	0.0101	73.6000	
0.1512	37.3500	0.0101	73.5250	
