Loss_Adversary	Accuracy_Adversary	Loss_Target	Accuracy_Target	
0.2284	0.6491	0.8134	50.0000	50.0000	
0.2183	0.6145	0.7735	50.0000	50.0000	
0.2083	0.5836	0.7362	50.0000	50.0000	
0.1986	0.5563	0.7019	50.0000	50.0000	
0.1886	0.5337	0.6702	50.0000	50.0000	
0.1774	0.5166	0.6401	50.0000	50.0000	
0.1667	0.5002	0.6113	50.0000	50.0000	
0.1568	0.4840	0.5840	50.0000	50.0000	
0.1478	0.4680	0.5584	50.0000	50.0000	
0.1394	0.4526	0.5341	50.0000	50.0000	
0.1317	0.4375	0.5112	50.0000	50.0000	
0.1250	0.4229	0.4903	50.0000	50.0000	
0.1205	0.4088	0.4734	50.0000	50.0000	
0.1185	0.3954	0.4611	50.0000	50.0000	
0.1176	0.3825	0.4510	50.0000	50.0000	
0.1165	0.3703	0.4410	50.0000	50.0000	
0.1152	0.3586	0.4310	50.0000	50.0000	
0.1138	0.3473	0.4212	50.0000	50.0000	
0.1121	0.3367	0.4113	50.0000	50.0000	
0.1101	0.3268	0.4013	50.0000	50.0000	
0.1079	0.3173	0.3915	50.0000	50.0000	
0.1056	0.3085	0.3817	50.0000	50.0000	
0.1031	0.3004	0.3721	50.0000	50.0000	
0.1005	0.2929	0.3627	50.0000	50.0000	
0.0977	0.2861	0.3536	50.0000	50.0000	
0.0948	0.2801	0.3448	50.0000	50.0000	
0.0922	0.2746	0.3367	50.0000	50.0000	
0.0895	0.2699	0.3291	50.0000	50.0000	
0.0868	0.2659	0.3220	50.0000	50.0000	
0.0845	0.2625	0.3158	50.0000	50.0000	
0.0822	0.2597	0.3101	50.0000	50.0000	
0.0800	0.2573	0.3049	50.0000	50.0000	
0.0778	0.2555	0.3000	50.0000	50.0000	
0.0758	0.2541	0.2958	50.0000	50.0000	
0.0741	0.2530	0.2922	50.0000	50.0000	
0.0724	0.2523	0.2889	50.0000	50.0000	
0.0708	0.2518	0.2859	50.0000	50.0000	
0.0692	0.2515	0.2830	50.0000	50.0000	
0.0674	0.2514	0.2799	50.0000	50.0000	
0.0652	0.2514	0.2763	50.0000	48.4500	
0.0627	0.2515	0.2722	50.0000	45.9750	
0.0594	0.2520	0.2670	50.0000	48.2000	
0.0553	0.2529	0.2607	50.0000	48.7750	
0.0503	0.2538	0.2530	50.3500	49.0250	
0.0446	0.2545	0.2440	62.9250	49.1000	
0.0384	0.2546	0.2338	71.9500	49.0750	
0.0322	0.2531	0.2225	74.3750	49.1750	
0.0260	0.2497	0.2099	74.8750	49.3500	
0.0202	0.2451	0.1970	74.9750	49.3500	
0.0158	0.2393	0.1858	74.6000	49.2500	
0.0130	0.2329	0.1769	73.6250	49.0750	
0.0116	0.2265	0.1703	72.7500	48.9500	
0.0110	0.2209	0.1657	71.7500	48.6000	
0.0110	0.2158	0.1623	71.2250	48.3000	
0.0112	0.2115	0.1598	71.5000	48.0000	
0.0116	0.2080	0.1580	73.0500	47.7000	
0.0120	0.2050	0.1566	73.8750	47.6500	
0.0124	0.2022	0.1555	74.0000	47.6250	
0.0128	0.1996	0.1545	74.0500	47.6750	
0.0132	0.1973	0.1536	74.0500	47.7250	
0.0136	0.1955	0.1529	74.0000	47.8750	
0.0138	0.1942	0.1524	74.3000	48.0500	
0.0138	0.1939	0.1523	74.2250	48.1000	
0.0137	0.1946	0.1525	74.0000	48.2500	
0.0134	0.1959	0.1529	73.4000	48.5000	
0.0130	0.1966	0.1528	73.3000	49.0500	
0.0127	0.1978	0.1530	74.2000	49.2250	
0.0124	0.1985	0.1529	74.0250	49.4250	
0.0120	0.1995	0.1530	74.4750	49.5500	
0.0117	0.2001	0.1529	74.6750	49.6500	
0.0114	0.2004	0.1526	74.6250	49.7000	
0.0111	0.2019	0.1531	74.6250	49.7750	
0.0108	0.2016	0.1525	74.5000	49.8000	
0.0106	0.2026	0.1528	73.8250	49.8750	
0.0104	0.2030	0.1527	73.5000	49.9000	
0.0102	0.2036	0.1528	73.2000	50.0000	
0.0101	0.2033	0.1523	73.4250	50.0250	
0.0099	0.2041	0.1525	72.4750	50.0500	
0.0097	0.2045	0.1524	72.3500	50.1000	
0.0095	0.2045	0.1521	71.8000	50.1500	
0.0093	0.2052	0.1523	71.1750	50.2250	
0.0091	0.2058	0.1523	70.6750	50.2500	
0.0088	0.2069	0.1527	70.5250	50.5000	
0.0086	0.2070	0.1524	70.9750	50.4750	
0.0083	0.2082	0.1527	69.4500	50.7000	
0.0080	0.2091	0.1528	71.1250	50.8250	
0.0077	0.2103	0.1531	71.1000	50.8500	
0.0074	0.2108	0.1529	70.2000	51.1500	
0.0071	0.2124	0.1534	68.8250	51.2750	
0.0067	0.2131	0.1532	69.0500	51.4500	
0.0063	0.2146	0.1536	68.7750	51.6000	
0.0059	0.2156	0.1536	69.1250	51.8250	
0.0055	0.2165	0.1534	69.0250	52.0750	
0.0050	0.2177	0.1535	68.3250	52.3500	
0.0046	0.2190	0.1537	68.0500	52.6500	
0.0041	0.2202	0.1537	67.5000	52.7750	
0.0037	0.2214	0.1537	68.2250	53.3500	
0.0032	0.2225	0.1536	68.3000	53.5500	
0.0027	0.2236	0.1536	67.3750	54.0000	
0.0023	0.2247	0.1536	67.0250	54.2750	
0.0018	0.2263	0.1538	66.2250	54.6250	
0.0013	0.2278	0.1540	67.2500	55.1250	
0.0008	0.2289	0.1540	67.4000	55.3500	
0.0003	0.2302	0.1540	66.2750	55.6750	
-0.0002	0.2312	0.1539	65.9250	56.1250	
-0.0006	0.2328	0.1542	64.2750	56.5250	
-0.0011	0.2340	0.1542	63.9750	57.2000	
-0.0015	0.2350	0.1541	62.0250	57.6250	
-0.0020	0.2362	0.1541	61.8750	57.8750	
-0.0024	0.2374	0.1542	61.6250	58.4250	
-0.0029	0.2384	0.1541	59.0750	58.9750	
-0.0033	0.2396	0.1543	58.4750	59.4750	
-0.0037	0.2406	0.1542	58.3000	59.8750	
-0.0042	0.2416	0.1541	56.8500	60.3500	
-0.0045	0.2425	0.1541	55.6500	60.9500	
-0.0049	0.2434	0.1541	54.9000	61.3500	
-0.0051	0.2438	0.1541	54.1250	61.8250	
-0.0053	0.2443	0.1540	57.1750	62.1500	
-0.0054	0.2438	0.1536	56.4750	62.3000	
-0.0055	0.2435	0.1532	51.3250	62.4500	
-0.0055	0.2437	0.1533	49.3500	63.0000	
-0.0055	0.2438	0.1533	48.2250	63.2000	
-0.0056	0.2436	0.1531	48.1500	63.4250	
-0.0057	0.2437	0.1529	47.4750	63.6750	
-0.0059	0.2440	0.1529	47.8500	64.1750	
-0.0061	0.2444	0.1528	47.9000	64.7250	
-0.0063	0.2450	0.1528	47.7750	65.2500	
-0.0065	0.2453	0.1527	47.3250	65.6250	
-0.0067	0.2455	0.1525	47.3750	65.9000	
-0.0070	0.2459	0.1523	47.8750	66.2250	
-0.0072	0.2465	0.1524	48.7750	66.9500	
-0.0074	0.2470	0.1523	48.9250	67.6000	
-0.0076	0.2470	0.1520	48.6000	67.6250	
-0.0078	0.2472	0.1518	49.5250	68.0000	
-0.0080	0.2477	0.1518	49.0750	69.0500	
-0.0082	0.2481	0.1518	49.0250	69.7500	
-0.0084	0.2483	0.1515	49.1500	70.2500	
-0.0086	0.2482	0.1512	49.3500	70.4500	
-0.0087	0.2483	0.1510	49.8750	70.9500	
-0.0089	0.2486	0.1508	49.9750	71.3000	
-0.0091	0.2488	0.1507	49.9000	71.6750	
-0.0093	0.2488	0.1504	49.8750	71.7500	
-0.0094	0.2487	0.1501	50.1500	71.9000	
-0.0096	0.2488	0.1498	48.3750	71.9750	
-0.0098	0.2489	0.1497	48.2000	72.4250	
-0.0099	0.2488	0.1494	47.0500	72.3500	
-0.0100	0.2488	0.1492	46.8500	72.1500	
-0.0101	0.2487	0.1490	46.9750	72.3000	
-0.0102	0.2489	0.1489	44.1000	72.2000	
-0.0102	0.2488	0.1488	43.5250	72.3250	
-0.0103	0.2489	0.1488	44.5750	72.5000	
-0.0104	0.2490	0.1487	42.6000	72.5750	
-0.0104	0.2490	0.1486	42.0250	72.7250	
-0.0105	0.2490	0.1485	42.2500	72.6500	
-0.0105	0.2491	0.1485	41.9500	72.8750	
-0.0106	0.2491	0.1484	41.5000	72.9250	
-0.0107	0.2494	0.1483	42.8000	73.0500	
-0.0107	0.2492	0.1482	42.3750	73.0250	
-0.0108	0.2492	0.1481	44.9250	72.9500	
-0.0109	0.2493	0.1481	42.8500	73.1250	
-0.0109	0.2495	0.1481	43.2250	73.5750	
-0.0110	0.2495	0.1481	42.6500	73.3750	
-0.0110	0.2495	0.1480	42.6750	73.3500	
-0.0110	0.2495	0.1480	42.7500	73.3250	
-0.0110	0.2495	0.1479	44.9000	73.3500	
-0.0110	0.2495	0.1480	43.9750	73.5500	
-0.0111	0.2496	0.1480	43.6500	73.7000	
-0.0111	0.2496	0.1479	44.0750	73.7500	
-0.0111	0.2497	0.1480	44.4500	74.0250	
-0.0111	0.2497	0.1480	44.1750	74.2750	
-0.0111	0.2498	0.1480	44.2000	74.2500	
-0.0111	0.2497	0.1479	44.4750	74.2000	
-0.0111	0.2497	0.1479	44.6250	74.1750	
-0.0112	0.2498	0.1479	45.5750	74.2000	
-0.0112	0.2498	0.1479	45.0750	74.4750	
-0.0112	0.2500	0.1479	45.2000	74.5750	
-0.0112	0.2498	0.1479	45.0000	74.7750	
-0.0112	0.2498	0.1479	44.8750	74.8750	
-0.0112	0.2498	0.1479	44.9750	74.8250	
-0.0112	0.2498	0.1479	45.2250	74.7000	
-0.0112	0.2498	0.1479	45.1000	74.8500	
-0.0112	0.2499	0.1479	44.9000	74.9500	
-0.0112	0.2499	0.1479	44.7500	75.1000	
-0.0112	0.2499	0.1479	45.8000	74.9000	
-0.0112	0.2498	0.1479	45.5250	74.8750	
-0.0112	0.2499	0.1479	45.2000	75.1750	
-0.0112	0.2499	0.1479	44.7750	75.2000	
-0.0113	0.2500	0.1479	45.2000	75.1750	
-0.0112	0.2499	0.1479	44.9500	75.3250	
-0.0112	0.2499	0.1479	44.6750	75.3000	
-0.0113	0.2499	0.1479	45.3250	75.3000	
-0.0113	0.2500	0.1479	44.7500	75.4000	
-0.0113	0.2499	0.1479	45.0000	75.3750	
-0.0112	0.2499	0.1478	45.5250	75.3750	
-0.0113	0.2499	0.1479	45.4500	75.5000	
-0.0112	0.2499	0.1479	44.3750	75.5500	
-0.0113	0.2499	0.1478	44.3750	75.4500	
-0.0113	0.2499	0.1478	44.4000	75.3250	
-0.0113	0.2499	0.1478	44.5750	75.3250	
-0.0113	0.2499	0.1478	45.1250	75.4500	
-0.0113	0.2499	0.1478	45.3500	75.4750	
-0.0113	0.2500	0.1478	44.1750	75.4750	
-0.0113	0.2499	0.1478	45.3000	75.5250	
-0.0113	0.2499	0.1478	44.5500	75.4250	
-0.0113	0.2499	0.1478	44.9750	75.4500	
-0.0113	0.2499	0.1478	45.3250	75.4500	
-0.0113	0.2499	0.1478	44.2750	75.6250	
-0.0113	0.2499	0.1478	43.9000	75.4500	
-0.0113	0.2498	0.1478	44.7500	75.3250	
-0.0113	0.2499	0.1478	45.8000	75.3250	
-0.0113	0.2499	0.1478	44.5250	75.4750	
-0.0113	0.2499	0.1478	43.9250	75.4750	
-0.0113	0.2499	0.1478	43.9750	75.3750	
-0.0113	0.2499	0.1478	44.5500	75.4750	
-0.0113	0.2499	0.1478	43.8250	75.6000	
-0.0113	0.2500	0.1478	43.2000	75.6250	
-0.0113	0.2498	0.1478	44.2750	75.4500	
-0.0113	0.2499	0.1478	44.6500	75.4500	
-0.0113	0.2499	0.1478	43.6000	75.5750	
-0.0113	0.2499	0.1478	43.4000	75.7500	
-0.0113	0.2498	0.1478	43.4000	75.3750	
-0.0113	0.2498	0.1477	43.7500	75.4750	
-0.0113	0.2498	0.1477	43.2500	75.4500	
-0.0113	0.2498	0.1477	43.6000	75.6250	
-0.0113	0.2498	0.1477	44.0000	75.5250	
-0.0113	0.2499	0.1477	43.2500	75.5000	
-0.0113	0.2498	0.1477	43.4750	75.3500	
-0.0113	0.2498	0.1477	43.4750	75.2750	
-0.0113	0.2498	0.1477	43.3750	75.4750	
-0.0113	0.2498	0.1477	42.7750	75.5750	
-0.0113	0.2498	0.1477	43.0250	75.5250	
-0.0113	0.2498	0.1477	42.9250	75.3750	
-0.0113	0.2498	0.1477	42.8250	75.3500	
-0.0113	0.2498	0.1477	42.8500	75.5250	
-0.0113	0.2498	0.1477	42.7750	75.4000	
-0.0113	0.2498	0.1477	42.1250	75.3250	
-0.0113	0.2498	0.1477	42.5250	75.5000	
-0.0113	0.2498	0.1477	42.5500	75.5750	
-0.0113	0.2498	0.1477	42.5250	75.7000	
-0.0113	0.2498	0.1477	42.1250	75.4250	
-0.0113	0.2497	0.1477	42.2750	75.3250	
-0.0113	0.2497	0.1477	42.4000	75.3750	
-0.0113	0.2497	0.1477	42.0500	75.5250	
-0.0113	0.2497	0.1477	41.8000	75.5250	
-0.0113	0.2497	0.1476	41.7250	75.5000	
-0.0113	0.2497	0.1476	41.6750	75.5000	
-0.0113	0.2498	0.1476	41.3250	75.5250	
-0.0113	0.2497	0.1476	41.2000	75.5750	
-0.0113	0.2498	0.1477	41.3500	75.5500	
-0.0113	0.2497	0.1476	40.9000	75.6000	
-0.0113	0.2497	0.1476	40.5500	75.6000	
-0.0113	0.2497	0.1476	40.4000	75.3500	
-0.0113	0.2497	0.1476	40.9750	75.5500	
-0.0113	0.2497	0.1476	40.4000	75.7750	
-0.0113	0.2497	0.1476	39.8750	75.5250	
-0.0113	0.2497	0.1476	40.4000	75.3500	
-0.0113	0.2497	0.1476	39.9500	75.6750	
-0.0113	0.2497	0.1476	38.5750	75.9250	
-0.0113	0.2496	0.1476	38.8000	75.8000	
-0.0113	0.2496	0.1476	38.5250	75.7000	
-0.0113	0.2496	0.1476	39.5000	75.7750	
-0.0113	0.2496	0.1475	38.7250	75.7250	
-0.0113	0.2497	0.1475	39.0500	75.7250	
-0.0113	0.2496	0.1476	38.5250	75.9250	
-0.0113	0.2496	0.1475	38.1500	75.7750	
-0.0113	0.2496	0.1475	38.6250	75.8000	
-0.0113	0.2496	0.1475	38.3750	75.6750	
-0.0113	0.2495	0.1475	37.8500	75.7250	
-0.0114	0.2496	0.1475	37.8750	75.7750	
-0.0113	0.2495	0.1475	38.1250	75.5500	
-0.0113	0.2495	0.1474	37.5500	75.6500	
-0.0113	0.2495	0.1474	37.0000	75.9000	
-0.0113	0.2495	0.1474	37.0500	75.9500	
-0.0113	0.2494	0.1474	37.0500	75.9000	
-0.0113	0.2494	0.1474	36.8500	75.8500	
-0.0113	0.2494	0.1474	37.1750	75.8750	
-0.0113	0.2494	0.1474	37.5750	75.9250	
-0.0113	0.2494	0.1474	36.9000	75.7250	
-0.0113	0.2493	0.1473	36.4000	75.9500	
-0.0113	0.2494	0.1473	36.5750	76.0000	
-0.0113	0.2493	0.1473	36.5750	76.1000	
-0.0113	0.2493	0.1473	36.3250	76.1000	
-0.0113	0.2493	0.1473	36.6500	75.9000	
-0.0113	0.2492	0.1473	36.5000	75.9750	
-0.0114	0.2493	0.1473	35.6250	76.1500	
-0.0113	0.2493	0.1473	36.5250	76.1750	
-0.0114	0.2493	0.1472	36.3000	76.0000	
-0.0114	0.2491	0.1472	35.9750	76.0750	
-0.0113	0.2491	0.1472	36.0250	76.1000	
-0.0114	0.2491	0.1471	36.0750	76.1500	
-0.0114	0.2491	0.1471	35.9000	76.2500	
-0.0114	0.2491	0.1471	36.4250	76.2000	
-0.0114	0.2490	0.1470	36.6750	75.9500	
-0.0114	0.2489	0.1470	36.3750	76.1500	
-0.0114	0.2489	0.1470	36.8750	76.4000	
-0.0114	0.2488	0.1469	37.2000	76.3000	
-0.0114	0.2488	0.1469	36.8500	76.2000	
-0.0114	0.2488	0.1469	37.0750	76.2500	
-0.0114	0.2487	0.1468	37.1250	76.3750	
-0.0114	0.2487	0.1467	36.6750	76.2500	
-0.0114	0.2486	0.1467	37.2000	76.3750	
-0.0114	0.2485	0.1466	37.4750	76.3500	
-0.0114	0.2484	0.1465	37.5500	76.5000	
-0.0115	0.2484	0.1465	37.7750	76.6250	
-0.0115	0.2482	0.1464	37.5500	76.5750	
-0.0115	0.2482	0.1463	37.0750	76.5000	
-0.0115	0.2480	0.1462	38.2500	76.7500	
-0.0115	0.2479	0.1460	39.3000	76.6500	
-0.0116	0.2477	0.1459	38.6750	76.6250	
-0.0116	0.2475	0.1457	38.0250	76.8250	
-0.0116	0.2473	0.1455	37.5500	77.0500	
-0.0116	0.2470	0.1454	37.7250	77.3250	
-0.0116	0.2467	0.1451	36.9000	77.3500	
-0.0116	0.2464	0.1450	37.4500	77.5000	
-0.0116	0.2460	0.1448	38.3250	77.7750	
-0.0115	0.2456	0.1445	38.3750	77.7000	
-0.0115	0.2452	0.1443	38.7250	77.7750	
-0.0115	0.2448	0.1440	39.3250	77.7500	
-0.0114	0.2443	0.1438	40.3250	77.8000	
-0.0114	0.2438	0.1436	41.6750	77.8750	
-0.0113	0.2431	0.1433	43.0250	77.2500	
-0.0111	0.2423	0.1430	44.3750	76.4750	
-0.0108	0.2413	0.1429	49.6250	76.0250	
-0.0105	0.2407	0.1430	53.4500	75.7750	
-0.0104	0.2411	0.1434	54.0000	75.9750	
-0.0104	0.2425	0.1444	55.4000	76.5750	
-0.0106	0.2454	0.1460	52.5250	76.8250	
-0.0110	0.2490	0.1477	50.8250	76.3000	
-0.0114	0.2530	0.1497	45.4750	76.5000	
-0.0117	0.2565	0.1514	39.2750	76.1000	
-0.0115	0.2577	0.1526	44.9250	75.3500	
-0.0110	0.2561	0.1524	50.3500	74.8500	
-0.0113	0.2543	0.1508	50.5500	74.4500	
-0.0113	0.2524	0.1494	51.0250	75.3250	
-0.0116	0.2529	0.1493	54.1250	76.5500	
-0.0117	0.2543	0.1501	50.3500	75.6250	
-0.0117	0.2560	0.1511	62.9250	74.7000	
-0.0117	0.2560	0.1512	65.6250	74.8750	
-0.0117	0.2554	0.1507	53.5250	75.4000	
-0.0118	0.2550	0.1504	51.3250	75.2500	
-0.0118	0.2551	0.1504	51.4000	75.3750	
-0.0120	0.2562	0.1508	51.8000	75.5250	
-0.0123	0.2585	0.1519	60.8500	75.3250	
-0.0126	0.2611	0.1531	70.7750	74.9500	
-0.0130	0.2635	0.1540	70.6250	74.6000	
-0.0136	0.2660	0.1547	67.2500	74.6250	
-0.0145	0.2689	0.1550	63.5500	74.2500	
-0.0155	0.2717	0.1553	62.7750	74.5250	
-0.0167	0.2753	0.1558	66.8750	74.0000	
-0.0178	0.2793	0.1565	71.6750	74.2000	
-0.0182	0.2805	0.1566	73.1500	73.9000	
-0.0173	0.2769	0.1559	73.3500	73.3250	
-0.0146	0.2679	0.1543	73.6500	73.6500	
-0.0110	0.2561	0.1524	73.3500	74.4000	
-0.0082	0.2466	0.1506	72.4500	73.3250	
-0.0064	0.2397	0.1491	69.0750	73.6000	
-0.0055	0.2355	0.1478	57.1250	73.4250	
-0.0052	0.2335	0.1470	50.6000	73.8000	
-0.0054	0.2333	0.1466	47.3750	74.4250	
-0.0059	0.2346	0.1465	46.3000	74.5250	
-0.0070	0.2375	0.1466	45.5750	74.6000	
-0.0087	0.2420	0.1469	45.2250	74.0750	
-0.0103	0.2466	0.1473	47.4000	73.7000	
-0.0113	0.2499	0.1478	50.7750	73.9500	
-0.0119	0.2522	0.1484	52.3000	74.2250	
-0.0123	0.2539	0.1487	53.2250	74.4000	
-0.0127	0.2552	0.1490	55.0000	74.4250	
-0.0130	0.2564	0.1492	55.3500	74.5250	
-0.0134	0.2574	0.1493	56.1750	74.5000	
-0.0138	0.2585	0.1494	56.9750	74.5750	
-0.0142	0.2596	0.1494	57.7250	74.6500	
-0.0146	0.2607	0.1494	58.5500	74.6250	
-0.0150	0.2617	0.1494	59.8250	74.5250	
-0.0154	0.2626	0.1494	60.4500	74.6000	
-0.0156	0.2632	0.1494	61.4000	74.6000	
-0.0158	0.2637	0.1495	63.0750	74.8000	
-0.0157	0.2638	0.1497	64.9500	74.8500	
-0.0155	0.2636	0.1499	65.5250	74.8500	
-0.0151	0.2628	0.1500	65.5250	74.9000	
-0.0145	0.2614	0.1502	64.6500	74.8500	
-0.0137	0.2595	0.1501	59.7750	74.8000	
-0.0129	0.2572	0.1499	50.8000	74.6500	
-0.0121	0.2546	0.1495	39.9000	74.7750	
-0.0113	0.2519	0.1490	32.6250	74.6000	
-0.0106	0.2493	0.1485	27.9500	74.5000	
-0.0101	0.2470	0.1478	26.0500	74.9250	
-0.0101	0.2458	0.1470	25.8750	75.4000	
-0.0107	0.2460	0.1461	24.9750	75.7750	
-0.0113	0.2465	0.1455	25.2500	76.1500	
-0.0116	0.2469	0.1452	25.3750	75.8000	
-0.0118	0.2469	0.1449	25.1500	75.4250	
-0.0120	0.2469	0.1446	25.1250	75.3000	
-0.0121	0.2469	0.1444	25.7500	75.3000	
-0.0123	0.2468	0.1441	26.9250	74.9500	
-0.0124	0.2467	0.1437	28.0250	75.0250	
-0.0126	0.2465	0.1433	28.4500	74.8750	
-0.0128	0.2463	0.1428	28.5500	74.9250	
-0.0130	0.2460	0.1423	28.0500	74.7500	
-0.0133	0.2457	0.1416	27.0500	74.4500	
-0.0136	0.2451	0.1407	26.4750	74.2500	
-0.0140	0.2444	0.1396	26.2500	74.0000	
-0.0145	0.2435	0.1382	27.1500	73.6500	
-0.0150	0.2420	0.1364	31.9250	73.5000	
-0.0153	0.2394	0.1341	40.7250	72.9750	
-0.0152	0.2353	0.1314	51.1000	72.5000	
-0.0153	0.2309	0.1284	63.0250	71.9000	
-0.0156	0.2278	0.1259	69.0750	72.2750	
-0.0162	0.2269	0.1242	70.2000	72.7000	
-0.0169	0.2258	0.1224	71.6250	73.1750	
-0.0176	0.2200	0.1173	73.5250	73.2250	
-0.0185	0.2069	0.1070	74.1750	74.1500	
-0.0203	0.1913	0.0937	74.2500	74.0250	
-0.0232	0.1734	0.0770	74.3750	74.1750	
-0.0267	0.1593	0.0617	74.4000	74.5750	
-0.0306	0.1529	0.0509	74.5750	73.0750	
-0.0341	0.1493	0.0428	74.9250	73.0000	
-0.0366	0.1475	0.0373	74.6000	72.1000	
-0.0382	0.1475	0.0348	74.7000	68.2750	
-0.0406	0.1499	0.0322	72.4000	68.7250	
-0.0406	0.1472	0.0305	55.6500	69.7000	
-0.0425	0.1484	0.0282	56.1250	69.7000	
-0.0428	0.1463	0.0262	54.4500	69.4000	
-0.0436	0.1486	0.0264	51.2750	69.3250	
-0.0447	0.1462	0.0229	52.0750	69.9250	
-0.0446	0.1455	0.0227	53.8500	71.5500	
-0.0456	0.1461	0.0214	51.2000	71.5750	
-0.0457	0.1452	0.0207	51.1000	71.8250	
-0.0465	0.1445	0.0188	52.5000	72.3500	
-0.0475	0.1441	0.0169	51.5500	73.8000	
-0.0483	0.1445	0.0159	50.3750	72.9000	
-0.0494	0.1432	0.0131	50.8500	73.6250	
-0.0504	0.1432	0.0115	50.6500	74.5750	
-0.0513	0.1436	0.0103	50.0000	73.8750	
-0.0520	0.1432	0.0087	49.7500	73.5750	
-0.0526	0.1430	0.0077	49.5250	74.1750	
-0.0531	0.1430	0.0069	49.2500	73.9000	
-0.0534	0.1426	0.0060	49.2250	73.1250	
-0.0537	0.1422	0.0053	49.1750	73.2000	
-0.0540	0.1418	0.0045	49.8750	73.7500	
-0.0544	0.1417	0.0038	50.2750	73.4250	
-0.0546	0.1416	0.0034	50.2750	73.7000	
-0.0549	0.1417	0.0030	50.9750	74.0500	
-0.0550	0.1415	0.0027	52.0000	73.9250	
-0.0552	0.1414	0.0024	53.3250	73.9750	
-0.0553	0.1414	0.0021	54.2500	74.1000	
-0.0554	0.1414	0.0019	56.1750	74.1500	
-0.0554	0.1412	0.0017	57.5250	74.2250	
-0.0555	0.1411	0.0016	59.0750	74.1750	
-0.0555	0.1409	0.0015	61.2250	74.3000	
-0.0555	0.1409	0.0014	62.3250	74.1250	
-0.0556	0.1408	0.0013	63.6750	74.2000	
-0.0556	0.1408	0.0012	65.1750	74.1500	
-0.0557	0.1408	0.0011	65.4250	74.3000	
-0.0556	0.1408	0.0011	67.3000	74.4500	
-0.0557	0.1407	0.0010	67.3750	74.3000	
-0.0557	0.1407	0.0009	67.6000	74.3000	
-0.0558	0.1408	0.0009	68.0500	74.4750	
-0.0558	0.1407	0.0008	67.9750	74.2750	
-0.0558	0.1408	0.0008	68.2500	74.3500	
-0.0559	0.1409	0.0007	68.6000	74.3000	
-0.0560	0.1410	0.0008	69.5750	74.4500	
-0.0561	0.1413	0.0008	69.4500	74.2750	
-0.0560	0.1413	0.0009	70.7500	74.5500	
-0.0561	0.1414	0.0008	70.7000	74.1500	
-0.0561	0.1415	0.0008	71.6500	74.4750	
-0.0562	0.1417	0.0008	71.8250	74.4250	
-0.0562	0.1418	0.0008	72.4000	74.2250	
-0.0563	0.1419	0.0008	72.5750	74.5000	
-0.0564	0.1422	0.0008	72.6750	74.4750	
-0.0564	0.1422	0.0008	72.9000	74.4500	
-0.0565	0.1423	0.0008	72.9500	74.5500	
-0.0565	0.1424	0.0008	73.4000	74.4750	
-0.0566	0.1426	0.0008	73.5250	74.6500	
-0.0566	0.1428	0.0009	74.1500	74.6500	
-0.0568	0.1433	0.0008	74.0750	74.5250	
-0.0568	0.1439	0.0013	74.3500	74.6500	
-0.0568	0.1436	0.0011	74.4000	74.5000	
-0.0569	0.1442	0.0013	74.8000	74.8250	
-0.0568	0.1437	0.0012	74.5250	74.7500	
-0.0569	0.1438	0.0010	74.7750	74.7000	
-0.0570	0.1441	0.0011	74.7500	74.7500	
-0.0571	0.1442	0.0010	75.0000	74.6750	
-0.0572	0.1444	0.0010	74.5000	74.9500	
-0.0572	0.1447	0.0012	74.9000	74.9250	
-0.0572	0.1448	0.0012	75.0500	74.8500	
-0.0573	0.1448	0.0011	74.6000	74.8000	
-0.0573	0.1451	0.0012	74.6750	74.8000	
-0.0574	0.1453	0.0012	75.2750	74.8750	
-0.0575	0.1459	0.0014	74.9750	74.8500	
-0.0575	0.1461	0.0016	75.1250	74.8500	
-0.0575	0.1463	0.0016	74.9250	75.2750	
-0.0576	0.1464	0.0016	74.4750	75.3750	
-0.0576	0.1462	0.0014	74.9750	74.7750	
-0.0578	0.1468	0.0016	74.9000	75.0250	
-0.0578	0.1472	0.0017	74.4000	75.0500	
-0.0579	0.1476	0.0020	74.7000	75.4000	
-0.0578	0.1475	0.0020	74.1500	75.1750	
-0.0579	0.1472	0.0017	74.9250	75.0000	
-0.0579	0.1475	0.0018	74.4500	75.4250	
-0.0579	0.1474	0.0017	75.0250	75.0500	
-0.0580	0.1476	0.0018	74.6500	75.3000	
-0.0581	0.1485	0.0022	75.1750	75.2500	
-0.0578	0.1478	0.0022	75.0750	75.3000	
-0.0580	0.1479	0.0020	74.8500	75.4500	
-0.0581	0.1481	0.0019	74.5750	75.4000	
-0.0582	0.1488	0.0021	74.9250	75.4500	
-0.0582	0.1489	0.0022	74.3500	75.1750	
-0.0581	0.1483	0.0020	75.1250	75.5000	
-0.0582	0.1486	0.0021	75.1750	75.3000	
-0.0582	0.1486	0.0021	74.6500	75.3750	
-0.0583	0.1489	0.0021	74.6750	75.3000	
-0.0582	0.1488	0.0022	75.2500	75.3750	
-0.0583	0.1489	0.0022	75.0750	75.6500	
-0.0584	0.1493	0.0022	75.1250	75.4250	
-0.0583	0.1498	0.0027	74.5500	75.6500	
-0.0582	0.1494	0.0026	75.3500	75.4250	
-0.0583	0.1495	0.0026	74.8000	75.2000	
-0.0583	0.1495	0.0025	74.9500	75.7500	
-0.0584	0.1498	0.0026	74.7250	75.5750	
-0.0583	0.1495	0.0025	74.8750	75.7000	
-0.0582	0.1499	0.0030	75.0000	75.7500	
-0.0583	0.1499	0.0028	75.2000	75.5750	
-0.0584	0.1504	0.0029	74.9750	75.5500	
-0.0585	0.1509	0.0032	74.0000	75.6500	
-0.0584	0.1499	0.0025	74.9500	75.8750	
-0.0582	0.1498	0.0028	75.0250	75.6000	
-0.0583	0.1497	0.0026	74.9250	75.5500	
-0.0584	0.1495	0.0024	74.8000	75.7500	
-0.0584	0.1494	0.0023	75.0250	75.7250	
-0.0585	0.1498	0.0024	74.4500	75.6500	
-0.0584	0.1496	0.0024	75.1000	75.8000	
-0.0584	0.1494	0.0023	74.5250	75.8250	
-0.0584	0.1493	0.0022	75.2250	75.6000	
-0.0584	0.1494	0.0022	74.5750	75.7500	
-0.0583	0.1496	0.0025	74.9000	75.6750	
-0.0584	0.1494	0.0024	74.3750	75.6250	
-0.0583	0.1495	0.0025	75.1750	75.7000	
-0.0584	0.1495	0.0024	74.5000	75.9000	
-0.0584	0.1497	0.0024	75.1750	75.6750	
-0.0583	0.1501	0.0029	74.4500	75.7250	
-0.0582	0.1497	0.0028	74.9500	75.5000	
-0.0582	0.1491	0.0023	75.0500	75.8500	
-0.0582	0.1492	0.0024	74.9250	75.6750	
-0.0582	0.1493	0.0025	74.7750	75.5000	
-0.0582	0.1497	0.0028	74.5500	75.7500	
-0.0582	0.1491	0.0024	74.7000	75.2750	
-0.0582	0.1492	0.0025	74.5750	75.4250	
-0.0581	0.1490	0.0025	74.8250	75.3000	
-0.0581	0.1489	0.0023	74.6000	75.2500	
-0.0582	0.1491	0.0024	74.4250	75.2250	
-0.0579	0.1489	0.0027	74.8500	75.1750	
-0.0579	0.1490	0.0028	75.1000	75.0500	
-0.0579	0.1493	0.0030	74.6000	75.0250	
-0.0581	0.1490	0.0025	74.8500	75.0500	
-0.0581	0.1487	0.0023	74.7000	74.9000	
-0.0581	0.1489	0.0025	74.8500	75.1000	
-0.0581	0.1492	0.0026	74.5750	74.8750	
-0.0580	0.1488	0.0025	75.1250	74.9750	
-0.0581	0.1488	0.0023	74.9250	75.0750	
-0.0580	0.1486	0.0023	74.9750	74.9500	
-0.0581	0.1486	0.0023	74.9500	74.9500	
-0.0580	0.1486	0.0023	75.1250	74.8250	
-0.0581	0.1486	0.0023	74.7250	74.9750	
-0.0580	0.1483	0.0022	74.8750	74.8000	
-0.0579	0.1482	0.0023	74.7750	74.8750	
-0.0580	0.1488	0.0026	75.0500	74.8750	
-0.0581	0.1490	0.0026	74.8000	74.7750	
-0.0578	0.1488	0.0028	74.8750	74.7750	
-0.0580	0.1485	0.0024	74.6500	74.8000	
-0.0580	0.1489	0.0025	74.5500	74.6250	
-0.0579	0.1488	0.0028	74.6250	74.8250	
-0.0579	0.1488	0.0027	74.3750	74.6750	
-0.0580	0.1487	0.0025	74.5750	74.5500	
-0.0579	0.1485	0.0024	74.5750	74.5250	
-0.0579	0.1490	0.0028	74.2500	74.7000	
-0.0581	0.1493	0.0027	74.3750	74.6000	
-0.0582	0.1492	0.0024	74.7250	74.5500	
-0.0580	0.1493	0.0029	73.9500	74.7000	
-0.0581	0.1490	0.0025	74.9750	74.5500	
-0.0582	0.1498	0.0029	74.5000	74.3500	
-0.0578	0.1490	0.0031	74.2000	74.3500	
-0.0581	0.1492	0.0027	74.1500	74.6250	
-0.0580	0.1498	0.0032	74.5250	74.5750	
-0.0581	0.1496	0.0029	74.1000	74.4500	
-0.0582	0.1493	0.0025	74.4500	74.4500	
-0.0582	0.1495	0.0026	73.8000	74.2750	
-0.0581	0.1498	0.0030	73.8750	74.4250	
-0.0582	0.1495	0.0027	73.6750	74.4250	
-0.0583	0.1496	0.0026	73.6000	74.3000	
-0.0584	0.1497	0.0025	73.9500	74.3750	
-0.0585	0.1500	0.0025	73.5500	74.4250	
-0.0585	0.1500	0.0024	73.4000	74.2750	
-0.0586	0.1501	0.0023	73.4000	74.5750	
-0.0587	0.1503	0.0024	73.2750	74.2750	
-0.0589	0.1509	0.0025	73.3000	74.4750	
-0.0589	0.1515	0.0029	72.2750	74.2000	
-0.0589	0.1517	0.0030	72.8500	74.3250	
-0.0589	0.1512	0.0027	72.4000	74.1750	
-0.0588	0.1507	0.0024	72.4000	74.3750	
-0.0589	0.1511	0.0026	72.0750	74.0750	
-0.0587	0.1505	0.0025	71.9500	74.1500	
-0.0588	0.1508	0.0026	71.3250	74.2750	
-0.0586	0.1505	0.0026	72.3250	74.0750	
-0.0586	0.1505	0.0027	71.8500	74.2250	
-0.0586	0.1505	0.0026	72.1750	74.3000	
-0.0586	0.1508	0.0028	72.2500	74.1250	
-0.0586	0.1505	0.0027	72.1000	74.0750	
-0.0586	0.1505	0.0027	72.4750	74.4250	
-0.0586	0.1506	0.0027	71.1500	74.3500	
-0.0587	0.1507	0.0026	73.3750	74.4000	
-0.0587	0.1511	0.0029	71.7750	74.3250	
-0.0586	0.1508	0.0028	73.3500	74.5000	
-0.0587	0.1504	0.0025	73.2250	74.5750	
-0.0587	0.1505	0.0025	73.0000	74.5750	
-0.0587	0.1506	0.0025	72.6250	74.6000	
-0.0586	0.1506	0.0028	73.2250	74.6750	
-0.0585	0.1515	0.0036	72.4250	74.7500	
-0.0584	0.1511	0.0033	72.8000	74.4000	
-0.0585	0.1507	0.0030	72.3500	74.6500	
-0.0586	0.1509	0.0029	72.8000	74.5750	
-0.0588	0.1510	0.0027	72.3750	74.6750	
-0.0587	0.1510	0.0028	72.8500	74.7500	
-0.0586	0.1507	0.0028	72.0000	74.8750	
-0.0585	0.1509	0.0030	72.6000	74.7500	
-0.0585	0.1508	0.0030	72.2500	74.8500	
-0.0585	0.1506	0.0029	72.4500	75.0000	
-0.0586	0.1507	0.0028	72.3500	75.1250	
-0.0586	0.1504	0.0026	72.2000	75.1000	
-0.0587	0.1511	0.0030	71.8750	75.4500	
-0.0586	0.1509	0.0030	72.8750	75.2000	
-0.0586	0.1507	0.0028	72.0250	75.1250	
-0.0585	0.1507	0.0029	72.5750	75.1000	
-0.0585	0.1507	0.0030	72.5250	75.0750	
-0.0586	0.1515	0.0033	72.6750	75.1500	
-0.0585	0.1525	0.0041	70.6250	75.0250	
-0.0583	0.1526	0.0046	71.9250	75.5250	
-0.0586	0.1507	0.0027	71.8250	74.9000	
-0.0585	0.1506	0.0029	71.4250	75.4000	
-0.0586	0.1506	0.0028	71.8250	75.2500	
-0.0586	0.1506	0.0028	71.7250	75.4250	
-0.0586	0.1505	0.0027	71.9000	75.4750	
-0.0586	0.1506	0.0027	72.3250	75.3250	
-0.0586	0.1509	0.0030	72.0000	75.1750	
-0.0586	0.1507	0.0028	71.9250	75.4250	
-0.0588	0.1507	0.0025	72.5750	75.6500	
-0.0588	0.1510	0.0026	71.9500	75.5000	
-0.0590	0.1533	0.0038	71.3250	75.5500	
-0.0589	0.1524	0.0034	72.2750	75.6000	
-0.0588	0.1518	0.0032	71.8500	75.6000	
-0.0589	0.1516	0.0029	72.5000	75.5750	
-0.0590	0.1519	0.0030	72.7250	75.2750	
-0.0591	0.1521	0.0030	72.5000	75.6750	
-0.0588	0.1522	0.0035	71.9500	75.5250	
-0.0589	0.1522	0.0033	72.5500	75.8500	
-0.0590	0.1541	0.0044	71.4000	75.7000	
-0.0588	0.1532	0.0040	72.5000	75.7750	
-0.0591	0.1528	0.0034	72.2750	75.2750	
-0.0590	0.1531	0.0037	71.4500	75.8500	
-0.0588	0.1526	0.0038	72.1750	75.2000	
-0.0588	0.1525	0.0037	71.9750	75.6250	
-0.0588	0.1529	0.0039	71.8750	75.3250	
-0.0588	0.1527	0.0038	70.9500	75.5500	
-0.0588	0.1529	0.0040	71.6000	75.3250	
-0.0587	0.1526	0.0040	70.9750	75.4750	
-0.0587	0.1522	0.0037	71.1500	75.5500	
-0.0588	0.1527	0.0038	70.9250	75.5750	
-0.0587	0.1522	0.0037	71.4000	75.6000	
-0.0588	0.1528	0.0038	70.5500	75.5750	
-0.0588	0.1524	0.0036	71.2250	75.7750	
-0.0587	0.1521	0.0036	71.0250	75.4750	
-0.0587	0.1523	0.0037	70.5500	75.6250	
-0.0587	0.1521	0.0035	70.9500	75.7500	
-0.0587	0.1520	0.0035	70.8000	75.7250	
-0.0587	0.1524	0.0037	70.5500	75.8500	
-0.0586	0.1522	0.0039	71.0000	75.7500	
-0.0585	0.1522	0.0039	70.5250	75.6000	
-0.0585	0.1523	0.0039	70.4500	76.0750	
-0.0584	0.1519	0.0038	70.7000	75.4500	
-0.0586	0.1521	0.0038	70.3750	75.8750	
-0.0585	0.1519	0.0038	71.1500	75.7250	
-0.0585	0.1516	0.0035	70.7000	75.9500	
-0.0585	0.1516	0.0036	71.0750	75.6750	
-0.0583	0.1515	0.0038	70.7000	75.7750	
-0.0583	0.1515	0.0039	70.8000	75.6500	
-0.0585	0.1514	0.0035	70.7500	75.6000	
-0.0585	0.1513	0.0035	71.1000	75.7000	
-0.0585	0.1517	0.0037	70.9500	75.7500	
-0.0587	0.1521	0.0036	70.2750	75.6750	
-0.0584	0.1517	0.0037	70.9000	75.8250	
-0.0584	0.1513	0.0036	70.7750	75.8750	
-0.0584	0.1511	0.0035	70.9750	75.6250	
-0.0583	0.1513	0.0037	71.1000	75.8500	
-0.0579	0.1507	0.0040	71.6000	75.3750	
-0.0581	0.1519	0.0044	71.0750	75.8250	
-0.0580	0.1515	0.0044	71.0250	76.0250	
-0.0582	0.1512	0.0037	71.2000	75.8500	
-0.0582	0.1509	0.0036	71.0000	76.1750	
-0.0583	0.1507	0.0032	71.4500	75.5250	
-0.0582	0.1508	0.0035	71.1000	75.8750	
-0.0582	0.1505	0.0033	71.4500	75.3500	
0.3961	50.0000	0.5844	50.0000	
0.3829	50.0000	0.5590	50.0000	
0.3700	50.0000	0.5335	50.0000	
0.3562	50.0000	0.5077	50.0000	
0.3406	50.0000	0.4810	50.0000	
0.3231	50.0000	0.4546	50.0000	
0.3057	50.0000	0.4278	50.0000	
0.2888	50.0000	0.4014	50.0000	
0.2741	50.0000	0.3762	50.0000	
0.2619	50.0000	0.3533	50.0000	
0.2542	50.0000	0.3326	50.0000	
0.2501	50.0000	0.3163	50.0000	
0.2488	50.1000	0.3035	50.0000	
0.2485	39.3500	0.2946	50.0000	
0.2483	31.8750	0.2889	50.0000	
0.2481	39.1750	0.2854	50.0000	
0.2479	39.7000	0.2836	49.9250	
0.2477	36.5500	0.2825	49.0750	
0.2475	33.1750	0.2817	57.6250	
0.2474	31.5000	0.2811	61.7500	
0.2472	31.9250	0.2804	61.4750	
0.2470	32.4250	0.2798	61.6000	
0.2469	32.8250	0.2792	61.7500	
0.2467	33.1250	0.2786	61.9250	
0.2465	33.4000	0.2779	62.2000	
0.2463	33.8750	0.2773	62.4500	
0.2461	34.0500	0.2766	62.6250	
0.2459	34.2000	0.2759	62.7250	
0.2457	34.5250	0.2749	63.5000	
0.2455	34.7250	0.2736	64.6250	
0.2453	34.8750	0.2719	66.5750	
0.2451	34.9750	0.2700	67.5000	
0.2449	35.1250	0.2683	67.7750	
0.2447	35.1250	0.2666	67.9000	
0.2444	35.1750	0.2647	68.2500	
0.2442	35.3750	0.2627	68.3250	
0.2439	34.6000	0.2607	68.5250	
0.2436	33.1250	0.2585	68.6750	
0.2433	30.9750	0.2561	68.9250	
0.2431	28.6000	0.2534	68.8250	
0.2427	27.0750	0.2502	69.0000	
0.2423	26.3000	0.2465	69.2500	
0.2419	26.4750	0.2420	69.3750	
0.2415	27.2250	0.2371	69.2500	
0.2411	26.6500	0.2316	69.4000	
0.2406	25.8500	0.2256	69.4500	
0.2401	25.7500	0.2194	69.3750	
0.2396	25.5500	0.2128	69.3250	
0.2389	25.6000	0.2063	69.3500	
0.2382	25.8500	0.1998	69.4250	
0.2374	25.9500	0.1937	69.5750	
0.2366	27.3500	0.1877	69.7500	
0.2357	26.0000	0.1822	69.8500	
0.2347	25.3750	0.1769	70.0750	
0.2338	25.8000	0.1720	70.2500	
0.2328	25.8000	0.1675	70.2750	
0.2315	25.6500	0.1634	70.3250	
0.2303	26.0250	0.1597	70.0250	
0.2291	25.9250	0.1563	69.9500	
0.2278	25.5250	0.1534	69.7500	
0.2266	25.6500	0.1508	69.9000	
0.2251	25.5750	0.1486	70.0000	
0.2236	25.5000	0.1466	70.0750	
0.2222	25.6500	0.1450	70.1000	
0.2205	25.2250	0.1436	70.1250	
0.2189	25.4250	0.1424	70.3750	
0.2174	25.4250	0.1415	70.4500	
0.2157	26.3000	0.1406	70.6250	
0.2139	25.8000	0.1399	70.6500	
0.2120	25.4250	0.1393	70.9000	
0.2102	26.0000	0.1387	70.9250	
0.2084	25.3250	0.1381	70.9750	
0.2064	25.4750	0.1375	71.1500	
0.2045	25.3250	0.1369	71.2000	
0.2026	25.6250	0.1362	71.3250	
0.2007	25.5000	0.1355	71.4000	
0.1988	25.4000	0.1348	71.4750	
0.1968	25.5250	0.1341	71.6750	
0.1950	25.3750	0.1333	71.7500	
0.1931	25.2500	0.1325	71.9250	
0.1913	25.6250	0.1317	72.1000	
0.1895	25.7250	0.1309	72.1250	
0.1878	25.3750	0.1299	72.2500	
0.1861	25.1000	0.1290	72.3750	
0.1845	24.6250	0.1281	72.4750	
0.1830	24.7500	0.1272	72.8500	
0.1815	24.6750	0.1262	72.9500	
0.1802	24.7500	0.1252	73.1250	
0.1789	24.8750	0.1241	73.2000	
0.1775	24.7500	0.1229	73.3750	
0.1764	24.8000	0.1217	73.4750	
0.1752	24.9000	0.1203	73.7000	
0.1742	24.5500	0.1190	73.8750	
0.1732	24.7750	0.1175	73.8000	
0.1721	24.4500	0.1160	74.0750	
0.1710	24.4500	0.1144	74.3250	
0.1701	24.7250	0.1128	74.4750	
0.1693	24.5750	0.1111	74.6750	
0.1686	24.6250	0.1095	74.9250	
0.1679	24.9250	0.1075	75.0750	
0.1672	24.8750	0.1056	75.2250	
0.1661	25.1500	0.1037	75.3000	
0.1655	25.0750	0.1017	75.6500	
0.1647	25.4750	0.0997	75.6250	
0.1642	26.1500	0.0976	75.8500	
0.1636	25.9750	0.0955	76.1250	
0.1630	26.8000	0.0933	76.1500	
0.1623	27.7500	0.0912	76.5000	
0.1618	27.8000	0.0888	76.6000	
0.1616	27.9000	0.0866	77.0250	
0.1611	28.8000	0.0842	76.9750	
0.1601	27.7750	0.0819	77.2750	
0.1598	27.4750	0.0795	77.5250	
0.1590	27.1750	0.0772	77.7000	
0.1586	27.0750	0.0749	77.9250	
0.1583	26.6750	0.0724	78.0000	
0.1578	27.0750	0.0700	78.2750	
0.1576	26.4250	0.0677	78.5000	
0.1571	26.7750	0.0653	78.6000	
0.1568	27.6000	0.0630	78.9750	
0.1562	27.3500	0.0608	78.9500	
0.1561	27.1500	0.0586	79.2250	
0.1558	27.9500	0.0563	79.2250	
0.1552	27.8500	0.0541	79.4500	
0.1549	27.9250	0.0520	79.4000	
0.1546	28.5750	0.0499	79.6750	
0.1544	28.2500	0.0479	79.8000	
0.1542	29.7750	0.0459	79.7000	
0.1538	29.1750	0.0439	79.8500	
0.1536	30.0000	0.0420	79.8750	
0.1534	29.7000	0.0401	79.9500	
0.1531	30.3250	0.0383	79.9750	
0.1527	31.3250	0.0366	79.8250	
0.1525	30.8000	0.0349	80.0000	
0.1523	32.4000	0.0332	80.0500	
0.1522	31.9750	0.0316	80.0250	
0.1518	32.5000	0.0301	80.1750	
0.1516	33.1750	0.0286	80.1250	
0.1514	33.5750	0.0271	80.2000	
0.1512	33.7000	0.0258	80.1500	
0.1510	34.3750	0.0245	80.3000	
0.1510	33.9250	0.0232	80.2000	
0.1510	35.8750	0.0220	80.1500	
0.1509	34.6250	0.0209	80.1250	
0.1506	35.4000	0.0198	80.1500	
0.1504	35.9250	0.0188	80.0000	
0.1500	35.8500	0.0178	79.8750	
0.1501	36.5500	0.0168	80.0750	
0.1498	35.8500	0.0160	79.9250	
0.1499	36.2000	0.0151	79.9250	
0.1499	37.3000	0.0143	79.9500	
0.1497	36.3500	0.0136	79.8500	
0.1499	36.8500	0.0129	79.8500	
0.1496	37.5250	0.0123	79.7000	
0.1492	38.3750	0.0117	79.8500	
0.1493	38.6500	0.0111	79.6250	
0.1490	39.4500	0.0106	79.5500	
0.1489	39.0750	0.0100	79.4500	
0.1488	38.4500	0.0096	79.4250	
0.1487	38.5500	0.0091	79.4000	
0.1486	39.3750	0.0087	79.3250	
0.1487	39.2750	0.0084	79.2000	
0.1484	39.8250	0.0080	79.0500	
0.1485	41.0750	0.0077	78.9500	
0.1486	40.1750	0.0074	78.9750	
0.1486	40.1250	0.0071	78.8000	
0.1484	39.9500	0.0069	78.7750	
0.1484	42.0000	0.0067	78.5750	
0.1482	41.2250	0.0064	78.4750	
0.1480	42.8000	0.0062	78.3000	
0.1481	41.0000	0.0061	78.2750	
0.1482	43.8000	0.0059	78.2000	
0.1481	42.1250	0.0057	78.0500	
0.1477	43.4000	0.0056	77.8750	
0.1476	43.8250	0.0055	77.8000	
0.1475	44.2500	0.0053	77.6250	
0.1473	44.4000	0.0052	77.6750	
0.1475	45.9000	0.0051	77.5750	
0.1476	44.0250	0.0050	77.4500	
0.1473	46.4750	0.0049	77.4250	
0.1475	44.5250	0.0048	77.4000	
0.1474	46.3250	0.0047	77.1500	
0.1472	45.2750	0.0046	77.1250	
0.1469	45.6750	0.0046	76.9750	
0.1469	46.2000	0.0045	76.9250	
0.1468	45.7000	0.0044	76.9000	
0.1467	44.9750	0.0043	77.0500	
0.1467	45.8750	0.0043	77.1000	
0.1466	45.3250	0.0042	77.2750	
0.1467	46.1000	0.0041	77.2500	
0.1466	44.9000	0.0041	77.4500	
0.1465	44.9250	0.0040	77.3000	
0.1465	46.1750	0.0040	77.3250	
0.1464	45.1000	0.0039	77.3000	
0.1464	45.4500	0.0039	77.2000	
0.1465	46.4500	0.0038	77.2250	
0.1462	44.7000	0.0038	77.2000	
0.1462	46.4500	0.0037	77.0500	
0.1462	44.5750	0.0037	77.0500	
0.1461	46.0000	0.0037	76.9750	
0.1462	45.4500	0.0037	76.9500	
0.1461	43.6500	0.0036	76.9000	
0.1462	46.3500	0.0036	76.8500	
0.1462	43.4250	0.0035	76.7000	
0.1460	45.9250	0.0035	76.7250	
0.1460	44.8500	0.0035	76.7000	
0.1461	43.5750	0.0035	76.5500	
0.1459	45.9750	0.0034	76.5000	
0.1458	44.3250	0.0034	76.5500	
0.1457	45.2750	0.0034	76.4500	
0.1457	44.3250	0.0034	76.4000	
0.1457	45.4750	0.0033	76.3750	
0.1458	43.9000	0.0033	76.3750	
0.1457	45.7500	0.0033	76.3500	
0.1456	43.5500	0.0033	76.3250	
0.1455	44.8000	0.0032	76.3000	
0.1456	45.7000	0.0032	76.2500	
0.1460	43.5500	0.0032	76.2250	
0.1458	45.3250	0.0032	76.2000	
0.1457	44.9250	0.0032	76.2000	
0.1454	43.3500	0.0032	76.1750	
0.1453	44.6500	0.0031	76.1250	
0.1454	43.4000	0.0031	76.1000	
0.1453	44.5250	0.0031	76.0500	
0.1453	43.2750	0.0031	76.0500	
0.1451	43.3750	0.0031	76.0000	
0.1453	44.7250	0.0030	76.0250	
0.1452	42.2500	0.0030	76.0000	
0.1452	43.2000	0.0030	76.0250	
0.1452	44.5500	0.0030	76.0000	
0.1453	41.6750	0.0030	75.9750	
0.1451	43.5500	0.0030	75.9500	
0.1450	43.0250	0.0030	76.0500	
0.1450	42.5250	0.0029	76.0250	
0.1449	42.5500	0.0029	76.0000	
0.1449	41.7250	0.0029	76.0000	
0.1450	42.3000	0.0029	75.9750	
0.1448	42.5500	0.0029	75.9500	
0.1448	42.2250	0.0029	75.9500	
0.1448	42.3250	0.0029	75.9500	
0.1448	42.8000	0.0029	75.9250	
0.1449	41.7000	0.0028	75.9000	
0.1448	42.3750	0.0028	75.8750	
0.1447	41.9250	0.0028	75.8750	
0.1447	41.5500	0.0028	75.8750	
0.1448	41.4000	0.0028	75.8750	
0.1447	42.1750	0.0028	75.7750	
0.1448	40.6750	0.0028	75.8750	
0.1446	41.5750	0.0028	75.9250	
0.1447	41.6250	0.0028	75.8500	
0.1446	40.6500	0.0027	75.8250	
0.1448	41.8750	0.0027	75.8500	
0.1447	39.8500	0.0027	75.8250	
0.1445	41.7500	0.0028	75.9000	
0.1446	41.2000	0.0027	75.8250	
0.1445	40.7500	0.0027	75.7750	
0.1447	41.0000	0.0027	75.8750	
0.1446	41.6250	0.0027	75.8250	
0.1446	40.0750	0.0027	75.8000	
0.1444	41.2000	0.0027	75.8250	
0.1444	40.5750	0.0027	75.8000	
0.1443	40.5000	0.0027	75.7750	
0.1444	40.5750	0.0027	75.8000	
0.1444	40.2500	0.0026	75.6750	
0.1443	40.6750	0.0026	75.7500	
0.1443	40.0250	0.0026	75.7500	
0.1444	40.9250	0.0026	75.7250	
0.1443	39.3250	0.0026	75.7750	
0.1443	40.8250	0.0026	75.8250	
0.1442	39.8500	0.0026	75.7000	
0.1443	40.5750	0.0026	75.8000	
0.1441	40.1000	0.0026	75.7500	
0.1442	40.6000	0.0026	75.7250	
0.1442	40.0750	0.0026	75.7000	
0.1441	40.7750	0.0026	75.8000	
0.1441	40.0500	0.0026	75.7250	
0.1443	40.7250	0.0026	75.6750	
0.1442	39.4250	0.0025	75.7250	
0.1440	40.7250	0.0025	75.7250	
0.1441	40.3000	0.0025	75.7250	
0.1440	40.3750	0.0025	75.7000	
0.1440	40.4750	0.0025	75.7500	
0.1440	40.6500	0.0025	75.7500	
0.1440	40.4000	0.0025	75.7250	
0.1441	40.9500	0.0025	75.7250	
0.1442	39.5750	0.0025	75.7500	
0.1441	42.3750	0.0025	75.6750	
0.1441	40.0250	0.0025	75.7250	
0.1439	41.7500	0.0025	75.7500	
0.1440	42.4000	0.0025	75.8250	
0.1439	42.2250	0.0025	75.7750	
0.1438	42.9750	0.0025	75.7250	
0.1440	43.3000	0.0024	75.7000	
0.1439	43.1500	0.0024	75.7000	
0.1438	43.6250	0.0024	75.7250	
0.1437	43.9750	0.0024	75.7500	
0.1439	44.4750	0.0024	75.7250	
0.1439	44.7500	0.0024	75.6250	
0.1438	45.6000	0.0024	75.6750	
0.1438	46.1250	0.0024	75.5500	
0.1441	47.7750	0.0023	75.5000	
0.1439	46.7000	0.0023	75.4750	
0.1437	49.2250	0.0023	75.5500	
0.1436	49.1000	0.0023	75.5250	
0.1435	49.8000	0.0023	75.4250	
0.1435	50.6250	0.0023	75.5500	
0.1436	50.2750	0.0023	75.4250	
0.1435	51.1000	0.0022	75.5750	
0.1436	49.1500	0.0022	75.5750	
0.1435	48.8750	0.0022	75.5250	
0.1435	48.5250	0.0022	75.5500	
0.1436	47.3250	0.0022	75.5250	
0.1435	48.3250	0.0022	75.5500	
0.1436	46.4250	0.0022	75.5250	
0.1434	45.1250	0.0022	75.5250	
0.1434	42.1000	0.0022	75.5250	
0.1435	42.0750	0.0021	75.5750	
0.1435	41.8000	0.0021	75.6000	
0.1434	41.7500	0.0021	75.5750	
0.1434	41.5000	0.0021	75.5750	
0.1433	41.0750	0.0021	75.6250	
0.1433	40.6750	0.0021	75.5750	
0.1434	40.9750	0.0021	75.6000	
0.1433	40.8000	0.0021	75.6000	
0.1432	39.9000	0.0021	75.6250	
0.1433	39.8000	0.0021	75.6250	
0.1433	39.5000	0.0021	75.5500	
0.1432	39.5250	0.0020	75.6250	
0.1432	39.1500	0.0020	75.6250	
0.1432	39.0000	0.0020	75.6000	
0.1431	39.1000	0.0020	75.5750	
0.1432	38.9750	0.0020	75.6500	
0.1432	38.5250	0.0020	75.6250	
0.1431	38.4750	0.0020	75.5750	
0.1431	38.5750	0.0020	75.6250	
0.1432	37.9000	0.0020	75.6000	
0.1432	38.0000	0.0020	75.5500	
0.1431	38.0750	0.0020	75.4500	
0.1431	38.1000	0.0020	75.6250	
0.1432	37.8250	0.0019	75.5750	
0.1433	37.3750	0.0019	75.6000	
0.1433	37.7750	0.0019	75.5750	
0.1430	37.8000	0.0019	75.6000	
0.1432	37.7250	0.0019	75.5500	
0.1431	37.4000	0.0019	75.5500	
0.1430	37.5250	0.0019	75.5750	
0.1429	37.2500	0.0019	75.5500	
0.1430	37.4000	0.0019	75.5000	
0.1429	37.3000	0.0019	75.5500	
0.1429	37.3250	0.0019	75.5500	
0.1429	37.3500	0.0019	75.6000	
0.1430	37.4000	0.0019	75.6500	
0.1430	37.2250	0.0019	75.5250	
0.1428	37.1500	0.0018	75.6000	
0.1430	37.1750	0.0018	75.5000	
0.1428	36.9000	0.0018	75.6250	
0.1428	37.4000	0.0018	75.5250	
0.1428	37.1000	0.0018	75.4750	
0.1428	36.8000	0.0018	75.5000	
0.1428	36.9000	0.0018	75.5250	
0.1428	37.0500	0.0018	75.5250	
0.1427	36.9500	0.0018	75.4500	
0.1427	36.9250	0.0018	75.4750	
0.1427	36.9750	0.0018	75.5500	
0.1428	36.7500	0.0017	75.5750	
0.1427	36.9000	0.0017	75.5000	
0.1428	37.0500	0.0017	75.5500	
0.1427	37.0000	0.0017	75.5000	
0.1427	36.7750	0.0017	75.4750	
0.1426	36.9250	0.0017	75.4000	
0.1426	37.2500	0.0017	75.4250	
0.1427	36.5750	0.0017	75.4500	
0.1427	37.2500	0.0017	75.5000	
0.1426	37.0250	0.0017	75.4000	
0.1426	37.2500	0.0017	75.5000	
0.1426	36.9500	0.0017	75.3750	
0.1426	36.8000	0.0017	75.4500	
0.1426	36.2500	0.0017	75.4250	
0.1425	37.2250	0.0016	75.4500	
0.1425	37.2000	0.0016	75.4000	
0.1426	37.4250	0.0016	75.3500	
0.1426	37.2500	0.0016	75.4500	
0.1426	36.8500	0.0016	75.4500	
0.1426	37.4500	0.0016	75.3750	
0.1425	37.1500	0.0016	75.4250	
0.1424	37.2500	0.0016	75.4000	
0.1424	37.4250	0.0016	75.4000	
0.1425	37.4000	0.0016	75.4500	
0.1424	37.3250	0.0016	75.3500	
0.1424	37.6500	0.0016	75.4000	
0.1424	37.3750	0.0016	75.3750	
0.1424	37.8250	0.0015	75.3500	
0.1424	37.4500	0.0015	75.4000	
0.1426	37.6000	0.0015	75.3500	
0.1428	37.0750	0.0015	75.3500	
0.1425	37.8500	0.0015	75.3500	
0.1423	37.7000	0.0015	75.3250	
0.1423	37.6500	0.0015	75.4000	
0.1424	37.8000	0.0015	75.3250	
0.1423	37.6250	0.0015	75.3000	
0.1422	37.7500	0.0015	75.3250	
0.1423	37.4250	0.0015	75.3500	
0.1422	37.5500	0.0015	75.3000	
0.1423	38.0500	0.0015	75.3750	
0.1429	38.3750	0.0015	75.3500	
0.1427	38.9750	0.0015	75.2750	
0.1423	38.3250	0.0015	75.3000	
0.1422	37.5000	0.0015	75.2750	
0.1423	37.7500	0.0015	75.3000	
0.1422	38.0000	0.0015	75.2750	
0.1421	38.6000	0.0015	75.3500	
0.1422	38.6750	0.0015	75.3250	
0.1422	38.4250	0.0015	75.3500	
0.1421	38.1500	0.0014	75.3000	
0.1422	38.2250	0.0014	75.3000	
0.1421	38.8500	0.0014	75.3000	
0.1422	39.4750	0.0014	75.2750	
0.1422	38.8250	0.0014	75.3250	
0.1422	38.4500	0.0014	75.3000	
0.1422	38.8000	0.0014	75.3000	
0.1426	38.1000	0.0014	75.2500	
0.1422	39.1000	0.0014	75.3000	
0.1421	38.7750	0.0014	75.2750	
0.1420	38.7750	0.0014	75.2500	
0.1420	39.7750	0.0014	75.2500	
0.1419	39.6750	0.0014	75.3500	
0.1420	38.9750	0.0014	75.3250	
0.1420	39.3250	0.0014	75.2500	
0.1421	38.6750	0.0014	75.3250	
0.1419	39.2250	0.0014	75.3000	
0.1419	39.5500	0.0014	75.3000	
0.1419	39.8500	0.0014	75.3250	
0.1419	39.7000	0.0014	75.2750	
0.1419	40.1250	0.0014	75.3000	
0.1419	39.7750	0.0014	75.3500	
0.1419	39.6250	0.0014	75.2500	
0.1418	39.9500	0.0014	75.3500	
0.1419	39.7750	0.0014	75.3000	
0.1419	40.0000	0.0014	75.3250	
0.1419	39.8500	0.0014	75.3000	
0.1419	39.9250	0.0014	75.2750	
0.1417	40.3000	0.0014	75.3250	
0.1421	40.0000	0.0014	75.3250	
0.1418	40.1750	0.0014	75.3000	
0.1419	40.2750	0.0014	75.3000	
0.1419	40.6500	0.0014	75.3000	
0.1418	40.5000	0.0014	75.2500	
0.1418	40.2500	0.0014	75.2250	
0.1418	40.6750	0.0014	75.3000	
0.1418	41.0000	0.0014	75.2500	
0.1418	40.7500	0.0014	75.3000	
0.1418	40.6500	0.0014	75.2500	
0.1418	41.1000	0.0014	75.2500	
0.1417	41.6500	0.0014	75.2750	
0.1417	41.9000	0.0014	75.3000	
0.1418	41.8000	0.0014	75.3000	
0.1417	41.5250	0.0014	75.2750	
0.1417	41.0000	0.0014	75.1750	
0.1417	40.9000	0.0014	75.2750	
0.1416	40.9250	0.0014	75.2000	
0.1416	41.2500	0.0014	75.2250	
0.1416	41.7000	0.0014	75.2000	
0.1416	42.3250	0.0014	75.2500	
0.1417	42.5750	0.0014	75.2000	
0.1416	42.5500	0.0014	75.3000	
0.1416	41.4500	0.0013	75.2500	
0.1416	41.8500	0.0014	75.2000	
0.1415	41.6750	0.0014	75.2250	
0.1416	41.5500	0.0014	75.2750	
0.1415	41.5500	0.0014	75.1500	
0.1416	41.7500	0.0014	75.1500	
0.1416	41.5750	0.0014	75.2500	
0.1415	42.4250	0.0014	75.2500	
0.1416	42.0500	0.0014	75.2250	
0.1417	40.9250	0.0014	75.2500	
0.1416	42.2750	0.0013	75.2000	
0.1415	42.6000	0.0014	75.3000	
0.1415	43.2750	0.0013	75.3000	
0.1415	42.5250	0.0013	75.2500	
0.1414	42.5750	0.0013	75.2250	
0.1414	43.8000	0.0014	75.2500	
0.1414	43.8750	0.0014	75.2000	
0.1415	43.8250	0.0014	75.1750	
0.1415	42.3750	0.0013	75.1750	
0.1414	42.4250	0.0013	75.2000	
0.1414	42.0000	0.0014	75.1750	
0.1413	42.7500	0.0013	75.2250	
0.1414	42.7750	0.0013	75.2000	
0.1413	43.2250	0.0013	75.1500	
0.1413	43.8500	0.0014	75.1750	
0.1413	43.9250	0.0014	75.2000	
0.1413	43.4000	0.0014	75.1750	
0.1413	43.5000	0.0013	75.1750	
0.1413	43.9000	0.0013	75.1250	
0.1412	44.2250	0.0013	75.1250	
0.1412	44.2500	0.0013	75.1750	
0.1412	44.1250	0.0013	75.2000	
0.1412	43.7500	0.0013	75.2500	
0.1412	43.8750	0.0013	75.2000	
0.1413	43.7250	0.0013	75.2250	
0.1411	44.1000	0.0013	75.2750	
0.1412	44.3000	0.0013	75.1750	
0.1412	44.0500	0.0013	75.2500	
0.1412	44.1000	0.0014	75.2000	
0.1412	43.6000	0.0014	75.1750	
0.1413	43.4250	0.0013	75.2250	
0.1412	43.8000	0.0013	75.1750	
0.1412	43.4250	0.0013	75.2500	
0.1411	43.5750	0.0013	75.2250	
0.1411	44.1250	0.0013	75.3000	
0.1411	44.2500	0.0013	75.1500	
0.1410	44.1250	0.0013	75.2000	
0.1411	44.1500	0.0013	75.2250	
0.1410	44.1250	0.0014	75.2750	
0.1410	44.2250	0.0013	75.2250	
0.1410	44.2000	0.0013	75.1750	
0.1412	44.8000	0.0014	75.2750	
0.1411	44.0250	0.0013	75.1500	
0.1410	44.2500	0.0013	75.2750	
0.1410	43.9500	0.0013	75.1500	
0.1411	44.8500	0.0013	75.2250	
0.1410	44.6750	0.0013	75.2000	
0.1409	44.6500	0.0013	75.1750	
0.1410	43.2500	0.0014	75.1250	
0.1409	43.2500	0.0013	75.1750	
0.1410	44.2500	0.0013	75.1500	
0.1409	44.3000	0.0013	75.1750	
0.1409	45.4500	0.0013	75.1500	
0.1409	46.0000	0.0013	75.2000	
0.1409	45.1750	0.0013	75.1750	
0.1409	45.7000	0.0014	75.1750	
0.1409	45.2750	0.0014	75.1000	
0.1410	45.3000	0.0013	75.1750	
0.1409	44.7250	0.0013	75.2000	
0.1408	44.2250	0.0013	75.1250	
0.1409	44.2250	0.0013	75.2250	
0.1408	44.9250	0.0013	75.2000	
0.1410	45.9250	0.0013	75.2000	
0.1408	45.0250	0.0013	75.1500	
0.1408	44.8750	0.0013	75.1750	
0.1409	45.1500	0.0013	75.1500	
0.1408	44.2750	0.0013	75.1500	
0.1408	45.0000	0.0013	75.2000	
0.1408	45.7000	0.0013	75.1500	
0.1408	46.1000	0.0013	75.1500	
0.1407	46.1750	0.0013	75.1500	
0.1408	45.5750	0.0013	75.1000	
0.1409	45.9250	0.0013	75.1500	
0.1408	44.6750	0.0013	75.1750	
0.1407	44.4750	0.0013	75.1750	
0.1408	45.1250	0.0013	75.2250	
0.1408	45.7500	0.0013	75.2250	
0.1408	46.2500	0.0013	75.1500	
0.1407	46.1500	0.0013	75.2500	
0.1407	45.9000	0.0013	75.1750	
0.1408	45.0500	0.0013	75.2500	
0.1407	45.3500	0.0013	75.1750	
0.1406	45.8000	0.0013	75.2500	
0.1407	46.7500	0.0013	75.1750	
0.1407	46.3500	0.0013	75.1750	
0.1408	45.0250	0.0013	75.1250	
0.1407	46.1250	0.0013	75.1250	
0.1406	46.4250	0.0013	75.2250	
0.1406	46.3250	0.0013	75.2000	
0.1406	46.0250	0.0013	75.1750	
0.1407	46.1750	0.0013	75.1500	
0.1408	45.7250	0.0013	75.2500	
0.1407	45.7500	0.0013	75.0250	
0.1406	46.0500	0.0013	75.2000	
0.1407	46.2750	0.0013	75.1500	
0.1407	46.1250	0.0013	75.1750	
0.1407	45.8750	0.0013	75.1750	
0.1405	46.4000	0.0013	75.1000	
0.1406	46.2250	0.0013	75.0750	
0.1405	45.5250	0.0013	75.3000	
0.1406	45.3750	0.0013	75.1000	
0.1405	46.0000	0.0013	75.1500	
0.1406	46.7500	0.0013	75.2250	
0.1406	47.0500	0.0013	75.2250	
0.1404	47.3750	0.0013	75.2000	
0.1405	46.2750	0.0013	75.1750	
0.1406	46.2500	0.0013	75.2250	
0.1407	46.6500	0.0013	75.1750	
0.1407	45.8250	0.0013	75.1500	
0.1405	45.7000	0.0014	75.1500	
0.1405	45.7750	0.0013	75.2250	
0.1405	45.8000	0.0013	75.1750	
0.1405	46.0250	0.0013	75.1750	
0.1406	46.4500	0.0013	75.2000	
0.1404	46.3250	0.0013	75.1250	
0.1404	46.7750	0.0013	75.1500	
0.1404	47.0000	0.0013	75.1250	
0.1404	46.9750	0.0013	75.1750	
0.1404	46.5250	0.0013	75.2000	
0.1404	45.9000	0.0013	75.1750	
0.1404	46.2500	0.0013	75.1500	
0.1404	46.6250	0.0013	75.1750	
0.1406	46.5500	0.0013	75.1750	
0.1405	46.8500	0.0013	75.1750	
0.1406	46.2250	0.0013	75.1500	
0.1404	45.8250	0.0013	75.1500	
0.1403	45.8500	0.0013	75.2000	
0.1404	45.9000	0.0013	75.1250	
0.1404	47.0000	0.0013	75.1750	
0.1403	47.0000	0.0013	75.2250	
0.1403	47.1500	0.0013	75.1750	
0.1403	46.9000	0.0013	75.1500	
0.1403	46.9000	0.0013	75.2250	
0.1403	47.2500	0.0013	75.1500	
0.1403	47.9000	0.0013	75.2000	
0.1403	47.6000	0.0013	75.1500	
0.1403	46.7250	0.0013	75.1500	
0.1403	46.5000	0.0013	75.2000	
0.1403	46.5500	0.0013	75.1000	
0.1403	46.0000	0.0013	75.1750	
0.1404	46.9000	0.0013	75.1250	
0.1405	46.5500	0.0013	75.2250	
0.1402	47.0750	0.0013	75.2000	
0.1403	47.0250	0.0013	75.1000	
0.1402	46.9250	0.0013	75.2000	
0.1402	47.3000	0.0013	75.1000	
0.1402	47.4000	0.0013	75.1500	
0.1403	47.3750	0.0013	75.1750	
0.1401	47.3500	0.0013	75.1500	
0.1403	47.1500	0.0013	75.2000	
0.1402	46.7250	0.0013	75.1000	
0.1402	46.9000	0.0013	75.1250	
0.1402	46.9500	0.0013	75.1750	
0.1401	47.2500	0.0013	75.0750	
0.1402	46.4500	0.0013	75.1500	
0.1404	47.3000	0.0013	75.2500	
0.1403	47.2250	0.0013	75.1750	
0.1401	47.5500	0.0013	75.1500	
0.1402	47.4750	0.0013	75.1500	
0.1401	47.2250	0.0013	75.1750	
0.1401	46.5750	0.0013	75.1000	
0.1401	46.4250	0.0013	75.1250	
0.1402	47.1250	0.0013	75.1750	
0.1401	47.9250	0.0013	75.1750	
0.1402	47.5250	0.0013	75.1750	
0.1401	47.3750	0.0013	75.1000	
0.1401	47.2750	0.0013	75.1750	
0.1401	47.2750	0.0013	75.1750	
0.1401	47.6750	0.0013	75.1250	
0.1402	47.1000	0.0013	75.1750	
0.1401	46.9750	0.0013	75.1000	
0.1401	47.7000	0.0013	75.1500	
0.1400	48.3000	0.0013	75.2000	
0.1401	48.3500	0.0013	75.2250	
0.1401	47.4250	0.0013	75.1750	
0.1402	46.5500	0.0013	75.0750	
0.1400	47.3750	0.0013	75.1250	
0.1400	47.3000	0.0013	75.1750	
0.1400	47.0000	0.0013	75.0750	
0.1400	47.6500	0.0013	75.1250	
0.1400	48.0250	0.0013	75.2000	
0.1400	47.4750	0.0013	75.1250	
0.1401	47.4000	0.0013	75.1250	
0.1400	47.3000	0.0013	75.2500	
0.1400	47.9500	0.0013	75.1000	
0.1400	48.3750	0.0013	75.1500	
0.1399	47.8000	0.0013	75.1250	
0.1400	47.7750	0.0013	75.1750	
0.1399	46.7250	0.0013	75.1500	
0.1399	47.4500	0.0013	75.0750	
0.1400	47.7750	0.0013	75.2000	
0.1399	47.1500	0.0013	75.2500	
0.1399	47.4250	0.0013	75.2750	
0.1400	47.8000	0.0013	75.1750	
0.1399	47.6250	0.0013	75.2000	
0.1399	47.6750	0.0013	75.1500	
0.1400	47.9500	0.0013	75.1500	
0.1399	48.0500	0.0013	75.2500	
0.1399	48.1750	0.0013	75.2250	
0.1399	47.6750	0.0013	75.1000	
0.1402	46.8000	0.0013	75.1500	
0.1400	47.5750	0.0013	75.1750	
0.1398	47.0750	0.0013	75.1500	
0.1399	47.2500	0.0013	75.1250	
0.1399	48.0500	0.0013	75.1000	
0.1398	48.0750	0.0013	75.1250	
0.1399	47.6000	0.0013	75.1250	
0.1398	47.7500	0.0013	75.1250	
0.1398	47.9250	0.0013	75.1500	
0.1398	48.2000	0.0013	75.1000	
0.1398	48.7250	0.0013	75.2250	
0.1398	49.0750	0.0013	75.0750	
0.1398	48.8750	0.0013	75.2250	
0.1398	48.3750	0.0013	75.1000	
0.1398	48.7250	0.0013	75.0750	
0.1398	48.7500	0.0013	75.1250	
0.1398	49.1750	0.0013	75.0500	
0.1398	49.1250	0.0013	75.0500	
0.1398	48.8750	0.0013	75.0500	
0.1401	47.7500	0.0013	75.0250	
0.1401	47.9750	0.0013	75.0250	
0.1397	48.2000	0.0013	75.0750	
0.1397	48.8500	0.0013	75.0750	
0.1397	49.0750	0.0013	75.1250	
0.1397	49.1750	0.0013	75.0500	
0.1397	49.4000	0.0013	75.0500	
0.1397	48.9250	0.0013	75.0500	
0.1397	48.4250	0.0012	74.9500	
0.1397	48.7500	0.0012	75.0000	
0.1397	49.1750	0.0012	75.0250	
0.1397	48.7750	0.0012	75.0750	
0.1398	48.7250	0.0012	75.0000	
0.1397	49.2250	0.0012	75.1000	
0.1397	49.3750	0.0012	75.0500	
0.1396	49.5500	0.0012	75.0500	
0.1396	49.5250	0.0012	75.1250	
0.1396	49.0000	0.0012	75.0250	
0.1397	48.9000	0.0012	74.9750	
0.1396	48.9250	0.0012	75.0250	
0.1396	48.8750	0.0012	75.0500	
0.1396	48.7750	0.0011	75.0500	
0.1396	48.9250	0.0011	75.0500	
0.1396	48.9750	0.0011	75.0750	
0.1396	49.0000	0.0011	75.0500	
0.1395	49.3750	0.0011	75.0750	
0.1395	49.5500	0.0011	75.0250	
0.1395	49.2750	0.0011	75.0000	
0.1396	48.9000	0.0011	75.1000	
0.1396	48.9000	0.0011	75.0250	
0.1396	49.4000	0.0011	75.0000	
0.1395	49.7250	0.0011	75.0500	
0.1396	49.5250	0.0011	75.0000	
0.1396	49.5500	0.0011	75.0500	
0.1395	49.2500	0.0011	75.0000	
0.1395	49.5000	0.0010	75.1250	
0.1395	49.3250	0.0010	75.0000	
0.1395	49.1250	0.0010	75.0500	
0.1395	49.1250	0.0010	75.0750	
0.1394	49.5500	0.0010	75.0500	
0.1395	49.5000	0.0010	75.0500	
0.1395	49.2500	0.0010	75.0750	
0.1394	49.2750	0.0010	75.0250	
0.1395	49.0250	0.0010	75.0500	
0.1395	49.5000	0.0010	75.0000	
0.1395	49.5250	0.0010	75.0250	
0.1394	49.0250	0.0010	75.0500	
0.1395	49.8000	0.0010	75.0500	
0.1395	48.8000	0.0010	75.0250	
0.1395	49.2750	0.0010	75.0250	
0.1394	49.3000	0.0010	75.0500	
0.1395	49.2750	0.0009	75.0500	
0.1395	49.9250	0.0009	75.0250	
0.1395	49.3000	0.0009	75.0250	
0.1393	49.3750	0.0009	75.0000	
0.1394	49.1750	0.0009	75.0500	
0.1394	49.0250	0.0009	75.1000	
0.1393	49.5500	0.0009	75.0250	
0.1393	50.0250	0.0009	75.0500	
0.1394	49.7250	0.0009	75.0500	
0.1395	49.4500	0.0009	75.1000	
0.1395	48.5500	0.0009	75.0000	
0.1393	49.5000	0.0009	75.1000	
0.1393	49.9750	0.0009	75.0000	
0.1393	49.9500	0.0009	75.0500	
0.1393	50.2500	0.0009	75.0250	
0.1393	50.0500	0.0009	75.0750	
0.1393	50.1250	0.0009	75.0500	
0.1393	49.6750	0.0009	74.9500	
0.1392	49.8750	0.0008	75.0250	
0.1393	50.1500	0.0008	75.1000	
0.1393	49.8000	0.0008	75.0500	
0.1393	49.4250	0.0008	75.0000	
0.1393	49.1750	0.0008	75.0500	
0.1392	49.8500	0.0008	75.0000	
0.1393	50.2500	0.0008	75.0750	
0.1392	49.8250	0.0008	74.9750	
0.1392	49.5500	0.0008	74.9750	
0.1393	49.1750	0.0008	75.0000	
0.1392	49.5500	0.0008	75.0750	
0.1392	49.8750	0.0008	75.0250	
0.1392	49.8000	0.0008	75.0250	
0.1392	49.6500	0.0008	75.0000	
0.1392	50.1750	0.0008	75.0500	
0.1392	50.1500	0.0008	75.0750	
0.1392	49.4750	0.0008	75.0000	
0.1391	49.8250	0.0008	74.9750	
0.1392	50.0250	0.0008	75.0500	
0.1391	50.1000	0.0008	75.0500	
0.1392	50.3000	0.0008	75.0750	
0.1391	49.8750	0.0008	75.0000	
0.1392	49.6250	0.0007	75.0000	
0.1391	49.9250	0.0007	75.0500	
0.1391	50.1500	0.0007	75.0000	
0.1392	49.5000	0.0007	75.0000	
0.1391	50.2500	0.0007	75.0500	
0.1391	49.8500	0.0007	74.9750	
0.1391	49.7250	0.0007	75.0250	
0.1391	49.8000	0.0007	74.9500	
0.1391	49.7750	0.0007	74.9750	
0.1392	49.8000	0.0007	74.9500	
0.1391	50.0500	0.0007	75.0250	
0.1391	49.6000	0.0007	74.9500	
0.1390	49.9000	0.0007	75.0000	
0.1390	50.4250	0.0007	74.9500	
0.1390	50.5000	0.0007	74.9500	
0.1391	50.7250	0.0007	74.9250	
0.1391	50.4250	0.0007	75.0000	
0.1390	50.0000	0.0007	74.9000	
0.1390	50.2750	0.0007	74.9750	
0.1391	49.8250	0.0007	75.0000	
0.1391	50.3250	0.0007	74.9500	
0.1391	50.7000	0.0007	74.9750	
0.1392	50.4500	0.0007	75.0000	
0.1391	49.9000	0.0007	74.9750	
0.1390	50.3750	0.0007	75.0250	
0.1391	50.0250	0.0007	75.0000	
0.1389	50.0000	0.0007	75.0250	
0.1390	50.4250	0.0006	74.9250	
0.1390	50.3750	0.0006	74.9500	
0.1389	50.7750	0.0006	74.9500	
0.1390	50.8250	0.0006	74.9000	
0.1390	50.1250	0.0006	74.9500	
0.1390	49.9000	0.0006	74.9750	
0.1390	50.2000	0.0006	74.9500	
0.1390	50.2750	0.0006	75.0000	
0.1389	50.4000	0.0006	74.9500	
0.1389	50.1250	0.0006	74.9500	
0.1389	50.1250	0.0006	74.9750	
0.1389	50.3000	0.0006	74.9750	
0.1390	49.5250	0.0006	74.9750	
0.1389	50.0750	0.0006	74.9250	
0.1389	49.9250	0.0006	74.9750	
0.1389	50.0500	0.0006	75.0000	
0.1389	50.2250	0.0006	74.9500	
0.1389	50.4500	0.0006	74.9500	
0.1388	50.2500	0.0006	74.9000	
0.1389	50.2000	0.0006	74.9000	
0.1388	50.1500	0.0006	74.9500	
0.1389	50.2000	0.0006	74.9250	
0.1388	50.3250	0.0006	74.9500	
0.1388	50.5250	0.0006	75.0000	
0.1389	50.5750	0.0006	74.9250	
0.1388	50.3750	0.0006	74.9000	
0.1388	50.7000	0.0006	74.9500	
0.1388	50.8500	0.0006	74.9250	
0.1388	50.7500	0.0006	74.9500	
0.1388	50.6250	0.0006	74.9500	
0.1388	50.4750	0.0006	74.9500	
0.1389	50.6250	0.0006	74.9250	
0.1388	50.7000	0.0006	74.9500	
0.1388	50.3250	0.0005	74.9750	
0.1388	50.5000	0.0006	75.0000	
0.1388	50.3500	0.0005	75.0500	
0.1388	50.8250	0.0005	74.9750	
0.1387	50.9750	0.0005	74.9750	
0.1388	50.5500	0.0005	74.9250	
0.1389	50.5500	0.0005	74.9750	
0.1389	51.0750	0.0005	74.9250	
0.1388	51.2000	0.0005	74.9500	
0.1388	51.0250	0.0005	74.9500	
0.1387	50.9250	0.0005	74.9500	
0.1387	51.2500	0.0005	74.9250	
0.1387	50.9500	0.0005	74.9000	
0.1388	51.1500	0.0005	74.9500	
0.1388	51.0750	0.0005	74.9000	
0.1387	51.2500	0.0005	75.0500	
0.1389	50.8250	0.0005	74.9250	
0.1389	50.9500	0.0005	75.0000	
0.1387	51.3000	0.0005	74.9250	
0.1387	51.7250	0.0005	74.9250	
0.1387	51.4750	0.0005	74.9000	
0.1387	51.6000	0.0005	74.9250	
0.1387	51.5250	0.0005	74.9500	
0.1387	51.2500	0.0005	74.9750	
0.1387	51.3750	0.0005	74.9750	
0.1387	51.4000	0.0005	74.9750	
0.1388	51.3500	0.0005	75.0000	
0.1386	51.2500	0.0005	74.9750	
0.1386	51.1750	0.0005	74.9250	
0.1386	51.4000	0.0005	74.9000	
0.1386	51.4000	0.0005	75.0250	
0.1386	51.1750	0.0005	75.0500	
0.1387	51.1250	0.0005	74.9250	
0.1386	51.0500	0.0005	74.9250	
0.1386	51.1000	0.0005	74.8750	
0.1386	50.9750	0.0005	74.9500	
0.1385	51.3250	0.0005	74.8750	
0.1386	51.3250	0.0005	74.8750	
0.1385	51.3250	0.0005	74.9500	
0.1386	51.4000	0.0005	74.9000	
0.1386	51.4750	0.0005	75.0750	
0.1386	51.6000	0.0005	74.9750	
0.1386	51.5500	0.0005	75.0000	
0.1385	51.3500	0.0005	75.0000	
0.1386	51.2500	0.0005	74.9000	
0.1385	51.3500	0.0005	74.9500	
0.1385	51.4000	0.0005	74.9750	
0.1385	51.6000	0.0005	75.0750	
0.1385	51.6000	0.0005	74.9500	
0.1386	51.4500	0.0005	74.9500	
0.1387	52.0000	0.0005	74.9750	
0.1385	51.8500	0.0005	75.0750	
0.1385	52.0000	0.0005	74.9500	
0.1385	51.8250	0.0005	74.9500	
0.1385	51.7500	0.0005	74.9750	
0.1385	51.8000	0.0005	75.0000	
0.1385	52.0250	0.0005	75.0000	
0.1386	51.9500	0.0005	75.0500	
0.1384	51.8500	0.0005	75.0750	
0.1385	51.9250	0.0005	74.9750	
0.1385	52.0000	0.0005	75.0500	
0.1384	52.0500	0.0005	75.0250	
0.1384	52.1000	0.0005	74.9250	
0.1385	52.0500	0.0005	75.0750	
0.1384	51.9750	0.0005	74.9250	
0.1384	52.0750	0.0005	74.9750	
0.1384	52.1500	0.0005	74.9750	
0.1384	52.2500	0.0005	74.9750	
0.1385	51.9250	0.0005	74.9000	
0.1384	52.3000	0.0004	74.9750	
0.1384	52.3750	0.0004	74.9750	
0.1384	52.0500	0.0004	75.0000	
0.1384	52.2000	0.0004	74.9750	
0.1384	52.2250	0.0004	74.9750	
0.1384	52.0000	0.0004	74.9750	
0.1383	52.2500	0.0004	74.9750	
0.1384	52.2500	0.0004	75.0000	
0.1383	52.3500	0.0004	75.0500	
0.1384	52.4250	0.0004	75.0250	
0.1384	52.2250	0.0004	75.0000	
0.1383	52.5250	0.0004	75.0250	
0.1383	52.3250	0.0004	74.9750	
0.1384	52.3000	0.0004	74.9500	
0.1383	52.3250	0.0004	74.9750	
0.1384	52.2250	0.0004	74.9500	
0.1384	52.2750	0.0004	74.9500	
0.1383	52.1000	0.0004	74.9750	
0.1383	52.4750	0.0004	75.0500	
0.1383	52.1750	0.0004	74.9750	
0.1383	52.2500	0.0004	74.9750	
0.1383	52.4500	0.0004	74.9750	
0.1383	52.2750	0.0004	75.0000	
0.1383	52.6500	0.0004	75.0500	
0.1383	52.4500	0.0004	75.0000	
0.1383	52.7250	0.0004	74.9750	
0.1383	52.4250	0.0004	75.0000	
0.1383	52.5500	0.0004	75.0750	
0.1382	52.4250	0.0004	75.0000	
0.1383	52.6750	0.0004	75.0000	
0.1382	52.5500	0.0004	75.0000	
0.1382	52.7000	0.0004	75.0500	
0.1383	52.6500	0.0004	75.0750	
0.1383	52.6000	0.0004	75.0250	
0.1383	52.6500	0.0004	75.0250	
0.1382	52.5250	0.0004	75.0000	
0.1382	52.6250	0.0004	75.0500	
0.1382	52.6500	0.0004	75.1250	
0.1383	52.6500	0.0004	75.0250	
0.1382	52.8250	0.0004	75.0250	
0.1383	52.5250	0.0004	75.0250	
0.1382	52.7500	0.0004	75.0250	
0.1382	52.7250	0.0004	75.0000	
0.1382	52.4000	0.0004	74.9500	
0.1382	52.5750	0.0004	75.1000	
0.1382	52.7750	0.0004	75.0250	
0.1383	52.9250	0.0004	75.0000	
0.1381	52.6250	0.0004	75.0000	
0.1382	52.8250	0.0004	75.0250	
0.1382	52.4500	0.0004	75.0000	
0.1381	52.4750	0.0004	75.0000	
0.1382	52.7250	0.0004	75.0250	
0.1381	52.7000	0.0004	75.0250	
0.1381	52.8250	0.0004	74.9750	
0.1381	52.8000	0.0004	75.0250	
0.1381	53.0250	0.0004	75.0250	
0.1381	52.7750	0.0004	75.0000	
0.1381	52.5000	0.0004	74.9500	
0.1381	52.7500	0.0004	75.0250	
0.1381	53.0000	0.0004	75.0250	
0.1381	52.7250	0.0004	75.1000	
0.1381	53.0000	0.0004	75.0250	
0.1381	53.1000	0.0004	75.0250	
0.1381	52.9000	0.0004	75.0500	
0.1382	52.8750	0.0004	75.0500	
0.1381	53.1250	0.0004	75.0000	
0.1381	53.0500	0.0004	75.0250	
0.1381	53.0000	0.0004	75.0250	
0.1381	53.1500	0.0004	75.0500	
0.1381	53.0000	0.0004	75.0500	
0.1380	53.1750	0.0004	75.0500	
0.1380	52.8750	0.0004	75.0250	
0.1380	52.9750	0.0004	75.0250	
0.1380	53.2750	0.0004	74.9750	
0.1381	53.0250	0.0004	75.0250	
0.1380	52.9000	0.0004	75.0250	
0.1380	52.9750	0.0004	75.0000	
0.1380	52.9500	0.0004	75.0250	
0.1380	53.2500	0.0004	75.0750	
0.1380	53.2000	0.0004	74.9750	
0.1380	53.1750	0.0004	75.0500	
0.1382	53.0000	0.0004	75.0750	
0.1381	52.6500	0.0004	75.0250	
0.1380	52.7000	0.0004	75.0000	
0.1380	53.2500	0.0004	75.0500	
0.1380	52.5500	0.0004	75.0000	
