Loss_Adversary	Accuracy_Adversary	Loss_Target	Accuracy_Target	
-0.5907	0.8943	0.6235	50.0000	50.0000	
-0.5900	0.8815	0.5762	50.0000	50.0000	
-0.5890	0.8689	0.5308	50.0000	50.0000	
-0.5865	0.8561	0.4920	50.0000	50.0000	
-0.5830	0.8432	0.4580	50.0000	50.0000	
-0.5787	0.8305	0.4281	50.0000	50.0000	
-0.5725	0.8163	0.4026	50.0000	50.0000	
-0.5638	0.7999	0.3807	50.0000	50.0000	
-0.5545	0.7834	0.3611	50.0000	50.0000	
-0.5450	0.7673	0.3443	50.0000	50.0000	
-0.5354	0.7518	0.3302	50.0000	53.3250	
-0.5259	0.7371	0.3186	50.0000	65.9500	
-0.5164	0.7230	0.3099	50.0000	50.0000	
-0.5070	0.7096	0.3036	50.0000	50.0000	
-0.4978	0.6970	0.2991	50.0000	50.0000	
-0.4890	0.6853	0.2959	50.0000	50.0000	
-0.4805	0.6740	0.2935	50.0000	50.0000	
-0.4724	0.6634	0.2915	50.0000	50.0000	
-0.4646	0.6531	0.2896	50.0000	50.0000	
-0.4570	0.6432	0.2876	50.0000	50.0000	
-0.4495	0.6333	0.2855	50.0000	50.0000	
-0.4422	0.6235	0.2830	50.0000	54.1250	
-0.4350	0.6138	0.2801	50.0000	67.0000	
-0.4279	0.6041	0.2768	50.0000	81.8750	
-0.4209	0.5944	0.2728	50.0000	92.2500	
-0.4141	0.5845	0.2676	50.0000	96.9000	
-0.4074	0.5745	0.2609	50.0000	98.9250	
-0.4010	0.5643	0.2521	50.0000	99.3000	
-0.3951	0.5542	0.2410	50.0000	99.1250	
-0.3897	0.5440	0.2272	50.0000	99.0500	
-0.3849	0.5338	0.2108	50.0000	99.0250	
-0.3801	0.5236	0.1937	50.0000	98.8500	
-0.3751	0.5137	0.1792	50.0000	98.7750	
-0.3697	0.5046	0.1696	50.0000	98.4250	
-0.3641	0.4963	0.1649	50.0000	98.1750	
-0.3583	0.4885	0.1625	50.0000	98.0000	
-0.3531	0.4818	0.1620	48.4250	96.7500	
-0.3479	0.4755	0.1625	44.4250	95.2750	
-0.3428	0.4690	0.1620	41.0250	94.7500	
-0.3378	0.4620	0.1591	43.0000	95.8750	
-0.3339	0.4553	0.1516	49.3250	97.6000	
-0.3318	0.4498	0.1404	50.0000	99.3250	
-0.3305	0.4469	0.1352	50.0000	98.1500	
-0.3247	0.4404	0.1378	50.0000	95.0750	
-0.3135	0.4257	0.1357	50.0000	96.0500	
-0.3005	0.4077	0.1281	50.0000	98.2000	
-0.2869	0.3890	0.1213	50.0000	99.2250	
-0.2731	0.3710	0.1182	50.0000	99.4250	
-0.2596	0.3535	0.1159	47.1250	99.3500	
-0.2466	0.3362	0.1122	33.1500	99.0500	
-0.2339	0.3188	0.1057	25.8750	98.6000	
-0.2219	0.3013	0.0959	25.4000	98.1500	
-0.2106	0.2845	0.0846	25.3250	97.7250	
-0.2015	0.2704	0.0742	30.3750	97.2250	
-0.1933	0.2579	0.0650	50.0000	96.0250	
-0.1866	0.2475	0.0574	50.0000	94.2500	
-0.1805	0.2387	0.0524	50.0000	91.4000	
-0.1758	0.2323	0.0505	50.0000	87.1750	
-0.1726	0.2289	0.0525	50.0000	85.1250	
-0.1711	0.2284	0.0580	50.0000	85.5000	
-0.1709	0.2300	0.0654	50.0000	85.5750	
-0.1710	0.2316	0.0712	50.0000	85.3750	
-0.1709	0.2322	0.0741	50.0000	85.6750	
-0.1709	0.2327	0.0763	50.0000	87.2000	
-0.1709	0.2331	0.0780	50.0000	88.5250	
-0.1709	0.2335	0.0796	50.0000	88.9250	
-0.1709	0.2341	0.0817	50.0000	89.0000	
-0.1709	0.2345	0.0831	51.7500	88.6250	
-0.1710	0.2349	0.0847	57.4750	88.2250	
-0.1710	0.2354	0.0863	65.7000	88.0000	
-0.1711	0.2358	0.0878	72.8500	87.9750	
-0.1711	0.2362	0.0892	73.3750	87.9750	
-0.1711	0.2365	0.0902	73.4000	87.8000	
-0.1712	0.2368	0.0911	71.7000	87.6250	
-0.1713	0.2371	0.0920	71.9250	87.5000	
-0.1713	0.2373	0.0924	71.6000	87.4250	
-0.1714	0.2374	0.0925	63.0500	87.1500	
-0.1715	0.2377	0.0935	60.5250	86.8750	
-0.1716	0.2378	0.0933	63.9750	87.0000	
-0.1716	0.2378	0.0933	65.9750	87.0000	
-0.1717	0.2380	0.0932	64.6250	86.7500	
-0.1718	0.2379	0.0926	65.1000	86.7750	
-0.1719	0.2379	0.0923	60.0000	86.6500	
-0.1720	0.2378	0.0911	57.4000	86.4500	
-0.1721	0.2379	0.0910	58.9000	86.4000	
-0.1722	0.2377	0.0898	65.7250	86.0500	
-0.1723	0.2376	0.0890	58.1000	86.2750	
-0.1724	0.2375	0.0879	61.7750	86.3000	
-0.1725	0.2373	0.0867	61.4750	86.1750	
-0.1727	0.2374	0.0862	62.0500	86.0500	
-0.1727	0.2369	0.0841	66.4250	85.9750	
-0.1729	0.2369	0.0830	57.2250	85.9500	
-0.1730	0.2367	0.0817	57.4500	85.8500	
-0.1731	0.2365	0.0806	60.8500	85.7500	
-0.1733	0.2365	0.0796	63.3500	85.9750	
-0.1735	0.2364	0.0784	69.0500	85.9500	
-0.1736	0.2362	0.0769	62.1000	86.0750	
-0.1737	0.2362	0.0764	57.5750	85.9500	
-0.1739	0.2362	0.0756	67.3500	86.0750	
-0.1740	0.2360	0.0741	66.3500	86.0750	
-0.1742	0.2360	0.0732	58.5000	86.1500	
-0.1743	0.2358	0.0714	61.7000	86.2000	
-0.1745	0.2357	0.0701	64.2000	86.1250	
-0.1747	0.2356	0.0690	62.5250	86.1250	
-0.1748	0.2355	0.0677	64.1250	86.2500	
-0.1750	0.2356	0.0671	60.4750	86.0250	
-0.1752	0.2356	0.0665	57.6250	86.2250	
-0.1753	0.2356	0.0657	59.0000	86.2000	
-0.1755	0.2357	0.0649	59.2000	86.2250	
-0.1756	0.2359	0.0654	57.7250	86.4000	
-0.1760	0.2362	0.0646	58.2250	86.3250	
-0.1765	0.2367	0.0647	57.6250	86.1000	
-0.1775	0.2384	0.0664	58.3500	86.2250	
-0.1788	0.2418	0.0734	55.9000	86.1250	
-0.1786	0.2436	0.0816	54.6250	86.4750	
-0.1782	0.2435	0.0827	53.0500	86.1250	
-0.1779	0.2428	0.0815	53.2500	85.2500	
-0.1778	0.2419	0.0785	57.6000	84.9750	
-0.1777	0.2411	0.0756	66.3500	84.0000	
-0.1775	0.2413	0.0777	71.4250	82.8250	
-0.1792	0.2479	0.0956	67.8250	80.3250	
-0.1870	0.2774	0.1746	54.0250	79.6500	
-0.2139	0.3350	0.2705	44.1750	81.9750	
-0.2090	0.3321	0.2833	39.7000	81.4250	
-0.2013	0.3076	0.2242	32.8750	91.0000	
-0.1914	0.2862	0.1877	62.8000	86.7500	
-0.1852	0.2793	0.1914	68.5250	91.0250	
-0.1800	0.2683	0.1732	70.0250	95.3750	
-0.1757	0.2635	0.1753	69.7750	94.8500	
-0.1726	0.2580	0.1688	69.1250	94.5250	
-0.1711	0.2545	0.1626	68.2250	95.0000	
-0.1704	0.2528	0.1595	67.1250	94.7500	
-0.1700	0.2515	0.1557	66.2000	94.6250	
-0.1698	0.2504	0.1529	65.6250	94.6750	
-0.1696	0.2496	0.1503	65.5250	94.6750	
-0.1695	0.2489	0.1483	65.5000	94.8500	
-0.1694	0.2484	0.1465	65.5000	94.9000	
-0.1694	0.2480	0.1449	65.6500	94.7500	
-0.1694	0.2477	0.1437	65.5500	94.7500	
-0.1695	0.2474	0.1421	65.2000	94.5750	
-0.1696	0.2470	0.1400	65.3250	94.7000	
-0.1696	0.2469	0.1394	65.0750	94.4000	
-0.1698	0.2468	0.1382	64.6500	94.3250	
-0.1700	0.2466	0.1368	64.3500	94.2500	
-0.1700	0.2464	0.1354	63.8250	94.1500	
-0.1702	0.2464	0.1346	63.4500	93.9000	
-0.1703	0.2462	0.1335	63.2500	93.8000	
-0.1704	0.2459	0.1319	63.2250	93.8500	
-0.1705	0.2458	0.1306	62.7500	93.7500	
-0.1707	0.2457	0.1295	62.2250	93.6750	
-0.1709	0.2455	0.1276	62.0250	93.5000	
-0.1710	0.2453	0.1260	61.3750	93.3250	
-0.1713	0.2450	0.1236	60.3250	93.3500	
-0.1717	0.2448	0.1208	59.7750	93.4250	
-0.1720	0.2443	0.1171	58.7250	93.2750	
-0.1724	0.2437	0.1127	57.2250	92.5250	
-0.1728	0.2432	0.1084	56.2750	92.1000	
-0.1732	0.2423	0.1033	55.5250	91.5500	
-0.1735	0.2414	0.0981	54.9750	90.7750	
-0.1737	0.2405	0.0933	56.6000	89.8500	
-0.1742	0.2394	0.0865	59.8250	88.7500	
-0.1746	0.2379	0.0785	64.5750	87.3500	
-0.1750	0.2369	0.0722	69.4500	85.8750	
-0.1754	0.2362	0.0678	70.5000	84.0250	
-0.1757	0.2358	0.0650	71.3500	82.8000	
-0.1758	0.2354	0.0626	72.2250	82.5250	
-0.1760	0.2352	0.0605	72.8750	82.0500	
-0.1762	0.2351	0.0593	73.4000	81.7500	
-0.1763	0.2350	0.0582	73.4000	80.8250	
-0.1764	0.2347	0.0572	73.7250	80.6750	
-0.1763	0.2344	0.0561	73.6750	80.1750	
-0.1765	0.2344	0.0547	73.6000	79.1500	
-0.1766	0.2340	0.0526	74.0500	77.8750	
-0.1767	0.2338	0.0517	73.9000	76.8500	
-0.1768	0.2337	0.0506	74.0500	75.6250	
-0.1769	0.2335	0.0493	73.8750	75.0000	
-0.1770	0.2333	0.0482	73.7500	74.5500	
-0.1771	0.2334	0.0483	73.8000	73.4250	
-0.1771	0.2335	0.0482	73.5500	73.0500	
-0.1772	0.2333	0.0472	73.6250	72.4500	
-0.1773	0.2333	0.0468	72.8000	72.2500	
-0.1774	0.2333	0.0462	73.3500	71.5500	
-0.1774	0.2333	0.0459	73.1750	71.3500	
-0.1776	0.2334	0.0458	72.8750	70.9250	
-0.1776	0.2334	0.0457	72.4500	70.9250	
-0.1777	0.2334	0.0453	72.4000	70.1750	
-0.1777	0.2335	0.0453	70.8250	70.2500	
-0.1779	0.2338	0.0460	72.0500	69.6500	
-0.1779	0.2337	0.0456	71.2750	69.8250	
-0.1779	0.2335	0.0445	71.6500	69.6000	
-0.1780	0.2337	0.0450	71.4250	69.3500	
-0.1780	0.2341	0.0464	71.3000	68.4500	
-0.1781	0.2339	0.0453	70.7250	68.8250	
-0.1782	0.2338	0.0442	70.6750	68.6750	
-0.1783	0.2341	0.0452	69.9250	68.2250	
-0.1784	0.2342	0.0449	71.3000	68.1500	
-0.1785	0.2343	0.0447	71.2000	67.7750	
-0.1785	0.2342	0.0443	70.8250	67.6750	
-0.1785	0.2342	0.0441	70.2750	67.5750	
-0.1786	0.2343	0.0444	70.9500	67.3500	
-0.1786	0.2344	0.0445	69.8500	67.1500	
-0.1787	0.2345	0.0445	68.8250	67.1000	
-0.1786	0.2344	0.0445	69.7750	67.3500	
-0.1787	0.2346	0.0448	69.8500	67.0000	
-0.1787	0.2344	0.0443	70.0750	66.9750	
-0.1787	0.2345	0.0448	69.5750	66.9250	
-0.1788	0.2347	0.0446	68.8250	66.6750	
-0.1788	0.2346	0.0442	69.5250	66.7000	
-0.1787	0.2343	0.0434	70.5000	66.9750	
-0.1788	0.2346	0.0443	70.8250	66.4250	
-0.1787	0.2348	0.0456	71.6750	66.6250	
-0.1787	0.2345	0.0447	70.7250	66.7250	
-0.1787	0.2343	0.0435	67.2000	66.4500	
-0.1788	0.2343	0.0433	70.9500	66.3500	
-0.1788	0.2345	0.0441	72.0000	66.1750	
-0.1786	0.2343	0.0441	69.5500	66.2750	
-0.1787	0.2342	0.0433	70.1750	66.4750	
-0.1786	0.2340	0.0427	71.5250	66.2750	
-0.1786	0.2341	0.0435	71.1750	66.3000	
-0.1785	0.2340	0.0434	71.1750	66.2500	
-0.1786	0.2338	0.0421	70.2000	66.3750	
-0.1785	0.2336	0.0422	72.5250	66.3500	
-0.1784	0.2336	0.0422	71.3750	66.3500	
-0.1783	0.2334	0.0422	71.2250	66.4250	
-0.1782	0.2332	0.0420	72.6500	66.8250	
-0.1781	0.2332	0.0421	72.0500	66.8500	
-0.1780	0.2329	0.0415	71.8000	67.0500	
-0.1780	0.2329	0.0416	72.2500	67.4250	
-0.1779	0.2327	0.0411	72.5750	67.4750	
-0.1779	0.2327	0.0412	73.1500	67.5250	
-0.1777	0.2325	0.0416	71.8000	67.8000	
-0.1776	0.2325	0.0420	71.2250	67.9250	
-0.1775	0.2328	0.0433	73.7000	68.0750	
-0.1774	0.2323	0.0422	73.5250	68.7000	
-0.1774	0.2319	0.0410	73.8000	69.2000	
-0.1772	0.2320	0.0420	73.8500	69.0750	
-0.1771	0.2322	0.0431	73.0750	69.3250	
-0.1770	0.2322	0.0442	70.5750	69.7500	
-0.1768	0.2320	0.0437	74.3250	70.0500	
-0.1769	0.2318	0.0431	73.5750	70.5000	
-0.1768	0.2317	0.0426	73.7750	70.7500	
-0.1766	0.2319	0.0443	73.8250	70.9750	
-0.1766	0.2316	0.0434	73.6750	71.4500	
-0.1765	0.2317	0.0444	74.1750	71.3000	
-0.1765	0.2317	0.0445	72.8000	71.9000	
-0.1764	0.2317	0.0447	73.7000	71.9000	
-0.1764	0.2315	0.0438	74.7250	72.3500	
-0.1762	0.2316	0.0457	72.8250	72.9500	
-0.1762	0.2318	0.0460	74.4250	72.7500	
-0.1757	0.2317	0.0481	74.4000	72.8250	
-0.1758	0.2313	0.0463	73.0750	73.8000	
-0.1758	0.2313	0.0460	73.8250	73.5500	
-0.1759	0.2314	0.0464	74.6000	73.6500	
-0.1758	0.2314	0.0467	72.6250	74.3000	
-0.1754	0.2315	0.0488	72.9750	74.6500	
-0.1756	0.2314	0.0475	73.9250	74.6250	
-0.1757	0.2314	0.0471	73.8750	74.9000	
-0.1756	0.2313	0.0471	74.5500	74.8750	
-0.1757	0.2312	0.0467	73.3000	75.3000	
-0.1754	0.2313	0.0480	73.5750	75.6000	
-0.1754	0.2313	0.0483	74.6500	75.8750	
-0.1753	0.2311	0.0479	74.4000	76.1750	
-0.1753	0.2312	0.0483	74.2750	76.0750	
-0.1753	0.2315	0.0496	73.9000	76.1000	
-0.1753	0.2315	0.0495	74.4500	76.3250	
-0.1752	0.2314	0.0495	74.0250	76.3250	
-0.1751	0.2314	0.0499	73.7000	76.7250	
-0.1752	0.2314	0.0497	75.1750	76.8750	
-0.1752	0.2313	0.0493	73.7000	76.9750	
-0.1750	0.2317	0.0515	73.6250	76.6750	
-0.1750	0.2316	0.0517	74.7000	76.8000	
-0.1748	0.2313	0.0511	72.6500	77.0500	
-0.1749	0.2319	0.0530	74.2250	77.1500	
-0.1747	0.2314	0.0522	75.1250	77.4250	
-0.1747	0.2313	0.0516	72.4750	77.3250	
-0.1748	0.2316	0.0524	74.3500	76.8750	
-0.1747	0.2319	0.0541	74.2750	76.7000	
-0.1747	0.2317	0.0533	73.7750	77.2250	
-0.1745	0.2313	0.0525	73.3500	77.7000	
-0.1745	0.2314	0.0529	73.8750	77.1750	
-0.1745	0.2319	0.0550	74.5000	77.1000	
-0.1746	0.2322	0.0559	74.0250	77.1750	
-0.1746	0.2324	0.0563	72.9750	77.1250	
-0.1742	0.2317	0.0560	74.7500	77.7250	
-0.1740	0.2315	0.0558	73.8250	77.9500	
-0.1743	0.2315	0.0546	73.9500	77.8000	
-0.1743	0.2320	0.0563	74.4500	76.9750	
-0.1743	0.2321	0.0569	73.3750	76.8750	
-0.1742	0.2319	0.0565	73.7500	77.3250	
-0.1743	0.2321	0.0569	74.1000	77.2750	
-0.1743	0.2319	0.0560	71.5500	77.7500	
-0.1740	0.2319	0.0576	74.8500	77.2750	
-0.1740	0.2319	0.0576	73.9500	77.2000	
-0.1740	0.2320	0.0583	73.8500	77.0750	
-0.1741	0.2319	0.0569	74.0750	77.2000	
-0.1742	0.2323	0.0578	69.2500	77.3000	
-0.1738	0.2321	0.0593	72.8250	76.8750	
-0.1739	0.2323	0.0595	73.5500	77.1000	
-0.1739	0.2322	0.0592	73.4000	77.2000	
-0.1738	0.2324	0.0603	73.9000	77.1250	
-0.1739	0.2330	0.0626	71.2250	76.8250	
-0.1737	0.2327	0.0621	73.9000	77.2750	
-0.1737	0.2323	0.0608	72.5500	77.8250	
-0.1730	0.2325	0.0653	71.5500	77.7000	
-0.1733	0.2321	0.0618	73.5250	77.3000	
-0.1736	0.2327	0.0629	74.4250	76.7000	
-0.1735	0.2334	0.0662	73.2250	76.2500	
-0.1735	0.2329	0.0644	74.6000	76.9000	
-0.1732	0.2320	0.0620	73.5750	77.5000	
-0.1734	0.2325	0.0631	72.0750	77.3750	
-0.1734	0.2327	0.0637	72.9750	77.0500	
-0.1733	0.2332	0.0663	74.0500	76.3000	
-0.1733	0.2327	0.0644	74.3750	76.5000	
-0.1732	0.2323	0.0632	73.1000	77.3750	
-0.1733	0.2326	0.0639	73.5500	77.0500	
-0.1734	0.2330	0.0651	70.0750	76.7250	
-0.1733	0.2337	0.0682	74.0750	76.3500	
-0.1732	0.2327	0.0649	74.3250	76.7500	
-0.1734	0.2321	0.0616	69.6500	76.9250	
-0.1732	0.2334	0.0675	74.4250	75.7250	
-0.1732	0.2336	0.0685	73.1000	76.3250	
-0.1732	0.2334	0.0675	73.7000	76.4500	
-0.1730	0.2327	0.0658	70.3750	77.0750	
-0.1730	0.2324	0.0646	73.0250	76.7250	
-0.1733	0.2337	0.0683	72.9750	76.2000	
-0.1730	0.2342	0.0719	72.4750	75.6250	
-0.1731	0.2339	0.0698	70.0500	76.4250	
-0.1730	0.2325	0.0649	73.6250	76.7250	
-0.1731	0.2336	0.0691	73.0500	76.6000	
-0.1728	0.2352	0.0766	70.5750	75.5250	
-0.1729	0.2341	0.0718	74.6000	76.3500	
-0.1726	0.2330	0.0691	72.7750	77.2000	
-0.1729	0.2327	0.0663	72.2750	77.1750	
-0.1728	0.2344	0.0735	72.6000	75.7500	
-0.1729	0.2354	0.0771	73.9750	75.4500	
-0.1727	0.2348	0.0759	72.8000	76.3250	
-0.1727	0.2326	0.0670	68.6000	77.4250	
-0.1728	0.2334	0.0695	74.3000	76.8000	
-0.1729	0.2354	0.0769	71.5000	75.2500	
-0.1728	0.2357	0.0785	73.3500	75.6250	
-0.1725	0.2345	0.0753	72.0250	76.5000	
-0.1726	0.2332	0.0697	73.9500	76.8000	
-0.1729	0.2339	0.0714	72.3000	76.5500	
-0.1728	0.2348	0.0751	74.1250	75.8250	
-0.1725	0.2351	0.0778	71.5500	75.7000	
-0.1723	0.2337	0.0734	73.1750	76.5750	
-0.1726	0.2330	0.0693	74.2000	76.4500	
-0.1725	0.2345	0.0755	73.0250	76.2500	
-0.1727	0.2363	0.0820	74.2750	75.3750	
-0.1730	0.2358	0.0780	73.7750	76.4500	
-0.1724	0.2346	0.0762	71.3750	77.0500	
-0.1725	0.2340	0.0737	73.1000	77.4750	
-0.1724	0.2349	0.0774	74.4500	76.6000	
-0.1727	0.2358	0.0794	73.0500	76.0250	
-0.1727	0.2357	0.0792	72.7500	76.1000	
-0.1725	0.2345	0.0754	74.3500	76.4000	
-0.1725	0.2345	0.0753	73.9750	76.7750	
-0.1725	0.2350	0.0772	73.8000	76.8250	
-0.1725	0.2353	0.0790	74.3750	76.5750	
-0.1725	0.2355	0.0796	74.1250	76.8250	
-0.1724	0.2356	0.0804	74.0500	77.0000	
-0.1724	0.2356	0.0804	74.0000	77.3250	
-0.1724	0.2359	0.0815	74.0500	77.3250	
-0.1723	0.2357	0.0812	71.8250	77.4750	
-0.1724	0.2358	0.0813	73.6250	77.5000	
-0.1723	0.2360	0.0826	74.0750	77.6750	
-0.1721	0.2359	0.0832	71.9750	77.5250	
-0.1722	0.2353	0.0802	73.9500	77.8250	
-0.1722	0.2355	0.0811	74.4000	77.3750	
-0.1721	0.2361	0.0841	71.6500	77.1750	
-0.1721	0.2356	0.0820	74.5750	77.2000	
-0.1719	0.2359	0.0843	70.4500	77.2500	
-0.1721	0.2354	0.0813	73.6250	77.5750	
-0.1723	0.2364	0.0842	69.0500	77.2750	
-0.1721	0.2366	0.0858	73.3750	77.5750	
-0.1720	0.2370	0.0880	73.2750	77.6000	
-0.1721	0.2370	0.0875	71.5250	77.8500	
-0.1720	0.2366	0.0861	73.0750	77.9250	
-0.1721	0.2370	0.0873	74.0250	78.1000	
-0.1721	0.2375	0.0897	73.6750	77.8250	
-0.1719	0.2375	0.0906	69.7500	78.0000	
-0.1720	0.2370	0.0881	70.7500	78.1750	
-0.1718	0.2375	0.0908	67.2500	78.0000	
-0.1717	0.2377	0.0923	71.3500	77.7500	
-0.1720	0.2374	0.0893	73.9000	77.9500	
-0.1721	0.2376	0.0899	69.4750	78.0250	
-0.1721	0.2377	0.0906	72.6250	77.8000	
-0.1721	0.2378	0.0908	74.0250	78.0500	
-0.1718	0.2383	0.0942	70.0500	77.9500	
-0.1720	0.2383	0.0933	73.8500	78.0500	
-0.1722	0.2392	0.0957	69.4250	78.0250	
-0.1717	0.2384	0.0948	71.8500	78.1750	
-0.1719	0.2384	0.0945	72.6500	78.2250	
-0.1720	0.2391	0.0966	72.3750	77.7750	
-0.1714	0.2396	0.1015	66.9000	78.1750	
-0.1718	0.2399	0.1003	66.8500	78.1250	
-0.1720	0.2401	0.1003	69.0500	78.0000	
-0.1720	0.2401	0.1008	71.2250	77.6750	
-0.1720	0.2406	0.1023	72.1250	77.7500	
-0.1722	0.2406	0.1017	73.0000	77.9250	
-0.1723	0.2411	0.1026	74.0750	77.5250	
-0.1723	0.2412	0.1035	71.3750	77.6250	
-0.1724	0.2420	0.1064	65.4750	77.1500	
-0.1724	0.2428	0.1093	71.0000	76.8500	
-0.1723	0.2421	0.1067	70.0500	77.3250	
-0.1722	0.2425	0.1090	64.9500	77.2000	
-0.1723	0.2421	0.1068	73.2500	77.0500	
-0.1725	0.2426	0.1077	64.7250	77.3250	
-0.1722	0.2383	0.0921	60.3500	79.2000	
-0.1724	0.2400	0.0982	68.8750	77.2750	
-0.1725	0.2441	0.1135	69.8500	76.3500	
-0.1729	0.2425	0.1058	62.6000	77.4500	
-0.1726	0.2411	0.1012	71.4750	78.9250	
-0.1728	0.2429	0.1076	67.3250	79.1000	
-0.1727	0.2436	0.1108	59.9750	79.2250	
-0.1729	0.2436	0.1096	66.3000	80.2000	
-0.1732	0.2439	0.1097	61.0250	80.8750	
-0.1731	0.2451	0.1148	59.6250	81.3500	
-0.1733	0.2452	0.1142	61.9000	82.4750	
-0.1740	0.2478	0.1211	54.2500	83.8250	
-0.1746	0.2487	0.1218	51.8500	85.8500	
-0.1739	0.2474	0.1201	52.5000	87.5000	
-0.1722	0.2474	0.1286	53.6750	86.2000	
-0.1724	0.2430	0.1103	66.5750	85.5750	
-0.1735	0.2411	0.0971	68.8000	82.8500	
-0.1743	0.2409	0.0921	72.1250	79.1500	
-0.1738	0.2394	0.0885	73.3750	75.5750	
-0.1720	0.2391	0.0965	68.7000	72.4250	
-0.1722	0.2410	0.1032	60.6500	74.0750	
-0.1727	0.2425	0.1065	61.6000	77.0000	
-0.1731	0.2432	0.1071	60.8500	80.0500	
-0.1732	0.2440	0.1101	61.0000	81.3250	
-0.1733	0.2446	0.1118	61.5500	82.5750	
-0.1734	0.2445	0.1107	61.1750	83.3500	
-0.1737	0.2460	0.1155	58.5500	83.6000	
-0.1742	0.2475	0.1193	53.2250	84.4250	
-0.1738	0.2472	0.1200	53.2500	85.7250	
-0.1731	0.2447	0.1133	59.1500	85.7750	
-0.1730	0.2433	0.1081	68.3250	84.7000	
-0.1733	0.2430	0.1054	67.6250	82.1750	
-0.1736	0.2408	0.0955	72.6250	80.0750	
-0.1736	0.2412	0.0970	69.9750	77.5250	
-0.1733	0.2401	0.0935	69.6750	77.3000	
-0.1732	0.2406	0.0963	64.5250	78.0250	
-0.1732	0.2425	0.1041	59.5000	79.4750	
-0.1738	0.2432	0.1038	61.9750	81.6500	
-0.1736	0.2437	0.1067	62.5250	82.9500	
-0.1733	0.2438	0.1090	67.1250	83.4500	
-0.1733	0.2434	0.1073	67.9000	82.6000	
-0.1735	0.2425	0.1024	69.5250	81.3500	
-0.1737	0.2428	0.1023	68.8750	79.0500	
-0.1736	0.2424	0.1015	68.9750	77.7000	
-0.1733	0.2424	0.1033	65.6250	77.9000	
-0.1733	0.2425	0.1035	63.2000	78.6250	
-0.1737	0.2437	0.1062	59.8000	80.4250	
-0.1736	0.2442	0.1086	62.0500	82.5000	
-0.1733	0.2452	0.1144	60.4500	82.6000	
-0.1732	0.2427	0.1051	69.7000	83.2250	
-0.1734	0.2429	0.1044	69.6500	81.6500	
-0.1735	0.2425	0.1022	70.4000	79.8750	
-0.1734	0.2430	0.1052	67.1000	77.5250	
-0.1734	0.2417	0.0998	68.1000	77.8000	
-0.1733	0.2425	0.1034	63.8750	77.5000	
-0.1733	0.2442	0.1100	60.0250	78.3500	
-0.1735	0.2412	0.0974	66.8500	80.7250	
-0.1733	0.2461	0.1177	60.6000	80.1500	
-0.1734	0.2444	0.1108	64.5250	81.5250	
-0.1733	0.2427	0.1044	69.3500	81.3000	
-0.1732	0.2444	0.1114	66.5750	79.1000	
-0.1734	0.2426	0.1033	68.8750	78.3250	
-0.1735	0.2430	0.1047	63.7750	77.3000	
-0.1731	0.2434	0.1080	65.0250	76.5000	
-0.1732	0.2421	0.1025	64.4500	77.8250	
-0.1732	0.2445	0.1124	61.7750	78.0000	
-0.1731	0.2457	0.1175	57.2500	79.0500	
-0.1729	0.2438	0.1110	60.0500	80.6750	
-0.1729	0.2452	0.1164	62.3250	79.8500	
-0.1730	0.2451	0.1154	64.9000	79.1000	
-0.1730	0.2437	0.1096	66.8500	78.3750	
-0.1731	0.2453	0.1158	62.7250	76.9250	
-0.1729	0.2445	0.1134	60.7500	76.2750	
-0.1730	0.2441	0.1116	61.8000	76.9000	
-0.1730	0.2452	0.1158	60.7500	77.6000	
-0.1732	0.2458	0.1173	58.1500	78.4250	
-0.1730	0.2446	0.1136	62.5500	79.6000	
-0.1730	0.2477	0.1255	56.6750	78.9500	
-0.1729	0.2447	0.1142	63.0000	79.4500	
-0.1728	0.2454	0.1175	61.1750	78.1250	
-0.1729	0.2483	0.1287	57.5000	75.2750	
-0.1727	0.2427	0.1073	62.9750	76.7000	
-0.1728	0.2455	0.1177	56.4000	75.0750	
-0.1727	0.2473	0.1258	57.6250	74.9000	
-0.1729	0.2431	0.1080	59.3000	77.6250	
-0.1729	0.2506	0.1380	50.5750	76.8750	
-0.1725	0.2483	0.1309	53.8000	79.3750	
-0.1725	0.2457	0.1204	58.7500	80.7750	
-0.1723	0.2524	0.1482	48.4750	78.0750	
-0.1726	0.2507	0.1399	51.7250	77.6750	
-0.1754	0.2470	0.1108	56.8500	79.9500	
-0.1785	0.2462	0.0920	58.6750	79.7750	
-0.1821	0.2459	0.0733	59.6500	78.0000	
-0.1845	0.2447	0.0564	60.7500	76.3250	
-0.1848	0.2419	0.0434	62.5750	74.0750	
-0.1834	0.2397	0.0419	62.2750	72.7500	
-0.1824	0.2383	0.0411	61.8500	71.5750	
-0.1831	0.2403	0.0456	57.9500	71.6000	
-0.1842	0.2409	0.0428	58.1000	71.2250	
-0.1857	0.2421	0.0402	57.0000	71.0250	
-0.1872	0.2436	0.0383	54.4750	69.3250	
-0.1887	0.2452	0.0375	52.8750	67.8250	
-0.1900	0.2472	0.0385	49.9750	65.6250	
-0.1912	0.2486	0.0383	49.6000	64.3250	
-0.1924	0.2499	0.0372	48.7000	62.1250	
-0.1935	0.2511	0.0370	48.4000	61.2000	
-0.1941	0.2518	0.0365	46.9000	60.0250	
-0.1945	0.2520	0.0355	45.8250	59.1750	
-0.1947	0.2520	0.0343	45.4000	58.7250	
-0.1947	0.2513	0.0314	44.3250	58.3250	
-0.1946	0.2508	0.0300	48.9250	58.2000	
-0.1944	0.2499	0.0278	50.2250	58.3000	
-0.1940	0.2488	0.0252	49.0750	58.8750	
-0.1935	0.2477	0.0236	51.8000	59.1750	
-0.1930	0.2468	0.0224	55.4500	60.1500	
-0.1926	0.2459	0.0204	53.5750	61.0000	
-0.1921	0.2450	0.0192	54.4000	62.3750	
-0.1918	0.2442	0.0176	70.1500	62.9500	
-0.1917	0.2437	0.0164	55.8000	64.5500	
-0.1916	0.2436	0.0162	56.5000	65.9250	
-0.1918	0.2436	0.0154	50.5000	67.4750	
-0.1918	0.2435	0.0150	58.9000	69.0000	
-0.1918	0.2434	0.0147	51.4500	70.3000	
-0.1919	0.2438	0.0153	50.5750	71.2750	
-0.1920	0.2437	0.0149	50.7750	71.7500	
-0.1920	0.2436	0.0144	51.2000	72.3500	
-0.1920	0.2436	0.0145	50.8750	72.0000	
-0.1920	0.2436	0.0144	50.9750	72.1750	
-0.1920	0.2435	0.0140	51.1750	71.8500	
-0.1920	0.2435	0.0140	51.0750	71.8500	
-0.1919	0.2434	0.0141	50.7000	71.6250	
-0.1919	0.2432	0.0135	50.1500	71.3750	
-0.1918	0.2431	0.0132	57.1250	71.3250	
-0.1918	0.2431	0.0136	55.5250	71.4250	
-0.1917	0.2430	0.0131	57.1000	71.4000	
-0.1917	0.2428	0.0127	56.1000	71.3250	
-0.1917	0.2430	0.0135	55.0500	71.4000	
-0.1915	0.2427	0.0131	54.8250	71.7250	
-0.1915	0.2425	0.0124	54.3500	71.5750	
-0.1915	0.2425	0.0127	53.5250	71.2750	
-0.1913	0.2424	0.0128	53.0750	71.5000	
-0.1913	0.2421	0.0122	50.2250	71.4000	
-0.1912	0.2421	0.0124	49.5500	71.3500	
-0.1913	0.2422	0.0123	50.2250	71.4750	
-0.1912	0.2420	0.0124	49.1750	71.6250	
-0.1911	0.2418	0.0119	50.0250	71.8500	
-0.1909	0.2417	0.0123	49.8750	71.4750	
-0.1909	0.2418	0.0125	48.5500	71.3250	
-0.1909	0.2415	0.0117	48.6250	71.7500	
-0.1908	0.2415	0.0120	47.7750	71.5000	
-0.1907	0.2415	0.0123	49.0250	71.8250	
-0.1905	0.2412	0.0121	50.0000	71.8250	
-0.1906	0.2413	0.0125	49.5000	71.6750	
-0.1907	0.2414	0.0120	46.6500	71.7250	
-0.1905	0.2411	0.0120	50.2500	71.8500	
-0.1904	0.2409	0.0115	48.2000	71.8000	
-0.1902	0.2410	0.0133	48.5000	71.5500	
-0.1901	0.2406	0.0117	47.0750	71.7000	
-0.1900	0.2406	0.0126	48.8250	71.7250	
-0.1898	0.2403	0.0123	50.0000	71.8000	
-0.1898	0.2404	0.0127	49.4250	71.6250	
-0.1898	0.2404	0.0128	49.5750	71.9500	
-0.1897	0.2401	0.0118	48.7500	72.2000	
-0.1897	0.2400	0.0114	47.8500	72.2000	
-0.1896	0.2401	0.0125	49.9500	72.0500	
-0.1896	0.2398	0.0115	49.9250	72.3000	
-0.1894	0.2398	0.0126	49.4500	72.2250	
-0.1894	0.2397	0.0119	48.8250	71.9250	
-0.1893	0.2396	0.0117	49.7000	72.1500	
-0.1892	0.2396	0.0122	49.9000	71.8250	
-0.1892	0.2396	0.0124	47.7000	72.2500	
-0.1890	0.2392	0.0115	49.1000	72.3000	
-0.1889	0.2392	0.0122	49.7250	71.7250	
-0.1889	0.2393	0.0128	49.9750	71.9000	
-0.1888	0.2391	0.0123	49.5000	71.8750	
-0.1887	0.2388	0.0120	49.5000	72.4000	
-0.1886	0.2391	0.0133	48.7750	71.7000	
-0.1885	0.2385	0.0119	49.3500	72.5750	
-0.1884	0.2387	0.0131	49.6750	72.1500	
-0.1885	0.2388	0.0128	49.6250	72.4250	
-0.1883	0.2385	0.0128	49.7500	72.2500	
-0.1880	0.2383	0.0130	49.8500	72.5750	
-0.1879	0.2383	0.0138	49.7000	72.2000	
-0.1880	0.2384	0.0134	49.8750	72.4000	
-0.1879	0.2383	0.0135	48.9750	72.4250	
-0.1877	0.2381	0.0140	49.3000	72.6750	
-0.1877	0.2379	0.0132	49.8750	72.6250	
-0.1876	0.2380	0.0140	49.6500	72.2500	
-0.1876	0.2378	0.0130	49.2250	72.5750	
-0.1875	0.2376	0.0129	49.6500	72.4250	
-0.1874	0.2377	0.0139	49.8250	72.4250	
-0.1873	0.2376	0.0139	49.9000	72.2500	
-0.1874	0.2376	0.0131	49.5500	72.5000	
-0.1871	0.2376	0.0151	49.6750	72.4500	
-0.1870	0.2371	0.0132	49.9500	72.5500	
-0.1869	0.2371	0.0142	49.9500	72.1500	
-0.1869	0.2374	0.0154	49.9000	72.3500	
-0.1868	0.2368	0.0134	49.8500	72.6500	
-0.1866	0.2371	0.0152	49.4500	72.2750	
-0.1865	0.2367	0.0142	49.2750	72.9000	
-0.1866	0.2370	0.0149	49.8500	72.6500	
-0.1865	0.2368	0.0144	49.4750	72.6000	
-0.1862	0.2367	0.0156	49.5500	72.4250	
-0.1862	0.2362	0.0139	49.8000	72.7500	
-0.1861	0.2365	0.0154	49.7500	72.5250	
-0.1860	0.2364	0.0154	49.6750	72.5750	
-0.1859	0.2361	0.0152	49.6000	72.7000	
-0.1858	0.2360	0.0152	49.9750	73.0500	
-0.1857	0.2362	0.0160	49.7500	72.8250	
-0.1855	0.2361	0.0168	49.4750	72.8250	
-0.1854	0.2358	0.0161	49.4250	73.2500	
-0.1854	0.2359	0.0164	49.5500	73.0250	
-0.1853	0.2358	0.0164	49.6500	73.0500	
-0.1853	0.2356	0.0160	49.5000	73.0250	
-0.1853	0.2355	0.0156	49.8750	73.1750	
-0.1853	0.2357	0.0164	49.3000	73.0250	
-0.1851	0.2355	0.0168	49.8000	73.3500	
-0.1850	0.2351	0.0156	50.0000	73.6000	
-0.1850	0.2357	0.0179	49.3750	73.2750	
-0.1849	0.2351	0.0161	50.1500	73.8750	
-0.1848	0.2353	0.0171	49.7500	73.2500	
-0.1847	0.2354	0.0181	49.9000	73.3750	
-0.1846	0.2348	0.0161	49.3000	73.7500	
-0.1845	0.2351	0.0179	49.8250	73.6000	
-0.1844	0.2348	0.0170	49.9750	73.5500	
-0.1844	0.2352	0.0186	49.9750	73.8500	
-0.1843	0.2350	0.0184	49.9250	73.7250	
-0.1842	0.2347	0.0177	50.0750	74.2500	
-0.1841	0.2348	0.0187	49.8750	74.1000	
-0.1840	0.2343	0.0169	50.1500	74.5000	
-0.1840	0.2348	0.0192	50.0250	74.1000	
-0.1838	0.2347	0.0198	49.8000	74.2500	
-0.1839	0.2344	0.0182	49.7500	74.4000	
-0.1837	0.2343	0.0183	49.9500	74.4750	
-0.1837	0.2346	0.0198	49.9750	73.9000	
-0.1837	0.2344	0.0191	49.3500	74.3000	
-0.1835	0.2343	0.0199	49.7750	74.1750	
-0.1834	0.2343	0.0201	49.5250	74.2750	
-0.1834	0.2342	0.0195	49.8500	74.2250	
-0.1834	0.2342	0.0195	49.8750	74.3500	
-0.1832	0.2344	0.0215	50.0750	74.1000	
-0.1832	0.2337	0.0188	49.8500	74.3250	
-0.1832	0.2344	0.0215	49.6750	73.6500	
-0.1832	0.2340	0.0198	49.4250	74.3250	
-0.1832	0.2340	0.0201	49.8000	74.1750	
-0.1830	0.2337	0.0197	50.0750	74.2500	
-0.1831	0.2342	0.0213	49.1500	73.8750	
-0.1830	0.2340	0.0211	48.5750	74.2750	
-0.1829	0.2338	0.0207	48.6000	74.2000	
-0.1829	0.2338	0.0207	48.7000	74.2250	
-0.1828	0.2339	0.0216	49.7750	73.9250	
-0.1828	0.2336	0.0204	49.9000	74.4750	
-0.1828	0.2340	0.0220	48.8250	73.6250	
-0.1828	0.2336	0.0206	49.2000	74.1000	
-0.1826	0.2336	0.0216	49.2500	74.2000	
-0.1826	0.2335	0.0214	49.6750	74.2000	
-0.1825	0.2337	0.0224	50.0000	73.8750	
-0.1825	0.2336	0.0218	48.8750	74.1250	
-0.1825	0.2339	0.0231	49.5000	73.8500	
-0.1821	0.2331	0.0218	49.0500	74.4250	
-0.1823	0.2337	0.0234	48.1250	73.9000	
-0.1823	0.2336	0.0228	49.7750	73.5000	
-0.1820	0.2330	0.0219	49.2000	73.8750	
-0.1821	0.2337	0.0242	48.5500	73.3000	
-0.1821	0.2330	0.0214	49.0750	74.0500	
-0.1820	0.2336	0.0243	48.2000	73.7500	
-0.1819	0.2330	0.0227	49.4000	73.9500	
-0.1818	0.2332	0.0234	49.0500	74.3250	
-0.1819	0.2335	0.0246	49.2250	74.1000	
-0.1818	0.2329	0.0226	49.0750	74.2500	
-0.1817	0.2332	0.0241	49.0000	74.3250	
-0.1817	0.2329	0.0233	49.4000	74.4500	
-0.1816	0.2334	0.0256	49.4500	74.0750	
-0.1817	0.2329	0.0231	49.6500	74.4250	
-0.1817	0.2332	0.0243	49.5500	74.3000	
-0.1818	0.2335	0.0253	49.2500	74.2750	
-0.1814	0.2326	0.0231	49.1500	74.5750	
-0.1814	0.2334	0.0267	50.5500	74.4750	
-0.1814	0.2329	0.0246	49.3250	74.6250	
-0.1812	0.2332	0.0269	49.7000	74.2000	
-0.1811	0.2328	0.0258	49.4250	74.4000	
-0.1814	0.2327	0.0240	49.2750	74.1500	
-0.1808	0.2332	0.0287	49.2250	73.9750	
-0.1810	0.2329	0.0265	48.8500	73.8500	
-0.1811	0.2327	0.0250	49.5750	74.1500	
-0.1812	0.2330	0.0262	49.0250	73.9750	
-0.1811	0.2326	0.0248	49.1250	74.2000	
-0.1812	0.2330	0.0260	48.7500	73.9750	
-0.1809	0.2326	0.0261	49.1500	74.4500	
-0.1809	0.2326	0.0262	49.2500	74.1750	
-0.1809	0.2329	0.0269	49.5500	74.2000	
-0.1809	0.2327	0.0263	49.0750	74.0500	
0.6559	50.0000	0.7958	50.0000	
0.6380	50.0000	0.7395	50.0000	
0.6204	50.0000	0.6798	50.0000	
0.6012	50.0000	0.6189	50.0000	
0.5805	50.0000	0.5570	50.0000	
0.5582	50.0000	0.4971	50.0000	
0.5342	50.0000	0.4400	50.0000	
0.5089	50.0000	0.3898	50.0000	
0.4824	50.0000	0.3497	50.0000	
0.4550	49.8500	0.3216	50.0000	
0.4279	49.4750	0.3042	50.0000	
0.4012	50.0000	0.2963	50.0000	
0.3757	50.0000	0.2938	50.0250	
0.3526	50.0000	0.2932	52.3750	
0.3320	50.0000	0.2930	55.6750	
0.3140	50.0000	0.2927	58.0750	
0.2994	50.0000	0.2923	59.9500	
0.2868	50.0000	0.2918	61.5000	
0.2771	50.0000	0.2915	62.4750	
0.2693	50.0000	0.2911	63.1500	
0.2636	50.0000	0.2908	63.9250	
0.2590	50.0000	0.2904	64.3000	
0.2559	50.0000	0.2900	64.5000	
0.2535	50.0000	0.2895	64.8250	
0.2518	50.0000	0.2891	65.1750	
0.2508	50.0000	0.2886	65.4750	
0.2500	50.0750	0.2881	65.5750	
0.2498	52.2000	0.2875	66.0750	
0.2497	52.1250	0.2870	66.3750	
0.2496	50.0000	0.2863	66.5500	
0.2496	50.0000	0.2857	66.7250	
0.2496	50.2500	0.2850	66.9500	
0.2496	59.9750	0.2843	67.2250	
0.2496	56.0000	0.2835	67.5250	
0.2496	59.5500	0.2826	67.7000	
0.2496	58.0500	0.2817	67.8000	
0.2496	53.4000	0.2807	68.0250	
0.2496	50.9500	0.2796	68.1500	
0.2496	54.2000	0.2784	68.3500	
0.2496	59.9500	0.2772	68.3750	
0.2496	68.7500	0.2758	68.5250	
0.2496	68.9500	0.2744	68.6250	
0.2496	60.6250	0.2728	68.6500	
0.2496	56.0250	0.2712	68.7000	
0.2496	53.1000	0.2693	68.7750	
0.2496	67.7000	0.2673	68.8000	
0.2496	67.1250	0.2651	68.8500	
0.2496	61.8750	0.2629	68.9000	
0.2496	63.4500	0.2604	68.9250	
0.2496	65.5500	0.2577	68.9250	
0.2496	56.6500	0.2549	68.9750	
0.2496	51.3250	0.2519	69.0500	
0.2496	62.5250	0.2487	69.0750	
0.2496	55.7750	0.2455	69.1250	
0.2496	63.1000	0.2419	69.1500	
0.2496	67.0250	0.2377	69.1750	
0.2496	56.2750	0.2332	69.2000	
0.2496	66.0000	0.2284	69.1500	
0.2496	66.2250	0.2236	69.1750	
0.2496	54.9750	0.2185	69.2750	
0.2496	61.4250	0.2135	69.3250	
0.2496	59.0000	0.2087	69.4500	
0.2496	55.1500	0.2042	69.5000	
0.2496	50.8750	0.1999	69.5750	
0.2496	58.2500	0.1961	70.0000	
0.2496	52.1250	0.1924	71.0500	
0.2496	62.0000	0.1891	72.5500	
0.2496	50.4750	0.1860	72.9250	
0.2496	63.4750	0.1832	73.0750	
0.2496	61.4250	0.1805	73.6250	
0.2496	56.5750	0.1780	73.7500	
0.2496	59.2500	0.1756	73.5500	
0.2496	59.0500	0.1734	73.0000	
0.2496	62.6750	0.1712	72.5000	
0.2496	65.9250	0.1692	72.1750	
0.2496	64.7500	0.1673	72.0500	
0.2496	66.7500	0.1655	71.7750	
0.2496	64.8750	0.1639	71.5000	
0.2496	68.6500	0.1624	71.4500	
0.2496	55.6500	0.1610	71.2750	
0.2496	55.9000	0.1597	71.5250	
0.2496	52.0250	0.1586	71.3500	
0.2496	55.4000	0.1576	70.7500	
0.2496	51.8000	0.1566	70.9000	
0.2496	55.4500	0.1557	70.6000	
0.2496	51.3500	0.1550	70.4750	
0.2495	62.2500	0.1542	70.5000	
0.2496	50.8500	0.1536	70.4750	
0.2496	50.4500	0.1530	70.6250	
0.2495	58.7250	0.1525	70.4750	
0.2496	50.9000	0.1521	70.6750	
0.2496	51.6000	0.1516	70.5750	
0.2496	60.5250	0.1513	70.8000	
0.2496	62.3750	0.1510	70.8000	
0.2496	55.2500	0.1507	70.9750	
0.2496	54.5250	0.1504	71.1000	
0.2496	63.5750	0.1502	71.1500	
0.2496	53.8750	0.1500	71.1750	
0.2496	51.7500	0.1498	71.2000	
0.2496	65.4500	0.1497	71.3000	
0.2496	49.9500	0.1495	71.4000	
0.2496	55.7500	0.1494	71.5000	
0.2496	52.8500	0.1493	71.6000	
0.2496	51.4250	0.1492	71.7250	
0.2496	52.7750	0.1491	71.7000	
0.2495	63.8750	0.1490	71.7500	
0.2496	50.4750	0.1489	71.8500	
0.2496	61.3000	0.1489	71.7750	
0.2496	57.4000	0.1488	72.0250	
0.2496	56.7250	0.1487	71.8750	
0.2496	50.9500	0.1486	71.9500	
0.2496	59.9000	0.1486	72.1250	
0.2496	51.0750	0.1485	72.1500	
0.2495	67.2000	0.1485	72.1250	
0.2496	52.3250	0.1484	72.1250	
0.2496	59.1000	0.1484	72.2000	
0.2496	55.0000	0.1483	72.1000	
0.2495	63.1500	0.1483	72.1250	
0.2496	51.5500	0.1483	72.2750	
0.2495	60.1750	0.1482	72.2500	
0.2495	62.0000	0.1482	72.2500	
0.2496	62.9750	0.1481	72.1750	
0.2495	66.1750	0.1481	72.3000	
0.2495	61.8500	0.1481	72.2500	
0.2496	67.0000	0.1480	72.2750	
0.2496	58.4250	0.1480	72.2500	
0.2495	52.2500	0.1479	72.2500	
0.2496	58.1750	0.1479	72.2500	
0.2495	54.8500	0.1478	72.2500	
0.2496	56.6250	0.1478	72.2500	
0.2495	54.3500	0.1478	72.3500	
0.2495	64.0000	0.1478	72.2500	
0.2496	60.6250	0.1477	72.3500	
0.2496	65.5000	0.1477	72.3250	
0.2495	57.2250	0.1477	72.3000	
0.2496	53.4000	0.1476	72.3500	
0.2495	67.2750	0.1475	72.2750	
0.2495	67.5000	0.1475	72.4000	
0.2495	67.1000	0.1475	72.3750	
0.2495	56.9500	0.1474	72.3750	
0.2495	53.3250	0.1474	72.3500	
0.2496	61.5500	0.1474	72.3500	
0.2495	62.9250	0.1473	72.4000	
0.2495	57.8250	0.1473	72.4500	
0.2495	64.1750	0.1473	72.4000	
0.2495	56.8250	0.1473	72.4000	
0.2496	55.6750	0.1473	72.3250	
0.2495	65.2250	0.1472	72.3750	
0.2496	66.8250	0.1471	72.4000	
0.2495	56.0250	0.1471	72.4000	
0.2495	51.2000	0.1470	72.4250	
0.2496	54.8000	0.1470	72.4250	
0.2495	58.1750	0.1470	72.4250	
0.2496	58.8500	0.1470	72.4250	
0.2496	55.7750	0.1469	72.3500	
0.2495	57.9500	0.1469	72.4500	
0.2495	57.0750	0.1468	72.5000	
0.2495	52.7500	0.1468	72.4500	
0.2495	58.4750	0.1467	72.4500	
0.2496	50.3500	0.1467	72.4500	
0.2495	55.7750	0.1467	72.4500	
0.2497	49.9750	0.1468	72.3750	
0.2495	56.6750	0.1466	72.4750	
0.2495	50.9000	0.1466	72.4250	
0.2495	50.9250	0.1465	72.3500	
0.2495	57.1000	0.1465	72.4000	
0.2495	70.2250	0.1465	72.4000	
0.2495	62.3500	0.1464	72.3500	
0.2495	58.3000	0.1464	72.3500	
0.2495	61.1750	0.1463	72.3750	
0.2496	51.1500	0.1463	72.3250	
0.2495	56.3750	0.1462	72.3500	
0.2495	49.9500	0.1462	72.3000	
0.2495	65.6750	0.1462	72.3250	
0.2495	53.3750	0.1461	72.3500	
0.2496	59.0000	0.1461	72.3250	
0.2496	57.9000	0.1460	72.3250	
0.2495	52.8250	0.1460	72.2750	
0.2495	57.9500	0.1460	72.2750	
0.2495	58.6250	0.1459	72.3000	
0.2495	55.6250	0.1459	72.3000	
0.2496	56.5000	0.1458	72.2500	
0.2496	55.2250	0.1458	72.2250	
0.2496	50.8500	0.1457	72.2750	
0.2495	54.1000	0.1457	72.3000	
0.2495	54.5250	0.1456	72.2750	
0.2495	49.8750	0.1456	72.2500	
0.2495	58.2750	0.1456	72.2500	
0.2495	51.3250	0.1455	72.2500	
0.2495	57.2250	0.1455	72.2500	
0.2496	57.5500	0.1454	72.2500	
0.2495	56.7000	0.1453	72.2000	
0.2495	59.6000	0.1453	72.1750	
0.2496	57.0000	0.1453	72.2500	
0.2495	65.2750	0.1452	72.1000	
0.2495	50.8250	0.1452	72.1750	
0.2495	54.4500	0.1451	72.1500	
0.2495	59.7500	0.1450	72.1500	
0.2495	52.7750	0.1450	72.1750	
0.2495	57.2750	0.1449	72.1750	
0.2495	54.4750	0.1449	72.2000	
0.2495	63.2250	0.1448	72.1250	
0.2495	60.2750	0.1447	72.1500	
0.2495	53.9750	0.1447	72.1000	
0.2495	53.3250	0.1446	72.1750	
0.2495	54.5750	0.1446	72.1750	
0.2495	65.1250	0.1445	72.2000	
0.2495	53.8500	0.1445	72.1500	
0.2496	67.3750	0.1444	72.1250	
0.2495	57.4250	0.1444	72.1500	
0.2495	51.7000	0.1443	72.1000	
0.2495	58.7250	0.1442	72.1250	
0.2495	49.9000	0.1442	72.0750	
0.2495	61.7250	0.1441	72.0250	
0.2495	51.2750	0.1440	72.0500	
0.2495	52.2000	0.1440	72.1000	
0.2496	57.1750	0.1439	72.0250	
0.2495	60.0250	0.1438	72.0250	
0.2496	51.7500	0.1438	72.0000	
0.2495	55.4250	0.1437	71.9500	
0.2495	51.2500	0.1436	72.0250	
0.2495	53.2250	0.1435	72.0250	
0.2495	61.8250	0.1435	72.0000	
0.2495	63.8250	0.1434	71.9250	
0.2495	64.7000	0.1433	72.0250	
0.2495	55.4500	0.1432	72.0000	
0.2495	66.6250	0.1432	72.0250	
0.2496	54.4250	0.1432	71.9750	
0.2495	55.4250	0.1430	71.9000	
0.2495	50.1000	0.1430	71.9500	
0.2495	57.3500	0.1428	72.0250	
0.2495	52.6500	0.1428	71.9500	
0.2495	57.3750	0.1427	71.9750	
0.2495	53.4000	0.1426	71.9000	
0.2496	60.5000	0.1427	71.9750	
0.2495	57.5500	0.1424	71.9750	
0.2495	59.4000	0.1423	71.9000	
0.2495	65.8750	0.1422	71.9500	
0.2495	59.5750	0.1422	71.9000	
0.2496	59.8000	0.1420	71.9000	
0.2495	61.6000	0.1419	71.8500	
0.2495	61.3500	0.1418	71.8750	
0.2495	59.8000	0.1417	71.8250	
0.2495	64.4500	0.1416	71.8250	
0.2495	52.0250	0.1414	71.8500	
0.2495	63.1250	0.1413	71.7750	
0.2495	62.1250	0.1412	71.8250	
0.2495	60.8750	0.1411	71.7750	
0.2495	65.5250	0.1409	71.8250	
0.2495	53.8500	0.1407	71.7750	
0.2495	53.6000	0.1405	71.8250	
0.2495	55.4750	0.1404	71.8000	
0.2495	56.5250	0.1402	71.8000	
0.2495	62.6500	0.1400	71.7500	
0.2496	51.6750	0.1399	71.6500	
0.2495	51.3000	0.1396	71.7500	
0.2495	57.3250	0.1394	71.6750	
0.2495	49.5250	0.1391	71.7500	
0.2495	50.7500	0.1389	71.7000	
0.2495	57.3250	0.1387	71.6750	
0.2495	50.7250	0.1385	71.6750	
0.2496	50.1250	0.1383	71.7250	
0.2495	54.8750	0.1380	71.6750	
0.2495	49.8500	0.1377	71.6750	
0.2495	62.4750	0.1375	71.6500	
0.2495	52.9000	0.1372	71.7250	
0.2495	52.3500	0.1369	71.6500	
0.2495	64.3250	0.1366	71.5250	
0.2495	64.1000	0.1364	71.5500	
0.2495	63.8000	0.1360	71.6250	
0.2495	63.8000	0.1357	71.5250	
0.2495	52.4750	0.1354	71.6000	
0.2496	58.2000	0.1350	71.5500	
0.2496	56.9250	0.1348	71.6000	
0.2495	52.5750	0.1343	71.4750	
0.2495	56.1000	0.1339	71.6000	
0.2495	49.7500	0.1336	71.5250	
0.2495	55.5250	0.1332	71.5750	
0.2495	54.9500	0.1328	71.5750	
0.2495	51.2500	0.1323	71.6250	
0.2495	55.3000	0.1319	71.6000	
0.2495	67.6250	0.1314	71.6000	
0.2495	64.2250	0.1309	71.6000	
0.2495	65.5500	0.1304	71.5000	
0.2495	68.9750	0.1302	71.6000	
0.2495	57.7250	0.1295	71.5000	
0.2495	56.4750	0.1289	71.4500	
0.2495	56.8000	0.1286	71.5750	
0.2495	67.4000	0.1279	71.3750	
0.2495	65.8500	0.1273	71.5000	
0.2495	58.3500	0.1267	71.5250	
0.2495	65.8250	0.1263	71.6000	
0.2495	62.9500	0.1255	71.4250	
0.2495	54.3500	0.1249	71.5000	
0.2495	68.8500	0.1243	71.5000	
0.2495	59.6500	0.1236	71.5750	
0.2495	67.5500	0.1228	71.4750	
0.2495	56.2750	0.1220	71.5000	
0.2495	53.2000	0.1214	71.4500	
0.2495	65.1750	0.1208	71.4250	
0.2495	65.3250	0.1199	71.4250	
0.2495	64.2250	0.1192	71.3500	
0.2495	67.1750	0.1182	71.2500	
0.2495	54.7750	0.1175	71.3250	
0.2495	57.7250	0.1166	71.4750	
0.2495	59.4250	0.1156	71.3750	
0.2495	67.3750	0.1147	71.3250	
0.2495	66.1750	0.1138	71.4250	
0.2495	58.6000	0.1129	71.4250	
0.2495	65.8000	0.1119	71.3750	
0.2495	62.7750	0.1111	71.4500	
0.2495	56.0500	0.1099	71.4250	
0.2496	50.8250	0.1089	71.3000	
0.2495	55.9250	0.1079	71.3250	
0.2495	49.7750	0.1068	71.2750	
0.2495	62.0500	0.1058	71.2750	
0.2495	53.3750	0.1046	71.2500	
0.2495	51.3250	0.1035	71.3250	
0.2495	60.5500	0.1024	71.1500	
0.2495	54.1000	0.1012	71.3250	
0.2495	53.6750	0.1001	71.2000	
0.2495	67.3750	0.0989	71.2000	
0.2495	52.6750	0.0978	71.1750	
0.2495	53.3250	0.0967	71.1750	
0.2495	56.5250	0.0956	71.1500	
0.2495	64.0250	0.0944	71.1750	
0.2495	50.4250	0.0931	71.1500	
0.2495	59.8500	0.0918	71.1250	
0.2495	53.5250	0.0906	71.1000	
0.2496	50.7000	0.0894	71.1250	
0.2496	53.8500	0.0881	71.1250	
0.2495	56.4500	0.0870	71.1000	
0.2495	59.9000	0.0858	71.1500	
0.2495	54.7000	0.0848	71.1250	
0.2495	62.2250	0.0833	71.1500	
0.2495	64.9500	0.0819	71.1250	
0.2495	66.6500	0.0807	71.1750	
0.2495	65.2250	0.0794	71.1250	
0.2495	52.7250	0.0782	71.1750	
0.2495	59.1500	0.0772	71.1750	
0.2495	67.2250	0.0759	71.1250	
0.2495	55.4750	0.0744	71.1500	
0.2495	58.6000	0.0733	71.2000	
0.2495	54.9750	0.0721	71.2000	
0.2496	54.1250	0.0710	71.0500	
0.2495	63.7250	0.0697	71.2250	
0.2495	57.3750	0.0684	71.1750	
0.2495	53.9750	0.0671	71.2500	
0.2495	64.0250	0.0659	71.2500	
0.2495	52.5750	0.0647	71.2000	
0.2495	50.7500	0.0634	71.2500	
0.2495	54.9750	0.0626	71.2000	
0.2495	51.1500	0.0614	71.2500	
0.2495	56.9250	0.0604	71.2250	
0.2495	51.4250	0.0591	71.2500	
0.2495	66.7750	0.0576	71.2500	
0.2495	55.5250	0.0564	71.2500	
0.2495	54.7250	0.0553	71.3000	
0.2495	55.9500	0.0541	71.3000	
0.2495	56.2250	0.0530	71.3250	
0.2495	57.7500	0.0520	71.3500	
0.2495	55.4750	0.0509	71.3750	
0.2495	60.4500	0.0497	71.3250	
0.2495	59.3250	0.0489	71.3250	
0.2495	63.5250	0.0479	71.4000	
0.2495	58.7500	0.0464	71.3250	
0.2495	62.0750	0.0455	71.3250	
0.2495	64.5750	0.0445	71.4500	
0.2495	67.3250	0.0434	71.3500	
0.2495	61.1250	0.0423	71.3750	
0.2495	62.3750	0.0414	71.3750	
0.2495	52.9500	0.0403	71.3750	
0.2495	62.2500	0.0395	71.4250	
0.2495	57.2000	0.0386	71.5500	
0.2495	58.0500	0.0375	71.4500	
0.2495	60.3250	0.0366	71.5250	
0.2495	60.1500	0.0356	71.5500	
0.2495	63.2500	0.0348	71.5000	
0.2496	54.1500	0.0339	71.6250	
0.2495	54.4500	0.0330	71.6000	
0.2495	51.9750	0.0323	71.5750	
0.2495	57.7500	0.0313	71.7500	
0.2495	51.2500	0.0306	71.6500	
0.2495	55.8750	0.0298	71.7500	
0.2495	53.6000	0.0290	71.9500	
0.2495	61.9750	0.0282	71.9250	
0.2495	65.2750	0.0274	71.8500	
0.2495	54.4000	0.0267	71.9500	
0.2495	54.5000	0.0260	72.0000	
0.2495	56.0750	0.0253	71.9500	
0.2495	56.6000	0.0246	72.0250	
0.2495	58.0250	0.0240	72.0250	
0.2495	51.9250	0.0233	72.0500	
0.2495	56.7000	0.0229	72.0500	
0.2495	54.3000	0.0221	72.0750	
0.2495	51.7250	0.0216	72.2000	
0.2495	59.0750	0.0211	72.0500	
0.2495	55.3000	0.0203	72.2250	
0.2495	53.6500	0.0197	72.1750	
0.2495	53.9000	0.0192	72.1500	
0.2495	57.3750	0.0187	72.2500	
0.2495	57.5000	0.0182	72.2000	
0.2495	61.5000	0.0177	72.2250	
0.2495	62.6750	0.0174	72.3000	
0.2495	54.6500	0.0168	72.3250	
0.2495	63.3500	0.0163	72.3250	
0.2495	57.8500	0.0159	72.3250	
0.2495	57.5250	0.0154	72.4250	
0.2495	57.4750	0.0150	72.3750	
0.2495	62.8000	0.0146	72.4000	
0.2495	64.7500	0.0143	72.4250	
0.2495	57.7750	0.0140	72.4750	
0.2495	59.4500	0.0135	72.5000	
0.2496	55.8750	0.0132	72.4750	
0.2495	56.6000	0.0129	72.5250	
0.2495	51.9000	0.0127	72.5500	
0.2495	55.5000	0.0123	72.5250	
0.2495	49.9000	0.0120	72.5750	
0.2495	63.0750	0.0116	72.6000	
0.2495	54.2250	0.0113	72.6750	
0.2495	53.6250	0.0110	72.6250	
0.2495	63.1250	0.0108	72.6000	
0.2495	60.1750	0.0105	72.7000	
0.2495	62.5500	0.0104	72.7500	
0.2495	67.0000	0.0102	72.7000	
0.2495	57.5250	0.0099	72.7250	
0.2495	53.9750	0.0097	72.7500	
0.2495	58.9500	0.0095	72.8000	
0.2496	49.8250	0.0094	72.8500	
0.2495	57.2000	0.0093	72.7750	
0.2495	50.4750	0.0089	72.8500	
0.2495	59.6000	0.0088	72.9250	
0.2495	63.4500	0.0086	73.0000	
0.2495	63.9000	0.0083	72.9500	
0.2496	56.2750	0.0082	72.9250	
0.2495	60.1500	0.0080	72.9750	
0.2495	60.0500	0.0079	72.9750	
0.2495	65.2000	0.0078	73.0000	
0.2495	58.2750	0.0076	73.1000	
0.2495	59.4750	0.0075	73.0000	
0.2495	59.9750	0.0074	73.0750	
0.2495	59.8500	0.0072	73.0750	
0.2495	55.7000	0.0071	73.1000	
0.2495	61.7250	0.0070	73.2000	
0.2495	66.3750	0.0069	73.1500	
0.2495	62.2000	0.0068	73.2250	
0.2495	59.3500	0.0067	73.1750	
0.2495	58.2250	0.0066	73.2000	
0.2495	60.8750	0.0065	73.2000	
0.2495	64.2500	0.0064	73.2750	
0.2495	63.7750	0.0064	73.2250	
0.2495	63.0000	0.0063	73.2250	
0.2495	61.4000	0.0062	73.3000	
0.2495	65.7750	0.0061	73.2250	
0.2495	56.5000	0.0061	73.2750	
0.2495	52.6250	0.0060	73.2250	
0.2495	58.0500	0.0059	73.3250	
0.2495	53.7750	0.0058	73.3500	
0.2495	60.1500	0.0057	73.3250	
0.2495	56.1250	0.0056	73.4500	
0.2495	58.8500	0.0055	73.4500	
0.2495	65.4500	0.0054	73.4250	
0.2495	63.3250	0.0053	73.4500	
0.2495	59.7250	0.0052	73.4000	
0.2495	55.9500	0.0052	73.4750	
0.2495	58.3750	0.0051	73.5250	
0.2495	65.1500	0.0050	73.5000	
0.2495	61.6000	0.0050	73.6000	
0.2495	56.1250	0.0049	73.6000	
0.2495	62.1750	0.0049	73.5500	
0.2495	53.9000	0.0048	73.7000	
0.2495	59.2250	0.0048	73.7250	
0.2495	54.7000	0.0048	73.6750	
0.2495	52.3250	0.0047	73.7000	
0.2495	58.6250	0.0047	73.7250	
0.2495	61.3250	0.0047	73.7750	
0.2495	52.8000	0.0047	73.8000	
0.2495	56.6750	0.0046	73.8750	
0.2496	59.5500	0.0046	73.9000	
0.2495	60.8500	0.0045	73.8250	
0.2495	55.6000	0.0045	73.8500	
0.2495	53.7250	0.0044	73.9250	
0.2495	61.2750	0.0044	73.9000	
0.2495	55.8500	0.0044	73.9500	
0.2495	65.6000	0.0043	73.9500	
0.2495	57.1250	0.0043	73.9250	
0.2495	53.2000	0.0043	73.9750	
0.2495	60.7000	0.0043	74.0250	
0.2495	53.2250	0.0042	74.0000	
0.2495	60.0750	0.0042	74.0250	
0.2495	54.6250	0.0042	74.0750	
0.2495	53.2500	0.0042	74.0750	
0.2495	57.9250	0.0041	74.1500	
0.2495	52.8000	0.0041	74.1000	
0.2495	60.3500	0.0041	74.1500	
0.2495	55.5750	0.0041	74.1750	
0.2495	60.9500	0.0041	74.2000	
0.2495	64.4000	0.0040	74.2000	
0.2495	56.8000	0.0040	74.2500	
0.2495	54.3750	0.0040	74.3250	
0.2495	59.0250	0.0040	74.3000	
0.2495	52.3250	0.0039	74.2750	
0.2495	58.9000	0.0039	74.3000	
0.2495	58.1750	0.0039	74.3000	
0.2495	57.3250	0.0039	74.3250	
0.2495	56.3000	0.0039	74.3000	
0.2495	64.8250	0.0039	74.3250	
0.2495	65.9250	0.0038	74.3250	
0.2495	64.2250	0.0039	74.4250	
0.2495	57.4750	0.0038	74.3000	
0.2494	61.6250	0.0038	74.3750	
0.2495	55.4750	0.0038	74.4000	
0.2495	60.0000	0.0037	74.4000	
0.2495	54.4750	0.0037	74.4000	
0.2495	58.8000	0.0037	74.4250	
0.2494	64.6750	0.0037	74.4250	
0.2495	59.6250	0.0037	74.4500	
0.2495	56.9750	0.0037	74.4750	
0.2494	62.3500	0.0036	74.5000	
0.2495	60.7000	0.0037	74.5000	
0.2495	62.1000	0.0036	74.5000	
0.2495	55.0000	0.0036	74.5250	
0.2495	53.4000	0.0036	74.5000	
0.2494	59.6250	0.0036	74.5000	
0.2494	62.5000	0.0036	74.5500	
0.2495	61.1250	0.0035	74.5250	
0.2495	57.7000	0.0035	74.5250	
0.2495	61.1250	0.0035	74.5000	
0.2495	63.1750	0.0035	74.5500	
0.2494	60.5750	0.0035	74.5000	
0.2494	56.4000	0.0035	74.6000	
0.2495	57.9250	0.0035	74.5750	
0.2495	57.9750	0.0035	74.5500	
0.2494	64.8250	0.0034	74.5750	
0.2495	63.2250	0.0034	74.5750	
0.2494	66.1500	0.0034	74.6000	
0.2495	57.3000	0.0034	74.5750	
0.2494	55.3250	0.0034	74.6250	
0.2494	61.5000	0.0034	74.6500	
0.2494	65.9250	0.0034	74.6750	
0.2495	63.5750	0.0033	74.6500	
0.2494	63.7000	0.0033	74.6250	
0.2495	55.9250	0.0033	74.7000	
0.2495	56.0250	0.0033	74.7500	
0.2495	54.3000	0.0033	74.7250	
0.2495	61.0500	0.0033	74.6750	
0.2495	61.4250	0.0033	74.7250	
0.2495	63.8000	0.0033	74.7500	
0.2495	57.2750	0.0033	74.7500	
0.2495	56.6000	0.0033	74.7500	
0.2494	53.0250	0.0032	74.7250	
0.2495	54.4500	0.0032	74.7000	
0.2495	56.6000	0.0032	74.7500	
0.2495	53.7750	0.0032	74.7250	
0.2495	55.9500	0.0032	74.7000	
0.2495	57.4250	0.0032	74.7250	
0.2494	66.1000	0.0032	74.7500	
0.2494	63.9000	0.0032	74.7250	
0.2495	61.5750	0.0031	74.7500	
0.2494	57.5750	0.0031	74.7750	
0.2495	59.9250	0.0031	74.7500	
0.2494	64.5500	0.0031	74.7500	
0.2494	65.3250	0.0031	74.7750	
0.2494	62.5750	0.0031	74.7500	
0.2495	55.8000	0.0030	74.8000	
0.2494	56.7500	0.0030	74.7750	
0.2495	63.7250	0.0030	74.8000	
0.2494	62.6000	0.0030	74.7750	
0.2495	58.3000	0.0030	74.7500	
0.2495	63.1750	0.0030	74.8000	
0.2495	64.4750	0.0030	74.8000	
0.2495	54.8250	0.0029	74.8000	
0.2494	54.7250	0.0029	74.8000	
0.2495	60.7250	0.0029	74.8250	
0.2494	61.2000	0.0029	74.7750	
0.2494	62.4500	0.0029	74.8250	
0.2494	58.3500	0.0029	74.8000	
0.2494	58.2500	0.0029	74.7750	
0.2495	60.3250	0.0029	74.8250	
0.2494	63.1500	0.0029	74.8000	
0.2494	56.7000	0.0029	74.8250	
0.2494	55.5000	0.0029	74.8250	
0.2495	59.9000	0.0029	74.8000	
0.2494	65.2500	0.0029	74.8750	
0.2495	63.7750	0.0028	74.8250	
0.2494	63.1750	0.0028	74.8500	
0.2494	55.6000	0.0028	74.8500	
0.2494	58.1000	0.0028	74.8250	
0.2494	62.2000	0.0028	74.8500	
0.2494	62.7500	0.0028	74.8750	
0.2494	65.6750	0.0028	74.9000	
0.2494	60.6750	0.0028	74.9000	
0.2494	56.7750	0.0028	74.9000	
0.2494	57.5500	0.0028	74.9000	
0.2494	60.7750	0.0028	74.9000	
0.2495	59.3000	0.0028	74.8750	
0.2495	58.2500	0.0028	74.8500	
0.2495	59.3000	0.0028	74.8500	
0.2494	63.1750	0.0028	74.8750	
0.2494	59.1750	0.0028	74.9750	
0.2494	62.3000	0.0028	74.9500	
0.2494	64.1250	0.0028	74.9250	
0.2495	57.2250	0.0028	74.9250	
0.2494	57.6750	0.0028	74.9250	
0.2494	60.6250	0.0028	75.0000	
0.2494	64.0000	0.0027	74.9750	
0.2494	62.0500	0.0027	74.9750	
0.2494	62.8500	0.0027	74.9500	
0.2494	58.5500	0.0027	75.0250	
0.2494	54.1750	0.0027	74.9500	
0.2494	55.8000	0.0027	75.0500	
0.2494	62.6500	0.0027	74.9750	
0.2494	62.0250	0.0027	74.9500	
0.2495	62.3250	0.0027	75.1500	
0.2494	62.5250	0.0027	74.9750	
0.2494	57.4000	0.0027	75.0750	
0.2495	62.5250	0.0027	74.9750	
0.2494	57.7750	0.0027	75.0500	
0.2494	55.7000	0.0027	75.1000	
0.2494	63.0000	0.0027	75.0250	
0.2494	65.0000	0.0027	75.0750	
0.2494	65.4750	0.0027	75.0500	
0.2495	62.6000	0.0027	75.0500	
0.2494	58.1000	0.0026	75.1250	
0.2494	55.5000	0.0026	75.0750	
0.2494	56.8750	0.0027	75.0000	
0.2495	57.5000	0.0026	75.1750	
0.2494	64.3250	0.0026	75.1000	
0.2494	58.1750	0.0026	75.1500	
0.2494	64.6500	0.0026	75.1750	
0.2494	60.0000	0.0026	75.0250	
0.2494	55.5000	0.0026	75.2000	
0.2494	54.5750	0.0026	75.1250	
0.2494	57.8750	0.0026	75.1500	
0.2495	54.3750	0.0026	75.2250	
0.2495	57.5500	0.0026	75.1000	
0.2494	56.1750	0.0026	75.1250	
0.2495	61.6000	0.0026	75.2250	
0.2495	58.9250	0.0026	75.1000	
0.2495	54.0750	0.0026	75.2250	
0.2494	61.8750	0.0026	75.1250	
0.2494	61.1000	0.0026	75.2000	
0.2495	59.9250	0.0026	75.2250	
0.2494	63.0000	0.0026	75.1750	
0.2494	53.7500	0.0026	75.1750	
0.2494	52.9000	0.0026	75.1000	
0.2494	59.2750	0.0026	75.2000	
0.2494	53.5000	0.0026	75.1750	
0.2494	62.5000	0.0026	75.1500	
0.2494	55.9750	0.0026	75.1750	
0.2494	54.9750	0.0026	75.2250	
0.2494	60.7250	0.0026	75.1750	
0.2494	63.5250	0.0026	75.2000	
0.2494	62.0500	0.0026	75.2250	
0.2494	62.8500	0.0025	75.1750	
0.2494	60.4750	0.0025	75.2250	
0.2495	55.0250	0.0025	75.2000	
0.2494	59.4750	0.0025	75.1500	
0.2494	62.1000	0.0025	75.2000	
0.2495	59.2500	0.0025	75.2250	
0.2494	60.2000	0.0025	75.2500	
0.2494	64.0500	0.0025	75.2250	
0.2494	63.7000	0.0025	75.2250	
0.2495	59.4500	0.0025	75.2250	
0.2494	58.6250	0.0025	75.2250	
0.2495	58.8500	0.0025	75.2250	
0.2494	63.0250	0.0025	75.1750	
0.2494	63.3250	0.0025	75.2250	
0.2495	58.7250	0.0025	75.1750	
0.2494	58.0750	0.0025	75.2000	
0.2494	64.1750	0.0025	75.2000	
0.2494	61.6500	0.0025	75.2000	
0.2494	57.6750	0.0025	75.1750	
0.2494	63.4250	0.0025	75.2000	
0.2494	64.5750	0.0025	75.2250	
0.2494	57.2250	0.0025	75.2250	
0.2494	59.9750	0.0025	75.2250	
0.2494	63.2000	0.0025	75.2250	
0.2494	62.7500	0.0025	75.2500	
0.2494	56.6500	0.0025	75.2250	
0.2494	57.3750	0.0025	75.2500	
0.2494	62.7250	0.0025	75.2250	
0.2494	62.4750	0.0024	75.2000	
0.2494	57.7750	0.0024	75.2250	
0.2494	62.4750	0.0025	75.2500	
0.2494	64.1750	0.0024	75.2500	
0.2494	58.5500	0.0024	75.2750	
0.2494	54.6250	0.0024	75.2250	
0.2494	61.3500	0.0024	75.2500	
0.2494	63.4500	0.0024	75.2000	
0.2494	62.3000	0.0024	75.3000	
0.2494	60.7250	0.0024	75.2250	
0.2494	59.3750	0.0025	75.2000	
0.2494	53.1500	0.0024	75.2000	
0.2494	56.2000	0.0024	75.2500	
0.2494	61.7250	0.0024	75.2250	
0.2494	61.1250	0.0024	75.2500	
0.2494	60.7000	0.0024	75.2750	
0.2494	58.6750	0.0024	75.2500	
0.2494	60.5250	0.0024	75.2250	
0.2494	57.8250	0.0024	75.2750	
0.2494	61.2500	0.0024	75.2500	
0.2494	63.7250	0.0024	75.2250	
0.2494	61.4000	0.0024	75.2250	
0.2494	55.7250	0.0024	75.2500	
0.2494	57.0750	0.0024	75.2250	
0.2494	61.2250	0.0024	75.2000	
0.2494	62.1500	0.0024	75.2750	
0.2494	64.4500	0.0024	75.2500	
0.2494	57.7750	0.0024	75.2500	
0.2494	60.6500	0.0024	75.2750	
0.2494	61.4750	0.0024	75.2500	
0.2494	57.2000	0.0024	75.3000	
0.2494	62.1750	0.0024	75.2750	
0.2494	62.1000	0.0024	75.2750	
0.2494	56.3750	0.0024	75.3500	
0.2494	58.9500	0.0024	75.2500	
0.2494	64.2000	0.0024	75.2750	
0.2494	62.2000	0.0024	75.3000	
0.2494	63.1500	0.0023	75.2750	
0.2495	57.8250	0.0024	75.3000	
0.2494	54.3250	0.0024	75.3500	
0.2494	61.2750	0.0023	75.2250	
0.2494	58.2000	0.0024	75.3000	
0.2494	60.2500	0.0023	75.3000	
0.2494	54.7000	0.0023	75.3000	
0.2494	58.6750	0.0023	75.3500	
0.2494	63.8000	0.0023	75.3250	
0.2494	62.4500	0.0023	75.3500	
0.2494	56.0250	0.0024	75.3250	
0.2494	57.4000	0.0023	75.3750	
0.2494	61.2750	0.0023	75.3500	
0.2494	61.8250	0.0023	75.3250	
0.2494	62.5000	0.0023	75.4000	
0.2494	59.3750	0.0023	75.4250	
0.2494	63.7250	0.0023	75.3500	
0.2494	62.9500	0.0023	75.3750	
0.2494	57.7000	0.0023	75.3500	
0.2494	57.0000	0.0023	75.3500	
0.2494	56.2250	0.0023	75.3750	
0.2494	59.6000	0.0023	75.4000	
0.2494	63.7500	0.0023	75.3750	
0.2495	55.7750	0.0023	75.3250	
0.2494	61.5250	0.0023	75.4000	
0.2494	54.7750	0.0023	75.3500	
0.2494	54.5500	0.0023	75.3000	
0.2494	55.6500	0.0023	75.3000	
0.2494	61.5750	0.0023	75.3750	
0.2494	57.8750	0.0023	75.4000	
0.2494	59.0750	0.0023	75.3250	
0.2494	59.2500	0.0023	75.3500	
0.2494	57.2750	0.0023	75.3250	
0.2494	59.1000	0.0022	75.3250	
0.2494	62.4500	0.0023	75.3000	
0.2494	64.2500	0.0023	75.3000	
0.2494	63.0500	0.0023	75.3500	
0.2494	58.0250	0.0023	75.3250	
0.2494	57.9250	0.0022	75.3000	
0.2494	60.3000	0.0022	75.4000	
0.2494	63.5250	0.0022	75.3750	
0.2494	62.7750	0.0022	75.3500	
0.2495	62.6250	0.0022	75.3250	
0.2494	56.3250	0.0022	75.3750	
0.2494	54.6000	0.0022	75.3750	
0.2495	59.5750	0.0022	75.3750	
0.2494	63.8250	0.0022	75.4000	
0.2494	60.5000	0.0022	75.3250	
0.2494	57.6000	0.0022	75.3750	
0.2494	57.0500	0.0022	75.4000	
0.2494	62.3250	0.0022	75.3750	
0.2494	63.9000	0.0022	75.3750	
0.2494	61.3500	0.0022	75.4000	
0.2494	60.0000	0.0022	75.4000	
0.2494	61.3750	0.0022	75.3750	
0.2494	63.3250	0.0022	75.3750	
0.2494	59.1250	0.0022	75.4000	
0.2494	55.3500	0.0021	75.3750	
0.2494	60.6500	0.0021	75.3750	
0.2494	62.5500	0.0021	75.3750	
0.2494	57.9250	0.0021	75.3000	
0.2494	63.6000	0.0021	75.3500	
0.2494	62.8750	0.0021	75.3750	
0.2494	61.9750	0.0021	75.3500	
0.2494	56.2500	0.0021	75.3500	
0.2494	58.8000	0.0021	75.3750	
0.2494	60.8500	0.0021	75.3500	
0.2494	55.2000	0.0021	75.3500	
0.2494	59.1500	0.0021	75.4000	
0.2494	61.9000	0.0021	75.4000	
0.2494	60.6750	0.0021	75.3500	
0.2494	58.9750	0.0021	75.3750	
0.2494	54.9500	0.0021	75.3500	
0.2494	60.6750	0.0021	75.3500	
0.2494	64.2500	0.0021	75.3500	
0.2494	58.3750	0.0021	75.3750	
0.2494	55.1000	0.0021	75.3750	
0.2494	60.1000	0.0021	75.3500	
0.2494	59.5500	0.0021	75.4250	
0.2494	60.4500	0.0020	75.4000	
0.2494	63.9500	0.0020	75.4000	
0.2495	56.1000	0.0020	75.4000	
0.2494	58.3500	0.0020	75.3500	
0.2494	53.7500	0.0020	75.3750	
0.2494	54.9000	0.0020	75.3500	
0.2495	60.4750	0.0020	75.3500	
0.2494	62.1000	0.0020	75.3750	
0.2494	57.7000	0.0020	75.4000	
0.2494	58.6750	0.0020	75.4000	
0.2494	60.2000	0.0020	75.4250	
0.2494	62.5000	0.0020	75.4250	
0.2494	61.3750	0.0020	75.4000	
0.2494	59.8250	0.0020	75.3500	
0.2494	54.9250	0.0020	75.3750	
0.2494	56.3250	0.0020	75.4000	
0.2494	59.9000	0.0020	75.4250	
0.2494	60.4000	0.0020	75.3750	
0.2494	61.7500	0.0020	75.3500	
0.2494	64.1000	0.0020	75.4000	
0.2494	62.3250	0.0020	75.3500	
0.2494	59.1250	0.0020	75.3750	
0.2494	62.5250	0.0020	75.4000	
0.2494	59.1250	0.0020	75.3500	
0.2494	56.9000	0.0020	75.3500	
0.2494	56.0500	0.0020	75.3250	
0.2494	58.0500	0.0020	75.3750	
0.2494	59.9750	0.0020	75.4000	
0.2494	59.9500	0.0020	75.3000	
0.2494	56.3500	0.0020	75.3250	
0.2494	59.3000	0.0020	75.3750	
0.2494	62.1500	0.0020	75.3000	
0.2494	59.6250	0.0020	75.3500	
0.2494	63.3000	0.0020	75.3500	
0.2494	62.6250	0.0020	75.3000	
0.2494	55.3750	0.0020	75.3500	
0.2494	55.8250	0.0019	75.3000	
0.2494	58.5250	0.0019	75.3750	
0.2494	59.0500	0.0019	75.3250	
0.2495	54.5500	0.0019	75.3250	
0.2494	58.3250	0.0020	75.2500	
0.2494	55.2000	0.0019	75.2250	
0.2494	56.5500	0.0019	75.3000	
0.2494	60.1250	0.0019	75.2750	
0.2495	55.5750	0.0019	75.1750	
0.2494	56.3500	0.0019	75.2500	
0.2494	60.5750	0.0019	75.2750	
0.2494	57.1250	0.0019	75.2750	
0.2494	60.3750	0.0019	75.2250	
0.2494	61.2000	0.0019	75.2500	
0.2494	53.1500	0.0019	75.2500	
0.2494	53.0750	0.0019	75.2250	
0.2494	61.5500	0.0019	75.2000	
0.2494	63.1000	0.0019	75.2500	
0.2494	63.7250	0.0019	75.2500	
0.2494	63.3500	0.0019	75.2500	
0.2494	59.9250	0.0019	75.2000	
0.2494	58.3000	0.0019	75.2250	
0.2494	56.4250	0.0019	75.2000	
0.2494	61.9750	0.0019	75.1750	
0.2494	61.2000	0.0019	75.2500	
0.2494	56.3750	0.0019	75.2250	
0.2494	61.8250	0.0019	75.2000	
0.2494	63.0500	0.0019	75.2000	
0.2494	61.6750	0.0019	75.1750	
0.2494	59.5500	0.0019	75.2000	
0.2494	56.4250	0.0019	75.2250	
0.2494	58.9500	0.0019	75.1500	
0.2494	62.7000	0.0019	75.1500	
0.2494	63.4500	0.0019	75.1750	
0.2494	58.8750	0.0019	75.1750	
0.2494	55.3500	0.0019	75.1000	
0.2494	59.5000	0.0019	75.1500	
0.2494	63.1250	0.0019	75.1250	
0.2494	62.2000	0.0019	75.1000	
0.2494	60.8250	0.0019	75.1000	
0.2494	56.5750	0.0019	75.1250	
0.2494	54.0000	0.0019	75.0500	
0.2494	58.5000	0.0019	75.0750	
0.2494	61.9750	0.0019	75.0250	
0.2494	59.9750	0.0019	75.0250	
0.2494	63.4500	0.0019	75.0500	
0.2494	56.0250	0.0019	75.0250	
0.2494	55.3500	0.0019	74.9750	
0.2494	59.7250	0.0019	74.9750	
0.2494	59.4750	0.0019	74.9750	
0.2494	62.3750	0.0019	74.9500	
0.2494	63.9000	0.0019	75.0000	
0.2494	57.8250	0.0019	74.8500	
0.2494	58.6750	0.0019	74.9750	
0.2494	60.3500	0.0019	74.8250	
0.2494	63.2000	0.0019	75.0000	
0.2494	61.5000	0.0019	74.8750	
0.2494	61.4000	0.0019	74.9000	
0.2494	57.7500	0.0019	74.8500	
0.2494	54.5750	0.0018	74.8250	
0.2494	56.5250	0.0018	74.8750	
0.2494	59.2750	0.0018	74.8500	
0.2494	61.5000	0.0018	74.8000	
0.2494	62.0250	0.0018	74.8500	
0.2494	56.7500	0.0018	74.8250	
0.2494	56.9750	0.0018	74.8000	
0.2494	59.7500	0.0018	74.8000	
0.2494	61.3250	0.0019	74.8500	
0.2494	59.2250	0.0018	74.8250	
0.2494	57.9250	0.0018	74.8500	
0.2494	60.3750	0.0018	74.8250	
0.2494	62.2500	0.0018	74.8000	
0.2494	63.3000	0.0018	74.8250	
0.2494	57.3250	0.0018	74.8000	
0.2494	53.8750	0.0018	74.8500	
0.2494	57.1500	0.0018	74.7500	
0.2494	62.6750	0.0018	74.8000	
0.2494	62.2000	0.0018	74.7750	
0.2494	59.5500	0.0018	74.7750	
0.2494	58.3500	0.0018	74.7750	
0.2494	61.5500	0.0018	74.8250	
0.2494	64.1250	0.0018	74.7750	
0.2494	60.2750	0.0018	74.7750	
0.2494	56.7750	0.0018	74.8500	
0.2494	56.1000	0.0018	74.7750	
0.2494	61.0250	0.0018	74.8000	
0.2494	63.5250	0.0018	74.8250	
0.2494	58.0750	0.0018	74.7750	
0.2494	56.1250	0.0018	74.7500	
0.2494	62.6250	0.0018	74.7500	
0.2494	64.2500	0.0018	74.8000	
0.2494	62.0750	0.0018	74.7250	
0.2494	60.9250	0.0018	74.7250	
0.2494	55.4750	0.0018	74.6750	
0.2494	59.2000	0.0018	74.7250	
0.2494	63.8250	0.0018	74.7500	
0.2494	63.2000	0.0018	74.6250	
0.2494	60.5000	0.0018	74.6750	
0.2494	59.0750	0.0018	74.6000	
0.2494	58.6500	0.0018	74.8000	
0.2494	59.4250	0.0018	74.6250	
0.2494	59.6750	0.0018	74.7000	
0.2494	59.1750	0.0018	74.6000	
0.2494	62.5000	0.0018	74.6250	
0.2494	63.1500	0.0018	74.6250	
0.2494	58.7250	0.0018	74.6500	
0.2494	60.6000	0.0018	74.5500	
0.2494	57.3750	0.0018	74.6750	
0.2494	56.1000	0.0018	74.5250	
0.2494	58.9250	0.0018	74.6000	
0.2494	58.7000	0.0018	74.5750	
0.2494	55.0000	0.0018	74.6000	
0.2494	60.4250	0.0018	74.5500	
0.2494	53.7000	0.0018	74.5250	
0.2494	52.9250	0.0018	74.6000	
0.2494	55.8500	0.0018	74.5250	
0.2494	57.3250	0.0018	74.4750	
0.2494	52.7250	0.0018	74.5000	
0.2494	61.8750	0.0018	74.6000	
0.2494	55.8000	0.0018	74.5500	
0.2494	53.8750	0.0018	74.5250	
0.2494	56.3250	0.0018	74.4750	
0.2494	59.2500	0.0018	74.5000	
0.2494	59.5000	0.0018	74.4750	
0.2494	59.8250	0.0018	74.5000	
0.2494	55.7500	0.0018	74.5000	
0.2494	56.4500	0.0018	74.4750	
0.2494	55.6500	0.0018	74.5250	
0.2494	59.5500	0.0018	74.4500	
0.2494	60.7250	0.0018	74.4000	
0.2494	62.9500	0.0018	74.3750	
0.2494	60.7500	0.0018	74.4250	
0.2494	56.6500	0.0018	74.3750	
0.2494	57.3750	0.0018	74.4000	
0.2494	55.9250	0.0018	74.4000	
0.2494	58.3000	0.0018	74.4000	
0.2494	62.3500	0.0018	74.4500	
0.2494	63.3750	0.0018	74.4000	
0.2494	58.4500	0.0018	74.4000	
0.2494	58.3500	0.0018	74.3500	
0.2494	60.9250	0.0018	74.3500	
0.2494	59.7000	0.0018	74.4000	
0.2494	60.6750	0.0018	74.3250	
0.2494	62.2000	0.0018	74.4000	
0.2494	60.9000	0.0018	74.3500	
0.2494	59.9750	0.0018	74.3500	
0.2494	61.0500	0.0018	74.3250	
0.2494	58.6500	0.0018	74.2750	
0.2494	58.8250	0.0018	74.1750	
0.2494	60.4250	0.0018	74.3250	
0.2494	59.7500	0.0018	74.2750	
0.2494	58.0000	0.0018	74.2750	
0.2494	59.3500	0.0018	74.3250	
0.2494	61.7000	0.0018	74.2250	
0.2494	62.9250	0.0018	74.3000	
0.2494	57.5500	0.0018	74.2250	
0.2494	55.9500	0.0018	74.2500	
0.2494	60.1000	0.0018	74.2000	
0.2494	62.6750	0.0018	74.2500	
0.2494	63.0750	0.0018	74.3000	
0.2494	60.2000	0.0018	74.2500	
0.2494	58.1000	0.0018	74.2750	
0.2494	61.8000	0.0018	74.1250	
0.2494	62.0500	0.0018	74.3500	
0.2494	55.6250	0.0018	74.1500	
0.2494	56.3750	0.0018	74.2250	
