Loss_Adversary	Accuracy_Adversary	Loss_Target	Accuracy_Target	
0.6197	0.4214	0.6302	50.0000	50.0000	
0.6123	0.4132	0.6226	50.0000	50.0000	
0.6040	0.4057	0.6142	50.0000	50.0000	
0.5952	0.3988	0.6053	50.0000	50.0000	
0.5865	0.3923	0.5964	50.0000	50.0000	
0.5776	0.3861	0.5873	50.0000	50.0000	
0.5682	0.3803	0.5778	50.0000	50.0000	
0.5583	0.3747	0.5677	50.0000	50.0000	
0.5477	0.3693	0.5569	50.0000	50.0000	
0.5364	0.3641	0.5455	50.0000	50.0000	
0.5246	0.3589	0.5335	50.0000	50.0000	
0.5120	0.3538	0.5207	50.0000	50.0000	
0.4990	0.3488	0.5075	50.0000	50.0000	
0.4854	0.3440	0.4937	50.0000	50.0000	
0.4714	0.3391	0.4796	50.0000	50.0000	
0.4574	0.3341	0.4654	50.0000	50.0000	
0.4432	0.3294	0.4510	50.0000	50.0000	
0.4291	0.3246	0.4367	50.0000	50.0000	
0.4151	0.3197	0.4225	50.0000	50.0000	
0.4012	0.3149	0.4084	50.0000	50.0000	
0.3876	0.3102	0.3946	50.0000	50.0000	
0.3740	0.3056	0.3808	50.0000	50.0000	
0.3606	0.3010	0.3673	50.0000	50.0000	
0.3475	0.2966	0.3540	50.0000	50.0000	
0.3349	0.2921	0.3412	50.0000	50.0000	
0.3227	0.2875	0.3288	50.0000	50.0000	
0.3108	0.2831	0.3168	50.0000	50.0000	
0.2994	0.2785	0.3052	50.0000	50.0000	
0.2884	0.2739	0.2941	50.0000	50.0000	
0.2780	0.2692	0.2836	50.0000	50.0000	
0.2681	0.2644	0.2735	50.0000	50.0000	
0.2587	0.2597	0.2639	50.0000	50.0000	
0.2498	0.2546	0.2549	50.0000	50.0000	
0.2414	0.2497	0.2463	50.0000	50.0000	
0.2334	0.2446	0.2382	50.0000	50.0000	
0.2260	0.2396	0.2307	50.0000	50.0000	
0.2190	0.2345	0.2236	50.0000	50.0000	
0.2124	0.2294	0.2168	50.0000	50.0000	
0.2062	0.2243	0.2106	50.0000	50.0000	
0.2005	0.2194	0.2047	50.0000	50.0000	
0.1952	0.2145	0.1993	50.0000	50.0000	
0.1902	0.2097	0.1942	50.0000	50.0000	
0.1850	0.2050	0.1889	50.0000	50.0000	
0.1787	0.2008	0.1826	50.0000	50.0000	
0.1725	0.1966	0.1762	50.0000	50.0000	
0.1666	0.1928	0.1702	50.0000	50.0000	
0.1618	0.1891	0.1653	50.0000	50.0000	
0.1580	0.1856	0.1614	50.0000	56.4500	
0.1551	0.1824	0.1585	50.0000	75.6000	
0.1531	0.1794	0.1565	50.0000	80.2500	
0.1516	0.1767	0.1549	50.0000	82.0000	
0.1501	0.1744	0.1534	50.0000	83.4250	
0.1486	0.1722	0.1518	50.0000	84.8000	
0.1466	0.1702	0.1498	50.0000	86.4000	
0.1435	0.1682	0.1466	50.0000	89.9500	
0.1383	0.1665	0.1414	47.3250	95.0000	
0.1314	0.1641	0.1344	42.4000	98.0250	
0.1247	0.1613	0.1276	32.2750	97.2500	
0.1186	0.1594	0.1214	27.6000	91.9250	
0.1123	0.1583	0.1151	28.2000	89.3500	
0.1053	0.1566	0.1079	28.6000	89.5500	
0.0973	0.1560	0.0999	29.1250	89.0500	
0.0885	0.1552	0.0910	29.5000	88.7250	
0.0789	0.1547	0.0813	29.5250	88.5750	
0.0691	0.1543	0.0714	30.1750	87.0750	
0.0601	0.1540	0.0622	30.6500	85.8750	
0.0530	0.1543	0.0551	31.7000	85.2500	
0.0479	0.1541	0.0499	32.5000	84.6500	
0.0440	0.1536	0.0460	32.0500	85.0750	
0.0411	0.1532	0.0430	31.7500	84.8000	
0.0387	0.1526	0.0407	31.4250	84.2250	
0.0367	0.1517	0.0386	30.8250	83.6000	
0.0349	0.1508	0.0368	30.3250	83.2250	
0.0334	0.1499	0.0352	29.8000	82.7750	
0.0319	0.1491	0.0338	29.0250	82.4250	
0.0306	0.1484	0.0324	28.4750	81.7750	
0.0294	0.1476	0.0312	28.3250	81.3500	
0.0283	0.1470	0.0300	28.2750	80.7750	
0.0272	0.1463	0.0290	28.2000	80.3000	
0.0262	0.1459	0.0280	27.7000	79.7500	
0.0253	0.1454	0.0270	27.6250	79.4000	
0.0244	0.1448	0.0261	27.3500	78.9500	
0.0233	0.1445	0.0250	27.0000	78.4500	
0.0222	0.1439	0.0239	26.7000	77.5500	
0.0212	0.1434	0.0229	26.4500	76.1250	
0.0203	0.1430	0.0220	26.3000	75.2250	
0.0196	0.1426	0.0213	26.2000	74.8000	
0.0190	0.1423	0.0207	26.1750	74.8250	
0.0185	0.1421	0.0201	26.4500	74.9750	
0.0180	0.1418	0.0196	26.3000	74.8500	
0.0176	0.1418	0.0192	26.5000	74.8750	
0.0171	0.1415	0.0187	26.6750	74.8750	
0.0167	0.1414	0.0183	26.7500	74.8750	
0.0164	0.1413	0.0180	26.5750	74.9000	
0.0160	0.1411	0.0176	26.6750	74.9500	
0.0156	0.1409	0.0172	26.5500	74.7750	
0.0153	0.1409	0.0169	26.6000	74.6500	
0.0150	0.1406	0.0166	26.5500	74.8000	
0.0147	0.1405	0.0162	26.5750	74.6250	
0.0144	0.1405	0.0159	26.7500	74.7250	
0.0141	0.1403	0.0156	26.6500	74.7250	
0.0138	0.1402	0.0153	26.7000	74.6500	
0.0135	0.1403	0.0150	26.9000	74.8000	
0.0132	0.1401	0.0147	26.7750	74.6000	
0.0129	0.1400	0.0144	26.8500	74.6500	
0.0126	0.1400	0.0141	26.8250	74.6000	
0.0123	0.1399	0.0139	26.7750	74.6750	
0.0121	0.1398	0.0136	26.9250	74.5250	
0.0118	0.1396	0.0133	27.1750	74.6250	
0.0116	0.1394	0.0131	27.1250	74.6750	
0.0113	0.1394	0.0129	27.4250	74.6000	
0.0111	0.1394	0.0126	27.5250	74.7250	
0.0109	0.1391	0.0124	27.4500	74.7750	
0.0106	0.1389	0.0122	27.6250	74.7500	
0.0104	0.1388	0.0119	27.8500	74.7250	
0.0102	0.1387	0.0117	28.3250	74.7000	
0.0100	0.1386	0.0115	28.9250	74.7500	
0.0098	0.1385	0.0113	29.3750	74.8250	
0.0097	0.1385	0.0112	29.8750	74.7500	
0.0095	0.1385	0.0110	30.8250	74.7250	
0.0093	0.1383	0.0108	31.7250	74.8000	
0.0091	0.1382	0.0106	32.5750	74.7750	
0.0089	0.1381	0.0104	34.6000	74.8250	
0.0088	0.1379	0.0103	35.7750	74.8250	
0.0086	0.1379	0.0101	36.7500	74.7000	
0.0085	0.1378	0.0099	37.7250	74.8750	
0.0083	0.1378	0.0098	38.5750	74.9500	
0.0082	0.1376	0.0096	39.1000	74.8000	
0.0080	0.1376	0.0095	39.2000	74.8250	
0.0079	0.1375	0.0093	39.2500	74.8000	
0.0077	0.1375	0.0092	39.6000	74.8750	
0.0076	0.1374	0.0091	39.7500	74.8500	
0.0075	0.1374	0.0089	39.9750	74.8750	
0.0073	0.1374	0.0088	40.2250	74.9750	
0.0072	0.1373	0.0087	40.0250	74.8500	
0.0071	0.1373	0.0085	40.2500	74.8250	
0.0069	0.1372	0.0084	40.2250	74.9250	
0.0068	0.1372	0.0083	40.6500	74.8500	
0.0067	0.1371	0.0082	40.3750	74.9750	
0.0066	0.1370	0.0081	40.5000	75.0000	
0.0065	0.1371	0.0079	41.2000	75.0000	
0.0064	0.1370	0.0078	40.4250	74.8750	
0.0063	0.1371	0.0077	41.0250	75.0500	
0.0062	0.1369	0.0076	40.5250	75.1000	
0.0061	0.1369	0.0075	41.0000	75.0000	
0.0060	0.1369	0.0074	41.8250	75.0000	
0.0059	0.1368	0.0073	42.3000	74.9750	
0.0058	0.1368	0.0072	41.8250	75.0250	
0.0057	0.1368	0.0071	44.2750	75.0750	
0.0056	0.1368	0.0070	42.9500	74.9750	
0.0055	0.1367	0.0069	45.8750	75.0500	
0.0054	0.1366	0.0068	45.4000	75.0000	
0.0053	0.1366	0.0067	45.7000	75.0000	
0.0052	0.1366	0.0067	47.1750	75.0750	
0.0051	0.1366	0.0066	47.5250	75.0500	
0.0051	0.1365	0.0065	47.9000	74.9250	
0.0050	0.1365	0.0064	48.4750	75.0750	
0.0049	0.1365	0.0063	49.5000	75.1250	
0.0048	0.1365	0.0063	48.9000	74.9000	
0.0047	0.1364	0.0062	49.8500	75.0500	
0.0047	0.1366	0.0061	50.0750	74.8500	
0.0046	0.1364	0.0060	50.2000	74.9750	
0.0045	0.1364	0.0059	50.9000	75.0000	
0.0044	0.1365	0.0059	51.4750	74.9500	
0.0044	0.1364	0.0058	50.8250	75.0000	
0.0043	0.1364	0.0057	51.5500	75.0000	
0.0042	0.1364	0.0056	51.8250	75.0250	
0.0041	0.1363	0.0056	51.8250	75.0750	
0.0041	0.1364	0.0055	52.3750	75.0000	
0.0040	0.1364	0.0054	52.1000	75.0500	
0.0039	0.1364	0.0054	53.8000	75.0750	
0.0039	0.1363	0.0053	52.8750	75.0000	
0.0038	0.1364	0.0052	52.7250	74.8500	
0.0037	0.1362	0.0051	53.5000	74.9250	
0.0037	0.1364	0.0051	54.1500	74.9500	
0.0035	0.1363	0.0049	52.4500	74.8250	
0.0031	0.1363	0.0045	52.7250	74.9500	
0.0024	0.1363	0.0038	51.2750	74.9500	
0.0017	0.1363	0.0031	49.0000	74.7000	
0.0011	0.1363	0.0025	46.9000	74.5750	
0.0007	0.1364	0.0021	44.3750	74.4000	
0.0004	0.1366	0.0018	43.0500	74.3250	
0.0002	0.1365	0.0016	47.0750	74.3500	
0.0000	0.1365	0.0014	48.4250	74.4500	
-0.0001	0.1365	0.0013	50.0750	74.5000	
-0.0002	0.1366	0.0012	51.1500	74.3250	
-0.0003	0.1366	0.0011	51.3750	74.5500	
-0.0004	0.1368	0.0010	53.0250	74.3000	
-0.0004	0.1369	0.0009	52.0750	74.3250	
-0.0005	0.1366	0.0009	54.2000	74.3250	
-0.0005	0.1368	0.0009	53.8250	74.5000	
-0.0006	0.1368	0.0008	54.8000	74.4500	
-0.0006	0.1368	0.0008	54.1750	74.3750	
-0.0006	0.1368	0.0007	53.9500	74.3250	
-0.0007	0.1368	0.0007	55.5000	74.5750	
-0.0007	0.1368	0.0007	55.3250	74.4500	
-0.0007	0.1370	0.0007	54.9250	74.6000	
-0.0007	0.1370	0.0006	56.1250	74.4250	
-0.0007	0.1369	0.0006	55.7000	74.5750	
-0.0008	0.1370	0.0006	55.6500	74.4500	
-0.0008	0.1370	0.0006	54.9750	74.5750	
-0.0008	0.1369	0.0006	55.7750	74.5500	
-0.0008	0.1370	0.0006	55.7250	74.5500	
-0.0008	0.1369	0.0006	55.6000	74.5250	
-0.0008	0.1370	0.0005	55.4750	74.6000	
-0.0009	0.1370	0.0005	56.4500	74.6500	
-0.0009	0.1370	0.0005	54.9750	74.7000	
-0.0009	0.1370	0.0005	55.6500	74.6750	
-0.0009	0.1370	0.0005	55.9750	74.6500	
-0.0009	0.1370	0.0005	55.4500	74.6000	
-0.0009	0.1370	0.0005	54.8250	74.6250	
-0.0009	0.1370	0.0005	55.1000	74.7000	
-0.0009	0.1371	0.0005	56.1500	74.6250	
-0.0009	0.1370	0.0005	54.7250	74.6500	
-0.0009	0.1371	0.0004	55.2750	74.7250	
-0.0009	0.1371	0.0004	55.6750	74.7000	
-0.0009	0.1372	0.0004	54.4500	74.5500	
-0.0010	0.1371	0.0004	56.3500	74.6000	
-0.0010	0.1371	0.0004	55.2000	74.7250	
-0.0010	0.1371	0.0004	55.9750	74.6750	
-0.0010	0.1370	0.0004	55.5500	74.7500	
-0.0010	0.1370	0.0004	55.0250	74.7500	
-0.0010	0.1370	0.0004	54.9750	74.7000	
-0.0010	0.1370	0.0004	55.0250	74.7250	
-0.0010	0.1370	0.0004	55.1250	74.7000	
-0.0010	0.1371	0.0004	56.2000	74.7000	
-0.0010	0.1370	0.0004	54.5750	74.8250	
-0.0010	0.1371	0.0004	55.1250	74.8000	
-0.0010	0.1371	0.0004	55.2500	74.7750	
-0.0010	0.1372	0.0004	55.8250	74.7250	
-0.0010	0.1371	0.0004	54.8500	74.6500	
-0.0010	0.1370	0.0004	55.5000	74.7750	
-0.0010	0.1371	0.0004	54.3750	74.8250	
-0.0010	0.1370	0.0004	54.9000	74.7500	
-0.0010	0.1370	0.0003	55.3750	74.7000	
-0.0010	0.1370	0.0004	54.3500	74.7750	
-0.0010	0.1371	0.0004	55.4750	74.8250	
-0.0010	0.1370	0.0003	55.1250	74.6750	
-0.0010	0.1371	0.0003	55.6000	74.7500	
-0.0010	0.1371	0.0004	54.9750	74.7750	
-0.0010	0.1370	0.0004	55.0000	74.8000	
-0.0010	0.1371	0.0003	55.0250	74.8000	
-0.0010	0.1370	0.0003	54.2750	74.7750	
-0.0010	0.1370	0.0003	55.5750	74.8750	
-0.0011	0.1370	0.0003	55.0500	74.7250	
-0.0011	0.1370	0.0003	54.5000	74.8250	
-0.0011	0.1370	0.0003	55.4250	74.9500	
-0.0011	0.1371	0.0003	54.9500	74.8000	
-0.0011	0.1370	0.0003	55.4000	74.7750	
-0.0011	0.1370	0.0003	55.3000	74.7750	
-0.0011	0.1370	0.0003	55.2750	74.8500	
-0.0011	0.1371	0.0003	54.4750	74.8500	
-0.0011	0.1372	0.0003	56.3500	74.8000	
-0.0011	0.1369	0.0003	55.3250	74.7250	
-0.0011	0.1370	0.0003	54.6250	74.8500	
-0.0011	0.1370	0.0003	55.2500	74.8000	
-0.0011	0.1371	0.0003	55.6750	74.7500	
-0.0011	0.1369	0.0003	55.0250	74.8000	
-0.0011	0.1370	0.0003	54.5750	74.7500	
-0.0011	0.1371	0.0003	55.5500	74.9000	
-0.0011	0.1370	0.0003	54.9250	74.6750	
-0.0011	0.1370	0.0003	55.4000	74.8000	
-0.0011	0.1370	0.0003	55.1250	74.7250	
-0.0011	0.1370	0.0003	55.1000	74.8500	
-0.0011	0.1370	0.0003	55.5000	74.7250	
-0.0011	0.1371	0.0003	54.8750	74.9000	
-0.0011	0.1370	0.0003	55.0750	74.8250	
-0.0011	0.1370	0.0003	55.5000	74.8500	
-0.0011	0.1370	0.0003	55.1750	74.7250	
-0.0011	0.1370	0.0003	54.9000	74.7750	
-0.0011	0.1370	0.0003	55.7000	74.7750	
-0.0011	0.1369	0.0003	55.0000	74.7250	
-0.0011	0.1370	0.0003	54.9250	74.7500	
-0.0011	0.1370	0.0003	55.7750	74.9250	
-0.0011	0.1372	0.0003	54.3000	74.8500	
-0.0011	0.1370	0.0003	55.1250	74.8000	
-0.0011	0.1370	0.0003	56.3500	74.8000	
-0.0011	0.1370	0.0003	55.1000	74.8250	
-0.0011	0.1369	0.0003	55.1750	74.8750	
-0.0011	0.1369	0.0003	54.7000	74.8250	
-0.0011	0.1369	0.0003	55.1250	74.8250	
-0.0011	0.1369	0.0003	55.5000	74.7000	
-0.0011	0.1369	0.0003	55.2250	74.8000	
-0.0011	0.1370	0.0003	55.0000	74.8750	
-0.0011	0.1370	0.0003	55.6750	74.8750	
-0.0011	0.1370	0.0003	55.1000	74.9000	
-0.0011	0.1369	0.0002	54.9250	74.8250	
-0.0011	0.1371	0.0002	56.0250	74.9250	
-0.0011	0.1369	0.0002	55.3250	74.7750	
-0.0011	0.1370	0.0002	54.8000	74.7500	
-0.0011	0.1369	0.0002	55.8000	74.9250	
-0.0011	0.1369	0.0002	55.5750	74.8250	
-0.0011	0.1369	0.0002	55.2500	74.8000	
-0.0011	0.1371	0.0002	54.4250	74.8500	
-0.0011	0.1369	0.0002	55.5000	74.9500	
-0.0011	0.1369	0.0002	55.9500	74.8500	
-0.0011	0.1369	0.0002	54.8500	74.8000	
-0.0011	0.1370	0.0002	55.8000	74.7750	
-0.0011	0.1369	0.0002	55.3500	74.6250	
-0.0011	0.1369	0.0002	54.9000	74.7750	
-0.0011	0.1370	0.0002	54.9750	74.8250	
-0.0011	0.1369	0.0002	55.2250	74.8750	
-0.0011	0.1369	0.0002	55.4250	74.8500	
-0.0011	0.1370	0.0002	54.7000	74.9000	
-0.0011	0.1369	0.0002	55.9000	74.8250	
-0.0011	0.1369	0.0002	55.3000	74.7250	
-0.0011	0.1370	0.0002	55.4000	74.8500	
-0.0011	0.1369	0.0002	55.3000	74.9250	
-0.0011	0.1369	0.0002	54.9500	74.8250	
-0.0011	0.1369	0.0002	55.6500	74.9000	
-0.0011	0.1368	0.0002	55.5500	74.8000	
-0.0011	0.1369	0.0002	55.3000	74.8500	
-0.0011	0.1369	0.0002	55.4750	74.8750	
-0.0011	0.1369	0.0002	55.3750	74.7750	
-0.0011	0.1368	0.0002	55.2250	74.9250	
-0.0011	0.1369	0.0002	55.5000	74.7500	
-0.0011	0.1368	0.0002	55.2500	74.9000	
-0.0011	0.1368	0.0002	55.5250	74.8750	
-0.0011	0.1368	0.0002	55.4000	74.8500	
-0.0011	0.1369	0.0002	55.4000	74.9500	
-0.0012	0.1369	0.0002	55.1750	74.8500	
-0.0012	0.1369	0.0002	55.2000	74.9250	
-0.0012	0.1369	0.0002	55.7250	74.8750	
-0.0012	0.1369	0.0002	54.8500	74.8250	
-0.0012	0.1368	0.0002	55.4500	74.8500	
-0.0012	0.1369	0.0002	55.5250	74.8750	
-0.0011	0.1368	0.0002	55.2750	74.9250	
-0.0011	0.1368	0.0002	55.4750	74.7750	
-0.0012	0.1369	0.0002	55.1000	74.9000	
-0.0012	0.1368	0.0002	55.5750	74.8000	
-0.0011	0.1369	0.0002	55.2500	74.9250	
-0.0012	0.1369	0.0002	55.7250	74.8750	
-0.0012	0.1368	0.0002	55.3250	74.8250	
-0.0012	0.1369	0.0002	55.1000	74.9000	
-0.0011	0.1368	0.0002	55.4000	74.8500	
-0.0012	0.1368	0.0002	55.0000	74.8750	
-0.0012	0.1368	0.0002	55.5750	74.9500	
-0.0012	0.1368	0.0002	55.3000	74.9250	
-0.0012	0.1369	0.0002	55.5750	74.9250	
-0.0012	0.1368	0.0002	55.2750	74.8500	
-0.0012	0.1368	0.0002	55.1750	74.8500	
-0.0012	0.1368	0.0002	55.3250	74.7750	
-0.0012	0.1368	0.0002	55.3250	74.8750	
-0.0012	0.1368	0.0002	55.4000	74.9000	
-0.0012	0.1368	0.0002	55.3250	74.9250	
-0.0012	0.1368	0.0002	55.4000	74.8250	
-0.0012	0.1368	0.0002	55.3000	74.8500	
-0.0012	0.1368	0.0002	55.3500	74.8000	
-0.0012	0.1369	0.0002	55.3250	74.8250	
-0.0012	0.1368	0.0002	55.3250	74.8000	
-0.0012	0.1368	0.0002	55.4000	74.9500	
-0.0012	0.1368	0.0002	55.2000	74.8000	
-0.0012	0.1368	0.0002	55.9000	74.9250	
-0.0012	0.1368	0.0002	55.3000	74.9500	
-0.0012	0.1368	0.0002	55.4250	74.7750	
-0.0012	0.1368	0.0002	55.5750	74.8500	
-0.0012	0.1368	0.0002	55.3750	74.9500	
-0.0012	0.1368	0.0002	55.4000	74.8500	
-0.0012	0.1368	0.0002	55.1250	75.0000	
-0.0012	0.1368	0.0002	55.6250	75.0000	
-0.0012	0.1368	0.0002	55.8000	74.8250	
-0.0012	0.1369	0.0002	54.9000	74.9500	
-0.0012	0.1368	0.0002	55.3000	74.8500	
-0.0012	0.1368	0.0002	56.2750	74.8750	
-0.0012	0.1368	0.0002	55.0750	74.9500	
-0.0012	0.1368	0.0002	54.9250	74.9500	
-0.0012	0.1368	0.0002	55.5500	74.8500	
-0.0012	0.1368	0.0002	55.2000	74.8000	
-0.0012	0.1368	0.0002	55.5000	74.9250	
-0.0012	0.1368	0.0002	55.1750	74.8750	
-0.0012	0.1368	0.0002	55.9750	74.8000	
-0.0012	0.1368	0.0002	55.3000	74.8750	
-0.0012	0.1367	0.0002	55.2500	74.9750	
-0.0012	0.1367	0.0002	55.7250	75.0000	
-0.0012	0.1367	0.0002	55.4250	74.9000	
-0.0012	0.1367	0.0002	55.2500	74.8750	
-0.0012	0.1368	0.0002	55.7250	74.9250	
-0.0012	0.1368	0.0002	55.4250	74.9000	
-0.0012	0.1367	0.0002	55.3750	74.9250	
-0.0012	0.1368	0.0002	55.8500	74.8750	
-0.0012	0.1368	0.0002	55.0250	74.8750	
-0.0012	0.1367	0.0002	55.1000	74.8500	
-0.0012	0.1367	0.0002	55.6500	74.9000	
-0.0012	0.1367	0.0002	55.2500	74.8250	
-0.0012	0.1368	0.0002	55.3750	74.8750	
-0.0012	0.1367	0.0002	55.4500	74.7750	
-0.0012	0.1368	0.0002	55.6250	74.9500	
-0.0012	0.1367	0.0002	55.2500	74.8750	
-0.0012	0.1368	0.0002	55.6250	74.8750	
-0.0012	0.1368	0.0002	55.0500	75.0000	
-0.0012	0.1367	0.0002	55.5250	74.8500	
-0.0012	0.1367	0.0002	55.7000	74.8750	
-0.0012	0.1367	0.0002	55.4000	74.8750	
-0.0012	0.1367	0.0002	55.7000	74.8000	
-0.0012	0.1368	0.0002	55.2000	74.8500	
-0.0012	0.1367	0.0002	55.4000	74.9000	
-0.0012	0.1367	0.0002	55.5500	74.9000	
-0.0012	0.1367	0.0002	55.5000	74.8500	
-0.0012	0.1367	0.0002	55.2500	74.8250	
-0.0012	0.1367	0.0002	55.7000	74.9500	
-0.0012	0.1367	0.0002	55.4500	74.8750	
-0.0012	0.1367	0.0002	55.5750	74.8250	
-0.0012	0.1368	0.0002	54.7250	74.8250	
-0.0012	0.1367	0.0002	55.5750	74.9000	
-0.0012	0.1367	0.0002	55.7500	74.9000	
-0.0012	0.1367	0.0002	54.9000	74.8250	
-0.0012	0.1368	0.0002	55.4500	74.8500	
-0.0012	0.1367	0.0002	55.3500	74.9000	
-0.0012	0.1367	0.0002	55.2000	74.7750	
-0.0012	0.1367	0.0002	55.6000	74.8250	
-0.0012	0.1367	0.0002	55.9250	74.9000	
-0.0012	0.1367	0.0002	55.2250	74.9250	
-0.0012	0.1367	0.0002	55.1750	74.8500	
-0.0012	0.1368	0.0002	56.0000	75.0250	
-0.0012	0.1367	0.0002	55.1250	74.9500	
-0.0012	0.1366	0.0002	55.4750	74.8500	
-0.0012	0.1369	0.0002	54.4750	74.9250	
-0.0012	0.1370	0.0002	56.9500	74.9500	
-0.0012	0.1369	0.0002	55.0500	74.9250	
-0.0012	0.1367	0.0002	55.1750	74.8250	
-0.0012	0.1367	0.0002	55.7750	74.8750	
-0.0012	0.1367	0.0002	55.2750	74.9000	
-0.0012	0.1367	0.0002	55.2000	75.0000	
-0.0012	0.1367	0.0002	55.7250	74.8750	
-0.0012	0.1367	0.0002	55.1250	74.8250	
-0.0012	0.1366	0.0002	55.2500	74.8750	
-0.0012	0.1366	0.0002	55.8000	74.8250	
-0.0012	0.1366	0.0002	55.6500	74.9000	
-0.0012	0.1367	0.0002	55.4000	74.7750	
-0.0012	0.1367	0.0002	55.7000	74.7750	
-0.0012	0.1367	0.0002	55.3000	74.7750	
-0.0012	0.1366	0.0002	55.6000	74.9750	
-0.0012	0.1367	0.0002	55.7500	74.9500	
-0.0012	0.1367	0.0002	55.1750	74.9250	
-0.0012	0.1366	0.0002	55.5250	74.8750	
-0.0012	0.1367	0.0002	55.8500	74.9750	
-0.0012	0.1367	0.0002	54.8500	74.8500	
-0.0012	0.1367	0.0002	55.5000	74.8500	
-0.0012	0.1366	0.0002	55.8750	74.9000	
-0.0012	0.1367	0.0002	55.2750	74.9250	
-0.0012	0.1366	0.0002	55.4250	74.8500	
-0.0012	0.1366	0.0002	55.2750	74.9000	
-0.0012	0.1367	0.0002	55.9250	74.8750	
-0.0012	0.1367	0.0002	55.6500	74.9250	
-0.0012	0.1367	0.0002	55.1750	74.8500	
-0.0012	0.1367	0.0002	55.0750	74.9000	
-0.0012	0.1366	0.0002	55.6250	74.9250	
-0.0012	0.1366	0.0002	55.6750	74.9250	
-0.0012	0.1366	0.0002	55.4000	74.9500	
-0.0012	0.1366	0.0002	55.4250	74.9000	
-0.0012	0.1366	0.0002	55.1250	74.9000	
-0.0012	0.1366	0.0002	55.4250	74.9000	
-0.0012	0.1367	0.0002	55.6750	74.8500	
-0.0012	0.1367	0.0002	54.7500	74.8500	
-0.0012	0.1367	0.0002	55.6250	74.9250	
-0.0012	0.1366	0.0002	55.3250	74.8750	
-0.0012	0.1367	0.0002	55.0500	74.9000	
-0.0012	0.1366	0.0002	56.0500	74.9250	
-0.0012	0.1367	0.0002	54.9000	74.8000	
-0.0012	0.1366	0.0002	55.2250	74.9000	
-0.0012	0.1366	0.0002	55.4250	74.9500	
-0.0012	0.1366	0.0002	55.4250	74.8750	
-0.0012	0.1366	0.0002	55.5000	74.9500	
-0.0012	0.1368	0.0002	55.2000	74.9750	
-0.0012	0.1368	0.0002	55.9750	74.9250	
-0.0012	0.1365	0.0002	55.4000	74.9000	
-0.0012	0.1368	0.0002	54.4000	74.9500	
-0.0012	0.1366	0.0002	55.7250	74.9000	
-0.0012	0.1366	0.0002	55.8250	74.9000	
-0.0012	0.1366	0.0002	55.2000	74.9250	
-0.0012	0.1368	0.0002	55.9250	75.0500	
-0.0012	0.1366	0.0002	55.2000	74.9000	
-0.0012	0.1366	0.0002	55.5250	74.9500	
-0.0012	0.1366	0.0002	55.5250	75.0250	
-0.0012	0.1366	0.0002	55.1250	74.8500	
-0.0012	0.1366	0.0002	55.6750	74.9750	
-0.0012	0.1367	0.0002	55.3750	74.9750	
-0.0012	0.1367	0.0002	55.0500	74.8250	
-0.0012	0.1367	0.0002	55.1750	74.8750	
-0.0012	0.1367	0.0002	55.1500	74.8500	
-0.0012	0.1367	0.0002	55.7750	74.9500	
-0.0012	0.1367	0.0002	55.5750	74.9000	
-0.0012	0.1367	0.0002	55.7000	74.9750	
-0.0012	0.1367	0.0002	55.2500	74.9750	
-0.0012	0.1368	0.0002	55.8500	74.9250	
-0.0012	0.1369	0.0002	54.9750	75.0250	
-0.0012	0.1368	0.0002	55.7500	74.9000	
-0.0012	0.1367	0.0002	56.1500	75.0250	
-0.0012	0.1368	0.0002	54.9250	75.0500	
-0.0012	0.1367	0.0001	55.4000	75.0000	
-0.0012	0.1368	0.0001	56.6750	75.0250	
-0.0012	0.1368	0.0002	54.9250	75.0250	
-0.0012	0.1370	0.0002	56.2250	75.0000	
-0.0012	0.1367	0.0002	55.7000	75.0000	
-0.0012	0.1367	0.0002	55.3750	75.0000	
-0.0012	0.1368	0.0002	55.4750	74.9500	
-0.0012	0.1367	0.0002	55.8750	74.8500	
-0.0012	0.1367	0.0002	55.7000	74.9250	
-0.0012	0.1367	0.0002	55.8000	74.9750	
-0.0012	0.1368	0.0002	55.5000	75.0250	
-0.0012	0.1370	0.0002	55.3250	74.9750	
-0.0012	0.1369	0.0001	55.9250	74.9500	
-0.0012	0.1368	0.0001	55.6750	74.9750	
-0.0012	0.1368	0.0001	55.0750	75.0000	
-0.0012	0.1367	0.0001	55.4750	75.0750	
-0.0012	0.1367	0.0001	55.5250	75.0500	
-0.0012	0.1367	0.0001	55.7750	74.9750	
-0.0012	0.1367	0.0001	55.5750	74.9500	
-0.0012	0.1367	0.0002	56.0000	74.9500	
-0.0012	0.1367	0.0002	55.3250	75.0500	
-0.0012	0.1367	0.0001	55.4250	75.0750	
-0.0012	0.1367	0.0001	55.6500	75.0250	
-0.0012	0.1367	0.0001	55.2750	75.0750	
-0.0012	0.1367	0.0001	55.8000	75.0250	
-0.0012	0.1367	0.0001	55.9250	75.0000	
-0.0012	0.1367	0.0001	55.8500	75.0500	
-0.0012	0.1367	0.0001	55.4500	74.9500	
-0.0012	0.1367	0.0001	55.7500	74.9750	
-0.0012	0.1367	0.0001	55.6750	75.0250	
-0.0012	0.1368	0.0001	56.2750	74.9750	
-0.0012	0.1366	0.0001	55.7000	74.9500	
-0.0012	0.1367	0.0001	55.3750	74.9250	
-0.0012	0.1368	0.0001	55.6500	74.9500	
-0.0012	0.1367	0.0001	56.3750	75.0750	
-0.0012	0.1367	0.0001	55.5750	74.9750	
-0.0012	0.1367	0.0001	55.0250	74.9250	
-0.0012	0.1367	0.0001	55.6250	74.9500	
-0.0012	0.1367	0.0001	56.0000	74.9500	
-0.0012	0.1367	0.0001	56.0250	74.9250	
-0.0012	0.1367	0.0001	55.2250	74.9250	
-0.0012	0.1367	0.0001	55.5000	75.0000	
-0.0012	0.1367	0.0001	55.4500	74.9500	
-0.0012	0.1367	0.0001	55.9000	74.8750	
-0.0012	0.1367	0.0001	55.7750	74.8750	
-0.0012	0.1367	0.0001	55.4500	74.9250	
-0.0012	0.1368	0.0001	55.4250	74.9750	
-0.0012	0.1368	0.0001	56.3250	74.9500	
-0.0012	0.1370	0.0001	54.8000	75.0250	
-0.0012	0.1367	0.0001	55.5000	74.9500	
-0.0012	0.1367	0.0001	55.8250	74.9000	
-0.0012	0.1367	0.0001	55.8750	75.0000	
-0.0012	0.1367	0.0001	55.7750	75.0250	
-0.0012	0.1367	0.0001	55.6000	74.9250	
-0.0012	0.1367	0.0001	55.3500	74.8750	
-0.0012	0.1367	0.0001	55.7750	75.0250	
-0.0012	0.1366	0.0001	55.1500	74.8500	
-0.0012	0.1367	0.0001	55.5000	74.8500	
-0.0012	0.1366	0.0001	55.6250	74.8750	
-0.0012	0.1366	0.0001	55.2000	74.9250	
-0.0012	0.1367	0.0001	55.9000	74.9750	
-0.0012	0.1367	0.0001	55.8250	74.9250	
-0.0012	0.1367	0.0001	55.8500	74.9250	
-0.0012	0.1367	0.0001	55.1250	74.9500	
-0.0012	0.1367	0.0001	55.1000	74.9000	
-0.0012	0.1366	0.0001	55.7000	74.9750	
-0.0012	0.1367	0.0001	55.4250	74.9250	
-0.0012	0.1366	0.0001	55.6750	74.9000	
-0.0012	0.1366	0.0001	55.8500	74.8500	
-0.0012	0.1366	0.0001	55.4500	74.8750	
-0.0012	0.1366	0.0001	55.3000	74.9750	
-0.0012	0.1366	0.0001	55.4000	74.9250	
-0.0012	0.1367	0.0001	55.0250	74.9000	
-0.0012	0.1368	0.0001	56.2250	74.9250	
-0.0012	0.1366	0.0001	55.4500	74.9000	
-0.0012	0.1367	0.0001	55.1250	74.9500	
-0.0012	0.1366	0.0001	55.4750	74.9500	
-0.0012	0.1366	0.0001	55.8000	74.9000	
-0.0012	0.1366	0.0001	55.5500	74.9250	
-0.0012	0.1366	0.0001	55.5750	74.9500	
-0.0012	0.1366	0.0001	55.4250	74.9500	
-0.0012	0.1366	0.0001	55.6250	74.9750	
-0.0012	0.1366	0.0001	55.3250	75.0250	
-0.0012	0.1366	0.0001	55.6000	74.8250	
-0.0012	0.1366	0.0001	55.0750	74.9500	
-0.0012	0.1366	0.0001	55.5500	74.9750	
-0.0012	0.1367	0.0001	55.3250	74.9250	
-0.0012	0.1366	0.0001	55.5250	74.9500	
-0.0012	0.1367	0.0001	55.7000	74.9000	
-0.0012	0.1366	0.0001	55.0500	74.9250	
-0.0012	0.1366	0.0001	55.6250	74.7750	
-0.0012	0.1366	0.0001	55.6500	74.9250	
-0.0012	0.1366	0.0001	55.4000	74.9250	
-0.0012	0.1366	0.0001	55.1000	74.9000	
-0.0012	0.1366	0.0001	55.4250	74.9250	
-0.0012	0.1366	0.0001	55.4000	74.9000	
-0.0012	0.1366	0.0001	55.7250	74.9500	
-0.0012	0.1366	0.0001	55.5250	74.9250	
-0.0012	0.1366	0.0001	55.5250	74.9500	
-0.0012	0.1366	0.0001	55.2500	74.8500	
-0.0012	0.1365	0.0001	55.4250	74.9000	
-0.0012	0.1367	0.0001	55.1000	74.8750	
-0.0012	0.1365	0.0001	54.9750	75.0000	
-0.0012	0.1365	0.0001	55.5500	74.8750	
-0.0012	0.1366	0.0001	55.1250	74.9250	
-0.0012	0.1365	0.0001	55.1750	74.9000	
-0.0012	0.1366	0.0001	55.7250	74.9250	
-0.0012	0.1365	0.0001	55.3000	74.9500	
-0.0012	0.1366	0.0001	54.9000	74.8500	
-0.0012	0.1365	0.0001	55.6500	74.9750	
-0.0012	0.1366	0.0001	55.1500	74.7750	
-0.0012	0.1366	0.0001	55.5000	74.8750	
-0.0012	0.1366	0.0001	55.3250	74.8750	
-0.0012	0.1365	0.0001	55.1000	74.9500	
-0.0012	0.1365	0.0001	55.5750	75.0250	
-0.0012	0.1365	0.0001	55.5750	74.8750	
-0.0012	0.1365	0.0001	55.2750	74.8750	
-0.0012	0.1366	0.0001	54.9250	74.9750	
-0.0012	0.1365	0.0001	55.2250	74.8500	
-0.0012	0.1365	0.0001	55.3250	74.9500	
-0.0012	0.1367	0.0001	54.8250	74.9000	
-0.0012	0.1365	0.0001	55.1500	74.9500	
-0.0012	0.1366	0.0001	55.8500	74.9000	
-0.0012	0.1366	0.0001	55.1750	74.8500	
-0.0012	0.1365	0.0001	55.0750	74.8750	
-0.0012	0.1368	0.0001	56.2250	74.9500	
-0.0012	0.1366	0.0001	54.6250	74.8000	
-0.0012	0.1367	0.0001	55.5250	75.0000	
-0.0012	0.1365	0.0001	55.2750	74.9000	
-0.0012	0.1365	0.0001	55.1000	74.9250	
-0.0012	0.1365	0.0001	55.5250	74.9250	
-0.0012	0.1365	0.0001	55.2000	74.9250	
-0.0012	0.1365	0.0001	55.2250	74.9000	
-0.0012	0.1365	0.0001	55.2250	74.9250	
-0.0012	0.1365	0.0001	55.4000	74.9000	
-0.0012	0.1365	0.0001	54.8250	74.9500	
-0.0012	0.1367	0.0001	55.9750	74.9500	
-0.0012	0.1365	0.0001	55.0750	74.8750	
-0.0012	0.1365	0.0001	55.2000	74.8500	
-0.0012	0.1366	0.0001	55.3500	74.9250	
-0.0012	0.1365	0.0001	55.4250	74.8750	
-0.0012	0.1365	0.0001	55.0500	74.9000	
-0.0012	0.1366	0.0001	54.8250	74.8750	
-0.0012	0.1365	0.0001	55.0000	74.9000	
-0.0012	0.1365	0.0001	55.7500	74.8750	
-0.0012	0.1365	0.0001	55.7750	74.9750	
-0.0012	0.1365	0.0001	55.1000	74.9000	
-0.0012	0.1365	0.0001	54.7750	74.9250	
-0.0012	0.1365	0.0001	55.5500	74.8750	
-0.0012	0.1365	0.0001	55.5750	74.9250	
-0.0012	0.1365	0.0001	55.5750	74.9250	
-0.0012	0.1364	0.0001	55.2250	74.9500	
-0.0012	0.1365	0.0001	55.3750	74.9000	
-0.0012	0.1364	0.0001	55.2500	74.8000	
-0.0012	0.1365	0.0001	54.9250	74.9250	
-0.0012	0.1365	0.0001	55.8000	74.8250	
-0.0012	0.1365	0.0001	55.1500	74.8250	
-0.0012	0.1365	0.0001	54.9250	74.9000	
-0.0012	0.1365	0.0001	55.4250	74.9250	
-0.0012	0.1365	0.0001	55.1250	74.9000	
-0.0012	0.1365	0.0001	55.3000	74.9500	
-0.0012	0.1365	0.0001	55.2250	74.8500	
-0.0012	0.1365	0.0001	55.4250	74.9250	
-0.0012	0.1365	0.0001	54.8000	74.9250	
-0.0012	0.1365	0.0001	54.8250	74.9500	
-0.0012	0.1364	0.0001	55.4750	74.9500	
-0.0012	0.1365	0.0001	55.3750	74.9000	
-0.0012	0.1365	0.0001	55.3250	74.9250	
-0.0012	0.1365	0.0001	55.6250	74.9000	
-0.0012	0.1364	0.0001	55.2750	74.9750	
-0.0012	0.1365	0.0001	55.1500	74.9500	
-0.0012	0.1365	0.0001	55.3750	74.9000	
-0.0012	0.1365	0.0001	54.9500	74.9000	
-0.0012	0.1364	0.0001	55.5250	74.8250	
-0.0012	0.1365	0.0001	55.4500	74.9750	
-0.0012	0.1365	0.0001	55.1000	74.8500	
-0.0012	0.1366	0.0001	55.3000	74.9000	
-0.0012	0.1365	0.0001	55.1250	74.9000	
-0.0012	0.1366	0.0001	55.3750	74.9750	
-0.0012	0.1365	0.0001	55.3000	74.9750	
-0.0012	0.1365	0.0001	55.4250	74.9000	
-0.0012	0.1365	0.0001	55.0250	74.8750	
-0.0012	0.1365	0.0001	55.7500	74.9500	
-0.0012	0.1365	0.0001	54.8250	74.8500	
-0.0012	0.1364	0.0001	55.6000	74.8750	
-0.0012	0.1365	0.0001	55.0750	74.8750	
-0.0012	0.1365	0.0001	55.3750	74.8250	
-0.0012	0.1364	0.0001	55.5250	74.8750	
-0.0012	0.1365	0.0001	55.3750	74.8500	
-0.0012	0.1364	0.0001	54.9250	74.8250	
-0.0012	0.1365	0.0001	54.7250	74.9500	
-0.0012	0.1367	0.0001	55.9000	74.9000	
-0.0012	0.1364	0.0001	55.3500	74.9500	
-0.0012	0.1365	0.0001	54.6750	74.8750	
-0.0012	0.1364	0.0001	55.5000	74.9000	
-0.0012	0.1365	0.0001	55.9250	74.9500	
-0.0012	0.1365	0.0001	55.3250	74.8500	
-0.0012	0.1365	0.0001	55.5750	74.9000	
-0.0012	0.1364	0.0001	55.6250	74.9750	
-0.0012	0.1364	0.0001	54.9750	74.9250	
-0.0012	0.1364	0.0001	55.2500	74.9250	
-0.0012	0.1364	0.0001	55.3750	74.9500	
-0.0012	0.1364	0.0001	55.2500	74.8750	
-0.0012	0.1364	0.0001	54.9250	74.8750	
-0.0012	0.1364	0.0001	54.8750	74.8750	
-0.0012	0.1365	0.0001	55.6500	74.9000	
-0.0012	0.1365	0.0001	55.1750	74.7750	
-0.0012	0.1364	0.0001	55.2250	74.9500	
-0.0012	0.1364	0.0001	55.5750	74.8250	
-0.0012	0.1364	0.0001	54.9750	74.9250	
-0.0012	0.1364	0.0001	55.2500	75.0000	
0.3770	50.0000	0.4719	50.0000	
0.3564	50.0000	0.4543	50.0000	
0.3370	50.0000	0.4365	50.0000	
0.3179	50.0000	0.4192	50.0000	
0.3007	50.0000	0.4023	50.0000	
0.2848	50.0000	0.3858	50.0000	
0.2715	50.0000	0.3696	50.0000	
0.2605	49.9250	0.3544	50.0000	
0.2521	50.1250	0.3404	56.0250	
0.2462	49.7500	0.3279	86.1750	
0.2423	50.0250	0.3171	98.1500	
0.2389	47.9750	0.3086	97.2750	
0.2363	35.7750	0.3018	91.1750	
0.2339	28.6500	0.2968	83.0250	
0.2314	26.5250	0.2927	76.7250	
0.2288	25.5000	0.2894	73.7750	
0.2261	25.2250	0.2865	72.8750	
0.2233	25.0500	0.2836	73.1500	
0.2205	25.0250	0.2808	73.7500	
0.2176	25.0500	0.2779	74.7500	
0.2148	25.0500	0.2749	75.4500	
0.2118	25.0000	0.2718	75.7750	
0.2085	25.0250	0.2685	76.0750	
0.2049	25.1250	0.2652	75.9500	
0.2009	25.0500	0.2617	75.8750	
0.1967	25.0500	0.2581	75.1250	
0.1926	25.0750	0.2543	74.3750	
0.1885	25.0250	0.2504	73.3500	
0.1844	25.0250	0.2463	72.0500	
0.1805	25.1750	0.2420	71.2500	
0.1768	25.1750	0.2374	69.8750	
0.1734	25.1000	0.2325	68.6500	
0.1703	25.3000	0.2274	67.5000	
0.1674	25.2000	0.2219	66.6000	
0.1647	25.0000	0.2162	65.8250	
0.1622	25.2500	0.2102	65.6000	
0.1598	25.4750	0.2039	64.9750	
0.1577	25.1750	0.1975	64.4750	
0.1556	25.1250	0.1909	64.2750	
0.1537	25.1000	0.1842	64.2000	
0.1519	24.9250	0.1774	64.1250	
0.1503	24.8750	0.1706	64.2250	
0.1489	25.0250	0.1635	64.2250	
0.1476	25.3500	0.1560	63.8000	
0.1467	25.2750	0.1478	62.8500	
0.1457	24.8750	0.1392	62.1250	
0.1451	25.1500	0.1309	61.8750	
0.1444	25.2000	0.1229	61.6500	
0.1438	25.2500	0.1152	61.7000	
0.1435	25.2750	0.1077	61.5750	
0.1432	25.4250	0.1005	61.5250	
0.1430	24.8750	0.0934	61.5500	
0.1428	25.4250	0.0864	61.6750	
0.1426	25.2750	0.0793	61.7500	
0.1425	25.0500	0.0724	61.4250	
0.1424	25.4500	0.0661	61.4250	
0.1422	27.1500	0.0606	61.6500	
0.1421	27.4250	0.0558	62.2000	
0.1420	25.8250	0.0516	62.7750	
0.1419	26.2750	0.0478	63.5250	
0.1418	28.2750	0.0444	64.2500	
0.1418	30.3250	0.0413	65.0750	
0.1417	27.9250	0.0385	66.0750	
0.1416	27.1250	0.0359	66.9750	
0.1415	33.6000	0.0335	67.9000	
0.1415	32.8500	0.0314	68.5750	
0.1414	29.0500	0.0294	69.3750	
0.1413	27.4500	0.0276	70.1000	
0.1412	32.1250	0.0260	70.6250	
0.1411	33.4250	0.0245	71.0500	
0.1411	32.9250	0.0231	71.6000	
0.1410	31.4000	0.0219	72.1000	
0.1409	32.9250	0.0207	72.4500	
0.1409	33.4250	0.0196	72.6000	
0.1408	35.3000	0.0187	72.9750	
0.1408	33.8000	0.0178	73.3250	
0.1407	31.1750	0.0169	73.4750	
0.1406	31.5500	0.0161	73.8250	
0.1404	33.9000	0.0154	74.0000	
0.1403	33.4500	0.0148	74.2250	
0.1401	34.0000	0.0141	74.4500	
0.1398	36.0500	0.0135	74.6750	
0.1397	39.5250	0.0130	74.7000	
0.1397	42.0750	0.0125	74.8500	
0.1395	44.7250	0.0120	74.9500	
0.1394	46.8250	0.0115	75.1000	
0.1392	47.7500	0.0111	75.1500	
0.1392	48.7000	0.0107	75.0250	
0.1391	49.1000	0.0103	75.1000	
0.1390	49.5000	0.0100	75.3250	
0.1390	49.2750	0.0096	75.1750	
0.1389	49.1750	0.0093	75.2250	
0.1389	48.8000	0.0090	75.2500	
0.1388	48.1750	0.0087	75.2500	
0.1387	48.1500	0.0084	75.2500	
0.1387	47.8500	0.0081	75.2750	
0.1386	47.6750	0.0078	75.3250	
0.1386	47.4500	0.0076	75.2750	
0.1385	47.3000	0.0074	75.2250	
0.1385	47.1250	0.0071	75.3750	
0.1384	46.7500	0.0069	75.3500	
0.1384	47.8000	0.0067	75.3250	
0.1383	47.7750	0.0065	75.3250	
0.1382	47.5250	0.0063	75.2500	
0.1382	48.5250	0.0061	75.2250	
0.1381	48.1500	0.0059	75.2500	
0.1381	47.7250	0.0058	75.2250	
0.1382	49.4500	0.0056	75.2000	
0.1380	48.2750	0.0055	75.2000	
0.1380	47.7250	0.0053	75.2000	
0.1379	47.6500	0.0052	75.2000	
0.1379	47.4500	0.0050	75.2000	
0.1378	49.0000	0.0049	75.2000	
0.1378	48.2750	0.0048	75.2250	
0.1377	47.9250	0.0046	75.2250	
0.1376	47.7250	0.0045	75.1500	
0.1376	47.2000	0.0044	75.1750	
0.1375	47.1250	0.0043	75.2000	
0.1375	46.5500	0.0042	75.2250	
0.1375	47.6250	0.0041	75.1500	
0.1374	47.7000	0.0040	75.2000	
0.1373	47.5750	0.0039	75.1500	
0.1373	48.3750	0.0038	75.1500	
0.1373	48.6750	0.0037	75.1250	
0.1372	49.0000	0.0036	75.1500	
0.1371	48.7750	0.0035	75.1000	
0.1370	48.8750	0.0034	75.0500	
0.1370	48.6000	0.0033	75.1000	
0.1369	48.4250	0.0032	75.1000	
0.1369	47.9750	0.0031	75.1000	
0.1368	48.6500	0.0030	75.1000	
0.1368	48.8250	0.0029	75.0750	
0.1367	48.9500	0.0028	75.2000	
0.1367	48.8250	0.0028	75.1750	
0.1366	48.3500	0.0027	75.2000	
0.1366	48.5000	0.0026	75.1750	
0.1365	49.7750	0.0026	75.2000	
0.1365	49.0000	0.0025	75.1500	
0.1364	47.8750	0.0024	75.1750	
0.1363	47.6500	0.0024	75.1500	
0.1363	48.2750	0.0023	75.1750	
0.1362	48.2500	0.0023	75.1500	
0.1362	47.9250	0.0022	75.2000	
0.1361	48.2000	0.0022	75.2000	
0.1361	48.5500	0.0021	75.1750	
0.1360	48.3750	0.0021	75.0500	
0.1360	48.3500	0.0020	75.1500	
0.1359	49.1500	0.0020	75.1750	
0.1358	48.1000	0.0019	75.0000	
0.1356	47.8250	0.0019	75.1500	
0.1356	48.2750	0.0018	75.1000	
0.1354	48.8750	0.0017	75.1000	
0.1353	47.6750	0.0014	75.1500	
0.1353	47.1000	0.0010	75.1750	
0.1351	47.6000	0.0007	75.1250	
0.1351	48.1000	0.0005	75.0750	
0.1349	47.5750	0.0004	74.8750	
0.1349	46.2250	0.0003	75.0000	
0.1348	46.4500	0.0003	74.9000	
0.1347	47.4750	0.0003	74.7750	
0.1348	48.1000	0.0003	74.8500	
0.1347	48.9250	0.0003	74.8250	
0.1345	47.8000	0.0002	74.8500	
0.1344	46.7500	0.0002	74.8250	
0.1344	48.0750	0.0002	74.8250	
0.1343	49.0000	0.0002	74.9250	
0.1343	47.7750	0.0002	74.8750	
0.1342	47.6500	0.0002	74.8250	
0.1342	48.1250	0.0002	74.8500	
0.1342	48.3250	0.0002	74.7500	
0.1340	46.9000	0.0002	74.8250	
0.1340	47.6750	0.0002	74.8500	
0.1339	47.5250	0.0002	74.8250	
0.1340	46.9250	0.0002	74.8000	
0.1338	47.1250	0.0002	74.8500	
0.1338	47.1250	0.0002	74.7750	
0.1337	48.5000	0.0002	74.9000	
0.1337	47.1750	0.0002	74.8250	
0.1337	46.4250	0.0002	74.8250	
0.1338	48.1250	0.0002	74.8500	
0.1336	47.2500	0.0002	74.8500	
0.1335	47.0000	0.0002	74.7750	
0.1334	48.3750	0.0002	74.9500	
0.1335	47.4000	0.0002	74.8250	
0.1334	47.6250	0.0002	74.8500	
0.1334	47.3500	0.0002	74.8000	
0.1333	47.9500	0.0002	74.8750	
0.1332	47.4000	0.0002	74.8750	
0.1332	47.0500	0.0002	74.9750	
0.1332	47.2500	0.0002	74.9250	
0.1331	46.3500	0.0002	74.8250	
0.1331	46.9500	0.0002	74.8250	
0.1331	47.7000	0.0002	74.8250	
0.1331	45.8250	0.0002	74.8000	
0.1330	46.4250	0.0002	74.8250	
0.1329	46.6500	0.0002	74.8250	
0.1328	45.4250	0.0002	74.8250	
0.1328	46.9250	0.0002	74.8500	
0.1328	47.9250	0.0002	74.8250	
0.1327	46.4500	0.0002	74.8250	
0.1327	44.6750	0.0002	74.8500	
0.1326	46.4000	0.0002	74.8500	
0.1326	46.7500	0.0002	74.8750	
0.1326	47.3500	0.0002	74.8500	
0.1325	47.3500	0.0002	74.8250	
0.1324	46.3000	0.0002	74.8000	
0.1324	46.9500	0.0002	74.8250	
0.1326	47.4500	0.0002	74.8250	
0.1324	44.4000	0.0002	74.8500	
0.1324	46.3500	0.0002	74.9250	
0.1324	46.8250	0.0002	74.8500	
0.1323	47.0250	0.0002	74.9000	
0.1322	46.4750	0.0002	74.9000	
0.1322	46.7500	0.0002	74.8750	
0.1321	47.7750	0.0002	74.8750	
0.1321	47.0250	0.0002	74.8750	
0.1322	47.1500	0.0002	74.8500	
0.1322	45.7500	0.0002	74.8750	
0.1320	47.3000	0.0002	74.8750	
0.1320	48.0500	0.0002	74.8500	
0.1319	46.2000	0.0002	74.8000	
0.1319	46.3250	0.0002	74.8750	
0.1319	47.1750	0.0002	74.9750	
0.1319	46.2000	0.0002	74.8500	
0.1318	47.2250	0.0002	74.8750	
0.1318	48.1750	0.0002	74.8250	
0.1318	47.6000	0.0002	74.8500	
0.1318	47.2500	0.0002	74.8750	
0.1317	46.8250	0.0002	74.8250	
0.1316	47.2000	0.0002	74.9250	
0.1316	47.1500	0.0002	74.9000	
0.1318	46.6750	0.0002	74.9000	
0.1317	47.9750	0.0002	74.8500	
0.1315	46.2250	0.0002	74.8750	
0.1315	45.6250	0.0002	74.8250	
0.1315	48.5250	0.0001	74.8500	
0.1315	48.6750	0.0001	74.9000	
0.1316	46.6500	0.0001	74.8500	
0.1315	47.7500	0.0001	74.8250	
0.1314	48.4500	0.0001	74.8250	
0.1315	47.7500	0.0001	74.8500	
0.1314	45.9750	0.0001	74.8250	
0.1316	47.7000	0.0001	74.8000	
0.1313	46.6750	0.0001	74.8500	
0.1313	47.8750	0.0001	74.8500	
0.1312	49.7000	0.0001	74.8750	
0.1312	47.4750	0.0001	74.8250	
0.1311	46.2250	0.0001	74.8250	
0.1312	46.8250	0.0001	74.8250	
0.1312	47.3750	0.0001	74.8250	
0.1311	48.0000	0.0001	74.8750	
0.1310	48.0750	0.0001	74.8750	
0.1312	46.6000	0.0001	74.9000	
0.1311	49.1500	0.0001	74.8000	
0.1310	46.8750	0.0001	74.8750	
0.1310	47.8000	0.0001	74.8250	
0.1310	48.1750	0.0001	74.8250	
0.1310	47.4500	0.0001	74.8500	
0.1309	48.8000	0.0001	74.8250	
0.1309	47.4250	0.0001	74.8500	
0.1309	45.9750	0.0001	74.8250	
0.1309	46.8000	0.0001	74.9000	
0.1309	47.0250	0.0001	74.8250	
0.1308	48.5500	0.0001	74.8250	
0.1308	47.8750	0.0001	74.8250	
0.1308	46.9000	0.0001	74.8000	
0.1307	47.5250	0.0001	74.8750	
0.1307	47.1500	0.0001	74.8750	
0.1307	47.5000	0.0001	74.8250	
0.1307	45.9500	0.0001	74.8500	
0.1306	46.6750	0.0001	74.8750	
0.1309	48.6750	0.0001	74.8500	
0.1307	46.7750	0.0001	74.8750	
0.1306	48.7000	0.0001	74.8500	
0.1306	48.6500	0.0001	74.8500	
0.1306	46.0250	0.0001	74.8500	
0.1305	45.0250	0.0001	74.8750	
0.1305	45.3500	0.0001	74.8250	
0.1305	46.7250	0.0001	74.8250	
0.1305	47.1000	0.0001	74.8750	
0.1305	46.6500	0.0001	74.8500	
0.1304	46.0000	0.0001	74.8500	
0.1304	46.0000	0.0001	74.8500	
0.1304	48.1000	0.0001	74.8250	
0.1304	46.1250	0.0001	74.8500	
0.1304	47.1000	0.0001	74.8750	
0.1304	46.6500	0.0001	74.8750	
0.1303	47.0000	0.0001	74.8500	
0.1304	47.6250	0.0001	74.8250	
0.1304	49.1750	0.0001	74.8750	
0.1303	48.7500	0.0001	74.8500	
0.1303	46.3500	0.0001	74.8250	
0.1303	46.1500	0.0001	74.9000	
0.1303	45.3750	0.0001	74.8250	
0.1302	48.0500	0.0001	74.8750	
0.1302	44.7000	0.0001	74.8500	
0.1302	45.4250	0.0001	74.8750	
0.1301	48.6500	0.0001	74.8750	
0.1302	43.0250	0.0001	74.8500	
0.1302	43.6750	0.0001	74.8750	
0.1302	46.2250	0.0001	74.8750	
0.1302	51.7500	0.0001	74.8000	
0.1301	46.8500	0.0001	74.9000	
0.1301	44.4750	0.0001	74.8500	
0.1301	46.8000	0.0001	74.8500	
0.1303	42.1750	0.0001	74.8250	
0.1300	48.6250	0.0001	74.8500	
0.1302	50.9500	0.0001	74.8750	
0.1300	45.2000	0.0001	74.7500	
0.1300	42.6750	0.0001	75.0250	
0.1300	40.4500	0.0001	74.8500	
0.1299	51.6250	0.0001	74.8500	
0.1299	49.5250	0.0001	74.8250	
0.1299	43.2250	0.0001	74.8500	
0.1299	45.3500	0.0001	74.8750	
0.1299	47.2250	0.0001	74.9000	
0.1299	37.7500	0.0001	74.9000	
0.1298	45.7250	0.0001	74.8750	
0.1298	49.0000	0.0001	74.8250	
0.1299	43.1750	0.0001	74.9000	
0.1299	53.7000	0.0001	74.8500	
0.1298	44.0500	0.0001	74.8750	
0.1297	37.7250	0.0001	74.8500	
0.1297	46.9750	0.0001	74.8500	
0.1299	51.6250	0.0001	74.8500	
0.1298	36.7750	0.0001	74.9750	
0.1297	44.3250	0.0001	74.9000	
0.1297	52.3000	0.0001	74.8500	
0.1297	38.4000	0.0001	74.8750	
0.1297	46.8000	0.0001	74.8250	
0.1296	48.2250	0.0001	74.8500	
0.1296	39.4750	0.0001	74.9000	
0.1297	51.6250	0.0001	74.9000	
0.1297	44.9500	0.0001	74.8250	
0.1296	37.0750	0.0001	74.8250	
0.1296	46.2250	0.0001	74.8750	
0.1296	48.9250	0.0001	74.9000	
0.1296	51.9750	0.0001	74.8500	
0.1295	35.2250	0.0001	74.8750	
0.1296	37.9750	0.0001	74.8250	
0.1295	54.4250	0.0001	74.8250	
0.1296	52.2250	0.0001	74.8250	
0.1298	38.2500	0.0001	74.8250	
0.1298	50.7750	0.0001	74.8500	
0.1295	42.0500	0.0001	74.8750	
0.1296	43.7750	0.0001	74.8250	
0.1295	55.3000	0.0001	74.8250	
0.1294	40.5000	0.0001	74.9000	
0.1294	34.1750	0.0001	74.8750	
0.1295	38.6250	0.0001	74.8750	
0.1296	54.9250	0.0001	74.7750	
0.1294	39.3500	0.0001	74.8750	
0.1294	37.0750	0.0001	74.8500	
0.1294	50.9500	0.0001	74.8250	
0.1293	41.5000	0.0001	74.8500	
0.1294	37.7750	0.0001	74.9000	
0.1295	54.9000	0.0001	74.9250	
0.1294	38.3250	0.0001	74.8250	
0.1294	39.8250	0.0001	74.8500	
0.1295	52.6250	0.0001	74.8250	
0.1293	54.0750	0.0001	74.8250	
0.1293	38.5250	0.0001	74.8000	
0.1294	46.9250	0.0001	74.8500	
0.1293	43.8250	0.0001	74.8500	
0.1293	42.4500	0.0001	74.8250	
0.1293	55.0500	0.0001	74.8500	
0.1292	35.4500	0.0001	74.8750	
0.1293	41.0500	0.0001	74.8000	
0.1292	54.0000	0.0001	74.9250	
0.1292	54.1750	0.0001	74.8500	
0.1292	54.2250	0.0001	74.8500	
0.1292	39.4500	0.0001	74.8250	
0.1293	36.1750	0.0001	74.8500	
0.1293	54.3500	0.0001	74.8500	
0.1291	38.2250	0.0001	74.8500	
0.1292	40.7000	0.0001	74.8500	
0.1292	54.7750	0.0001	74.8250	
0.1291	36.2750	0.0001	74.9500	
0.1292	40.6250	0.0001	74.9000	
0.1294	54.7500	0.0001	74.8500	
0.1293	39.2500	0.0001	74.8250	
0.1292	44.9500	0.0001	74.8750	
0.1291	50.2750	0.0001	74.8500	
0.1291	34.2250	0.0001	74.8750	
0.1292	51.9500	0.0001	74.8500	
0.1290	38.2750	0.0001	74.8250	
0.1291	36.2000	0.0001	74.8000	
0.1290	51.7750	0.0001	74.8250	
0.1290	45.1000	0.0001	74.8750	
0.1290	35.6500	0.0001	74.8250	
0.1290	53.3250	0.0001	74.8750	
0.1290	46.8250	0.0001	74.8750	
0.1290	33.0750	0.0001	74.9000	
0.1290	33.7250	0.0001	74.9000	
0.1290	47.9000	0.0001	74.8500	
0.1289	41.8000	0.0001	74.8500	
0.1289	34.5000	0.0001	74.8500	
0.1289	48.7000	0.0001	74.8500	
0.1289	51.0750	0.0001	74.9500	
0.1290	36.1750	0.0001	74.9250	
0.1289	38.6250	0.0001	74.8250	
0.1290	52.1000	0.0001	74.8500	
0.1289	33.4000	0.0001	74.8750	
0.1289	34.1750	0.0001	74.8250	
0.1289	50.4500	0.0001	74.9250	
0.1288	44.7250	0.0001	74.8500	
0.1289	34.8500	0.0001	74.8750	
0.1289	45.6250	0.0001	74.8750	
0.1288	40.1000	0.0001	74.8250	
0.1289	44.6500	0.0001	74.8500	
0.1289	36.9000	0.0001	74.8250	
0.1288	47.5250	0.0001	74.8500	
0.1288	51.8750	0.0001	74.8250	
0.1289	35.2000	0.0001	74.8250	
0.1288	40.2250	0.0001	74.8250	
0.1288	40.1500	0.0001	74.8500	
0.1288	48.9000	0.0001	74.8500	
0.1288	38.5750	0.0001	74.8500	
0.1288	41.5250	0.0001	74.8000	
0.1288	37.2500	0.0001	74.8250	
0.1287	47.7250	0.0001	74.8250	
0.1288	45.7750	0.0001	74.8250	
0.1287	37.4750	0.0001	74.8500	
0.1288	46.8000	0.0001	74.8250	
0.1288	51.3000	0.0001	74.8250	
0.1290	38.5750	0.0001	74.8250	
0.1289	44.1500	0.0001	74.7750	
0.1288	43.4750	0.0001	74.8500	
0.1287	42.0250	0.0001	74.8750	
0.1290	53.2250	0.0001	74.8250	
0.1287	42.0500	0.0001	74.8500	
0.1288	42.1250	0.0001	74.8750	
0.1287	52.9000	0.0001	74.8000	
0.1286	43.6750	0.0001	74.8500	
0.1288	44.3500	0.0001	74.8250	
0.1288	39.9500	0.0001	74.8750	
0.1287	48.2000	0.0001	74.8500	
0.1287	47.9750	0.0001	74.8750	
0.1286	41.8000	0.0001	74.9000	
0.1287	49.3500	0.0001	74.8250	
0.1286	41.1250	0.0001	74.8250	
0.1286	43.1750	0.0001	74.9250	
0.1286	45.9500	0.0001	74.9000	
0.1286	48.9250	0.0001	74.8500	
0.1286	42.1750	0.0001	74.8500	
0.1286	48.5750	0.0001	74.8250	
0.1286	48.4250	0.0001	74.9500	
0.1286	45.1000	0.0001	74.8750	
0.1285	45.6250	0.0001	74.8750	
0.1286	45.7000	0.0001	74.9500	
0.1285	39.5250	0.0001	74.8750	
0.1286	43.7250	0.0001	74.8000	
0.1286	53.0000	0.0001	74.8000	
0.1287	42.0500	0.0001	74.8250	
0.1285	42.7500	0.0001	74.8250	
0.1286	49.6750	0.0001	74.9250	
0.1285	40.2750	0.0001	74.8750	
0.1285	45.3000	0.0001	74.8500	
0.1285	47.7500	0.0001	74.8250	
0.1285	49.1750	0.0001	74.8250	
0.1285	48.7500	0.0001	74.8250	
0.1285	50.1750	0.0001	74.8500	
0.1285	45.9250	0.0001	74.8750	
0.1285	41.3000	0.0001	74.9500	
0.1285	44.3250	0.0001	74.8500	
0.1285	51.3000	0.0001	74.8750	
0.1285	43.6000	0.0001	74.9000	
0.1285	41.9250	0.0001	74.9250	
0.1284	45.0500	0.0001	74.8750	
0.1284	44.3500	0.0001	74.9250	
0.1287	43.6250	0.0001	74.9000	
0.1286	53.0750	0.0001	74.9250	
0.1284	44.6000	0.0001	74.8000	
0.1285	41.0750	0.0001	74.8750	
0.1284	44.8000	0.0001	74.9000	
0.1284	45.0000	0.0001	74.8750	
0.1285	52.6000	0.0001	74.9000	
0.1285	45.8500	0.0001	74.9250	
0.1284	47.3000	0.0001	74.8750	
0.1284	46.8000	0.0001	74.9250	
0.1284	39.9250	0.0001	74.8750	
0.1285	48.3000	0.0001	75.0000	
0.1284	44.8250	0.0001	74.9000	
0.1283	45.7000	0.0001	74.9500	
0.1284	51.3750	0.0001	74.8750	
0.1284	45.4250	0.0001	74.9000	
0.1283	43.4000	0.0001	74.9250	
0.1283	45.5500	0.0001	74.9000	
0.1283	48.3500	0.0001	74.8500	
0.1284	43.6250	0.0001	74.8500	
0.1283	46.1000	0.0001	74.9250	
0.1284	50.0500	0.0001	74.9000	
0.1283	43.0250	0.0001	74.9000	
0.1283	42.1500	0.0001	74.9250	
0.1283	50.4750	0.0001	74.9250	
0.1283	47.5500	0.0001	74.9500	
0.1284	42.5000	0.0001	74.9250	
0.1285	51.2250	0.0001	74.9500	
0.1283	44.6500	0.0001	74.8250	
0.1284	41.7750	0.0001	74.9000	
0.1283	46.2500	0.0001	74.9000	
0.1283	47.8750	0.0001	74.9250	
0.1283	44.5750	0.0001	74.9000	
0.1283	45.2250	0.0001	74.8750	
0.1283	48.0250	0.0001	74.9500	
0.1285	40.1000	0.0001	74.8750	
0.1284	46.7000	0.0001	74.9250	
0.1284	45.1500	0.0001	74.9000	
0.1282	44.5500	0.0001	74.9000	
0.1282	46.7250	0.0001	74.9250	
0.1282	43.3750	0.0001	74.9000	
0.1282	45.1750	0.0001	74.9000	
0.1283	45.8250	0.0001	74.9250	
0.1282	48.1500	0.0001	74.8500	
0.1284	41.7750	0.0001	74.9000	
0.1283	45.8750	0.0001	74.9250	
0.1282	41.9250	0.0001	74.8750	
0.1283	42.9250	0.0001	74.9000	
0.1282	42.6750	0.0001	74.9250	
0.1281	46.2250	0.0001	74.9000	
0.1284	50.4250	0.0001	74.8500	
0.1281	39.9250	0.0001	74.7750	
0.1282	40.9250	0.0001	74.8750	
0.1281	49.3250	0.0001	74.9000	
0.1281	46.1500	0.0001	74.9250	
0.1281	43.2750	0.0001	74.9250	
0.1281	40.0000	0.0001	74.9000	
0.1281	42.6750	0.0001	74.9250	
0.1281	44.8000	0.0001	74.9250	
0.1281	42.2500	0.0001	75.0000	
0.1281	43.4250	0.0001	74.9000	
0.1281	43.6000	0.0001	74.9250	
0.1281	45.9750	0.0001	74.8750	
0.1281	45.7750	0.0001	74.8750	
0.1281	40.6250	0.0001	74.9000	
0.1281	42.5000	0.0001	74.8250	
0.1281	47.1500	0.0001	74.8750	
0.1280	47.0750	0.0001	74.8750	
0.1280	45.9500	0.0001	74.8750	
0.1281	45.4750	0.0001	74.8750	
0.1280	45.9500	0.0001	74.8250	
0.1280	45.7500	0.0001	74.9000	
0.1281	41.2250	0.0001	74.9250	
0.1280	44.8500	0.0001	74.9000	
0.1280	44.3000	0.0001	74.9250	
0.1280	44.0500	0.0001	74.9250	
0.1280	46.2750	0.0001	74.9500	
0.1280	46.5000	0.0001	74.8250	
0.1280	45.5750	0.0001	74.9250	
0.1280	46.0750	0.0001	74.9250	
0.1280	43.6500	0.0001	74.8750	
0.1280	44.5500	0.0001	74.8500	
0.1280	47.8500	0.0001	74.9000	
0.1279	46.6500	0.0001	74.9000	
0.1279	44.6250	0.0001	74.9000	
0.1280	46.0750	0.0001	74.9500	
0.1280	49.4000	0.0001	74.9500	
0.1280	46.5250	0.0001	74.9250	
0.1280	47.0500	0.0001	74.8750	
0.1279	46.3750	0.0001	74.8500	
0.1280	45.6750	0.0001	74.8750	
0.1279	47.8000	0.0001	74.8750	
0.1279	47.0750	0.0001	74.9250	
0.1279	46.7500	0.0001	74.8000	
0.1279	50.3500	0.0001	74.9000	
0.1279	48.2250	0.0001	74.8500	
0.1279	45.2000	0.0001	74.8750	
0.1279	47.9250	0.0001	74.8750	
0.1279	48.3500	0.0001	74.9250	
0.1279	47.8750	0.0001	74.8750	
0.1280	50.0000	0.0001	74.8500	
0.1279	46.9750	0.0001	74.7750	
0.1279	46.6500	0.0001	74.9500	
0.1279	50.1500	0.0001	74.9000	
0.1279	48.9750	0.0001	74.9000	
0.1279	50.0750	0.0001	74.9250	
0.1279	48.6500	0.0001	74.9000	
0.1278	48.7250	0.0001	74.9250	
0.1279	50.9500	0.0001	74.9000	
0.1278	47.7750	0.0001	74.8750	
0.1279	48.3250	0.0001	74.9250	
0.1278	50.9000	0.0001	74.9000	
0.1278	51.0250	0.0001	74.8750	
0.1278	49.4750	0.0001	74.9750	
0.1278	48.4250	0.0001	74.8750	
0.1278	48.1250	0.0001	74.9000	
0.1278	49.9000	0.0001	74.9500	
0.1279	50.6250	0.0001	74.8750	
0.1279	50.0500	0.0001	74.8750	
0.1278	46.9500	0.0001	74.8750	
0.1278	48.5750	0.0001	74.8750	
0.1278	50.8000	0.0001	74.9500	
0.1278	51.4000	0.0001	74.8750	
0.1278	51.1750	0.0001	74.8500	
0.1278	49.2750	0.0001	74.9000	
0.1278	48.0000	0.0001	74.9000	
0.1278	48.0250	0.0001	74.8500	
0.1278	50.5750	0.0001	74.9000	
0.1278	48.8750	0.0001	74.8750	
0.1278	48.9500	0.0001	74.9250	
0.1279	52.3750	0.0001	74.9250	
0.1280	49.6250	0.0001	74.9250	
0.1277	49.7000	0.0001	74.9000	
0.1278	51.4750	0.0001	74.9250	
0.1278	48.0500	0.0001	74.9000	
0.1277	47.8000	0.0001	74.9250	
0.1278	49.1250	0.0001	74.9000	
0.1278	51.0000	0.0001	74.8750	
0.1277	49.3000	0.0001	74.8750	
0.1277	49.6750	0.0001	74.9250	
0.1277	50.5750	0.0001	74.8500	
0.1278	51.0000	0.0001	74.8750	
0.1278	49.0250	0.0001	74.9500	
0.1278	49.4500	0.0001	74.9000	
0.1277	49.2250	0.0001	74.9500	
0.1277	49.4000	0.0001	74.9000	
0.1277	51.2500	0.0001	74.9000	
0.1277	50.9750	0.0001	74.9250	
0.1278	49.0750	0.0001	74.8750	
0.1277	51.0500	0.0001	74.9500	
0.1278	50.8000	0.0001	74.9250	
0.1277	50.5500	0.0001	74.9000	
0.1277	49.7250	0.0001	74.9000	
0.1277	48.4750	0.0001	74.9000	
0.1277	49.2000	0.0001	74.9000	
0.1277	51.1750	0.0001	74.9250	
0.1277	51.1000	0.0001	74.9250	
0.1278	49.8500	0.0001	74.8750	
0.1277	49.7250	0.0001	74.9000	
0.1276	50.9750	0.0001	74.8750	
0.1277	51.4500	0.0001	74.9250	
0.1279	49.0750	0.0001	74.9000	
0.1277	50.7500	0.0001	74.9250	
0.1276	49.8750	0.0001	74.8250	
0.1277	48.5000	0.0001	74.9000	
0.1277	49.6500	0.0001	74.8750	
0.1278	52.1750	0.0001	74.9000	
0.1276	51.2500	0.0001	74.8500	
0.1277	50.1750	0.0001	74.9250	
0.1278	51.7750	0.0001	74.9000	
0.1277	49.2500	0.0001	74.9500	
0.1277	49.3000	0.0001	74.8750	
0.1276	51.0250	0.0001	74.8750	
0.1277	50.2500	0.0001	74.8500	
0.1276	51.4000	0.0001	74.8500	
0.1277	50.6250	0.0001	74.9250	
0.1277	51.0000	0.0001	74.8750	
0.1276	49.6500	0.0001	74.8750	
0.1278	47.2500	0.0001	74.9500	
0.1279	51.4500	0.0001	74.8500	
0.1277	51.2500	0.0001	74.8750	
0.1277	50.2250	0.0001	74.9250	
0.1276	52.3500	0.0001	74.8500	
0.1276	50.4000	0.0001	74.9500	
0.1276	47.9250	0.0001	74.8750	
0.1276	50.9000	0.0001	74.8500	
0.1277	51.6250	0.0001	74.8500	
0.1275	49.3500	0.0001	74.8750	
0.1277	50.4000	0.0001	74.8750	
0.1278	53.0750	0.0001	74.8500	
0.1279	50.6250	0.0001	74.9750	
0.1278	50.9250	0.0001	74.7750	
0.1275	50.1000	0.0001	74.9000	
0.1277	49.0500	0.0001	74.9000	
0.1276	51.4750	0.0001	74.9000	
0.1277	52.5250	0.0001	74.9000	
0.1275	49.7000	0.0001	74.9250	
0.1277	49.2000	0.0001	74.9000	
0.1276	50.7000	0.0001	74.9250	
0.1277	50.5000	0.0001	74.9000	
0.1275	51.7000	0.0001	74.8750	
0.1276	51.8250	0.0001	74.9000	
0.1276	50.7750	0.0001	74.9000	
0.1276	48.5500	0.0001	74.9000	
0.1276	50.2000	0.0001	74.9250	
0.1277	52.7750	0.0001	74.9000	
0.1276	50.6750	0.0001	74.9000	
0.1275	51.0500	0.0001	74.9250	
0.1275	51.4500	0.0001	74.8750	
0.1275	50.3000	0.0001	74.8750	
0.1276	49.3750	0.0001	74.8500	
0.1275	50.9250	0.0001	74.8500	
0.1276	51.4000	0.0001	74.8000	
0.1275	49.4250	0.0001	74.9250	
0.1276	49.9500	0.0001	74.8750	
0.1275	52.2000	0.0001	74.9250	
0.1275	52.6250	0.0001	74.9000	
0.1275	51.8500	0.0001	74.8750	
0.1275	50.3250	0.0001	74.8000	
0.1276	50.2250	0.0001	74.8750	
0.1276	51.7250	0.0001	74.9250	
0.1275	50.7500	0.0001	74.8750	
0.1276	49.8000	0.0001	74.9000	
0.1275	51.4000	0.0001	74.9000	
0.1275	52.3750	0.0001	74.9000	
0.1275	50.9500	0.0001	74.9250	
0.1276	51.0750	0.0001	74.9000	
0.1275	50.9250	0.0001	74.8000	
0.1276	51.5750	0.0001	74.8750	
0.1275	51.2000	0.0001	74.8750	
0.1275	49.4750	0.0001	74.9000	
0.1276	51.3750	0.0001	74.8750	
0.1276	51.9250	0.0001	74.8750	
0.1276	52.6750	0.0001	74.9000	
0.1275	52.0250	0.0001	74.9250	
0.1275	51.4250	0.0001	74.8500	
0.1275	51.6500	0.0001	74.8500	
0.1275	50.9250	0.0001	74.8500	
0.1275	50.6750	0.0001	74.8500	
0.1275	52.0250	0.0001	74.9000	
0.1275	52.1750	0.0001	74.9250	
0.1276	52.0000	0.0001	74.9250	
0.1277	51.8250	0.0001	74.9250	
0.1274	50.1750	0.0001	74.8250	
0.1276	48.9500	0.0001	74.9250	
0.1275	51.9750	0.0001	74.8500	
0.1276	51.8500	0.0001	74.8500	
0.1275	51.2500	0.0001	74.8750	
0.1275	51.0250	0.0001	74.9000	
0.1275	51.8000	0.0001	74.8250	
0.1275	52.1250	0.0001	74.8750	
0.1276	51.6500	0.0001	74.8750	
0.1275	52.0250	0.0001	74.8750	
0.1275	52.1500	0.0001	74.8500	
0.1275	50.8000	0.0001	74.8750	
0.1276	51.8250	0.0001	74.8750	
0.1275	50.7750	0.0001	74.9000	
0.1276	51.2250	0.0001	74.9000	
0.1275	52.0250	0.0001	74.9000	
0.1275	51.6750	0.0001	74.8500	
0.1274	52.5000	0.0001	74.8750	
0.1274	52.3500	0.0001	74.8750	
0.1274	52.4000	0.0001	74.8500	
0.1275	51.9750	0.0001	74.9500	
0.1275	50.4250	0.0001	74.8750	
0.1274	51.6750	0.0001	74.8750	
0.1276	52.7000	0.0001	74.8750	
0.1275	52.1750	0.0001	74.9000	
0.1274	52.3250	0.0001	74.8750	
0.1275	52.6250	0.0001	74.9000	
0.1274	51.7500	0.0001	74.8500	
0.1274	50.7000	0.0001	74.8500	
0.1274	52.4250	0.0001	74.9000	
0.1275	52.9000	0.0001	74.8750	
0.1275	52.1000	0.0001	74.8250	
0.1274	52.1750	0.0001	74.9000	
0.1274	52.5000	0.0001	74.8750	
0.1275	51.9750	0.0001	74.8750	
0.1274	52.0750	0.0001	74.8750	
0.1274	52.3750	0.0001	74.8750	
0.1274	51.9500	0.0001	74.8750	
0.1274	52.6000	0.0001	74.9000	
0.1275	52.8250	0.0001	74.8750	
0.1274	52.0500	0.0001	74.9000	
0.1274	52.3250	0.0001	74.8750	
0.1274	52.6250	0.0001	74.8000	
0.1274	52.8500	0.0001	74.9500	
0.1274	52.8000	0.0001	74.9250	
0.1274	52.2000	0.0001	74.9000	
0.1274	52.0500	0.0001	74.8000	
0.1274	52.9250	0.0001	74.8250	
0.1274	53.3750	0.0001	74.8000	
0.1275	52.7000	0.0001	74.8750	
0.1274	52.4250	0.0001	74.8250	
0.1274	52.9000	0.0001	74.8250	
0.1274	51.9750	0.0001	74.9250	
0.1274	50.9750	0.0001	74.8500	
0.1274	52.7750	0.0001	74.8000	
0.1275	53.2000	0.0001	74.9000	
0.1274	52.2750	0.0001	74.9000	
0.1274	52.9750	0.0001	74.7750	
0.1274	53.3250	0.0001	74.8750	
0.1274	53.0500	0.0001	74.8250	
0.1276	51.8500	0.0001	74.8500	
0.1274	52.6000	0.0001	74.9250	
0.1274	52.9500	0.0001	74.9000	
0.1274	51.6750	0.0001	74.8750	
0.1274	52.2750	0.0001	74.8750	
0.1274	53.3000	0.0001	74.8750	
0.1274	52.8000	0.0001	74.8750	
0.1274	52.5250	0.0001	74.8500	
0.1276	52.7250	0.0001	74.9250	
0.1273	51.6000	0.0001	74.8750	
0.1275	52.2000	0.0001	74.9000	
0.1273	54.0000	0.0001	74.9250	
0.1275	54.3250	0.0001	74.8750	
0.1273	51.6500	0.0001	74.8500	
0.1274	50.6000	0.0001	74.9250	
0.1274	51.9000	0.0001	74.9000	
0.1274	52.5000	0.0001	74.8500	
0.1274	53.7750	0.0001	74.9000	
0.1274	53.6500	0.0001	74.9000	
0.1273	53.1750	0.0001	74.8750	
0.1273	52.9250	0.0001	74.8750	
0.1273	52.9250	0.0001	74.8750	
0.1274	53.3250	0.0001	74.8750	
0.1275	52.8750	0.0001	74.8500	
0.1275	52.0750	0.0001	74.9000	
0.1273	52.3500	0.0001	74.8750	
0.1274	53.0750	0.0001	74.8500	
0.1273	52.8250	0.0001	74.8250	
0.1273	52.9000	0.0001	74.9000	
0.1274	53.5500	0.0001	74.9000	
0.1274	53.6500	0.0001	74.9250	
0.1273	53.4000	0.0001	74.9250	
0.1273	52.7750	0.0001	74.8750	
0.1274	52.6250	0.0001	74.8250	
0.1274	52.5250	0.0001	74.8750	
0.1273	52.1750	0.0001	74.8500	
0.1274	52.3750	0.0001	74.9500	
0.1273	53.0250	0.0001	74.9250	
0.1273	53.3000	0.0001	74.9000	
0.1273	53.1000	0.0001	74.8500	
0.1274	53.0000	0.0001	74.9000	
0.1275	52.9250	0.0001	74.8500	
0.1273	52.9250	0.0001	74.9000	
0.1273	53.6500	0.0001	74.8750	
0.1273	53.4750	0.0001	74.8750	
0.1273	53.3000	0.0001	74.8750	
0.1273	52.5250	0.0001	74.8500	
0.1273	52.1000	0.0001	74.9000	
0.1273	52.6500	0.0001	74.9000	
0.1273	53.0750	0.0001	74.8500	
0.1273	53.1000	0.0001	74.9000	
0.1273	52.6500	0.0001	74.8500	
0.1274	52.7750	0.0001	74.9000	
0.1275	53.5750	0.0001	74.8250	
0.1273	52.5250	0.0001	74.8750	
0.1273	52.8000	0.0001	74.8500	
0.1274	54.1250	0.0001	74.8500	
0.1273	54.5250	0.0001	74.8750	
0.1273	53.4750	0.0001	74.8500	
0.1273	53.5250	0.0001	74.8750	
0.1273	53.4000	0.0001	74.9250	
0.1276	52.7500	0.0001	74.8750	
0.1273	53.7000	0.0001	74.8750	
0.1274	53.7000	0.0001	74.8500	
0.1273	52.5000	0.0001	74.9000	
0.1273	52.6500	0.0001	74.8500	
0.1273	52.6750	0.0001	74.8750	
0.1273	53.6750	0.0001	74.9000	
0.1274	54.2750	0.0001	74.8750	
0.1273	53.8750	0.0001	74.9000	
0.1273	53.3250	0.0001	74.8750	
0.1273	53.8250	0.0001	74.8750	
0.1273	53.7750	0.0001	74.8750	
0.1273	52.3250	0.0001	74.8750	
0.1273	52.2500	0.0001	74.8500	
0.1273	53.1250	0.0001	74.8750	
0.1273	54.5500	0.0001	74.9250	
0.1273	53.6750	0.0001	74.8250	
0.1273	52.6000	0.0001	74.9250	
0.1273	53.1250	0.0001	74.8500	
0.1274	54.4250	0.0001	74.8500	
0.1273	53.2500	0.0001	74.8500	
0.1273	52.3750	0.0001	74.8750	
0.1274	52.7500	0.0001	74.7750	
0.1273	52.6750	0.0001	74.9000	
0.1273	52.9000	0.0001	74.8500	
0.1273	53.8000	0.0001	74.9000	
0.1273	54.6500	0.0001	74.8250	
0.1272	54.7000	0.0001	74.9250	
0.1273	53.8250	0.0001	74.8250	
0.1273	52.6750	0.0001	74.8250	
0.1273	52.4250	0.0001	74.9250	
0.1273	52.5500	0.0001	74.8750	
0.1273	53.0500	0.0001	74.8000	
0.1273	54.2750	0.0001	74.8500	
0.1273	54.4250	0.0001	74.9000	
0.1272	53.9250	0.0001	74.8750	
0.1273	53.0000	0.0001	74.9250	
0.1272	53.1750	0.0001	74.9500	
0.1272	53.2750	0.0001	74.8250	
0.1273	53.5250	0.0001	74.8500	
0.1273	53.2250	0.0001	74.9750	
0.1273	53.9000	0.0001	74.8750	
0.1272	54.7250	0.0001	74.8750	
0.1273	54.2750	0.0001	74.9250	
0.1273	53.3250	0.0001	74.8750	
0.1273	52.7250	0.0001	74.8750	
0.1273	53.0750	0.0001	74.8750	
0.1273	53.8500	0.0001	74.8500	
0.1273	53.2000	0.0001	74.9000	
0.1273	53.9500	0.0001	74.9000	
0.1272	53.2000	0.0001	74.9000	
0.1274	52.9250	0.0001	74.9250	
0.1272	53.7500	0.0001	74.9250	
0.1274	54.5250	0.0001	74.8250	
0.1272	52.9250	0.0001	74.8500	
0.1273	53.1000	0.0001	74.8750	
0.1272	54.9250	0.0001	74.8750	
0.1273	54.8000	0.0001	74.8000	
0.1273	54.3000	0.0001	74.9000	
0.1273	54.2500	0.0001	74.8750	
0.1273	54.7500	0.0001	74.9000	
0.1274	54.1500	0.0001	74.8750	
0.1273	53.6750	0.0001	74.8250	
0.1272	54.5000	0.0001	74.9000	
0.1272	54.3000	0.0001	74.8250	
0.1272	53.6250	0.0001	74.9000	
0.1272	53.0000	0.0001	74.8500	
0.1272	52.7750	0.0001	74.8750	
0.1273	53.1750	0.0001	74.8250	
0.1272	53.3750	0.0001	74.9750	
0.1272	53.6250	0.0001	74.9000	
0.1273	54.2250	0.0001	74.9250	
0.1272	54.1000	0.0001	74.9250	
0.1272	53.9000	0.0001	74.8250	
0.1272	54.5000	0.0001	74.8250	
0.1272	55.1750	0.0001	74.8750	
0.1272	55.2500	0.0001	74.9250	
0.1272	54.8250	0.0001	74.9000	
0.1272	54.5750	0.0001	74.8250	
0.1272	54.3250	0.0001	74.8500	
0.1272	53.9750	0.0001	74.9000	
0.1272	53.8000	0.0001	74.8500	
0.1272	54.7000	0.0001	74.9000	
0.1273	55.4000	0.0001	74.9250	
0.1275	55.4250	0.0001	74.8500	
0.1273	55.4250	0.0001	74.9000	
0.1272	54.4000	0.0001	74.9000	
0.1272	54.2750	0.0001	74.9250	
0.1273	54.4750	0.0001	74.9000	
0.1272	54.8500	0.0001	74.8750	
0.1273	54.8500	0.0001	74.9750	
0.1272	55.2250	0.0001	74.9000	
0.1272	55.0750	0.0001	74.8250	
0.1272	54.5500	0.0001	74.8500	
0.1272	54.4250	0.0001	74.9500	
0.1273	54.6500	0.0001	74.9500	
0.1272	54.8250	0.0001	74.8750	
0.1272	54.2500	0.0001	74.9000	
0.1273	54.1750	0.0001	74.9500	
0.1272	54.5000	0.0001	74.8750	
0.1272	54.3500	0.0001	74.9250	
0.1272	54.3750	0.0001	74.9250	
0.1272	54.3250	0.0001	74.8750	
0.1272	54.7750	0.0001	74.9000	
0.1273	54.4250	0.0001	74.9000	
0.1272	54.5250	0.0001	74.8750	
0.1272	54.7500	0.0001	74.9250	
0.1272	55.0000	0.0001	74.9500	
0.1272	54.4750	0.0001	74.8750	
0.1273	54.2500	0.0001	74.9000	
0.1273	53.4750	0.0001	74.8750	
0.1272	54.4000	0.0001	74.8750	
0.1273	54.1750	0.0001	74.8750	
0.1272	54.1250	0.0001	74.9000	
0.1272	53.9250	0.0001	74.8000	
0.1273	53.9500	0.0001	74.8250	
0.1272	53.5500	0.0001	74.9250	
0.1273	54.0250	0.0001	74.9000	
0.1272	54.6000	0.0001	74.8750	
0.1272	54.7000	0.0001	74.8250	
0.1272	54.3000	0.0001	74.8750	
0.1272	54.3000	0.0001	74.9000	
0.1272	53.8000	0.0001	74.8750	
0.1272	53.6750	0.0001	74.8250	
0.1272	53.9500	0.0001	74.9000	
0.1272	54.1000	0.0001	74.8750	
0.1272	54.4500	0.0001	74.8750	
0.1273	54.9250	0.0001	74.9250	
0.1272	54.9500	0.0001	74.8250	
0.1274	54.2750	0.0001	74.8750	
0.1275	53.0000	0.0001	74.9250	
0.1272	54.1000	0.0001	74.9500	
0.1272	54.1500	0.0001	74.8500	
0.1272	54.2500	0.0001	74.8750	
0.1273	54.2000	0.0001	74.9000	
0.1272	54.1500	0.0001	74.9500	
0.1272	53.7500	0.0001	74.8500	
0.1272	53.7250	0.0001	74.8500	
0.1272	54.0500	0.0001	74.9500	
0.1272	54.0250	0.0001	74.9250	
0.1272	54.0000	0.0001	74.9250	
0.1273	54.3000	0.0001	74.8000	
0.1272	54.1750	0.0001	74.9250	
0.1272	53.4500	0.0001	74.8750	
0.1273	52.5250	0.0001	74.8500	
0.1272	53.3500	0.0001	74.8500	
0.1272	53.5750	0.0001	74.9250	
0.1272	53.9000	0.0001	74.8500	
0.1272	53.7500	0.0001	74.9000	
0.1272	54.1750	0.0001	74.9500	
0.1273	54.7250	0.0001	74.9250	
0.1272	54.5750	0.0001	74.9000	
0.1272	54.1000	0.0001	74.8750	
0.1272	54.1750	0.0001	74.8750	
0.1272	53.8250	0.0001	74.8250	
0.1272	54.0500	0.0001	74.8750	
0.1272	54.0250	0.0001	74.9000	
0.1272	54.4500	0.0001	74.8250	
0.1271	54.1250	0.0001	74.8750	
0.1272	53.7000	0.0001	74.8750	
0.1272	54.1250	0.0001	74.8500	
0.1272	53.9500	0.0001	74.9000	
0.1272	53.9750	0.0001	74.8500	
0.1272	54.1250	0.0001	74.8750	
0.1272	54.1000	0.0001	74.9250	
0.1272	53.9250	0.0001	74.8750	
