Loss_Adversary	Accuracy_Adversary	Loss_Target	Accuracy_Target	
0.2609	0.4037	0.4270	50.0000	50.0000	
0.2535	0.3994	0.4167	50.0000	50.0000	
0.2465	0.3951	0.4069	50.0000	50.0000	
0.2397	0.3911	0.3974	50.0000	50.0000	
0.2334	0.3871	0.3886	50.0000	50.0000	
0.2270	0.3832	0.3796	50.0000	50.0000	
0.2209	0.3794	0.3709	50.0000	50.0000	
0.2145	0.3756	0.3621	50.0000	50.0000	
0.2043	0.3720	0.3484	50.0000	50.0000	
0.1936	0.3684	0.3342	50.0000	50.0000	
0.1840	0.3650	0.3212	50.0000	50.0000	
0.1763	0.3616	0.3108	50.0000	50.0000	
0.1708	0.3582	0.3030	50.0000	50.0000	
0.1674	0.3550	0.2980	50.0000	50.0000	
0.1658	0.3518	0.2953	50.0000	50.0000	
0.1655	0.3487	0.2941	50.0000	50.0000	
0.1656	0.3457	0.2935	50.0000	50.0000	
0.1658	0.3428	0.2930	50.0000	62.9500	
0.1660	0.3399	0.2925	50.0000	71.2250	
0.1658	0.3371	0.2916	50.0000	70.2750	
0.1654	0.3340	0.2902	50.0000	71.3750	
0.1655	0.3260	0.2883	50.0000	69.3000	
0.1654	0.3147	0.2854	50.0000	68.9000	
0.1642	0.3033	0.2810	50.0000	66.9750	
0.1616	0.2921	0.2751	50.0000	63.4250	
0.1575	0.2823	0.2674	50.0000	59.3500	
0.1506	0.2740	0.2567	50.0000	56.2250	
0.1411	0.2676	0.2432	50.0000	54.2250	
0.1291	0.2631	0.2272	50.0000	53.3250	
0.1156	0.2603	0.2096	50.0000	52.2750	
0.1023	0.2585	0.1925	50.0000	52.0000	
0.0908	0.2572	0.1778	50.0000	51.4500	
0.0839	0.2558	0.1688	50.0000	50.9250	
0.0809	0.2545	0.1647	50.0000	50.8750	
0.0798	0.2532	0.1630	50.0000	50.7500	
0.0789	0.2519	0.1616	48.9250	50.7000	
0.0780	0.2508	0.1602	48.4250	50.6750	
0.0772	0.2499	0.1590	51.0500	50.6750	
0.0764	0.2488	0.1577	70.9250	50.7000	
0.0756	0.2481	0.1565	73.4000	50.6500	
0.0748	0.2474	0.1554	73.6750	50.6500	
0.0741	0.2466	0.1543	73.9250	50.6250	
0.0733	0.2461	0.1532	74.1250	50.5250	
0.0728	0.2454	0.1523	74.2750	50.5750	
0.0721	0.2446	0.1512	74.1500	50.5750	
0.0715	0.2439	0.1503	74.2250	50.5750	
0.0707	0.2432	0.1492	74.0500	50.6250	
0.0698	0.2424	0.1478	74.2250	50.7250	
0.0685	0.2415	0.1460	74.3000	50.7500	
0.0669	0.2401	0.1436	74.0250	50.7500	
0.0648	0.2386	0.1406	73.7250	51.0250	
0.0621	0.2368	0.1368	73.3750	51.3000	
0.0580	0.2345	0.1311	72.6500	51.7250	
0.0521	0.2325	0.1232	71.8750	52.1250	
0.0439	0.2302	0.1124	70.3250	52.6000	
0.0336	0.2284	0.0991	68.9750	55.6250	
0.0238	0.2249	0.0860	70.8750	63.4000	
0.0162	0.2180	0.0747	74.5250	68.3000	
0.0109	0.2099	0.0661	74.3000	69.9500	
0.0064	0.2040	0.0590	74.6250	71.2000	
0.0029	0.1984	0.0532	74.5500	73.3250	
-0.0000	0.1935	0.0483	74.7500	75.5000	
-0.0025	0.1893	0.0442	74.7500	76.2000	
-0.0045	0.1849	0.0406	74.7500	76.3500	
-0.0062	0.1816	0.0376	74.9250	76.3500	
-0.0077	0.1773	0.0347	74.7750	76.3250	
-0.0090	0.1739	0.0323	74.8000	76.8000	
-0.0101	0.1711	0.0301	74.7250	76.6250	
-0.0110	0.1675	0.0281	74.7250	76.8500	
-0.0119	0.1652	0.0265	74.8500	76.9250	
-0.0126	0.1623	0.0248	74.7750	76.9000	
-0.0132	0.1603	0.0236	74.8500	77.0250	
-0.0138	0.1580	0.0222	74.7750	76.6500	
-0.0144	0.1565	0.0212	74.7000	76.8750	
-0.0148	0.1544	0.0201	74.7500	76.3750	
-0.0153	0.1529	0.0191	74.8750	76.5750	
-0.0157	0.1512	0.0181	74.8000	76.7500	
-0.0161	0.1499	0.0174	74.6250	76.4750	
-0.0165	0.1490	0.0166	74.7750	76.5000	
-0.0169	0.1477	0.0158	74.7000	76.5250	
-0.0173	0.1467	0.0150	74.7750	76.6250	
-0.0177	0.1461	0.0144	74.8500	76.4000	
-0.0179	0.1456	0.0140	74.5500	76.4250	
-0.0183	0.1448	0.0133	74.9500	75.8000	
-0.0187	0.1441	0.0127	75.0000	76.0500	
-0.0190	0.1434	0.0121	74.9000	76.1750	
-0.0193	0.1431	0.0116	74.8750	76.2750	
-0.0196	0.1427	0.0111	75.0250	76.0750	
-0.0199	0.1424	0.0108	74.8500	75.9750	
-0.0201	0.1421	0.0104	74.8750	75.9750	
-0.0204	0.1418	0.0100	74.7000	76.1750	
-0.0206	0.1416	0.0096	74.6000	75.9750	
-0.0208	0.1413	0.0093	74.5250	75.6000	
-0.0211	0.1413	0.0090	74.5250	75.7750	
-0.0212	0.1409	0.0087	74.6000	75.4000	
-0.0214	0.1410	0.0085	74.7000	75.7750	
-0.0216	0.1407	0.0082	74.6750	75.6250	
-0.0218	0.1406	0.0079	74.6250	75.5000	
-0.0219	0.1402	0.0077	74.6750	75.5000	
-0.0221	0.1403	0.0075	74.7750	75.4750	
-0.0222	0.1402	0.0073	74.8250	75.3500	
-0.0223	0.1401	0.0072	74.7000	75.0750	
-0.0223	0.1397	0.0070	74.7250	75.3750	
-0.0225	0.1397	0.0068	74.7250	75.1750	
-0.0227	0.1397	0.0066	74.7500	75.0750	
-0.0228	0.1397	0.0065	74.6750	75.1750	
-0.0228	0.1395	0.0064	74.1000	75.2750	
-0.0229	0.1393	0.0062	73.5250	74.8500	
-0.0231	0.1392	0.0059	72.9500	75.1000	
-0.0232	0.1392	0.0057	71.7000	75.1750	
-0.0233	0.1389	0.0056	69.5500	74.9250	
-0.0234	0.1390	0.0055	63.7750	74.9000	
-0.0235	0.1389	0.0053	50.0500	74.8750	
-0.0236	0.1389	0.0052	47.4250	75.1750	
-0.0237	0.1387	0.0051	45.1500	74.6750	
-0.0237	0.1389	0.0051	42.4250	74.8250	
-0.0238	0.1388	0.0049	42.3500	74.7750	
-0.0237	0.1386	0.0050	41.1500	75.0000	
-0.0237	0.1387	0.0050	38.9000	75.0000	
-0.0238	0.1384	0.0048	36.4000	74.8250	
-0.0241	0.1384	0.0045	34.8750	74.8250	
-0.0242	0.1387	0.0045	36.3500	74.7500	
-0.0242	0.1387	0.0045	32.4750	75.0250	
-0.0242	0.1384	0.0043	30.5250	74.6750	
-0.0244	0.1385	0.0041	30.2500	74.7500	
-0.0244	0.1385	0.0041	29.2750	74.6750	
-0.0245	0.1383	0.0040	28.6250	74.6750	
-0.0246	0.1383	0.0039	28.9750	74.5000	
-0.0246	0.1384	0.0038	27.8750	74.5500	
-0.0246	0.1383	0.0038	27.9250	74.8500	
-0.0247	0.1383	0.0037	28.4750	74.8750	
-0.0247	0.1383	0.0037	27.7250	74.6500	
-0.0248	0.1381	0.0036	27.2500	74.6250	
-0.0248	0.1382	0.0035	26.9000	74.5250	
-0.0248	0.1381	0.0035	27.0250	74.9500	
-0.0248	0.1382	0.0035	27.1250	74.6000	
-0.0250	0.1381	0.0033	26.9750	74.6750	
-0.0250	0.1383	0.0033	26.4750	74.4750	
-0.0250	0.1383	0.0033	27.1500	74.6500	
-0.0250	0.1381	0.0032	27.1250	74.2250	
-0.0251	0.1381	0.0031	26.4000	74.4500	
-0.0252	0.1381	0.0030	26.5500	74.6750	
-0.0252	0.1380	0.0030	26.3500	74.4250	
-0.0253	0.1381	0.0029	26.2000	74.4750	
-0.0253	0.1381	0.0029	26.4500	74.5250	
-0.0253	0.1380	0.0028	26.0500	74.4000	
-0.0254	0.1380	0.0028	26.1500	74.6000	
-0.0254	0.1380	0.0028	26.1000	74.4250	
-0.0254	0.1381	0.0027	25.9750	74.4250	
-0.0254	0.1381	0.0027	26.0250	74.5750	
-0.0255	0.1381	0.0027	25.9250	74.6750	
-0.0255	0.1381	0.0026	25.9000	74.3750	
-0.0256	0.1383	0.0026	26.2750	74.4750	
-0.0256	0.1380	0.0025	25.8000	74.5250	
-0.0256	0.1381	0.0025	25.8000	74.5250	
-0.0257	0.1382	0.0025	25.9000	74.4250	
-0.0256	0.1380	0.0025	25.7750	74.4250	
-0.0256	0.1379	0.0024	26.0750	74.4000	
-0.0257	0.1382	0.0024	25.7750	74.6250	
-0.0257	0.1380	0.0024	25.7000	74.4750	
-0.0258	0.1382	0.0023	25.9750	74.5250	
-0.0258	0.1380	0.0023	25.9000	74.4250	
-0.0258	0.1381	0.0023	25.9500	74.5500	
-0.0259	0.1383	0.0022	26.0250	74.5500	
-0.0259	0.1381	0.0022	25.8250	74.3500	
-0.0259	0.1383	0.0022	25.8750	74.3750	
-0.0259	0.1382	0.0022	25.5500	74.4500	
-0.0259	0.1383	0.0022	25.9000	74.6250	
-0.0258	0.1381	0.0022	25.7250	74.5000	
-0.0259	0.1384	0.0022	25.9000	74.7000	
-0.0259	0.1381	0.0021	25.9000	74.1750	
-0.0260	0.1383	0.0020	25.8000	74.5500	
-0.0259	0.1383	0.0021	25.5750	74.5500	
-0.0261	0.1382	0.0020	26.0000	74.6500	
-0.0261	0.1383	0.0019	25.8750	74.6250	
-0.0261	0.1383	0.0020	25.8000	74.4250	
-0.0261	0.1381	0.0019	25.9750	74.3000	
-0.0261	0.1384	0.0020	25.9250	74.5500	
-0.0262	0.1382	0.0019	25.8750	74.4750	
-0.0262	0.1384	0.0018	25.8250	74.5750	
-0.0262	0.1383	0.0018	26.0000	74.4500	
-0.0262	0.1384	0.0018	25.7500	74.3250	
-0.0263	0.1384	0.0018	25.9500	74.4750	
-0.0263	0.1385	0.0018	26.0250	74.4250	
-0.0263	0.1384	0.0018	25.9750	74.4000	
-0.0263	0.1383	0.0017	25.8500	74.3500	
-0.0263	0.1384	0.0017	25.7250	74.5500	
-0.0263	0.1384	0.0017	26.1000	74.6250	
-0.0263	0.1385	0.0017	25.5250	74.2250	
-0.0264	0.1386	0.0017	25.7250	74.4250	
-0.0263	0.1384	0.0017	26.1000	74.3000	
-0.0263	0.1385	0.0018	25.7250	74.3250	
-0.0263	0.1386	0.0017	25.9500	74.6500	
-0.0264	0.1387	0.0016	26.6500	74.4750	
-0.0264	0.1387	0.0016	25.8000	74.4750	
-0.0264	0.1386	0.0016	25.6500	74.6000	
-0.0265	0.1387	0.0015	26.5750	74.4250	
-0.0265	0.1387	0.0015	25.9500	74.5000	
-0.0265	0.1387	0.0015	26.0500	74.5750	
-0.0265	0.1386	0.0015	26.2750	74.4750	
-0.0265	0.1386	0.0015	26.0250	74.4500	
-0.0266	0.1386	0.0014	26.1250	74.5500	
-0.0266	0.1387	0.0014	26.0250	74.4750	
-0.0266	0.1388	0.0014	26.0250	74.3000	
-0.0266	0.1388	0.0015	26.2500	74.3500	
-0.0266	0.1388	0.0014	26.3000	74.4750	
-0.0267	0.1389	0.0014	26.3500	74.4000	
-0.0266	0.1388	0.0014	26.4500	74.5500	
-0.0266	0.1389	0.0014	26.0250	74.3750	
-0.0266	0.1389	0.0014	26.3500	74.3250	
-0.0266	0.1388	0.0015	26.6250	74.2250	
-0.0267	0.1390	0.0014	26.1500	74.4000	
-0.0267	0.1388	0.0014	26.3000	74.4250	
-0.0267	0.1388	0.0013	26.4500	74.4500	
-0.0267	0.1390	0.0013	26.0750	74.4500	
-0.0268	0.1389	0.0013	25.9250	74.6000	
-0.0268	0.1389	0.0013	26.6250	74.5000	
-0.0268	0.1390	0.0013	26.2250	74.3250	
-0.0268	0.1392	0.0013	26.7250	74.4750	
-0.0268	0.1390	0.0013	26.5500	74.5500	
-0.0268	0.1391	0.0013	26.3250	74.3250	
-0.0268	0.1392	0.0013	25.9500	74.4500	
-0.0268	0.1391	0.0012	25.8250	74.3000	
-0.0268	0.1390	0.0013	26.1000	74.2500	
-0.0268	0.1394	0.0013	26.6500	74.5500	
-0.0269	0.1391	0.0012	26.1750	74.4000	
-0.0269	0.1392	0.0012	26.3500	74.2750	
-0.0269	0.1392	0.0012	26.6500	74.4000	
-0.0269	0.1392	0.0012	26.4000	74.2750	
-0.0269	0.1394	0.0012	26.4250	74.4750	
-0.0269	0.1392	0.0011	26.4000	74.2750	
-0.0270	0.1394	0.0012	26.3250	74.4000	
-0.0270	0.1395	0.0011	26.4250	74.4250	
-0.0270	0.1395	0.0012	25.7750	74.4750	
-0.0270	0.1395	0.0012	26.0000	74.5500	
-0.0269	0.1395	0.0012	26.8750	74.4000	
-0.0270	0.1397	0.0011	26.8250	74.6500	
-0.0271	0.1398	0.0011	25.7250	74.4250	
-0.0270	0.1397	0.0012	26.2750	74.4000	
-0.0270	0.1397	0.0012	26.5500	74.4000	
-0.0270	0.1397	0.0011	25.4500	74.5250	
-0.0270	0.1397	0.0012	26.6750	74.5500	
-0.0271	0.1398	0.0011	25.9250	74.4000	
-0.0271	0.1399	0.0011	25.4500	74.4500	
-0.0271	0.1399	0.0011	26.0500	74.6750	
-0.0271	0.1400	0.0011	26.4000	74.5250	
-0.0272	0.1401	0.0011	26.1250	74.5500	
-0.0272	0.1402	0.0011	25.5750	74.5500	
-0.0272	0.1402	0.0011	26.1250	74.5250	
-0.0272	0.1407	0.0012	25.6250	74.4750	
-0.0271	0.1406	0.0012	25.9500	74.6500	
-0.0271	0.1406	0.0012	26.2750	74.7250	
-0.0272	0.1409	0.0012	27.2750	74.5500	
-0.0271	0.1410	0.0013	26.1750	74.4250	
-0.0273	0.1409	0.0011	26.7750	74.5250	
-0.0273	0.1410	0.0011	27.0500	74.4750	
-0.0272	0.1413	0.0013	27.2000	74.3000	
-0.0273	0.1413	0.0012	26.6250	74.6000	
-0.0274	0.1414	0.0012	26.6000	74.6250	
-0.0274	0.1419	0.0012	27.3250	74.4250	
-0.0275	0.1418	0.0011	25.9250	74.2500	
-0.0275	0.1421	0.0012	26.5750	74.6250	
-0.0274	0.1424	0.0013	28.7250	74.8250	
-0.0275	0.1426	0.0013	26.0250	74.4500	
-0.0275	0.1427	0.0013	26.0250	74.7750	
-0.0276	0.1435	0.0014	26.3500	74.3750	
-0.0276	0.1437	0.0014	27.5500	74.5250	
-0.0277	0.1444	0.0015	27.7750	74.4250	
-0.0278	0.1454	0.0016	26.6500	74.7000	
-0.0279	0.1461	0.0016	27.7250	74.3750	
-0.0281	0.1478	0.0018	27.0000	74.5000	
-0.0284	0.1499	0.0020	28.2750	74.4000	
-0.0286	0.1529	0.0025	29.4250	74.3750	
-0.0289	0.1562	0.0030	28.2500	74.3250	
-0.0292	0.1592	0.0033	29.5750	74.1250	
-0.0293	0.1613	0.0036	34.8750	74.1250	
-0.0295	0.1632	0.0039	36.7000	74.1000	
-0.0298	0.1639	0.0038	40.9000	74.0500	
-0.0298	0.1641	0.0037	42.3500	74.3500	
-0.0297	0.1631	0.0036	38.6000	74.1750	
-0.0297	0.1626	0.0035	32.8000	74.1750	
-0.0296	0.1610	0.0033	29.9500	74.3000	
-0.0295	0.1598	0.0031	29.4250	74.5500	
-0.0295	0.1596	0.0030	28.2250	74.2750	
-0.0296	0.1589	0.0028	29.9250	74.0750	
-0.0295	0.1584	0.0027	27.9250	74.1750	
-0.0295	0.1575	0.0025	28.3250	74.3500	
-0.0295	0.1573	0.0024	28.7000	74.5500	
-0.0295	0.1572	0.0024	28.7250	74.2000	
-0.0295	0.1573	0.0024	28.4250	74.2750	
-0.0296	0.1572	0.0023	28.0500	74.4250	
-0.0296	0.1572	0.0023	28.0250	74.4500	
-0.0296	0.1575	0.0023	28.5500	74.3000	
-0.0296	0.1575	0.0023	27.6000	74.3250	
-0.0296	0.1575	0.0024	27.3750	74.2750	
-0.0294	0.1580	0.0027	27.4250	74.0000	
-0.0296	0.1580	0.0025	27.1250	74.2000	
-0.0296	0.1577	0.0024	27.2250	74.1000	
-0.0296	0.1576	0.0024	27.4750	74.1250	
-0.0296	0.1578	0.0025	26.7000	74.0500	
-0.0296	0.1576	0.0024	26.6500	74.1750	
-0.0295	0.1575	0.0025	26.5750	74.2750	
-0.0295	0.1573	0.0024	26.3750	73.8250	
-0.0295	0.1572	0.0025	26.3500	74.2500	
-0.0295	0.1572	0.0025	26.2500	74.1000	
-0.0294	0.1566	0.0024	26.5750	74.2000	
-0.0292	0.1564	0.0026	26.1250	74.3250	
-0.0293	0.1564	0.0025	25.8500	73.9250	
-0.0292	0.1558	0.0025	26.4500	74.2500	
-0.0292	0.1557	0.0025	26.2750	74.1250	
-0.0292	0.1553	0.0023	26.2500	74.2500	
-0.0291	0.1549	0.0023	26.1750	74.3500	
-0.0291	0.1546	0.0023	25.9250	74.1500	
-0.0290	0.1543	0.0023	26.1250	74.2500	
-0.0290	0.1540	0.0023	25.9250	74.2250	
-0.0288	0.1539	0.0024	26.0750	74.1250	
-0.0286	0.1532	0.0025	25.7750	74.0500	
-0.0286	0.1530	0.0025	25.7750	74.3250	
-0.0286	0.1528	0.0024	25.8500	74.1500	
-0.0287	0.1525	0.0022	25.8250	74.4250	
-0.0287	0.1520	0.0021	25.9000	74.1750	
-0.0287	0.1517	0.0021	25.6250	74.3500	
-0.0286	0.1516	0.0021	25.5500	74.5500	
-0.0286	0.1509	0.0020	25.5000	74.2000	
-0.0286	0.1507	0.0020	25.6500	74.4250	
-0.0284	0.1504	0.0020	25.8250	74.2750	
-0.0285	0.1502	0.0019	25.5500	74.2500	
-0.0284	0.1498	0.0019	25.7500	74.5750	
-0.0284	0.1496	0.0019	25.7250	74.3500	
-0.0284	0.1494	0.0018	25.6750	74.4750	
-0.0284	0.1495	0.0019	25.4250	74.3500	
-0.0283	0.1488	0.0018	25.5500	74.5750	
-0.0283	0.1488	0.0019	25.6250	74.3500	
-0.0282	0.1484	0.0019	25.5500	74.5750	
-0.0282	0.1485	0.0019	25.6500	74.5500	
-0.0282	0.1477	0.0017	25.7000	74.4500	
-0.0282	0.1477	0.0017	25.4750	74.4750	
-0.0282	0.1477	0.0017	25.6250	74.5000	
-0.0281	0.1473	0.0016	25.6250	74.4750	
-0.0281	0.1472	0.0016	25.7000	74.6500	
-0.0280	0.1472	0.0018	25.7250	74.3750	
-0.0278	0.1469	0.0020	25.5250	74.8000	
-0.0278	0.1465	0.0019	25.7250	74.5750	
-0.0279	0.1467	0.0018	25.8250	74.7250	
-0.0280	0.1469	0.0017	25.9000	74.9000	
-0.0279	0.1468	0.0018	25.5750	74.5500	
-0.0280	0.1474	0.0018	25.5500	74.3000	
-0.0279	0.1474	0.0019	26.1250	74.5750	
-0.0279	0.1470	0.0018	25.8750	74.4000	
-0.0281	0.1465	0.0015	25.5750	74.7250	
-0.0281	0.1465	0.0015	26.1250	74.5750	
-0.0281	0.1467	0.0016	25.6250	74.6000	
-0.0280	0.1462	0.0015	25.4750	74.1000	
-0.0281	0.1461	0.0014	25.3000	74.4250	
-0.0281	0.1462	0.0014	25.5750	74.5000	
-0.0281	0.1461	0.0014	25.5750	74.6500	
-0.0281	0.1460	0.0014	25.5250	74.3500	
-0.0281	0.1461	0.0014	25.5250	74.5750	
-0.0280	0.1460	0.0014	25.4750	74.6250	
-0.0281	0.1459	0.0014	25.3250	74.5000	
-0.0280	0.1467	0.0017	25.8000	74.4000	
-0.0280	0.1459	0.0014	25.4750	74.6500	
-0.0281	0.1460	0.0014	25.5750	74.7000	
-0.0281	0.1461	0.0015	25.6000	74.5250	
-0.0281	0.1460	0.0014	25.7000	74.6250	
-0.0281	0.1460	0.0014	25.5750	74.8250	
-0.0282	0.1465	0.0014	25.6000	74.7250	
-0.0281	0.1465	0.0015	25.5750	74.7250	
-0.0283	0.1468	0.0014	25.6250	74.8500	
-0.0284	0.1478	0.0015	25.7750	74.4500	
-0.0285	0.1488	0.0016	25.8750	74.8750	
-0.0289	0.1510	0.0017	26.3250	74.9500	
-0.0292	0.1544	0.0021	27.0250	74.8250	
-0.0297	0.1572	0.0022	27.0250	75.4750	
-0.0300	0.1613	0.0028	27.9250	74.7250	
-0.0304	0.1645	0.0031	28.2750	75.4500	
-0.0308	0.1680	0.0035	30.0250	74.9000	
-0.0309	0.1695	0.0038	31.9000	74.8750	
-0.0314	0.1722	0.0038	36.2250	74.8000	
-0.0318	0.1746	0.0039	42.5250	74.7500	
-0.0319	0.1775	0.0044	46.6750	74.5000	
-0.0320	0.1796	0.0049	51.2000	74.3250	
-0.0319	0.1805	0.0053	53.3000	74.3500	
-0.0317	0.1810	0.0056	53.6500	74.6250	
-0.0315	0.1806	0.0058	54.4000	74.7500	
-0.0313	0.1805	0.0060	54.3750	74.8250	
-0.0311	0.1802	0.0061	54.5000	74.7000	
-0.0309	0.1787	0.0061	54.7000	74.7500	
-0.0308	0.1778	0.0060	54.4250	74.6250	
-0.0303	0.1748	0.0058	54.5000	74.3750	
-0.0297	0.1717	0.0057	54.1750	74.4750	
-0.0292	0.1678	0.0054	54.2500	74.3000	
-0.0286	0.1647	0.0054	54.4000	74.2500	
-0.0282	0.1625	0.0053	53.9750	74.4000	
-0.0279	0.1603	0.0053	53.5000	74.0500	
-0.0278	0.1581	0.0048	53.1000	74.1250	
-0.0277	0.1567	0.0046	52.7500	73.9000	
-0.0277	0.1557	0.0043	52.6000	73.7500	
-0.0277	0.1549	0.0041	52.5500	73.9250	
-0.0277	0.1545	0.0040	52.5500	73.9750	
-0.0276	0.1535	0.0038	52.6250	73.7000	
-0.0275	0.1532	0.0039	52.6500	73.9750	
-0.0275	0.1525	0.0038	52.5500	74.2750	
-0.0276	0.1523	0.0035	52.8000	73.9250	
-0.0276	0.1520	0.0034	52.7250	73.8500	
-0.0276	0.1517	0.0034	52.6500	74.1500	
-0.0276	0.1515	0.0034	52.6500	73.9500	
-0.0276	0.1513	0.0033	52.6500	73.9000	
-0.0276	0.1510	0.0033	52.6250	73.8750	
-0.0276	0.1510	0.0033	52.6000	74.1000	
-0.0275	0.1504	0.0032	52.4500	73.8250	
-0.0275	0.1502	0.0031	52.4000	73.9000	
-0.0276	0.1500	0.0030	52.6750	73.9250	
-0.0276	0.1498	0.0030	52.3500	73.7750	
-0.0276	0.1498	0.0029	51.3250	73.7250	
-0.0277	0.1495	0.0028	49.7000	73.7250	
-0.0276	0.1496	0.0028	47.6500	73.8250	
-0.0277	0.1494	0.0027	47.0750	74.0250	
-0.0277	0.1491	0.0027	43.3500	73.9250	
-0.0277	0.1493	0.0027	43.2750	73.9250	
-0.0276	0.1488	0.0026	40.6000	74.0500	
-0.0277	0.1486	0.0025	39.7750	74.2750	
-0.0277	0.1484	0.0024	38.0500	74.1250	
-0.0277	0.1485	0.0025	37.9500	74.1750	
-0.0277	0.1485	0.0024	35.3500	74.1000	
-0.0277	0.1481	0.0024	35.7750	74.3250	
-0.0278	0.1488	0.0025	33.1250	74.3500	
-0.0277	0.1484	0.0024	33.7000	74.4500	
-0.0277	0.1478	0.0024	32.6500	74.3000	
-0.0277	0.1480	0.0024	31.7000	74.4250	
-0.0277	0.1477	0.0023	31.4500	74.4500	
-0.0276	0.1478	0.0024	31.3750	74.6000	
-0.0277	0.1481	0.0024	30.6750	74.5000	
-0.0276	0.1478	0.0024	31.6750	74.4500	
-0.0276	0.1476	0.0025	30.2000	74.5750	
-0.0274	0.1472	0.0025	30.3750	74.4250	
-0.0274	0.1474	0.0027	29.8750	74.6000	
-0.0275	0.1473	0.0024	29.5250	74.4250	
-0.0276	0.1471	0.0022	29.2250	74.4500	
-0.0277	0.1472	0.0022	29.7500	74.5750	
-0.0276	0.1470	0.0022	29.0250	74.5500	
-0.0277	0.1471	0.0022	29.2500	74.1750	
-0.0276	0.1469	0.0022	28.7750	74.4000	
-0.0277	0.1469	0.0021	28.4750	74.6000	
-0.0277	0.1467	0.0021	28.5750	74.3500	
-0.0276	0.1470	0.0022	28.6750	74.3750	
-0.0276	0.1468	0.0022	28.5250	74.6000	
-0.0275	0.1467	0.0023	28.6750	74.4500	
-0.0274	0.1468	0.0024	28.5000	74.6500	
-0.0275	0.1469	0.0023	28.1750	74.4750	
-0.0277	0.1469	0.0021	28.5750	74.5000	
-0.0276	0.1467	0.0021	28.1750	74.6500	
-0.0277	0.1468	0.0021	28.2500	74.4250	
-0.0277	0.1466	0.0020	28.1250	74.3750	
-0.0278	0.1470	0.0021	28.1500	74.5250	
-0.0277	0.1469	0.0021	28.0500	74.4750	
-0.0277	0.1467	0.0021	28.3250	74.3750	
-0.0277	0.1467	0.0021	28.0000	74.5000	
-0.0276	0.1464	0.0021	28.0250	74.4250	
-0.0276	0.1466	0.0021	28.1750	74.5750	
-0.0277	0.1468	0.0020	27.8750	74.6750	
-0.0276	0.1470	0.0022	28.4000	74.4250	
-0.0277	0.1466	0.0021	27.9500	74.8000	
-0.0276	0.1464	0.0021	28.0000	74.6750	
-0.0277	0.1468	0.0021	27.6750	74.5750	
-0.0277	0.1466	0.0021	27.8000	74.6750	
-0.0277	0.1467	0.0020	27.7250	74.4750	
-0.0277	0.1466	0.0020	27.6250	74.4000	
-0.0278	0.1467	0.0019	27.8250	74.5750	
-0.0278	0.1468	0.0020	27.7750	74.5500	
-0.0278	0.1472	0.0021	27.5500	74.6000	
-0.0278	0.1469	0.0020	27.8250	74.5250	
-0.0278	0.1470	0.0020	27.8500	74.7000	
-0.0278	0.1469	0.0019	27.6000	74.3750	
-0.0278	0.1468	0.0020	27.5500	74.6250	
-0.0277	0.1469	0.0022	27.6500	74.6750	
-0.0277	0.1471	0.0022	27.7250	74.7250	
-0.0277	0.1471	0.0021	27.6750	74.4500	
-0.0277	0.1469	0.0021	27.5750	74.5750	
-0.0278	0.1469	0.0020	27.6500	74.7750	
-0.0278	0.1468	0.0019	27.3000	74.5500	
-0.0279	0.1469	0.0019	27.6250	74.6000	
-0.0278	0.1469	0.0020	27.5000	74.7000	
-0.0278	0.1471	0.0020	27.3250	74.7250	
-0.0279	0.1468	0.0019	27.4000	74.8500	
-0.0279	0.1470	0.0019	27.2500	74.7250	
-0.0279	0.1469	0.0019	27.0500	74.8000	
-0.0278	0.1468	0.0019	27.2000	74.7000	
-0.0279	0.1468	0.0018	27.1250	74.5500	
-0.0280	0.1469	0.0017	27.3750	74.7250	
-0.0280	0.1468	0.0017	27.0500	74.6500	
-0.0281	0.1470	0.0017	26.9250	74.8750	
-0.0279	0.1465	0.0017	27.2000	74.7750	
-0.0278	0.1468	0.0019	26.8000	74.8750	
-0.0281	0.1468	0.0016	26.8500	74.5500	
-0.0281	0.1466	0.0015	26.4500	74.7500	
-0.0281	0.1468	0.0016	27.0250	74.6000	
-0.0281	0.1466	0.0015	26.8000	74.8500	
-0.0281	0.1466	0.0015	26.9250	74.7750	
-0.0281	0.1471	0.0016	26.9000	74.7250	
-0.0281	0.1466	0.0016	26.6750	74.8750	
-0.0282	0.1467	0.0015	26.9000	74.6250	
-0.0281	0.1466	0.0016	26.9250	74.8750	
-0.0281	0.1465	0.0015	26.8000	74.6750	
-0.0282	0.1470	0.0015	27.2500	74.7000	
-0.0282	0.1468	0.0014	26.7750	74.8250	
-0.0283	0.1469	0.0014	27.0250	74.9750	
-0.0284	0.1474	0.0014	26.6750	74.8750	
-0.0284	0.1477	0.0014	27.3500	74.5500	
-0.0284	0.1475	0.0014	26.8500	74.9250	
-0.0283	0.1468	0.0013	27.2250	74.8500	
-0.0284	0.1469	0.0013	26.7750	74.8250	
-0.0283	0.1467	0.0013	27.2250	74.6250	
-0.0283	0.1467	0.0013	27.1000	74.8500	
-0.0284	0.1468	0.0013	27.1250	74.7500	
-0.0283	0.1469	0.0013	27.3000	74.9250	
-0.0284	0.1470	0.0013	27.0250	74.6750	
-0.0284	0.1468	0.0012	27.0750	74.9250	
-0.0285	0.1472	0.0012	27.0000	74.7500	
-0.0284	0.1467	0.0012	27.0250	74.9000	
-0.0283	0.1470	0.0013	27.1500	74.9250	
-0.0283	0.1474	0.0014	26.6500	74.8250	
-0.0283	0.1468	0.0013	26.9000	74.6750	
-0.0283	0.1471	0.0014	26.9750	74.8750	
-0.0283	0.1469	0.0014	27.1500	74.8750	
-0.0284	0.1470	0.0013	26.9000	74.7000	
-0.0284	0.1469	0.0012	26.9250	74.8500	
-0.0285	0.1467	0.0011	26.9500	74.8000	
-0.0285	0.1469	0.0011	26.8250	74.6250	
-0.0285	0.1469	0.0012	26.7750	74.9500	
-0.0284	0.1469	0.0013	27.0750	74.8000	
-0.0284	0.1471	0.0013	26.8250	74.7500	
-0.0285	0.1471	0.0012	27.0500	74.6250	
-0.0286	0.1472	0.0010	26.4250	74.9000	
-0.0286	0.1471	0.0010	27.0500	74.8250	
-0.0286	0.1471	0.0011	26.8250	74.7750	
-0.0285	0.1472	0.0012	26.8750	74.6500	
-0.0285	0.1472	0.0012	27.0500	74.7750	
-0.0285	0.1471	0.0012	26.5500	74.7000	
-0.0285	0.1471	0.0012	26.9000	74.8000	
-0.0286	0.1472	0.0011	26.8000	74.8500	
-0.0286	0.1469	0.0010	26.8250	74.8250	
-0.0286	0.1472	0.0010	26.8500	74.9000	
-0.0287	0.1472	0.0010	26.7000	74.9500	
-0.0287	0.1471	0.0009	26.6500	74.9000	
-0.0287	0.1472	0.0009	26.6750	74.9250	
-0.0287	0.1473	0.0010	26.6500	74.9000	
-0.0287	0.1473	0.0010	27.0500	74.8750	
-0.0287	0.1472	0.0010	26.5000	74.7500	
-0.0286	0.1473	0.0011	27.0000	74.8500	
-0.0286	0.1473	0.0011	26.7000	74.7500	
-0.0287	0.1478	0.0010	26.2500	74.8000	
-0.0287	0.1474	0.0010	27.1000	74.8500	
-0.0286	0.1473	0.0011	26.5000	74.9000	
-0.0286	0.1474	0.0010	26.8000	74.7500	
-0.0286	0.1471	0.0010	26.7000	74.8250	
-0.0287	0.1472	0.0009	26.7750	74.7000	
-0.0287	0.1473	0.0010	26.6250	74.8750	
-0.0286	0.1476	0.0011	26.7750	74.7250	
-0.0287	0.1476	0.0010	26.6500	74.7500	
-0.0287	0.1475	0.0009	27.1500	74.9250	
-0.0287	0.1476	0.0010	26.4750	74.9500	
-0.0287	0.1474	0.0009	26.7500	74.9250	
-0.0287	0.1474	0.0010	26.5250	74.7750	
-0.0287	0.1475	0.0010	26.9250	74.9250	
-0.0286	0.1475	0.0011	26.8750	74.9250	
-0.0286	0.1475	0.0011	26.7000	74.9750	
-0.0287	0.1479	0.0010	26.4000	75.0000	
-0.0288	0.1476	0.0009	27.0750	74.7750	
-0.0288	0.1478	0.0010	26.5000	74.8500	
-0.0287	0.1479	0.0011	27.1500	74.8500	
-0.0287	0.1477	0.0010	26.4750	74.9750	
-0.0288	0.1478	0.0010	26.9250	74.9000	
-0.0287	0.1477	0.0010	26.5750	74.9250	
-0.0288	0.1477	0.0010	26.7250	74.8750	
-0.0288	0.1478	0.0010	26.7250	74.8000	
-0.0287	0.1478	0.0011	26.7500	74.8000	
-0.0287	0.1478	0.0010	27.1500	74.8250	
-0.0287	0.1476	0.0011	26.3500	74.9500	
-0.0287	0.1476	0.0010	26.7500	74.8750	
-0.0288	0.1477	0.0010	26.7250	75.0000	
-0.0287	0.1477	0.0010	26.5750	74.9000	
-0.0289	0.1484	0.0010	26.4500	74.8500	
-0.0287	0.1480	0.0011	26.9500	74.8750	
-0.0286	0.1475	0.0011	26.9500	74.7000	
-0.0287	0.1474	0.0009	26.6250	74.9250	
-0.0288	0.1478	0.0009	26.5000	74.7750	
-0.0288	0.1476	0.0009	26.8250	74.9250	
-0.0288	0.1480	0.0010	26.8000	74.9750	
-0.0287	0.1478	0.0011	26.5500	74.7000	
-0.0287	0.1478	0.0011	26.9250	74.8750	
-0.0288	0.1479	0.0010	26.6750	74.8750	
-0.0288	0.1478	0.0009	26.8250	74.9500	
-0.0288	0.1479	0.0010	26.5250	74.9500	
-0.0287	0.1479	0.0010	26.5250	75.0500	
-0.0288	0.1477	0.0009	26.7250	74.9000	
-0.0288	0.1477	0.0009	26.8250	74.9250	
-0.0288	0.1477	0.0009	26.7500	74.9000	
-0.0288	0.1477	0.0010	26.7750	74.9500	
-0.0287	0.1477	0.0010	27.0750	74.8250	
-0.0288	0.1480	0.0010	27.0750	74.9000	
-0.0287	0.1475	0.0010	26.6750	75.0500	
-0.0285	0.1476	0.0012	26.7750	74.8000	
-0.0287	0.1475	0.0010	26.8250	75.1250	
-0.0288	0.1480	0.0010	27.0000	75.0250	
-0.0288	0.1479	0.0009	26.5500	75.0000	
-0.0288	0.1478	0.0009	27.2000	74.9500	
-0.0288	0.1476	0.0009	26.7250	74.9250	
-0.0288	0.1476	0.0010	27.0500	75.1000	
-0.0288	0.1478	0.0009	26.8000	74.8750	
-0.0288	0.1477	0.0009	26.6250	74.8500	
-0.0288	0.1478	0.0009	27.2000	74.8250	
-0.0288	0.1480	0.0009	26.7500	74.8750	
-0.0288	0.1476	0.0009	27.0500	74.9750	
-0.0288	0.1477	0.0009	26.6500	74.9250	
-0.0288	0.1478	0.0010	27.0500	75.0500	
-0.0288	0.1477	0.0009	26.4500	74.8750	
-0.0288	0.1476	0.0009	27.0250	75.1750	
-0.0288	0.1476	0.0009	26.8750	74.8750	
-0.0288	0.1476	0.0008	27.1250	75.0750	
-0.0289	0.1480	0.0009	26.9750	75.0250	
-0.0288	0.1478	0.0010	27.0750	75.2500	
-0.0287	0.1479	0.0011	26.8250	74.9500	
-0.0287	0.1478	0.0010	27.0000	75.1250	
-0.0288	0.1480	0.0010	26.7500	74.8500	
-0.0288	0.1482	0.0010	27.1000	75.0750	
-0.0287	0.1482	0.0012	26.6250	75.1500	
-0.0288	0.1480	0.0010	27.2500	74.9750	
-0.0286	0.1474	0.0010	27.0750	75.1000	
-0.0288	0.1475	0.0009	27.1500	75.0500	
-0.0288	0.1475	0.0009	27.0000	74.8000	
-0.0288	0.1475	0.0009	27.1750	75.1000	
-0.0289	0.1474	0.0008	27.1500	75.0500	
-0.0289	0.1475	0.0007	27.3000	75.1250	
-0.0289	0.1474	0.0007	26.7000	75.0750	
-0.0289	0.1475	0.0008	27.2750	75.1000	
-0.0288	0.1476	0.0010	27.1500	74.9250	
-0.0288	0.1472	0.0009	27.0500	75.0500	
-0.0287	0.1471	0.0009	26.9000	74.9500	
-0.0288	0.1471	0.0007	27.2750	75.0000	
-0.0288	0.1469	0.0007	27.1000	75.0500	
-0.0287	0.1471	0.0009	27.0750	74.9000	
-0.0288	0.1471	0.0008	27.2750	75.0500	
-0.0288	0.1470	0.0008	26.9750	74.9750	
-0.0288	0.1468	0.0008	27.2250	75.0500	
-0.0288	0.1470	0.0008	27.1750	75.1500	
-0.0288	0.1471	0.0007	27.0000	74.8750	
-0.0288	0.1469	0.0008	27.0750	75.1000	
-0.0288	0.1468	0.0007	27.3750	75.0250	
-0.0289	0.1470	0.0007	27.3250	74.8750	
-0.0288	0.1467	0.0007	27.1000	74.8250	
-0.0288	0.1469	0.0008	26.9500	74.7750	
-0.0287	0.1467	0.0008	27.1000	74.9000	
-0.0287	0.1467	0.0008	27.1000	74.9000	
-0.0287	0.1466	0.0007	27.1500	74.9750	
-0.0287	0.1468	0.0008	26.4250	74.8500	
-0.0289	0.1472	0.0007	27.0250	75.0000	
-0.0288	0.1469	0.0007	26.9000	74.9500	
-0.0288	0.1465	0.0006	27.3000	75.0000	
-0.0288	0.1467	0.0007	27.1750	74.8000	
-0.0288	0.1467	0.0007	27.4500	74.8500	
-0.0288	0.1468	0.0007	26.6750	74.7250	
-0.0287	0.1470	0.0009	27.3750	74.8750	
-0.0287	0.1466	0.0007	27.0250	74.5500	
-0.0287	0.1465	0.0008	26.9000	75.1000	
-0.0288	0.1463	0.0006	27.0000	74.8500	
-0.0286	0.1466	0.0008	26.8500	74.9750	
-0.0287	0.1465	0.0007	26.8000	74.9500	
-0.0287	0.1464	0.0007	27.0250	74.9500	
-0.0288	0.1469	0.0007	27.0250	74.8250	
-0.0288	0.1466	0.0007	26.3750	74.9750	
-0.0288	0.1468	0.0007	26.9500	75.0000	
-0.0288	0.1465	0.0007	26.4500	75.1000	
-0.0288	0.1466	0.0007	26.9250	74.9750	
-0.0287	0.1463	0.0007	26.6000	75.1250	
-0.0287	0.1466	0.0007	26.5250	75.3000	
-0.0287	0.1464	0.0007	26.9750	75.1500	
-0.0287	0.1466	0.0008	26.7500	75.2250	
-0.0288	0.1464	0.0006	26.8250	75.1500	
-0.0288	0.1465	0.0007	26.6750	75.3250	
-0.0286	0.1467	0.0009	27.0500	75.1750	
-0.0289	0.1469	0.0007	26.8750	75.2750	
-0.0288	0.1467	0.0007	27.1000	75.3500	
-0.0288	0.1469	0.0007	26.9750	75.2000	
-0.0287	0.1466	0.0007	26.5000	75.3500	
-0.0288	0.1464	0.0006	26.8250	75.3500	
-0.0286	0.1467	0.0009	26.9250	75.2500	
-0.0287	0.1468	0.0008	26.8250	75.1750	
-0.0289	0.1473	0.0007	27.0750	75.2250	
-0.0289	0.1471	0.0006	26.4750	75.2750	
-0.0289	0.1472	0.0007	26.9250	75.3500	
-0.0289	0.1471	0.0006	26.3750	75.2750	
-0.0289	0.1472	0.0006	26.9500	75.3250	
-0.0289	0.1469	0.0006	26.5500	75.0500	
-0.0287	0.1470	0.0008	26.5500	75.1750	
-0.0287	0.1468	0.0008	26.5500	75.1500	
-0.0287	0.1468	0.0008	26.6750	75.2750	
-0.0287	0.1471	0.0009	27.0000	75.2000	
-0.0289	0.1469	0.0007	26.8250	75.3000	
-0.0288	0.1467	0.0006	26.8750	75.3500	
0.4936	50.0000	0.5757	50.0000	
0.4436	50.0000	0.5409	50.0000	
0.3994	50.0000	0.5107	50.0000	
0.3613	50.0000	0.4883	50.0000	
0.3281	50.0000	0.4687	50.0000	
0.3007	50.0000	0.4508	50.0000	
0.2798	50.0000	0.4341	50.0000	
0.2649	50.0000	0.4184	50.0000	
0.2550	50.0000	0.4037	50.0000	
0.2494	50.0000	0.3902	50.0000	
0.2468	50.0000	0.3773	50.0000	
0.2457	50.0250	0.3647	50.0000	
0.2451	50.5000	0.3527	50.0000	
0.2448	62.6500	0.3411	50.0000	
0.2445	74.4750	0.3306	50.0000	
0.2443	73.9750	0.3208	50.0000	
0.2441	74.1500	0.3117	50.0000	
0.2439	74.6000	0.3029	50.0000	
0.2437	73.4750	0.2942	50.0000	
0.2435	71.8000	0.2859	50.0000	
0.2433	70.6750	0.2781	50.0000	
0.2430	69.7000	0.2700	50.0000	
0.2428	68.6250	0.2618	50.0000	
0.2426	68.2750	0.2531	61.1750	
0.2424	67.7000	0.2444	73.4750	
0.2421	68.1250	0.2360	78.2750	
0.2419	68.4750	0.2276	81.0000	
0.2417	68.2000	0.2196	83.4750	
0.2414	67.5500	0.2119	85.8750	
0.2412	66.8500	0.2047	86.7500	
0.2409	66.8250	0.1979	87.5000	
0.2407	66.7000	0.1915	87.7250	
0.2404	66.6000	0.1855	87.9750	
0.2402	66.4750	0.1800	88.2500	
0.2400	66.0750	0.1750	88.0500	
0.2398	65.9750	0.1702	87.6250	
0.2395	66.1500	0.1658	86.5000	
0.2392	66.3000	0.1624	86.3750	
0.2389	66.2750	0.1598	85.9250	
0.2385	65.0250	0.1579	85.7500	
0.2381	63.5500	0.1563	85.6250	
0.2377	63.0000	0.1550	85.4750	
0.2372	64.2250	0.1540	85.4500	
0.2368	64.8500	0.1531	85.2500	
0.2364	63.5000	0.1524	85.2000	
0.2359	63.5750	0.1517	85.3500	
0.2354	63.5250	0.1512	85.1250	
0.2349	64.7500	0.1507	85.2500	
0.2343	64.9250	0.1504	85.1500	
0.2338	64.9750	0.1500	85.2000	
0.2332	64.2500	0.1496	85.1000	
0.2326	64.1250	0.1494	85.0000	
0.2320	65.2000	0.1491	85.0750	
0.2314	65.6000	0.1488	85.0000	
0.2308	65.7000	0.1486	84.9250	
0.2302	66.3750	0.1484	84.8500	
0.2295	64.7750	0.1482	84.7500	
0.2289	65.5750	0.1481	84.8750	
0.2282	67.2500	0.1479	84.6750	
0.2276	66.9250	0.1477	84.7250	
0.2270	65.9750	0.1475	84.6750	
0.2262	66.5500	0.1474	84.6500	
0.2256	69.6000	0.1472	84.6250	
0.2249	68.0750	0.1471	84.6500	
0.2241	66.6750	0.1469	84.5000	
0.2233	68.4750	0.1468	84.6250	
0.2227	69.4500	0.1467	84.4750	
0.2219	67.6500	0.1465	84.4750	
0.2211	67.5000	0.1464	84.5250	
0.2204	69.6250	0.1463	84.3750	
0.2196	69.3750	0.1462	84.5500	
0.2188	69.5000	0.1460	84.4250	
0.2180	69.4750	0.1459	84.4000	
0.2171	69.5500	0.1458	84.3750	
0.2163	70.4000	0.1457	84.3250	
0.2154	69.9250	0.1456	84.3000	
0.2145	70.3000	0.1454	84.2250	
0.2136	71.5000	0.1453	84.2500	
0.2126	70.8250	0.1452	84.2000	
0.2117	70.8500	0.1450	84.1750	
0.2107	71.4500	0.1449	84.1750	
0.2096	71.0000	0.1447	84.1250	
0.2085	71.3750	0.1444	84.2000	
0.2075	72.7250	0.1441	84.2500	
0.2064	72.1750	0.1437	84.2500	
0.2052	72.3500	0.1434	84.3750	
0.2041	72.9250	0.1429	84.4000	
0.2027	73.0000	0.1425	84.2750	
0.2015	73.1000	0.1420	84.4250	
0.2002	72.9500	0.1415	84.4750	
0.1989	73.3500	0.1410	84.4750	
0.1976	73.2750	0.1403	84.2750	
0.1963	73.3750	0.1395	84.1000	
0.1950	73.6750	0.1383	84.1250	
0.1938	73.5750	0.1369	84.0750	
0.1923	73.8750	0.1355	84.0250	
0.1911	73.7750	0.1345	84.1000	
0.1896	73.9750	0.1334	84.1250	
0.1882	74.2750	0.1323	84.1000	
0.1868	74.1750	0.1311	84.0500	
0.1854	74.2250	0.1299	84.0500	
0.1840	74.1500	0.1285	84.1500	
0.1826	74.4250	0.1271	84.1750	
0.1812	74.2250	0.1256	84.2250	
0.1796	74.0750	0.1240	84.2750	
0.1784	74.4000	0.1224	84.3000	
0.1769	74.3500	0.1208	84.3500	
0.1754	74.3750	0.1190	84.4000	
0.1741	74.3500	0.1173	84.4250	
0.1728	74.5000	0.1154	84.3250	
0.1717	74.4000	0.1135	84.4500	
0.1703	74.4750	0.1116	84.4750	
0.1689	74.3750	0.1094	84.3500	
0.1676	74.3250	0.1075	84.4000	
0.1664	74.4250	0.1052	84.3500	
0.1652	74.4250	0.1030	84.2500	
0.1641	74.3000	0.1008	84.1250	
0.1629	74.4500	0.0985	83.9000	
0.1619	74.2000	0.0964	83.9250	
0.1609	74.1500	0.0942	83.5000	
0.1599	74.0750	0.0918	83.4500	
0.1596	74.1500	0.0895	83.1000	
0.1588	74.5750	0.0873	82.8750	
0.1577	74.2250	0.0851	82.6500	
0.1565	74.5000	0.0830	82.3500	
0.1557	74.0750	0.0807	82.0500	
0.1552	74.3500	0.0785	81.8250	
0.1542	74.2000	0.0764	81.4250	
0.1536	74.2750	0.0742	81.2500	
0.1531	74.2750	0.0721	81.0000	
0.1526	74.1500	0.0701	80.7250	
0.1518	74.3000	0.0680	80.3500	
0.1516	74.3000	0.0661	79.9000	
0.1510	74.2500	0.0643	79.5750	
0.1505	74.3000	0.0623	79.5750	
0.1500	74.4750	0.0603	79.1500	
0.1496	74.5000	0.0585	78.8000	
0.1492	74.4750	0.0568	78.7250	
0.1489	74.3000	0.0550	78.3250	
0.1485	74.3750	0.0534	78.1500	
0.1481	74.3500	0.0518	77.9250	
0.1479	74.1500	0.0502	77.7500	
0.1476	74.2000	0.0487	77.4750	
0.1473	74.3500	0.0472	77.1000	
0.1471	73.8000	0.0457	77.0250	
0.1468	74.2250	0.0443	76.5500	
0.1466	73.9750	0.0430	76.4750	
0.1467	73.8500	0.0416	76.3500	
0.1462	73.7500	0.0402	76.1250	
0.1459	73.7750	0.0390	75.8750	
0.1457	73.7500	0.0377	75.9000	
0.1457	73.9000	0.0365	75.4500	
0.1456	73.6500	0.0352	75.2750	
0.1452	73.9000	0.0342	75.2250	
0.1452	73.9000	0.0330	75.1000	
0.1453	74.0500	0.0319	74.7250	
0.1448	73.9500	0.0308	74.6000	
0.1447	73.8000	0.0298	74.4250	
0.1445	73.7500	0.0288	74.4250	
0.1446	73.5250	0.0278	74.2000	
0.1442	73.7250	0.0270	74.0750	
0.1442	73.0250	0.0261	73.9750	
0.1440	73.2500	0.0252	73.8250	
0.1439	72.8500	0.0244	73.8250	
0.1442	72.4250	0.0236	73.6500	
0.1443	72.1500	0.0228	73.4500	
0.1437	71.5750	0.0221	73.4750	
0.1436	70.0500	0.0214	73.3500	
0.1434	68.9000	0.0208	73.2000	
0.1433	68.7500	0.0202	73.2000	
0.1431	69.1750	0.0196	73.0750	
0.1430	68.3000	0.0190	73.0750	
0.1429	67.6500	0.0185	73.0250	
0.1430	65.5250	0.0180	73.0500	
0.1428	64.8000	0.0175	72.9750	
0.1427	62.9500	0.0170	72.8250	
0.1426	62.4250	0.0165	72.7250	
0.1426	60.0500	0.0160	72.6500	
0.1424	61.1500	0.0156	72.5750	
0.1423	60.0250	0.0151	72.6000	
0.1421	59.7500	0.0147	72.4750	
0.1420	59.1500	0.0143	72.4500	
0.1420	59.8750	0.0138	72.4750	
0.1420	57.0000	0.0134	72.2750	
0.1418	57.0250	0.0129	72.4000	
0.1416	55.2500	0.0125	72.2500	
0.1418	57.2500	0.0120	72.3500	
0.1415	52.2000	0.0116	72.3000	
0.1415	52.6250	0.0111	72.1250	
0.1413	49.1750	0.0107	72.0750	
0.1411	46.1250	0.0102	72.2750	
0.1412	47.4250	0.0098	72.1500	
0.1409	46.5750	0.0093	72.1500	
0.1408	43.6750	0.0089	72.0500	
0.1411	41.4500	0.0085	72.2500	
0.1408	47.3500	0.0081	72.2500	
0.1409	42.0750	0.0078	72.3000	
0.1404	42.9500	0.0075	72.3250	
0.1405	38.9500	0.0072	72.4000	
0.1405	41.8500	0.0068	72.4250	
0.1404	39.1750	0.0066	72.7000	
0.1402	40.1250	0.0063	72.6500	
0.1400	39.4750	0.0060	72.7000	
0.1401	40.1750	0.0058	72.6750	
0.1403	37.6250	0.0055	72.7250	
0.1400	39.6750	0.0053	72.6750	
0.1398	38.5250	0.0051	72.8500	
0.1397	38.4250	0.0049	72.7750	
0.1397	38.7500	0.0047	72.8000	
0.1396	38.4000	0.0046	72.8750	
0.1395	38.2000	0.0044	73.0250	
0.1395	37.6750	0.0043	73.1000	
0.1396	35.5000	0.0042	73.1000	
0.1397	38.9500	0.0040	73.2000	
0.1395	35.3750	0.0039	73.3000	
0.1397	38.2750	0.0038	73.3000	
0.1395	37.4500	0.0037	73.3500	
0.1392	36.3000	0.0037	73.2750	
0.1391	37.1500	0.0035	73.4000	
0.1391	37.0250	0.0035	73.3750	
0.1389	36.2750	0.0034	73.5000	
0.1391	36.3500	0.0033	73.5750	
0.1392	38.2750	0.0032	73.5250	
0.1394	35.0000	0.0032	73.6750	
0.1389	37.8750	0.0031	73.5500	
0.1391	35.0750	0.0030	73.7500	
0.1391	37.3500	0.0030	73.7000	
0.1386	35.3250	0.0029	73.8500	
0.1387	36.4500	0.0029	73.7250	
0.1386	35.9750	0.0028	73.8000	
0.1385	36.0500	0.0027	73.8250	
0.1384	36.6500	0.0027	73.9000	
0.1385	35.5500	0.0026	73.9250	
0.1384	36.9250	0.0026	73.8500	
0.1384	35.7250	0.0025	74.0000	
0.1384	36.3750	0.0025	73.8750	
0.1383	35.7750	0.0025	73.9750	
0.1385	37.7750	0.0024	73.9250	
0.1385	34.8250	0.0024	73.9750	
0.1383	35.8250	0.0023	73.9500	
0.1382	35.6000	0.0023	73.9000	
0.1381	36.2750	0.0023	73.9500	
0.1381	35.7500	0.0022	73.9250	
0.1381	36.5000	0.0022	74.0000	
0.1379	35.3750	0.0022	73.9500	
0.1379	35.4750	0.0021	74.0250	
0.1379	35.9000	0.0021	74.0000	
0.1380	35.5750	0.0021	74.0250	
0.1380	35.6750	0.0021	74.0500	
0.1379	35.9750	0.0020	74.0250	
0.1379	34.7000	0.0020	74.0750	
0.1378	35.2000	0.0020	74.0500	
0.1378	34.9000	0.0019	74.0750	
0.1377	34.9750	0.0019	74.0250	
0.1376	34.8000	0.0019	74.0250	
0.1376	34.8000	0.0019	74.0750	
0.1377	35.4500	0.0018	74.0750	
0.1376	34.8250	0.0018	74.0500	
0.1376	34.8000	0.0018	74.1250	
0.1377	35.9000	0.0018	74.1000	
0.1376	34.6250	0.0018	74.1500	
0.1376	35.3250	0.0017	74.0750	
0.1376	34.8750	0.0017	74.1250	
0.1376	35.6250	0.0017	74.1000	
0.1376	34.8000	0.0017	74.1000	
0.1374	35.3750	0.0017	74.0250	
0.1374	34.9000	0.0017	74.1250	
0.1379	35.6750	0.0016	74.1500	
0.1377	33.5250	0.0016	74.1250	
0.1377	35.1250	0.0016	74.1250	
0.1373	33.9500	0.0016	74.1000	
0.1376	35.5500	0.0016	74.2250	
0.1383	33.9000	0.0016	74.1500	
0.1380	36.7500	0.0015	74.2000	
0.1374	33.4250	0.0015	74.1250	
0.1373	35.2250	0.0015	74.1500	
0.1371	35.2000	0.0015	74.1500	
0.1373	34.8750	0.0015	74.1500	
0.1373	36.2250	0.0015	74.1750	
0.1374	33.9250	0.0015	74.2000	
0.1375	36.2000	0.0014	74.1750	
0.1372	34.4750	0.0014	74.1250	
0.1371	35.1750	0.0014	74.1750	
0.1372	35.5000	0.0014	74.2000	
0.1371	34.6250	0.0014	74.1750	
0.1373	35.3750	0.0014	74.1750	
0.1372	34.1000	0.0014	74.1500	
0.1373	35.7250	0.0014	74.2000	
0.1371	34.5000	0.0014	74.1500	
0.1372	35.2750	0.0013	74.1750	
0.1372	34.0000	0.0013	74.2250	
0.1372	35.6250	0.0013	74.2000	
0.1371	34.4000	0.0013	74.1500	
0.1371	35.8250	0.0013	74.2000	
0.1370	35.8000	0.0013	74.1750	
0.1370	34.8750	0.0013	74.1500	
0.1371	35.7000	0.0013	74.2000	
0.1371	34.7500	0.0013	74.2250	
0.1372	36.0000	0.0013	74.2000	
0.1369	34.4000	0.0013	74.1750	
0.1370	36.1000	0.0013	74.1750	
0.1369	35.1250	0.0012	74.2000	
0.1369	34.8250	0.0012	74.2250	
0.1370	36.3000	0.0012	74.1750	
0.1374	34.8250	0.0012	74.2500	
0.1370	36.4750	0.0012	74.2000	
0.1370	35.3750	0.0012	74.2250	
0.1369	35.7500	0.0012	74.1750	
0.1370	36.2750	0.0012	74.1750	
0.1370	35.8500	0.0012	74.2000	
0.1368	36.7750	0.0012	74.2000	
0.1366	35.9250	0.0011	74.2000	
0.1367	35.8000	0.0011	74.1500	
0.1367	35.9750	0.0011	74.2250	
0.1367	35.8000	0.0011	74.1750	
0.1367	36.3750	0.0011	74.2500	
0.1368	36.0250	0.0011	74.2250	
0.1367	36.7500	0.0011	74.2250	
0.1367	36.3000	0.0011	74.2500	
0.1367	36.0750	0.0011	74.2250	
0.1368	37.6000	0.0011	74.2500	
0.1366	36.3500	0.0011	74.1750	
0.1367	37.3750	0.0011	74.1750	
0.1366	36.9750	0.0011	74.1750	
0.1367	36.7750	0.0011	74.2250	
0.1368	37.7750	0.0011	74.2500	
0.1367	36.6750	0.0011	74.1750	
0.1368	37.4250	0.0011	74.2000	
0.1367	36.9250	0.0011	74.2000	
0.1367	38.1000	0.0011	74.2250	
0.1369	36.2750	0.0010	74.1750	
0.1366	37.4000	0.0010	74.1500	
0.1366	37.4250	0.0010	74.2000	
0.1365	37.9500	0.0010	74.1750	
0.1369	36.9750	0.0010	74.2500	
0.1365	37.5500	0.0010	74.2250	
0.1364	37.4250	0.0010	74.2250	
0.1364	37.6750	0.0010	74.2250	
0.1364	37.5000	0.0010	74.2000	
0.1365	37.8500	0.0010	74.1750	
0.1365	37.8500	0.0010	74.2250	
0.1364	37.8250	0.0010	74.2500	
0.1364	37.1000	0.0010	74.2250	
0.1364	37.6500	0.0010	74.2000	
0.1364	37.6500	0.0010	74.2000	
0.1365	38.0250	0.0010	74.2000	
0.1366	37.0500	0.0010	74.2000	
0.1368	38.7250	0.0009	74.2000	
0.1366	37.4500	0.0009	74.1750	
0.1365	38.8250	0.0009	74.2250	
0.1363	38.0500	0.0009	74.2000	
0.1362	38.5500	0.0009	74.2000	
0.1364	38.4250	0.0009	74.2250	
0.1365	38.3500	0.0009	74.2000	
0.1364	37.9250	0.0009	74.2750	
0.1365	38.5250	0.0009	74.2750	
0.1363	37.6000	0.0009	74.2000	
0.1363	38.5250	0.0009	74.2750	
0.1362	38.3250	0.0009	74.2500	
0.1362	38.4500	0.0009	74.2250	
0.1363	38.5000	0.0009	74.2500	
0.1364	38.2500	0.0009	74.2500	
0.1363	38.6750	0.0009	74.2250	
0.1364	37.4750	0.0009	74.2250	
0.1365	39.1500	0.0009	74.2250	
0.1364	38.2000	0.0009	74.2500	
0.1361	38.7750	0.0009	74.2250	
0.1363	38.9500	0.0009	74.2500	
0.1362	38.5000	0.0009	74.2250	
0.1362	39.3000	0.0009	74.2500	
0.1362	38.5000	0.0009	74.2250	
0.1363	39.4500	0.0009	74.2500	
0.1362	38.3750	0.0009	74.3000	
0.1361	39.1250	0.0009	74.1750	
0.1360	38.9500	0.0009	74.2250	
0.1361	38.8500	0.0008	74.2500	
0.1363	38.7500	0.0008	74.2000	
0.1363	39.6500	0.0008	74.1750	
0.1363	38.5500	0.0008	74.2250	
0.1361	39.6500	0.0008	74.2250	
0.1361	39.5750	0.0008	74.2250	
0.1360	39.2250	0.0008	74.1750	
0.1361	39.2750	0.0008	74.2500	
0.1362	39.0750	0.0008	74.2250	
0.1361	39.6000	0.0008	74.2500	
0.1360	38.9000	0.0008	74.2250	
0.1360	39.1750	0.0008	74.2500	
0.1361	39.4750	0.0008	74.2000	
0.1364	38.6250	0.0008	74.2250	
0.1361	39.8750	0.0008	74.2500	
0.1360	39.2750	0.0008	74.2250	
0.1361	40.0500	0.0008	74.2500	
0.1363	39.2500	0.0008	74.2250	
0.1361	40.0750	0.0008	74.2250	
0.1360	39.8500	0.0008	74.2500	
0.1362	39.0000	0.0008	74.2250	
0.1360	39.4500	0.0008	74.3500	
0.1360	39.7250	0.0008	74.3000	
0.1360	39.8000	0.0008	74.2000	
0.1359	39.5750	0.0008	74.2000	
0.1361	39.5250	0.0008	74.2250	
0.1360	39.7750	0.0008	74.2000	
0.1362	39.5500	0.0008	74.2000	
0.1361	40.4500	0.0008	74.2500	
0.1360	39.2750	0.0008	74.2250	
0.1360	39.6500	0.0007	74.2250	
0.1360	39.9750	0.0007	74.2750	
0.1359	40.1000	0.0007	74.3000	
0.1359	39.5750	0.0007	74.2750	
0.1360	39.5250	0.0007	74.2500	
0.1359	40.2500	0.0007	74.2000	
0.1359	39.8500	0.0007	74.2250	
0.1359	40.0750	0.0007	74.2500	
0.1359	39.7250	0.0007	74.2500	
0.1358	40.1000	0.0007	74.2500	
0.1359	39.7250	0.0007	74.3250	
0.1359	39.8000	0.0007	74.2500	
0.1358	40.2000	0.0007	74.2500	
0.1359	39.8500	0.0007	74.3000	
0.1358	40.4250	0.0007	74.3000	
0.1358	40.1000	0.0007	74.2750	
0.1360	39.8250	0.0007	74.2500	
0.1363	38.7500	0.0007	74.2500	
0.1360	40.6000	0.0007	74.2500	
0.1359	39.6000	0.0007	74.3000	
0.1358	40.1250	0.0007	74.3500	
0.1359	39.8750	0.0007	74.2500	
0.1357	39.9250	0.0007	74.2250	
0.1358	40.1000	0.0007	74.2500	
0.1358	40.1000	0.0007	74.2250	
0.1359	40.6750	0.0007	74.2500	
0.1360	40.2250	0.0007	74.2500	
0.1357	40.4750	0.0007	74.2750	
0.1358	40.4000	0.0007	74.2500	
0.1358	39.6500	0.0007	74.2500	
0.1357	40.1000	0.0007	74.2750	
0.1358	40.2000	0.0007	74.2500	
0.1358	40.2500	0.0007	74.2250	
0.1358	39.5250	0.0007	74.2500	
0.1357	40.2500	0.0007	74.2500	
0.1358	40.4750	0.0007	74.2500	
0.1357	39.8000	0.0007	74.2500	
0.1357	40.6000	0.0007	74.2750	
0.1357	40.2500	0.0007	74.2750	
0.1357	40.3250	0.0007	74.2750	
0.1356	40.2000	0.0007	74.2750	
0.1357	40.2250	0.0007	74.2250	
0.1357	40.8000	0.0007	74.3250	
0.1356	40.4000	0.0007	74.3250	
0.1357	39.9250	0.0007	74.3000	
0.1358	41.1000	0.0007	74.3000	
0.1359	39.7250	0.0007	74.2250	
0.1362	41.2250	0.0007	74.3000	
0.1361	39.5000	0.0007	74.2000	
0.1360	41.2500	0.0007	74.2750	
0.1356	40.6000	0.0007	74.2750	
0.1356	40.5500	0.0007	74.2750	
0.1359	41.8750	0.0007	74.2500	
0.1357	40.5250	0.0006	74.2750	
0.1358	41.5000	0.0006	74.2250	
0.1355	40.8250	0.0006	74.2750	
0.1356	40.8500	0.0006	74.2750	
0.1356	41.2250	0.0006	74.2500	
0.1356	41.0250	0.0006	74.2500	
0.1356	41.4500	0.0006	74.2750	
0.1357	40.9000	0.0006	74.2750	
0.1355	41.1000	0.0006	74.2500	
0.1355	41.2500	0.0006	74.3250	
0.1356	41.1750	0.0006	74.3000	
0.1356	41.9750	0.0006	74.2750	
0.1356	41.2500	0.0006	74.3000	
0.1355	41.2750	0.0006	74.3000	
0.1355	42.1000	0.0006	74.3250	
0.1356	41.2000	0.0006	74.3000	
0.1358	42.1250	0.0006	74.2750	
0.1356	41.4250	0.0006	74.2750	
0.1355	41.4000	0.0006	74.2750	
0.1356	42.1750	0.0006	74.2750	
0.1356	42.1000	0.0006	74.3000	
0.1355	41.6000	0.0006	74.3250	
0.1355	42.1000	0.0006	74.3000	
0.1355	42.4500	0.0006	74.4000	
0.1354	41.9750	0.0006	74.3000	
0.1355	42.3250	0.0006	74.2750	
0.1356	42.2500	0.0006	74.2750	
0.1355	42.6500	0.0006	74.3000	
0.1355	42.4000	0.0006	74.2250	
0.1354	42.2500	0.0006	74.3000	
0.1357	41.9250	0.0006	74.3000	
0.1358	42.7250	0.0006	74.2750	
0.1354	42.0000	0.0006	74.2750	
0.1355	42.3750	0.0006	74.3000	
0.1354	42.6250	0.0006	74.3250	
0.1354	42.5500	0.0006	74.2750	
0.1355	42.4000	0.0006	74.2750	
0.1356	42.5250	0.0006	74.2500	
0.1358	41.9500	0.0006	74.3000	
0.1357	42.9250	0.0006	74.3500	
0.1356	42.4500	0.0006	74.3000	
0.1354	43.0250	0.0006	74.2750	
0.1354	42.7500	0.0006	74.2500	
0.1354	42.4000	0.0006	74.2500	
0.1355	42.8500	0.0006	74.3750	
0.1356	42.2750	0.0006	74.3000	
0.1356	43.3500	0.0006	74.3000	
0.1354	42.6000	0.0006	74.3500	
0.1354	42.7000	0.0006	74.2750	
0.1353	42.7250	0.0006	74.2750	
0.1356	42.4750	0.0006	74.2750	
0.1354	42.8000	0.0006	74.3000	
0.1353	42.6750	0.0006	74.3000	
0.1353	42.8750	0.0006	74.3250	
0.1354	43.2000	0.0006	74.3000	
0.1353	42.7500	0.0006	74.3000	
0.1354	42.6500	0.0006	74.3000	
0.1354	42.6500	0.0006	74.3000	
0.1354	42.8250	0.0006	74.3250	
0.1353	42.5250	0.0006	74.3750	
0.1353	42.6250	0.0006	74.3250	
0.1353	42.8500	0.0006	74.2750	
0.1354	42.3000	0.0006	74.2750	
0.1354	43.1500	0.0006	74.3000	
0.1354	42.6500	0.0006	74.3000	
0.1354	43.1000	0.0006	74.3500	
0.1354	42.5000	0.0006	74.3250	
0.1353	42.7500	0.0006	74.2750	
0.1352	42.3750	0.0006	74.3250	
0.1352	42.3750	0.0006	74.3000	
0.1353	43.2000	0.0006	74.3250	
0.1356	42.1500	0.0006	74.3000	
0.1354	43.3000	0.0006	74.4250	
0.1352	42.5750	0.0006	74.3750	
0.1353	42.6000	0.0006	74.3000	
0.1352	43.2750	0.0006	74.3250	
0.1352	42.8250	0.0006	74.3250	
0.1353	42.6750	0.0006	74.3500	
0.1352	42.4500	0.0006	74.3250	
0.1352	42.5000	0.0006	74.3250	
0.1353	43.0500	0.0006	74.3750	
0.1353	42.6250	0.0006	74.3750	
0.1352	43.4000	0.0006	74.2750	
0.1352	42.7250	0.0006	74.3000	
0.1353	42.5000	0.0006	74.3500	
0.1351	42.6250	0.0006	74.3250	
0.1352	42.7250	0.0006	74.3500	
0.1352	43.6750	0.0006	74.4000	
0.1353	42.4750	0.0005	74.3500	
0.1352	42.7500	0.0005	74.3500	
0.1351	42.9500	0.0005	74.3000	
0.1353	42.4500	0.0005	74.3500	
0.1352	42.9000	0.0005	74.3250	
0.1351	42.7750	0.0005	74.2750	
0.1351	42.9250	0.0005	74.3000	
0.1353	42.6500	0.0005	74.3250	
0.1352	43.2000	0.0005	74.3750	
0.1351	43.1750	0.0005	74.2750	
0.1352	43.2250	0.0005	74.3250	
0.1352	42.8250	0.0005	74.3000	
0.1351	42.9250	0.0005	74.3250	
0.1351	42.9750	0.0005	74.3250	
0.1351	42.7500	0.0005	74.3000	
0.1352	42.9750	0.0005	74.3000	
0.1352	43.0000	0.0005	74.3750	
0.1352	42.2000	0.0005	74.3250	
0.1350	42.5000	0.0005	74.2750	
0.1352	43.3000	0.0005	74.3500	
0.1351	43.2000	0.0005	74.3000	
0.1351	42.8500	0.0005	74.4000	
0.1351	43.0250	0.0005	74.3750	
0.1350	43.1250	0.0005	74.3500	
0.1351	43.0500	0.0005	74.2750	
0.1351	43.5500	0.0005	74.3750	
0.1352	42.6000	0.0005	74.3250	
0.1352	43.5750	0.0005	74.3250	
0.1351	42.8250	0.0005	74.5000	
0.1350	42.9000	0.0005	74.3750	
0.1352	43.1500	0.0005	74.3500	
0.1353	42.2250	0.0005	74.3500	
0.1353	43.4750	0.0005	74.4000	
0.1353	42.9250	0.0005	74.3000	
0.1353	43.4500	0.0005	74.3000	
0.1350	43.2250	0.0005	74.3250	
0.1351	42.5250	0.0005	74.4000	
0.1352	43.9000	0.0005	74.3500	
0.1351	42.6250	0.0005	74.3000	
0.1350	43.2000	0.0005	74.3500	
0.1350	43.1500	0.0005	74.3000	
0.1350	42.8750	0.0005	74.3750	
0.1349	43.2500	0.0005	74.4000	
0.1350	42.9750	0.0005	74.4000	
0.1350	43.2750	0.0005	74.3500	
0.1350	42.9500	0.0005	74.3500	
0.1350	43.4750	0.0005	74.3500	
0.1351	43.1000	0.0005	74.3250	
0.1350	43.0750	0.0005	74.3750	
0.1350	43.2250	0.0005	74.3750	
0.1351	43.1250	0.0005	74.4250	
0.1350	43.2500	0.0005	74.3750	
0.1351	43.6250	0.0005	74.3250	
0.1351	43.1500	0.0005	74.4000	
0.1350	43.2500	0.0005	74.4500	
0.1349	42.9750	0.0005	74.3750	
0.1350	43.5500	0.0005	74.5000	
0.1349	43.5000	0.0005	74.3500	
0.1349	42.8500	0.0005	74.3000	
0.1350	43.4000	0.0005	74.3750	
0.1350	43.5000	0.0005	74.3500	
0.1351	42.6500	0.0005	74.3250	
0.1351	43.6750	0.0005	74.3750	
0.1350	42.7500	0.0005	74.4750	
0.1349	43.2000	0.0005	74.4250	
0.1349	43.6500	0.0005	74.3250	
0.1349	42.9750	0.0005	74.3250	
0.1350	43.4000	0.0005	74.3250	
0.1349	43.4000	0.0005	74.3500	
0.1351	43.4500	0.0005	74.3750	
0.1352	42.6750	0.0005	74.3000	
0.1354	44.4500	0.0005	74.3500	
0.1349	42.7000	0.0005	74.3750	
0.1353	43.5750	0.0005	74.3500	
0.1349	43.1250	0.0005	74.4500	
0.1349	43.3500	0.0005	74.2750	
0.1349	43.8000	0.0005	74.4000	
0.1350	42.9250	0.0005	74.3500	
0.1350	43.7750	0.0005	74.3750	
0.1350	43.2000	0.0005	74.3000	
0.1348	43.4750	0.0005	74.3750	
0.1351	43.6250	0.0005	74.4250	
0.1350	42.8000	0.0005	74.4000	
0.1350	44.2000	0.0005	74.4000	
0.1351	42.3000	0.0005	74.3750	
0.1350	43.5500	0.0005	74.3250	
0.1350	43.3250	0.0005	74.4250	
0.1348	43.4000	0.0005	74.5250	
0.1349	43.5500	0.0005	74.3500	
0.1350	43.5500	0.0005	74.3250	
0.1349	43.3750	0.0005	74.4250	
0.1349	43.6250	0.0005	74.3500	
0.1348	43.1250	0.0005	74.4000	
0.1348	43.4750	0.0005	74.5250	
0.1350	44.1750	0.0005	74.3500	
0.1349	43.0250	0.0005	74.3500	
0.1349	43.4000	0.0005	74.3750	
0.1350	43.7250	0.0005	74.3750	
0.1351	42.5750	0.0005	74.3750	
0.1349	44.0750	0.0005	74.3750	
0.1348	43.2000	0.0005	74.4000	
0.1348	43.4500	0.0005	74.4000	
0.1348	43.6500	0.0005	74.3500	
0.1349	43.2500	0.0005	74.3750	
0.1349	44.0250	0.0005	74.3750	
0.1348	43.3250	0.0005	74.3750	
0.1349	43.1000	0.0005	74.4000	
0.1351	44.5250	0.0005	74.4250	
0.1349	43.0750	0.0005	74.4500	
0.1350	44.1250	0.0005	74.2750	
0.1349	43.5000	0.0005	74.4500	
0.1349	43.7250	0.0005	74.4000	
0.1348	43.5500	0.0005	74.3250	
0.1348	43.8000	0.0005	74.4000	
0.1348	43.6750	0.0005	74.4250	
0.1348	43.5000	0.0005	74.3000	
0.1349	43.8250	0.0005	74.3250	
0.1348	43.3750	0.0005	74.3750	
0.1347	43.2250	0.0005	74.3500	
0.1348	43.7750	0.0005	74.4000	
0.1348	43.5000	0.0005	74.4250	
0.1347	43.5000	0.0005	74.3500	
0.1348	43.4250	0.0005	74.4500	
0.1347	43.5000	0.0005	74.4750	
0.1347	43.6750	0.0005	74.4250	
0.1347	43.4500	0.0005	74.4000	
0.1348	43.7000	0.0005	74.3750	
0.1349	43.1750	0.0005	74.3750	
0.1348	43.5000	0.0005	74.4250	
0.1347	43.7750	0.0005	74.3250	
0.1347	43.2750	0.0005	74.5000	
0.1347	43.2000	0.0005	74.3750	
0.1348	43.6500	0.0005	74.3750	
0.1349	42.8750	0.0005	74.4000	
0.1347	43.7500	0.0005	74.3750	
0.1347	43.6500	0.0005	74.4500	
0.1348	43.1250	0.0005	74.4250	
0.1347	43.7500	0.0005	74.3750	
0.1347	43.8250	0.0005	74.3750	
0.1347	43.1250	0.0005	74.3750	
0.1347	44.2500	0.0005	74.3500	
0.1348	43.3750	0.0005	74.4000	
0.1348	43.2250	0.0005	74.5500	
0.1347	43.3750	0.0005	74.5250	
0.1347	43.5250	0.0005	74.4750	
0.1347	43.6000	0.0005	74.2750	
0.1347	43.3000	0.0005	74.4750	
0.1348	42.9500	0.0005	74.5250	
0.1348	44.0500	0.0005	74.4000	
0.1346	43.4250	0.0005	74.5250	
0.1348	42.9000	0.0004	74.4250	
0.1349	44.4500	0.0004	74.3500	
0.1348	43.1250	0.0004	74.3750	
0.1346	43.7750	0.0004	74.3500	
0.1349	44.0000	0.0004	74.4750	
0.1347	43.9250	0.0004	74.5250	
0.1347	43.0250	0.0004	74.3250	
0.1347	43.1500	0.0004	74.3500	
0.1348	43.6500	0.0004	74.3500	
0.1346	43.4500	0.0004	74.4000	
0.1347	43.4000	0.0004	74.4250	
0.1346	43.7000	0.0004	74.4250	
0.1347	43.1500	0.0004	74.3000	
0.1348	44.0500	0.0004	74.3500	
0.1349	43.2000	0.0004	74.4000	
0.1347	43.8000	0.0004	74.3250	
0.1346	44.0250	0.0004	74.3500	
0.1347	43.3500	0.0004	74.5250	
0.1346	43.1500	0.0004	74.4000	
0.1346	44.2000	0.0004	74.3500	
0.1346	43.3250	0.0004	74.2500	
0.1346	43.4500	0.0004	74.3250	
0.1346	43.7500	0.0004	74.3250	
0.1346	43.2500	0.0004	74.3000	
0.1347	43.7000	0.0004	74.3000	
0.1346	43.4000	0.0004	74.3500	
0.1347	43.7000	0.0004	74.3750	
0.1347	43.1750	0.0004	74.3500	
0.1346	43.6250	0.0004	74.2750	
0.1346	44.0000	0.0004	74.3250	
0.1346	43.5750	0.0004	74.3750	
0.1346	43.1000	0.0004	74.3500	
0.1346	43.6500	0.0004	74.3250	
0.1346	43.2250	0.0004	74.3250	
0.1346	43.3750	0.0004	74.3250	
0.1345	43.6250	0.0004	74.4000	
0.1345	43.5250	0.0004	74.4000	
0.1346	43.5000	0.0004	74.3000	
0.1345	43.2500	0.0004	74.2500	
0.1345	43.2750	0.0004	74.3000	
0.1345	43.8500	0.0004	74.3750	
0.1345	43.6250	0.0004	74.4000	
0.1346	43.1250	0.0004	74.3750	
0.1345	43.4000	0.0004	74.3750	
0.1345	43.3250	0.0004	74.3500	
0.1346	44.1000	0.0004	74.3250	
0.1345	43.1250	0.0004	74.2750	
0.1346	43.6500	0.0004	74.3500	
0.1345	43.3250	0.0004	74.3250	
0.1345	43.4500	0.0004	74.2750	
0.1346	44.4000	0.0004	74.3750	
0.1345	43.0250	0.0004	74.3250	
0.1345	43.4250	0.0004	74.3250	
0.1346	43.5250	0.0004	74.4000	
0.1345	43.0500	0.0004	74.3750	
0.1345	44.0000	0.0004	74.3250	
0.1346	43.7750	0.0004	74.4750	
0.1346	43.2250	0.0004	74.3500	
0.1345	43.6250	0.0004	74.3000	
0.1345	43.5500	0.0004	74.3500	
0.1345	43.0500	0.0004	74.3500	
0.1345	43.9750	0.0004	74.3250	
0.1344	43.8750	0.0004	74.3000	
0.1344	43.5750	0.0004	74.4500	
0.1344	43.6500	0.0004	74.3750	
0.1345	43.2500	0.0004	74.3750	
0.1345	43.3750	0.0004	74.3500	
0.1344	43.2500	0.0004	74.3500	
0.1345	43.6000	0.0004	74.3750	
0.1344	43.4750	0.0004	74.4250	
0.1345	43.3250	0.0004	74.3000	
0.1346	44.1750	0.0004	74.2750	
0.1344	43.0500	0.0004	74.4250	
0.1346	44.3000	0.0004	74.3250	
0.1345	42.9750	0.0004	74.3250	
0.1343	43.7250	0.0004	74.3750	
0.1344	44.1000	0.0004	74.3750	
0.1344	43.2750	0.0004	74.3500	
0.1343	43.1000	0.0004	74.3000	
0.1344	43.6250	0.0004	74.3250	
0.1343	43.2750	0.0004	74.3250	
0.1343	43.7250	0.0004	74.3500	
0.1343	43.7750	0.0004	74.3500	
0.1344	43.0750	0.0004	74.3250	
0.1343	43.9000	0.0004	74.3750	
0.1344	43.3000	0.0004	74.4750	
0.1343	43.3750	0.0004	74.3500	
0.1343	43.8000	0.0004	74.3500	
0.1344	43.0500	0.0004	74.3500	
0.1343	43.6250	0.0004	74.4000	
0.1344	44.0750	0.0004	74.3500	
0.1344	43.1750	0.0004	74.3750	
0.1343	43.6250	0.0004	74.3750	
0.1343	43.6250	0.0004	74.4250	
0.1343	43.6750	0.0004	74.3750	
0.1343	43.9000	0.0004	74.3250	
0.1343	43.7750	0.0004	74.2750	
0.1343	43.2500	0.0004	74.3500	
0.1342	43.8500	0.0004	74.4000	
0.1343	44.1500	0.0004	74.3750	
0.1344	43.6000	0.0004	74.4750	
0.1343	43.4250	0.0004	74.3750	
0.1342	43.6000	0.0004	74.4500	
0.1343	43.4000	0.0004	74.4000	
0.1343	43.6500	0.0004	74.3250	
0.1343	43.7750	0.0004	74.3750	
0.1342	43.9500	0.0004	74.3750	
0.1344	43.0000	0.0004	74.3500	
0.1342	44.0250	0.0004	74.4500	
0.1343	44.2000	0.0004	74.3500	
0.1343	43.1000	0.0004	74.3750	
0.1345	44.7500	0.0004	74.3750	
0.1343	43.1250	0.0004	74.4250	
0.1343	43.7250	0.0004	74.4000	
0.1344	43.7250	0.0004	74.3750	
0.1343	43.8750	0.0004	74.3750	
0.1342	43.4000	0.0004	74.3500	
0.1341	43.2250	0.0004	74.3250	
0.1343	44.1500	0.0004	74.3750	
0.1342	43.1500	0.0004	74.3250	
0.1342	43.9250	0.0004	74.3500	
0.1343	44.5750	0.0004	74.3500	
0.1342	43.7750	0.0004	74.3750	
0.1342	44.0000	0.0004	74.3250	
0.1342	43.7750	0.0004	74.4250	
0.1342	44.0000	0.0004	74.3500	
0.1344	43.3750	0.0004	74.3750	
0.1342	44.2750	0.0004	74.4000	
0.1342	44.7000	0.0004	74.4000	
0.1343	42.8000	0.0004	74.3500	
0.1341	44.3000	0.0004	74.3750	
0.1343	43.9000	0.0004	74.3250	
0.1341	44.1500	0.0004	74.3500	
0.1341	43.6750	0.0004	74.3750	
0.1342	43.8500	0.0004	74.3500	
0.1341	43.9500	0.0004	74.3500	
0.1342	43.9250	0.0004	74.3250	
0.1342	44.1750	0.0004	74.3250	
0.1341	44.2250	0.0004	74.3250	
0.1342	44.6500	0.0004	74.4500	
0.1345	43.0500	0.0004	74.4000	
0.1343	44.9250	0.0004	74.3250	
0.1341	44.6000	0.0004	74.3250	
0.1342	43.1500	0.0004	74.3750	
0.1345	44.9000	0.0004	74.4250	
0.1340	43.2000	0.0004	74.4000	
0.1342	43.8750	0.0004	74.3500	
0.1343	44.1250	0.0004	74.3750	
0.1341	44.8750	0.0004	74.4000	
0.1341	44.7000	0.0004	74.3250	
0.1343	43.2000	0.0004	74.3000	
0.1343	44.8000	0.0004	74.4750	
0.1342	44.4500	0.0004	74.3500	
0.1342	44.2000	0.0004	74.4750	
0.1342	44.9750	0.0004	74.3500	
0.1343	43.6750	0.0004	74.4250	
0.1344	44.8500	0.0004	74.4250	
0.1343	43.7500	0.0004	74.5250	
0.1341	44.5000	0.0004	74.3500	
0.1340	44.6750	0.0004	74.5000	
0.1341	43.9000	0.0004	74.4500	
0.1341	44.0750	0.0004	74.4750	
0.1340	44.4750	0.0004	74.4000	
0.1340	44.2250	0.0004	74.3750	
0.1340	44.5000	0.0004	74.4500	
0.1342	44.9000	0.0004	74.5000	
0.1341	43.8250	0.0004	74.4250	
0.1341	44.7250	0.0004	74.4000	
0.1340	44.8500	0.0004	74.4500	
0.1341	43.8500	0.0004	74.3750	
0.1341	44.9000	0.0004	74.3250	
0.1340	44.0500	0.0004	74.3500	
0.1340	44.3750	0.0004	74.3750	
0.1340	44.5750	0.0004	74.3500	
0.1341	44.1000	0.0004	74.4000	
0.1339	44.4250	0.0004	74.4250	
0.1340	44.5750	0.0004	74.3250	
0.1340	44.2500	0.0004	74.3750	
0.1341	44.8500	0.0004	74.4000	
0.1340	44.4000	0.0004	74.3500	
0.1341	44.0000	0.0004	74.4250	
0.1340	44.7750	0.0004	74.3750	
0.1340	44.2750	0.0004	74.4000	
0.1339	44.5250	0.0004	74.4000	
0.1340	44.8750	0.0004	74.3750	
0.1340	44.1500	0.0004	74.4000	
0.1340	44.7500	0.0004	74.3750	
0.1339	44.4750	0.0004	74.3500	
0.1339	44.6000	0.0004	74.3500	
0.1340	44.9000	0.0004	74.3500	
0.1339	44.2500	0.0004	74.4500	
0.1341	44.6500	0.0004	74.3750	
0.1339	44.7250	0.0004	74.3750	
0.1339	44.1500	0.0004	74.3500	
0.1339	44.1250	0.0004	74.4750	
0.1339	44.6500	0.0004	74.5000	
0.1340	44.4000	0.0004	74.3750	
0.1339	44.9750	0.0004	74.3000	
0.1340	45.1250	0.0004	74.3500	
0.1340	44.2250	0.0004	74.3500	
0.1340	44.8750	0.0004	74.4250	
0.1339	44.7500	0.0004	74.3500	
0.1339	44.7000	0.0004	74.4000	
0.1340	44.8000	0.0004	74.3500	
0.1340	44.3500	0.0004	74.4000	
0.1340	45.0250	0.0004	74.3500	
0.1339	44.1750	0.0004	74.3750	
0.1339	44.1250	0.0004	74.3750	
0.1341	45.3000	0.0004	74.3750	
0.1339	44.4500	0.0004	74.3750	
0.1339	44.6000	0.0004	74.5250	
0.1339	44.7500	0.0004	74.5750	
0.1338	44.6000	0.0004	74.5000	
0.1339	44.5500	0.0004	74.4000	
0.1343	44.3500	0.0004	74.4000	
0.1341	45.6250	0.0004	74.3500	
0.1339	44.7000	0.0004	74.4500	
0.1339	44.0750	0.0004	74.5250	
0.1340	44.5500	0.0004	74.3750	
0.1339	44.9000	0.0004	74.3000	
0.1339	45.0750	0.0004	74.4750	
0.1339	44.9250	0.0004	74.3750	
0.1341	44.0500	0.0004	74.4000	
0.1338	45.0000	0.0004	74.3250	
0.1339	45.0500	0.0004	74.3750	
0.1339	44.3500	0.0004	74.3000	
0.1339	44.8250	0.0004	74.3500	
0.1339	44.1250	0.0004	74.3500	
0.1339	44.8000	0.0004	74.3250	
0.1340	44.5250	0.0004	74.3750	
0.1338	45.4500	0.0004	74.3250	
0.1338	44.5250	0.0004	74.4500	
0.1339	44.2250	0.0004	74.4250	
0.1338	44.7750	0.0004	74.4500	
0.1339	44.4000	0.0004	74.4000	
0.1340	45.2250	0.0004	74.3500	
0.1338	44.8000	0.0004	74.3250	
0.1340	43.6750	0.0004	74.4500	
0.1341	45.8000	0.0004	74.4000	
0.1338	44.2500	0.0004	74.4500	
0.1339	44.0500	0.0004	74.3750	
0.1339	45.7000	0.0004	74.3250	
0.1338	44.4500	0.0004	74.4000	
0.1339	44.3250	0.0004	74.3750	
0.1340	45.6250	0.0004	74.3750	
0.1338	44.4250	0.0004	74.3750	
0.1338	44.5750	0.0004	74.3500	
0.1339	44.7250	0.0004	74.3500	
0.1338	45.1250	0.0004	74.4750	
0.1338	45.2250	0.0004	74.3000	
0.1338	44.7000	0.0004	74.3750	
0.1338	45.0000	0.0004	74.4000	
0.1338	44.8750	0.0004	74.4000	
0.1338	44.9000	0.0003	74.3500	
0.1339	44.3500	0.0003	74.4000	
0.1338	44.9000	0.0003	74.3750	
0.1338	44.8500	0.0003	74.3500	
0.1338	44.6250	0.0004	74.3500	
0.1339	45.3000	0.0004	74.3500	
0.1338	44.3250	0.0004	74.4000	
0.1338	45.0500	0.0004	74.3250	
0.1337	45.0750	0.0004	74.4000	
0.1339	44.4000	0.0004	74.3250	
0.1337	45.0750	0.0003	74.3750	
0.1337	45.0000	0.0003	74.3750	
0.1338	44.6500	0.0003	74.4500	
0.1337	44.6500	0.0003	74.4500	
0.1338	44.9500	0.0003	74.3750	
0.1338	44.9500	0.0003	74.3500	
0.1341	45.7000	0.0003	74.3500	
0.1340	43.7500	0.0003	74.3750	
0.1337	44.8250	0.0004	74.3500	
0.1338	45.6750	0.0003	74.4250	
0.1338	44.5250	0.0003	74.3000	
0.1337	44.9750	0.0003	74.3500	
0.1338	45.3000	0.0003	74.3750	
0.1337	44.6250	0.0003	74.4000	
0.1338	44.4750	0.0003	74.3500	
0.1339	45.4500	0.0003	74.3750	
0.1337	44.8250	0.0003	74.3750	
0.1337	44.6000	0.0003	74.3250	
0.1337	45.3000	0.0003	74.4750	
0.1337	45.2750	0.0003	74.4750	
0.1337	45.0250	0.0003	74.3500	
0.1337	45.0250	0.0003	74.3250	
0.1337	44.9750	0.0003	74.3500	
0.1337	45.2750	0.0003	74.3250	
0.1337	45.0750	0.0003	74.5000	
0.1337	44.7250	0.0003	74.3500	
0.1340	45.8750	0.0003	74.4000	
0.1338	44.6750	0.0003	74.3750	
0.1338	45.3000	0.0003	74.4000	
0.1337	45.1000	0.0003	74.4500	
0.1337	45.0000	0.0003	74.4250	
0.1337	45.2750	0.0003	74.3750	
0.1338	44.9250	0.0003	74.4250	
0.1338	45.5500	0.0003	74.4000	
0.1337	45.0250	0.0003	74.3250	
0.1338	45.5750	0.0003	74.3500	
0.1338	44.7000	0.0003	74.3500	
0.1337	45.1250	0.0003	74.4000	
0.1337	45.3250	0.0003	74.4750	
0.1337	45.2000	0.0003	74.3000	
0.1337	44.8250	0.0003	74.3500	
