Loss_Adversary	Accuracy_Adversary	Loss_Target	Accuracy_Target	
0.3747	0.6491	0.8134	50.0000	50.0000	
0.3571	0.6145	0.7734	50.0000	50.0000	
0.3402	0.5833	0.7361	50.0000	50.0000	
0.3244	0.5556	0.7016	50.0000	50.0000	
0.3086	0.5331	0.6693	50.0000	50.0000	
0.2920	0.5158	0.6383	50.0000	50.0000	
0.2762	0.4990	0.6085	50.0000	50.0000	
0.2614	0.4823	0.5802	50.0000	50.0000	
0.2477	0.4659	0.5536	50.0000	50.0000	
0.2349	0.4502	0.5285	50.0000	50.0000	
0.2231	0.4348	0.5050	50.0000	50.0000	
0.2131	0.4199	0.4844	50.0000	50.0000	
0.2068	0.4057	0.4693	50.0000	50.0000	
0.2034	0.3921	0.4587	50.0000	50.0000	
0.2001	0.3792	0.4484	50.0000	50.0000	
0.1966	0.3669	0.4381	50.0000	50.0000	
0.1930	0.3550	0.4278	50.0000	50.0000	
0.1892	0.3437	0.4176	50.0000	50.0000	
0.1853	0.3330	0.4074	50.0000	50.0000	
0.1810	0.3229	0.3970	50.0000	50.0000	
0.1768	0.3133	0.3869	50.0000	50.0000	
0.1724	0.3044	0.3768	50.0000	50.0000	
0.1680	0.2962	0.3670	50.0000	50.0000	
0.1636	0.2887	0.3575	50.0000	50.0000	
0.1592	0.2819	0.3483	50.0000	50.0000	
0.1549	0.2760	0.3395	50.0000	50.0000	
0.1508	0.2708	0.3315	50.0000	50.0000	
0.1468	0.2665	0.3240	50.0000	50.0000	
0.1427	0.2630	0.3166	50.0000	50.0000	
0.1390	0.2599	0.3100	50.0000	50.0000	
0.1354	0.2574	0.3038	50.0000	50.0000	
0.1322	0.2555	0.2984	50.0000	50.0000	
0.1291	0.2540	0.2933	50.0000	50.0000	
0.1262	0.2529	0.2887	50.0000	50.0000	
0.1234	0.2521	0.2844	50.0000	50.0000	
0.1204	0.2516	0.2798	50.0000	50.0000	
0.1171	0.2513	0.2750	50.0000	50.0000	
0.1134	0.2512	0.2696	50.0000	50.0000	
0.1090	0.2513	0.2634	50.0000	44.3000	
0.1038	0.2519	0.2562	50.0000	42.6000	
0.0977	0.2527	0.2478	50.0000	46.2500	
0.0909	0.2530	0.2383	50.0000	47.6750	
0.0836	0.2527	0.2277	50.1250	48.3750	
0.0757	0.2511	0.2158	55.0500	48.8250	
0.0682	0.2474	0.2034	59.4500	49.1500	
0.0619	0.2422	0.1922	62.5250	49.0250	
0.0572	0.2361	0.1829	61.1250	48.8500	
0.0540	0.2298	0.1756	59.9000	48.7250	
0.0522	0.2238	0.1705	66.1250	48.4250	
0.0512	0.2183	0.1666	65.8500	47.9000	
0.0504	0.2134	0.1635	64.5500	47.3000	
0.0500	0.2090	0.1610	71.6500	46.9250	
0.0497	0.2054	0.1590	74.7750	46.7250	
0.0494	0.2021	0.1572	74.7500	46.5750	
0.0492	0.1992	0.1557	74.5500	46.6250	
0.0491	0.1967	0.1545	74.0500	46.8000	
0.0491	0.1943	0.1535	74.1000	46.8750	
0.0491	0.1922	0.1525	73.8500	46.9750	
0.0491	0.1904	0.1517	73.9500	47.1500	
0.0491	0.1890	0.1511	74.4000	47.3250	
0.0490	0.1878	0.1505	74.4000	47.5000	
0.0489	0.1867	0.1499	74.3250	47.7750	
0.0487	0.1863	0.1495	74.4250	47.9500	
0.0486	0.1859	0.1491	74.3000	48.1500	
0.0484	0.1857	0.1487	74.2000	48.4250	
0.0483	0.1852	0.1483	74.3500	48.6250	
0.0481	0.1852	0.1481	74.6500	48.8250	
0.0479	0.1849	0.1477	74.4750	48.9000	
0.0477	0.1851	0.1475	74.6750	48.9500	
0.0475	0.1850	0.1472	74.5250	49.0500	
0.0473	0.1852	0.1470	74.6500	49.2000	
0.0471	0.1856	0.1468	74.5000	49.2500	
0.0469	0.1858	0.1466	74.5500	49.3000	
0.0467	0.1861	0.1465	74.8250	49.3250	
0.0465	0.1861	0.1462	74.8500	49.3250	
0.0464	0.1867	0.1463	74.8250	49.4000	
0.0463	0.1863	0.1460	74.7750	49.3750	
0.0462	0.1867	0.1460	74.7500	49.3750	
0.0460	0.1863	0.1456	74.7750	49.3500	
0.0460	0.1860	0.1454	74.8750	49.3500	
0.0458	0.1861	0.1452	74.7250	49.4250	
0.0457	0.1861	0.1451	74.7250	49.4500	
0.0456	0.1863	0.1450	74.7250	49.4500	
0.0455	0.1859	0.1447	74.5750	49.4500	
0.0454	0.1859	0.1446	74.5750	49.4500	
0.0453	0.1862	0.1445	74.5250	49.5000	
0.0453	0.1863	0.1445	74.2500	49.5500	
0.0452	0.1864	0.1444	74.3000	49.5750	
0.0451	0.1865	0.1444	74.4250	49.5750	
0.0450	0.1865	0.1442	74.1250	49.5750	
0.0449	0.1866	0.1441	73.9250	49.6250	
0.0448	0.1868	0.1441	73.7500	49.6000	
0.0448	0.1864	0.1438	73.4750	49.6000	
0.0447	0.1866	0.1438	73.7250	49.6500	
0.0446	0.1867	0.1437	73.7000	49.6500	
0.0445	0.1867	0.1436	73.7750	49.6750	
0.0444	0.1870	0.1436	73.2750	49.6500	
0.0443	0.1868	0.1434	73.0000	49.7250	
0.0442	0.1867	0.1432	72.8750	49.7500	
0.0442	0.1868	0.1432	73.0250	49.7250	
0.0441	0.1868	0.1430	72.7500	49.7750	
0.0440	0.1867	0.1429	72.3000	49.7750	
0.0439	0.1867	0.1427	72.0500	49.7750	
0.0438	0.1865	0.1426	71.7750	49.7750	
0.0437	0.1865	0.1424	71.5000	49.7750	
0.0436	0.1866	0.1423	71.3750	49.8000	
0.0435	0.1865	0.1421	71.2250	49.7750	
0.0434	0.1864	0.1419	70.7750	49.7750	
0.0433	0.1864	0.1418	70.1250	49.8000	
0.0432	0.1861	0.1415	69.6250	49.8000	
0.0431	0.1860	0.1413	69.6750	49.7750	
0.0431	0.1860	0.1412	69.7750	49.8750	
0.0429	0.1858	0.1409	69.1250	49.7750	
0.0428	0.1857	0.1407	68.8000	49.8250	
0.0427	0.1855	0.1405	67.9000	49.8000	
0.0425	0.1853	0.1402	68.3250	49.7750	
0.0424	0.1852	0.1400	68.3750	49.7750	
0.0423	0.1852	0.1398	67.5250	49.8250	
0.0421	0.1850	0.1395	66.9750	49.8500	
0.0420	0.1847	0.1391	67.0000	49.8250	
0.0418	0.1844	0.1388	66.8000	49.8500	
0.0416	0.1843	0.1384	66.7500	49.8250	
0.0414	0.1840	0.1380	66.1750	49.9000	
0.0412	0.1836	0.1376	65.1500	49.8250	
0.0410	0.1833	0.1372	65.0500	49.8500	
0.0408	0.1830	0.1367	64.1250	49.8500	
0.0405	0.1825	0.1361	63.8750	49.8250	
0.0402	0.1820	0.1355	63.0250	49.8500	
0.0400	0.1814	0.1348	63.1750	49.8500	
0.0396	0.1809	0.1342	62.4250	49.8000	
0.0393	0.1804	0.1335	62.3750	49.7750	
0.0389	0.1799	0.1327	61.4500	49.7500	
0.0385	0.1794	0.1319	61.0500	49.7500	
0.0382	0.1789	0.1312	61.5000	49.7000	
0.0377	0.1785	0.1304	61.7250	49.7250	
0.0373	0.1781	0.1297	60.9250	49.7000	
0.0369	0.1778	0.1289	60.2000	49.7000	
0.0365	0.1771	0.1281	59.6000	49.6250	
0.0360	0.1767	0.1272	59.9000	49.6750	
0.0356	0.1762	0.1264	59.3250	49.7000	
0.0351	0.1758	0.1255	59.1750	49.7000	
0.0347	0.1752	0.1246	58.6250	49.6500	
0.0342	0.1745	0.1236	59.7250	49.5250	
0.0336	0.1740	0.1226	58.7000	49.4750	
0.0331	0.1734	0.1216	57.7500	49.4750	
0.0326	0.1729	0.1206	58.3500	49.5250	
0.0321	0.1723	0.1196	58.0750	49.5750	
0.0314	0.1718	0.1185	57.2500	49.4000	
0.0309	0.1714	0.1176	58.0750	49.4750	
0.0303	0.1707	0.1164	57.9500	49.4750	
0.0297	0.1700	0.1152	58.2500	49.4000	
0.0291	0.1696	0.1142	57.8250	49.4750	
0.0285	0.1689	0.1132	56.9250	49.4250	
0.0280	0.1684	0.1122	59.2000	49.4250	
0.0274	0.1678	0.1111	57.1250	49.5000	
0.0269	0.1673	0.1101	58.0000	49.2250	
0.0263	0.1669	0.1091	57.7000	49.3750	
0.0258	0.1664	0.1082	57.9000	49.5750	
0.0254	0.1659	0.1073	59.9500	50.8750	
0.0249	0.1654	0.1065	58.5000	51.9000	
0.0245	0.1652	0.1057	57.6000	52.4250	
0.0241	0.1649	0.1050	58.6000	53.1500	
0.0236	0.1646	0.1042	56.0750	53.8750	
0.0231	0.1641	0.1034	54.9250	54.3500	
0.0227	0.1637	0.1026	56.6750	54.6000	
0.0223	0.1632	0.1019	53.8750	55.0750	
0.0219	0.1629	0.1012	51.7500	55.1500	
0.0216	0.1626	0.1005	51.7750	55.7750	
0.0212	0.1623	0.0998	51.0500	55.7500	
0.0208	0.1619	0.0992	51.1500	56.2250	
0.0204	0.1613	0.0983	50.3000	56.4000	
0.0200	0.1609	0.0976	48.9250	56.5250	
0.0196	0.1605	0.0968	48.5250	56.8500	
0.0192	0.1600	0.0960	48.0250	57.3000	
0.0188	0.1596	0.0953	44.3000	57.3000	
0.0183	0.1596	0.0946	45.9750	57.3500	
0.0179	0.1590	0.0937	43.1500	58.1500	
0.0175	0.1586	0.0930	41.3000	58.0500	
0.0170	0.1584	0.0922	42.3250	58.1750	
0.0166	0.1581	0.0915	42.3500	58.5500	
0.0162	0.1577	0.0907	40.6250	58.6500	
0.0158	0.1574	0.0900	40.0750	59.1500	
0.0154	0.1572	0.0894	40.9500	59.4000	
0.0151	0.1571	0.0889	42.1500	59.0750	
0.0148	0.1565	0.0882	41.9750	60.2750	
0.0145	0.1562	0.0876	41.3500	60.0250	
0.0142	0.1560	0.0871	41.3750	60.7000	
0.0139	0.1558	0.0867	42.5500	60.2250	
0.0138	0.1551	0.0861	40.5250	61.8250	
0.0135	0.1548	0.0856	41.1750	60.5750	
0.0131	0.1546	0.0850	41.6000	61.4750	
0.0129	0.1538	0.0844	40.1000	62.2250	
0.0127	0.1538	0.0841	41.2500	60.9750	
0.0125	0.1535	0.0836	41.5500	62.4000	
0.0123	0.1529	0.0832	41.3750	62.0000	
0.0120	0.1528	0.0827	40.7750	63.0000	
0.0118	0.1524	0.0822	42.0500	62.5250	
0.0116	0.1524	0.0819	40.7250	63.4500	
0.0114	0.1524	0.0816	42.1500	62.5000	
0.0111	0.1520	0.0810	41.5750	63.9750	
0.0109	0.1517	0.0806	41.2750	63.5500	
0.0107	0.1515	0.0802	41.5750	63.8500	
0.0105	0.1514	0.0799	42.0750	63.5000	
0.0103	0.1512	0.0795	41.6250	63.9250	
0.0101	0.1510	0.0791	42.4250	63.9250	
0.0100	0.1508	0.0789	41.4250	64.6750	
0.0099	0.1508	0.0787	42.5500	63.9250	
0.0096	0.1505	0.0782	42.3750	64.7750	
0.0095	0.1500	0.0778	42.1500	64.9000	
0.0093	0.1505	0.0778	42.9000	64.1000	
0.0092	0.1504	0.0776	42.3500	65.2000	
0.0090	0.1498	0.0770	42.4000	64.9000	
0.0088	0.1498	0.0768	42.5500	65.2750	
0.0086	0.1497	0.0764	42.6500	64.8750	
0.0085	0.1494	0.0762	42.9000	65.5250	
0.0083	0.1492	0.0759	42.2500	66.4250	
0.0082	0.1492	0.0757	43.5250	65.0500	
0.0080	0.1490	0.0753	42.8500	65.8750	
0.0079	0.1488	0.0750	42.2750	66.9000	
0.0079	0.1487	0.0750	43.3500	65.4250	
0.0076	0.1485	0.0745	42.9500	66.9000	
0.0074	0.1484	0.0742	42.6500	66.9250	
0.0073	0.1480	0.0739	43.2000	66.5750	
0.0072	0.1481	0.0737	43.2000	67.0500	
0.0070	0.1478	0.0734	43.1250	66.8500	
0.0069	0.1477	0.0731	42.7750	67.1500	
0.0068	0.1475	0.0729	43.3000	67.4250	
0.0066	0.1474	0.0726	43.5000	67.1000	
0.0065	0.1474	0.0724	43.4750	67.2250	
0.0063	0.1474	0.0722	43.4000	67.7500	
0.0062	0.1473	0.0720	43.5000	67.0750	
0.0061	0.1471	0.0718	43.2750	68.0250	
0.0059	0.1469	0.0715	43.2750	67.5250	
0.0059	0.1470	0.0714	43.6250	67.6250	
0.0057	0.1469	0.0711	43.4000	67.7000	
0.0056	0.1465	0.0708	43.1500	68.2750	
0.0055	0.1465	0.0706	43.3250	68.0000	
0.0053	0.1463	0.0703	43.0500	67.8000	
0.0052	0.1463	0.0701	43.5250	68.2750	
0.0051	0.1463	0.0700	43.4750	68.1750	
0.0049	0.1461	0.0697	43.1500	68.2500	
0.0048	0.1460	0.0695	42.9500	68.8000	
0.0047	0.1460	0.0693	43.5500	68.1000	
0.0047	0.1459	0.0692	42.8500	69.4250	
0.0046	0.1457	0.0690	43.5000	68.2250	
0.0045	0.1457	0.0688	43.1250	70.2750	
0.0043	0.1453	0.0684	42.7500	69.0250	
0.0042	0.1453	0.0682	42.9750	69.1250	
0.0041	0.1452	0.0681	43.2250	69.2250	
0.0039	0.1452	0.0678	43.1500	68.8000	
0.0039	0.1452	0.0677	43.0250	70.1500	
0.0040	0.1450	0.0678	43.3000	68.1250	
0.0037	0.1453	0.0675	43.1750	70.0000	
0.0035	0.1451	0.0672	42.4250	69.1750	
0.0035	0.1449	0.0670	43.2000	69.0000	
0.0032	0.1450	0.0668	43.2750	69.3000	
0.0032	0.1448	0.0666	42.8500	69.1250	
0.0031	0.1447	0.0664	45.2000	69.2500	
0.0030	0.1447	0.0663	44.2500	69.9750	
0.0029	0.1446	0.0661	44.1750	69.5000	
0.0028	0.1445	0.0658	44.5500	69.2750	
0.0027	0.1445	0.0657	44.8500	69.6000	
0.0026	0.1445	0.0657	44.4750	69.4250	
0.0025	0.1445	0.0655	44.4750	70.4250	
0.0024	0.1444	0.0653	44.6500	69.6250	
0.0023	0.1443	0.0652	44.5500	69.3500	
0.0023	0.1441	0.0650	44.4750	70.8000	
0.0022	0.1442	0.0649	44.2500	69.1250	
0.0020	0.1444	0.0648	44.7250	71.1750	
0.0020	0.1439	0.0646	42.8500	69.8000	
0.0018	0.1440	0.0643	44.8250	71.3750	
0.0018	0.1439	0.0643	41.7750	70.7750	
0.0017	0.1437	0.0640	45.1000	70.8750	
0.0015	0.1436	0.0637	43.6750	70.4000	
0.0015	0.1436	0.0636	43.1750	71.5750	
0.0013	0.1436	0.0634	44.3750	71.6000	
0.0012	0.1434	0.0632	43.1000	71.1000	
0.0011	0.1434	0.0630	44.0500	71.4250	
0.0010	0.1433	0.0629	43.8000	71.5250	
0.0009	0.1432	0.0626	41.2500	72.4750	
0.0009	0.1430	0.0625	44.5500	71.4000	
0.0008	0.1429	0.0624	41.2000	72.5500	
0.0006	0.1429	0.0621	44.7000	72.1500	
0.0005	0.1428	0.0619	45.4250	72.2000	
0.0004	0.1428	0.0618	38.9250	72.8250	
0.0003	0.1427	0.0616	46.6500	71.8750	
0.0002	0.1427	0.0614	41.4750	72.9750	
0.0000	0.1427	0.0612	40.7250	72.0000	
0.0000	0.1424	0.0611	46.8250	73.0500	
-0.0001	0.1425	0.0609	39.5750	71.9250	
-0.0002	0.1427	0.0608	44.6500	72.9750	
-0.0004	0.1427	0.0606	38.3750	73.4250	
-0.0004	0.1423	0.0604	48.3750	71.3750	
-0.0004	0.1423	0.0604	39.9000	73.8500	
-0.0004	0.1422	0.0604	41.2250	70.7250	
-0.0006	0.1425	0.0602	46.1250	74.1500	
-0.0007	0.1423	0.0600	37.0000	71.3250	
-0.0010	0.1424	0.0596	47.6750	72.1500	
-0.0011	0.1422	0.0594	38.0000	73.3000	
-0.0011	0.1422	0.0593	45.3750	72.5250	
-0.0012	0.1417	0.0591	39.4000	72.9000	
-0.0013	0.1418	0.0589	45.8000	71.8750	
-0.0015	0.1421	0.0587	40.6750	73.7250	
-0.0017	0.1423	0.0586	40.3000	72.0000	
-0.0017	0.1423	0.0585	43.7000	72.7250	
-0.0019	0.1422	0.0583	39.5500	72.1500	
-0.0020	0.1422	0.0581	41.4500	71.6750	
-0.0020	0.1422	0.0580	40.5000	73.5250	
-0.0022	0.1419	0.0577	42.5750	72.1750	
-0.0023	0.1420	0.0575	39.6500	72.5750	
-0.0023	0.1423	0.0577	44.5000	73.3500	
-0.0024	0.1419	0.0573	36.1750	72.6500	
-0.0025	0.1418	0.0572	48.0500	71.2000	
-0.0027	0.1420	0.0570	35.4500	74.2250	
-0.0029	0.1421	0.0567	42.5500	73.1500	
-0.0030	0.1422	0.0566	45.4250	72.2500	
-0.0032	0.1423	0.0565	37.8500	73.2500	
-0.0033	0.1422	0.0563	41.6000	72.6250	
-0.0034	0.1421	0.0560	42.3250	73.0250	
-0.0035	0.1421	0.0559	38.2000	73.2750	
-0.0036	0.1423	0.0558	41.9500	72.9750	
-0.0037	0.1421	0.0557	41.9500	72.7750	
-0.0035	0.1417	0.0557	36.7000	74.3250	
-0.0037	0.1417	0.0554	41.9250	71.7750	
-0.0037	0.1415	0.0553	41.5250	75.3750	
-0.0041	0.1412	0.0547	36.7500	74.1750	
-0.0042	0.1410	0.0545	42.3500	73.7750	
-0.0044	0.1412	0.0542	41.4500	74.2500	
-0.0045	0.1411	0.0540	37.7000	74.9250	
-0.0047	0.1411	0.0537	40.3250	74.6500	
-0.0048	0.1411	0.0536	41.9750	74.1500	
-0.0048	0.1411	0.0536	36.4750	75.1750	
-0.0050	0.1411	0.0533	40.7500	74.0000	
-0.0052	0.1412	0.0531	39.8250	74.3500	
-0.0052	0.1412	0.0531	37.0750	74.6000	
-0.0052	0.1412	0.0531	42.0250	74.2500	
-0.0054	0.1413	0.0528	39.6500	75.2250	
-0.0056	0.1414	0.0526	37.1500	74.9000	
-0.0058	0.1413	0.0523	40.6250	74.4500	
-0.0060	0.1416	0.0522	39.3500	74.9000	
-0.0061	0.1415	0.0519	37.8250	74.7500	
-0.0063	0.1414	0.0516	39.7750	75.0250	
-0.0064	0.1413	0.0514	37.5250	75.1250	
-0.0065	0.1411	0.0511	38.9750	75.3250	
-0.0067	0.1411	0.0509	38.1250	75.7250	
-0.0070	0.1409	0.0504	36.4750	76.0250	
-0.0071	0.1407	0.0501	38.5750	76.1250	
-0.0073	0.1406	0.0498	38.8000	77.1250	
-0.0075	0.1406	0.0496	39.0000	77.2750	
-0.0076	0.1407	0.0494	38.9000	77.0750	
-0.0078	0.1408	0.0492	38.8500	76.9500	
-0.0079	0.1409	0.0490	39.4500	76.9750	
-0.0081	0.1409	0.0488	36.4500	77.2500	
-0.0083	0.1409	0.0485	39.0500	77.2500	
-0.0085	0.1410	0.0482	39.4750	78.2250	
-0.0088	0.1410	0.0479	38.8000	78.4500	
-0.0091	0.1411	0.0475	42.1750	78.2500	
-0.0094	0.1413	0.0472	41.0750	78.9750	
-0.0097	0.1413	0.0467	39.8250	79.1250	
-0.0101	0.1414	0.0462	40.5500	79.0250	
-0.0106	0.1416	0.0456	40.7750	79.2500	
-0.0112	0.1418	0.0447	41.7500	79.9750	
-0.0120	0.1423	0.0439	38.4250	79.3000	
-0.0129	0.1430	0.0428	36.3250	79.3250	
-0.0144	0.1442	0.0412	32.3000	78.7500	
-0.0168	0.1454	0.0383	29.4750	77.6250	
-0.0196	0.1476	0.0352	29.1250	76.1500	
-0.0222	0.1485	0.0319	29.7500	73.4250	
-0.0236	0.1472	0.0293	30.3750	76.4250	
-0.0249	0.1457	0.0269	31.0000	76.1750	
-0.0261	0.1454	0.0250	31.5500	75.2500	
-0.0272	0.1458	0.0236	32.7250	73.0750	
-0.0281	0.1460	0.0225	33.1500	72.1250	
-0.0286	0.1456	0.0215	33.0000	72.9000	
-0.0289	0.1456	0.0210	33.0250	72.5000	
-0.0292	0.1461	0.0209	33.2500	71.7750	
-0.0294	0.1455	0.0204	32.4500	71.3750	
-0.0296	0.1465	0.0205	32.1250	73.4250	
-0.0298	0.1465	0.0202	31.6000	70.9000	
-0.0302	0.1491	0.0208	31.4750	70.1750	
-0.0304	0.1512	0.0214	31.1750	70.0500	
-0.0307	0.1550	0.0226	31.0000	69.5750	
-0.0312	0.1553	0.0219	30.9250	68.8500	
-0.0316	0.1588	0.0229	31.3750	68.4000	
-0.0319	0.1578	0.0220	31.4000	68.2500	
-0.0322	0.1608	0.0229	32.4250	68.3250	
-0.0323	0.1593	0.0221	33.5750	67.7750	
-0.0322	0.1582	0.0217	35.0500	67.3250	
-0.0322	0.1581	0.0218	36.1000	67.5000	
-0.0315	0.1561	0.0219	36.8000	67.3500	
-0.0316	0.1537	0.0207	36.0250	67.7750	
-0.0315	0.1535	0.0208	35.4750	67.6000	
-0.0315	0.1527	0.0205	35.8000	67.7250	
-0.0312	0.1511	0.0201	36.0000	67.8250	
-0.0313	0.1505	0.0198	35.2500	68.2250	
-0.0312	0.1500	0.0197	34.9250	68.4750	
-0.0312	0.1496	0.0196	34.9250	68.7250	
-0.0310	0.1487	0.0195	34.5500	68.6750	
-0.0308	0.1487	0.0197	33.6250	68.7750	
-0.0306	0.1471	0.0193	33.6750	69.0500	
-0.0307	0.1466	0.0189	33.0000	69.4000	
-0.0306	0.1458	0.0187	33.1500	69.1000	
-0.0305	0.1449	0.0185	32.7500	69.0750	
-0.0305	0.1444	0.0184	32.4500	69.3500	
-0.0304	0.1434	0.0180	32.1500	69.5000	
-0.0304	0.1431	0.0179	31.9250	69.8000	
-0.0304	0.1422	0.0176	31.5750	69.2500	
-0.0304	0.1423	0.0175	31.8250	69.4000	
-0.0306	0.1419	0.0171	32.7250	69.4500	
-0.0309	0.1417	0.0166	33.3750	69.1750	
-0.0313	0.1425	0.0163	34.2750	68.9000	
-0.0318	0.1433	0.0159	35.1500	68.6750	
-0.0326	0.1445	0.0154	35.8500	69.0750	
-0.0334	0.1464	0.0151	36.9250	69.3500	
-0.0343	0.1477	0.0143	37.2250	68.3250	
-0.0355	0.1491	0.0131	36.7500	68.6250	
-0.0367	0.1506	0.0121	36.6750	68.2500	
-0.0378	0.1518	0.0110	37.2500	66.9750	
-0.0389	0.1529	0.0100	38.2000	65.3750	
-0.0399	0.1542	0.0091	39.1000	65.3000	
-0.0408	0.1550	0.0082	39.7250	66.5500	
-0.0413	0.1554	0.0076	40.5250	68.0000	
-0.0417	0.1560	0.0073	41.6750	68.6000	
-0.0419	0.1560	0.0069	41.0250	69.6500	
-0.0422	0.1564	0.0068	40.7250	70.3500	
-0.0423	0.1566	0.0067	40.1250	70.9500	
-0.0424	0.1567	0.0066	38.9750	71.6000	
-0.0425	0.1567	0.0065	38.3250	71.8250	
-0.0425	0.1571	0.0066	37.9500	72.3250	
-0.0426	0.1572	0.0065	37.5250	72.6500	
-0.0427	0.1574	0.0064	37.3750	72.6750	
-0.0429	0.1582	0.0065	38.0750	72.8000	
-0.0432	0.1587	0.0063	38.7750	72.9000	
-0.0435	0.1594	0.0062	38.2250	73.9250	
-0.0437	0.1602	0.0062	38.5250	74.6500	
-0.0441	0.1611	0.0061	37.7500	74.8500	
-0.0443	0.1616	0.0060	36.5500	75.5500	
-0.0445	0.1626	0.0061	35.7750	76.0250	
-0.0448	0.1633	0.0060	34.4000	76.3250	
-0.0451	0.1642	0.0060	33.6250	76.5750	
-0.0454	0.1653	0.0060	32.3000	76.9250	
-0.0456	0.1661	0.0060	31.7000	77.4500	
-0.0459	0.1674	0.0061	32.2000	78.0000	
-0.0462	0.1680	0.0059	32.2500	78.0750	
-0.0466	0.1688	0.0059	33.3250	78.6000	
-0.0468	0.1700	0.0059	33.9500	79.0250	
-0.0471	0.1703	0.0057	34.1750	79.0750	
-0.0474	0.1712	0.0056	35.4250	79.4750	
-0.0477	0.1724	0.0058	38.4000	79.6000	
-0.0479	0.1724	0.0055	40.2500	79.9000	
-0.0481	0.1728	0.0053	42.1750	79.6000	
-0.0483	0.1733	0.0053	45.0000	79.5750	
-0.0486	0.1735	0.0049	46.2250	79.6500	
-0.0486	0.1735	0.0049	47.3500	79.8250	
-0.0487	0.1728	0.0045	47.4750	79.1250	
-0.0487	0.1722	0.0043	46.6250	78.6750	
-0.0486	0.1717	0.0042	45.1250	78.2750	
-0.0484	0.1701	0.0038	44.2000	77.7500	
-0.0482	0.1693	0.0037	43.5500	77.0250	
-0.0480	0.1680	0.0035	42.7000	76.4250	
-0.0478	0.1672	0.0034	41.8250	76.1750	
-0.0477	0.1666	0.0033	40.5000	76.3750	
-0.0474	0.1656	0.0032	40.3250	76.3750	
-0.0473	0.1649	0.0030	39.0000	76.2750	
-0.0471	0.1640	0.0029	38.2750	76.3000	
-0.0470	0.1638	0.0031	38.0250	76.4000	
-0.0469	0.1626	0.0028	37.8000	76.0750	
-0.0467	0.1622	0.0027	36.8250	75.9500	
-0.0466	0.1618	0.0028	36.9250	75.9500	
-0.0464	0.1608	0.0026	35.8250	75.9000	
-0.0463	0.1606	0.0027	36.2500	75.7500	
-0.0462	0.1598	0.0025	35.3500	75.8250	
-0.0460	0.1595	0.0026	34.7750	75.7500	
-0.0459	0.1588	0.0024	35.6000	75.6250	
-0.0459	0.1589	0.0025	34.6000	75.4250	
-0.0457	0.1585	0.0026	35.9750	75.3000	
-0.0455	0.1575	0.0025	34.0500	75.2750	
-0.0455	0.1572	0.0024	34.8500	75.2750	
-0.0453	0.1564	0.0023	33.4750	75.2000	
-0.0452	0.1564	0.0025	34.5250	75.1750	
-0.0451	0.1557	0.0023	33.5000	75.1250	
-0.0450	0.1550	0.0022	34.2000	75.0250	
-0.0449	0.1551	0.0023	33.2000	75.0500	
-0.0448	0.1544	0.0021	34.1250	75.0500	
-0.0447	0.1542	0.0022	33.0750	74.9500	
-0.0446	0.1534	0.0020	33.1500	75.0250	
-0.0444	0.1531	0.0021	32.6500	74.8250	
-0.0444	0.1532	0.0022	33.4000	74.8250	
-0.0444	0.1529	0.0021	33.1500	74.6500	
-0.0443	0.1530	0.0023	32.6250	74.9500	
-0.0442	0.1517	0.0019	33.6250	74.6750	
-0.0442	0.1521	0.0021	32.2250	74.7000	
-0.0440	0.1517	0.0021	33.2000	74.6250	
-0.0441	0.1511	0.0018	32.6000	74.6500	
-0.0440	0.1517	0.0021	32.1500	74.5500	
-0.0439	0.1507	0.0018	33.2750	74.6000	
-0.0439	0.1507	0.0019	31.8750	74.5250	
-0.0438	0.1502	0.0019	33.0500	74.4750	
-0.0436	0.1501	0.0020	31.6000	74.4500	
-0.0436	0.1497	0.0018	32.8250	74.4500	
-0.0436	0.1495	0.0019	32.0250	74.4500	
-0.0436	0.1496	0.0018	33.0250	74.5250	
-0.0435	0.1492	0.0018	31.8250	74.5000	
-0.0434	0.1490	0.0018	32.2750	74.5000	
-0.0434	0.1486	0.0017	31.9750	74.4750	
-0.0434	0.1492	0.0019	33.4750	74.3250	
-0.0434	0.1489	0.0018	31.7250	74.4750	
-0.0433	0.1487	0.0018	33.3000	74.3250	
-0.0432	0.1481	0.0017	32.4500	74.5500	
-0.0432	0.1479	0.0016	32.4750	74.4000	
-0.0432	0.1483	0.0018	32.1500	74.4250	
-0.0432	0.1477	0.0017	32.9250	74.4500	
-0.0432	0.1480	0.0018	32.4000	74.4000	
-0.0432	0.1481	0.0018	33.2250	74.4500	
-0.0431	0.1477	0.0017	32.8250	74.4250	
-0.0430	0.1474	0.0017	33.3250	74.4500	
-0.0430	0.1472	0.0016	33.3250	74.5000	
-0.0430	0.1474	0.0017	33.9750	74.4500	
-0.0430	0.1473	0.0016	33.8250	74.5500	
-0.0430	0.1472	0.0017	33.5250	74.5000	
-0.0430	0.1473	0.0017	34.4000	74.4750	
-0.0429	0.1471	0.0017	34.1750	74.5750	
-0.0431	0.1475	0.0017	34.6250	74.4750	
-0.0431	0.1475	0.0017	33.4750	74.5750	
-0.0430	0.1473	0.0017	34.8750	74.5500	
-0.0430	0.1469	0.0016	34.2500	74.5000	
-0.0429	0.1471	0.0017	35.4000	74.4500	
-0.0429	0.1470	0.0017	34.8250	74.4750	
-0.0429	0.1468	0.0015	35.6250	74.5250	
-0.0430	0.1473	0.0017	35.4500	74.5000	
-0.0429	0.1471	0.0017	36.2000	74.5750	
-0.0429	0.1469	0.0016	34.8750	74.6750	
-0.0430	0.1473	0.0017	36.5000	74.5750	
-0.0430	0.1472	0.0016	35.7500	74.7000	
-0.0430	0.1473	0.0017	36.3000	74.4750	
-0.0430	0.1472	0.0016	35.9250	74.6750	
-0.0431	0.1474	0.0017	36.6750	74.3750	
-0.0431	0.1479	0.0018	36.5000	74.6250	
-0.0432	0.1478	0.0017	37.7000	74.4250	
-0.0434	0.1485	0.0017	37.0500	74.3750	
-0.0433	0.1481	0.0016	37.4500	74.5000	
-0.0433	0.1482	0.0017	37.8500	74.5000	
-0.0434	0.1485	0.0016	37.9250	74.3500	
-0.0435	0.1490	0.0017	38.5000	74.5000	
-0.0436	0.1495	0.0018	38.6000	74.3250	
-0.0439	0.1500	0.0016	39.4500	74.5750	
-0.0440	0.1508	0.0017	39.4000	74.3500	
-0.0442	0.1513	0.0017	39.8750	74.4250	
-0.0444	0.1523	0.0019	39.4500	74.2500	
-0.0447	0.1535	0.0020	40.1750	74.2250	
-0.0449	0.1546	0.0021	40.0000	74.0750	
-0.0451	0.1561	0.0024	40.2000	74.0750	
-0.0455	0.1574	0.0024	39.3750	73.9250	
-0.0458	0.1585	0.0026	39.6250	73.9000	
-0.0460	0.1599	0.0029	40.0750	73.9000	
-0.0461	0.1618	0.0035	40.3750	73.9000	
-0.0462	0.1633	0.0039	40.4000	73.6000	
-0.0464	0.1647	0.0042	40.2000	73.6500	
-0.0466	0.1661	0.0046	40.3250	73.4500	
-0.0467	0.1672	0.0049	41.2500	73.4000	
-0.0467	0.1682	0.0053	41.8500	73.3500	
-0.0467	0.1693	0.0058	41.7250	73.2500	
-0.0466	0.1697	0.0061	42.7250	73.4000	
-0.0466	0.1702	0.0063	43.0500	73.1750	
-0.0465	0.1704	0.0066	43.5250	73.3000	
-0.0463	0.1706	0.0069	44.0000	73.0500	
-0.0462	0.1708	0.0072	44.0250	73.0750	
-0.0461	0.1706	0.0072	44.7250	72.9000	
-0.0461	0.1703	0.0071	45.2500	73.1000	
-0.0460	0.1696	0.0069	45.4250	73.1250	
-0.0459	0.1691	0.0069	45.8250	73.1250	
-0.0458	0.1685	0.0068	46.3000	73.1750	
-0.0458	0.1681	0.0066	47.1250	73.1000	
-0.0457	0.1675	0.0065	47.2250	73.0250	
-0.0457	0.1670	0.0063	47.6750	73.2250	
-0.0457	0.1668	0.0062	48.7750	72.9750	
-0.0457	0.1661	0.0059	48.9500	73.4000	
-0.0456	0.1658	0.0060	49.5500	73.1000	
-0.0456	0.1652	0.0056	49.4750	73.2000	
-0.0456	0.1652	0.0057	50.3750	73.3000	
-0.0456	0.1646	0.0054	51.1750	73.1250	
-0.0456	0.1640	0.0052	50.9750	73.8500	
-0.0457	0.1641	0.0051	51.7000	73.1500	
-0.0457	0.1637	0.0048	51.5500	73.8250	
-0.0458	0.1635	0.0046	52.6250	73.2250	
-0.0459	0.1633	0.0044	52.3000	73.8250	
-0.0459	0.1636	0.0045	53.1750	73.5000	
-0.0460	0.1631	0.0042	53.4750	73.5250	
-0.0461	0.1629	0.0040	53.8750	73.5500	
-0.0461	0.1632	0.0040	53.8500	73.5500	
-0.0462	0.1630	0.0039	54.4500	73.6250	
-0.0462	0.1628	0.0038	55.1000	73.3250	
-0.0463	0.1628	0.0037	54.6000	73.8500	
-0.0463	0.1633	0.0039	55.5000	73.3000	
-0.0465	0.1633	0.0035	55.0500	73.8250	
-0.0465	0.1633	0.0035	56.0000	73.5750	
-0.0464	0.1630	0.0036	56.0000	73.0500	
-0.0464	0.1626	0.0034	55.7750	73.6500	
-0.0465	0.1629	0.0033	56.4500	73.3750	
-0.0466	0.1632	0.0033	56.5750	73.3000	
-0.0467	0.1628	0.0031	56.5500	73.5750	
-0.0467	0.1636	0.0034	57.3250	73.3500	
-0.0467	0.1634	0.0033	57.5750	73.3000	
-0.0467	0.1629	0.0030	57.5500	73.4000	
-0.0468	0.1632	0.0032	57.9250	73.4250	
-0.0468	0.1636	0.0033	58.2750	73.2500	
-0.0468	0.1630	0.0030	58.5000	73.2750	
-0.0468	0.1632	0.0030	58.6500	73.5250	
-0.0468	0.1635	0.0031	59.0000	73.3500	
-0.0469	0.1636	0.0031	59.0500	73.3750	
-0.0469	0.1634	0.0030	59.3500	73.4500	
-0.0470	0.1635	0.0030	59.6250	73.2500	
-0.0470	0.1635	0.0030	59.3250	73.4000	
-0.0470	0.1637	0.0031	60.3500	73.1500	
-0.0470	0.1634	0.0029	60.0500	73.5000	
-0.0470	0.1638	0.0030	60.5250	73.3000	
-0.0470	0.1635	0.0029	59.7250	73.6250	
-0.0470	0.1637	0.0030	61.1000	73.0750	
-0.0470	0.1632	0.0027	60.7000	73.8250	
-0.0471	0.1636	0.0028	61.0000	73.3500	
-0.0471	0.1637	0.0029	60.3250	73.6250	
-0.0471	0.1635	0.0028	61.5000	73.2750	
-0.0471	0.1633	0.0026	61.0250	73.6750	
-0.0471	0.1637	0.0029	61.4750	73.4500	
-0.0471	0.1631	0.0026	61.6750	73.6750	
-0.0471	0.1633	0.0028	62.0000	73.3500	
-0.0471	0.1633	0.0027	61.6250	73.7000	
-0.0471	0.1631	0.0027	62.5500	73.3000	
-0.0471	0.1633	0.0027	61.8000	73.8750	
-0.0470	0.1631	0.0027	62.9500	73.4750	
-0.0470	0.1630	0.0027	62.4250	73.7000	
-0.0471	0.1631	0.0026	62.9750	73.5500	
-0.0471	0.1629	0.0025	63.3250	73.6000	
-0.0471	0.1631	0.0026	63.3250	73.7000	
-0.0471	0.1633	0.0026	63.5250	73.4750	
-0.0471	0.1628	0.0025	63.3750	73.8250	
-0.0471	0.1630	0.0025	64.2500	73.5250	
-0.0471	0.1626	0.0024	63.5250	74.0250	
-0.0472	0.1630	0.0024	64.3500	73.4250	
-0.0472	0.1629	0.0024	64.4000	73.5750	
-0.0473	0.1630	0.0023	64.2750	73.6000	
-0.0474	0.1636	0.0024	64.5500	73.5750	
-0.0474	0.1630	0.0021	65.1000	73.3750	
-0.0474	0.1633	0.0022	65.2500	73.6000	
-0.0474	0.1636	0.0024	65.9000	73.3750	
-0.0475	0.1635	0.0023	65.5750	73.5250	
-0.0475	0.1639	0.0023	65.8250	73.3000	
-0.0475	0.1638	0.0024	66.1250	73.2500	
-0.0475	0.1637	0.0023	66.0250	73.1750	
-0.0475	0.1637	0.0023	66.0750	73.1500	
-0.0475	0.1642	0.0025	66.7250	73.0500	
-0.0475	0.1636	0.0023	66.7000	73.2250	
-0.0475	0.1640	0.0025	66.6500	73.1250	
-0.0475	0.1638	0.0024	66.9500	73.2750	
-0.0475	0.1640	0.0024	66.9750	73.1500	
-0.0475	0.1640	0.0025	67.1500	73.0750	
-0.0475	0.1639	0.0024	67.2500	72.9250	
-0.0475	0.1640	0.0025	66.9750	72.9500	
-0.0474	0.1638	0.0025	67.8250	73.0500	
-0.0474	0.1637	0.0024	67.6000	73.2000	
-0.0474	0.1639	0.0026	68.0000	73.1000	
-0.0472	0.1639	0.0028	67.6250	72.9500	
-0.0472	0.1644	0.0030	68.0250	72.9250	
-0.0473	0.1635	0.0025	68.0500	72.8750	
-0.0474	0.1638	0.0025	68.1500	72.9750	
-0.0473	0.1638	0.0026	68.4000	72.9500	
-0.0474	0.1636	0.0025	68.6250	73.1250	
-0.0473	0.1639	0.0028	68.0000	73.0750	
-0.0473	0.1638	0.0026	68.5750	72.9750	
-0.0473	0.1633	0.0024	68.4000	73.2500	
-0.0473	0.1640	0.0027	68.4250	73.1250	
-0.0473	0.1631	0.0024	68.7750	73.3000	
-0.0473	0.1635	0.0025	68.9000	73.1750	
-0.0473	0.1635	0.0026	68.7250	73.2750	
-0.0472	0.1632	0.0025	69.2500	73.2750	
-0.0472	0.1633	0.0025	69.4750	73.1750	
-0.0472	0.1632	0.0025	69.1500	73.4750	
-0.0472	0.1633	0.0026	69.5500	73.2250	
-0.0471	0.1628	0.0025	69.8000	73.3500	
-0.0470	0.1631	0.0028	69.7500	73.3500	
-0.0471	0.1630	0.0026	69.7000	73.3000	
-0.0471	0.1632	0.0027	69.8000	73.3000	
-0.0471	0.1630	0.0025	70.0750	73.2750	
-0.0471	0.1627	0.0024	70.3750	73.4000	
-0.0471	0.1629	0.0025	70.4500	73.4250	
-0.0471	0.1629	0.0026	70.3000	73.5750	
-0.0471	0.1627	0.0025	70.9000	73.4000	
-0.0472	0.1629	0.0025	70.3000	73.5000	
-0.0471	0.1628	0.0025	71.1000	73.3500	
-0.0470	0.1627	0.0025	70.8500	73.4250	
-0.0471	0.1629	0.0025	71.1500	73.4000	
-0.0470	0.1624	0.0024	71.0500	73.6250	
-0.0470	0.1631	0.0027	71.4500	73.4250	
-0.0470	0.1623	0.0024	71.5000	73.7000	
-0.0470	0.1626	0.0026	71.5000	73.5750	
-0.0470	0.1623	0.0024	71.4750	73.6250	
-0.0469	0.1624	0.0026	71.5500	73.6500	
-0.0470	0.1626	0.0026	71.8000	73.6000	
-0.0470	0.1623	0.0024	71.6750	73.7000	
-0.0469	0.1626	0.0026	71.7000	73.6750	
0.4012	50.0250	0.6063	50.0000	
0.3832	50.0500	0.5825	50.0000	
0.3659	50.1000	0.5598	50.0000	
0.3491	49.5500	0.5380	50.0000	
0.3333	44.1000	0.5173	50.0000	
0.3177	44.4500	0.4979	50.0000	
0.3034	45.9250	0.4787	50.0000	
0.2900	44.8750	0.4596	50.0000	
0.2783	48.9000	0.4407	50.0000	
0.2668	42.6750	0.4224	50.0000	
0.2580	49.3250	0.4043	50.0000	
0.2532	49.9000	0.3874	50.0000	
0.2522	49.7250	0.3711	50.0000	
0.2514	46.8250	0.3561	50.0000	
0.2498	39.4000	0.3424	50.0000	
0.2491	36.9500	0.3302	50.0000	
0.2485	39.4500	0.3196	50.0000	
0.2479	33.0750	0.3108	50.0000	
0.2474	33.4000	0.3034	50.0000	
0.2468	34.5500	0.2973	50.0000	
0.2462	36.3250	0.2920	50.0000	
0.2456	34.8750	0.2874	50.0000	
0.2450	36.6250	0.2834	50.0000	
0.2443	38.9750	0.2799	50.0000	
0.2437	36.0500	0.2764	50.0000	
0.2430	36.5750	0.2733	50.0000	
0.2423	38.3750	0.2702	50.0000	
0.2415	38.2500	0.2670	58.1500	
0.2409	37.7250	0.2638	69.5250	
0.2400	38.0750	0.2604	71.4000	
0.2393	37.7500	0.2568	72.0750	
0.2384	37.9500	0.2530	72.0000	
0.2375	37.8000	0.2490	71.9750	
0.2368	41.6250	0.2448	71.8250	
0.2359	38.9500	0.2404	71.8500	
0.2350	38.3000	0.2358	71.9000	
0.2341	41.8000	0.2310	71.8250	
0.2334	39.3500	0.2259	71.6500	
0.2322	40.3000	0.2203	71.7000	
0.2314	46.0750	0.2142	71.8500	
0.2307	46.1000	0.2080	71.9250	
0.2295	49.2750	0.2019	71.7750	
0.2285	49.5250	0.1959	71.5250	
0.2277	49.8000	0.1901	71.4500	
0.2266	50.1750	0.1845	71.4250	
0.2257	49.9500	0.1788	71.5250	
0.2243	50.5500	0.1735	71.8750	
0.2234	50.5000	0.1686	71.9750	
0.2227	50.6250	0.1645	72.1250	
0.2217	51.4000	0.1610	71.9750	
0.2203	51.1500	0.1580	71.8000	
0.2196	51.1750	0.1553	71.8250	
0.2183	51.4750	0.1530	71.9250	
0.2174	51.2750	0.1508	72.0000	
0.2162	51.6250	0.1489	72.0000	
0.2154	52.1750	0.1473	72.0000	
0.2144	52.3750	0.1459	71.9750	
0.2135	52.1750	0.1449	71.9750	
0.2127	51.8500	0.1441	71.9500	
0.2115	51.7750	0.1435	72.0000	
0.2103	52.0000	0.1429	71.9500	
0.2096	51.8750	0.1423	72.0000	
0.2082	51.6000	0.1418	71.9500	
0.2072	51.3250	0.1413	72.0000	
0.2062	51.6500	0.1407	71.9000	
0.2050	51.6500	0.1402	71.8500	
0.2043	51.9250	0.1396	71.8500	
0.2031	51.8250	0.1390	71.8000	
0.2023	52.0500	0.1384	71.6750	
0.2009	51.8250	0.1377	71.7500	
0.1998	51.8500	0.1370	71.6000	
0.1989	52.0000	0.1362	71.5500	
0.1979	51.8000	0.1354	71.5750	
0.1967	51.6500	0.1345	71.5500	
0.1957	51.7250	0.1335	71.4750	
0.1948	51.8500	0.1326	71.4750	
0.1937	51.7250	0.1316	71.4500	
0.1927	51.2500	0.1304	71.4500	
0.1916	51.5500	0.1294	71.2500	
0.1907	51.4500	0.1281	71.3000	
0.1899	51.6000	0.1269	71.2000	
0.1888	51.8000	0.1257	71.2000	
0.1879	51.9250	0.1243	71.2750	
0.1867	51.7250	0.1229	71.0750	
0.1858	51.8000	0.1216	71.0250	
0.1850	51.9250	0.1202	71.2250	
0.1838	52.0000	0.1189	70.9500	
0.1830	52.0500	0.1175	70.8750	
0.1821	52.0750	0.1162	71.0500	
0.1810	51.9000	0.1148	70.9000	
0.1802	52.1250	0.1133	70.8000	
0.1792	52.0500	0.1119	70.8750	
0.1780	52.0750	0.1105	70.8000	
0.1772	52.2000	0.1091	70.7750	
0.1762	51.9750	0.1075	70.6500	
0.1751	51.9500	0.1060	70.5750	
0.1741	51.9500	0.1046	70.6000	
0.1733	52.0500	0.1031	70.7000	
0.1725	52.2500	0.1023	70.5500	
0.1718	51.8250	0.1009	70.5000	
0.1711	52.3250	0.0991	70.4750	
0.1695	52.1750	0.0976	70.5000	
0.1687	52.3000	0.0963	70.5750	
0.1677	52.1500	0.0949	70.4500	
0.1670	52.3750	0.0935	70.3750	
0.1662	53.0250	0.0921	70.4500	
0.1655	52.8250	0.0907	70.4250	
0.1646	53.1250	0.0895	70.4500	
0.1641	54.1250	0.0880	70.2500	
0.1637	53.6500	0.0864	70.2500	
0.1632	53.8000	0.0849	70.2250	
0.1619	53.7000	0.0834	70.3250	
0.1614	53.8500	0.0819	70.2250	
0.1606	53.9000	0.0804	70.1500	
0.1601	54.2000	0.0790	70.1250	
0.1596	55.3000	0.0773	70.1250	
0.1590	55.1000	0.0757	70.0500	
0.1589	54.7500	0.0742	70.0250	
0.1580	55.1750	0.0726	70.0000	
0.1578	54.6250	0.0710	70.0000	
0.1570	56.5000	0.0694	70.0500	
0.1566	55.8750	0.0679	70.0750	
0.1562	55.1000	0.0662	70.0500	
0.1556	55.6000	0.0648	70.0000	
0.1551	56.6500	0.0632	69.9000	
0.1547	56.2000	0.0616	70.0250	
0.1544	56.5250	0.0601	69.8750	
0.1542	56.1500	0.0587	69.8250	
0.1540	57.6250	0.0572	69.8250	
0.1534	58.2250	0.0558	69.8000	
0.1531	57.1250	0.0544	69.8250	
0.1528	56.6000	0.0530	69.8250	
0.1523	57.5000	0.0520	69.7750	
0.1520	57.6000	0.0508	69.7250	
0.1517	56.8000	0.0493	69.7750	
0.1516	58.0750	0.0483	69.7500	
0.1511	59.3250	0.0472	69.8000	
0.1509	58.6500	0.0460	69.8000	
0.1507	57.2750	0.0448	69.8000	
0.1505	57.6000	0.0437	69.7250	
0.1503	58.0000	0.0426	69.7750	
0.1502	58.2250	0.0416	69.7500	
0.1501	57.9000	0.0405	69.7250	
0.1500	58.6750	0.0395	69.6750	
0.1495	58.1750	0.0385	69.7250	
0.1494	57.1500	0.0375	69.7000	
0.1489	57.9250	0.0365	69.8000	
0.1489	57.7250	0.0355	69.8250	
0.1487	58.0250	0.0346	69.8500	
0.1488	57.6250	0.0337	69.9000	
0.1487	57.6000	0.0327	69.9500	
0.1484	58.1250	0.0319	70.0000	
0.1488	57.8250	0.0311	70.0250	
0.1485	57.3250	0.0302	70.1500	
0.1478	56.8750	0.0292	70.1750	
0.1480	58.0500	0.0284	70.2250	
0.1477	57.8750	0.0276	70.2250	
0.1474	58.1250	0.0268	70.2750	
0.1473	58.1750	0.0260	70.3500	
0.1472	58.0750	0.0253	70.3500	
0.1471	57.8250	0.0245	70.4250	
0.1471	57.7750	0.0242	70.4500	
0.1468	57.7250	0.0232	70.4250	
0.1469	57.4500	0.0226	70.5500	
0.1470	58.0750	0.0220	70.6750	
0.1471	58.5000	0.0214	70.6250	
0.1469	58.0500	0.0207	70.7000	
0.1468	58.3000	0.0202	70.8250	
0.1465	58.3750	0.0197	70.8000	
0.1461	58.6250	0.0192	70.8500	
0.1462	58.1250	0.0187	70.8750	
0.1461	59.0500	0.0181	70.9250	
0.1461	58.5500	0.0177	70.9500	
0.1457	58.7250	0.0172	70.9500	
0.1454	59.0500	0.0168	71.0000	
0.1453	59.3500	0.0163	71.1000	
0.1451	59.8000	0.0159	71.2000	
0.1452	58.6250	0.0155	71.2750	
0.1452	57.8000	0.0151	71.4000	
0.1448	56.6250	0.0147	71.4750	
0.1449	57.1000	0.0143	71.5750	
0.1450	57.3750	0.0139	71.6500	
0.1448	58.9250	0.0136	71.7750	
0.1443	56.9750	0.0132	71.7500	
0.1442	54.5500	0.0129	71.8500	
0.1440	56.3000	0.0126	71.9000	
0.1439	57.2750	0.0123	71.9500	
0.1438	56.0250	0.0120	71.9250	
0.1437	54.8500	0.0117	72.0000	
0.1438	54.5250	0.0115	72.0750	
0.1435	56.2750	0.0112	72.1000	
0.1435	56.9000	0.0109	72.1500	
0.1434	54.8000	0.0107	72.2750	
0.1433	53.8500	0.0105	72.2500	
0.1433	53.6750	0.0102	72.3000	
0.1433	54.7750	0.0100	72.3250	
0.1431	55.2000	0.0098	72.4750	
0.1429	55.3500	0.0096	72.5250	
0.1428	53.9250	0.0093	72.5500	
0.1428	53.0250	0.0091	72.6000	
0.1429	54.1250	0.0089	72.7500	
0.1428	54.4000	0.0088	72.7000	
0.1428	54.1750	0.0086	72.7500	
0.1427	53.5750	0.0084	72.9000	
0.1426	53.6750	0.0082	72.9250	
0.1427	54.1250	0.0081	72.9500	
0.1426	53.8000	0.0079	72.9750	
0.1424	53.2750	0.0078	73.0250	
0.1422	52.7500	0.0077	73.1500	
0.1422	53.2250	0.0075	73.1000	
0.1421	53.2500	0.0074	73.2750	
0.1421	52.9750	0.0072	73.2750	
0.1423	52.6500	0.0071	73.3000	
0.1421	52.6000	0.0070	73.3250	
0.1420	52.7750	0.0069	73.3750	
0.1421	52.0500	0.0068	73.4500	
0.1422	51.5750	0.0067	73.5000	
0.1427	50.8500	0.0066	73.5250	
0.1426	51.5750	0.0065	73.5250	
0.1424	52.0250	0.0064	73.5750	
0.1418	51.2500	0.0063	73.6000	
0.1417	52.0750	0.0062	73.6750	
0.1418	50.8500	0.0061	73.7250	
0.1416	51.9750	0.0060	73.7250	
0.1415	51.1000	0.0059	73.6750	
0.1415	51.2750	0.0059	73.7500	
0.1415	51.2500	0.0057	73.8250	
0.1414	50.7500	0.0056	73.8000	
0.1415	50.8250	0.0055	73.8750	
0.1415	51.3750	0.0054	73.8750	
0.1416	49.8750	0.0053	73.8750	
0.1415	50.8250	0.0053	74.0500	
0.1413	50.4250	0.0052	74.0000	
0.1413	50.3500	0.0051	74.2250	
0.1412	50.4750	0.0050	74.2000	
0.1411	49.7500	0.0049	74.2750	
0.1412	50.2500	0.0049	74.3000	
0.1410	49.8750	0.0048	74.3750	
0.1410	49.7750	0.0047	74.4250	
0.1409	49.9500	0.0046	74.4250	
0.1409	50.2250	0.0046	74.4500	
0.1410	48.5750	0.0045	74.5000	
0.1409	49.5750	0.0044	74.6000	
0.1408	48.8500	0.0044	74.5750	
0.1408	49.4500	0.0043	74.6500	
0.1409	48.7000	0.0043	74.6750	
0.1408	49.3000	0.0042	74.6500	
0.1410	47.7000	0.0042	74.8000	
0.1407	48.8000	0.0042	74.7750	
0.1407	48.4000	0.0041	74.8250	
0.1407	47.0500	0.0041	74.8250	
0.1408	49.4250	0.0040	74.9000	
0.1406	46.8750	0.0040	74.8750	
0.1407	48.7250	0.0040	74.9500	
0.1405	48.5750	0.0039	74.9250	
0.1405	47.6000	0.0039	75.0000	
0.1407	47.0750	0.0039	74.9500	
0.1408	48.6250	0.0038	75.0250	
0.1405	46.2750	0.0038	74.9500	
0.1404	48.2250	0.0037	75.0000	
0.1404	47.4750	0.0037	75.0000	
0.1403	47.9000	0.0037	75.0500	
0.1405	47.4500	0.0037	75.0750	
0.1403	46.2500	0.0036	75.0750	
0.1403	47.2500	0.0036	75.1000	
0.1402	46.4000	0.0036	75.0000	
0.1404	47.4000	0.0036	75.0000	
0.1403	45.1250	0.0035	75.0250	
0.1403	48.5500	0.0035	75.0000	
0.1402	45.8500	0.0035	75.0000	
0.1403	46.8750	0.0034	75.0500	
0.1400	45.6750	0.0034	75.0000	
0.1400	46.5750	0.0034	75.0500	
0.1400	44.4500	0.0034	75.1000	
0.1401	47.6500	0.0034	75.1000	
0.1400	45.0750	0.0033	75.0250	
0.1401	47.6750	0.0033	75.0250	
0.1401	44.0000	0.0033	75.0500	
0.1399	46.4000	0.0033	75.0250	
0.1399	45.3250	0.0032	75.0500	
0.1398	45.1000	0.0032	75.0500	
0.1398	46.7750	0.0032	75.0500	
0.1398	46.0000	0.0032	75.0250	
0.1399	46.1500	0.0032	75.1000	
0.1399	45.6250	0.0031	75.0750	
0.1398	43.6250	0.0031	75.0500	
0.1398	47.2750	0.0031	75.1000	
0.1398	43.6250	0.0031	75.1000	
0.1398	45.9000	0.0031	75.0500	
0.1397	45.4000	0.0031	75.1250	
0.1396	45.5500	0.0030	75.0750	
0.1395	45.0500	0.0030	75.0250	
0.1398	45.5250	0.0030	75.0750	
0.1397	43.3000	0.0029	75.0250	
0.1395	43.6750	0.0029	75.1000	
0.1394	45.0500	0.0029	75.0500	
0.1397	45.8500	0.0029	75.0500	
0.1396	43.9500	0.0029	75.0500	
0.1394	43.9250	0.0029	75.1000	
0.1395	44.0500	0.0028	75.0250	
0.1398	45.9750	0.0028	75.1250	
0.1398	41.1000	0.0028	75.0500	
0.1395	46.2250	0.0028	74.9500	
0.1393	43.9250	0.0028	75.0500	
0.1391	44.6000	0.0027	74.9250	
0.1391	44.6750	0.0027	75.0000	
0.1392	42.6500	0.0027	74.9750	
0.1391	45.6000	0.0027	74.9500	
0.1391	44.3500	0.0027	75.0250	
0.1391	44.7000	0.0026	75.0000	
0.1390	44.7000	0.0026	74.9250	
0.1391	44.1250	0.0026	74.9750	
0.1390	45.2000	0.0026	74.9250	
0.1391	40.6750	0.0025	74.9250	
0.1388	44.7500	0.0025	74.9500	
0.1387	44.4250	0.0025	74.8750	
0.1388	45.3750	0.0024	74.9000	
0.1389	42.6000	0.0024	74.9000	
0.1389	43.0500	0.0024	74.8750	
0.1387	45.7000	0.0024	74.8750	
0.1385	44.3500	0.0024	74.8500	
0.1384	45.5500	0.0023	74.9000	
0.1385	44.1750	0.0023	74.9000	
0.1384	46.0500	0.0022	74.9000	
0.1383	42.1250	0.0022	74.8750	
0.1382	45.0750	0.0022	74.9000	
0.1382	42.3750	0.0022	74.8750	
0.1381	43.7000	0.0021	74.8750	
0.1381	45.7250	0.0021	74.8750	
0.1380	42.7000	0.0021	74.8250	
0.1378	46.0000	0.0021	74.8000	
0.1379	45.6750	0.0021	74.8500	
0.1378	41.9500	0.0020	74.8000	
0.1377	43.3250	0.0020	74.8250	
0.1376	43.6000	0.0020	74.7000	
0.1375	42.4250	0.0020	74.7750	
0.1375	44.8250	0.0020	74.8250	
0.1374	41.7750	0.0020	74.7250	
0.1373	40.8750	0.0020	74.7750	
0.1373	42.9250	0.0019	74.7500	
0.1374	38.6000	0.0019	74.6750	
0.1374	43.6500	0.0019	74.6750	
0.1371	40.3000	0.0019	74.7000	
0.1373	45.4500	0.0019	74.7000	
0.1371	40.9250	0.0019	74.6750	
0.1369	41.4500	0.0019	74.6750	
0.1369	39.8000	0.0019	74.7000	
0.1369	43.0500	0.0019	74.7250	
0.1367	39.7750	0.0018	74.6750	
0.1367	41.4250	0.0018	74.7000	
0.1367	39.0500	0.0018	74.7250	
0.1367	43.4750	0.0018	74.6750	
0.1367	39.2250	0.0018	74.8000	
0.1363	39.8250	0.0018	74.5750	
0.1364	40.5000	0.0018	74.6750	
0.1363	39.8000	0.0018	74.7250	
0.1363	40.9250	0.0018	74.5750	
0.1362	39.5500	0.0018	74.6750	
0.1363	37.9000	0.0018	74.7000	
0.1362	38.9250	0.0017	74.7250	
0.1362	40.1500	0.0017	74.7500	
0.1362	38.9750	0.0017	74.7500	
0.1361	38.5500	0.0017	74.8000	
0.1361	38.1500	0.0017	74.7500	
0.1362	39.5000	0.0017	74.7000	
0.1360	38.5250	0.0017	74.7250	
0.1360	38.3250	0.0017	74.7750	
0.1359	38.7750	0.0017	74.7500	
0.1359	37.8250	0.0017	74.7500	
0.1359	38.2250	0.0017	74.7250	
0.1359	39.1500	0.0017	74.7250	
0.1359	38.4500	0.0017	74.7500	
0.1359	38.2750	0.0016	74.7500	
0.1359	37.1000	0.0016	74.7250	
0.1358	38.2250	0.0016	74.7250	
0.1359	37.2750	0.0016	74.7500	
0.1359	39.2000	0.0016	74.7250	
0.1358	38.7000	0.0016	74.7250	
0.1357	39.3000	0.0016	74.7250	
0.1357	38.8250	0.0016	74.6750	
0.1359	36.6500	0.0016	74.8000	
0.1358	37.7250	0.0016	74.6500	
0.1359	36.8250	0.0016	74.7500	
0.1358	40.0500	0.0016	74.6750	
0.1358	37.2250	0.0016	74.6250	
0.1357	37.7500	0.0016	74.7250	
0.1356	36.8750	0.0016	74.7000	
0.1356	37.7250	0.0015	74.7500	
0.1356	38.0750	0.0015	74.6500	
0.1356	37.1750	0.0015	74.6750	
0.1356	37.6000	0.0016	74.6500	
0.1356	38.4500	0.0015	74.6500	
0.1356	36.4500	0.0015	74.6500	
0.1357	38.4750	0.0015	74.7250	
0.1358	36.3500	0.0015	74.6750	
0.1356	39.7250	0.0015	74.7000	
0.1355	36.6750	0.0015	74.6750	
0.1355	36.4500	0.0015	74.6500	
0.1355	37.1000	0.0015	74.6750	
0.1355	36.9750	0.0015	74.7000	
0.1354	37.5500	0.0015	74.6750	
0.1355	36.1250	0.0015	74.7750	
0.1354	36.6000	0.0015	74.7250	
0.1354	39.1750	0.0015	74.7500	
0.1358	36.1750	0.0015	74.6500	
0.1357	38.4500	0.0014	74.7500	
0.1354	35.6500	0.0014	74.7250	
0.1354	36.9000	0.0014	74.7000	
0.1354	38.4750	0.0014	74.7000	
0.1353	37.1250	0.0014	74.7250	
0.1353	36.0750	0.0014	74.6750	
0.1353	37.5000	0.0014	74.8000	
0.1353	35.7750	0.0014	74.7000	
0.1353	36.4250	0.0014	74.8000	
0.1353	37.1500	0.0014	74.7750	
0.1353	36.3750	0.0014	74.6750	
0.1354	38.4250	0.0014	74.7000	
0.1353	36.8750	0.0014	74.7250	
0.1354	36.2000	0.0014	74.7750	
0.1354	39.7750	0.0014	74.7500	
0.1359	35.0500	0.0014	74.7750	
0.1354	42.2750	0.0014	74.7000	
0.1352	36.9000	0.0014	74.7750	
0.1352	37.3750	0.0014	74.7500	
0.1351	39.3250	0.0014	74.7750	
0.1351	36.7500	0.0014	74.7000	
0.1351	35.0500	0.0014	74.7500	
0.1351	37.1750	0.0014	74.7750	
0.1353	35.6500	0.0014	74.7750	
0.1352	39.9000	0.0014	74.7750	
0.1350	37.8250	0.0014	74.7500	
0.1350	36.5750	0.0013	74.7750	
0.1351	37.7250	0.0013	74.7500	
0.1350	36.4500	0.0013	74.7750	
0.1351	34.9750	0.0013	74.7750	
0.1351	39.1500	0.0013	74.7750	
0.1350	38.1750	0.0013	74.7750	
0.1351	37.0500	0.0013	74.7250	
0.1351	36.2750	0.0013	74.7750	
0.1350	34.0750	0.0013	74.8000	
0.1350	36.6750	0.0013	74.7750	
0.1349	38.7500	0.0013	74.7500	
0.1352	34.3000	0.0013	74.7500	
0.1350	40.7250	0.0013	74.7500	
0.1350	34.3500	0.0013	74.7500	
0.1351	41.0500	0.0013	74.7500	
0.1350	35.1000	0.0013	74.7750	
0.1349	40.9250	0.0013	74.8250	
0.1349	38.2500	0.0013	74.7500	
0.1349	38.1000	0.0013	74.7750	
0.1349	36.1750	0.0013	74.7750	
0.1350	37.5250	0.0013	74.7750	
0.1349	35.8750	0.0013	74.7500	
0.1348	40.7500	0.0013	74.7500	
0.1349	36.1250	0.0013	74.7500	
0.1349	43.4250	0.0013	74.8000	
0.1349	34.0000	0.0013	74.7750	
0.1349	38.6000	0.0013	74.8000	
0.1350	35.2500	0.0013	74.7750	
0.1348	41.3750	0.0013	74.8000	
0.1348	36.8500	0.0013	74.7500	
0.1347	39.3500	0.0013	74.7750	
0.1348	40.4250	0.0013	74.8000	
0.1348	39.0250	0.0013	74.7750	
0.1348	37.1000	0.0013	74.8000	
0.1348	42.6000	0.0013	74.7750	
0.1348	38.5500	0.0013	74.8000	
0.1347	40.1500	0.0013	74.7750	
0.1348	39.1500	0.0013	74.8000	
0.1347	37.1250	0.0013	74.7500	
0.1347	36.4000	0.0012	74.7500	
0.1347	43.4250	0.0012	74.7750	
0.1347	44.7250	0.0012	74.8000	
0.1348	36.5250	0.0012	74.8000	
0.1348	45.8000	0.0012	74.8000	
0.1347	36.3500	0.0012	74.7750	
0.1346	45.2250	0.0012	74.8250	
0.1346	38.3750	0.0012	74.7750	
0.1348	45.2250	0.0012	74.7750	
0.1347	40.1500	0.0012	74.8500	
0.1346	40.7750	0.0012	74.8000	
0.1346	38.2250	0.0012	74.8000	
0.1347	38.6250	0.0012	74.7500	
0.1347	47.6500	0.0012	74.8250	
0.1348	38.4000	0.0012	74.7500	
0.1347	46.8000	0.0012	74.8250	
0.1346	37.5000	0.0012	74.7750	
0.1346	41.9500	0.0012	74.7500	
0.1345	46.7500	0.0012	74.7250	
0.1346	46.4000	0.0012	74.7750	
0.1345	38.5000	0.0012	74.7250	
0.1345	39.4250	0.0012	74.7750	
0.1345	46.2250	0.0012	74.7750	
0.1346	41.6250	0.0012	74.7750	
0.1346	48.5750	0.0012	74.7750	
0.1345	39.9000	0.0012	74.7250	
0.1345	39.2500	0.0012	74.7750	
0.1345	46.0250	0.0012	74.8000	
0.1345	45.3750	0.0012	74.7500	
0.1346	44.6750	0.0012	74.7750	
0.1345	42.3500	0.0012	74.8000	
0.1346	41.7500	0.0012	74.7750	
0.1345	38.3000	0.0012	74.8000	
0.1346	47.1750	0.0012	74.8000	
0.1345	44.3000	0.0012	74.8750	
0.1346	44.8000	0.0012	74.7500	
0.1345	39.6000	0.0012	74.7500	
0.1346	45.6500	0.0012	74.7750	
0.1344	44.1750	0.0012	74.7750	
0.1344	47.4000	0.0012	74.8000	
0.1344	48.9750	0.0012	74.7750	
0.1344	47.4250	0.0012	74.8000	
0.1344	38.8000	0.0012	74.7500	
0.1345	47.1750	0.0012	74.8000	
0.1345	42.2750	0.0012	74.8000	
0.1344	49.6250	0.0012	74.8000	
0.1347	41.7000	0.0012	74.7750	
0.1345	49.5000	0.0012	74.7000	
0.1344	43.3000	0.0012	74.7500	
0.1344	43.2000	0.0012	74.7750	
0.1345	43.5750	0.0012	74.8000	
0.1344	48.9500	0.0012	74.8000	
0.1343	45.9250	0.0011	74.8250	
0.1344	41.9750	0.0011	74.7250	
0.1344	47.3250	0.0011	74.8500	
0.1344	42.2000	0.0011	74.8500	
0.1344	48.4000	0.0011	74.8250	
0.1343	47.5250	0.0011	74.7500	
0.1343	44.0750	0.0011	74.7750	
0.1344	49.8500	0.0011	74.7750	
0.1343	42.7000	0.0011	74.7500	
0.1343	43.6250	0.0011	74.8000	
0.1344	39.5250	0.0011	74.7750	
0.1344	49.0750	0.0011	74.7750	
0.1343	47.5750	0.0011	74.8250	
0.1344	47.2250	0.0011	74.6750	
0.1342	47.5250	0.0011	74.7750	
0.1344	38.1250	0.0011	74.7750	
0.1343	46.2500	0.0011	74.7750	
0.1343	49.4000	0.0011	74.8500	
0.1343	47.2500	0.0011	74.8750	
0.1343	47.0750	0.0011	74.7500	
0.1343	49.1500	0.0011	74.8250	
0.1342	46.3500	0.0011	74.6750	
0.1343	45.3250	0.0011	74.7000	
0.1343	47.4750	0.0011	74.8000	
0.1343	45.7750	0.0011	74.7750	
0.1343	42.9750	0.0011	74.7750	
0.1343	48.2750	0.0011	74.7250	
0.1342	46.1250	0.0011	74.7500	
0.1342	46.6500	0.0011	74.8500	
0.1343	43.5250	0.0011	74.8000	
0.1343	49.1500	0.0011	74.8000	
0.1342	46.7250	0.0011	74.7750	
0.1343	47.2750	0.0011	74.7500	
0.1344	44.6000	0.0011	74.7750	
0.1343	48.7000	0.0011	74.7750	
0.1341	46.0250	0.0011	74.7750	
0.1342	47.3000	0.0011	74.7750	
0.1343	46.2500	0.0011	74.7750	
0.1344	51.8250	0.0011	74.8000	
0.1343	44.2000	0.0011	74.8000	
0.1342	49.1250	0.0011	74.8000	
0.1342	46.7500	0.0011	74.8000	
0.1342	48.4000	0.0011	74.7750	
0.1342	50.0250	0.0011	74.8250	
0.1344	45.5500	0.0011	74.7750	
0.1342	47.9000	0.0011	74.7500	
0.1341	48.2750	0.0011	74.8000	
0.1342	49.9500	0.0011	74.7500	
0.1342	46.4000	0.0011	74.7750	
0.1342	50.2750	0.0011	74.7500	
0.1341	48.6000	0.0011	74.7500	
0.1341	45.1250	0.0011	74.8250	
0.1341	47.6750	0.0011	74.7250	
0.1341	49.0250	0.0011	74.8000	
0.1341	49.5500	0.0011	74.8250	
0.1341	47.7500	0.0011	74.7500	
0.1341	50.3750	0.0011	74.8000	
0.1341	49.7250	0.0011	74.7750	
0.1341	47.4250	0.0011	74.7750	
0.1342	51.8000	0.0011	74.8000	
0.1342	47.6000	0.0011	74.7750	
0.1343	52.1500	0.0011	74.7250	
0.1341	48.2500	0.0011	74.7500	
0.1340	50.9000	0.0011	74.7500	
0.1340	51.0750	0.0011	74.7500	
0.1340	52.0500	0.0011	74.7000	
0.1340	51.0000	0.0011	74.7250	
0.1339	53.3500	0.0011	74.8000	
0.1338	52.6750	0.0011	74.7750	
0.1338	51.4000	0.0011	74.7000	
0.1338	52.2250	0.0011	74.7250	
0.1338	51.3500	0.0011	74.7500	
0.1338	52.4250	0.0011	74.7250	
0.1337	50.5000	0.0011	74.7250	
0.1337	51.4000	0.0011	74.7750	
0.1338	51.0000	0.0011	74.7750	
0.1337	49.6750	0.0011	74.7500	
0.1338	51.1000	0.0010	74.7000	
0.1337	49.7500	0.0010	74.7250	
0.1335	50.9500	0.0010	74.7750	
0.1337	51.2000	0.0010	74.7750	
0.1337	48.2500	0.0010	74.7500	
0.1335	49.2000	0.0010	74.7250	
0.1336	49.5000	0.0010	74.7750	
0.1335	49.9000	0.0010	74.7750	
0.1335	49.1250	0.0010	74.7750	
0.1335	48.8000	0.0010	74.7250	
0.1336	50.3500	0.0010	74.7000	
0.1335	48.0000	0.0010	74.6750	
0.1335	48.7750	0.0010	74.7000	
0.1335	48.7750	0.0010	74.7250	
0.1335	48.6000	0.0010	74.7250	
0.1335	49.9250	0.0010	74.7500	
0.1338	47.8000	0.0010	74.7250	
0.1337	50.2750	0.0010	74.7250	
0.1334	48.0750	0.0010	74.6250	
0.1335	47.8000	0.0010	74.7000	
0.1335	47.2750	0.0010	74.7500	
0.1335	49.0250	0.0010	74.6750	
0.1334	48.2500	0.0010	74.7000	
0.1335	49.1000	0.0010	74.7500	
0.1333	48.9000	0.0010	74.7750	
0.1334	48.9000	0.0010	74.6750	
0.1333	48.7250	0.0010	74.7750	
0.1334	49.3500	0.0010	74.7250	
0.1334	47.6750	0.0010	74.7500	
0.1333	46.9250	0.0010	74.7250	
0.1334	49.3250	0.0010	74.7500	
0.1336	46.2000	0.0010	74.7000	
0.1334	48.7500	0.0010	74.6750	
0.1333	46.1000	0.0010	74.7000	
0.1334	46.6250	0.0010	74.7250	
0.1332	47.1250	0.0010	74.7000	
0.1333	47.6500	0.0010	74.7250	
0.1333	46.5000	0.0010	74.7750	
0.1333	47.8500	0.0010	74.7500	
0.1332	45.9500	0.0010	74.6750	
0.1334	45.7500	0.0010	74.7000	
0.1333	45.7750	0.0010	74.6750	
0.1333	46.5000	0.0010	74.7250	
0.1333	46.9750	0.0010	74.6750	
0.1332	46.4250	0.0010	74.7250	
0.1333	47.4750	0.0010	74.6750	
0.1334	47.1500	0.0010	74.7000	
0.1334	48.7750	0.0010	74.7000	
0.1331	46.8750	0.0010	74.7500	
0.1333	45.4750	0.0010	74.7000	
0.1332	47.8000	0.0010	74.6500	
0.1332	48.2750	0.0010	74.6750	
0.1332	47.9750	0.0010	74.7000	
0.1332	46.8500	0.0010	74.7250	
0.1331	47.0750	0.0010	74.7500	
0.1332	47.9750	0.0010	74.7750	
0.1332	46.5500	0.0010	74.6750	
0.1332	48.0500	0.0010	74.7250	
0.1332	47.3500	0.0010	74.6250	
0.1332	48.5750	0.0010	74.6750	
0.1331	46.9750	0.0010	74.7500	
0.1331	47.1000	0.0010	74.7000	
0.1331	46.5000	0.0010	74.7000	
0.1331	46.4250	0.0010	74.7250	
0.1331	47.8250	0.0010	74.7250	
0.1331	48.2750	0.0010	74.8000	
0.1331	46.5500	0.0010	74.7250	
0.1331	47.3750	0.0010	74.7000	
0.1331	48.0250	0.0010	74.7500	
0.1331	47.1250	0.0010	74.7000	
0.1331	48.5000	0.0010	74.8000	
0.1330	47.6000	0.0010	74.7750	
0.1331	46.5250	0.0010	74.7250	
0.1331	48.1250	0.0010	74.7250	
0.1330	47.1250	0.0010	74.7000	
0.1330	46.7250	0.0010	74.7000	
0.1332	48.2750	0.0010	74.7250	
0.1331	46.6750	0.0010	74.7250	
0.1330	48.5500	0.0010	74.7250	
0.1330	48.5500	0.0010	74.7250	
0.1331	47.5750	0.0010	74.8000	
0.1330	48.7250	0.0010	74.7250	
0.1330	48.3250	0.0010	74.7250	
0.1330	48.8000	0.0010	74.6750	
0.1330	48.3250	0.0010	74.7250	
0.1330	47.8500	0.0010	74.7000	
0.1330	47.0500	0.0010	74.7250	
0.1330	47.2250	0.0010	74.6750	
0.1329	48.0750	0.0010	74.7000	
0.1329	48.5000	0.0010	74.7250	
0.1330	48.1750	0.0010	74.7250	
0.1329	47.6750	0.0010	74.7250	
0.1330	47.3750	0.0010	74.7000	
0.1330	48.0500	0.0010	74.7250	
0.1330	46.6750	0.0010	74.6750	
0.1332	49.0750	0.0010	74.7500	
0.1333	46.5750	0.0010	74.7250	
0.1329	49.0250	0.0010	74.7250	
0.1329	47.5500	0.0010	74.7000	
0.1329	47.6000	0.0010	74.7250	
0.1329	48.6500	0.0010	74.7250	
0.1329	48.8750	0.0009	74.7250	
0.1329	48.8500	0.0009	74.6500	
0.1329	49.8750	0.0009	74.7000	
0.1329	49.4250	0.0009	74.6250	
0.1328	48.9500	0.0009	74.7250	
0.1329	49.3750	0.0009	74.7000	
0.1329	49.7750	0.0009	74.6750	
0.1329	48.1250	0.0009	74.7250	
0.1328	49.2250	0.0009	74.7500	
0.1328	49.3500	0.0009	74.7000	
0.1328	49.5750	0.0009	74.7250	
0.1328	50.0750	0.0009	74.7000	
0.1328	49.0000	0.0009	74.7250	
0.1328	49.3250	0.0009	74.7250	
0.1329	48.7750	0.0009	74.7250	
0.1329	48.3250	0.0009	74.7000	
0.1328	48.0000	0.0009	74.7750	
0.1328	46.8500	0.0009	74.7500	
0.1328	48.8500	0.0009	74.7250	
0.1328	48.0750	0.0009	74.7250	
0.1327	47.9500	0.0009	74.7000	
0.1327	49.2000	0.0009	74.7250	
0.1328	50.0500	0.0009	74.7250	
0.1327	48.8000	0.0009	74.7000	
0.1328	47.7250	0.0009	74.7250	
0.1327	48.0250	0.0009	74.7000	
0.1328	48.2000	0.0009	74.7250	
0.1329	47.2750	0.0009	74.7250	
0.1327	48.5250	0.0009	74.7000	
0.1328	47.4250	0.0009	74.6750	
0.1327	47.7250	0.0009	74.7000	
0.1327	47.9250	0.0009	74.6750	
0.1328	48.8250	0.0009	74.6500	
0.1327	47.3000	0.0009	74.7000	
0.1327	48.5750	0.0009	74.7000	
0.1328	49.3750	0.0009	74.6750	
0.1327	48.5750	0.0009	74.7000	
0.1328	47.6500	0.0009	74.6750	
0.1329	45.5000	0.0009	74.6750	
0.1328	47.1750	0.0009	74.7000	
0.1326	47.5250	0.0009	74.6250	
0.1328	44.1000	0.0009	74.6250	
0.1327	48.0500	0.0009	74.6750	
0.1327	48.4750	0.0009	74.7000	
0.1327	47.8000	0.0009	74.6750	
0.1328	48.3500	0.0009	74.7000	
0.1329	44.8000	0.0009	74.6750	
0.1328	48.2500	0.0009	74.7500	
0.1326	47.8250	0.0009	74.7250	
0.1327	47.6750	0.0009	74.6750	
0.1327	49.1250	0.0009	74.7000	
0.1326	48.2500	0.0009	74.7250	
0.1326	48.3250	0.0009	74.7000	
0.1326	48.7250	0.0009	74.7000	
0.1327	47.1000	0.0009	74.6750	
0.1327	49.4250	0.0009	74.7000	
0.1326	48.8500	0.0009	74.7000	
0.1326	47.9000	0.0009	74.7250	
0.1326	49.1750	0.0009	74.6250	
0.1326	49.6000	0.0009	74.6750	
0.1326	48.3500	0.0009	74.6500	
0.1325	48.7000	0.0009	74.6250	
0.1326	49.0250	0.0009	74.6750	
0.1325	49.1500	0.0009	74.6500	
0.1326	48.2500	0.0009	74.6750	
0.1326	48.3750	0.0009	74.7000	
0.1326	49.1750	0.0009	74.6500	
0.1325	49.5500	0.0009	74.6750	
0.1326	48.2750	0.0009	74.6750	
0.1325	48.3500	0.0009	74.7250	
0.1325	49.3500	0.0009	74.7000	
0.1325	48.4750	0.0009	74.6750	
0.1326	49.0250	0.0009	74.7000	
0.1326	48.6750	0.0009	74.7000	
0.1326	48.1500	0.0009	74.6250	
0.1325	48.1000	0.0009	74.7250	
0.1326	48.7500	0.0009	74.6750	
0.1325	48.1250	0.0009	74.6500	
0.1326	49.8000	0.0009	74.6750	
0.1325	48.9250	0.0009	74.6750	
0.1325	49.3500	0.0009	74.6500	
0.1325	49.4250	0.0009	74.6750	
0.1325	48.8000	0.0009	74.7250	
0.1325	48.7750	0.0009	74.7000	
0.1324	49.3250	0.0009	74.6250	
0.1325	49.0000	0.0009	74.7250	
0.1325	48.4250	0.0009	74.6750	
0.1325	48.7500	0.0009	74.6750	
0.1325	49.0750	0.0009	74.7000	
0.1325	47.4750	0.0009	74.7000	
0.1324	48.6500	0.0009	74.6000	
0.1325	49.6750	0.0009	74.6750	
0.1324	48.8000	0.0009	74.7000	
0.1324	49.0750	0.0009	74.6500	
0.1325	48.6750	0.0009	74.7750	
0.1324	48.8750	0.0009	74.6250	
0.1325	49.6500	0.0009	74.6500	
0.1324	49.7250	0.0009	74.7000	
0.1324	49.1000	0.0009	74.6500	
0.1325	48.8500	0.0009	74.6750	
0.1325	49.2500	0.0009	74.6500	
0.1325	48.9250	0.0009	74.6500	
0.1324	49.0500	0.0009	74.6500	
0.1324	48.3500	0.0009	74.7000	
0.1326	47.9750	0.0009	74.6750	
0.1326	47.9500	0.0009	74.6500	
0.1326	48.1250	0.0009	74.6750	
0.1325	47.3250	0.0009	74.7000	
0.1326	47.6250	0.0009	74.6500	
0.1324	48.4250	0.0009	74.6500	
0.1325	49.0500	0.0009	74.6500	
0.1324	49.5750	0.0009	74.6500	
0.1324	49.7500	0.0009	74.6500	
0.1324	49.3000	0.0009	74.6750	
0.1324	48.7750	0.0009	74.7000	
0.1324	49.7500	0.0009	74.6750	
0.1325	49.7000	0.0009	74.6750	
0.1324	49.5250	0.0009	74.6250	
0.1324	49.3250	0.0009	74.6750	
0.1325	49.0000	0.0009	74.6750	
0.1323	48.2750	0.0009	74.6750	
0.1324	49.0250	0.0009	74.6500	
0.1324	49.4750	0.0009	74.6500	
0.1324	49.2500	0.0009	74.6500	
0.1324	49.8750	0.0009	74.6500	
0.1324	50.1750	0.0009	74.6250	
0.1323	49.6750	0.0009	74.6000	
0.1323	49.7000	0.0009	74.6750	
0.1323	49.7000	0.0009	74.6250	
0.1324	49.5000	0.0009	74.6250	
0.1323	48.2500	0.0009	74.6500	
0.1324	49.2500	0.0009	74.6500	
0.1323	49.1750	0.0009	74.6500	
0.1323	48.9250	0.0009	74.7000	
0.1323	48.4500	0.0009	74.7000	
0.1323	48.9750	0.0009	74.5750	
0.1324	49.3750	0.0009	74.5500	
0.1323	49.2750	0.0009	74.6750	
0.1323	49.2500	0.0009	74.6500	
0.1323	48.8000	0.0009	74.6500	
0.1323	49.3750	0.0009	74.6750	
0.1322	49.5750	0.0009	74.6250	
0.1323	49.0000	0.0008	74.6500	
0.1323	48.6250	0.0008	74.6500	
0.1323	47.7750	0.0008	74.7000	
0.1323	48.3750	0.0008	74.6500	
0.1323	48.8000	0.0008	74.6750	
0.1323	49.3000	0.0008	74.6250	
0.1323	48.0750	0.0008	74.7000	
0.1322	48.9750	0.0008	74.6750	
0.1323	47.4500	0.0009	74.6500	
0.1323	48.3000	0.0008	74.6500	
0.1323	47.8000	0.0008	74.6250	
0.1323	47.1250	0.0008	74.6750	
0.1324	48.1750	0.0008	74.6750	
0.1322	48.4750	0.0009	74.6000	
0.1323	47.5500	0.0009	74.6250	
0.1322	48.3000	0.0009	74.6500	
0.1322	48.0250	0.0008	74.6250	
0.1323	47.8250	0.0008	74.7000	
0.1322	47.2000	0.0008	74.6750	
0.1323	47.7500	0.0008	74.6500	
0.1323	46.9750	0.0008	74.6750	
0.1322	47.8500	0.0008	74.6500	
0.1322	46.9250	0.0008	74.6500	
0.1322	47.2750	0.0008	74.6750	
0.1322	47.7000	0.0008	74.6500	
0.1322	47.7250	0.0008	74.6750	
0.1322	48.0500	0.0008	74.6500	
0.1322	48.5000	0.0008	74.6250	
0.1322	48.6500	0.0008	74.6500	
0.1323	47.8500	0.0008	74.7000	
0.1321	47.9250	0.0008	74.7250	
0.1322	47.9500	0.0008	74.6750	
0.1322	47.5000	0.0008	74.6000	
0.1321	48.2250	0.0008	74.6250	
0.1321	48.2000	0.0008	74.5250	
0.1322	48.1000	0.0008	74.6250	
0.1322	48.3750	0.0008	74.6500	
0.1321	49.9500	0.0008	74.6250	
0.1322	48.7750	0.0008	74.6750	
0.1321	47.7250	0.0008	74.6500	
0.1321	48.0000	0.0008	74.6750	
0.1321	49.0000	0.0008	74.6500	
0.1322	48.6500	0.0008	74.6250	
0.1322	47.9000	0.0008	74.6500	
0.1321	48.5750	0.0008	74.6250	
0.1322	48.2250	0.0008	74.6500	
0.1321	49.1500	0.0008	74.6750	
0.1321	48.8250	0.0008	74.6500	
0.1321	49.5500	0.0008	74.6250	
0.1321	49.4750	0.0008	74.6750	
0.1321	48.1750	0.0008	74.5750	
0.1321	47.7000	0.0008	74.6750	
0.1321	47.4250	0.0008	74.6500	
0.1323	47.2250	0.0008	74.6500	
0.1321	47.1000	0.0008	74.6500	
0.1321	47.8000	0.0008	74.6250	
0.1321	47.6500	0.0008	74.6500	
0.1321	47.5250	0.0008	74.6500	
0.1321	48.9250	0.0008	74.7000	
0.1321	48.0250	0.0008	74.6250	
0.1322	46.8250	0.0008	74.6500	
0.1321	47.5250	0.0008	74.6250	
0.1321	47.0750	0.0008	74.7000	
0.1320	47.6250	0.0008	74.6000	
0.1320	47.3750	0.0008	74.6500	
0.1320	47.0750	0.0008	74.6750	
0.1321	45.4500	0.0008	74.6000	
0.1320	45.3250	0.0008	74.6750	
0.1320	46.0000	0.0008	74.6250	
0.1320	46.2000	0.0008	74.6250	
0.1320	45.8000	0.0008	74.7000	
0.1320	45.0500	0.0008	74.6250	
0.1320	43.6250	0.0008	74.6250	
0.1320	44.0000	0.0008	74.6750	
0.1320	43.0250	0.0008	74.6250	
0.1320	41.7250	0.0008	74.6500	
0.1320	41.9250	0.0008	74.6250	
0.1319	41.8000	0.0008	74.6500	
0.1320	41.4500	0.0008	74.6000	
0.1320	42.4750	0.0008	74.6750	
0.1319	41.0750	0.0008	74.7000	
0.1319	40.9500	0.0008	74.6000	
0.1319	40.2750	0.0008	74.6500	
0.1319	40.0000	0.0008	74.6750	
0.1319	40.4000	0.0008	74.6250	
0.1319	38.9250	0.0008	74.6750	
0.1319	38.6750	0.0008	74.6000	
0.1319	39.0750	0.0008	74.5750	
0.1319	38.4000	0.0008	74.6500	
0.1318	37.4750	0.0008	74.6750	
0.1318	38.8000	0.0008	74.5500	
0.1318	37.2500	0.0008	74.7000	
0.1319	36.9000	0.0008	74.6750	
0.1318	39.5000	0.0008	74.6250	
0.1318	39.2000	0.0008	74.7000	
0.1318	38.4250	0.0008	74.6750	
0.1318	40.0000	0.0008	74.6500	
0.1318	38.4250	0.0008	74.6250	
0.1318	38.9000	0.0008	74.6750	
0.1318	38.2750	0.0008	74.5750	
0.1318	38.8000	0.0008	74.6000	
0.1320	40.1250	0.0008	74.6000	
0.1319	41.1000	0.0008	74.5750	
0.1318	41.0750	0.0008	74.6250	
0.1318	41.0000	0.0008	74.5750	
0.1318	42.5250	0.0008	74.6000	
0.1318	39.6750	0.0008	74.6750	
0.1317	41.0500	0.0008	74.6000	
0.1317	43.1000	0.0008	74.6500	
0.1318	42.5000	0.0008	74.5750	
0.1318	41.5000	0.0008	74.6750	
0.1318	43.6250	0.0008	74.6000	
0.1318	43.3500	0.0008	74.6250	
0.1317	41.6750	0.0008	74.6000	
0.1317	41.5000	0.0008	74.6500	
0.1317	46.5250	0.0008	74.6750	
0.1317	47.7250	0.0008	74.6000	
0.1317	42.7500	0.0008	74.7250	
0.1318	43.9000	0.0008	74.6000	
0.1317	42.3500	0.0008	74.5500	
0.1317	41.5500	0.0008	74.6000	
0.1318	44.5750	0.0008	74.5500	
0.1317	47.3000	0.0008	74.6000	
0.1318	43.4250	0.0008	74.6250	
0.1317	48.2250	0.0008	74.6500	
0.1317	46.0750	0.0008	74.6000	
0.1317	46.3750	0.0008	74.6500	
0.1317	44.4750	0.0008	74.5750	
0.1317	43.5000	0.0008	74.6000	
0.1317	48.6250	0.0008	74.5750	
0.1317	44.8750	0.0008	74.6250	
0.1317	45.2750	0.0008	74.5750	
0.1316	48.2500	0.0008	74.6250	
0.1316	43.9750	0.0008	74.6250	
0.1317	46.7500	0.0008	74.5250	
0.1316	44.5250	0.0008	74.6250	
0.1317	49.3750	0.0008	74.6250	
0.1316	49.2750	0.0008	74.6000	
0.1316	47.7250	0.0008	74.5750	
0.1317	47.8500	0.0008	74.6250	
0.1316	45.1000	0.0008	74.6500	
0.1317	48.7750	0.0008	74.6500	
0.1316	48.2000	0.0008	74.6750	
0.1316	47.9750	0.0008	74.5500	
0.1316	50.4250	0.0008	74.6000	
0.1316	45.7000	0.0008	74.6750	
0.1317	47.0000	0.0008	74.6500	
0.1316	49.0000	0.0008	74.6500	
0.1316	46.9250	0.0008	74.5500	
0.1316	49.8000	0.0008	74.6250	
0.1316	50.7750	0.0008	74.6250	
0.1316	48.8250	0.0008	74.6750	
0.1316	51.0750	0.0008	74.6250	
0.1316	44.9250	0.0008	74.6250	
0.1316	47.5500	0.0008	74.6250	
0.1315	49.3500	0.0008	74.6500	
0.1316	44.1750	0.0008	74.6250	
0.1315	46.9250	0.0008	74.6250	
