Loss_Adversary	Loss_Target	Accuracy_Adversary	Accuracy_Target	proj_A	proj_T	
-0.0587	0.0406	0.2904	
-0.0598	0.0376	0.2870	
-0.0608	0.0380	0.2911	
-0.0618	0.0372	0.2927	
-0.0627	0.0383	0.2984	
-0.0765	0.0386	0.3452	
0.1489	0.1072	79.4624	86.8581	0.7775	0.7326	
0.1356	0.1059	80.7077	86.8354	0.0000	0.0000	
0.1297	0.1047	81.2312	87.0031	0.0000	0.0000	
0.1258	0.1043	81.7909	86.9601	0.0000	0.0000	
0.1242	0.1039	81.9094	86.9749	0.0000	0.0000	
0.1210	0.1031	82.2498	87.0388	0.0000	0.0000	
0.1207	0.1025	82.3493	87.0904	0.0000	0.0000	
