Loss_Adversary	Loss_Target	Accuracy_Adversary	Accuracy_Target	proj_A	proj_T	
-0.0076	0.0083	0.1513	
-0.0068	0.0083	0.1422	
-0.0067	0.0081	0.1395	
-0.0070	0.0074	0.1367	
-0.0067	0.0076	0.1350	
-0.0089	0.0064	0.1467	
0.1843	0.1522	72.6860	79.2075	0.8478	0.8344	
0.1701	0.1404	75.0519	80.7796	0.0000	0.0000	
0.1643	0.1381	76.3292	81.0598	0.0000	0.0000	
0.1590	0.1371	77.3146	81.2085	0.0000	0.0000	
0.1544	0.1364	78.3449	81.3068	0.0000	0.0000	
0.1512	0.1351	78.9728	81.3584	0.0000	0.0000	
0.1499	0.1351	79.2136	81.3676	0.0000	0.0000	
