Loss_Adversary	Loss_Target	Accuracy_Adversary	Accuracy_Target	proj_A	proj_T	
-0.1293	0.2227	0.4814	
-0.1377	0.1996	0.4750	
-0.1426	0.1931	0.4783	
-0.1459	0.1933	0.4852	
-0.1504	0.1910	0.4919	
-0.1734	0.1855	0.5322	
0.1129	0.0864	83.9037	88.7209	0.7718	0.6975	
0.1022	0.0819	84.9935	88.8653	0.0000	0.0000	
0.1008	0.0814	85.0237	88.9101	0.0000	0.0000	
0.0992	0.0815	85.2086	88.8487	0.0000	0.0000	
0.0985	0.0815	85.2977	88.8929	0.0000	0.0000	
0.0983	0.0812	85.2368	88.9034	0.0000	0.0000	
0.0979	0.0811	85.3548	88.9390	0.0000	0.0000	
