Loss_Adversary	Loss_Target	Accuracy_Adversary	Accuracy_Target	proj_A	proj_T	
-0.5673	0.6660	0.7044	
-0.5718	0.6624	0.7089	
-0.5753	0.6622	0.7128	
-0.5792	0.6616	0.7170	
-0.5829	0.6626	0.7213	
-0.6027	0.6623	0.7432	
0.1019	0.0820	86.2616	88.9875	0.6543	0.6456	
0.0978	0.0809	86.7138	89.0680	0.0000	0.0000	
0.0957	0.0805	86.9675	89.0311	0.0000	0.0000	
0.0944	0.0802	87.0836	89.0907	0.0000	0.0000	
0.0937	0.0800	87.2255	89.0520	0.0000	0.0000	
0.0932	0.0796	87.3410	89.1000	0.0000	0.0000	
0.0929	0.0799	87.3386	89.0778	0.0000	0.0000	
