Loss_Adversary	Loss_Target	Accuracy_Adversary	Accuracy_Target	proj_A	proj_T	
-0.5691	0.6656	0.7063	
-0.5735	0.6649	0.7111	
-0.5778	0.6613	0.7154	
-0.5815	0.6611	0.7196	
-0.5849	0.6604	0.7232	
-0.6052	0.6641	0.7462	
0.1055	0.0810	85.6571	89.1073	0.6510	0.6434	
0.1001	0.0799	86.2892	89.1915	0.0000	0.0000	
0.0980	0.0794	86.6271	89.1835	0.0000	0.0000	
0.0963	0.0794	86.8115	89.2548	0.0000	0.0000	
0.0954	0.0792	86.9491	89.2480	0.0000	0.0000	
0.0948	0.0789	87.0615	89.2732	0.0000	0.0000	
0.0946	0.0791	86.9958	89.2056	0.0000	0.0000	
