Loss_Adversary	Loss_Target	Accuracy_Adversary	Accuracy_Target	proj_A	proj_T	
-0.1271	0.2295	0.4836	
-0.1342	0.1997	0.4680	
-0.1376	0.1949	0.4701	
-0.1418	0.1921	0.4757	
-0.1446	0.1905	0.4797	
-0.1651	0.1842	0.5145	
0.1159	0.0879	83.6960	88.4002	0.7763	0.7042	
0.1057	0.0841	84.9413	88.4315	0.0000	0.0000	
0.1030	0.0833	85.1803	88.5255	0.0000	0.0000	
0.1015	0.0830	85.5999	88.4874	0.0000	0.0000	
0.1009	0.0830	85.4691	88.6337	0.0000	0.0000	
0.1000	0.0829	85.7320	88.5820	0.0000	0.0000	
0.0993	0.0825	85.9004	88.6367	0.0000	0.0000	
