Loss_Adversary	Loss_Target	Accuracy_Adversary	Accuracy_Target	proj_A	proj_T	
-0.0206	0.0108	0.1984	
-0.0194	0.0110	0.1915	
-0.0186	0.0107	0.1847	
-0.0182	0.0112	0.1845	
-0.0174	0.0112	0.1793	
-0.0223	0.0096	0.2032	
0.1677	0.1432	77.2520	81.2060	0.8524	0.8189	
0.1578	0.1404	78.3443	81.4333	0.0000	0.0000	
0.1532	0.1371	78.9716	81.7024	0.0000	0.0000	
0.1514	0.1334	79.3420	82.1134	0.0000	0.0000	
0.1484	0.1305	80.1733	82.5207	0.0000	0.0000	
0.1463	0.1284	80.4479	82.6633	0.0000	0.0000	
0.1459	0.1282	80.5769	82.7505	0.0000	0.0000	
