Loss_Adversary	Loss_Target	Accuracy_Adversary	Accuracy_Target	proj_A	proj_T	
-0.0023	0.0068	0.1075	
-0.0026	0.0064	0.1065	
-0.0026	0.0063	0.1055	
-0.0019	0.0065	0.0994	
-0.0018	0.0066	0.0988	
-0.0035	0.0056	0.1081	
0.1988	0.1850	69.7100	72.9938	0.8949	0.8802	
0.1972	0.1836	70.1235	73.1720	0.0000	0.0000	
0.1961	0.1831	70.2642	73.3243	0.0000	0.0000	
0.1951	0.1819	70.5597	73.4226	0.0000	0.0000	
0.1939	0.1815	70.7176	73.5731	0.0000	0.0000	
0.1925	0.1797	70.9050	73.8508	0.0000	0.0000	
0.1921	0.1799	70.9732	73.7347	0.0000	0.0000	
