Loss_Adversary	Loss_Target	Accuracy_Adversary	Accuracy_Target	proj_A	proj_T	
-0.0030	0.0065	0.1123	
-0.0017	0.0068	0.1000	
-0.0015	0.0055	0.0831	
-0.0024	0.0064	0.1032	
-0.0014	0.0070	0.0979	
-0.0027	0.0049	0.0902	
0.2234	0.1996	64.2747	70.4731	0.9382	0.9064	
0.2205	0.1976	64.8498	70.7950	0.0000	0.0000	
0.2180	0.1965	65.3609	70.7870	0.0000	0.0000	
0.2166	0.1956	65.5489	70.9455	0.0000	0.0000	
0.2153	0.1955	65.7744	70.8736	0.0000	0.0000	
0.2136	0.1944	66.0976	71.0395	0.0000	0.0000	
0.2135	0.1936	66.0116	70.9166	0.0000	0.0000	
