Loss_Adversary	Loss_Target	Accuracy_Adversary	Accuracy_Target	proj_A	proj_T	
-0.5659	0.6658	0.7027	
-0.5720	0.6636	0.7092	
-0.5757	0.6624	0.7132	
-0.5789	0.6598	0.7165	
-0.5818	0.6616	0.7200	
-0.6023	0.6584	0.7424	
0.1039	0.0820	85.7732	89.0963	0.6523	0.6436	
0.0992	0.0811	86.4330	89.0539	0.0000	0.0000	
0.0972	0.0807	86.7279	89.0631	0.0000	0.0000	
0.0958	0.0804	86.9085	89.0361	0.0000	0.0000	
0.0953	0.0802	86.9902	89.0484	0.0000	0.0000	
0.0950	0.0800	87.0369	89.0238	0.0000	0.0000	
0.0948	0.0800	86.9970	89.0379	0.0000	0.0000	
