Loss_Adversary	Loss_Target	Accuracy_Adversary	Accuracy_Target	proj_A	proj_T	
-0.0004	0.0057	0.0820	
-0.0009	0.0052	0.0822	
-0.0006	0.0059	0.0872	
-0.0012	0.0056	0.0922	
-0.0003	0.0015	0.0242	
0.0000	0.0000	0.0001	
0.2477	0.2379	54.5426	60.0946	0.9792	0.9617	
0.2467	0.2355	55.5594	60.8214	0.0000	0.0000	
0.2470	0.2346	55.3996	61.0082	0.0000	0.0000	
0.2465	0.2344	55.5680	61.1913	0.0000	0.0000	
0.2464	0.2343	55.5551	61.1446	0.0000	0.0000	
0.2462	0.2333	55.7228	61.5015	0.0000	0.0000	
0.2460	0.2333	56.0091	61.6121	0.0000	0.0000	
