Loss_Adversary	Loss_Target	Accuracy_Adversary	Accuracy_Target	proj_A	proj_T	
-0.5688	0.6664	0.7061	
-0.5743	0.6639	0.7118	
-0.5763	0.6618	0.7139	
-0.5805	0.6625	0.7186	
-0.5821	0.6608	0.7202	
-0.6033	0.6602	0.7437	
0.1039	0.0809	85.7842	89.1067	0.6534	0.6436	
0.0991	0.0801	86.4815	89.1903	0.0000	0.0000	
0.0971	0.0801	86.7101	89.1030	0.0000	0.0000	
0.0958	0.0797	86.8434	89.1639	0.0000	0.0000	
0.0947	0.0794	87.0498	89.1651	0.0000	0.0000	
0.0941	0.0795	87.0756	89.2222	0.0000	0.0000	
0.0941	0.0793	87.1106	89.1817	0.0000	0.0000	
