Loss_Adversary	Loss_Target	Accuracy_Adversary	Accuracy_Target	proj_A	proj_T	
-0.0565	0.0415	0.2850	
-0.0581	0.0366	0.2791	
-0.0577	0.0375	0.2796	
-0.0589	0.0369	0.2824	
-0.0586	0.0383	0.2847	
-0.0718	0.0377	0.3274	
0.1486	0.1165	78.9943	85.5797	0.7862	0.7456	
0.1379	0.1139	81.2982	85.7271	0.0000	0.0000	
0.1327	0.1124	82.4986	85.8991	0.0000	0.0000	
0.1301	0.1097	82.9999	86.1000	0.0000	0.0000	
0.1269	0.1069	83.4441	86.3095	0.0000	0.0000	
0.1238	0.1036	83.7654	86.5952	0.0000	0.0000	
0.1234	0.1037	83.8514	86.5325	0.0000	0.0000	
