Loss_Adversary	Loss_Target	Accuracy_Adversary	Accuracy_Target	proj_A	proj_T	
-0.3170	0.5586	0.6923	
-0.3181	0.5449	0.6879	
-0.3216	0.5387	0.6903	
-0.3232	0.5366	0.6917	
-0.3271	0.5306	0.6947	
-0.3470	0.5288	0.7224	
0.1147	0.0815	83.9712	89.1497	0.6901	0.6503	
0.1100	0.0805	84.3995	89.0950	0.0000	0.0000	
0.1085	0.0800	84.6741	89.1639	0.0000	0.0000	
0.1076	0.0799	84.6348	89.1540	0.0000	0.0000	
0.1072	0.0799	84.6839	89.1374	0.0000	0.0000	
0.1068	0.0798	84.7871	89.1546	0.0000	0.0000	
0.1063	0.0797	84.7705	89.0944	0.0000	0.0000	
