Loss_Adversary	Loss_Target	Accuracy_Adversary	Accuracy_Target	proj_A	proj_T	
-0.0018	0.0058	0.1035	
-0.0010	0.0053	0.0848	
-0.0007	0.0065	0.0965	
-0.0010	0.0064	0.0985	
-0.0007	0.0051	0.0783	
-0.0020	0.0057	0.1036	
0.2224	0.2022	64.9069	70.6893	0.9529	0.9185	
0.2213	0.2009	65.0089	70.8810	0.0000	0.0000	
0.2210	0.2014	65.1047	70.6764	0.0000	0.0000	
0.2204	0.2010	65.0396	70.8042	0.0000	0.0000	
0.2201	0.2011	65.0310	70.7372	0.0000	0.0000	
0.2193	0.2002	65.1981	70.8386	0.0000	0.0000	
0.2194	0.2000	65.2043	70.8613	0.0000	0.0000	
