Loss_Adversary	Loss_Target	Accuracy_Adversary	Accuracy_Target	proj_A	proj_T	
-0.6266	0.6741	0.6266	
-0.6684	0.7067	0.6684	
-0.6865	0.7241	0.6865	
-0.6933	0.7319	0.6933	
-0.7031	0.7336	0.7031	
-0.7273	0.7525	0.7273	
0.1361	0.1547	85.0832	86.3648	0.6413	0.6471	
0.0817	0.0959	90.1235	88.4162	0.0000	0.0000	
0.0767	0.0904	90.3072	88.4051	0.0000	0.0000	
0.0740	0.0881	90.3957	88.4242	0.0000	0.0000	
0.0725	0.0869	90.3502	88.3406	0.0000	0.0000	
0.0719	0.0862	90.4337	88.3836	0.0000	0.0000	
0.0715	0.0859	90.5075	88.3830	0.0000	0.0000	
