Loss_Adversary	Loss_Target	Accuracy_Adversary	Accuracy_Target	proj_A	proj_T	
-0.6209	0.6730	0.6209	
-0.6664	0.6989	0.6664	
-0.6863	0.7180	0.6863	
-0.6958	0.7306	0.6958	
-0.7036	0.7346	0.7036	
-0.7292	0.7481	0.7292	
0.1484	0.2258	82.2191	85.0925	0.6393	0.6448	
0.0825	0.1037	90.0491	88.4371	0.0000	0.0000	
0.0780	0.0950	90.1929	88.4481	0.0000	0.0000	
0.0753	0.0900	90.2888	88.4733	0.0000	0.0000	
0.0733	0.0878	90.4208	88.4807	0.0000	0.0000	
0.0723	0.0871	90.4657	88.4641	0.0000	0.0000	
0.0724	0.0870	90.4227	88.4309	0.0000	0.0000	
