Loss_Adversary	Loss_Target	Accuracy_Adversary	Accuracy_Target	proj_A	proj_T	
-0.0343	0.0168	0.2386	
-0.0332	0.0172	0.2352	
-0.0350	0.0158	0.2382	
-0.0325	0.0170	0.2307	
-0.0330	0.0164	0.2303	
-0.0411	0.0153	0.2665	
0.1419	0.1189	80.8189	84.8971	0.8276	0.7753	
0.1345	0.1152	81.6293	85.0525	0.0000	0.0000	
0.1315	0.1131	81.9752	85.3161	0.0000	0.0000	
0.1297	0.1112	82.3063	85.4992	0.0000	0.0000	
0.1281	0.1100	82.6934	85.6134	0.0000	0.0000	
0.1271	0.1088	82.8119	85.6970	0.0000	0.0000	
0.1266	0.1085	82.9023	85.7105	0.0000	0.0000	
