Loss_Adversary	Loss_Target	Accuracy_Adversary	Accuracy_Target	proj_A	proj_T	
-0.0023	0.0069	0.1085	
-0.0013	0.0075	0.1026	
-0.0022	0.0067	0.1053	
-0.0018	0.0070	0.1035	
-0.0013	0.0070	0.0972	
-0.0039	0.0054	0.1110	
0.2227	0.2011	65.0058	71.2883	0.9363	0.9054	
0.2188	0.1984	65.6988	71.7067	0.0000	0.0000	
0.2181	0.1981	65.9225	71.7079	0.0000	0.0000	
0.2177	0.1979	65.9200	71.7909	0.0000	0.0000	
0.2175	0.1982	65.9225	71.7399	0.0000	0.0000	
0.2166	0.1974	66.0914	71.8302	0.0000	0.0000	
0.2162	0.1973	66.0988	71.8720	0.0000	0.0000	
