Loss_Adversary	Loss_Target	Accuracy_Adversary	Accuracy_Target	proj_A	proj_T	
-0.0033	0.0063	0.1142	
-0.0027	0.0067	0.1109	
-0.0026	0.0067	0.1096	
-0.0026	0.0066	0.1076	
-0.0023	0.0067	0.1056	
-0.0033	0.0062	0.1130	
0.2178	0.1932	65.8426	72.4409	0.9248	0.8963	
0.2126	0.1896	66.8624	72.7130	0.0000	0.0000	
0.2091	0.1862	67.4682	73.0878	0.0000	0.0000	
0.2080	0.1848	67.7373	73.1351	0.0000	0.0000	
0.2069	0.1838	67.9861	73.2672	0.0000	0.0000	
0.2049	0.1822	68.2577	73.4632	0.0000	0.0000	
0.2051	0.1821	68.2042	73.4208	0.0000	0.0000	
