Loss_Adversary	Loss_Target	Accuracy_Adversary	Accuracy_Target	proj_A	proj_T	
-0.5694	0.6669	0.7068	
-0.5740	0.6677	0.7119	
-0.5767	0.6642	0.7146	
-0.5804	0.6653	0.7188	
-0.5838	0.6627	0.7223	
-0.6060	0.6655	0.7473	
0.1050	0.0808	85.6644	89.1196	0.6528	0.6433	
0.1005	0.0804	86.2026	89.1147	0.0000	0.0000	
0.0981	0.0796	86.4901	89.2069	0.0000	0.0000	
0.0966	0.0795	86.6892	89.1897	0.0000	0.0000	
0.0958	0.0794	86.7967	89.2001	0.0000	0.0000	
0.0949	0.0792	86.9061	89.2419	0.0000	0.0000	
0.0950	0.0794	86.8465	89.2056	0.0000	0.0000	
