Loss_Adversary	Loss_Target	Accuracy_Adversary	Accuracy_Target	proj_A	proj_T	
-0.0360	0.0171	0.2482	
-0.0336	0.0168	0.2348	
-0.0338	0.0170	0.2369	
-0.0349	0.0159	0.2384	
-0.0344	0.0162	0.2368	
-0.0419	0.0160	0.2735	
0.1483	0.1240	79.3961	84.0437	0.8229	0.7790	
0.1455	0.1197	79.7930	84.3730	0.0000	0.0000	
0.1430	0.1167	80.0854	84.5739	0.0000	0.0000	
0.1411	0.1152	80.3975	84.6599	0.0000	0.0000	
0.1391	0.1133	80.7170	84.8787	0.0000	0.0000	
0.1366	0.1121	80.9744	84.9413	0.0000	0.0000	
0.1366	0.1121	81.0192	85.0003	0.0000	0.0000	
