Loss_Adversary	Loss_Target	Accuracy_Adversary	Accuracy_Target	proj_A	proj_T	
-0.0046	0.0073	0.1252	
-0.0038	0.0079	0.1215	
-0.0038	0.0075	0.1182	
-0.0035	0.0074	0.1135	
-0.0036	0.0074	0.1148	
-0.0061	0.0057	0.1245	
0.1846	0.1702	72.4452	75.7418	0.8552	0.8408	
0.1756	0.1596	73.9897	77.1321	0.0000	0.0000	
0.1709	0.1573	74.5930	77.3834	0.0000	0.0000	
0.1682	0.1565	74.8099	77.5831	0.0000	0.0000	
0.1660	0.1558	75.3345	77.6187	0.0000	0.0000	
0.1632	0.1540	75.5317	77.8276	0.0000	0.0000	
0.1631	0.1543	75.5495	77.8209	0.0000	0.0000	
