Loss_Adversary	Loss_Target	Accuracy_Adversary	Accuracy_Target	proj_A	proj_T	
0.0002	0.0037	0.0539	
0.0000	0.0013	0.0204	
0.0000	0.0000	0.0000	
0.0000	0.0000	0.0000	
0.0000	0.0000	0.0000	
0.0000	0.0000	0.0000	
0.2502	0.2480	51.5482	54.6464	0.9943	0.9957	
0.2497	0.2478	51.8111	54.7515	0.0000	0.0000	
0.2497	0.2478	51.9537	54.7533	0.0000	0.0000	
0.2497	0.2478	51.8812	54.7558	0.0000	0.0000	
0.2497	0.2478	51.9850	54.7552	0.0000	0.0000	
0.2496	0.2478	52.0311	54.7552	0.0000	0.0000	
0.2496	0.2477	52.0305	54.7552	0.0000	0.0000	
