Loss_Adversary	Loss_Target	Accuracy_Adversary	Accuracy_Target	proj_A	proj_T	
-0.0082	0.0081	0.1546	
-0.0071	0.0082	0.1450	
-0.0068	0.0079	0.1391	
-0.0067	0.0079	0.1375	
-0.0068	0.0074	0.1346	
-0.0094	0.0063	0.1509	
0.1684	0.1546	75.6245	78.7786	0.8560	0.8403	
0.1621	0.1472	76.5387	79.8298	0.0000	0.0000	
0.1587	0.1462	77.2415	79.8390	0.0000	0.0000	
0.1560	0.1449	77.6617	80.0025	0.0000	0.0000	
0.1541	0.1439	77.9628	80.1622	0.0000	0.0000	
0.1513	0.1426	78.2786	80.2052	0.0000	0.0000	
0.1510	0.1429	78.3001	80.2156	0.0000	0.0000	
