Loss_Adversary	Loss_Target	Accuracy_Adversary	Accuracy_Target	proj_A	proj_T	
-0.6187	0.6755	0.6187	
-0.6692	0.7083	0.6692	
-0.6887	0.7250	0.6887	
-0.6983	0.7332	0.6983	
-0.7076	0.7354	0.7076	
-0.7303	0.7452	0.7303	
0.1817	0.1631	83.3397	86.3912	0.6405	0.6457	
0.0887	0.0938	89.6443	88.4573	0.0000	0.0000	
0.0813	0.0881	89.8790	88.4727	0.0000	0.0000	
0.0779	0.0866	89.9355	88.5464	0.0000	0.0000	
0.0758	0.0858	90.0123	88.5163	0.0000	0.0000	
0.0746	0.0856	90.0731	88.4967	0.0000	0.0000	
0.0746	0.0856	90.0639	88.4346	0.0000	0.0000	
