Loss_Adversary	Loss_Target	Accuracy_Adversary	Accuracy_Target	proj_A	proj_T	
-0.0199	0.0110	0.1950	
-0.0188	0.0111	0.1883	
-0.0190	0.0105	0.1861	
-0.0174	0.0109	0.1774	
-0.0171	0.0110	0.1763	
-0.0218	0.0093	0.1986	
0.1627	0.1349	76.1350	81.9033	0.8198	0.8030	
0.1527	0.1272	77.9505	82.8384	0.0000	0.0000	
0.1469	0.1237	79.5435	83.4146	0.0000	0.0000	
0.1415	0.1217	80.7581	83.8146	0.0000	0.0000	
0.1368	0.1202	82.0489	84.1267	0.0000	0.0000	
0.1335	0.1187	82.8328	84.2956	0.0000	0.0000	
0.1326	0.1182	82.8605	84.3804	0.0000	0.0000	
