Loss_Adversary	Loss_Target	Accuracy_Adversary	Accuracy_Target	proj_A	proj_T	
-0.5692	0.6680	0.7067	
-0.5758	0.6633	0.7135	
-0.5782	0.6632	0.7162	
-0.5807	0.6620	0.7188	
-0.5863	0.6644	0.7253	
-0.6047	0.6658	0.7459	
0.1051	0.0805	85.6835	89.1639	0.6524	0.6426	
0.1006	0.0796	86.1823	89.1964	0.0000	0.0000	
0.0984	0.0794	86.5295	89.2155	0.0000	0.0000	
0.0972	0.0795	86.6161	89.1270	0.0000	0.0000	
0.0965	0.0792	86.6923	89.1768	0.0000	0.0000	
0.0956	0.0791	86.8723	89.2038	0.0000	0.0000	
0.0953	0.0789	86.8993	89.1374	0.0000	0.0000	
