Loss_Adversary	Accuracy_Adversary	Entropy_A	Loss_Target	Accuracy_Target	proj_A	proj_T	
-0.2115	0.2531	0.2087	50.1388	67.7391	0.0000	
-0.2076	0.2505	0.2265	51.7042	64.4068	0.0000	
-0.2073	0.2506	0.2312	50.5228	63.8594	0.0000	
-0.2079	0.2503	0.2210	52.0815	65.3935	0.0000	
-0.2087	0.2489	0.1977	55.1189	72.4175	0.0000	
-0.2113	0.2519	0.1994	53.7335	72.5490	0.0000	
0.0898	88.1145	0.0000	0.1085	85.8254	75.5753	63.8099	
0.0705	90.4442	0.0000	0.1029	86.3353	0.0000	0.0000	
0.0702	90.4454	0.0000	0.1022	86.3685	0.0000	0.0000	
0.0697	90.4534	0.0000	0.1013	86.2518	0.0000	0.0000	
0.0694	90.5486	0.0000	0.1005	86.2462	0.0000	0.0000	
0.0689	90.5904	0.0000	0.1002	86.2690	0.0000	0.0000	
0.0691	90.5449	0.0000	0.1003	86.2591	0.0000	0.0000	
