Loss_Adversary	Accuracy_Adversary	Entropy_A	Loss_Target	Accuracy_Target	proj_A	proj_T	
-0.1819	0.2572	0.2448	42.6958	56.7949	0.0000	
-0.1774	0.2523	0.2471	48.8475	53.4533	0.0000	
-0.1771	0.2521	0.2481	50.4884	54.3454	0.0000	
-0.1756	0.2503	0.2480	51.4898	54.7552	0.0000	
-0.1761	0.2508	0.2474	51.2945	54.7281	0.0000	
-0.1767	0.2501	0.2389	52.0305	58.1710	0.0000	
0.1364	81.7847	0.0000	0.1482	79.3518	57.2709	47.8996	
0.1225	83.5209	0.0000	0.1408	80.4632	0.0000	0.0000	
0.1209	83.6635	0.0000	0.1400	80.5953	0.0000	0.0000	
0.1201	83.6936	0.0000	0.1398	80.5972	0.0000	0.0000	
0.1194	83.7611	0.0000	0.1398	80.5400	0.0000	0.0000	
0.1186	83.7949	0.0000	0.1391	80.5824	0.0000	0.0000	
0.1184	83.8035	0.0000	0.1393	80.5603	0.0000	0.0000	
