Loss_Adversary	Accuracy_Adversary	Entropy_A	Loss_Target	Accuracy_Target	proj_A	proj_T	
0.1143	0.1333	0.1143	84.7576	84.6765	0.0000	
0.0931	0.0932	0.0931	87.1598	87.1199	0.0000	
0.0905	0.0926	0.0905	87.2255	87.3926	0.0000	
0.0892	0.0927	0.0892	87.1543	87.6488	0.0000	
0.0878	0.0927	0.0878	87.2218	87.8116	0.0000	
0.0816	0.0915	0.0816	87.3681	88.6607	0.0000	
0.1452	83.3120	0.0000	0.1277	87.2415	69.2862	69.9706	
0.1020	87.1573	0.0000	0.0893	88.9980	0.0000	0.0000	
0.0982	87.2218	0.0000	0.0848	89.0311	0.0000	0.0000	
0.0961	87.2538	0.0000	0.0831	89.0361	0.0000	0.0000	
0.0952	87.2581	0.0000	0.0824	89.0176	0.0000	0.0000	
0.0946	87.3042	0.0000	0.0821	88.9857	0.0000	0.0000	
0.0947	87.3017	0.0000	0.0819	89.0324	0.0000	0.0000	
