Loss_Adversary	Accuracy_Adversary	Entropy_A	Loss_Target	Accuracy_Target	proj_A	proj_T	
-0.1786	0.2528	0.2420	48.8026	54.4351	0.0000	
-0.1772	0.2506	0.2389	50.1659	57.2507	0.0000	
-0.1776	0.2517	0.2424	50.7532	56.8526	0.0000	
-0.1761	0.2511	0.2492	51.7460	54.6034	0.0000	
-0.1760	0.2502	0.2448	52.1656	57.2692	0.0000	
-0.1755	0.2503	0.2481	52.0305	54.6403	0.0000	
0.1755	74.5346	0.0000	0.2013	70.3533	37.4815	27.1850	
0.1709	75.2430	0.0000	0.1977	71.1409	0.0000	0.0000	
0.1695	75.4844	0.0000	0.1965	71.2988	0.0000	0.0000	
0.1687	75.5403	0.0000	0.1957	71.5279	0.0000	0.0000	
0.1682	75.6024	0.0000	0.1952	71.5666	0.0000	0.0000	
0.1675	75.7658	0.0000	0.1947	71.6139	0.0000	0.0000	
0.1674	75.7836	0.0000	0.1944	71.7036	0.0000	0.0000	
