Loss_Adversary	Accuracy_Adversary	Entropy_A	Loss_Target	Accuracy_Target	proj_A	proj_T	
0.0679	0.1023	0.0868	85.9661	88.0660	0.0000	
0.0672	0.1024	0.0861	85.9919	88.1452	0.0000	
0.0661	0.1032	0.0849	85.8475	88.2755	0.0000	
0.0655	0.1030	0.0842	85.8537	88.3873	0.0000	
0.0646	0.1041	0.0833	85.7738	88.5691	0.0000	
0.0583	0.1036	0.0763	85.8125	89.6615	0.0000	
0.1073	85.7793	0.0000	0.0761	90.0879	64.4211	71.3224	
0.1069	85.7474	0.0000	0.0754	90.1720	0.0000	0.0000	
0.1070	85.7283	0.0000	0.0751	90.1843	0.0000	0.0000	
0.1068	85.7480	0.0000	0.0749	90.1616	0.0000	0.0000	
0.1065	85.7105	0.0000	0.0750	90.1149	0.0000	0.0000	
0.1066	85.6650	0.0000	0.0749	90.1536	0.0000	0.0000	
0.1064	85.7535	0.0000	0.0747	90.1186	0.0000	0.0000	
