Loss_Adversary	Accuracy_Adversary	Entropy_A	Loss_Target	Accuracy_Target	proj_A	proj_T	
0.1198	0.1196	0.1198	85.3480	84.1789	0.0000	
0.0938	0.0939	0.0938	87.0455	86.9878	0.0000	
0.0910	0.0934	0.0910	87.0756	87.4627	0.0000	
0.0891	0.0932	0.0891	87.1186	87.7023	0.0000	
0.0877	0.0933	0.0877	87.1088	87.8798	0.0000	
0.0816	0.0920	0.0816	87.2728	88.7442	0.0000	
0.1820	84.1193	0.0000	0.1518	84.0855	70.2483	70.3658	
0.1059	87.4295	0.0000	0.0920	89.0268	0.0000	0.0000	
0.0981	87.5358	0.0000	0.0874	89.0576	0.0000	0.0000	
0.0945	87.5450	0.0000	0.0849	89.0354	0.0000	0.0000	
0.0932	87.5923	0.0000	0.0832	89.0459	0.0000	0.0000	
0.0927	87.5511	0.0000	0.0826	89.0699	0.0000	0.0000	
0.0925	87.5929	0.0000	0.0826	89.0090	0.0000	0.0000	
