Loss_Adversary	Accuracy_Adversary	Entropy_A	Loss_Target	Accuracy_Target	proj_A	proj_T	
-0.0320	0.1909	0.1269	75.1244	84.2532	0.0000	
-0.0321	0.1909	0.1266	75.1699	84.3890	0.0000	
-0.0317	0.1886	0.1251	73.9663	83.5400	0.0000	
-0.0334	0.1980	0.1313	73.1320	83.0706	0.0000	
-0.0348	0.1962	0.1265	76.1406	85.3167	0.0000	
-0.0507	0.2151	0.1137	76.6947	87.8964	0.0000	
0.0962	87.8632	0.0000	0.0904	88.7750	75.7139	74.9992	
0.0701	90.7919	0.0000	0.0719	90.6611	0.0000	0.0000	
0.0693	90.7348	0.0000	0.0719	90.5873	0.0000	0.0000	
0.0691	90.7858	0.0000	0.0712	90.6494	0.0000	0.0000	
0.0686	90.8693	0.0000	0.0709	90.6918	0.0000	0.0000	
0.0687	90.8214	0.0000	0.0708	90.7090	0.0000	0.0000	
0.0685	90.8189	0.0000	0.0705	90.7249	0.0000	0.0000	
