Loss_Adversary	Accuracy_Adversary	Entropy_A	Loss_Target	Accuracy_Target	proj_A	proj_T	
0.1203	0.1269	0.1203	84.7791	84.0505	0.0000	
0.0946	0.0940	0.0946	86.9902	86.9687	0.0000	
0.0914	0.0934	0.0914	87.1346	87.3060	0.0000	
0.0897	0.0934	0.0897	87.1463	87.6126	0.0000	
0.0879	0.0932	0.0879	87.1598	87.8012	0.0000	
0.0821	0.0928	0.0821	87.2421	88.6877	0.0000	
0.1467	82.9582	0.0000	0.1448	85.3345	69.0529	70.2605	
0.1025	87.0676	0.0000	0.0929	88.9372	0.0000	0.0000	
0.0984	87.1881	0.0000	0.0880	89.0176	0.0000	0.0000	
0.0970	87.2188	0.0000	0.0852	89.0361	0.0000	0.0000	
0.0963	87.1899	0.0000	0.0839	89.0656	0.0000	0.0000	
0.0959	87.1721	0.0000	0.0835	89.0828	0.0000	0.0000	
0.0959	87.1905	0.0000	0.0832	89.0809	0.0000	0.0000	
