Loss_Adversary	Accuracy_Adversary	Entropy_A	Loss_Target	Accuracy_Target	proj_A	proj_T	
-0.1860	0.2880	0.2220	32.2154	67.7477	0.0000	
-0.1673	0.2673	0.2327	38.0494	59.3181	0.0000	
-0.1679	0.2503	0.1620	53.9411	79.3174	0.0000	
-0.1676	0.2582	0.1950	46.3869	72.6442	0.0000	
-0.1720	0.2539	0.1557	51.7049	79.9797	0.0000	
-0.1929	0.2746	0.1340	19.3537	85.8874	0.0000	
0.0914	89.3033	0.0000	0.1074	85.6773	78.7062	66.5835	
0.0695	91.4941	0.0000	0.0940	87.1641	0.0000	0.0000	
0.0674	91.5242	0.0000	0.0932	87.2784	0.0000	0.0000	
0.0659	91.4954	0.0000	0.0930	87.2913	0.0000	0.0000	
0.0646	91.5156	0.0000	0.0927	87.3588	0.0000	0.0000	
0.0642	91.4591	0.0000	0.0923	87.3263	0.0000	0.0000	
0.0640	91.4806	0.0000	0.0922	87.3693	0.0000	0.0000	
