Loss_Adversary	Accuracy_Adversary	Entropy_A	Loss_Target	Accuracy_Target	proj_A	proj_T	
0.1217	0.1185	0.1217	84.9831	84.4228	0.0000	
0.0937	0.0942	0.0937	86.9945	87.0554	0.0000	
0.0911	0.0936	0.0911	87.1217	87.4068	0.0000	
0.0894	0.0931	0.0894	87.1340	87.6273	0.0000	
0.0879	0.0932	0.0879	87.1991	87.8632	0.0000	
0.0817	0.0922	0.0817	87.3103	88.7418	0.0000	
0.1494	85.7861	0.0000	0.1102	88.0469	69.0804	69.9718	
0.1026	87.3214	0.0000	0.0870	89.0189	0.0000	0.0000	
0.0983	87.3257	0.0000	0.0849	89.0373	0.0000	0.0000	
0.0961	87.3177	0.0000	0.0838	88.9992	0.0000	0.0000	
0.0945	87.3687	0.0000	0.0827	89.0311	0.0000	0.0000	
0.0939	87.4166	0.0000	0.0822	89.0496	0.0000	0.0000	
0.0937	87.4510	0.0000	0.0822	89.0582	0.0000	0.0000	
