Loss_Adversary	Accuracy_Adversary	Entropy_A	Loss_Target	Accuracy_Target	proj_A	proj_T	
-0.2151	0.2499	0.2476	51.9463	54.5168	0.0000	
-0.2152	0.2501	0.2485	52.0305	54.7146	0.0000	
-0.2149	0.2497	0.2479	52.0305	54.7552	0.0000	
-0.2148	0.2497	0.2478	52.0305	54.7552	0.0000	
-0.2148	0.2497	0.2478	52.0305	54.7552	0.0000	
-0.2149	0.2497	0.2478	52.0305	54.7552	0.0000	
0.2499	51.7774	0.0000	0.2484	54.5248	0.1790	0.1417	
0.2497	51.9309	0.0000	0.2479	54.7441	0.0000	0.0000	
0.2497	51.9789	0.0000	0.2478	54.7447	0.0000	0.0000	
0.2497	51.9967	0.0000	0.2478	54.7546	0.0000	0.0000	
0.2497	51.9463	0.0000	0.2478	54.7533	0.0000	0.0000	
0.2496	52.0225	0.0000	0.2478	54.7533	0.0000	0.0000	
0.2496	52.0133	0.0000	0.2477	54.7552	0.0000	0.0000	
