Loss_Adversary	Accuracy_Adversary	Entropy_A	Loss_Target	Accuracy_Target	proj_A	proj_T	
-0.1181	0.2690	0.2339	51.9150	63.8164	0.0000	
-0.1151	0.2651	0.2349	45.4408	57.7164	0.0000	
-0.1095	0.2628	0.2481	42.9895	55.4580	0.0000	
-0.1088	0.2501	0.2207	55.5932	67.4854	0.0000	
-0.1094	0.2476	0.2132	57.4289	66.1184	0.0000	
-0.1226	0.2729	0.2281	33.4146	68.3498	0.0000	
0.0917	88.4960	0.0000	0.1208	83.7101	73.1040	63.2878	
0.0806	89.4268	0.0000	0.1080	85.4568	0.0000	0.0000	
0.0789	89.4471	0.0000	0.1059	85.6067	0.0000	0.0000	
0.0778	89.5527	0.0000	0.1046	85.6743	0.0000	0.0000	
0.0774	89.5939	0.0000	0.1038	85.7038	0.0000	0.0000	
0.0766	89.6357	0.0000	0.1034	85.7314	0.0000	0.0000	
0.0766	89.6345	0.0000	0.1031	85.7640	0.0000	0.0000	
