Loss_Adversary	Accuracy_Adversary	Entropy_A	Loss_Target	Accuracy_Target	proj_A	proj_T	
-0.2100	0.2498	0.2481	51.9015	54.6495	0.0000	
-0.2099	0.2497	0.2479	52.0305	54.7552	0.0000	
-0.2098	0.2496	0.2478	52.0305	54.7552	0.0000	
-0.2099	0.2497	0.2479	52.0305	54.7552	0.0000	
-0.2099	0.2496	0.2463	52.0305	54.7908	0.0000	
-0.2109	0.2494	0.2317	52.0305	63.0878	0.0000	
0.2000	69.3009	0.0000	0.1931	71.1138	22.2084	24.1040	
0.1984	69.3217	0.0000	0.1917	71.1519	0.0000	0.0000	
0.1981	69.2689	0.0000	0.1914	71.1052	0.0000	0.0000	
0.1979	69.4403	0.0000	0.1910	71.2502	0.0000	0.0000	
0.1979	69.3396	0.0000	0.1911	71.2705	0.0000	0.0000	
0.1978	69.4207	0.0000	0.1910	71.1353	0.0000	0.0000	
0.1977	69.3396	0.0000	0.1910	71.2097	0.0000	0.0000	
