Loss_Adversary	Accuracy_Adversary	Entropy_A	Loss_Target	Accuracy_Target	proj_A	proj_T	
-0.2165	0.2506	0.2366	50.4866	60.2605	0.0000	
-0.2162	0.2509	0.2455	51.5537	56.4508	0.0000	
-0.2156	0.2506	0.2491	52.0661	55.1207	0.0000	
-0.2157	0.2505	0.2470	51.8136	54.8854	0.0000	
-0.2158	0.2502	0.2419	52.0305	56.4668	0.0000	
-0.2175	0.2497	0.2103	52.0305	69.8698	0.0000	
0.1220	83.4785	0.0000	0.1650	78.7909	64.1180	54.0215	
0.0979	86.7709	0.0000	0.1313	82.9244	0.0000	0.0000	
0.0968	86.8606	0.0000	0.1277	83.1382	0.0000	0.0000	
0.0959	86.9177	0.0000	0.1252	83.2488	0.0000	0.0000	
0.0957	86.9313	0.0000	0.1241	83.2150	0.0000	0.0000	
0.0952	86.9528	0.0000	0.1231	83.2389	0.0000	0.0000	
0.0951	87.0443	0.0000	0.1230	83.2174	0.0000	0.0000	
