Loss_Adversary	Accuracy_Adversary	Entropy_A	Loss_Target	Accuracy_Target	proj_A	proj_T	
0.0234	0.1273	0.0880	82.9987	88.1243	0.0000	
0.0227	0.1298	0.0880	82.6670	88.1612	0.0000	
0.0221	0.1309	0.0877	82.5723	88.2718	0.0000	
0.0214	0.1312	0.0867	82.5834	88.3971	0.0000	
0.0205	0.1321	0.0859	82.4906	88.6060	0.0000	
0.0139	0.1319	0.0764	82.7972	90.0854	0.0000	
0.1341	82.7892	0.0000	0.0738	90.7299	58.5704	72.3740	
0.1339	82.7892	0.0000	0.0732	90.8067	0.0000	0.0000	
0.1337	82.7653	0.0000	0.0733	90.7299	0.0000	0.0000	
0.1337	82.8046	0.0000	0.0732	90.7821	0.0000	0.0000	
0.1338	82.8457	0.0000	0.0732	90.7888	0.0000	0.0000	
0.1339	82.7708	0.0000	0.0728	90.8011	0.0000	0.0000	
0.1337	82.8205	0.0000	0.0730	90.7637	0.0000	0.0000	
