Loss_Adversary	Accuracy_Adversary	Entropy_A	Loss_Target	Accuracy_Target	proj_A	proj_T	
-0.2100	0.2499	0.2478	52.0305	54.7552	0.0000	
-0.2103	0.2498	0.2431	51.9131	56.8815	0.0000	
-0.2126	0.2490	0.2056	50.0682	69.8489	0.0000	
-0.2123	0.2506	0.2276	51.0426	63.9725	0.0000	
-0.2150	0.2518	0.2073	49.8562	70.9369	0.0000	
-0.2157	0.2492	0.1687	52.9311	79.4649	0.0000	
0.0860	88.5962	0.0000	0.1103	85.3505	69.5039	59.6330	
0.0831	88.6994	0.0000	0.1073	85.4003	0.0000	0.0000	
0.0828	88.7258	0.0000	0.1067	85.4046	0.0000	0.0000	
0.0825	88.7006	0.0000	0.1066	85.4390	0.0000	0.0000	
0.0823	88.7866	0.0000	0.1063	85.4783	0.0000	0.0000	
0.0822	88.7786	0.0000	0.1061	85.4863	0.0000	0.0000	
0.0821	88.7461	0.0000	0.1061	85.4107	0.0000	0.0000	
