Loss_Adversary	Accuracy_Adversary	Loss_Target	Accuracy_Target	
0.0822	0.6491	0.8134	50.0000	50.0000	
0.0800	0.6136	0.7735	50.0000	50.0000	
0.0775	0.5812	0.7362	50.0000	50.0000	
0.0746	0.5528	0.7020	50.0000	50.0000	
0.0697	0.5309	0.6702	50.0000	50.0000	
0.0632	0.5138	0.6403	50.0000	50.0000	
0.0573	0.4973	0.6119	50.0000	50.0000	
0.0520	0.4811	0.5851	50.0000	50.0000	
0.0474	0.4654	0.5601	50.0000	50.0000	
0.0431	0.4502	0.5364	50.0000	50.0000	
0.0394	0.4354	0.5142	50.0000	50.0000	
0.0363	0.4210	0.4935	50.0000	50.0000	
0.0348	0.4072	0.4767	50.0000	50.0000	
0.0345	0.3938	0.4628	50.0000	50.0000	
0.0358	0.3810	0.4526	50.0000	50.0000	
0.0370	0.3688	0.4428	50.0000	50.0000	
0.0379	0.3571	0.4330	50.0000	50.0000	
0.0387	0.3459	0.4233	50.0000	50.0000	
0.0391	0.3354	0.4136	50.0000	50.0000	
0.0392	0.3255	0.4038	50.0000	50.0000	
0.0390	0.3162	0.3943	50.0000	50.0000	
0.0386	0.3075	0.3848	50.0000	50.0000	
0.0380	0.2996	0.3755	50.0000	50.0000	
0.0370	0.2924	0.3665	50.0000	50.0000	
0.0359	0.2859	0.3577	50.0000	50.0000	
0.0345	0.2802	0.3492	50.0000	50.0000	
0.0331	0.2750	0.3413	50.0000	50.0000	
0.0316	0.2706	0.3338	50.0000	50.0000	
0.0299	0.2670	0.3267	50.0000	50.0000	
0.0282	0.2638	0.3203	50.0000	50.0000	
0.0264	0.2614	0.3141	50.0000	50.0000	
0.0247	0.2594	0.3088	50.0000	50.0000	
0.0229	0.2580	0.3039	50.0000	50.0000	
0.0214	0.2570	0.2998	50.0000	50.0000	
0.0201	0.2564	0.2965	50.0000	50.0000	
0.0189	0.2560	0.2938	50.0000	50.0000	
0.0181	0.2557	0.2918	50.0000	50.0000	
0.0175	0.2553	0.2904	50.0000	50.0000	
0.0171	0.2552	0.2894	50.0000	50.0000	
0.0165	0.2553	0.2883	50.0000	50.0000	
0.0159	0.2555	0.2873	68.1500	37.2750	
0.0151	0.2557	0.2859	74.6500	29.6250	
0.0130	0.2561	0.2820	74.8000	35.8750	
0.0110	0.2565	0.2784	74.5000	42.4250	
0.0095	0.2564	0.2754	74.5250	37.9000	
0.0078	0.2559	0.2715	74.7750	32.2000	
0.0058	0.2550	0.2666	74.5500	31.2250	
0.0038	0.2534	0.2610	74.7000	32.0750	
0.0016	0.2512	0.2544	74.8750	33.1250	
-0.0011	0.2486	0.2464	74.7750	34.6000	
-0.0050	0.2455	0.2354	74.5750	36.1500	
-0.0098	0.2418	0.2222	74.7000	37.4000	
-0.0141	0.2376	0.2093	74.9750	39.2000	
-0.0175	0.2322	0.1972	75.0500	41.6500	
-0.0200	0.2263	0.1863	74.9500	43.6250	
-0.0215	0.2202	0.1771	74.9750	44.2000	
-0.0220	0.2137	0.1697	74.8250	44.3250	
-0.0216	0.2080	0.1648	74.6250	44.2000	
-0.0207	0.2034	0.1619	56.7000	43.9500	
-0.0199	0.2007	0.1609	50.0000	43.2250	
-0.0194	0.2002	0.1613	50.0000	42.9750	
-0.0194	0.2018	0.1630	50.0000	43.4500	
-0.0193	0.2045	0.1659	50.0000	44.1000	
-0.0191	0.2037	0.1655	50.0000	45.1500	
-0.0192	0.2017	0.1634	50.0000	45.5750	
-0.0191	0.1984	0.1601	50.0000	46.0000	
-0.0191	0.1975	0.1593	50.0000	45.9250	
-0.0192	0.1966	0.1583	50.0000	46.3750	
-0.0193	0.1987	0.1601	50.0000	46.1500	
-0.0194	0.1978	0.1590	50.0000	46.2750	
-0.0195	0.1979	0.1589	50.0000	46.3250	
-0.0196	0.1975	0.1583	50.0000	46.2250	
-0.0197	0.1963	0.1570	50.0000	46.4500	
-0.0198	0.1969	0.1573	50.0000	46.3500	
-0.0200	0.1955	0.1555	50.0000	46.7250	
-0.0203	0.1974	0.1567	50.1500	46.7000	
-0.0207	0.1964	0.1549	50.7000	46.6750	
-0.0212	0.1961	0.1537	51.9500	46.9000	
-0.0217	0.1966	0.1532	52.5250	46.9500	
-0.0219	0.1948	0.1510	52.7750	47.1000	
-0.0216	0.1903	0.1471	52.4250	47.4500	
-0.0217	0.1865	0.1431	52.2500	47.6000	
-0.0224	0.1846	0.1398	53.4750	47.8000	
-0.0231	0.1838	0.1377	54.3750	48.1750	
-0.0240	0.1811	0.1332	58.5500	48.4750	
-0.0252	0.1781	0.1276	64.6750	49.0500	
-0.0265	0.1763	0.1233	65.6000	49.4000	
-0.0286	0.1743	0.1171	67.5250	49.7500	
-0.0303	0.1709	0.1102	70.5500	49.9250	
-0.0323	0.1691	0.1044	70.5500	50.2500	
-0.0346	0.1669	0.0978	72.5250	50.5500	
-0.0365	0.1650	0.0921	73.3000	50.9250	
-0.0379	0.1634	0.0877	74.3500	51.5750	
-0.0397	0.1619	0.0824	74.9000	52.0750	
-0.0413	0.1601	0.0774	74.9250	53.0750	
-0.0431	0.1580	0.0719	75.0000	54.1000	
-0.0447	0.1575	0.0682	74.7750	55.2000	
-0.0464	0.1580	0.0651	74.9000	57.0750	
-0.0482	0.1596	0.0631	74.9500	57.8500	
-0.0503	0.1619	0.0613	74.8500	58.1250	
-0.0523	0.1627	0.0581	74.6500	60.6250	
-0.0545	0.1647	0.0557	75.0500	62.7500	
-0.0564	0.1673	0.0545	75.0500	63.2750	
-0.0583	0.1702	0.0536	74.8750	65.1000	
-0.0602	0.1723	0.0518	74.8750	67.6250	
-0.0626	0.1771	0.0520	75.2500	69.7000	
-0.0656	0.1847	0.0535	74.6000	72.1250	
-0.0698	0.1970	0.0574	73.4750	73.4500	
-0.0731	0.2138	0.0675	69.3000	74.8750	
-0.0744	0.2199	0.0711	67.0000	78.6750	
-0.0734	0.2199	0.0731	67.1750	82.2000	
-0.0707	0.2115	0.0702	69.4500	84.9250	
-0.0679	0.2031	0.0673	69.0500	85.9750	
-0.0658	0.1944	0.0628	70.3000	86.4000	
-0.0641	0.1904	0.0621	72.7500	86.4500	
-0.0633	0.1863	0.0597	74.6000	85.4000	
-0.0630	0.1834	0.0574	74.7000	83.5000	
-0.0636	0.1811	0.0538	74.9000	81.1750	
-0.0643	0.1801	0.0514	75.0000	78.8250	
-0.0655	0.1787	0.0476	68.7250	76.0500	
-0.0673	0.1793	0.0447	51.8500	73.0000	
-0.0694	0.1810	0.0423	50.8750	70.7000	
-0.0716	0.1823	0.0391	50.3000	69.6250	
-0.0737	0.1830	0.0357	49.9500	69.9250	
-0.0756	0.1837	0.0326	50.2250	70.4500	
-0.0775	0.1849	0.0298	49.5750	70.6000	
-0.0793	0.1860	0.0275	46.9000	70.6000	
-0.0808	0.1874	0.0259	46.5750	70.7250	
-0.0820	0.1890	0.0249	45.8250	70.4750	
-0.0830	0.1906	0.0247	42.2250	70.5500	
-0.0837	0.1920	0.0246	37.7500	70.9250	
-0.0843	0.1929	0.0243	34.1000	71.3250	
-0.0845	0.1931	0.0241	31.2500	71.9000	
-0.0848	0.1934	0.0237	28.6250	72.6000	
-0.0855	0.1939	0.0229	28.2750	73.0250	
-0.0888	0.1990	0.0215	30.0750	73.2750	
-0.0988	0.2215	0.0238	32.1250	74.4500	
-0.1039	0.2422	0.0344	47.7250	79.5750	
-0.1039	0.2406	0.0328	50.0000	84.9750	
-0.1033	0.2375	0.0309	50.0000	85.8500	
-0.1043	0.2355	0.0268	49.9500	84.3000	
-0.1054	0.2321	0.0212	42.0500	82.5750	
-0.1063	0.2302	0.0176	37.8750	81.1000	
-0.1068	0.2294	0.0157	48.3000	80.4750	
-0.1072	0.2296	0.0151	49.6000	80.6750	
-0.1075	0.2297	0.0146	48.6250	81.5000	
-0.1078	0.2299	0.0142	45.4250	81.5500	
-0.1080	0.2298	0.0137	40.1500	81.4750	
-0.1082	0.2297	0.0133	33.7750	81.6500	
-0.1084	0.2296	0.0128	32.8500	81.3500	
-0.1085	0.2294	0.0123	35.9750	81.1000	
-0.1087	0.2293	0.0119	37.6250	80.8500	
-0.1088	0.2291	0.0115	38.3500	80.8750	
-0.1089	0.2290	0.0111	38.4500	81.1000	
-0.1090	0.2288	0.0107	37.9250	81.0750	
-0.1091	0.2287	0.0105	37.6500	80.9500	
-0.1092	0.2287	0.0102	35.9250	81.0000	
-0.1093	0.2283	0.0097	35.3750	81.1250	
-0.1094	0.2282	0.0094	37.1500	80.9000	
-0.1094	0.2280	0.0091	37.4000	80.9000	
-0.1095	0.2279	0.0089	38.0000	80.9750	
-0.1096	0.2277	0.0085	37.3500	80.8750	
-0.1096	0.2275	0.0082	36.1250	80.8500	
-0.1097	0.2272	0.0078	35.6000	81.0250	
-0.1098	0.2270	0.0075	36.3250	80.7000	
-0.1098	0.2268	0.0071	36.9250	80.4500	
-0.1099	0.2266	0.0068	37.0500	80.4000	
-0.1099	0.2263	0.0065	37.6250	80.0250	
-0.1099	0.2262	0.0063	38.1500	80.0500	
-0.1099	0.2259	0.0061	38.5000	79.7250	
-0.1099	0.2256	0.0058	39.5500	79.5500	
-0.1100	0.2255	0.0056	40.1750	79.2250	
-0.1100	0.2253	0.0054	40.9000	79.0250	
-0.1099	0.2251	0.0053	41.9000	78.9000	
-0.1099	0.2248	0.0050	41.4750	78.6750	
-0.1099	0.2248	0.0050	42.7250	78.5000	
-0.1098	0.2245	0.0048	44.1000	78.5000	
-0.1098	0.2244	0.0048	44.7000	78.3500	
-0.1097	0.2242	0.0047	45.6000	78.4500	
-0.1097	0.2241	0.0047	46.5000	78.4250	
-0.1096	0.2238	0.0046	48.2000	78.4250	
-0.1096	0.2236	0.0045	49.6000	78.5500	
-0.1095	0.2236	0.0046	51.0000	78.5500	
-0.1094	0.2232	0.0044	52.6000	78.6750	
-0.1093	0.2232	0.0046	54.1750	78.7250	
-0.1092	0.2229	0.0045	55.2250	78.7250	
-0.1090	0.2228	0.0048	56.8500	78.7250	
-0.1090	0.2224	0.0045	58.3250	78.9250	
-0.1088	0.2222	0.0045	59.4250	79.0750	
-0.1087	0.2220	0.0046	60.8750	78.9750	
-0.1085	0.2217	0.0046	60.2000	78.9750	
-0.1085	0.2215	0.0046	61.6250	78.7750	
-0.1083	0.2209	0.0043	63.6000	78.9750	
-0.1081	0.2209	0.0046	61.8750	78.8250	
-0.1079	0.2202	0.0044	62.2500	78.7500	
-0.1078	0.2201	0.0046	63.9250	78.6500	
-0.1076	0.2198	0.0045	66.5000	78.5750	
-0.1075	0.2194	0.0044	68.0250	78.5250	
-0.1073	0.2191	0.0045	68.7250	78.3750	
-0.1071	0.2186	0.0043	68.1500	78.3750	
-0.1070	0.2185	0.0046	67.8000	78.3500	
-0.1067	0.2180	0.0046	70.7500	78.3250	
-0.1066	0.2178	0.0047	71.5500	78.1750	
-0.1064	0.2173	0.0045	72.4250	78.2000	
-0.1063	0.2172	0.0046	72.9000	78.0500	
-0.1061	0.2168	0.0046	73.5500	77.9750	
-0.1059	0.2165	0.0048	73.6750	77.9750	
-0.1058	0.2161	0.0046	73.8500	77.9000	
-0.1056	0.2159	0.0047	74.3250	77.8750	
-0.1054	0.2158	0.0049	74.2250	77.7750	
-0.1053	0.2152	0.0046	74.4250	77.8750	
-0.1051	0.2151	0.0049	74.5250	77.8000	
-0.1049	0.2147	0.0049	74.1750	77.8250	
-0.1047	0.2145	0.0050	74.7750	77.6500	
-0.1046	0.2141	0.0049	74.9500	77.7250	
-0.1044	0.2141	0.0052	73.9500	77.4750	
-0.1042	0.2134	0.0050	74.8000	77.6250	
-0.1040	0.2134	0.0053	74.7750	77.6000	
-0.1040	0.2129	0.0050	75.0500	77.6500	
-0.1038	0.2128	0.0052	74.5500	77.8750	
-0.1036	0.2124	0.0051	74.6750	77.8000	
-0.1033	0.2123	0.0057	74.4750	77.7500	
-0.1030	0.2118	0.0059	74.7000	77.5000	
-0.1030	0.2115	0.0054	74.7000	77.6750	
-0.1029	0.2114	0.0055	74.9500	77.7750	
-0.1028	0.2112	0.0056	74.6250	77.6250	
-0.1026	0.2106	0.0053	74.4250	77.6750	
-0.1024	0.2106	0.0057	74.6250	77.6000	
-0.1023	0.2102	0.0055	74.4750	77.6000	
-0.1021	0.2099	0.0057	74.5000	77.4250	
-0.1019	0.2096	0.0058	74.2500	77.6250	
-0.1017	0.2094	0.0060	74.2750	77.6750	
-0.1017	0.2091	0.0058	74.3750	77.6500	
-0.1015	0.2089	0.0059	73.9750	77.8500	
-0.1013	0.2086	0.0060	74.3750	77.5250	
-0.1012	0.2083	0.0059	74.7000	77.5250	
-0.1011	0.2080	0.0059	74.5250	77.6750	
-0.1009	0.2082	0.0065	74.3500	77.6750	
-0.1007	0.2073	0.0060	74.4500	77.7750	
-0.1005	0.2076	0.0066	74.5750	77.8500	
-0.1002	0.2069	0.0065	74.6000	77.7000	
-0.1000	0.2072	0.0072	74.2500	77.6000	
-0.1001	0.2066	0.0065	74.0500	77.4750	
-0.1000	0.2062	0.0063	74.6250	77.5500	
-0.0998	0.2060	0.0064	74.5750	77.7000	
-0.0996	0.2060	0.0068	74.1250	77.6000	
-0.0996	0.2056	0.0065	74.3500	77.6250	
-0.0994	0.2058	0.0070	74.7000	77.7000	
-0.0993	0.2051	0.0066	74.2500	77.7750	
-0.0991	0.2055	0.0073	74.4000	77.8000	
-0.0987	0.2048	0.0074	74.4750	77.5750	
-0.0984	0.2045	0.0076	74.6000	77.7750	
-0.0986	0.2045	0.0074	74.4000	77.6250	
-0.0986	0.2043	0.0071	74.2500	77.6000	
-0.0985	0.2035	0.0065	74.3250	77.6750	
-0.0984	0.2040	0.0073	74.3500	77.6500	
-0.0981	0.2034	0.0072	74.6750	77.5500	
-0.0979	0.2034	0.0075	74.4750	77.6500	
-0.0980	0.2031	0.0072	74.2250	77.5500	
-0.0979	0.2031	0.0073	74.3000	77.4750	
-0.0977	0.2024	0.0069	74.5500	77.5500	
-0.0977	0.2026	0.0073	74.2750	77.5250	
-0.0974	0.2025	0.0076	74.5250	77.4000	
-0.0974	0.2021	0.0073	74.3250	77.5000	
-0.0972	0.2017	0.0072	74.3500	77.5000	
-0.0970	0.2021	0.0080	74.4500	77.5250	
-0.0971	0.2017	0.0076	74.6000	77.4000	
-0.0968	0.2008	0.0071	74.4250	77.3250	
-0.0968	0.2020	0.0084	74.5500	77.3250	
-0.0966	0.2009	0.0076	74.4000	77.1500	
-0.0964	0.2005	0.0077	74.7250	77.4500	
-0.0964	0.2012	0.0085	74.3750	77.1750	
-0.0962	0.2000	0.0076	74.6750	77.1500	
-0.0963	0.2005	0.0079	74.3000	77.2250	
-0.0960	0.1998	0.0079	74.4000	77.2750	
-0.0958	0.2001	0.0085	74.6000	77.2000	
-0.0958	0.1998	0.0083	74.4250	77.2500	
-0.0955	0.1997	0.0087	74.3750	77.2250	
-0.0956	0.1995	0.0083	74.5750	77.3000	
-0.0956	0.1990	0.0078	74.5250	77.0500	
-0.0955	0.1993	0.0083	74.3500	76.9000	
-0.0954	0.1990	0.0082	74.3500	76.9000	
-0.0953	0.1984	0.0078	74.5500	76.7500	
-0.0951	0.1988	0.0087	74.3750	76.8250	
-0.0950	0.1986	0.0086	74.3750	76.8500	
-0.0950	0.1981	0.0081	74.5500	76.9250	
-0.0950	0.1984	0.0084	74.7500	76.9750	
-0.0948	0.1986	0.0090	74.5750	76.8750	
-0.0946	0.1968	0.0075	74.6500	76.7000	
-0.0946	0.1983	0.0092	74.2000	76.8500	
-0.0944	0.1972	0.0085	74.4750	76.7250	
-0.0943	0.1971	0.0085	74.5000	76.9250	
-0.0940	0.1970	0.0091	74.3750	76.8000	
-0.0938	0.1973	0.0097	74.6500	76.5750	
-0.0939	0.1966	0.0088	74.5750	76.5250	
-0.0939	0.1964	0.0086	74.5250	76.5000	
-0.0939	0.1971	0.0094	74.1750	76.5250	
-0.0937	0.1960	0.0086	74.8000	76.3750	
-0.0936	0.1961	0.0089	74.6750	76.4250	
-0.0935	0.1966	0.0096	74.3250	76.6250	
-0.0932	0.1957	0.0092	74.6000	76.6250	
-0.0928	0.1957	0.0102	74.3500	76.5000	
-0.0930	0.1964	0.0104	74.1000	76.4250	
-0.0931	0.1949	0.0086	74.5250	76.2750	
-0.0930	0.1955	0.0094	74.4000	76.2750	
-0.0930	0.1954	0.0095	74.6500	76.2750	
-0.0928	0.1950	0.0093	74.8250	76.2500	
-0.0926	0.1944	0.0093	74.6000	76.2250	
-0.0926	0.1946	0.0094	74.4000	76.2250	
-0.0925	0.1949	0.0099	74.6250	76.1500	
-0.0922	0.1943	0.0099	74.4250	76.2000	
-0.0916	0.1946	0.0114	74.4750	76.0000	
-0.0915	0.1941	0.0110	74.5500	76.0000	
-0.0916	0.1941	0.0110	74.6000	76.0750	
-0.0920	0.1934	0.0095	75.0750	75.9500	
-0.0920	0.1935	0.0095	74.2000	75.9500	
-0.0919	0.1943	0.0106	74.7250	75.9500	
-0.0918	0.1923	0.0087	74.6250	75.9750	
-0.0917	0.1938	0.0103	74.1500	76.0250	
-0.0917	0.1934	0.0101	75.1500	75.9750	
-0.0914	0.1922	0.0093	74.6250	76.0250	
-0.0915	0.1936	0.0106	74.4750	76.0000	
-0.0914	0.1922	0.0095	74.8500	76.0250	
-0.0912	0.1923	0.0098	74.7500	75.9000	
-0.0911	0.1928	0.0105	74.7250	75.8500	
-0.0909	0.1925	0.0106	74.5750	75.9000	
-0.0907	0.1916	0.0103	74.6000	75.7250	
-0.0911	0.1928	0.0106	74.3750	75.8000	
-0.0909	0.1927	0.0108	74.9250	75.7500	
-0.0907	0.1905	0.0091	74.5250	75.5750	
-0.0906	0.1930	0.0118	74.0750	75.6500	
-0.0905	0.1908	0.0099	74.7000	75.7250	
-0.0905	0.1912	0.0103	74.8750	75.7000	
-0.0903	0.1919	0.0113	74.6750	75.7250	
-0.0904	0.1909	0.0100	74.8500	75.7000	
-0.0902	0.1910	0.0107	74.5750	75.8000	
-0.0902	0.1916	0.0113	74.3500	75.6750	
-0.0900	0.1901	0.0101	74.6250	75.6250	
-0.0898	0.1908	0.0112	74.3500	75.7000	
-0.0896	0.1912	0.0119	74.6500	75.6250	
-0.0897	0.1903	0.0109	74.8000	75.6250	
-0.0895	0.1904	0.0115	74.6500	75.6500	
-0.0897	0.1905	0.0111	74.9250	75.6750	
-0.0898	0.1900	0.0105	74.6750	75.5500	
-0.0893	0.1906	0.0120	74.8250	75.5000	
-0.0891	0.1893	0.0111	75.1000	75.4500	
-0.0893	0.1898	0.0113	74.5500	75.6000	
-0.0892	0.1901	0.0117	74.8000	75.7250	
-0.0892	0.1895	0.0111	74.7750	75.5750	
-0.0890	0.1893	0.0114	74.6250	75.4500	
-0.0890	0.1895	0.0116	74.8000	75.6250	
-0.0890	0.1894	0.0115	74.5250	75.6750	
-0.0890	0.1893	0.0114	74.8500	75.5750	
-0.0888	0.1895	0.0119	74.6000	75.6250	
-0.0887	0.1885	0.0112	75.0000	75.4500	
-0.0889	0.1895	0.0117	74.3000	75.4750	
-0.0887	0.1892	0.0118	74.4250	75.5000	
-0.0886	0.1885	0.0113	74.9000	75.4000	
-0.0886	0.1890	0.0118	74.3000	75.4500	
-0.0885	0.1892	0.0123	75.0000	75.6250	
-0.0884	0.1876	0.0107	74.7000	75.4750	
-0.0883	0.1892	0.0126	74.8750	75.5750	
-0.0883	0.1882	0.0116	74.7500	75.5250	
-0.0882	0.1875	0.0110	74.7000	75.5000	
-0.0881	0.1896	0.0133	74.6000	75.6000	
-0.0881	0.1870	0.0108	74.9000	75.6250	
-0.0879	0.1883	0.0125	74.5750	75.4750	
-0.0879	0.1887	0.0129	74.5250	75.4500	
-0.0876	0.1869	0.0117	74.5500	75.4000	
-0.0877	0.1888	0.0134	74.7000	75.4750	
-0.0876	0.1871	0.0118	74.8000	75.4000	
-0.0875	0.1880	0.0131	74.4250	75.5000	
-0.0876	0.1878	0.0127	74.9750	75.4750	
-0.0871	0.1869	0.0127	74.6250	75.5250	
-0.0871	0.1880	0.0137	74.6500	75.5500	
-0.0875	0.1873	0.0123	74.6000	75.5250	
-0.0874	0.1869	0.0121	74.9500	75.5000	
-0.0872	0.1881	0.0137	74.4250	75.5000	
-0.0873	0.1865	0.0119	74.6250	75.4750	
-0.0871	0.1872	0.0129	74.9500	75.3750	
-0.0870	0.1874	0.0134	74.5500	75.4750	
-0.0870	0.1860	0.0120	74.6250	75.4000	
-0.0871	0.1878	0.0136	74.5500	75.4000	
-0.0870	0.1859	0.0119	74.7250	75.4250	
-0.0868	0.1875	0.0139	74.3750	75.5000	
-0.0861	0.1868	0.0145	74.5500	75.5750	
-0.0866	0.1859	0.0128	74.4000	75.4750	
-0.0868	0.1867	0.0130	75.0500	75.4250	
-0.0868	0.1869	0.0134	74.2750	75.5750	
-0.0868	0.1867	0.0132	74.4500	75.5250	
-0.0861	0.1859	0.0136	74.1000	75.5250	
-0.0866	0.1874	0.0142	74.7250	75.6000	
-0.0865	0.1854	0.0124	74.5250	75.4250	
-0.0865	0.1857	0.0127	74.6000	75.3500	
-0.0864	0.1868	0.0141	74.8500	75.4250	
-0.0862	0.1856	0.0132	74.3000	75.3250	
-0.0861	0.1857	0.0134	74.5250	75.4000	
-0.0861	0.1863	0.0142	74.3000	75.4250	
-0.0860	0.1858	0.0139	74.4750	75.3750	
-0.0856	0.1856	0.0145	74.6750	75.4250	
-0.0852	0.1862	0.0158	74.7500	75.5500	
-0.0856	0.1857	0.0145	74.2250	75.5250	
-0.0856	0.1862	0.0150	74.5000	75.5500	
-0.0857	0.1852	0.0139	74.7250	75.5250	
-0.0855	0.1850	0.0139	74.8500	75.3000	
-0.0856	0.1854	0.0141	74.6000	75.3000	
-0.0853	0.1855	0.0149	74.0000	75.2750	
-0.0853	0.1855	0.0148	74.8250	75.3750	
-0.0855	0.1853	0.0143	74.7250	75.3250	
-0.0856	0.1842	0.0131	74.2500	75.3500	
-0.0855	0.1850	0.0140	74.7000	75.4000	
-0.0855	0.1861	0.0152	74.4250	75.3750	
-0.0851	0.1846	0.0144	74.3750	75.3750	
-0.0855	0.1853	0.0144	74.1250	75.3500	
-0.0850	0.1842	0.0143	74.4250	75.4000	
-0.0853	0.1843	0.0137	74.5250	75.4500	
-0.0851	0.1856	0.0153	74.6750	75.4750	
-0.0850	0.1835	0.0135	74.4750	75.4500	
-0.0846	0.1850	0.0157	74.3500	75.4750	
-0.0848	0.1851	0.0156	74.5750	75.4000	
-0.0852	0.1846	0.0142	74.4250	75.4250	
-0.0849	0.1850	0.0152	74.6000	75.4000	
-0.0848	0.1835	0.0138	74.0000	75.3500	
-0.0851	0.1847	0.0144	74.5250	75.4500	
-0.0850	0.1851	0.0150	74.4500	75.4750	
-0.0849	0.1830	0.0132	74.5500	75.4250	
-0.0849	0.1847	0.0149	74.6500	75.4000	
-0.0847	0.1838	0.0143	74.0500	75.4000	
-0.0844	0.1842	0.0153	74.6000	75.4250	
-0.0840	0.1843	0.0162	73.9750	75.4000	
-0.0845	0.1832	0.0142	74.3000	75.4750	
-0.0844	0.1841	0.0152	74.2750	75.4000	
-0.0842	0.1838	0.0154	74.2000	75.4750	
-0.0845	0.1841	0.0152	74.8750	75.4250	
-0.0842	0.1835	0.0152	74.0000	75.5250	
-0.0839	0.1836	0.0158	74.6250	75.4500	
-0.0839	0.1839	0.0160	74.2500	75.4500	
-0.0840	0.1835	0.0156	73.9250	75.4000	
-0.0840	0.1840	0.0159	74.6000	75.4250	
-0.0836	0.1843	0.0170	74.2500	75.4750	
-0.0840	0.1831	0.0151	74.2000	75.4750	
-0.0831	0.1846	0.0183	74.4250	75.4500	
-0.0839	0.1835	0.0157	74.3250	75.4500	
-0.0839	0.1822	0.0144	74.4250	75.4250	
-0.0837	0.1841	0.0166	74.2500	75.4500	
-0.0835	0.1829	0.0160	74.2000	75.4500	
-0.0839	0.1829	0.0151	74.5250	75.4000	
-0.0836	0.1838	0.0165	74.6250	75.4250	
-0.0837	0.1829	0.0155	73.4000	75.4250	
-0.0825	0.1827	0.0178	74.3000	75.4500	
-0.0831	0.1847	0.0184	74.0750	75.5250	
-0.0836	0.1824	0.0153	74.1250	75.5250	
-0.0839	0.1836	0.0157	74.4750	75.4500	
-0.0837	0.1838	0.0163	73.5000	75.4500	
-0.0834	0.1811	0.0143	74.4500	75.5000	
-0.0831	0.1834	0.0172	74.4500	75.5000	
-0.0836	0.1835	0.0164	73.8500	75.4750	
-0.0833	0.1809	0.0142	74.5500	75.4750	
-0.0832	0.1835	0.0172	74.6000	75.4750	
-0.0832	0.1819	0.0154	74.2250	75.5750	
-0.0833	0.1821	0.0155	74.3000	75.5500	
-0.0831	0.1833	0.0172	74.1500	75.5750	
-0.0832	0.1821	0.0157	73.8000	75.5000	
-0.0830	0.1821	0.0161	74.5250	75.5000	
-0.0829	0.1825	0.0168	74.3000	75.5750	
-0.0825	0.1829	0.0179	74.0000	75.6000	
-0.0826	0.1811	0.0159	74.1500	75.5500	
-0.0828	0.1824	0.0169	73.8500	75.5000	
-0.0823	0.1823	0.0177	74.0000	75.4750	
-0.0827	0.1822	0.0167	74.4750	75.5000	
-0.0828	0.1816	0.0159	74.2500	75.4750	
-0.0822	0.1818	0.0173	74.1000	75.5250	
-0.0826	0.1820	0.0169	74.2000	75.5000	
-0.0829	0.1816	0.0158	74.1000	75.5250	
-0.0828	0.1832	0.0176	73.3500	75.5750	
-0.0825	0.1830	0.0180	73.5500	75.5250	
-0.0819	0.1821	0.0183	73.7500	75.5250	
-0.0824	0.1823	0.0174	74.1750	75.5500	
-0.0823	0.1814	0.0167	74.3750	75.5000	
-0.0821	0.1818	0.0175	74.4500	75.5250	
-0.0823	0.1824	0.0178	74.2750	75.6000	
-0.0819	0.1811	0.0172	73.9250	75.4750	
-0.0824	0.1815	0.0168	74.0000	75.5750	
-0.0824	0.1813	0.0164	73.7750	75.5000	
-0.0824	0.1809	0.0160	74.2000	75.5250	
-0.0823	0.1814	0.0167	74.5500	75.5000	
-0.0819	0.1813	0.0176	74.2750	75.5250	
-0.0822	0.1806	0.0162	73.8000	75.5000	
-0.0822	0.1819	0.0174	74.2750	75.6000	
-0.0821	0.1819	0.0177	73.9750	75.5250	
-0.0819	0.1802	0.0164	73.8750	75.5000	
-0.0821	0.1811	0.0168	74.4250	75.5250	
-0.0819	0.1820	0.0181	74.0000	75.6750	
-0.0818	0.1807	0.0170	73.9750	75.5250	
-0.0823	0.1819	0.0174	74.4250	75.6500	
-0.0821	0.1818	0.0176	73.8000	75.5750	
-0.0821	0.1809	0.0167	74.2750	75.6250	
-0.0819	0.1810	0.0172	74.1750	75.6750	
-0.0814	0.1817	0.0189	74.5500	75.6500	
-0.0816	0.1806	0.0174	73.9250	75.5750	
-0.0815	0.1810	0.0180	74.1500	75.6000	
-0.0819	0.1821	0.0183	73.7500	75.6500	
-0.0818	0.1799	0.0163	74.0250	75.5250	
-0.0819	0.1811	0.0174	74.2500	75.5250	
-0.0816	0.1805	0.0172	74.0250	75.6250	
-0.0819	0.1806	0.0168	73.7500	75.6750	
-0.0817	0.1813	0.0179	74.1500	75.6750	
-0.0816	0.1809	0.0177	74.0500	75.6500	
-0.0816	0.1800	0.0168	74.0750	75.5750	
-0.0816	0.1802	0.0170	74.3750	75.6000	
-0.0816	0.1815	0.0183	74.2000	75.5750	
-0.0815	0.1797	0.0167	74.1750	75.6250	
-0.0816	0.1800	0.0169	74.2250	75.6750	
-0.0814	0.1812	0.0184	74.0000	75.7000	
-0.0815	0.1803	0.0173	74.0750	75.6750	
-0.0812	0.1799	0.0174	74.0000	75.7750	
-0.0814	0.1800	0.0172	74.3000	75.7500	
-0.0814	0.1800	0.0173	74.0000	75.7500	
-0.0815	0.1807	0.0177	74.1250	75.7500	
-0.0812	0.1805	0.0180	73.9250	75.8000	
-0.0814	0.1800	0.0173	73.9750	75.8250	
-0.0812	0.1797	0.0173	74.3000	75.7750	
-0.0814	0.1821	0.0193	73.5750	75.7750	
-0.0816	0.1808	0.0175	74.1000	75.7500	
-0.0811	0.1802	0.0180	74.2250	75.8250	
-0.0812	0.1801	0.0177	74.0750	75.7750	
-0.0810	0.1802	0.0183	73.8250	75.7250	
-0.0808	0.1815	0.0199	74.0000	75.6750	
-0.0807	0.1802	0.0189	73.8750	75.8000	
-0.0810	0.1808	0.0188	73.9000	75.8250	
-0.0807	0.1797	0.0183	74.0500	75.8000	
-0.0808	0.1799	0.0182	74.1750	75.7750	
-0.0810	0.1803	0.0183	74.2250	75.8000	
-0.0811	0.1797	0.0174	73.9250	75.7750	
-0.0810	0.1806	0.0186	74.1250	75.8000	
-0.0808	0.1799	0.0182	74.1000	75.7500	
-0.0808	0.1795	0.0178	74.0500	75.8500	
-0.0805	0.1806	0.0196	74.4500	75.9750	
-0.0803	0.1807	0.0200	73.4500	75.7750	
-0.0805	0.1803	0.0192	74.0000	75.8250	
-0.0808	0.1810	0.0195	74.1250	75.9000	
-0.0807	0.1806	0.0192	74.1000	75.9000	
-0.0806	0.1785	0.0173	74.0000	75.8250	
-0.0807	0.1800	0.0186	74.3500	75.8250	
-0.0804	0.1803	0.0194	73.9250	75.9250	
-0.0807	0.1793	0.0179	74.2750	75.8750	
-0.0807	0.1797	0.0183	73.6500	75.9250	
-0.0805	0.1800	0.0190	74.0250	75.9000	
-0.0803	0.1791	0.0185	74.3250	75.9000	
-0.0802	0.1802	0.0199	74.0250	75.8750	
-0.0800	0.1792	0.0192	73.8250	75.8250	
-0.0800	0.1801	0.0201	73.9250	75.9250	
-0.0802	0.1798	0.0193	73.7000	75.9500	
-0.0804	0.1791	0.0184	74.2250	75.9000	
-0.0803	0.1791	0.0185	74.1500	75.9750	
-0.0800	0.1809	0.0209	73.4750	76.0000	
-0.0795	0.1796	0.0205	73.9000	75.9250	
-0.0798	0.1796	0.0200	73.6500	76.0250	
-0.0801	0.1798	0.0195	73.6250	76.0250	
-0.0803	0.1796	0.0190	74.1000	75.9000	
-0.0801	0.1796	0.0193	73.9000	75.8500	
-0.0803	0.1791	0.0185	73.2500	75.9750	
-0.0801	0.1784	0.0183	74.2750	75.9250	
-0.0803	0.1797	0.0191	73.7500	75.9750	
-0.0797	0.1803	0.0208	73.8250	76.0500	
-0.0797	0.1793	0.0198	74.1750	76.0000	
-0.0796	0.1803	0.0210	73.8500	76.0250	
-0.0797	0.1799	0.0204	73.9750	76.0750	
-0.0801	0.1789	0.0187	74.0250	76.0250	
-0.0799	0.1797	0.0198	74.0500	76.0500	
-0.0799	0.1801	0.0202	73.8000	76.0500	
-0.0799	0.1778	0.0179	74.0000	76.0250	
-0.0801	0.1785	0.0184	74.0750	76.1000	
-0.0799	0.1805	0.0206	73.7250	76.1000	
-0.0798	0.1789	0.0192	74.1750	76.0000	
-0.0799	0.1789	0.0192	73.9250	76.0250	
-0.0795	0.1793	0.0203	73.9750	76.0500	
-0.0784	0.1801	0.0232	74.6500	76.0500	
-0.0788	0.1793	0.0216	73.5000	76.0750	
-0.0788	0.1810	0.0235	73.2750	76.0500	
-0.0786	0.1792	0.0220	74.1000	76.0500	
-0.0784	0.1803	0.0236	73.8750	75.9750	
-0.0788	0.1806	0.0231	72.7250	76.0500	
-0.0791	0.1793	0.0212	73.8000	76.0250	
-0.0795	0.1792	0.0202	73.6000	76.0750	
-0.0794	0.1794	0.0205	73.4500	76.1000	
-0.0797	0.1791	0.0196	74.2500	76.0000	
-0.0797	0.1779	0.0185	73.8500	76.0250	
-0.0797	0.1781	0.0187	74.1500	76.0750	
-0.0796	0.1784	0.0191	73.7750	76.0500	
-0.0796	0.1784	0.0192	73.6250	75.9500	
-0.0795	0.1778	0.0189	73.7750	75.9750	
-0.0791	0.1792	0.0209	73.6250	76.0500	
-0.0788	0.1788	0.0212	73.8500	76.0250	
-0.0797	0.1786	0.0191	73.4000	76.1000	
-0.0796	0.1793	0.0201	74.3750	76.1000	
-0.0794	0.1789	0.0201	74.1250	76.1250	
-0.0794	0.1781	0.0193	73.7250	76.0750	
-0.0794	0.1779	0.0191	74.1000	76.1000	
-0.0796	0.1798	0.0206	74.1000	76.1250	
-0.0793	0.1775	0.0189	73.9500	76.1500	
-0.0795	0.1787	0.0196	74.4250	76.1500	
-0.0794	0.1789	0.0201	73.9250	76.1250	
-0.0792	0.1775	0.0191	74.0500	76.0500	
-0.0791	0.1781	0.0198	74.3500	76.1250	
-0.0790	0.1793	0.0213	73.9750	76.1750	
-0.0793	0.1779	0.0193	74.0750	76.1500	
-0.0793	0.1779	0.0194	74.0500	76.1250	
-0.0792	0.1781	0.0198	74.0750	76.1500	
-0.0793	0.1785	0.0200	73.3000	76.1500	
-0.0790	0.1781	0.0201	74.3250	76.1250	
-0.0791	0.1780	0.0198	74.0750	76.0250	
-0.0790	0.1784	0.0203	74.0000	76.1500	
-0.0791	0.1779	0.0197	74.1000	76.1250	
-0.0791	0.1782	0.0200	74.0500	76.1500	
-0.0787	0.1779	0.0206	74.1000	76.1250	
-0.0787	0.1801	0.0227	73.7750	76.2000	
-0.0787	0.1784	0.0209	74.0750	76.2000	
-0.0791	0.1778	0.0195	73.9750	76.2000	
-0.0788	0.1769	0.0193	73.9250	76.1250	
-0.0789	0.1799	0.0220	73.9250	76.2250	
-0.0784	0.1793	0.0225	73.4750	76.2250	
-0.0787	0.1770	0.0197	74.0500	76.1750	
-0.0787	0.1786	0.0212	74.4250	76.2500	
-0.0790	0.1781	0.0201	73.7500	76.2000	
-0.0790	0.1772	0.0193	73.8750	76.2000	
-0.0789	0.1778	0.0200	74.1750	76.2500	
-0.0788	0.1778	0.0202	73.8500	76.1000	
-0.0789	0.1780	0.0201	74.0250	76.2750	
-0.0786	0.1771	0.0199	74.1500	76.2000	
-0.0789	0.1781	0.0204	73.6250	76.2000	
-0.0785	0.1778	0.0208	74.3750	76.2250	
-0.0782	0.1781	0.0217	74.1750	76.1750	
-0.0789	0.1779	0.0201	73.6500	76.2250	
-0.0785	0.1793	0.0224	74.0250	76.0250	
-0.0784	0.1785	0.0217	74.2000	76.2250	
-0.0787	0.1779	0.0206	73.4500	76.2000	
-0.0785	0.1778	0.0208	73.8500	76.2250	
-0.0787	0.1784	0.0210	74.1750	76.1750	
-0.0781	0.1791	0.0228	73.6750	76.2000	
-0.0782	0.1772	0.0207	73.9500	76.1500	
-0.0784	0.1783	0.0214	73.5750	76.2000	
-0.0786	0.1787	0.0215	73.7500	76.1750	
-0.0784	0.1785	0.0218	74.0000	76.2500	
-0.0780	0.1780	0.0220	74.2250	76.1250	
-0.0779	0.1783	0.0224	73.7500	76.2250	
-0.0784	0.1789	0.0222	73.5750	76.2000	
-0.0785	0.1778	0.0209	73.6750	76.2250	
-0.0785	0.1773	0.0202	73.6250	76.1750	
-0.0785	0.1774	0.0204	74.0500	76.2000	
-0.0784	0.1780	0.0211	73.7500	76.2000	
-0.0785	0.1769	0.0198	73.7000	76.1250	
-0.0776	0.1789	0.0236	74.0250	76.2750	
-0.0777	0.1792	0.0239	73.4250	76.2000	
-0.0785	0.1778	0.0208	74.0250	76.2500	
-0.0784	0.1768	0.0199	74.1500	76.1500	
-0.0787	0.1782	0.0208	73.6500	76.1750	
-0.0785	0.1782	0.0212	74.0250	76.2000	
-0.0785	0.1776	0.0206	73.9250	76.1750	
-0.0785	0.1773	0.0203	73.6500	76.2000	
-0.0784	0.1766	0.0198	74.0000	76.1750	
-0.0783	0.1772	0.0205	74.2500	76.1500	
-0.0785	0.1786	0.0215	73.3000	76.1750	
-0.0782	0.1771	0.0207	74.1500	76.1500	
-0.0782	0.1788	0.0225	73.9250	76.3250	
-0.0776	0.1782	0.0230	74.5250	76.3250	
-0.0783	0.1764	0.0197	73.7000	76.2250	
-0.0784	0.1768	0.0200	74.4250	76.2000	
-0.0785	0.1781	0.0212	73.9000	76.2250	
-0.0780	0.1781	0.0221	73.5500	76.3250	
-0.0778	0.1772	0.0216	74.2500	76.1750	
-0.0781	0.1774	0.0212	73.8750	76.2000	
-0.0781	0.1770	0.0209	73.9250	76.2750	
-0.0781	0.1791	0.0229	74.0500	76.2000	
-0.0779	0.1789	0.0230	73.6250	76.2500	
-0.0780	0.1765	0.0204	73.5750	76.1500	
-0.0781	0.1770	0.0208	73.9500	76.2250	
-0.0781	0.1778	0.0216	74.1500	76.2000	
-0.0782	0.1771	0.0207	74.0250	76.3000	
-0.0780	0.1768	0.0207	74.3250	76.2500	
-0.0782	0.1768	0.0205	74.2500	76.2750	
-0.0782	0.1778	0.0214	73.9750	76.3000	
-0.0777	0.1774	0.0219	74.2250	76.2000	
-0.0779	0.1777	0.0220	73.6500	76.3000	
-0.0781	0.1768	0.0206	73.9000	76.3000	
-0.0782	0.1766	0.0203	74.2000	76.2250	
-0.0782	0.1771	0.0207	73.8750	76.2750	
-0.0784	0.1775	0.0208	74.2000	76.2500	
-0.0781	0.1772	0.0210	73.7500	76.3000	
-0.0782	0.1772	0.0208	73.8750	76.2500	
-0.0780	0.1770	0.0210	74.3250	76.1750	
-0.0777	0.1783	0.0228	73.5250	76.2750	
-0.0767	0.1788	0.0253	73.4250	76.1750	
-0.0769	0.1821	0.0283	72.6500	76.2000	
-0.0771	0.1779	0.0237	73.6500	76.2000	
-0.0776	0.1774	0.0223	74.1500	76.2250	
-0.0777	0.1772	0.0218	73.6500	76.3000	
-0.0781	0.1769	0.0208	73.7750	76.2750	
-0.0781	0.1764	0.0203	74.1750	76.2500	
-0.0780	0.1766	0.0205	74.0000	76.2000	
0.4130	50.2500	0.5932	50.0000	
0.4000	50.1000	0.5662	50.0000	
0.3863	50.9000	0.5400	50.0000	
0.3713	51.1750	0.5140	50.0000	
0.3563	50.6750	0.4877	50.0000	
0.3404	50.3500	0.4617	50.0000	
0.3242	49.7250	0.4355	50.0000	
0.3077	49.8000	0.4098	50.0000	
0.2922	50.0000	0.3850	50.0000	
0.2777	50.0000	0.3622	50.0000	
0.2661	50.0000	0.3413	50.0000	
0.2576	50.0000	0.3243	50.0000	
0.2529	50.0000	0.3104	50.0000	
0.2509	54.5750	0.3002	50.0000	
0.2505	53.6500	0.2929	50.0000	
0.2504	50.6750	0.2874	50.0000	
0.2502	50.2500	0.2830	50.0000	
0.2500	50.1750	0.2790	55.6750	
0.2498	50.4750	0.2751	73.6750	
0.2496	51.4000	0.2709	74.3000	
0.2495	51.4500	0.2663	74.9500	
0.2493	52.0000	0.2613	75.7000	
0.2492	52.4750	0.2560	76.0500	
0.2491	51.7000	0.2503	76.3500	
0.2490	51.9500	0.2445	76.2000	
0.2489	51.5000	0.2384	76.3250	
0.2488	51.2500	0.2321	76.7250	
0.2487	51.6250	0.2257	76.8500	
0.2487	52.8000	0.2194	76.8500	
0.2486	52.4500	0.2133	76.3500	
0.2486	51.5250	0.2075	76.4500	
0.2485	50.3750	0.2017	76.6000	
0.2484	51.6500	0.1961	76.6750	
0.2484	51.4000	0.1907	76.6500	
0.2483	51.6250	0.1855	76.6250	
0.2483	53.7250	0.1806	76.7000	
0.2482	51.5000	0.1760	76.7500	
0.2482	50.8000	0.1717	76.6250	
0.2482	50.8000	0.1679	76.5500	
0.2482	51.1250	0.1644	76.5250	
0.2481	52.7500	0.1614	76.6250	
0.2481	53.7250	0.1588	76.6500	
0.2480	52.2500	0.1567	76.6250	
0.2480	51.2000	0.1549	76.5500	
0.2480	51.4500	0.1535	76.7500	
0.2479	52.6250	0.1524	76.7500	
0.2479	51.9000	0.1515	76.7500	
0.2479	52.6000	0.1509	76.8500	
0.2478	52.3750	0.1504	76.8750	
0.2478	52.0750	0.1500	76.8500	
0.2478	52.4750	0.1497	76.8750	
0.2477	51.7500	0.1494	76.8500	
0.2477	52.3000	0.1493	76.8750	
0.2477	52.4500	0.1491	76.8250	
0.2477	51.8000	0.1490	76.8250	
0.2476	53.0250	0.1489	76.7500	
0.2476	53.0750	0.1488	76.8500	
0.2475	52.3750	0.1487	76.8000	
0.2475	52.1500	0.1486	76.7500	
0.2475	52.7250	0.1486	76.7500	
0.2475	54.2500	0.1485	76.7500	
0.2474	52.6000	0.1485	76.7500	
0.2474	52.2250	0.1484	76.7250	
0.2474	52.1750	0.1484	76.7500	
0.2473	52.8500	0.1483	76.7250	
0.2473	55.2500	0.1483	76.6750	
0.2473	57.2250	0.1483	76.7500	
0.2472	52.4500	0.1482	76.7500	
0.2472	51.6250	0.1482	76.6750	
0.2471	52.9500	0.1481	76.6750	
0.2471	53.5750	0.1481	76.6500	
0.2471	53.4750	0.1481	76.6500	
0.2470	53.2500	0.1480	76.6250	
0.2470	52.5750	0.1480	76.6250	
0.2469	53.2250	0.1480	76.6750	
0.2469	53.5500	0.1480	76.6000	
0.2469	53.2000	0.1479	76.5500	
0.2468	52.5000	0.1479	76.5750	
0.2468	52.9250	0.1479	76.5500	
0.2468	54.1750	0.1479	76.5750	
0.2467	53.4250	0.1478	76.5750	
0.2467	52.3000	0.1478	76.6000	
0.2466	52.8000	0.1478	76.5750	
0.2466	53.7250	0.1478	76.5750	
0.2465	54.1250	0.1477	76.5500	
0.2465	54.4750	0.1477	76.5000	
0.2464	52.4250	0.1477	76.5750	
0.2464	52.1000	0.1477	76.5500	
0.2463	53.2500	0.1476	76.5250	
0.2463	54.1000	0.1476	76.5250	
0.2463	54.2000	0.1476	76.5500	
0.2462	52.6500	0.1476	76.5750	
0.2462	53.4250	0.1475	76.5250	
0.2461	53.5250	0.1475	76.5000	
0.2461	52.7000	0.1475	76.5500	
0.2460	53.1000	0.1475	76.5750	
0.2459	54.4500	0.1474	76.5250	
0.2459	53.4750	0.1474	76.5000	
0.2459	53.3250	0.1474	76.4750	
0.2458	52.7250	0.1474	76.5250	
0.2457	52.4500	0.1473	76.4750	
0.2457	53.7500	0.1473	76.4500	
0.2456	55.3250	0.1473	76.5500	
0.2455	53.7000	0.1473	76.5250	
0.2455	52.0000	0.1472	76.5000	
0.2454	52.5250	0.1472	76.4750	
0.2454	55.9000	0.1472	76.4500	
0.2454	53.8500	0.1472	76.5000	
0.2453	52.5500	0.1472	76.4500	
0.2453	54.5250	0.1471	76.5000	
0.2451	54.1000	0.1471	76.4750	
0.2450	52.9250	0.1471	76.4500	
0.2450	52.8000	0.1471	76.4250	
0.2449	52.8500	0.1471	76.4500	
0.2448	53.0250	0.1470	76.4000	
0.2448	54.2000	0.1470	76.4000	
0.2447	53.7750	0.1470	76.3500	
0.2446	52.9500	0.1469	76.4000	
0.2445	53.1000	0.1469	76.4250	
0.2445	53.6750	0.1469	76.3750	
0.2444	53.3250	0.1469	76.3750	
0.2443	53.5750	0.1468	76.4000	
0.2443	54.2000	0.1468	76.4500	
0.2442	52.7500	0.1468	76.4250	
0.2441	52.7750	0.1468	76.5000	
0.2440	53.6000	0.1467	76.4250	
0.2439	54.2000	0.1467	76.4500	
0.2438	53.2500	0.1467	76.4500	
0.2437	52.8750	0.1466	76.4250	
0.2436	53.3750	0.1466	76.4750	
0.2435	54.4500	0.1466	76.4750	
0.2435	53.3000	0.1466	76.4750	
0.2433	53.3000	0.1465	76.4500	
0.2433	53.3500	0.1465	76.4750	
0.2432	53.3250	0.1465	76.4250	
0.2430	53.3500	0.1465	76.4000	
0.2430	54.0250	0.1465	76.4250	
0.2428	54.1750	0.1464	76.4250	
0.2427	52.8750	0.1464	76.4000	
0.2427	53.2000	0.1463	76.4000	
0.2425	53.8500	0.1463	76.4000	
0.2425	55.1750	0.1463	76.3750	
0.2424	53.2250	0.1462	76.4000	
0.2422	52.7750	0.1462	76.4250	
0.2421	54.1750	0.1462	76.4250	
0.2420	54.1500	0.1461	76.3750	
0.2418	53.3500	0.1461	76.3750	
0.2417	53.5000	0.1460	76.4000	
0.2416	53.7750	0.1460	76.4000	
0.2415	53.9500	0.1460	76.4000	
0.2414	53.4250	0.1459	76.3250	
0.2412	53.5500	0.1459	76.3750	
0.2412	53.8500	0.1458	76.3750	
0.2410	53.6250	0.1458	76.4250	
0.2408	53.5500	0.1458	76.3750	
0.2407	53.6000	0.1458	76.4250	
0.2405	53.9250	0.1457	76.3750	
0.2404	54.0250	0.1456	76.3750	
0.2403	53.5500	0.1456	76.4000	
0.2402	53.4000	0.1455	76.3250	
0.2400	53.7250	0.1456	76.4000	
0.2398	54.1250	0.1454	76.3250	
0.2397	54.2000	0.1454	76.4000	
0.2396	53.9000	0.1453	76.3500	
0.2395	54.0000	0.1453	76.3750	
0.2394	54.0000	0.1452	76.3250	
0.2393	54.1250	0.1451	76.3500	
0.2390	53.8250	0.1451	76.3500	
0.2388	54.1000	0.1450	76.3250	
0.2387	54.3000	0.1449	76.3250	
0.2386	54.2750	0.1449	76.3750	
0.2385	54.2250	0.1448	76.3250	
0.2383	53.8000	0.1447	76.4000	
0.2381	54.0000	0.1446	76.3000	
0.2380	54.0000	0.1446	76.3250	
0.2378	54.5000	0.1445	76.3250	
0.2376	54.5000	0.1444	76.3250	
0.2376	54.7000	0.1443	76.3500	
0.2374	53.3250	0.1442	76.3250	
0.2372	53.9250	0.1441	76.3000	
0.2372	53.6000	0.1441	76.3000	
0.2369	54.7500	0.1440	76.3000	
0.2368	54.3750	0.1439	76.3250	
0.2366	53.0500	0.1437	76.3250	
0.2364	53.7250	0.1436	76.3500	
0.2363	53.7750	0.1435	76.2750	
0.2362	52.9000	0.1433	76.2750	
0.2360	53.0750	0.1432	76.2750	
0.2358	53.1250	0.1432	76.3250	
0.2357	52.7500	0.1429	76.3000	
0.2355	53.2500	0.1428	76.2750	
0.2354	52.3500	0.1427	76.2500	
0.2353	52.1250	0.1426	76.3000	
0.2351	52.1750	0.1424	76.3500	
0.2349	51.7250	0.1422	76.2750	
0.2348	52.4500	0.1420	76.3500	
0.2346	51.8250	0.1418	76.3000	
0.2346	51.8250	0.1417	76.2750	
0.2344	50.9500	0.1415	76.3750	
0.2343	51.0750	0.1413	76.2500	
0.2340	50.9500	0.1410	76.4250	
0.2340	50.1250	0.1408	76.3000	
0.2337	50.6500	0.1406	76.3750	
0.2336	50.4250	0.1404	76.3750	
0.2335	49.8000	0.1402	76.3500	
0.2336	49.6500	0.1399	76.3750	
0.2333	49.6500	0.1396	76.3750	
0.2330	49.8000	0.1393	76.3750	
0.2329	49.8250	0.1390	76.3250	
0.2327	49.7750	0.1387	76.3500	
0.2326	49.4250	0.1385	76.3250	
0.2324	48.7500	0.1381	76.3500	
0.2322	48.3750	0.1378	76.3500	
0.2322	47.5750	0.1375	76.3750	
0.2319	47.8000	0.1370	76.3750	
0.2320	47.4250	0.1369	76.3500	
0.2318	43.8750	0.1363	76.3500	
0.2316	45.7250	0.1359	76.4000	
0.2314	45.8750	0.1355	76.3250	
0.2314	42.3000	0.1350	76.3750	
0.2310	44.3750	0.1346	76.3500	
0.2309	43.6250	0.1342	76.3500	
0.2307	39.2750	0.1337	76.3500	
0.2306	39.5500	0.1332	76.3000	
0.2304	41.1500	0.1326	76.3500	
0.2304	41.6000	0.1321	76.3750	
0.2302	36.5500	0.1316	76.4000	
0.2299	37.9250	0.1310	76.3250	
0.2298	40.5000	0.1305	76.3750	
0.2299	36.5500	0.1298	76.3750	
0.2295	38.7250	0.1293	76.4000	
0.2293	39.2000	0.1287	76.4000	
0.2291	36.3250	0.1279	76.4000	
0.2290	36.5000	0.1272	76.3250	
0.2288	38.6750	0.1267	76.4000	
0.2285	37.0000	0.1261	76.3750	
0.2285	36.4750	0.1253	76.3000	
0.2281	36.1750	0.1245	76.3250	
0.2280	36.3000	0.1236	76.4500	
0.2278	37.3750	0.1226	76.3250	
0.2278	35.6500	0.1221	76.3250	
0.2275	36.3750	0.1211	76.3500	
0.2272	35.8250	0.1203	76.4000	
0.2270	35.8250	0.1194	76.3750	
0.2268	37.1500	0.1185	76.3750	
0.2265	35.5000	0.1176	76.4000	
0.2263	35.4000	0.1167	76.3750	
0.2263	35.6500	0.1160	76.4000	
0.2261	37.3500	0.1150	76.3750	
0.2257	35.7500	0.1137	76.3750	
0.2254	35.1000	0.1127	76.4250	
0.2252	35.7250	0.1117	76.3750	
0.2251	36.1000	0.1107	76.4500	
0.2246	35.3000	0.1097	76.4500	
0.2246	35.3750	0.1086	76.4500	
0.2241	36.4750	0.1075	76.4750	
0.2239	35.9500	0.1063	76.4250	
0.2237	35.2000	0.1051	76.4250	
0.2235	35.7500	0.1040	76.4500	
0.2230	35.6250	0.1028	76.5250	
0.2229	35.2000	0.1016	76.5000	
0.2226	36.3000	0.1004	76.3750	
0.2223	35.6000	0.0991	76.5500	
0.2220	35.9250	0.0979	76.4750	
0.2217	35.5000	0.0968	76.3750	
0.2213	35.6500	0.0954	76.5250	
0.2211	35.7250	0.0941	76.4250	
0.2207	35.6500	0.0928	76.4750	
0.2205	35.9500	0.0915	76.4000	
0.2200	35.8750	0.0902	76.4750	
0.2198	36.0750	0.0890	76.4000	
0.2194	35.6750	0.0877	76.4500	
0.2191	35.4250	0.0864	76.4250	
0.2190	36.4250	0.0851	76.5250	
0.2187	35.7250	0.0839	76.4500	
0.2182	36.3250	0.0826	76.5500	
0.2182	35.7250	0.0812	76.4750	
0.2175	36.0250	0.0798	76.4750	
0.2173	36.0750	0.0786	76.4500	
0.2166	35.7000	0.0774	76.5000	
0.2163	36.3750	0.0760	76.4750	
0.2159	35.7000	0.0747	76.4500	
0.2156	36.4750	0.0734	76.4750	
0.2153	35.8250	0.0722	76.4750	
0.2146	36.2500	0.0710	76.6000	
0.2142	36.2500	0.0698	76.5000	
0.2139	35.8000	0.0686	76.5000	
0.2134	36.4750	0.0672	76.5750	
0.2132	36.5000	0.0662	76.5000	
0.2126	35.6750	0.0651	76.5000	
0.2121	36.3000	0.0636	76.6500	
0.2117	36.2000	0.0625	76.4750	
0.2113	36.2000	0.0613	76.6500	
0.2109	36.7500	0.0603	76.5750	
0.2104	36.3500	0.0591	76.5500	
0.2100	35.9000	0.0579	76.6000	
0.2095	36.6250	0.0572	76.6500	
0.2093	36.3000	0.0557	76.6250	
0.2086	36.5500	0.0547	76.6000	
0.2082	36.2000	0.0538	76.7250	
0.2079	35.9500	0.0527	76.7250	
0.2071	36.3000	0.0516	76.6750	
0.2067	36.6000	0.0507	76.7250	
0.2061	36.4250	0.0501	76.6750	
0.2057	36.5250	0.0488	76.7500	
0.2052	36.4000	0.0479	76.7250	
0.2048	36.4500	0.0470	76.6500	
0.2043	36.3000	0.0460	76.7250	
0.2039	36.7500	0.0451	76.7000	
0.2034	36.4000	0.0442	76.7500	
0.2027	36.5750	0.0434	76.7500	
0.2023	36.5000	0.0425	76.8000	
0.2017	36.3500	0.0417	76.7500	
0.2013	36.5500	0.0409	76.7750	
0.2007	36.3250	0.0402	76.8000	
0.2004	36.2500	0.0394	76.7500	
0.1998	36.2250	0.0387	76.8000	
0.1993	36.4750	0.0381	76.7500	
0.1994	36.9500	0.0374	76.8000	
0.1987	35.7250	0.0368	76.7500	
0.1978	36.8750	0.0359	76.7750	
0.1973	36.4750	0.0352	76.7250	
0.1972	36.6750	0.0346	76.8000	
0.1966	36.3500	0.0341	76.8250	
0.1959	37.1500	0.0334	76.7750	
0.1953	36.2000	0.0328	76.7250	
0.1948	36.7500	0.0325	76.7000	
0.1942	36.4250	0.0318	76.7500	
0.1939	35.9250	0.0314	76.7500	
0.1933	36.6750	0.0307	76.7000	
0.1929	36.2000	0.0301	76.7500	
0.1925	36.3750	0.0296	76.7250	
0.1922	37.0000	0.0292	76.7250	
0.1914	36.1000	0.0286	76.7500	
0.1911	36.2750	0.0282	76.7250	
0.1908	36.8000	0.0277	76.7000	
0.1903	35.9250	0.0275	76.7250	
0.1896	36.6250	0.0269	76.7250	
0.1891	36.1500	0.0265	76.7250	
0.1889	35.7000	0.0261	76.7250	
0.1886	36.9000	0.0258	76.7250	
0.1885	35.9500	0.0255	76.7000	
0.1873	36.7500	0.0250	76.6750	
0.1875	36.1250	0.0250	76.6750	
0.1872	36.2250	0.0243	76.7000	
0.1861	36.4250	0.0240	76.6500	
0.1857	36.6250	0.0236	76.6500	
0.1852	36.0000	0.0234	76.6500	
0.1848	36.5500	0.0231	76.6750	
0.1842	36.1500	0.0227	76.7000	
0.1838	36.4250	0.0224	76.6250	
0.1836	36.0500	0.0223	76.6250	
0.1830	36.6250	0.0219	76.6000	
0.1825	36.1000	0.0217	76.6000	
0.1822	36.0000	0.0214	76.6000	
0.1818	36.4750	0.0211	76.6250	
0.1814	36.1500	0.0209	76.5750	
0.1810	36.1750	0.0207	76.5500	
0.1807	36.7000	0.0204	76.5750	
0.1802	36.3750	0.0202	76.6000	
0.1799	36.1250	0.0201	76.4250	
0.1795	36.4000	0.0198	76.5000	
0.1794	35.8500	0.0197	76.5500	
0.1787	36.0500	0.0194	76.5250	
0.1785	35.9250	0.0192	76.3750	
0.1781	36.3250	0.0191	76.4250	
0.1782	36.2250	0.0189	76.4250	
0.1777	36.1750	0.0186	76.3750	
0.1771	36.5500	0.0185	76.3750	
0.1770	36.6500	0.0184	76.3250	
0.1768	35.8500	0.0182	76.3750	
0.1773	36.9000	0.0180	76.3750	
0.1760	36.3500	0.0178	76.3250	
0.1760	36.8500	0.0177	76.3500	
0.1757	36.2750	0.0176	76.3000	
0.1752	36.3000	0.0174	76.3500	
0.1748	36.1500	0.0172	76.3000	
0.1746	36.0250	0.0171	76.3000	
0.1742	36.0750	0.0170	76.2750	
0.1740	36.0500	0.0168	76.3000	
0.1739	36.5250	0.0167	76.2750	
0.1745	35.6000	0.0166	76.3000	
0.1738	36.7250	0.0165	76.3000	
0.1735	35.5750	0.0164	76.2000	
0.1733	36.7000	0.0162	76.3000	
0.1732	35.9000	0.0162	76.2750	
0.1725	36.2250	0.0161	76.2750	
0.1722	36.0250	0.0160	76.2750	
0.1720	36.2250	0.0158	76.2500	
0.1719	35.7750	0.0156	76.2500	
0.1716	36.2250	0.0155	76.2250	
0.1713	35.9250	0.0154	76.2250	
0.1712	36.2000	0.0153	76.2500	
0.1710	35.9000	0.0152	76.2500	
0.1710	36.1250	0.0151	76.2250	
0.1708	36.0500	0.0150	76.2000	
0.1708	36.0500	0.0149	76.2000	
0.1705	36.2750	0.0148	76.2000	
0.1701	36.0750	0.0147	76.2000	
0.1701	36.1250	0.0147	76.1750	
0.1698	36.0000	0.0146	76.1750	
0.1698	36.1000	0.0145	76.1750	
0.1695	35.8750	0.0144	76.1500	
0.1696	36.1250	0.0143	76.2000	
0.1695	36.3250	0.0142	76.2000	
0.1696	35.7500	0.0141	76.1500	
0.1690	35.7250	0.0140	76.1250	
0.1689	36.1000	0.0140	76.1000	
0.1688	35.8250	0.0140	76.1500	
0.1685	36.1750	0.0140	76.1000	
0.1683	36.2750	0.0137	76.1000	
0.1682	35.9500	0.0137	76.1000	
0.1681	36.3250	0.0136	76.0000	
0.1679	35.8750	0.0135	76.0250	
0.1679	36.2000	0.0134	76.0000	
0.1679	36.1750	0.0133	76.0250	
0.1680	36.0500	0.0133	75.9750	
0.1678	35.9750	0.0132	75.9750	
0.1677	36.2250	0.0131	76.0000	
0.1673	35.5750	0.0130	75.9750	
0.1677	36.4500	0.0130	75.9500	
0.1682	35.4500	0.0129	75.9750	
0.1674	36.0250	0.0128	75.9500	
0.1674	36.2500	0.0129	75.9500	
0.1672	35.3250	0.0127	75.9250	
0.1668	36.2750	0.0127	75.9250	
0.1665	35.7250	0.0127	75.9250	
0.1665	35.6250	0.0125	75.9250	
0.1665	35.8750	0.0124	75.9250	
0.1665	35.5000	0.0124	75.9250	
0.1661	35.6250	0.0123	75.9000	
0.1659	35.5500	0.0123	75.9250	
0.1660	35.6250	0.0123	75.9000	
0.1659	35.4250	0.0123	75.9000	
0.1658	35.5500	0.0121	75.9000	
0.1657	35.4750	0.0120	75.9000	
0.1656	35.4250	0.0119	75.8750	
0.1655	35.4750	0.0119	75.9000	
0.1655	35.5000	0.0118	75.9000	
0.1653	35.6000	0.0118	75.8750	
0.1655	35.7000	0.0119	75.8750	
0.1654	35.2750	0.0119	75.9000	
0.1659	36.0000	0.0117	75.8750	
0.1654	35.5250	0.0116	75.8500	
0.1651	35.6000	0.0116	75.9000	
0.1652	35.8250	0.0115	75.8750	
0.1647	35.6500	0.0115	75.8750	
0.1648	35.4250	0.0114	75.8500	
0.1647	36.1750	0.0114	75.8500	
0.1647	35.5750	0.0113	75.9000	
0.1645	35.6250	0.0113	75.8500	
0.1645	35.7250	0.0113	75.8500	
0.1645	35.7750	0.0112	75.8500	
0.1647	35.3000	0.0113	75.8750	
0.1648	36.5750	0.0112	75.8750	
0.1651	35.5250	0.0111	75.8500	
0.1644	36.5250	0.0110	75.8500	
0.1645	35.5250	0.0110	75.8500	
0.1643	36.6250	0.0110	75.8500	
0.1645	35.6750	0.0109	75.8500	
0.1642	36.2750	0.0109	75.8500	
0.1641	36.0750	0.0108	75.8250	
0.1638	35.8250	0.0108	75.8500	
0.1638	36.1250	0.0108	75.8500	
0.1636	36.0500	0.0107	75.8250	
0.1636	36.0250	0.0107	75.8500	
0.1639	36.3250	0.0107	75.8500	
0.1635	36.4250	0.0106	75.8250	
0.1637	36.4250	0.0106	75.8250	
0.1633	36.2250	0.0106	75.8500	
0.1635	36.5000	0.0106	75.8250	
0.1635	36.2250	0.0105	75.8250	
0.1635	36.2000	0.0105	75.8250	
0.1636	36.8750	0.0105	75.8250	
0.1633	36.4500	0.0105	75.8250	
0.1631	36.8000	0.0106	75.8250	
0.1631	36.3000	0.0107	75.8500	
0.1630	36.5500	0.0104	75.8250	
0.1630	36.3750	0.0105	75.8250	
0.1630	37.0250	0.0103	75.8250	
0.1630	36.6500	0.0104	75.8250	
0.1630	36.9000	0.0105	75.8000	
0.1632	37.4000	0.0103	75.8000	
0.1628	36.5000	0.0102	75.8250	
0.1628	37.4250	0.0102	75.8250	
0.1629	37.1500	0.0102	75.8250	
0.1625	37.0000	0.0102	75.8250	
0.1627	36.7000	0.0101	75.8000	
0.1626	37.1500	0.0101	75.7750	
0.1625	37.1250	0.0101	75.8250	
0.1624	37.2500	0.0102	75.8000	
0.1623	37.4000	0.0101	75.8000	
0.1623	37.5250	0.0101	75.8000	
0.1623	37.4250	0.0100	75.8250	
0.1622	37.8500	0.0100	75.8250	
0.1622	38.1750	0.0100	75.8250	
0.1621	37.9250	0.0100	75.8250	
0.1621	37.4750	0.0099	75.8250	
0.1624	37.7750	0.0099	75.7750	
0.1629	37.8500	0.0099	75.8250	
0.1623	38.2750	0.0099	75.7750	
0.1622	37.7000	0.0099	75.8250	
0.1621	38.7500	0.0098	75.7250	
0.1620	37.6500	0.0098	75.8000	
0.1619	38.3500	0.0099	75.8250	
0.1619	38.0750	0.0098	75.7750	
0.1619	38.6250	0.0098	75.8250	
0.1619	37.9500	0.0098	75.8250	
0.1619	38.8000	0.0097	75.7000	
0.1617	38.7000	0.0097	75.8250	
0.1617	38.3500	0.0097	75.8250	
0.1617	38.5500	0.0097	75.8000	
0.1616	38.8500	0.0097	75.8250	
0.1617	38.5500	0.0097	75.7750	
0.1619	38.8750	0.0098	75.8250	
0.1616	38.2500	0.0097	75.7750	
0.1618	39.2250	0.0097	75.7750	
0.1620	38.6000	0.0097	75.7250	
0.1618	39.1250	0.0097	75.8250	
0.1613	39.1000	0.0096	75.8250	
0.1614	39.1250	0.0096	75.7000	
0.1616	38.8750	0.0096	75.7500	
0.1616	39.2250	0.0096	75.7750	
0.1614	39.1250	0.0096	75.8000	
0.1614	39.0000	0.0096	75.7750	
0.1613	39.5750	0.0096	75.7750	
0.1614	38.9500	0.0095	75.8250	
0.1614	39.5250	0.0095	75.7750	
0.1612	39.4250	0.0095	75.7750	
0.1612	39.3750	0.0095	75.8250	
0.1613	39.4500	0.0095	75.7500	
0.1610	39.3750	0.0095	75.7500	
0.1613	39.7500	0.0095	75.8000	
0.1614	39.4000	0.0095	75.7250	
0.1616	40.1250	0.0095	75.8250	
0.1611	39.5000	0.0095	75.7750	
0.1610	39.7000	0.0094	75.7750	
0.1611	40.0500	0.0094	75.8250	
0.1610	39.5000	0.0094	75.7750	
0.1610	39.9250	0.0094	75.7500	
0.1609	39.8500	0.0094	75.7750	
0.1612	40.3750	0.0094	75.7750	
0.1611	39.8250	0.0094	75.7750	
0.1608	40.3500	0.0094	75.7750	
0.1609	40.7000	0.0094	75.7750	
0.1607	39.8750	0.0094	75.7500	
0.1607	40.1750	0.0094	75.8000	
0.1607	40.5500	0.0095	75.7750	
0.1608	40.5000	0.0094	75.7750	
0.1609	40.3250	0.0093	75.8000	
0.1609	40.7750	0.0093	75.7750	
0.1609	40.8750	0.0093	75.7750	
0.1607	40.2750	0.0093	75.8000	
0.1608	41.1000	0.0093	75.7250	
0.1609	40.0250	0.0093	75.7750	
0.1609	40.9750	0.0093	75.7750	
0.1609	39.8500	0.0093	75.7250	
0.1607	40.6500	0.0093	75.7500	
0.1605	41.0000	0.0092	75.7750	
0.1605	40.7000	0.0092	75.7750	
0.1604	40.6750	0.0093	75.7500	
0.1604	41.2000	0.0092	75.6500	
0.1604	41.2000	0.0093	75.7250	
0.1604	41.1000	0.0092	75.7500	
0.1604	40.7500	0.0092	75.7750	
0.1605	40.6750	0.0092	75.8000	
0.1607	40.1000	0.0092	75.7000	
0.1603	40.0000	0.0092	75.8000	
0.1602	39.5750	0.0092	75.8000	
0.1603	39.5500	0.0092	75.7750	
0.1603	39.9250	0.0092	75.7750	
0.1602	39.4500	0.0092	75.7750	
0.1602	39.9500	0.0092	75.8000	
0.1600	40.0250	0.0092	75.7500	
0.1600	39.8250	0.0093	75.8000	
0.1602	39.3750	0.0092	75.7500	
0.1601	40.0500	0.0092	75.7750	
0.1601	39.8750	0.0091	75.7500	
0.1600	39.8250	0.0091	75.7750	
0.1599	40.0500	0.0091	75.7750	
0.1599	39.6000	0.0091	75.7250	
0.1599	39.2500	0.0091	75.7750	
0.1598	39.4250	0.0091	75.7000	
0.1598	37.9750	0.0091	75.7750	
0.1600	39.1250	0.0091	75.7750	
0.1597	38.9250	0.0091	75.7000	
0.1597	38.6000	0.0091	75.7000	
0.1597	38.3250	0.0091	75.8000	
0.1598	38.3750	0.0090	75.8000	
0.1597	37.6750	0.0090	75.8000	
0.1598	37.0500	0.0091	75.7750	
0.1596	37.2250	0.0090	75.7750	
0.1594	36.4750	0.0091	75.7750	
0.1594	36.3000	0.0090	75.7250	
0.1596	35.8250	0.0090	75.7750	
0.1595	37.0750	0.0090	75.7500	
0.1593	36.7000	0.0090	75.7750	
0.1594	36.2250	0.0090	75.7750	
0.1592	35.2000	0.0091	75.7750	
0.1592	34.7750	0.0090	75.7750	
0.1592	35.0750	0.0090	75.7750	
0.1591	34.9000	0.0090	75.7750	
0.1593	34.6250	0.0090	75.7500	
0.1594	35.3500	0.0090	75.7750	
0.1592	35.1250	0.0090	75.7750	
0.1590	34.2250	0.0090	75.7750	
0.1590	34.5250	0.0090	75.7750	
0.1590	34.7000	0.0090	75.7750	
0.1590	35.4000	0.0089	75.7750	
0.1589	36.6000	0.0089	75.7750	
0.1589	38.3000	0.0089	75.7750	
0.1589	37.3750	0.0089	75.7500	
0.1590	36.7250	0.0089	75.7750	
0.1591	36.3250	0.0090	75.7750	
0.1589	36.3000	0.0090	75.7250	
0.1590	36.9750	0.0090	75.7500	
0.1591	35.9750	0.0089	75.7250	
0.1592	37.6000	0.0089	75.7000	
0.1588	36.3500	0.0090	75.7500	
0.1587	36.9250	0.0089	75.7750	
0.1587	36.4750	0.0089	75.7500	
0.1587	37.7750	0.0089	75.8000	
0.1588	36.7500	0.0088	75.7750	
0.1587	37.5750	0.0089	75.7500	
0.1586	36.4250	0.0089	75.7750	
0.1586	35.8250	0.0089	75.8000	
0.1587	36.8250	0.0089	75.7750	
0.1588	37.8000	0.0089	75.7750	
0.1587	36.5500	0.0088	75.7500	
0.1584	36.8000	0.0088	75.8000	
0.1587	37.5750	0.0089	75.8000	
0.1589	36.7750	0.0088	75.7750	
0.1587	38.1250	0.0088	75.8000	
0.1587	37.6250	0.0088	75.7500	
0.1583	36.5750	0.0088	75.8000	
0.1585	36.4750	0.0088	75.7500	
0.1584	36.5000	0.0088	75.7750	
0.1584	36.9000	0.0088	75.7250	
0.1584	38.5000	0.0088	75.7000	
0.1584	37.9500	0.0088	75.7750	
0.1584	38.0000	0.0088	75.8250	
0.1584	36.7000	0.0088	75.8000	
0.1585	37.4750	0.0088	75.8000	
0.1584	36.9500	0.0088	75.7250	
0.1583	36.5250	0.0088	75.7250	
0.1585	37.6750	0.0088	75.7750	
0.1585	36.9000	0.0088	75.7750	
0.1584	38.5000	0.0088	75.8000	
0.1582	37.9500	0.0088	75.7750	
0.1582	36.8500	0.0088	75.7750	
0.1582	36.7750	0.0087	75.7750	
0.1583	37.5250	0.0087	75.7750	
0.1581	36.4000	0.0087	75.8000	
0.1581	35.5750	0.0087	75.8000	
0.1581	35.8250	0.0087	75.8250	
0.1581	36.3750	0.0088	75.8000	
0.1581	36.3000	0.0087	75.7250	
0.1581	36.3000	0.0087	75.7500	
0.1581	36.9250	0.0087	75.8000	
0.1580	37.3750	0.0087	75.7750	
0.1580	37.8250	0.0087	75.8000	
0.1581	36.8000	0.0087	75.8000	
0.1580	36.7000	0.0088	75.7750	
0.1580	35.3250	0.0088	75.7750	
0.1580	37.2750	0.0087	75.8000	
0.1579	37.6500	0.0087	75.7750	
0.1580	37.5500	0.0087	75.7750	
0.1580	35.9000	0.0086	75.7500	
0.1580	36.7750	0.0086	75.7000	
0.1581	35.3250	0.0087	75.7750	
0.1583	36.9250	0.0087	75.8000	
0.1579	37.7750	0.0087	75.8000	
0.1579	37.4750	0.0087	75.7500	
0.1579	38.3500	0.0087	75.7750	
0.1578	38.1750	0.0086	75.8000	
0.1579	37.3000	0.0087	75.8000	
0.1579	37.4500	0.0087	75.7750	
0.1577	36.1250	0.0087	75.7500	
0.1577	36.1750	0.0086	75.8000	
0.1578	37.0500	0.0086	75.7750	
0.1577	36.9500	0.0086	75.7750	
0.1578	36.8000	0.0086	75.8000	
0.1577	37.7000	0.0086	75.8000	
0.1578	38.4500	0.0086	75.8000	
0.1576	37.7000	0.0086	75.7750	
0.1578	37.9250	0.0086	75.8250	
0.1578	37.7750	0.0086	75.8000	
0.1577	36.8750	0.0086	75.8000	
0.1578	37.3500	0.0086	75.7500	
0.1577	37.4500	0.0086	75.8000	
0.1576	37.6500	0.0086	75.8250	
0.1582	38.1500	0.0086	75.7250	
0.1582	37.4000	0.0086	75.7750	
0.1580	39.1250	0.0086	75.7500	
0.1580	37.2250	0.0085	75.7750	
0.1583	39.1500	0.0085	75.7750	
0.1580	36.5000	0.0085	75.7750	
0.1576	38.6500	0.0085	75.7750	
0.1577	38.2000	0.0085	75.8000	
0.1576	38.4500	0.0085	75.8000	
0.1576	38.3750	0.0085	75.8000	
0.1575	38.2250	0.0085	75.7750	
0.1577	36.0000	0.0086	75.8000	
0.1576	37.1000	0.0086	75.8250	
0.1575	37.2250	0.0086	75.7750	
0.1575	38.1250	0.0085	75.8000	
0.1574	37.4250	0.0085	75.8000	
0.1574	38.8000	0.0085	75.7750	
0.1574	37.0250	0.0085	75.7750	
0.1574	38.0750	0.0085	75.8000	
0.1573	37.2750	0.0086	75.8000	
0.1574	36.6750	0.0086	75.8000	
0.1573	37.4500	0.0086	75.7750	
0.1573	37.8250	0.0085	75.8250	
0.1575	37.7500	0.0085	75.8000	
0.1574	37.9500	0.0085	75.8250	
0.1575	38.9750	0.0086	75.7750	
0.1575	38.4000	0.0087	75.7750	
0.1573	37.4750	0.0087	75.7250	
0.1573	39.3500	0.0085	75.8000	
0.1573	39.1750	0.0085	75.7500	
0.1572	38.0500	0.0084	75.8000	
0.1572	36.0750	0.0084	75.7750	
0.1573	36.8500	0.0084	75.7750	
0.1572	38.4000	0.0084	75.8000	
0.1572	38.5500	0.0084	75.8250	
0.1572	38.5500	0.0084	75.8250	
0.1573	38.8750	0.0084	75.7500	
0.1571	38.4750	0.0084	75.7750	
0.1572	38.0000	0.0084	75.7500	
0.1572	39.0250	0.0084	75.8000	
0.1571	39.3750	0.0084	75.7250	
0.1572	37.8000	0.0084	75.7750	
0.1572	38.7000	0.0084	75.8000	
0.1571	37.2250	0.0084	75.7750	
0.1572	37.2500	0.0084	75.8000	
0.1571	37.6500	0.0084	75.7750	
0.1571	38.6500	0.0083	75.8000	
0.1574	41.0500	0.0084	75.7750	
0.1574	39.7500	0.0083	75.7750	
0.1571	40.0250	0.0083	75.8250	
0.1570	38.1500	0.0083	75.7750	
0.1571	36.3250	0.0083	75.7750	
0.1571	37.1500	0.0083	75.7750	
0.1573	37.7250	0.0083	75.7750	
0.1574	38.8250	0.0084	75.8250	
0.1575	40.4750	0.0083	75.8000	
0.1573	39.2250	0.0083	75.7750	
0.1571	41.1250	0.0084	75.8250	
0.1570	38.5750	0.0083	75.8250	
0.1569	38.2000	0.0084	75.8250	
0.1569	38.4750	0.0083	75.8000	
0.1569	40.6250	0.0083	75.8000	
0.1569	40.2000	0.0083	75.7750	
0.1570	38.7250	0.0083	75.8000	
0.1571	37.3500	0.0084	75.7750	
0.1570	38.8500	0.0084	75.8000	
0.1568	38.7000	0.0084	75.7750	
0.1570	38.3500	0.0083	75.8250	
0.1570	39.2250	0.0083	75.7500	
0.1571	38.7250	0.0083	75.7750	
0.1569	39.8250	0.0083	75.8000	
0.1570	38.3500	0.0082	75.8250	
0.1569	39.2750	0.0082	75.8000	
0.1569	39.2750	0.0083	75.8000	
0.1570	39.2250	0.0082	75.8000	
0.1569	38.2000	0.0082	75.7750	
0.1567	38.5500	0.0082	75.8250	
0.1568	41.4750	0.0082	75.7750	
0.1568	40.8000	0.0082	75.8250	
0.1568	39.3500	0.0082	75.8250	
0.1567	39.6750	0.0082	75.8250	
0.1568	39.1000	0.0082	75.8000	
0.1569	39.8250	0.0082	75.7750	
0.1568	39.8250	0.0082	75.7750	
0.1567	40.4000	0.0082	75.7750	
0.1567	39.5750	0.0082	75.8000	
0.1567	40.7750	0.0082	75.7750	
0.1568	39.5500	0.0082	75.7250	
0.1570	39.1750	0.0082	75.7250	
0.1569	37.9000	0.0082	75.8000	
0.1568	39.2250	0.0082	75.8000	
0.1566	40.2250	0.0082	75.7750	
0.1568	40.9250	0.0082	75.8000	
0.1566	39.4500	0.0081	75.8250	
0.1566	39.8250	0.0082	75.7750	
0.1566	41.7250	0.0081	75.8000	
0.1566	40.8500	0.0081	75.7750	
0.1567	40.8000	0.0081	75.7750	
0.1566	40.9250	0.0081	75.8000	
0.1566	39.9250	0.0081	75.8250	
0.1567	39.0000	0.0081	75.7750	
0.1566	38.9000	0.0081	75.8250	
0.1565	38.4500	0.0081	75.7250	
0.1567	40.1500	0.0081	75.8000	
0.1566	41.9750	0.0081	75.8250	
0.1566	40.2500	0.0081	75.8000	
0.1565	40.3250	0.0080	75.7750	
0.1565	40.5750	0.0081	75.8250	
0.1565	41.2000	0.0081	75.8000	
0.1567	39.2250	0.0081	75.8000	
0.1568	40.1750	0.0082	75.8000	
0.1569	39.3750	0.0081	75.8250	
0.1567	40.0000	0.0080	75.7750	
0.1566	39.1250	0.0080	75.8250	
0.1568	41.9500	0.0080	75.8000	
0.1571	39.2500	0.0079	75.8000	
0.1566	40.1750	0.0079	75.8250	
0.1565	40.5500	0.0079	75.8500	
0.1565	42.3250	0.0079	75.7750	
0.1566	39.7250	0.0079	75.8250	
0.1565	40.8500	0.0079	75.8000	
0.1565	38.5000	0.0079	75.8000	
0.1564	39.3250	0.0079	75.8000	
0.1565	42.4750	0.0079	75.8000	
0.1565	39.9500	0.0079	75.8000	
0.1567	39.8750	0.0079	75.8250	
0.1567	38.2500	0.0078	75.8000	
0.1565	41.7250	0.0078	75.8250	
0.1564	42.7250	0.0078	75.8000	
0.1563	42.4500	0.0078	75.8250	
0.1565	43.0000	0.0078	75.8250	
0.1563	41.9000	0.0078	75.8000	
0.1563	40.6000	0.0077	75.8000	
0.1564	38.6750	0.0077	75.7500	
0.1566	40.6750	0.0077	75.8000	
0.1565	39.0000	0.0077	75.8000	
0.1565	41.6750	0.0077	75.8250	
0.1564	40.3250	0.0077	75.8250	
0.1566	42.6250	0.0077	75.8500	
0.1564	41.1750	0.0077	75.8000	
0.1565	41.4750	0.0076	75.7750	
0.1563	40.2250	0.0076	75.8500	
0.1564	40.8000	0.0076	75.7250	
0.1564	41.4500	0.0076	75.7250	
0.1562	41.6250	0.0076	75.8000	
0.1563	40.8250	0.0076	75.7750	
0.1564	41.9250	0.0076	75.8000	
0.1562	41.4000	0.0076	75.8500	
0.1563	41.9000	0.0076	75.8250	
0.1568	40.0500	0.0076	75.7500	
0.1564	41.9500	0.0076	75.8750	
0.1565	40.7500	0.0076	75.8250	
0.1567	43.9500	0.0075	75.8000	
0.1562	42.2750	0.0075	75.8000	
0.1562	43.2250	0.0075	75.8250	
0.1562	41.2000	0.0075	75.8250	
0.1562	39.9750	0.0075	75.7750	
0.1562	39.8750	0.0075	75.8250	
0.1562	39.4250	0.0075	75.8500	
0.1563	40.5500	0.0074	75.8000	
0.1564	42.6250	0.0074	75.8750	
0.1564	41.7000	0.0074	75.8500	
0.1564	43.5250	0.0074	75.7750	
0.1566	41.7000	0.0074	75.8500	
0.1561	42.9750	0.0074	75.8000	
0.1562	40.8500	0.0074	75.7750	
0.1562	41.0500	0.0074	75.8500	
0.1561	41.3000	0.0074	75.7500	
0.1562	42.8250	0.0074	75.8250	
0.1564	42.4500	0.0074	75.8250	
0.1564	40.8500	0.0074	75.8500	
0.1564	41.1750	0.0074	75.8250	
0.1561	39.8500	0.0074	75.8000	
0.1561	40.9750	0.0074	75.8750	
0.1560	42.0500	0.0073	75.8000	
0.1560	41.8000	0.0073	75.8000	
0.1561	43.6750	0.0074	75.8500	
0.1560	43.0000	0.0074	75.8250	
0.1561	41.6500	0.0074	75.8750	
0.1561	41.9750	0.0073	75.8000	
0.1562	40.4750	0.0073	75.8500	
0.1561	43.1000	0.0073	75.8500	
0.1561	42.5750	0.0073	75.8250	
0.1560	43.4500	0.0073	75.8250	
0.1560	42.2000	0.0073	75.8250	
0.1560	41.9500	0.0073	75.8000	
0.1562	40.6500	0.0074	75.8250	
0.1563	42.1000	0.0073	75.8750	
0.1561	40.1750	0.0073	75.8250	
0.1560	42.4500	0.0073	75.8250	
0.1559	43.6500	0.0073	75.8750	
0.1559	43.1250	0.0073	75.8250	
0.1559	42.1500	0.0072	75.8750	
0.1559	42.0250	0.0072	75.8500	
0.1560	40.2750	0.0072	75.8250	
0.1558	41.2750	0.0072	75.8250	
0.1559	43.7750	0.0073	75.8250	
0.1559	42.3250	0.0072	75.8250	
0.1559	42.7000	0.0072	75.8000	
0.1558	43.0500	0.0072	75.8500	
0.1558	41.7000	0.0072	75.8000	
0.1559	41.5000	0.0072	75.8250	
0.1558	43.1250	0.0073	75.8250	
0.1560	43.6750	0.0072	75.8250	
0.1562	44.8500	0.0072	75.8750	
0.1560	43.5250	0.0072	75.7750	
0.1558	43.2750	0.0072	75.8500	
0.1558	42.9250	0.0072	75.8250	
0.1557	41.5250	0.0072	75.7750	
0.1558	40.1250	0.0072	75.8500	
0.1560	43.4000	0.0072	75.8500	
0.1561	43.5000	0.0072	75.8500	
0.1558	45.4750	0.0072	75.7000	
0.1558	43.8250	0.0072	75.8250	
0.1557	41.8250	0.0072	75.8750	
0.1557	41.4750	0.0072	75.8750	
0.1558	41.2250	0.0072	75.8500	
0.1557	43.5000	0.0072	75.8000	
0.1557	44.1000	0.0071	75.8000	
0.1557	44.1250	0.0071	75.8500	
0.1557	42.3000	0.0071	75.8250	
0.1558	42.1750	0.0071	75.8500	
0.1557	43.0000	0.0071	75.8250	
0.1558	42.0500	0.0071	75.8250	
0.1558	44.0000	0.0071	75.8500	
0.1557	44.2000	0.0071	75.8250	
0.1557	43.9000	0.0071	75.8500	
0.1557	43.3750	0.0071	75.8750	
0.1557	44.0500	0.0071	75.8250	
0.1557	43.7000	0.0071	75.8500	
0.1558	43.6750	0.0071	75.8250	
0.1557	42.1750	0.0071	75.8250	
0.1557	43.5250	0.0071	75.8250	
0.1557	42.6500	0.0071	75.8250	
0.1557	42.4750	0.0071	75.8750	
0.1556	43.8750	0.0071	75.8250	
0.1556	43.0000	0.0071	75.8250	
0.1556	42.4750	0.0072	75.8250	
0.1557	43.2250	0.0071	75.8250	
0.1557	43.9750	0.0071	75.8500	
0.1557	41.7250	0.0070	75.8500	
0.1555	41.8250	0.0070	75.8250	
0.1556	41.9250	0.0070	75.8250	
0.1557	43.2000	0.0070	75.8750	
0.1556	43.5000	0.0070	75.8500	
0.1556	43.6250	0.0070	75.8000	
0.1555	42.8000	0.0070	75.8500	
0.1555	43.5000	0.0071	75.8500	
0.1557	43.0000	0.0070	75.8000	
0.1558	44.7250	0.0070	75.8250	
0.1556	43.0250	0.0070	75.8250	
0.1555	42.6500	0.0070	75.8000	
0.1557	42.1750	0.0070	75.8500	
0.1555	43.8500	0.0070	75.8500	
0.1558	42.3250	0.0070	75.8250	
0.1558	43.7250	0.0070	75.8500	
0.1556	42.7250	0.0070	75.8250	
0.1556	44.6500	0.0070	75.8500	
0.1558	43.5000	0.0070	75.8500	
0.1555	43.1750	0.0070	75.8750	
0.1555	43.2750	0.0070	75.8250	
0.1555	42.6750	0.0070	75.8250	
0.1556	43.9750	0.0070	75.8750	
0.1556	43.5750	0.0069	75.8500	
0.1555	44.9000	0.0069	75.8250	
0.1555	44.8500	0.0070	75.8250	
0.1555	43.4500	0.0069	75.8500	
0.1554	40.7750	0.0069	75.8750	
0.1554	39.6000	0.0069	75.8250	
0.1555	41.8750	0.0069	75.8500	
0.1555	42.3500	0.0069	75.8250	
0.1554	44.9250	0.0069	75.7750	
0.1555	45.0000	0.0069	75.8500	
0.1555	42.5250	0.0070	75.8000	
0.1554	42.7750	0.0069	75.8750	
0.1553	43.2750	0.0069	75.8500	
0.1554	42.9750	0.0069	75.8500	
0.1554	42.2000	0.0069	75.8250	
0.1555	43.8750	0.0069	75.8000	
0.1554	43.4750	0.0069	75.8500	
0.1553	43.3250	0.0069	75.8500	
0.1553	42.9250	0.0069	75.8000	
0.1553	42.8750	0.0069	75.8500	
0.1553	41.7000	0.0069	75.8500	
0.1553	41.8250	0.0069	75.8500	
0.1553	42.6000	0.0069	75.8500	
0.1553	43.8750	0.0069	75.8250	
0.1553	43.6000	0.0069	75.8500	
0.1554	42.4250	0.0068	75.8000	
0.1553	43.1750	0.0068	75.8000	
0.1554	43.2000	0.0068	75.8000	
0.1554	43.6250	0.0068	75.8250	
0.1554	43.1000	0.0068	75.8250	
0.1553	42.2250	0.0068	75.8500	
0.1553	43.2250	0.0068	75.8500	
0.1552	41.3000	0.0068	75.7750	
0.1553	40.6250	0.0068	75.8250	
0.1554	42.1250	0.0068	75.8500	
0.1554	43.3000	0.0068	75.8250	
0.1553	44.2000	0.0068	75.7500	
0.1553	42.7500	0.0068	75.8250	
0.1553	41.3250	0.0068	75.8500	
0.1552	41.6500	0.0068	75.8250	
0.1552	41.7500	0.0068	75.8500	
0.1553	42.1000	0.0068	75.8250	
0.1553	43.1750	0.0067	75.8250	
0.1553	40.7500	0.0067	75.8500	
0.1552	41.8500	0.0068	75.8250	
0.1552	42.1250	0.0068	75.8250	
