Loss_Adversary	Accuracy_Adversary	Loss_Target	Accuracy_Target	
0.6078	0.8925	0.6230	50.0000	50.0000	
0.5623	0.8765	0.5768	50.0000	50.0000	
0.5200	0.8637	0.5340	50.0000	50.0000	
0.4806	0.8516	0.4941	50.0000	50.0000	
0.4463	0.8386	0.4592	50.0000	50.0000	
0.4183	0.8235	0.4309	50.0000	50.0000	
0.3939	0.8075	0.4060	50.0000	50.0000	
0.3720	0.7915	0.3837	50.0000	50.0000	
0.3521	0.7758	0.3634	50.0000	50.0000	
0.3347	0.7604	0.3457	50.0000	50.0250	
0.3197	0.7452	0.3304	50.0000	57.6000	
0.3067	0.7302	0.3172	50.0000	55.7750	
0.2962	0.7158	0.3064	50.0000	50.0250	
0.2873	0.7021	0.2973	50.0000	50.0000	
0.2789	0.6893	0.2886	50.0000	50.0000	
0.2703	0.6777	0.2798	50.0000	50.0000	
0.2617	0.6669	0.2711	50.0000	50.0000	
0.2521	0.6566	0.2613	50.0000	50.0000	
0.2411	0.6468	0.2501	50.0000	50.0000	
0.2286	0.6373	0.2373	50.0000	50.0000	
0.2146	0.6278	0.2231	50.0000	57.3750	
0.1997	0.6185	0.2079	50.0000	67.9500	
0.1840	0.6094	0.1920	50.0000	70.1500	
0.1676	0.6005	0.1753	50.0000	64.8250	
0.1516	0.5918	0.1591	50.0000	60.8500	
0.1372	0.5832	0.1445	50.0000	62.1000	
0.1238	0.5748	0.1309	50.0000	64.6750	
0.1115	0.5665	0.1183	48.8250	66.4500	
0.1002	0.5585	0.1069	33.5000	67.4250	
0.0898	0.5501	0.0963	29.7000	67.3500	
0.0800	0.5375	0.0863	28.8750	67.8750	
0.0708	0.5148	0.0767	28.7500	67.2250	
0.0625	0.4834	0.0680	28.7500	66.9250	
0.0551	0.4453	0.0602	28.6000	67.3750	
0.0489	0.4045	0.0534	28.4000	68.1250	
0.0437	0.3622	0.0478	27.9000	68.2250	
0.0393	0.3240	0.0429	27.2500	68.3750	
0.0355	0.2909	0.0388	25.8250	68.8500	
0.0322	0.2679	0.0352	25.0500	68.6000	
0.0292	0.2513	0.0320	25.1250	68.8500	
0.0266	0.2395	0.0293	25.0000	69.3000	
0.0247	0.2296	0.0272	24.9250	69.8750	
0.0234	0.2210	0.0259	24.8500	70.4000	
0.0223	0.2128	0.0247	24.9750	70.3250	
0.0214	0.2058	0.0237	24.9500	70.7000	
0.0205	0.1994	0.0227	24.9750	70.9250	
0.0196	0.1933	0.0218	24.9250	71.1500	
0.0189	0.1877	0.0210	25.0250	71.4500	
0.0182	0.1826	0.0202	25.0000	71.5750	
0.0175	0.1777	0.0195	25.1000	71.9000	
0.0169	0.1734	0.0188	24.9750	72.0250	
0.0162	0.1690	0.0181	25.1750	72.1250	
0.0157	0.1659	0.0175	25.1250	72.4500	
0.0151	0.1622	0.0169	25.0750	72.8500	
0.0146	0.1593	0.0163	25.1750	72.8000	
0.0140	0.1569	0.0158	25.2000	73.1000	
0.0135	0.1546	0.0152	25.2750	72.8750	
0.0130	0.1527	0.0147	25.3500	73.1000	
0.0125	0.1508	0.0142	25.2500	73.0000	
0.0121	0.1495	0.0137	25.4000	72.9500	
0.0116	0.1482	0.0133	25.3500	72.9500	
0.0112	0.1472	0.0128	25.4500	73.0000	
0.0108	0.1464	0.0124	25.3750	73.5250	
0.0104	0.1455	0.0120	25.4000	72.9250	
0.0100	0.1449	0.0116	25.6000	73.6000	
0.0096	0.1443	0.0112	25.7500	73.4250	
0.0093	0.1438	0.0108	25.7750	73.4250	
0.0089	0.1435	0.0104	25.8250	73.5250	
0.0086	0.1432	0.0101	25.7750	73.5500	
0.0082	0.1428	0.0098	25.7750	73.4750	
0.0079	0.1426	0.0094	25.7500	73.5500	
0.0076	0.1424	0.0091	25.8750	73.6500	
0.0073	0.1422	0.0088	25.9500	73.5250	
0.0071	0.1420	0.0086	26.1500	73.5500	
0.0068	0.1419	0.0083	26.2500	73.7250	
0.0065	0.1418	0.0080	26.3750	73.7500	
0.0063	0.1416	0.0078	26.4250	73.7750	
0.0060	0.1416	0.0075	26.6750	73.8250	
0.0058	0.1415	0.0073	26.7500	73.8000	
0.0056	0.1414	0.0070	26.8250	73.7750	
0.0053	0.1414	0.0068	27.0250	73.9000	
0.0051	0.1413	0.0066	27.2750	73.9250	
0.0049	0.1413	0.0064	27.3500	73.8000	
0.0047	0.1414	0.0062	27.5500	73.9750	
0.0045	0.1413	0.0060	27.7250	74.0250	
0.0043	0.1413	0.0058	28.1000	74.3750	
0.0041	0.1413	0.0056	28.2000	74.2500	
0.0040	0.1412	0.0055	28.6250	74.2750	
0.0038	0.1413	0.0053	29.0000	74.2750	
0.0037	0.1413	0.0051	29.1250	74.4000	
0.0035	0.1412	0.0050	29.4750	74.6250	
0.0034	0.1412	0.0048	29.7750	74.4250	
0.0032	0.1412	0.0047	29.9750	74.5250	
0.0031	0.1412	0.0046	30.0750	74.6750	
0.0030	0.1412	0.0044	30.3500	74.7250	
0.0029	0.1411	0.0043	30.7500	74.6250	
0.0028	0.1412	0.0042	31.5500	75.0750	
0.0026	0.1411	0.0041	32.0250	74.9000	
0.0025	0.1411	0.0040	32.2000	74.9000	
0.0024	0.1410	0.0039	32.4500	74.9750	
0.0023	0.1410	0.0038	33.2500	74.8750	
0.0023	0.1410	0.0037	34.2750	75.1500	
0.0022	0.1409	0.0036	35.0250	75.0500	
0.0021	0.1409	0.0035	35.6250	75.0000	
0.0020	0.1408	0.0034	36.4250	75.0000	
0.0019	0.1408	0.0034	37.1000	75.1500	
0.0018	0.1408	0.0033	38.0000	75.1750	
0.0018	0.1406	0.0032	38.9000	75.2250	
0.0017	0.1406	0.0031	39.8500	75.0750	
0.0016	0.1406	0.0031	40.0750	75.2250	
0.0016	0.1405	0.0030	40.3500	75.1750	
0.0015	0.1405	0.0029	40.5000	75.1750	
0.0014	0.1404	0.0029	41.4500	75.1000	
0.0014	0.1404	0.0028	41.8250	75.1750	
0.0013	0.1403	0.0028	41.7250	75.2250	
0.0013	0.1403	0.0027	41.8000	75.2500	
0.0012	0.1402	0.0026	42.1750	75.3000	
0.0012	0.1402	0.0026	42.1000	75.2250	
0.0011	0.1401	0.0025	42.2750	75.1000	
0.0011	0.1402	0.0025	42.1000	75.3000	
0.0010	0.1401	0.0025	42.4250	75.2250	
0.0010	0.1400	0.0024	42.8000	75.3000	
0.0009	0.1400	0.0024	42.9750	75.3000	
0.0009	0.1399	0.0023	42.9750	75.2500	
0.0008	0.1399	0.0023	42.3500	75.2000	
0.0008	0.1398	0.0022	43.0000	75.2000	
0.0008	0.1398	0.0022	43.5000	75.2250	
0.0007	0.1398	0.0021	43.7500	75.3250	
0.0007	0.1398	0.0021	43.7250	75.2750	
0.0007	0.1397	0.0021	43.8750	75.2250	
0.0006	0.1396	0.0020	44.1750	75.3250	
0.0006	0.1396	0.0020	44.3250	75.2500	
0.0005	0.1396	0.0020	44.5250	75.1500	
0.0005	0.1396	0.0019	44.7500	75.1750	
0.0005	0.1396	0.0019	45.4250	75.2000	
0.0005	0.1396	0.0019	45.2250	75.3500	
0.0004	0.1395	0.0019	45.1250	75.1250	
0.0004	0.1395	0.0018	45.5250	75.3000	
0.0004	0.1394	0.0018	46.2750	75.1750	
0.0004	0.1395	0.0018	45.9000	75.4000	
0.0003	0.1394	0.0018	46.0250	75.1250	
0.0003	0.1394	0.0017	46.8000	75.0250	
0.0003	0.1393	0.0017	46.2250	75.2500	
0.0003	0.1395	0.0017	47.0750	75.0500	
0.0002	0.1393	0.0016	46.5750	75.1000	
0.0002	0.1393	0.0016	45.6250	75.1250	
0.0002	0.1393	0.0016	46.9000	75.2250	
0.0001	0.1393	0.0016	47.9500	75.1750	
0.0001	0.1392	0.0015	47.0750	75.0750	
0.0001	0.1393	0.0015	46.3500	75.1500	
0.0001	0.1393	0.0015	47.1500	75.1250	
0.0001	0.1392	0.0015	47.5250	75.2000	
0.0001	0.1392	0.0015	47.2750	75.1250	
0.0000	0.1391	0.0014	47.3250	75.2500	
0.0000	0.1391	0.0014	47.6000	75.1000	
-0.0000	0.1391	0.0014	47.8000	75.2000	
-0.0000	0.1391	0.0014	47.6000	75.2750	
-0.0000	0.1391	0.0014	47.9250	75.2000	
-0.0001	0.1391	0.0013	47.6750	75.3000	
-0.0001	0.1391	0.0013	47.4750	75.0500	
-0.0001	0.1391	0.0013	47.7000	75.1500	
-0.0001	0.1391	0.0013	47.9250	75.1250	
-0.0001	0.1391	0.0013	48.4500	75.1750	
-0.0001	0.1391	0.0013	47.7250	75.1750	
-0.0002	0.1391	0.0013	47.9750	75.2000	
-0.0002	0.1391	0.0012	48.9750	75.2750	
-0.0002	0.1390	0.0012	47.8750	75.0750	
-0.0002	0.1390	0.0012	47.3750	75.2250	
-0.0002	0.1391	0.0012	48.4500	75.2500	
-0.0002	0.1390	0.0012	48.9500	75.1250	
-0.0003	0.1390	0.0011	48.2750	75.3000	
-0.0003	0.1391	0.0011	47.5750	75.2750	
-0.0003	0.1390	0.0011	48.3750	75.1500	
-0.0003	0.1391	0.0011	49.6250	75.2000	
-0.0003	0.1391	0.0011	48.7250	75.2250	
-0.0003	0.1391	0.0011	48.1750	75.0500	
-0.0003	0.1391	0.0011	48.9750	75.1750	
-0.0004	0.1391	0.0010	48.5750	75.2000	
-0.0004	0.1391	0.0010	48.7250	75.1000	
-0.0004	0.1391	0.0010	48.9000	75.3000	
-0.0004	0.1391	0.0010	49.2250	75.1000	
-0.0004	0.1391	0.0010	48.4000	75.0250	
-0.0004	0.1391	0.0010	48.3500	75.0750	
-0.0005	0.1391	0.0009	48.7250	75.2000	
-0.0005	0.1391	0.0009	49.3000	75.0500	
-0.0005	0.1392	0.0009	49.8250	75.0500	
-0.0005	0.1391	0.0009	49.5000	75.0500	
-0.0005	0.1391	0.0009	48.3750	75.1500	
-0.0005	0.1391	0.0009	48.7750	75.1000	
-0.0005	0.1391	0.0009	49.0500	75.1250	
-0.0006	0.1391	0.0008	49.7250	75.1750	
-0.0006	0.1391	0.0008	49.4000	75.2000	
-0.0006	0.1391	0.0008	49.7250	75.1250	
-0.0006	0.1391	0.0008	50.2250	75.0000	
-0.0006	0.1391	0.0008	49.2750	75.1750	
-0.0006	0.1391	0.0008	48.6000	75.1000	
-0.0006	0.1390	0.0008	49.5750	75.0250	
-0.0006	0.1391	0.0008	50.7750	75.1000	
-0.0006	0.1391	0.0008	49.7500	75.1250	
-0.0006	0.1391	0.0007	48.8500	75.1500	
-0.0007	0.1391	0.0007	49.8250	75.1500	
-0.0007	0.1391	0.0007	50.3000	75.1000	
-0.0007	0.1391	0.0007	49.8000	75.0500	
-0.0007	0.1391	0.0007	50.0750	75.2500	
-0.0007	0.1391	0.0007	50.5000	75.1500	
-0.0007	0.1391	0.0007	50.0000	74.9750	
-0.0007	0.1391	0.0007	50.1250	75.1250	
-0.0007	0.1390	0.0007	49.8750	75.0000	
-0.0007	0.1390	0.0007	49.8000	75.0500	
-0.0007	0.1391	0.0007	50.0250	75.1000	
-0.0007	0.1391	0.0007	49.9000	75.1250	
-0.0007	0.1391	0.0006	51.1250	74.9250	
-0.0008	0.1391	0.0006	51.6750	75.0500	
-0.0008	0.1391	0.0006	49.7000	75.1500	
-0.0008	0.1391	0.0006	49.1500	75.1250	
-0.0008	0.1390	0.0006	50.5750	74.9750	
-0.0008	0.1391	0.0006	51.4000	74.9250	
-0.0008	0.1391	0.0006	50.3250	75.0000	
-0.0008	0.1390	0.0006	49.6750	75.1250	
-0.0008	0.1390	0.0006	50.1750	75.0000	
-0.0008	0.1391	0.0006	51.5500	75.1500	
-0.0008	0.1391	0.0006	51.0750	75.0750	
-0.0008	0.1390	0.0006	50.0250	75.0250	
-0.0008	0.1390	0.0006	50.4000	75.0250	
-0.0008	0.1390	0.0006	50.1750	74.9750	
-0.0008	0.1390	0.0006	50.5750	74.9250	
-0.0008	0.1390	0.0006	50.4750	75.0750	
-0.0008	0.1390	0.0006	50.3500	75.0500	
-0.0008	0.1390	0.0006	50.8500	75.1500	
-0.0009	0.1390	0.0005	50.3000	75.0000	
-0.0009	0.1390	0.0005	50.3500	75.0250	
-0.0009	0.1391	0.0005	50.9250	75.1000	
-0.0009	0.1390	0.0005	50.3000	75.0250	
-0.0009	0.1389	0.0005	50.4000	74.9750	
-0.0009	0.1390	0.0005	50.2500	75.0750	
-0.0009	0.1390	0.0005	50.8250	74.9000	
-0.0009	0.1390	0.0005	50.9000	75.0750	
-0.0009	0.1390	0.0005	51.0000	75.1750	
-0.0009	0.1390	0.0005	50.3500	74.9000	
-0.0009	0.1390	0.0005	50.9250	75.0250	
-0.0009	0.1390	0.0005	50.1500	75.1250	
-0.0009	0.1390	0.0005	50.4500	75.0500	
-0.0009	0.1390	0.0005	51.8000	74.9250	
-0.0009	0.1389	0.0005	51.1750	75.1250	
-0.0009	0.1389	0.0005	50.3000	74.9250	
-0.0009	0.1389	0.0005	50.7000	74.9000	
-0.0009	0.1390	0.0005	50.8750	75.0000	
-0.0009	0.1390	0.0005	51.4000	74.9750	
-0.0009	0.1390	0.0005	49.7750	74.8500	
-0.0009	0.1389	0.0005	50.3000	75.1000	
-0.0009	0.1390	0.0005	52.4500	75.0250	
-0.0009	0.1390	0.0004	51.4500	74.8750	
-0.0009	0.1390	0.0004	49.8000	74.9250	
-0.0009	0.1389	0.0004	51.1000	75.1500	
-0.0009	0.1390	0.0005	51.0250	74.9500	
-0.0009	0.1389	0.0005	50.4750	75.2500	
-0.0009	0.1388	0.0004	51.0000	75.0750	
-0.0010	0.1389	0.0004	51.2500	75.0250	
-0.0010	0.1388	0.0004	51.1000	75.1000	
-0.0010	0.1389	0.0004	50.9000	74.9750	
-0.0010	0.1389	0.0004	49.8000	75.1000	
-0.0010	0.1389	0.0004	50.5250	75.2500	
-0.0010	0.1388	0.0004	51.5500	75.0500	
-0.0010	0.1389	0.0004	51.4000	75.0250	
-0.0010	0.1389	0.0004	50.7250	75.0500	
-0.0010	0.1388	0.0004	50.7500	74.9750	
-0.0010	0.1389	0.0004	50.9250	75.1250	
-0.0010	0.1388	0.0004	50.4500	75.0000	
-0.0010	0.1389	0.0004	50.9500	74.9250	
-0.0010	0.1389	0.0004	51.0750	75.0250	
-0.0010	0.1388	0.0004	50.9250	75.0000	
-0.0010	0.1388	0.0004	51.9750	75.1250	
-0.0010	0.1388	0.0004	50.7000	74.9750	
-0.0010	0.1388	0.0004	50.3250	75.1000	
-0.0010	0.1388	0.0004	50.9250	75.0000	
-0.0010	0.1388	0.0004	51.5500	74.9500	
-0.0010	0.1388	0.0004	51.3500	75.0250	
-0.0010	0.1388	0.0004	51.0000	75.0250	
-0.0010	0.1388	0.0004	50.4500	74.9750	
-0.0010	0.1388	0.0004	50.4000	75.0000	
-0.0010	0.1388	0.0004	51.5250	75.0500	
-0.0010	0.1387	0.0004	51.8750	75.0000	
-0.0010	0.1389	0.0004	51.8750	74.9500	
-0.0010	0.1388	0.0004	50.6500	74.9250	
-0.0010	0.1388	0.0004	49.7750	74.9750	
-0.0010	0.1388	0.0004	51.1500	75.1000	
-0.0010	0.1387	0.0004	51.9500	75.0000	
-0.0010	0.1387	0.0004	51.4000	74.8750	
-0.0010	0.1387	0.0004	50.6000	75.0250	
-0.0010	0.1388	0.0004	50.4750	74.9000	
-0.0010	0.1388	0.0003	51.9500	74.9750	
-0.0010	0.1387	0.0004	51.5250	75.1750	
-0.0010	0.1387	0.0003	50.2250	74.9750	
-0.0010	0.1387	0.0004	50.8000	74.9000	
-0.0010	0.1387	0.0003	51.2500	75.0000	
-0.0010	0.1388	0.0003	52.1000	75.0000	
-0.0011	0.1387	0.0003	52.1000	75.0250	
-0.0011	0.1387	0.0003	50.0250	75.0750	
-0.0011	0.1388	0.0003	49.8250	75.0500	
-0.0011	0.1387	0.0003	51.8000	74.9750	
-0.0011	0.1387	0.0003	52.8250	75.0250	
-0.0011	0.1387	0.0003	51.2500	75.0250	
-0.0011	0.1387	0.0003	49.8000	74.9750	
-0.0011	0.1388	0.0003	51.3750	75.0000	
-0.0011	0.1387	0.0003	51.7500	74.9750	
-0.0011	0.1387	0.0003	50.5500	74.9750	
-0.0011	0.1386	0.0003	51.5500	74.9750	
-0.0011	0.1387	0.0003	51.7750	74.9250	
-0.0011	0.1386	0.0003	51.3000	75.0250	
-0.0011	0.1387	0.0003	51.8750	75.0000	
-0.0011	0.1387	0.0003	50.8000	74.9500	
-0.0011	0.1386	0.0003	50.3000	75.0500	
-0.0011	0.1386	0.0003	51.7000	75.0500	
-0.0011	0.1386	0.0003	51.7750	74.9000	
-0.0011	0.1386	0.0003	50.9750	75.0750	
-0.0011	0.1386	0.0003	51.5000	75.0000	
-0.0011	0.1386	0.0003	51.5000	74.9000	
-0.0011	0.1386	0.0003	50.3000	75.0000	
-0.0011	0.1387	0.0003	50.7000	75.0500	
-0.0011	0.1386	0.0003	51.9250	74.9250	
-0.0011	0.1387	0.0003	52.3250	74.8250	
-0.0011	0.1386	0.0003	51.4250	74.9500	
-0.0011	0.1386	0.0003	50.5750	74.9250	
-0.0011	0.1386	0.0003	51.1250	74.9750	
-0.0011	0.1386	0.0003	51.3750	74.9500	
-0.0011	0.1386	0.0003	52.2250	75.0750	
-0.0011	0.1386	0.0003	51.2000	74.9000	
-0.0011	0.1386	0.0003	52.0250	74.8750	
-0.0011	0.1386	0.0003	52.0250	75.0000	
-0.0011	0.1386	0.0003	50.7750	75.0750	
-0.0011	0.1386	0.0003	50.6750	74.9750	
-0.0011	0.1386	0.0003	52.2000	74.9250	
-0.0011	0.1386	0.0003	51.9000	74.9500	
-0.0011	0.1386	0.0003	52.2000	74.9500	
-0.0011	0.1386	0.0003	52.6500	75.0000	
-0.0011	0.1386	0.0003	50.9750	74.8750	
-0.0011	0.1386	0.0003	51.1250	75.0250	
-0.0011	0.1385	0.0003	51.2000	74.8250	
-0.0011	0.1385	0.0003	51.0000	75.0750	
-0.0011	0.1386	0.0003	52.5500	75.0500	
-0.0011	0.1386	0.0003	52.5250	75.0000	
-0.0011	0.1385	0.0003	51.4500	74.9500	
-0.0011	0.1385	0.0003	50.4250	74.9500	
-0.0011	0.1385	0.0003	50.7500	74.9500	
-0.0011	0.1385	0.0003	52.6250	74.8750	
-0.0011	0.1385	0.0003	51.7000	74.9500	
-0.0011	0.1385	0.0003	51.1000	74.7250	
-0.0011	0.1385	0.0003	52.3750	74.8750	
-0.0011	0.1385	0.0003	52.5250	74.9250	
-0.0011	0.1386	0.0003	51.6500	75.0250	
-0.0011	0.1385	0.0003	51.7000	74.9000	
-0.0011	0.1385	0.0003	50.9500	75.0250	
-0.0011	0.1385	0.0003	52.0500	74.8750	
-0.0011	0.1385	0.0003	52.4750	75.0250	
-0.0011	0.1385	0.0003	51.4750	74.9500	
-0.0011	0.1385	0.0003	51.0000	74.9000	
-0.0011	0.1385	0.0003	51.9000	74.9250	
-0.0011	0.1385	0.0003	53.5000	74.8750	
-0.0011	0.1385	0.0003	51.8250	75.0000	
-0.0011	0.1385	0.0003	50.6250	74.9000	
-0.0011	0.1384	0.0003	51.4500	74.9250	
-0.0011	0.1384	0.0002	51.9500	74.8500	
-0.0011	0.1385	0.0002	52.3000	74.9250	
-0.0011	0.1384	0.0002	51.7750	74.9250	
-0.0011	0.1384	0.0002	52.4750	74.9250	
-0.0011	0.1384	0.0002	52.0500	74.9500	
-0.0011	0.1384	0.0002	51.1500	74.9250	
-0.0011	0.1384	0.0002	52.5000	74.9250	
-0.0011	0.1384	0.0002	51.8250	74.8250	
-0.0011	0.1384	0.0002	51.6250	74.8500	
-0.0011	0.1384	0.0002	52.5250	74.9000	
-0.0012	0.1385	0.0002	52.3000	74.8500	
-0.0011	0.1384	0.0002	51.9750	74.8250	
-0.0012	0.1384	0.0002	51.0750	74.7500	
-0.0011	0.1384	0.0002	52.0500	74.8500	
-0.0012	0.1385	0.0002	53.0750	74.8250	
-0.0012	0.1384	0.0002	51.6750	74.8000	
-0.0012	0.1384	0.0002	50.8000	74.8750	
-0.0012	0.1384	0.0002	52.1500	74.8500	
-0.0012	0.1384	0.0002	53.4500	74.7500	
-0.0012	0.1384	0.0002	52.6750	74.9250	
-0.0012	0.1384	0.0002	50.5250	74.8500	
-0.0012	0.1384	0.0002	50.4250	74.8000	
-0.0012	0.1384	0.0002	51.9500	74.8250	
-0.0012	0.1384	0.0002	53.4500	74.9500	
-0.0012	0.1384	0.0002	52.3500	74.9000	
-0.0012	0.1384	0.0002	51.4000	74.9500	
-0.0012	0.1384	0.0002	52.1750	74.9250	
-0.0012	0.1384	0.0002	52.2000	74.8250	
-0.0012	0.1384	0.0002	53.0250	74.9250	
-0.0012	0.1384	0.0002	52.8000	74.8750	
-0.0012	0.1384	0.0002	51.4500	75.0000	
-0.0012	0.1383	0.0002	50.7750	74.8750	
-0.0012	0.1384	0.0002	52.6250	74.9500	
-0.0012	0.1383	0.0002	53.1750	74.8000	
-0.0012	0.1384	0.0002	50.9250	74.9500	
-0.0012	0.1383	0.0002	50.9000	74.8500	
-0.0012	0.1383	0.0002	52.9000	74.8750	
-0.0012	0.1383	0.0002	52.9500	74.9250	
-0.0012	0.1383	0.0002	52.3750	74.8000	
-0.0012	0.1383	0.0002	51.0500	74.9250	
-0.0012	0.1383	0.0002	51.3250	74.9250	
-0.0012	0.1383	0.0002	52.0250	75.0000	
-0.0012	0.1383	0.0002	52.7250	74.7750	
-0.0012	0.1383	0.0002	52.4750	74.8250	
-0.0012	0.1383	0.0002	51.7000	74.7500	
-0.0012	0.1383	0.0002	51.6500	74.9750	
-0.0012	0.1383	0.0002	53.2250	74.8000	
-0.0012	0.1383	0.0002	52.9500	74.9000	
-0.0012	0.1383	0.0002	51.4000	74.8750	
-0.0012	0.1384	0.0002	49.6750	74.9500	
-0.0012	0.1383	0.0002	52.9500	74.8250	
-0.0012	0.1383	0.0002	53.9750	74.8000	
-0.0012	0.1383	0.0002	52.2500	74.8750	
-0.0012	0.1383	0.0002	50.4750	74.8750	
-0.0012	0.1383	0.0002	49.9500	74.7000	
-0.0012	0.1384	0.0002	53.6000	74.8750	
-0.0012	0.1383	0.0002	52.9250	74.7250	
-0.0012	0.1383	0.0002	50.3250	74.9000	
-0.0012	0.1382	0.0002	51.8500	74.8000	
-0.0012	0.1382	0.0002	53.4250	74.8250	
-0.0012	0.1382	0.0002	52.7500	74.9000	
-0.0012	0.1382	0.0002	51.6000	74.6750	
-0.0012	0.1383	0.0002	51.7000	74.8000	
-0.0012	0.1382	0.0002	52.3250	74.7750	
-0.0012	0.1382	0.0002	52.5000	74.7500	
-0.0012	0.1383	0.0002	51.9750	74.9000	
-0.0012	0.1382	0.0002	51.9250	74.9000	
-0.0012	0.1382	0.0002	51.8500	74.7750	
-0.0012	0.1382	0.0002	51.8750	74.8000	
-0.0012	0.1382	0.0002	52.7000	74.7250	
-0.0012	0.1382	0.0002	52.1500	74.8250	
-0.0012	0.1382	0.0002	52.1250	74.8250	
-0.0012	0.1382	0.0002	51.9500	74.7750	
-0.0012	0.1382	0.0002	51.6500	74.7250	
-0.0012	0.1382	0.0002	52.6500	74.9000	
-0.0012	0.1382	0.0002	51.9250	74.8250	
-0.0012	0.1382	0.0002	52.2250	74.7500	
-0.0012	0.1382	0.0002	51.8500	74.7250	
-0.0012	0.1383	0.0002	51.8750	74.8500	
-0.0012	0.1382	0.0002	52.6250	74.7750	
-0.0012	0.1382	0.0002	52.5500	74.8000	
-0.0012	0.1382	0.0002	51.8250	74.8000	
-0.0012	0.1383	0.0002	50.9000	74.8000	
-0.0012	0.1382	0.0002	53.3250	74.7250	
-0.0012	0.1382	0.0002	53.6000	74.7750	
-0.0012	0.1382	0.0002	52.2000	74.7250	
-0.0012	0.1382	0.0002	52.1250	74.8000	
-0.0012	0.1382	0.0002	52.2250	74.8000	
-0.0012	0.1382	0.0002	52.5500	74.8000	
-0.0012	0.1382	0.0002	52.8750	74.7250	
-0.0012	0.1382	0.0002	52.1000	74.8500	
-0.0012	0.1382	0.0002	51.4750	74.8500	
-0.0012	0.1382	0.0002	52.6750	74.8250	
-0.0012	0.1382	0.0002	52.9500	74.7750	
-0.0012	0.1382	0.0002	52.3000	74.8250	
-0.0012	0.1382	0.0002	50.4500	74.7750	
-0.0012	0.1382	0.0002	50.3000	74.7750	
-0.0012	0.1382	0.0002	52.8000	74.7500	
-0.0012	0.1382	0.0002	53.1000	74.7000	
-0.0012	0.1382	0.0002	51.7500	74.8750	
-0.0012	0.1382	0.0002	51.6500	74.6500	
-0.0012	0.1382	0.0002	51.9000	74.7750	
-0.0012	0.1382	0.0002	51.0500	74.7750	
-0.0012	0.1382	0.0002	52.1750	74.7250	
-0.0012	0.1382	0.0001	53.4500	74.8250	
-0.0012	0.1382	0.0002	51.4750	74.7750	
-0.0012	0.1382	0.0001	50.5250	74.7500	
-0.0012	0.1382	0.0001	52.3250	74.8250	
-0.0012	0.1382	0.0002	52.3000	74.6750	
-0.0012	0.1382	0.0002	53.0750	74.5750	
-0.0012	0.1382	0.0001	51.9500	74.8000	
-0.0012	0.1382	0.0001	49.8000	74.5250	
-0.0012	0.1382	0.0001	51.3750	74.8000	
-0.0012	0.1381	0.0001	52.5500	74.7500	
-0.0012	0.1382	0.0001	52.2500	74.7750	
-0.0012	0.1382	0.0001	52.6000	74.7250	
-0.0012	0.1382	0.0001	52.0250	74.6750	
-0.0012	0.1381	0.0001	51.2000	74.7250	
-0.0012	0.1382	0.0001	50.4500	74.6250	
-0.0012	0.1382	0.0001	52.6250	74.6750	
-0.0012	0.1382	0.0001	52.4250	74.6000	
-0.0012	0.1381	0.0001	51.5250	74.8250	
-0.0012	0.1381	0.0001	52.0000	74.6500	
-0.0012	0.1382	0.0001	52.3500	74.6750	
-0.0012	0.1381	0.0001	51.3250	74.7000	
-0.0012	0.1382	0.0001	52.0750	74.7250	
-0.0012	0.1383	0.0001	50.7000	74.8250	
-0.0012	0.1382	0.0001	51.7500	74.6750	
-0.0012	0.1382	0.0001	53.1750	74.7500	
-0.0012	0.1382	0.0001	52.0500	74.7000	
-0.0012	0.1381	0.0001	51.4000	74.6750	
-0.0012	0.1381	0.0001	51.7250	74.7250	
-0.0012	0.1381	0.0001	52.4750	74.6250	
-0.0012	0.1382	0.0001	50.0000	74.6500	
-0.0012	0.1381	0.0001	50.0500	74.7750	
-0.0012	0.1382	0.0001	54.1250	74.7250	
-0.0012	0.1382	0.0001	53.4750	74.6250	
-0.0012	0.1381	0.0001	50.5000	74.7750	
-0.0012	0.1382	0.0001	50.8500	74.7250	
-0.0012	0.1381	0.0001	51.6750	74.7500	
-0.0012	0.1381	0.0001	52.1000	74.6500	
-0.0012	0.1381	0.0001	52.4000	74.6750	
-0.0012	0.1381	0.0001	52.2500	74.7500	
-0.0012	0.1381	0.0001	51.8250	74.7500	
-0.0012	0.1381	0.0001	50.6000	74.7000	
-0.0012	0.1381	0.0001	51.6000	74.6750	
-0.0012	0.1381	0.0001	52.8750	74.7000	
-0.0012	0.1381	0.0001	52.0000	74.7250	
-0.0012	0.1381	0.0001	51.5250	74.7500	
-0.0012	0.1381	0.0001	50.9750	74.7000	
-0.0012	0.1381	0.0001	51.5000	74.7000	
-0.0012	0.1381	0.0001	52.4000	74.6750	
-0.0012	0.1381	0.0001	52.8500	74.6750	
-0.0012	0.1381	0.0001	51.8500	74.6500	
-0.0012	0.1381	0.0001	50.8750	74.6750	
-0.0012	0.1381	0.0001	50.7750	74.7500	
-0.0012	0.1380	0.0001	51.9000	74.6500	
-0.0012	0.1381	0.0001	53.8250	74.7750	
-0.0012	0.1381	0.0001	52.9750	74.7500	
-0.0012	0.1381	0.0001	49.3500	74.5500	
-0.0012	0.1380	0.0001	50.7500	74.7000	
-0.0012	0.1380	0.0001	52.7250	74.8000	
-0.0012	0.1382	0.0001	53.9500	74.5500	
-0.0012	0.1381	0.0001	51.9750	74.7000	
-0.0012	0.1381	0.0001	48.5000	74.6500	
-0.0012	0.1380	0.0001	51.5000	74.6750	
-0.0012	0.1380	0.0001	53.3250	74.8000	
-0.0012	0.1381	0.0001	53.2750	74.6000	
-0.0012	0.1380	0.0001	50.7000	74.6750	
-0.0012	0.1380	0.0001	50.4750	74.6500	
-0.0012	0.1380	0.0001	53.0000	74.6750	
-0.0012	0.1380	0.0001	52.9500	74.7000	
-0.0012	0.1380	0.0001	50.8500	74.7250	
-0.0012	0.1380	0.0001	50.5250	74.6250	
-0.0012	0.1380	0.0001	51.7250	74.7000	
-0.0013	0.1380	0.0001	53.0000	74.6000	
-0.0012	0.1380	0.0001	52.7500	74.6500	
-0.0012	0.1380	0.0001	51.8000	74.6750	
-0.0013	0.1380	0.0001	50.3750	74.6750	
-0.0013	0.1380	0.0001	52.2750	74.6250	
-0.0013	0.1380	0.0001	53.3500	74.6500	
-0.0013	0.1380	0.0001	51.7000	74.6500	
-0.0012	0.1380	0.0001	50.3500	74.6500	
-0.0013	0.1380	0.0001	52.6750	74.6250	
-0.0013	0.1380	0.0001	52.1750	74.7250	
-0.0012	0.1380	0.0001	52.1500	74.7750	
-0.0012	0.1380	0.0001	52.5000	74.6000	
-0.0013	0.1379	0.0001	51.9500	74.7000	
-0.0012	0.1380	0.0001	50.7750	74.5750	
-0.0013	0.1380	0.0001	51.2750	74.7000	
-0.0013	0.1380	0.0001	53.3750	74.6250	
-0.0012	0.1379	0.0001	53.2500	74.7000	
-0.0012	0.1379	0.0001	50.3500	74.6750	
-0.0012	0.1379	0.0001	51.3000	74.7500	
-0.0012	0.1380	0.0001	53.5000	74.7500	
-0.0012	0.1379	0.0001	52.5750	74.6250	
-0.0012	0.1379	0.0001	51.0000	74.6000	
-0.0012	0.1380	0.0001	51.3500	74.6750	
-0.0013	0.1379	0.0001	51.9250	74.6250	
-0.0013	0.1379	0.0001	53.0250	74.5750	
-0.0013	0.1380	0.0001	53.2250	74.5750	
-0.0012	0.1379	0.0001	50.5250	74.5250	
-0.0013	0.1379	0.0001	51.5250	74.6500	
-0.0013	0.1379	0.0001	52.9500	74.5750	
-0.0012	0.1379	0.0001	52.3000	74.5750	
-0.0012	0.1379	0.0001	51.1750	74.5750	
-0.0013	0.1379	0.0001	51.6500	74.7250	
-0.0013	0.1379	0.0001	52.2500	74.6250	
-0.0013	0.1380	0.0001	52.2000	74.7000	
-0.0013	0.1380	0.0001	52.8250	74.7500	
-0.0013	0.1380	0.0001	51.5500	74.7500	
-0.0013	0.1380	0.0001	50.7250	74.7250	
-0.0013	0.1380	0.0001	52.7750	74.7750	
-0.0013	0.1380	0.0001	52.4750	74.8750	
-0.0013	0.1380	0.0001	50.4250	74.8250	
-0.0013	0.1380	0.0001	50.9250	74.8750	
-0.0013	0.1379	0.0001	52.3500	74.8000	
-0.0013	0.1380	0.0001	53.0750	74.6500	
-0.0013	0.1379	0.0001	50.4500	74.8750	
-0.0013	0.1379	0.0001	48.8000	74.8250	
-0.0013	0.1379	0.0001	51.5250	74.7500	
-0.0013	0.1380	0.0001	53.3250	74.8750	
-0.0013	0.1380	0.0001	50.8250	74.8000	
-0.0013	0.1380	0.0001	51.0750	74.8750	
-0.0013	0.1379	0.0001	52.0250	74.7000	
-0.0013	0.1379	0.0001	50.5750	74.7750	
-0.0013	0.1379	0.0001	51.5500	74.7000	
-0.0013	0.1379	0.0001	52.0000	74.7500	
-0.0013	0.1379	0.0001	51.4500	74.7500	
-0.0013	0.1379	0.0001	52.4250	74.8250	
-0.0013	0.1379	0.0001	51.0500	74.8250	
-0.0013	0.1379	0.0001	51.3500	74.7000	
-0.0013	0.1379	0.0001	52.4250	74.8500	
-0.0013	0.1379	0.0001	50.0750	74.8000	
-0.0013	0.1379	0.0001	51.2000	74.7750	
-0.0013	0.1379	0.0001	52.8250	74.8000	
-0.0013	0.1379	0.0001	50.5250	74.8250	
-0.0013	0.1379	0.0001	50.7750	74.8250	
-0.0013	0.1379	0.0001	51.2000	74.8750	
-0.0013	0.1379	0.0001	52.5750	74.8500	
-0.0013	0.1379	0.0001	53.5250	74.8500	
-0.0013	0.1379	0.0001	50.2250	74.8250	
-0.0013	0.1379	0.0001	49.0750	74.8500	
-0.0013	0.1378	0.0001	52.0000	74.8000	
-0.0013	0.1379	0.0001	52.8250	74.8500	
-0.0013	0.1378	0.0001	52.4500	74.8000	
-0.0013	0.1378	0.0001	52.6000	74.8750	
-0.0013	0.1379	0.0001	50.1000	74.8500	
-0.0013	0.1378	0.0001	51.7500	74.9000	
-0.0013	0.1378	0.0001	52.7750	74.8500	
-0.0013	0.1378	0.0001	51.2000	74.8500	
-0.0013	0.1378	0.0001	51.1250	74.7750	
-0.0013	0.1378	0.0001	51.0250	74.7750	
-0.0013	0.1378	0.0001	52.0500	74.8250	
-0.0013	0.1378	0.0001	51.4500	74.8000	
-0.0013	0.1378	0.0001	51.1750	74.8500	
-0.0013	0.1378	0.0001	53.5500	74.8000	
-0.0013	0.1378	0.0001	52.3250	74.7750	
-0.0013	0.1378	0.0001	49.6000	74.7500	
-0.0013	0.1378	0.0001	49.9500	74.7750	
-0.0013	0.1378	0.0001	52.4500	74.9000	
-0.0013	0.1378	0.0001	52.3000	74.7750	
-0.0013	0.1378	0.0001	52.1500	74.7750	
-0.0013	0.1378	0.0001	51.2000	74.8000	
-0.0013	0.1378	0.0001	50.8250	74.9500	
-0.0013	0.1378	0.0001	52.3750	74.8250	
-0.0013	0.1378	0.0001	51.2000	74.8500	
-0.0013	0.1378	0.0001	51.0750	74.8250	
-0.0013	0.1378	0.0001	53.1250	74.8000	
-0.0013	0.1377	0.0001	51.8750	74.8500	
-0.0013	0.1378	0.0001	50.1000	74.8000	
-0.0013	0.1378	0.0001	51.5500	74.8500	
-0.0013	0.1378	0.0001	51.7250	74.8500	
-0.0013	0.1377	0.0001	51.9000	74.8500	
-0.0013	0.1377	0.0001	52.5500	74.8250	
-0.0013	0.1377	0.0001	51.2750	74.9000	
-0.0013	0.1377	0.0001	49.9250	74.8250	
-0.0013	0.1377	0.0001	51.8000	74.8750	
-0.0013	0.1378	0.0001	53.5750	74.8250	
-0.0013	0.1377	0.0001	51.7250	74.8250	
-0.0013	0.1377	0.0001	48.7750	74.8750	
-0.0013	0.1377	0.0001	50.9000	74.8500	
-0.0013	0.1377	0.0001	53.0250	74.8500	
-0.0013	0.1377	0.0001	53.4000	74.9500	
-0.0013	0.1377	0.0001	50.9000	74.8250	
-0.0013	0.1377	0.0001	50.2750	74.8750	
-0.0013	0.1377	0.0001	50.9500	74.9500	
-0.0013	0.1377	0.0001	51.4500	74.8000	
-0.0013	0.1377	0.0001	51.9750	74.8750	
-0.0013	0.1377	0.0001	50.8750	74.8250	
-0.0013	0.1377	0.0001	52.1500	74.8500	
-0.0013	0.1377	0.0001	52.3250	74.8500	
-0.0013	0.1377	0.0001	50.6000	74.7500	
-0.0013	0.1377	0.0001	50.8750	74.8250	
-0.0013	0.1376	0.0001	53.3000	74.9000	
-0.0013	0.1377	0.0001	52.2500	74.8250	
-0.0013	0.1377	0.0001	50.7750	74.8250	
-0.0013	0.1376	0.0001	50.1500	74.9500	
-0.0013	0.1377	0.0001	49.9750	74.8500	
-0.0013	0.1376	0.0001	52.6250	74.8500	
-0.0013	0.1376	0.0001	52.3750	74.8500	
-0.0013	0.1376	0.0001	50.3250	74.8250	
-0.0013	0.1376	0.0001	51.2000	74.8250	
-0.0013	0.1376	0.0001	51.9000	74.9500	
-0.0013	0.1376	0.0001	51.9250	74.9250	
-0.0013	0.1376	0.0001	51.9750	74.9250	
-0.0013	0.1376	0.0001	50.6750	74.9250	
-0.0013	0.1376	0.0001	51.8000	74.8000	
-0.0013	0.1376	0.0001	51.3000	74.8500	
-0.0013	0.1376	0.0001	50.8250	74.7750	
-0.0013	0.1376	0.0001	52.0500	74.8750	
-0.0013	0.1376	0.0001	51.2750	74.8000	
-0.0013	0.1376	0.0001	50.3750	74.9500	
-0.0013	0.1376	0.0001	50.6500	74.9000	
-0.0013	0.1376	0.0001	52.2000	74.8250	
-0.0013	0.1376	0.0001	51.6500	74.8250	
-0.0013	0.1376	0.0001	50.9000	74.8250	
-0.0013	0.1376	0.0001	52.2750	74.9000	
-0.0013	0.1376	0.0001	51.3750	74.8250	
-0.0013	0.1376	0.0001	50.0750	74.8500	
-0.0013	0.1375	0.0001	50.7500	74.8500	
-0.0013	0.1375	0.0001	52.6750	74.8000	
-0.0013	0.1377	0.0001	51.5750	74.8500	
-0.0013	0.1375	0.0001	50.6750	74.8250	
-0.0013	0.1375	0.0001	52.5750	74.8250	
-0.0013	0.1375	0.0001	52.0000	74.9250	
-0.0013	0.1376	0.0001	50.0500	74.9000	
-0.0013	0.1375	0.0001	49.4500	74.8250	
-0.0013	0.1375	0.0001	51.8250	74.9500	
-0.0013	0.1375	0.0001	52.6250	74.9000	
-0.0013	0.1375	0.0001	50.7000	74.9250	
-0.0013	0.1375	0.0001	50.6750	74.7750	
-0.0013	0.1375	0.0001	50.7500	74.8500	
-0.0013	0.1375	0.0001	50.7250	74.8750	
-0.0013	0.1376	0.0001	52.2500	74.8750	
-0.0013	0.1375	0.0001	50.8000	74.8500	
-0.0013	0.1375	0.0001	49.8250	74.8500	
-0.0013	0.1375	0.0001	52.2250	74.9250	
-0.0013	0.1375	0.0001	52.4000	74.9000	
0.6485	50.0000	0.7505	50.0000	
0.6207	50.0000	0.6776	50.0000	
0.5896	50.0000	0.6135	50.0000	
0.5572	50.0000	0.5520	50.0000	
0.5248	50.0000	0.4892	50.0000	
0.4928	50.0000	0.4288	50.0000	
0.4611	50.0000	0.3732	50.0000	
0.4304	50.0000	0.3252	50.0000	
0.4003	50.0000	0.2869	51.6000	
0.3711	48.7750	0.2590	69.1250	
0.3444	29.2750	0.2393	90.9250	
0.3205	28.4500	0.2260	95.1750	
0.3000	44.8250	0.2153	90.6750	
0.2838	49.6000	0.2052	87.2000	
0.2709	50.0000	0.1950	85.3000	
0.2606	50.0000	0.1843	85.7500	
0.2522	50.0000	0.1735	86.0000	
0.2443	50.0000	0.1626	86.6500	
0.2373	50.6500	0.1519	88.1750	
0.2298	55.5250	0.1415	88.4750	
0.2220	64.1000	0.1316	88.5500	
0.2138	69.9500	0.1222	89.3750	
0.2058	72.9750	0.1133	89.7250	
0.1982	73.8250	0.1050	89.8250	
0.1912	74.2500	0.0972	89.2500	
0.1850	74.4750	0.0897	88.8750	
0.1792	74.7500	0.0826	88.7750	
0.1742	74.8250	0.0757	87.8500	
0.1696	74.9250	0.0691	86.9000	
0.1656	75.1750	0.0627	86.0000	
0.1619	75.2000	0.0565	84.7000	
0.1588	75.1750	0.0506	83.3750	
0.1561	75.2250	0.0450	82.1750	
0.1538	75.4000	0.0398	80.8750	
0.1518	74.9500	0.0350	80.1500	
0.1501	74.7750	0.0307	79.3250	
0.1487	74.6250	0.0268	78.5250	
0.1476	74.7750	0.0234	77.6500	
0.1466	74.7250	0.0204	76.8000	
0.1459	75.0000	0.0178	76.5000	
0.1452	75.1500	0.0155	75.9500	
0.1447	75.2250	0.0135	75.1250	
0.1442	75.0500	0.0117	74.0250	
0.1439	74.8250	0.0104	73.6250	
0.1436	75.1500	0.0094	73.6000	
0.1433	75.3500	0.0085	73.7750	
0.1431	75.0250	0.0078	74.0500	
0.1428	75.1750	0.0072	74.3750	
0.1427	75.1500	0.0066	74.4250	
0.1425	75.3250	0.0062	74.4500	
0.1424	74.7500	0.0058	74.3750	
0.1423	74.6750	0.0054	74.4500	
0.1421	74.8750	0.0051	74.5000	
0.1420	74.7250	0.0048	74.4750	
0.1419	75.0000	0.0046	74.5250	
0.1418	74.9250	0.0043	74.5500	
0.1417	74.8750	0.0041	74.5750	
0.1416	75.0250	0.0039	74.6000	
0.1415	74.8250	0.0037	74.7250	
0.1414	75.1000	0.0036	74.7250	
0.1413	74.6250	0.0034	74.7750	
0.1412	75.0250	0.0033	74.7000	
0.1412	74.9000	0.0032	74.7750	
0.1411	74.9750	0.0031	74.7750	
0.1410	74.3750	0.0030	74.8500	
0.1409	74.7750	0.0028	74.8500	
0.1409	74.4000	0.0028	74.8750	
0.1408	74.1750	0.0027	74.9000	
0.1407	74.5250	0.0026	74.9250	
0.1407	74.1500	0.0025	74.9250	
0.1406	73.9250	0.0024	74.9500	
0.1405	72.6500	0.0024	74.9500	
0.1404	73.4250	0.0023	74.9250	
0.1404	73.9500	0.0022	74.9750	
0.1403	72.9000	0.0022	75.0000	
0.1403	72.4250	0.0021	74.9750	
0.1402	73.0250	0.0021	75.0750	
0.1402	72.9000	0.0020	75.0750	
0.1401	71.4750	0.0020	75.1000	
0.1400	72.3250	0.0019	75.1000	
0.1400	73.2000	0.0019	75.1500	
0.1399	71.2000	0.0018	75.1250	
0.1400	63.4250	0.0018	75.1750	
0.1398	69.9500	0.0018	75.1250	
0.1399	72.8250	0.0017	75.1500	
0.1398	69.8000	0.0017	75.2000	
0.1397	65.3000	0.0016	75.1750	
0.1397	68.1000	0.0016	75.1000	
0.1396	69.1250	0.0016	75.0750	
0.1396	71.4750	0.0015	75.1000	
0.1395	71.0750	0.0015	75.0750	
0.1395	65.4750	0.0014	75.0750	
0.1395	60.6000	0.0014	75.0500	
0.1395	67.6750	0.0014	75.2250	
0.1394	69.0000	0.0013	75.1250	
0.1393	68.4500	0.0013	75.1250	
0.1393	67.6250	0.0013	75.1250	
0.1393	67.3750	0.0012	75.1500	
0.1392	68.3250	0.0012	75.1750	
0.1392	65.1250	0.0012	75.1500	
0.1392	61.8750	0.0012	75.2000	
0.1391	68.1750	0.0011	75.1750	
0.1391	68.8500	0.0011	75.3000	
0.1390	65.3750	0.0011	75.1750	
0.1391	63.1000	0.0011	75.1750	
0.1390	63.7000	0.0011	75.2500	
0.1390	65.8250	0.0011	75.2750	
0.1390	67.2750	0.0010	75.1750	
0.1390	62.7000	0.0010	75.3250	
0.1390	65.4750	0.0010	75.3500	
0.1389	65.8750	0.0010	75.2750	
0.1389	61.4500	0.0010	75.2750	
0.1388	63.5000	0.0010	75.3000	
0.1388	66.8250	0.0010	75.3000	
0.1388	66.2250	0.0009	75.2750	
0.1388	62.7250	0.0009	75.2500	
0.1388	59.1250	0.0009	75.3250	
0.1387	64.8250	0.0009	75.3000	
0.1387	65.0500	0.0009	75.2250	
0.1387	61.7750	0.0009	75.2750	
0.1387	61.5000	0.0009	75.3500	
0.1387	64.1250	0.0009	75.4000	
0.1386	65.1500	0.0009	75.3000	
0.1386	62.4250	0.0009	75.3250	
0.1386	60.6500	0.0009	75.4000	
0.1386	64.6000	0.0008	75.4000	
0.1385	64.0250	0.0008	75.2500	
0.1386	60.3500	0.0008	75.3250	
0.1385	63.1750	0.0008	75.3250	
0.1385	64.7500	0.0008	75.3250	
0.1385	62.3000	0.0008	75.2000	
0.1385	58.0500	0.0008	75.4250	
0.1385	61.6750	0.0008	75.3500	
0.1385	63.8000	0.0008	75.3000	
0.1384	63.5750	0.0008	75.3000	
0.1384	63.6250	0.0008	75.3500	
0.1384	61.5000	0.0008	75.3500	
0.1384	59.6000	0.0008	75.4250	
0.1384	61.6000	0.0008	75.2750	
0.1384	63.2000	0.0008	75.3000	
0.1384	61.9500	0.0008	75.2500	
0.1383	60.6750	0.0008	75.3750	
0.1383	62.0750	0.0007	75.2500	
0.1383	63.0750	0.0007	75.2750	
0.1383	61.3000	0.0007	75.3500	
0.1383	61.2250	0.0007	75.2000	
0.1383	63.0000	0.0007	75.3750	
0.1382	62.1500	0.0007	75.3250	
0.1384	58.8250	0.0007	75.3500	
0.1382	62.9250	0.0007	75.3000	
0.1383	64.2250	0.0007	75.3500	
0.1383	58.1250	0.0007	75.2250	
0.1383	59.8500	0.0007	75.3250	
0.1382	62.0250	0.0007	75.3500	
0.1382	61.2500	0.0007	75.3750	
0.1382	59.9000	0.0007	75.3750	
0.1382	62.3000	0.0007	75.4250	
0.1382	62.1750	0.0007	75.2500	
0.1381	62.5750	0.0007	75.2750	
0.1383	62.2750	0.0007	75.4000	
0.1381	59.0750	0.0007	75.2750	
0.1382	57.7250	0.0007	75.3500	
0.1381	63.1250	0.0007	75.2500	
0.1381	63.3000	0.0007	75.3750	
0.1381	60.7750	0.0007	75.3500	
0.1381	60.0250	0.0007	75.3500	
0.1381	59.1750	0.0007	75.2500	
0.1381	61.7000	0.0007	75.2750	
0.1381	62.6000	0.0007	75.3000	
0.1381	61.4750	0.0006	75.4000	
0.1381	59.9750	0.0006	75.3000	
0.1380	58.1250	0.0006	75.3250	
0.1381	59.5250	0.0006	75.3250	
0.1380	62.2500	0.0006	75.3250	
0.1380	61.9750	0.0006	75.2750	
0.1381	58.9000	0.0006	75.3500	
0.1381	59.8500	0.0006	75.2750	
0.1380	61.5250	0.0006	75.3250	
0.1381	56.7750	0.0006	75.2500	
0.1380	59.8500	0.0006	75.2500	
0.1380	62.3500	0.0006	75.2750	
0.1382	57.4250	0.0006	75.3250	
0.1380	59.5500	0.0006	75.3000	
0.1381	61.8750	0.0006	75.3500	
0.1380	57.8750	0.0006	75.4250	
0.1380	57.9500	0.0006	75.3750	
0.1380	61.7500	0.0006	75.3250	
0.1379	61.5250	0.0006	75.3250	
0.1380	60.5750	0.0006	75.3250	
0.1380	59.3750	0.0006	75.3000	
0.1380	58.8750	0.0006	75.3000	
0.1380	59.2500	0.0006	75.4750	
0.1379	59.5750	0.0006	75.3750	
0.1379	61.0500	0.0006	75.3500	
0.1379	60.8500	0.0006	75.3250	
0.1379	60.4750	0.0006	75.4000	
0.1379	59.5000	0.0006	75.3500	
0.1379	59.1750	0.0006	75.3250	
0.1379	59.5750	0.0006	75.3000	
0.1379	60.5750	0.0006	75.3250	
0.1379	59.5500	0.0006	75.3000	
0.1379	58.2000	0.0006	75.3750	
0.1379	60.5250	0.0006	75.4000	
0.1379	60.8750	0.0006	75.3500	
0.1379	60.4750	0.0006	75.4000	
0.1379	60.0250	0.0006	75.3000	
0.1379	60.0750	0.0006	75.3750	
0.1379	60.2250	0.0006	75.3500	
0.1380	59.6250	0.0006	75.3250	
0.1380	59.4250	0.0006	75.3000	
0.1378	59.1250	0.0006	75.3500	
0.1379	56.9750	0.0006	75.3250	
0.1378	60.1500	0.0006	75.3000	
0.1378	60.5250	0.0006	75.3500	
0.1379	59.0250	0.0005	75.4000	
0.1378	57.8000	0.0005	75.4500	
0.1379	59.1500	0.0005	75.3250	
0.1378	59.2250	0.0005	75.3000	
0.1379	59.0750	0.0005	75.4000	
0.1378	61.1250	0.0005	75.3750	
0.1379	60.4750	0.0005	75.3000	
0.1378	59.1250	0.0005	75.2500	
0.1378	59.1500	0.0005	75.3000	
0.1378	58.7500	0.0005	75.3250	
0.1378	58.7000	0.0005	75.3500	
0.1378	57.9500	0.0005	75.2750	
0.1378	58.3750	0.0005	75.2750	
0.1378	59.4000	0.0005	75.2500	
0.1377	59.5500	0.0005	75.3000	
0.1378	58.0500	0.0005	75.4500	
0.1377	58.2750	0.0005	75.3000	
0.1377	58.2250	0.0005	75.2750	
0.1377	59.4500	0.0005	75.2250	
0.1377	59.8000	0.0005	75.2000	
0.1377	57.8000	0.0005	75.3750	
0.1378	57.8000	0.0005	75.3250	
0.1377	58.2250	0.0005	75.4000	
0.1377	57.8000	0.0005	75.3250	
0.1377	59.9000	0.0005	75.2250	
0.1378	59.8250	0.0005	75.2750	
0.1377	59.7250	0.0005	75.2500	
0.1377	57.9750	0.0005	75.2500	
0.1378	56.1250	0.0005	75.3000	
0.1376	58.7000	0.0005	75.4000	
0.1377	57.4000	0.0005	75.4500	
0.1377	54.6000	0.0005	75.4000	
0.1376	56.8000	0.0005	75.4500	
0.1377	58.5500	0.0005	75.4500	
0.1376	57.0000	0.0005	75.3500	
0.1376	57.0750	0.0005	75.4250	
0.1376	57.8000	0.0004	75.4000	
0.1376	57.5000	0.0004	75.4000	
0.1376	57.7250	0.0004	75.3000	
0.1376	57.1250	0.0004	75.4250	
0.1376	57.9750	0.0004	75.3750	
0.1376	57.7500	0.0004	75.3750	
0.1376	55.3500	0.0004	75.3750	
0.1376	57.1000	0.0004	75.4750	
0.1376	57.9000	0.0004	75.4750	
0.1376	58.6500	0.0004	75.3500	
0.1376	57.7750	0.0004	75.3750	
0.1377	55.9000	0.0004	75.4500	
0.1376	55.7750	0.0004	75.4750	
0.1376	55.4000	0.0004	75.3500	
0.1376	57.2000	0.0004	75.4250	
0.1376	57.8250	0.0004	75.4500	
0.1375	56.8750	0.0004	75.4000	
0.1375	55.8000	0.0004	75.3750	
0.1375	56.3250	0.0004	75.4500	
0.1375	57.7000	0.0004	75.4250	
0.1375	57.2250	0.0004	75.4000	
0.1375	56.4000	0.0004	75.4250	
0.1376	57.2250	0.0004	75.3500	
0.1376	52.9000	0.0004	75.3750	
0.1375	54.8500	0.0004	75.4250	
0.1375	55.4750	0.0004	75.4750	
0.1375	54.4750	0.0004	75.4750	
0.1374	58.1500	0.0004	75.5000	
0.1375	58.4000	0.0004	75.4000	
0.1375	55.6000	0.0004	75.4500	
0.1374	54.4500	0.0004	75.4500	
0.1374	54.3750	0.0004	75.4500	
0.1375	55.8750	0.0004	75.4250	
0.1374	54.9750	0.0004	75.2750	
0.1375	55.2000	0.0004	75.3750	
0.1374	55.0250	0.0004	75.4000	
0.1375	54.5000	0.0004	75.4000	
0.1374	54.7250	0.0004	75.4750	
0.1374	55.9250	0.0004	75.4750	
0.1374	53.2500	0.0004	75.4500	
0.1374	52.6250	0.0004	75.3750	
0.1375	54.0500	0.0004	75.4250	
0.1374	55.9500	0.0004	75.4250	
0.1374	56.3000	0.0004	75.4750	
0.1373	53.1250	0.0004	75.4000	
0.1373	50.7250	0.0004	75.3250	
0.1373	52.6750	0.0004	75.4250	
0.1373	53.7750	0.0004	75.4500	
0.1373	56.3500	0.0004	75.4000	
0.1373	55.6500	0.0004	75.3250	
0.1373	50.8250	0.0004	75.3750	
0.1373	51.7250	0.0004	75.3750	
0.1372	53.5000	0.0004	75.3500	
0.1373	57.7500	0.0004	75.3500	
0.1372	52.4250	0.0004	75.3500	
0.1372	50.2250	0.0003	75.3500	
0.1372	53.7000	0.0003	75.3250	
0.1372	52.5250	0.0003	75.2750	
0.1372	52.6250	0.0003	75.3750	
0.1371	51.4750	0.0003	75.4000	
0.1371	51.7500	0.0003	75.3500	
0.1371	54.3000	0.0003	75.4000	
0.1371	54.2750	0.0003	75.4000	
0.1371	52.0250	0.0003	75.4250	
0.1371	50.8250	0.0003	75.3750	
0.1371	54.8750	0.0003	75.4000	
0.1371	55.7250	0.0003	75.3750	
0.1370	51.0750	0.0003	75.3250	
0.1370	51.5500	0.0003	75.4500	
0.1370	52.9500	0.0003	75.3750	
0.1370	53.1250	0.0003	75.3250	
0.1370	55.5750	0.0003	75.4000	
0.1370	50.8750	0.0003	75.3750	
0.1370	53.6500	0.0003	75.4250	
0.1370	50.6500	0.0003	75.3250	
0.1370	50.7750	0.0003	75.2500	
0.1369	52.1750	0.0003	75.3750	
0.1369	54.9500	0.0003	75.3500	
0.1369	52.6000	0.0003	75.4000	
0.1371	50.4500	0.0003	75.3500	
0.1370	53.4500	0.0003	75.3000	
0.1369	50.3250	0.0003	75.3750	
0.1368	54.3000	0.0003	75.4000	
0.1369	56.6750	0.0003	75.3250	
0.1368	50.8250	0.0003	75.4000	
0.1368	52.2000	0.0003	75.3750	
0.1368	54.3500	0.0003	75.3500	
0.1368	51.9250	0.0003	75.3000	
0.1368	54.1000	0.0003	75.3250	
0.1367	55.5000	0.0003	75.2750	
0.1367	51.3250	0.0003	75.3750	
0.1368	49.1500	0.0003	75.2750	
0.1367	53.3250	0.0003	75.3250	
0.1367	57.8500	0.0003	75.2500	
0.1368	53.3750	0.0003	75.3250	
0.1367	48.1250	0.0003	75.3250	
0.1367	49.7000	0.0003	75.3500	
0.1367	55.5500	0.0003	75.2750	
0.1367	49.7250	0.0003	75.3000	
0.1366	49.1000	0.0003	75.3250	
0.1367	52.5750	0.0003	75.3250	
0.1366	54.3250	0.0003	75.3000	
0.1366	52.5000	0.0003	75.3000	
0.1366	50.8000	0.0003	75.3500	
0.1366	49.2750	0.0003	75.3000	
0.1366	50.9000	0.0003	75.3000	
0.1366	53.6750	0.0003	75.3250	
0.1366	51.4000	0.0003	75.3250	
0.1367	48.5500	0.0003	75.3000	
0.1366	48.3250	0.0003	75.3000	
0.1366	51.4750	0.0003	75.3000	
0.1365	56.4500	0.0003	75.2500	
0.1365	49.9250	0.0003	75.3750	
0.1365	47.8750	0.0003	75.2500	
0.1365	50.6750	0.0003	75.2500	
0.1367	50.0250	0.0003	75.2250	
0.1365	53.5250	0.0003	75.3000	
0.1365	51.5500	0.0003	75.2500	
0.1364	50.7500	0.0003	75.2750	
0.1365	56.1250	0.0003	75.3500	
0.1365	52.6750	0.0003	75.2750	
0.1364	46.4750	0.0003	75.2750	
0.1364	49.7250	0.0002	75.2750	
0.1364	52.6000	0.0002	75.3250	
0.1366	51.6250	0.0002	75.2250	
0.1364	46.2000	0.0002	75.2750	
0.1365	48.9750	0.0002	75.2500	
0.1364	51.7750	0.0002	75.2250	
0.1365	49.5500	0.0002	75.2750	
0.1364	56.2750	0.0002	75.2750	
0.1364	54.3750	0.0002	75.3250	
0.1364	46.6000	0.0002	75.3000	
0.1363	44.9750	0.0002	75.2250	
0.1363	48.3000	0.0002	75.2500	
0.1363	54.0750	0.0002	75.2750	
0.1363	50.8000	0.0002	75.3250	
0.1363	47.8250	0.0002	75.3000	
0.1364	53.7500	0.0002	75.2750	
0.1363	50.6250	0.0002	75.2750	
0.1363	47.7000	0.0002	75.2750	
0.1363	47.9250	0.0002	75.2500	
0.1362	50.7250	0.0002	75.3000	
0.1363	52.1250	0.0002	75.3250	
0.1362	47.4250	0.0002	75.3000	
0.1362	47.8500	0.0002	75.3000	
0.1362	50.4000	0.0002	75.3250	
0.1362	48.5500	0.0002	75.2250	
0.1362	47.7750	0.0002	75.2750	
0.1362	52.4500	0.0002	75.2250	
0.1362	51.6000	0.0002	75.2750	
0.1361	47.5000	0.0002	75.2500	
0.1362	47.1250	0.0002	75.3000	
0.1362	51.0000	0.0002	75.1500	
0.1362	51.3750	0.0002	75.2000	
0.1362	46.6750	0.0002	75.2500	
0.1361	47.2750	0.0002	75.2500	
0.1362	52.7750	0.0002	75.3000	
0.1362	49.4250	0.0002	75.2750	
0.1362	47.5000	0.0002	75.2000	
0.1362	50.9250	0.0002	75.2250	
0.1361	50.0250	0.0002	75.2250	
0.1361	49.6750	0.0002	75.3000	
0.1361	48.0750	0.0002	75.2750	
0.1361	46.5000	0.0002	75.2750	
0.1360	47.7750	0.0002	75.2000	
0.1360	54.6750	0.0002	75.1500	
0.1362	50.2500	0.0002	75.2250	
0.1360	49.8750	0.0002	75.1500	
0.1360	50.5250	0.0002	75.2250	
0.1360	49.4750	0.0002	75.2000	
0.1360	47.7750	0.0002	75.2250	
0.1360	50.4000	0.0002	75.1500	
0.1359	49.9750	0.0002	75.1250	
0.1360	45.0250	0.0002	75.1750	
0.1359	46.1750	0.0002	75.0500	
0.1359	55.5500	0.0002	75.0750	
0.1359	55.1500	0.0002	75.1000	
0.1359	47.3000	0.0002	75.1250	
0.1359	47.4000	0.0002	75.1500	
0.1359	50.6250	0.0002	75.1000	
0.1359	49.2750	0.0002	75.0500	
0.1359	46.9250	0.0002	75.1250	
0.1358	49.0750	0.0002	75.1500	
0.1359	50.3500	0.0002	75.0250	
0.1358	49.9500	0.0002	75.1500	
0.1358	47.3250	0.0002	75.1000	
0.1358	49.4500	0.0002	75.0500	
0.1359	48.0750	0.0002	75.0250	
0.1358	50.9000	0.0002	75.1000	
0.1358	47.0250	0.0002	75.1000	
0.1358	48.0250	0.0002	75.1000	
0.1359	55.1750	0.0002	75.0500	
0.1357	50.6000	0.0002	75.0500	
0.1358	44.5000	0.0002	75.0500	
0.1357	50.7500	0.0002	75.0500	
0.1358	54.7500	0.0002	75.0500	
0.1357	49.5750	0.0002	75.0000	
0.1357	47.2250	0.0002	75.0500	
0.1357	48.6000	0.0002	75.0250	
0.1357	47.1750	0.0002	75.0750	
0.1358	48.5250	0.0002	75.0000	
0.1356	48.4750	0.0002	75.0000	
0.1357	47.3500	0.0002	75.0250	
0.1356	51.2250	0.0002	75.0000	
0.1356	51.4000	0.0002	74.9000	
0.1356	51.8750	0.0001	75.0500	
0.1356	49.1500	0.0001	74.9750	
0.1356	47.2750	0.0001	75.0000	
0.1356	50.1000	0.0001	75.0750	
0.1356	51.9250	0.0001	74.9500	
0.1357	51.4750	0.0001	74.8750	
0.1356	46.0500	0.0001	75.0000	
0.1355	45.9000	0.0001	74.9750	
0.1356	51.3250	0.0001	74.9750	
0.1355	50.4000	0.0001	74.9250	
0.1355	50.9000	0.0001	74.9500	
0.1355	52.2500	0.0001	74.9250	
0.1355	49.0250	0.0001	74.8750	
0.1355	46.0000	0.0001	74.9500	
0.1354	46.7500	0.0001	74.9000	
0.1355	48.6000	0.0001	74.9500	
0.1354	51.2750	0.0001	74.8750	
0.1354	50.6750	0.0001	74.9250	
0.1354	49.8250	0.0001	74.8750	
0.1354	49.0750	0.0001	74.8500	
0.1354	48.7500	0.0001	74.9000	
0.1354	46.4750	0.0001	74.8500	
0.1354	50.2500	0.0001	74.8500	
0.1355	47.8500	0.0001	74.9000	
0.1353	48.9250	0.0001	74.8000	
0.1353	50.0250	0.0001	74.8750	
0.1353	49.1750	0.0001	74.8750	
0.1353	50.4250	0.0001	74.9000	
0.1353	47.9000	0.0001	74.8500	
0.1353	49.5500	0.0001	74.8500	
0.1353	49.7250	0.0001	74.8000	
0.1353	45.7750	0.0001	74.8000	
0.1352	48.7750	0.0001	74.8250	
0.1353	50.7000	0.0001	74.9000	
0.1352	51.0750	0.0001	74.8500	
0.1352	50.8750	0.0001	74.8500	
0.1352	49.3250	0.0001	74.8000	
0.1353	46.9250	0.0001	74.8000	
0.1351	49.1250	0.0001	74.8250	
0.1352	51.5000	0.0001	74.8250	
0.1352	44.5000	0.0001	74.7750	
0.1351	46.0750	0.0001	74.9500	
0.1351	55.6750	0.0001	74.8000	
0.1351	53.7250	0.0001	74.8750	
0.1351	51.3500	0.0001	74.7750	
0.1350	49.6250	0.0001	74.8250	
0.1350	48.1000	0.0001	74.8250	
0.1350	46.9750	0.0001	74.8750	
0.1350	45.4500	0.0001	74.7750	
0.1350	51.6750	0.0001	74.8000	
0.1350	50.8250	0.0001	74.8750	
0.1350	47.3750	0.0001	74.8250	
0.1349	51.2500	0.0001	74.8000	
0.1349	49.1000	0.0001	74.7500	
0.1350	49.9250	0.0001	74.8000	
0.1349	48.3250	0.0001	74.8500	
0.1349	48.8250	0.0001	74.7500	
0.1349	54.2250	0.0001	74.7750	
0.1349	48.7500	0.0001	74.7750	
0.1348	44.9250	0.0001	74.7500	
0.1348	53.9750	0.0001	74.7500	
0.1348	54.7500	0.0001	74.8250	
0.1347	50.3250	0.0001	74.7250	
0.1347	46.7500	0.0001	74.7500	
0.1347	46.8500	0.0001	74.7250	
0.1347	50.5250	0.0001	74.7750	
0.1346	50.8500	0.0001	74.7750	
0.1346	49.8500	0.0001	74.7500	
0.1346	49.2250	0.0001	74.8250	
0.1346	51.7500	0.0001	74.7750	
0.1346	48.5250	0.0001	74.8250	
0.1346	46.3000	0.0001	74.7000	
0.1345	49.3250	0.0001	74.7500	
0.1345	50.3250	0.0001	74.7500	
0.1345	50.7250	0.0001	74.7750	
0.1344	49.4500	0.0001	74.8250	
0.1344	48.5250	0.0001	74.7250	
0.1344	49.3250	0.0001	74.7500	
0.1344	51.6750	0.0001	74.8250	
0.1343	49.9500	0.0001	74.8000	
0.1343	47.4000	0.0001	74.7500	
0.1343	50.1500	0.0001	74.8500	
0.1343	51.2250	0.0001	74.7250	
0.1342	52.3000	0.0001	74.8500	
0.1342	49.4750	0.0001	74.8000	
0.1342	48.0500	0.0001	74.8250	
0.1341	48.6750	0.0001	74.7000	
0.1341	53.1750	0.0001	74.7750	
0.1341	49.9000	0.0001	74.7750	
0.1340	47.9250	0.0001	74.8250	
0.1340	48.6250	0.0001	74.7500	
0.1340	52.3750	0.0001	74.8500	
0.1340	48.4750	0.0001	74.8250	
0.1340	47.4000	0.0001	74.8000	
0.1339	52.0250	0.0001	74.6750	
0.1339	49.7250	0.0001	74.9000	
0.1338	47.9250	0.0001	74.8250	
0.1339	47.1750	0.0001	74.9000	
0.1338	48.0000	0.0001	74.7250	
0.1339	54.2000	0.0001	74.7250	
0.1339	48.0000	0.0001	74.8250	
0.1338	48.1500	0.0001	74.7750	
0.1337	54.9750	0.0001	74.7500	
0.1338	50.2750	0.0001	74.8000	
0.1337	50.1500	0.0001	74.8500	
0.1337	47.7500	0.0001	74.8250	
0.1336	47.5250	0.0001	74.8750	
0.1336	52.2500	0.0001	74.7500	
0.1336	52.6250	0.0001	74.7750	
0.1335	50.5250	0.0001	74.8000	
0.1335	48.0500	0.0001	74.8750	
0.1335	46.6750	0.0001	74.9000	
0.1335	50.3750	0.0001	74.7750	
0.1335	53.6000	0.0001	74.7250	
0.1336	47.9500	0.0001	74.8000	
0.1334	50.4750	0.0001	74.8250	
0.1335	54.7750	0.0001	74.8250	
0.1334	46.6500	0.0001	74.8000	
0.1334	44.4500	0.0001	74.9000	
0.1333	52.7250	0.0001	74.8250	
0.1333	54.5750	0.0001	74.7500	
0.1333	46.4250	0.0001	74.7750	
0.1333	46.2000	0.0001	74.7500	
0.1332	50.3500	0.0001	74.7750	
0.1333	46.5000	0.0001	74.7750	
0.1332	48.3000	0.0001	74.8000	
0.1332	51.1500	0.0001	74.7250	
0.1332	51.0250	0.0001	74.8000	
0.1331	50.6250	0.0001	74.7750	
0.1331	52.3250	0.0001	74.8000	
0.1331	49.7000	0.0001	74.8250	
0.1331	47.8500	0.0001	74.8250	
0.1331	47.6000	0.0001	74.8000	
0.1330	50.8500	0.0001	74.8250	
0.1330	49.8000	0.0001	74.8250	
0.1330	45.8250	0.0001	74.8250	
0.1330	47.3250	0.0001	74.8250	
0.1330	52.2000	0.0001	74.7750	
0.1329	47.6750	0.0001	74.7500	
0.1330	46.1500	0.0001	74.8250	
0.1329	50.9000	0.0001	74.8250	
0.1329	53.7750	0.0001	74.8000	
0.1329	51.3250	0.0001	74.8500	
0.1328	46.9750	0.0001	74.8000	
0.1328	48.9250	0.0001	74.7500	
0.1327	50.9750	0.0001	74.8000	
0.1327	51.2000	0.0001	74.7750	
0.1327	50.8750	0.0001	74.9500	
0.1326	51.0250	0.0001	74.8500	
0.1326	49.7500	0.0001	74.9000	
0.1326	52.5250	0.0001	74.8000	
0.1326	49.0500	0.0001	74.8750	
0.1325	46.9000	0.0001	74.8750	
0.1325	50.7250	0.0001	74.7750	
0.1325	52.4500	0.0001	74.8750	
0.1325	49.6750	0.0001	74.9500	
0.1325	47.0500	0.0001	74.7750	
0.1324	49.6250	0.0001	74.8500	
0.1324	49.9500	0.0001	74.8250	
0.1324	47.9250	0.0001	74.8000	
0.1325	52.2250	0.0001	74.8250	
0.1325	45.8750	0.0001	74.8250	
0.1323	46.7500	0.0001	74.8000	
0.1323	52.3000	0.0001	74.8750	
0.1323	47.8000	0.0001	74.8750	
0.1323	48.5750	0.0001	74.8500	
0.1322	51.9500	0.0001	74.8000	
0.1323	46.5250	0.0001	74.8000	
0.1323	48.7250	0.0001	74.8750	
0.1323	51.1750	0.0001	74.7750	
0.1321	50.0750	0.0001	74.7750	
0.1321	48.2750	0.0001	74.8000	
0.1321	48.7750	0.0001	74.8000	
0.1321	50.3250	0.0001	74.8500	
0.1321	52.1500	0.0001	74.8000	
0.1320	50.5750	0.0001	74.8000	
0.1320	46.5500	0.0001	74.8000	
0.1321	50.5250	0.0001	74.8000	
0.1320	51.6750	0.0001	74.8000	
0.1320	46.9750	0.0001	74.8250	
0.1320	51.2250	0.0001	74.7750	
0.1320	48.9250	0.0001	74.8000	
0.1320	45.5750	0.0001	74.8000	
0.1320	53.2250	0.0001	74.8500	
0.1319	52.8750	0.0001	74.8250	
0.1320	45.2250	0.0001	74.7750	
0.1319	48.9500	0.0001	74.8000	
0.1319	50.5750	0.0001	74.7750	
0.1318	50.6750	0.0001	74.8500	
0.1318	50.4250	0.0001	74.8250	
0.1318	50.5250	0.0001	74.8500	
0.1318	50.0250	0.0001	74.8250	
0.1318	47.8500	0.0001	74.8250	
0.1318	53.5750	0.0001	74.8250	
0.1318	50.8250	0.0001	74.8000	
0.1317	44.7000	0.0001	74.7500	
0.1317	48.7750	0.0001	74.8250	
0.1317	50.1500	0.0001	74.8250	
0.1317	51.1000	0.0001	74.8250	
0.1317	51.3250	0.0001	74.8500	
0.1316	52.2750	0.0001	74.8000	
0.1316	51.9750	0.0001	74.8500	
0.1316	46.8000	0.0001	74.8500	
0.1316	49.1000	0.0001	74.8250	
0.1316	51.9250	0.0001	74.7500	
0.1316	49.5000	0.0001	74.9250	
0.1315	49.9000	0.0001	74.8500	
0.1315	51.8000	0.0001	74.8500	
0.1315	52.2750	0.0001	74.8250	
0.1315	48.5000	0.0001	74.8250	
0.1315	49.1500	0.0001	74.8250	
0.1315	52.2500	0.0001	74.9000	
0.1315	52.2000	0.0001	74.8250	
0.1315	52.3500	0.0001	74.8250	
0.1315	46.6250	0.0001	74.8750	
0.1314	48.3750	0.0001	74.8000	
0.1315	53.7000	0.0001	74.8750	
0.1314	51.4250	0.0001	74.8250	
0.1314	45.2750	0.0001	74.8250	
0.1314	51.2500	0.0001	74.8000	
0.1314	52.8250	0.0001	74.8500	
0.1313	51.3250	0.0001	74.8750	
0.1313	46.7500	0.0001	74.8500	
0.1313	50.6750	0.0001	74.8000	
0.1313	53.0250	0.0001	74.8000	
0.1313	52.4750	0.0001	74.8750	
0.1313	52.2750	0.0001	74.8000	
0.1313	51.9250	0.0001	74.8500	
0.1312	52.8500	0.0001	74.7750	
0.1312	52.0250	0.0001	74.8250	
0.1312	50.7750	0.0001	74.8000	
0.1312	49.3750	0.0001	74.8750	
0.1312	52.3000	0.0001	74.8500	
0.1311	51.9250	0.0001	74.8500	
0.1312	52.6000	0.0001	74.8500	
0.1311	52.9500	0.0001	74.8500	
0.1311	52.5000	0.0001	74.8500	
0.1311	53.0500	0.0001	74.8500	
0.1311	52.9500	0.0001	74.8000	
0.1310	51.1250	0.0001	74.8500	
0.1310	50.9750	0.0001	74.8500	
0.1310	52.0000	0.0001	74.7750	
0.1310	53.1750	0.0001	74.9000	
0.1310	52.4000	0.0001	74.8250	
0.1310	52.2250	0.0001	74.8500	
0.1309	52.2000	0.0001	74.8250	
0.1309	51.7000	0.0001	74.8500	
0.1309	50.9250	0.0001	74.8500	
0.1309	52.6500	0.0001	74.8500	
0.1310	53.4250	0.0001	74.9000	
0.1309	51.7000	0.0001	74.7750	
0.1309	46.8500	0.0001	74.8000	
0.1309	51.7250	0.0001	74.9000	
0.1308	52.7500	0.0001	74.8750	
0.1308	52.1250	0.0001	74.8500	
0.1308	49.3250	0.0001	74.8250	
0.1308	52.5250	0.0001	74.9000	
0.1308	52.6500	0.0001	74.8750	
0.1308	50.8500	0.0001	74.8250	
0.1307	50.8000	0.0001	74.8000	
0.1308	53.2250	0.0001	74.8500	
0.1307	51.7250	0.0001	74.8250	
0.1307	49.9750	0.0001	74.8000	
0.1307	52.1750	0.0001	74.8750	
0.1307	52.8750	0.0001	74.8250	
0.1307	52.9250	0.0001	74.8250	
0.1307	52.0250	0.0001	74.8500	
0.1306	51.5750	0.0001	74.8750	
0.1306	52.7000	0.0001	74.8000	
0.1306	52.3000	0.0001	74.8500	
0.1307	52.6500	0.0001	74.8750	
0.1306	52.3500	0.0001	74.7750	
0.1306	50.4750	0.0001	74.8000	
0.1305	50.6500	0.0001	74.8250	
0.1306	53.9000	0.0001	74.8500	
0.1306	51.1250	0.0001	74.8500	
0.1305	51.9500	0.0001	74.8750	
0.1305	52.2750	0.0001	74.7750	
0.1305	51.4500	0.0001	74.8750	
0.1305	52.1500	0.0001	74.9000	
0.1305	49.6500	0.0001	74.8750	
0.1305	53.1500	0.0001	74.8500	
0.1306	52.4000	0.0001	74.8000	
0.1304	50.9000	0.0001	74.8500	
0.1305	52.9000	0.0001	74.8000	
0.1304	52.1750	0.0001	74.8250	
0.1304	51.9250	0.0001	74.9000	
0.1305	50.2750	0.0001	74.8000	
0.1304	52.8750	0.0001	74.8750	
0.1305	51.3000	0.0001	74.8500	
0.1304	50.9500	0.0001	74.8500	
0.1304	53.0500	0.0001	74.8500	
0.1303	49.3500	0.0001	74.8000	
0.1303	50.5000	0.0001	74.8250	
0.1304	53.1750	0.0001	74.8250	
0.1303	51.9000	0.0001	74.8500	
0.1303	51.8750	0.0001	74.8500	
0.1303	52.7000	0.0001	74.8500	
0.1302	51.8750	0.0001	74.8750	
0.1303	51.9500	0.0001	74.8250	
0.1302	52.7500	0.0001	74.7750	
0.1302	52.8000	0.0001	74.8500	
0.1302	52.8000	0.0001	74.8250	
0.1302	52.7250	0.0001	74.8500	
0.1302	51.4500	0.0001	74.9000	
0.1302	53.1250	0.0001	74.8250	
0.1302	52.8500	0.0001	74.9250	
0.1301	52.2000	0.0001	74.8250	
0.1301	52.4500	0.0001	74.8500	
0.1302	52.5250	0.0001	74.8750	
0.1301	52.5000	0.0001	74.8250	
0.1301	51.8250	0.0001	74.8750	
0.1301	51.6000	0.0001	74.9000	
0.1301	52.8750	0.0001	74.8750	
0.1300	52.5500	0.0001	74.8250	
0.1301	51.3750	0.0001	74.8500	
0.1301	52.9750	0.0001	74.8750	
0.1301	51.9250	0.0001	74.8750	
0.1300	51.3250	0.0001	74.8250	
0.1300	52.7000	0.0001	74.8000	
0.1300	52.0250	0.0001	74.8000	
0.1300	52.6750	0.0001	74.8750	
0.1300	51.7500	0.0001	74.8500	
0.1300	52.9500	0.0001	74.8250	
0.1299	52.4250	0.0001	74.9000	
0.1300	49.0250	0.0001	74.8000	
0.1299	51.7000	0.0001	74.8500	
0.1299	51.8750	0.0001	74.8250	
0.1299	52.1500	0.0001	74.8500	
0.1299	52.6750	0.0001	74.9000	
0.1299	52.7750	0.0001	74.9000	
0.1299	52.5000	0.0001	74.8750	
0.1299	50.3000	0.0001	74.8250	
0.1299	50.7250	0.0001	74.7750	
0.1299	52.5000	0.0001	74.8000	
0.1299	52.5000	0.0001	74.8000	
0.1299	52.0750	0.0001	74.8750	
0.1300	45.5250	0.0001	74.8500	
0.1298	51.7250	0.0001	74.8250	
0.1299	53.0500	0.0001	74.8750	
0.1300	48.9250	0.0001	74.8750	
0.1298	45.3500	0.0001	74.9000	
0.1299	53.1750	0.0001	74.8500	
0.1298	52.1750	0.0001	74.8750	
0.1298	50.3500	0.0001	74.8750	
0.1299	44.8250	0.0001	74.8500	
0.1297	52.1750	0.0001	74.8250	
0.1299	52.8250	0.0001	74.9000	
0.1297	48.2750	0.0001	74.9000	
0.1298	49.0750	0.0001	74.7750	
0.1297	52.8000	0.0001	74.8750	
0.1297	52.1250	0.0001	74.8750	
0.1297	46.5500	0.0001	74.9250	
0.1297	49.3000	0.0001	74.8500	
0.1297	52.2750	0.0001	74.9000	
0.1297	52.0000	0.0001	74.8250	
0.1297	51.2750	0.0001	74.9000	
0.1297	52.6250	0.0001	74.8250	
0.1297	51.4250	0.0001	74.8750	
0.1296	51.1250	0.0001	74.9000	
0.1297	52.4750	0.0001	74.8500	
0.1296	50.3750	0.0001	74.8250	
0.1296	50.3000	0.0001	74.8750	
0.1296	52.2500	0.0001	74.8750	
0.1296	52.8000	0.0001	74.8250	
0.1296	52.2000	0.0001	74.8500	
0.1296	52.0000	0.0001	74.8500	
0.1296	49.0500	0.0001	74.7750	
0.1296	51.8000	0.0001	74.8250	
0.1296	52.4750	0.0001	74.8250	
0.1297	49.4500	0.0001	74.9000	
0.1296	51.7000	0.0001	74.8250	
0.1296	52.7000	0.0001	74.8500	
0.1297	45.7500	0.0001	74.8750	
0.1297	50.8750	0.0001	74.8000	
0.1296	52.3250	0.0001	74.8250	
0.1295	48.5250	0.0001	74.9250	
0.1296	50.2250	0.0001	74.8500	
0.1295	51.9500	0.0001	74.8750	
0.1295	51.5250	0.0001	74.8750	
0.1295	52.3500	0.0001	74.8250	
0.1295	52.1750	0.0001	74.8750	
0.1295	45.6750	0.0001	74.8250	
0.1296	52.3000	0.0001	74.9000	
0.1295	52.2000	0.0001	74.7750	
0.1295	50.3250	0.0001	74.8500	
0.1295	50.7750	0.0001	74.9000	
0.1295	52.1500	0.0001	74.8500	
0.1294	51.2500	0.0001	74.8750	
0.1295	46.0500	0.0001	74.7500	
0.1294	49.9500	0.0001	74.8250	
0.1294	52.4000	0.0001	74.8250	
0.1294	52.5750	0.0001	74.8000	
0.1294	52.1000	0.0001	74.7750	
0.1294	51.9250	0.0001	74.9000	
0.1295	45.3000	0.0001	74.8000	
0.1294	51.1000	0.0001	74.8250	
0.1294	52.2750	0.0001	74.7750	
0.1294	46.2750	0.0001	74.9000	
0.1294	51.0500	0.0001	74.8000	
0.1294	52.0250	0.0001	74.8750	
0.1294	51.5250	0.0001	74.8750	
0.1295	49.2000	0.0001	74.8750	
0.1294	52.1250	0.0001	74.8250	
0.1294	51.6250	0.0001	74.7750	
0.1294	47.1250	0.0001	74.9250	
0.1293	50.8250	0.0001	74.8000	
0.1293	52.2250	0.0001	74.9000	
0.1293	49.4750	0.0001	74.8250	
0.1294	49.4000	0.0001	74.8500	
0.1293	51.7500	0.0001	74.8500	
0.1293	52.0500	0.0001	74.8500	
0.1294	50.4000	0.0001	74.8500	
0.1293	50.3250	0.0001	74.8250	
0.1293	51.3750	0.0001	74.8750	
0.1293	50.1500	0.0001	74.8750	
0.1293	49.1250	0.0001	74.9000	
0.1292	51.6500	0.0001	74.9000	
0.1293	51.3750	0.0001	74.8000	
0.1292	50.7000	0.0001	74.8500	
0.1293	51.9000	0.0001	74.8500	
0.1292	50.6750	0.0001	74.9000	
0.1293	47.9000	0.0001	74.8500	
0.1292	51.1500	0.0001	74.8250	
0.1293	51.8500	0.0001	74.8750	
0.1292	51.3750	0.0001	74.8000	
0.1292	50.3750	0.0001	74.8500	
0.1292	49.4250	0.0001	74.9000	
0.1292	50.5000	0.0001	74.8500	
0.1292	48.6750	0.0001	74.8750	
0.1292	48.0750	0.0001	74.8000	
0.1292	52.2000	0.0001	74.8000	
0.1292	50.1000	0.0001	74.8750	
0.1292	48.5500	0.0001	74.8500	
0.1291	50.5250	0.0001	74.8750	
0.1291	51.3750	0.0001	74.8500	
0.1292	50.7500	0.0001	74.9000	
0.1291	50.6000	0.0001	74.8250	
0.1292	50.0000	0.0001	74.9250	
0.1291	49.0750	0.0001	74.8750	
0.1292	46.4000	0.0001	74.8250	
0.1291	49.3250	0.0001	74.8750	
0.1291	51.4750	0.0001	74.9750	
0.1291	50.0000	0.0001	74.8250	
0.1292	45.9000	0.0001	74.8250	
0.1291	52.3500	0.0001	74.7750	
0.1292	50.9250	0.0001	74.8250	
0.1291	48.6500	0.0001	74.8750	
0.1291	48.0000	0.0001	74.8250	
0.1292	47.8500	0.0001	74.8500	
0.1291	50.0000	0.0001	74.9000	
0.1291	51.9750	0.0001	74.8750	
0.1291	50.6250	0.0001	74.8000	
0.1291	47.7500	0.0001	74.8500	
0.1291	48.9000	0.0001	74.8750	
0.1291	49.9500	0.0001	74.9000	
0.1291	49.2750	0.0001	74.8500	
0.1291	50.6500	0.0001	74.9250	
0.1290	47.8250	0.0001	74.9000	
0.1291	45.4500	0.0001	74.9000	
0.1291	51.6750	0.0001	74.8250	
0.1291	52.6750	0.0001	74.8750	
0.1290	48.2750	0.0001	74.8750	
0.1290	41.7500	0.0001	74.9250	
0.1290	48.5250	0.0001	74.9000	
0.1290	51.3500	0.0001	74.8250	
0.1290	51.9750	0.0001	74.9000	
0.1290	49.2750	0.0001	74.8250	
0.1290	43.8250	0.0001	74.9000	
0.1290	51.5250	0.0001	74.8500	
0.1290	51.6000	0.0001	74.8500	
0.1290	47.6500	0.0001	74.8000	
0.1290	49.3250	0.0001	74.8500	
0.1290	48.0250	0.0001	74.8250	
0.1290	47.2750	0.0001	74.8750	
0.1290	49.3000	0.0001	74.7750	
0.1289	51.9000	0.0001	74.8500	
0.1290	51.1000	0.0001	74.8750	
0.1290	48.9250	0.0001	74.9000	
0.1289	48.2250	0.0001	74.8000	
0.1290	51.9000	0.0001	74.8750	
0.1289	49.5500	0.0001	74.8750	
0.1290	41.2000	0.0001	74.8750	
0.1290	51.9500	0.0001	74.8250	
0.1289	52.3500	0.0001	74.8250	
0.1290	46.2500	0.0001	74.8500	
0.1289	47.5500	0.0001	74.8250	
0.1289	50.3250	0.0001	74.8250	
0.1289	47.6500	0.0001	74.8750	
0.1289	47.5500	0.0001	74.9000	
0.1289	49.6750	0.0001	74.8250	
0.1289	52.6500	0.0001	74.8500	
0.1289	52.6250	0.0001	74.8750	
0.1289	49.2250	0.0001	74.7750	
0.1289	42.9750	0.0001	74.8500	
0.1289	46.3000	0.0001	74.8750	
0.1289	51.2000	0.0001	74.8500	
0.1289	48.6250	0.0001	74.8250	
0.1289	46.3750	0.0001	74.8750	
0.1289	51.8500	0.0001	74.9000	
0.1288	49.7250	0.0001	74.9000	
0.1289	42.8750	0.0001	74.8500	
0.1288	48.3000	0.0001	74.8750	
0.1289	53.2500	0.0001	74.9000	
0.1288	49.6750	0.0001	74.8000	
0.1289	46.1250	0.0001	74.9250	
0.1289	48.9000	0.0001	74.7750	
0.1289	48.1750	0.0001	74.8000	
0.1288	47.3500	0.0001	74.8500	
0.1289	51.5000	0.0001	74.8250	
0.1288	51.7000	0.0001	74.8500	
0.1288	49.2500	0.0001	74.8000	
0.1288	46.9250	0.0001	74.8750	
0.1288	49.3250	0.0001	74.8250	
0.1288	48.5750	0.0001	74.8500	
0.1288	47.4000	0.0001	74.8500	
0.1289	51.2250	0.0001	74.9250	
0.1288	50.2000	0.0001	74.8250	
0.1288	47.9500	0.0001	74.8500	
0.1288	49.1750	0.0001	74.9250	
0.1288	51.8250	0.0001	74.9000	
0.1289	48.5000	0.0001	74.8500	
0.1288	50.0750	0.0001	74.8500	
0.1288	51.1000	0.0001	74.8000	
0.1287	47.2750	0.0001	74.8750	
0.1288	44.7500	0.0001	74.9000	
0.1288	51.8500	0.0001	74.8500	
0.1287	51.9000	0.0001	74.8750	
0.1287	49.0250	0.0001	74.8750	
0.1288	47.4000	0.0001	74.9000	
0.1287	49.5000	0.0001	74.9000	
0.1287	49.4250	0.0001	74.7750	
0.1288	49.4750	0.0001	74.8500	
0.1287	49.9000	0.0001	74.8250	
0.1287	49.2750	0.0001	74.8500	
0.1287	50.2250	0.0001	74.8500	
0.1287	49.2000	0.0001	74.8750	
0.1287	48.0500	0.0001	74.8500	
0.1287	50.6500	0.0001	74.7750	
0.1287	51.5250	0.0001	74.9250	
0.1287	50.3000	0.0001	74.7750	
0.1287	47.5500	0.0001	74.8250	
0.1287	48.9500	0.0001	74.9000	
0.1287	52.7750	0.0001	74.8500	
0.1288	47.4750	0.0001	74.8000	
