Loss_Adversary	Accuracy_Adversary	Loss_Target	Accuracy_Target	
0.5251	0.4214	0.6302	50.0000	50.0000	
0.5191	0.4130	0.6226	50.0000	50.0000	
0.5123	0.4052	0.6142	50.0000	50.0000	
0.5049	0.3980	0.6053	50.0000	50.0000	
0.4976	0.3912	0.5964	50.0000	50.0000	
0.4901	0.3848	0.5873	50.0000	50.0000	
0.4822	0.3787	0.5778	50.0000	50.0000	
0.4737	0.3730	0.5678	50.0000	50.0000	
0.4645	0.3674	0.5570	50.0000	50.0000	
0.4548	0.3620	0.5455	50.0000	50.0000	
0.4445	0.3567	0.5335	50.0000	50.0000	
0.4335	0.3516	0.5207	50.0000	50.0000	
0.4221	0.3465	0.5075	50.0000	50.0000	
0.4102	0.3416	0.4937	50.0000	50.0000	
0.3980	0.3367	0.4796	50.0000	50.0000	
0.3857	0.3317	0.4654	50.0000	50.0000	
0.3732	0.3269	0.4510	50.0000	50.0000	
0.3608	0.3221	0.4366	50.0000	50.0000	
0.3485	0.3173	0.4225	50.0000	50.0000	
0.3362	0.3126	0.4083	50.0000	50.0000	
0.3242	0.3079	0.3944	50.0000	50.0000	
0.3121	0.3033	0.3805	50.0000	50.0000	
0.3003	0.2988	0.3669	50.0000	50.0000	
0.2887	0.2943	0.3535	50.0000	50.0000	
0.2777	0.2899	0.3407	50.0000	50.0000	
0.2669	0.2854	0.3283	50.0000	50.0000	
0.2565	0.2810	0.3162	50.0000	50.0000	
0.2466	0.2765	0.3047	50.0000	50.0000	
0.2371	0.2720	0.2936	50.0000	50.0000	
0.2281	0.2674	0.2831	50.0000	50.0000	
0.2195	0.2627	0.2731	50.0000	50.0000	
0.2114	0.2581	0.2636	50.0000	50.0000	
0.2038	0.2532	0.2546	50.0000	50.0000	
0.1967	0.2485	0.2461	50.0000	50.0000	
0.1899	0.2436	0.2381	50.0000	50.0000	
0.1836	0.2388	0.2306	50.0000	50.0000	
0.1778	0.2338	0.2236	50.0000	50.0000	
0.1722	0.2290	0.2168	50.0000	50.0000	
0.1671	0.2242	0.2106	50.0000	50.0000	
0.1624	0.2195	0.2048	50.0000	50.0000	
0.1580	0.2148	0.1995	50.0000	50.0000	
0.1539	0.2102	0.1944	50.0000	50.0000	
0.1497	0.2057	0.1892	50.0000	50.0000	
0.1444	0.2015	0.1828	50.0000	50.0000	
0.1391	0.1973	0.1765	50.0000	50.0000	
0.1342	0.1935	0.1706	50.0000	50.0000	
0.1303	0.1896	0.1658	50.0000	50.0000	
0.1272	0.1862	0.1620	50.0000	57.3000	
0.1250	0.1828	0.1592	50.0000	75.1000	
0.1236	0.1798	0.1573	50.0000	79.1000	
0.1227	0.1771	0.1560	50.0000	80.3250	
0.1221	0.1747	0.1551	50.0000	80.5500	
0.1217	0.1726	0.1544	50.0000	80.8500	
0.1214	0.1704	0.1538	50.0000	81.1250	
0.1212	0.1685	0.1534	47.5500	81.8250	
0.1209	0.1669	0.1529	38.5000	82.0500	
0.1207	0.1652	0.1525	32.4250	82.8250	
0.1205	0.1637	0.1520	30.8000	82.9250	
0.1201	0.1625	0.1515	30.1000	83.4250	
0.1195	0.1609	0.1507	29.0750	83.7250	
0.1185	0.1595	0.1494	28.5500	85.9750	
0.1167	0.1578	0.1472	27.9750	87.7500	
0.1136	0.1565	0.1436	27.3000	92.2250	
0.1081	0.1554	0.1374	26.3500	96.8250	
0.0997	0.1538	0.1278	25.9250	99.0000	
0.0893	0.1519	0.1161	25.7750	95.9000	
0.0794	0.1506	0.1049	25.9250	87.4250	
0.0689	0.1509	0.0933	26.6750	78.0250	
0.0580	0.1498	0.0811	27.2500	77.2000	
0.0483	0.1491	0.0702	27.6750	76.8250	
0.0400	0.1491	0.0611	28.5000	79.2250	
0.0331	0.1495	0.0534	29.3750	80.4750	
0.0278	0.1500	0.0475	30.3000	81.0250	
0.0237	0.1498	0.0430	30.7000	80.2000	
0.0206	0.1497	0.0396	30.2000	79.2250	
0.0183	0.1491	0.0369	29.6500	78.7500	
0.0164	0.1487	0.0347	29.0250	78.4250	
0.0149	0.1481	0.0330	28.5000	77.7500	
0.0136	0.1476	0.0315	28.2750	77.3750	
0.0124	0.1471	0.0301	28.0250	76.9500	
0.0114	0.1467	0.0290	27.9000	76.8000	
0.0106	0.1462	0.0280	27.6000	76.6750	
0.0098	0.1460	0.0271	27.4500	76.3500	
0.0091	0.1455	0.0262	27.7500	76.2250	
0.0084	0.1452	0.0254	27.5000	76.2500	
0.0078	0.1451	0.0247	27.1250	76.0500	
0.0072	0.1447	0.0240	27.1500	75.9750	
0.0066	0.1443	0.0234	26.9750	75.9750	
0.0061	0.1441	0.0228	26.7750	75.8250	
0.0056	0.1438	0.0222	26.5500	75.7250	
0.0051	0.1438	0.0217	26.7000	75.7250	
0.0047	0.1433	0.0211	26.3500	75.6000	
0.0042	0.1432	0.0206	26.2750	75.6000	
0.0038	0.1431	0.0201	26.3750	75.6250	
0.0034	0.1428	0.0197	26.2750	75.4750	
0.0031	0.1427	0.0193	26.3750	75.4750	
0.0027	0.1426	0.0189	26.0250	75.4000	
0.0024	0.1424	0.0185	26.3750	75.3750	
0.0020	0.1422	0.0180	25.9250	75.4750	
0.0017	0.1421	0.0177	25.9000	75.4000	
0.0014	0.1419	0.0173	25.8500	75.4000	
0.0011	0.1417	0.0169	25.7750	75.3000	
0.0008	0.1418	0.0166	25.9500	75.5000	
0.0005	0.1415	0.0163	25.8500	75.1000	
0.0002	0.1413	0.0160	25.6750	75.1500	
-0.0000	0.1412	0.0157	25.6750	75.1250	
-0.0003	0.1411	0.0154	25.7750	75.1250	
-0.0005	0.1409	0.0151	25.8750	75.1750	
-0.0008	0.1407	0.0148	25.8000	75.1500	
-0.0010	0.1406	0.0145	25.8500	74.9250	
-0.0012	0.1405	0.0143	25.8250	74.9000	
-0.0014	0.1406	0.0140	26.0000	74.9500	
-0.0016	0.1403	0.0138	26.0750	75.0750	
-0.0018	0.1404	0.0136	26.1000	74.9250	
-0.0020	0.1400	0.0133	26.1000	74.9750	
-0.0023	0.1400	0.0130	26.1000	75.0500	
-0.0025	0.1400	0.0128	26.1250	74.8250	
-0.0026	0.1398	0.0126	26.2500	74.9000	
-0.0028	0.1397	0.0124	26.2000	74.9750	
-0.0030	0.1398	0.0122	26.2750	75.0500	
-0.0032	0.1397	0.0120	26.4750	74.9000	
-0.0033	0.1395	0.0118	26.6250	75.1250	
-0.0035	0.1396	0.0116	27.0500	74.8250	
-0.0037	0.1395	0.0114	27.2750	74.7000	
-0.0038	0.1392	0.0112	27.2000	74.8750	
-0.0040	0.1393	0.0110	27.5250	74.8750	
-0.0041	0.1391	0.0109	27.7250	74.6750	
-0.0043	0.1392	0.0107	28.4500	74.8250	
-0.0044	0.1390	0.0105	28.6500	74.9250	
-0.0046	0.1389	0.0104	29.1250	74.8250	
-0.0047	0.1389	0.0102	29.9250	74.6750	
-0.0048	0.1389	0.0101	31.1250	74.8250	
-0.0050	0.1388	0.0099	31.7000	74.7000	
-0.0051	0.1388	0.0097	32.4750	74.7500	
-0.0052	0.1387	0.0096	33.1250	74.6750	
-0.0054	0.1387	0.0095	33.6750	74.6750	
-0.0055	0.1386	0.0093	34.1750	74.7250	
-0.0056	0.1386	0.0092	35.0000	74.6750	
-0.0057	0.1385	0.0091	35.1750	74.8000	
-0.0058	0.1384	0.0089	34.6250	74.8250	
-0.0060	0.1384	0.0088	36.1000	74.7500	
-0.0061	0.1383	0.0086	36.1000	74.5750	
-0.0062	0.1384	0.0085	35.8750	74.6750	
-0.0063	0.1383	0.0084	35.7750	74.7250	
-0.0064	0.1384	0.0082	35.9250	74.8500	
-0.0065	0.1382	0.0081	36.2500	74.7750	
-0.0066	0.1383	0.0080	36.8250	74.6500	
-0.0067	0.1381	0.0079	36.0500	74.7250	
-0.0068	0.1381	0.0077	36.1500	74.7500	
-0.0069	0.1381	0.0076	35.9000	74.7500	
-0.0070	0.1380	0.0075	36.9250	74.5500	
-0.0071	0.1380	0.0074	37.0000	74.8000	
-0.0072	0.1380	0.0073	36.5500	74.6750	
-0.0073	0.1380	0.0072	36.9750	74.7250	
-0.0074	0.1380	0.0071	37.7250	74.7750	
-0.0075	0.1379	0.0070	37.6500	74.7750	
-0.0076	0.1379	0.0069	37.3500	74.8500	
-0.0077	0.1379	0.0068	37.9250	74.7250	
-0.0078	0.1379	0.0067	37.9500	74.8000	
-0.0079	0.1378	0.0066	38.0000	74.8750	
-0.0079	0.1380	0.0065	38.4500	74.8000	
-0.0080	0.1379	0.0064	38.7500	74.8500	
-0.0081	0.1378	0.0064	38.8500	74.7500	
-0.0081	0.1380	0.0063	39.2250	74.7500	
-0.0082	0.1378	0.0062	39.0000	74.9500	
-0.0083	0.1378	0.0061	38.8500	74.7500	
-0.0083	0.1379	0.0061	39.3500	74.9000	
-0.0084	0.1376	0.0059	38.8500	74.8750	
-0.0085	0.1378	0.0058	39.6000	74.8250	
-0.0086	0.1378	0.0058	39.6500	74.9000	
-0.0086	0.1376	0.0057	40.0250	74.8750	
-0.0087	0.1377	0.0056	40.8500	74.8250	
-0.0088	0.1376	0.0055	41.0500	74.9750	
-0.0088	0.1376	0.0055	41.5500	74.8750	
-0.0089	0.1377	0.0054	43.3000	74.8750	
-0.0089	0.1375	0.0054	41.9000	74.6750	
-0.0090	0.1376	0.0053	41.0500	74.8250	
-0.0091	0.1375	0.0052	42.7000	74.8000	
-0.0091	0.1375	0.0052	44.3500	74.7500	
-0.0092	0.1375	0.0051	44.6500	74.8500	
-0.0092	0.1375	0.0050	43.8250	74.9000	
-0.0093	0.1377	0.0050	42.5500	74.7250	
-0.0093	0.1374	0.0049	45.6750	74.9000	
-0.0093	0.1375	0.0049	47.2750	74.7750	
-0.0094	0.1374	0.0048	45.9750	74.8750	
-0.0094	0.1374	0.0048	45.6000	74.6000	
-0.0095	0.1374	0.0047	45.5750	74.5750	
-0.0096	0.1374	0.0047	47.1250	74.7750	
-0.0096	0.1376	0.0046	45.5000	74.6750	
-0.0096	0.1373	0.0046	47.0250	74.7000	
-0.0097	0.1374	0.0045	48.9500	74.7750	
-0.0097	0.1373	0.0045	49.6750	74.8500	
-0.0098	0.1373	0.0044	48.5250	74.7500	
-0.0098	0.1374	0.0044	47.5250	74.6000	
-0.0098	0.1372	0.0043	49.0500	74.7000	
-0.0099	0.1373	0.0043	50.4750	74.7250	
-0.0099	0.1375	0.0042	48.6000	74.5250	
-0.0100	0.1373	0.0042	50.2750	74.8000	
-0.0100	0.1373	0.0041	50.9000	74.7250	
-0.0101	0.1373	0.0041	49.9750	74.5000	
-0.0101	0.1372	0.0040	49.1500	74.6250	
-0.0101	0.1373	0.0040	50.3500	74.7000	
-0.0102	0.1373	0.0040	51.3750	74.6750	
-0.0102	0.1372	0.0039	50.8750	74.6500	
-0.0102	0.1373	0.0039	50.4000	74.8000	
-0.0103	0.1372	0.0039	51.4250	74.8250	
-0.0103	0.1372	0.0038	50.3000	74.6750	
-0.0103	0.1372	0.0038	51.0500	74.5250	
-0.0104	0.1371	0.0037	52.3750	74.6750	
-0.0104	0.1371	0.0037	51.2750	74.5500	
-0.0104	0.1371	0.0036	50.3000	74.6250	
-0.0105	0.1371	0.0036	51.7500	74.5250	
-0.0105	0.1373	0.0036	53.0000	74.6000	
-0.0105	0.1371	0.0036	51.5750	74.6000	
-0.0106	0.1372	0.0035	51.5000	74.5000	
-0.0106	0.1372	0.0035	52.7000	74.6250	
-0.0106	0.1372	0.0034	51.0250	74.6000	
-0.0106	0.1371	0.0034	52.4750	74.3250	
-0.0107	0.1371	0.0034	52.6500	74.8250	
-0.0107	0.1370	0.0033	52.5250	74.5250	
-0.0107	0.1370	0.0033	52.5500	74.5000	
-0.0108	0.1371	0.0033	52.4500	74.8000	
-0.0108	0.1370	0.0032	51.9000	74.6250	
-0.0108	0.1370	0.0032	52.6750	74.6000	
-0.0108	0.1370	0.0032	52.6500	74.6750	
-0.0109	0.1371	0.0032	53.4000	74.7000	
-0.0109	0.1370	0.0031	52.3750	74.7500	
-0.0109	0.1370	0.0031	52.2500	74.5500	
-0.0109	0.1371	0.0031	52.9250	74.7250	
-0.0109	0.1371	0.0031	53.5000	74.4750	
-0.0110	0.1370	0.0030	52.5750	74.6500	
-0.0110	0.1370	0.0030	53.0000	74.6000	
-0.0110	0.1370	0.0030	52.8000	74.6250	
-0.0110	0.1369	0.0029	52.7000	74.5500	
-0.0111	0.1370	0.0029	53.9000	74.7250	
-0.0111	0.1370	0.0029	52.7000	74.5500	
-0.0111	0.1370	0.0029	53.3500	74.5250	
-0.0111	0.1369	0.0028	53.3000	74.5000	
-0.0112	0.1370	0.0028	53.1500	74.6000	
-0.0112	0.1370	0.0028	53.0250	74.5500	
-0.0112	0.1369	0.0028	52.9250	74.5750	
-0.0112	0.1370	0.0027	53.0000	74.6500	
-0.0112	0.1370	0.0027	52.8750	74.5750	
-0.0113	0.1369	0.0027	53.9250	74.7500	
-0.0113	0.1369	0.0027	54.0250	74.6750	
-0.0113	0.1370	0.0026	52.9500	74.6750	
-0.0113	0.1369	0.0026	53.6000	74.7250	
-0.0114	0.1370	0.0026	53.9250	74.7500	
-0.0114	0.1369	0.0026	53.7750	74.5750	
-0.0114	0.1369	0.0026	53.9750	74.8250	
-0.0114	0.1369	0.0025	53.7000	74.6750	
-0.0114	0.1370	0.0025	52.9750	74.6000	
-0.0115	0.1371	0.0025	54.4750	74.5750	
-0.0115	0.1369	0.0025	54.4500	74.7250	
-0.0115	0.1369	0.0025	53.0250	74.7000	
-0.0115	0.1369	0.0024	53.3000	74.6000	
-0.0115	0.1369	0.0024	54.5000	74.7750	
-0.0115	0.1368	0.0024	53.9500	74.8000	
-0.0115	0.1369	0.0024	52.7500	74.7000	
-0.0116	0.1370	0.0024	53.8750	74.9750	
-0.0116	0.1369	0.0023	54.1000	74.8250	
-0.0116	0.1369	0.0023	53.8500	74.6250	
-0.0116	0.1368	0.0023	53.5000	74.6750	
-0.0116	0.1369	0.0023	53.6000	74.7000	
-0.0117	0.1369	0.0023	54.3750	74.7500	
-0.0117	0.1370	0.0023	53.7000	74.8000	
-0.0117	0.1370	0.0022	53.3750	74.5500	
-0.0117	0.1369	0.0022	54.6250	74.6750	
-0.0117	0.1369	0.0022	54.8250	74.7750	
-0.0117	0.1369	0.0022	53.7750	74.7750	
-0.0117	0.1369	0.0022	54.2500	74.8250	
-0.0118	0.1369	0.0021	54.0500	74.6750	
-0.0118	0.1369	0.0021	53.7500	74.8500	
-0.0118	0.1368	0.0021	54.7000	74.7000	
-0.0118	0.1371	0.0021	53.3500	74.8250	
-0.0118	0.1370	0.0021	53.5000	74.7000	
-0.0118	0.1369	0.0021	55.3750	74.8250	
-0.0118	0.1369	0.0021	54.7750	74.8000	
-0.0119	0.1368	0.0020	54.0750	74.7500	
-0.0120	0.1368	0.0018	53.6000	74.6250	
-0.0123	0.1369	0.0016	53.2500	74.5500	
-0.0125	0.1371	0.0013	52.4250	74.7000	
-0.0127	0.1372	0.0011	50.4250	74.4750	
-0.0128	0.1373	0.0011	48.8750	74.6750	
-0.0129	0.1372	0.0010	48.8250	74.5750	
-0.0129	0.1372	0.0009	49.1750	74.8250	
-0.0130	0.1372	0.0009	49.3750	74.6750	
-0.0130	0.1374	0.0008	52.0250	74.7500	
-0.0130	0.1373	0.0008	52.6000	74.9250	
-0.0131	0.1372	0.0007	51.8000	74.9000	
-0.0131	0.1372	0.0007	52.9500	74.9250	
-0.0131	0.1372	0.0007	54.8000	74.9250	
-0.0131	0.1372	0.0006	55.6500	74.8250	
-0.0132	0.1374	0.0006	55.3500	74.8750	
-0.0132	0.1372	0.0006	56.0250	74.9750	
-0.0132	0.1373	0.0006	58.0250	75.0000	
-0.0132	0.1372	0.0006	57.1750	74.8500	
-0.0132	0.1372	0.0006	57.2000	74.9500	
-0.0132	0.1372	0.0005	58.0000	74.9250	
-0.0133	0.1371	0.0005	57.1250	74.8500	
-0.0133	0.1372	0.0005	57.0000	74.9750	
-0.0133	0.1372	0.0005	57.2000	75.0500	
-0.0133	0.1372	0.0005	58.1250	75.0750	
-0.0133	0.1373	0.0005	57.2500	74.9250	
-0.0133	0.1372	0.0005	57.3250	75.0500	
-0.0133	0.1372	0.0005	57.4000	74.8750	
-0.0133	0.1373	0.0005	57.4750	75.0750	
-0.0133	0.1372	0.0004	57.2000	74.9750	
-0.0133	0.1372	0.0004	56.4250	74.9000	
-0.0134	0.1373	0.0004	57.2500	75.1000	
-0.0134	0.1372	0.0004	57.3750	75.0500	
-0.0134	0.1372	0.0004	56.6000	75.0500	
-0.0134	0.1372	0.0004	56.2250	75.0000	
-0.0134	0.1372	0.0004	56.3500	75.1000	
-0.0134	0.1372	0.0004	56.8500	75.0750	
-0.0134	0.1372	0.0004	56.5250	75.0250	
-0.0134	0.1372	0.0004	56.0000	75.1250	
-0.0134	0.1371	0.0004	56.4000	75.1000	
-0.0134	0.1372	0.0004	56.5250	75.0000	
-0.0134	0.1372	0.0003	56.3750	75.2000	
-0.0134	0.1373	0.0004	56.0000	75.1750	
-0.0134	0.1372	0.0004	55.7500	75.1000	
-0.0134	0.1373	0.0004	56.4750	75.1750	
-0.0134	0.1374	0.0004	55.8750	75.1000	
-0.0134	0.1372	0.0004	55.8000	75.1500	
-0.0134	0.1372	0.0003	56.4000	74.9500	
-0.0134	0.1372	0.0003	55.8500	75.1750	
-0.0134	0.1372	0.0003	55.8000	75.1250	
-0.0134	0.1372	0.0003	55.9500	75.1000	
-0.0134	0.1371	0.0003	55.9750	75.1750	
-0.0134	0.1372	0.0003	55.6750	75.0500	
-0.0134	0.1372	0.0003	56.2000	75.1250	
-0.0135	0.1372	0.0003	56.2000	75.1500	
-0.0135	0.1372	0.0003	55.6750	75.1750	
-0.0135	0.1372	0.0003	55.8000	75.2000	
-0.0135	0.1372	0.0003	55.5500	75.1250	
-0.0135	0.1372	0.0003	55.9250	75.1000	
-0.0135	0.1372	0.0003	55.8250	75.0250	
-0.0135	0.1372	0.0003	56.3250	75.2250	
-0.0135	0.1371	0.0003	55.7500	75.1750	
-0.0135	0.1372	0.0003	55.4250	75.0000	
-0.0135	0.1371	0.0003	56.1500	75.1500	
-0.0135	0.1371	0.0003	55.9750	75.0500	
-0.0135	0.1371	0.0003	56.0000	75.0750	
-0.0135	0.1371	0.0003	55.7500	75.0500	
-0.0135	0.1371	0.0003	55.8000	75.2000	
-0.0135	0.1371	0.0003	55.8750	75.1000	
-0.0135	0.1371	0.0003	56.2000	75.1000	
-0.0135	0.1371	0.0003	56.0500	75.1000	
-0.0135	0.1371	0.0003	56.1750	75.1750	
-0.0135	0.1372	0.0003	56.0750	75.1500	
-0.0135	0.1372	0.0003	55.7250	75.1250	
-0.0135	0.1371	0.0003	56.2250	75.1000	
-0.0135	0.1371	0.0003	55.9500	75.2250	
-0.0135	0.1372	0.0003	55.8250	75.0500	
-0.0135	0.1371	0.0003	55.9750	75.1250	
-0.0135	0.1372	0.0003	55.9750	75.1000	
-0.0135	0.1371	0.0003	55.9750	75.1250	
-0.0135	0.1371	0.0002	55.7000	75.1500	
-0.0135	0.1372	0.0003	56.1500	75.0750	
-0.0135	0.1372	0.0002	56.4250	75.2000	
-0.0135	0.1372	0.0002	55.6500	75.1000	
-0.0135	0.1371	0.0002	55.5250	75.1250	
-0.0135	0.1372	0.0002	56.7750	75.1500	
-0.0135	0.1372	0.0002	56.2250	75.1250	
-0.0135	0.1371	0.0002	55.3000	75.1500	
-0.0135	0.1371	0.0002	56.2750	75.0750	
-0.0135	0.1371	0.0002	56.4250	75.1000	
-0.0135	0.1371	0.0002	55.9500	75.1250	
-0.0135	0.1372	0.0002	56.0000	75.2000	
-0.0135	0.1371	0.0002	56.6000	75.1250	
-0.0135	0.1371	0.0002	55.7500	75.2000	
-0.0135	0.1372	0.0002	55.8000	74.9750	
-0.0135	0.1371	0.0002	56.6250	75.1500	
-0.0135	0.1372	0.0002	56.1750	75.1000	
-0.0135	0.1372	0.0002	55.5500	75.1500	
-0.0135	0.1371	0.0002	56.0000	75.1250	
-0.0135	0.1371	0.0002	56.3750	75.0500	
-0.0135	0.1371	0.0002	56.0500	75.1500	
-0.0135	0.1372	0.0002	56.6500	75.2750	
-0.0135	0.1372	0.0002	55.9250	75.1250	
-0.0135	0.1371	0.0002	55.6250	75.1000	
-0.0135	0.1371	0.0002	56.4000	75.2000	
-0.0135	0.1372	0.0002	56.1750	75.1000	
-0.0135	0.1371	0.0002	56.0000	74.9750	
-0.0135	0.1372	0.0002	56.1000	75.1500	
-0.0135	0.1371	0.0002	56.5250	75.1500	
-0.0135	0.1371	0.0002	56.1500	75.0750	
-0.0135	0.1372	0.0002	56.2250	75.0250	
-0.0135	0.1371	0.0002	55.6750	75.1000	
-0.0135	0.1371	0.0002	56.3250	75.0250	
-0.0135	0.1371	0.0002	56.5250	75.2000	
-0.0135	0.1372	0.0002	56.1500	75.0750	
-0.0135	0.1371	0.0002	56.1500	75.0000	
-0.0135	0.1371	0.0002	56.1250	75.3000	
-0.0135	0.1371	0.0002	56.3500	75.2250	
-0.0135	0.1371	0.0002	56.5000	75.1750	
-0.0135	0.1371	0.0002	56.2250	75.1500	
-0.0135	0.1371	0.0002	55.9250	75.0750	
-0.0135	0.1371	0.0002	56.3000	75.2250	
-0.0135	0.1371	0.0002	56.3000	75.1250	
-0.0135	0.1371	0.0002	56.0750	75.1000	
-0.0135	0.1372	0.0002	55.5750	75.1750	
-0.0135	0.1371	0.0002	56.2000	75.0500	
-0.0135	0.1371	0.0002	56.5750	75.1250	
-0.0135	0.1371	0.0002	55.8750	75.1000	
-0.0135	0.1372	0.0002	56.1750	75.1500	
-0.0135	0.1371	0.0002	56.5750	75.2250	
-0.0135	0.1371	0.0002	56.3000	75.2000	
-0.0135	0.1371	0.0002	56.2750	75.0500	
-0.0135	0.1372	0.0002	56.5750	75.1000	
-0.0135	0.1372	0.0002	56.3000	75.1500	
-0.0135	0.1371	0.0002	56.1500	75.1250	
-0.0135	0.1371	0.0002	56.4750	75.1250	
-0.0135	0.1371	0.0002	56.3750	75.0750	
-0.0135	0.1371	0.0002	55.9250	75.1250	
-0.0135	0.1372	0.0002	55.7500	75.1250	
-0.0136	0.1375	0.0002	57.3750	75.1500	
-0.0135	0.1372	0.0002	56.7750	75.1000	
-0.0135	0.1371	0.0002	55.6500	75.0500	
-0.0135	0.1371	0.0002	56.3750	75.2250	
-0.0135	0.1372	0.0002	56.5250	75.0750	
-0.0135	0.1371	0.0002	56.1500	75.1500	
-0.0135	0.1372	0.0002	56.4250	75.1000	
-0.0135	0.1371	0.0002	56.2500	75.1500	
-0.0135	0.1371	0.0002	56.1000	75.1000	
-0.0135	0.1371	0.0002	56.3500	75.1000	
-0.0135	0.1371	0.0002	56.5000	75.2000	
-0.0135	0.1371	0.0002	56.1000	75.1000	
-0.0135	0.1371	0.0002	56.2750	75.1500	
-0.0135	0.1371	0.0002	56.1000	75.2000	
-0.0135	0.1371	0.0002	56.4250	75.0250	
-0.0136	0.1372	0.0002	57.0000	74.9500	
-0.0135	0.1371	0.0002	56.2250	75.1500	
-0.0135	0.1371	0.0002	56.1250	75.2250	
-0.0135	0.1372	0.0002	56.6000	75.0750	
-0.0135	0.1371	0.0002	56.1000	75.1250	
-0.0135	0.1370	0.0002	56.2000	75.0500	
-0.0135	0.1371	0.0002	56.7250	75.1750	
-0.0136	0.1371	0.0002	56.3000	75.0750	
-0.0135	0.1371	0.0002	56.0250	75.0500	
-0.0135	0.1371	0.0002	55.9250	75.2000	
-0.0135	0.1370	0.0002	56.8500	75.1750	
-0.0135	0.1371	0.0002	56.7250	75.1500	
-0.0135	0.1372	0.0002	55.9000	75.0750	
-0.0135	0.1372	0.0002	55.8500	75.1750	
-0.0135	0.1371	0.0002	56.5000	75.1250	
-0.0136	0.1371	0.0002	56.8750	75.0750	
-0.0136	0.1371	0.0002	56.3500	75.0750	
-0.0135	0.1371	0.0002	56.0750	75.1000	
-0.0135	0.1371	0.0002	55.8500	75.0500	
-0.0135	0.1371	0.0002	56.5250	75.0000	
-0.0135	0.1371	0.0002	56.8500	75.1250	
-0.0135	0.1372	0.0002	55.8750	75.1000	
-0.0135	0.1371	0.0002	56.4250	75.1250	
-0.0135	0.1371	0.0002	56.5250	75.1500	
-0.0136	0.1372	0.0002	55.9250	75.1250	
-0.0136	0.1371	0.0002	56.7500	75.1250	
-0.0136	0.1371	0.0002	56.3500	75.1250	
-0.0136	0.1372	0.0002	55.7750	75.0250	
-0.0136	0.1370	0.0002	56.2500	75.1750	
-0.0136	0.1371	0.0002	56.6250	75.0750	
-0.0136	0.1371	0.0002	56.5500	75.0500	
-0.0136	0.1372	0.0002	56.0000	75.0000	
-0.0136	0.1373	0.0002	56.7500	75.1000	
-0.0136	0.1371	0.0002	56.8750	75.0500	
-0.0136	0.1373	0.0002	55.2750	75.1750	
-0.0136	0.1371	0.0002	56.1500	75.1250	
-0.0136	0.1372	0.0002	57.4250	75.1500	
-0.0136	0.1371	0.0002	56.2500	75.1250	
-0.0136	0.1372	0.0002	56.2750	75.2500	
-0.0136	0.1373	0.0002	55.9500	75.2000	
-0.0136	0.1374	0.0002	56.5000	75.0000	
-0.0136	0.1375	0.0002	56.4250	75.1250	
-0.0136	0.1375	0.0002	55.8750	75.1250	
-0.0136	0.1374	0.0002	56.2250	75.2000	
-0.0136	0.1375	0.0002	56.3500	75.2500	
-0.0136	0.1375	0.0002	56.0500	75.1750	
-0.0136	0.1375	0.0002	56.0250	75.2500	
-0.0136	0.1375	0.0002	56.1500	75.2500	
-0.0136	0.1374	0.0002	56.7250	75.2250	
-0.0136	0.1375	0.0002	56.8500	75.1750	
-0.0136	0.1375	0.0001	56.6500	75.3000	
-0.0136	0.1375	0.0001	56.4250	75.2000	
-0.0136	0.1376	0.0002	57.2500	75.2500	
-0.0136	0.1377	0.0002	56.7000	75.1500	
-0.0136	0.1376	0.0002	57.0750	75.2500	
-0.0136	0.1376	0.0002	57.7250	75.3250	
-0.0136	0.1376	0.0002	56.6750	75.2500	
-0.0136	0.1375	0.0001	56.5500	75.1750	
-0.0136	0.1377	0.0002	58.0250	75.3500	
-0.0136	0.1376	0.0001	57.1000	75.1750	
-0.0136	0.1376	0.0002	56.8500	75.2750	
-0.0136	0.1377	0.0002	57.1750	75.3250	
-0.0136	0.1376	0.0002	56.8000	75.2250	
-0.0136	0.1377	0.0002	56.4250	75.2750	
-0.0136	0.1376	0.0001	57.0000	75.2000	
-0.0136	0.1376	0.0001	57.3000	75.2750	
-0.0136	0.1376	0.0001	57.1500	75.3250	
-0.0136	0.1376	0.0001	56.6000	75.2750	
-0.0136	0.1379	0.0002	56.3000	75.2250	
-0.0136	0.1378	0.0001	57.3750	75.3000	
-0.0136	0.1377	0.0001	57.4000	75.3500	
-0.0136	0.1377	0.0002	56.2500	75.2250	
-0.0136	0.1376	0.0002	56.4000	75.3750	
-0.0136	0.1377	0.0002	57.0750	75.3000	
-0.0136	0.1377	0.0001	57.1250	75.2750	
-0.0136	0.1377	0.0001	56.7500	75.2500	
-0.0136	0.1377	0.0001	56.8250	75.3500	
-0.0136	0.1377	0.0001	56.7250	75.2250	
-0.0136	0.1377	0.0002	56.6250	75.2250	
-0.0136	0.1377	0.0001	56.7500	75.3500	
-0.0136	0.1377	0.0001	56.5500	75.2500	
-0.0137	0.1377	0.0001	56.6500	75.3000	
-0.0136	0.1377	0.0001	56.8000	75.3000	
-0.0136	0.1378	0.0002	56.8750	75.4500	
-0.0136	0.1377	0.0001	56.6000	75.2250	
-0.0136	0.1377	0.0002	56.7000	75.3250	
-0.0136	0.1378	0.0002	57.0250	75.2750	
-0.0137	0.1378	0.0001	56.8250	75.3000	
-0.0136	0.1378	0.0001	56.6750	75.3250	
-0.0137	0.1379	0.0002	56.4250	75.4250	
-0.0136	0.1379	0.0002	56.4250	75.3250	
-0.0136	0.1379	0.0002	56.9250	75.3000	
-0.0136	0.1379	0.0002	56.8500	75.3000	
-0.0137	0.1380	0.0002	55.7750	75.3250	
-0.0137	0.1379	0.0002	56.1750	75.4250	
-0.0137	0.1379	0.0002	56.8750	75.5000	
-0.0136	0.1379	0.0002	56.7250	75.2500	
-0.0137	0.1380	0.0001	55.8500	75.3500	
-0.0137	0.1379	0.0001	55.9500	75.2500	
-0.0137	0.1379	0.0002	56.4750	75.4250	
-0.0137	0.1380	0.0002	56.6250	75.3000	
-0.0136	0.1380	0.0002	56.6250	75.2250	
-0.0137	0.1380	0.0001	56.1000	75.4000	
-0.0137	0.1380	0.0002	55.8250	75.3250	
-0.0137	0.1382	0.0002	56.5250	75.3500	
-0.0137	0.1381	0.0002	55.9250	75.3750	
-0.0137	0.1381	0.0002	55.8500	75.2750	
-0.0137	0.1380	0.0002	56.3500	75.4750	
-0.0137	0.1380	0.0002	56.4500	75.3750	
-0.0137	0.1381	0.0002	56.3750	75.4250	
-0.0137	0.1380	0.0002	56.2250	75.3500	
-0.0137	0.1380	0.0001	56.1250	75.3750	
-0.0137	0.1381	0.0002	56.3750	75.4750	
-0.0137	0.1381	0.0002	56.2750	75.3750	
-0.0137	0.1381	0.0002	56.0250	75.3500	
-0.0137	0.1380	0.0002	56.1750	75.4000	
-0.0137	0.1380	0.0002	56.1500	75.4250	
-0.0137	0.1381	0.0001	56.3750	75.4250	
-0.0137	0.1381	0.0002	56.2750	75.3250	
-0.0137	0.1382	0.0002	56.3000	75.3500	
-0.0137	0.1382	0.0002	56.0250	75.3000	
-0.0137	0.1382	0.0002	55.8000	75.4250	
-0.0137	0.1382	0.0002	56.3000	75.3500	
-0.0137	0.1382	0.0002	56.3250	75.4000	
-0.0137	0.1381	0.0002	56.1000	75.4750	
-0.0137	0.1382	0.0002	56.3500	75.3750	
-0.0137	0.1381	0.0002	56.4250	75.3500	
-0.0137	0.1382	0.0002	56.1500	75.3750	
-0.0137	0.1382	0.0002	56.0500	75.4500	
-0.0137	0.1382	0.0002	55.9250	75.3250	
-0.0137	0.1383	0.0002	56.6500	75.4000	
-0.0137	0.1382	0.0002	56.6750	75.5250	
-0.0137	0.1382	0.0001	55.7750	75.3000	
-0.0137	0.1382	0.0002	55.8000	75.3500	
-0.0137	0.1382	0.0002	56.4000	75.4000	
-0.0137	0.1382	0.0002	56.7250	75.3500	
-0.0137	0.1382	0.0002	56.1750	75.3750	
-0.0137	0.1382	0.0002	56.0500	75.4250	
-0.0137	0.1382	0.0002	56.2250	75.4250	
-0.0137	0.1382	0.0002	56.2500	75.4750	
-0.0137	0.1382	0.0002	56.3250	75.3500	
-0.0137	0.1383	0.0002	56.0250	75.3500	
-0.0137	0.1383	0.0002	56.2750	75.5250	
-0.0137	0.1384	0.0002	56.2750	75.4250	
-0.0137	0.1383	0.0002	56.2000	75.4750	
-0.0137	0.1383	0.0002	56.3250	75.4500	
-0.0137	0.1383	0.0002	55.9750	75.3500	
-0.0137	0.1383	0.0002	56.4250	75.3500	
-0.0137	0.1383	0.0002	56.7250	75.3500	
-0.0137	0.1383	0.0002	56.0750	75.4250	
-0.0137	0.1384	0.0002	55.8000	75.4500	
-0.0137	0.1383	0.0002	56.1000	75.4000	
-0.0137	0.1383	0.0002	56.2000	75.3750	
-0.0137	0.1383	0.0002	56.5750	75.4250	
-0.0137	0.1383	0.0002	56.3500	75.3750	
-0.0137	0.1383	0.0002	56.2750	75.3750	
-0.0137	0.1383	0.0002	56.1250	75.3750	
-0.0137	0.1383	0.0002	56.2000	75.4000	
-0.0137	0.1384	0.0002	56.0500	75.4250	
-0.0137	0.1383	0.0002	56.0500	75.4000	
-0.0137	0.1383	0.0002	56.5000	75.3750	
-0.0137	0.1384	0.0002	56.3750	75.4250	
-0.0137	0.1383	0.0002	55.9750	75.4000	
-0.0137	0.1383	0.0002	56.4000	75.4250	
-0.0137	0.1383	0.0002	56.4500	75.3500	
-0.0137	0.1384	0.0002	55.9250	75.4750	
-0.0137	0.1383	0.0002	56.1500	75.4250	
-0.0137	0.1384	0.0002	56.2000	75.4500	
-0.0137	0.1383	0.0002	56.1500	75.4250	
-0.0137	0.1384	0.0002	56.0750	75.4000	
-0.0137	0.1384	0.0002	55.9750	75.4250	
-0.0137	0.1384	0.0002	56.3500	75.3750	
-0.0137	0.1384	0.0002	56.4750	75.3750	
-0.0137	0.1384	0.0002	56.2000	75.4000	
-0.0137	0.1384	0.0002	55.8000	75.4500	
-0.0137	0.1383	0.0002	56.0250	75.3750	
-0.0137	0.1385	0.0002	56.4250	75.4750	
-0.0137	0.1385	0.0002	55.8750	75.3250	
-0.0137	0.1384	0.0002	55.6750	75.3250	
-0.0137	0.1384	0.0002	56.5500	75.4750	
-0.0137	0.1385	0.0002	56.4750	75.4250	
-0.0137	0.1384	0.0002	55.9500	75.4000	
-0.0137	0.1386	0.0002	56.4750	75.4000	
-0.0137	0.1384	0.0002	56.1750	75.4750	
-0.0137	0.1385	0.0002	56.0500	75.5500	
-0.0137	0.1384	0.0002	56.1250	75.4750	
-0.0137	0.1385	0.0002	55.7750	75.4250	
-0.0137	0.1385	0.0002	56.2250	75.3750	
-0.0137	0.1384	0.0002	56.1750	75.4500	
-0.0137	0.1384	0.0002	56.0250	75.4500	
-0.0137	0.1385	0.0002	56.1250	75.4250	
-0.0137	0.1384	0.0002	56.1500	75.3500	
-0.0137	0.1386	0.0002	55.8250	75.4750	
-0.0137	0.1387	0.0002	56.5250	75.5750	
-0.0137	0.1385	0.0002	56.3250	75.4750	
-0.0137	0.1385	0.0002	55.9000	75.4000	
-0.0137	0.1386	0.0002	56.0750	75.4500	
-0.0137	0.1385	0.0002	56.4000	75.4500	
-0.0137	0.1385	0.0002	56.1000	75.4000	
-0.0137	0.1386	0.0002	55.6750	75.4250	
-0.0137	0.1385	0.0002	55.8000	75.4500	
-0.0137	0.1385	0.0002	56.5250	75.5250	
-0.0137	0.1385	0.0002	56.6750	75.4250	
-0.0137	0.1385	0.0002	56.0500	75.3750	
-0.0137	0.1385	0.0002	55.5500	75.5000	
-0.0137	0.1385	0.0002	56.0500	75.5250	
-0.0137	0.1386	0.0002	56.4500	75.4750	
-0.0137	0.1386	0.0002	56.2500	75.3750	
-0.0137	0.1385	0.0002	56.0500	75.4250	
-0.0137	0.1385	0.0002	56.1500	75.4000	
-0.0137	0.1385	0.0002	55.9500	75.4250	
-0.0137	0.1385	0.0002	55.9250	75.4500	
-0.0137	0.1386	0.0002	56.4000	75.4000	
-0.0137	0.1386	0.0002	56.5000	75.4750	
-0.0137	0.1386	0.0002	56.0250	75.4500	
-0.0137	0.1386	0.0002	56.1500	75.5250	
-0.0137	0.1386	0.0002	56.2000	75.5000	
-0.0137	0.1386	0.0002	56.1750	75.4750	
-0.0137	0.1385	0.0002	56.3000	75.4750	
-0.0137	0.1386	0.0002	56.3250	75.5750	
-0.0137	0.1386	0.0002	56.0750	75.5250	
-0.0137	0.1386	0.0002	55.9500	75.5000	
-0.0137	0.1386	0.0002	56.2750	75.4500	
-0.0137	0.1386	0.0002	56.3750	75.5000	
-0.0137	0.1386	0.0002	56.1750	75.5250	
-0.0137	0.1386	0.0002	56.2000	75.4250	
-0.0137	0.1386	0.0002	55.8250	75.4250	
-0.0137	0.1386	0.0002	55.9750	75.5000	
-0.0137	0.1386	0.0002	56.1250	75.4000	
-0.0137	0.1386	0.0002	55.9250	75.4750	
-0.0137	0.1386	0.0002	56.3000	75.6250	
-0.0137	0.1386	0.0002	56.3500	75.4250	
-0.0137	0.1386	0.0002	56.0500	75.4000	
-0.0137	0.1388	0.0002	56.0750	75.4500	
-0.0137	0.1386	0.0002	56.0750	75.4500	
-0.0137	0.1387	0.0002	56.1000	75.4500	
-0.0137	0.1387	0.0002	56.0250	75.5000	
-0.0137	0.1386	0.0002	56.0250	75.6000	
-0.0137	0.1386	0.0002	55.9750	75.4750	
-0.0137	0.1387	0.0002	56.3250	75.4500	
-0.0137	0.1386	0.0002	56.0750	75.4750	
-0.0137	0.1387	0.0002	56.0250	75.4500	
-0.0137	0.1387	0.0002	55.9000	75.5000	
-0.0137	0.1387	0.0002	56.1000	75.5250	
-0.0137	0.1386	0.0002	56.1000	75.3250	
-0.0137	0.1387	0.0002	56.0000	75.7000	
-0.0137	0.1387	0.0002	55.7750	75.4500	
-0.0137	0.1387	0.0002	55.4500	75.4500	
-0.0137	0.1389	0.0002	56.3000	75.4000	
-0.0137	0.1387	0.0002	56.5250	75.5750	
-0.0137	0.1387	0.0002	55.5000	75.5000	
-0.0137	0.1387	0.0002	55.7000	75.4250	
-0.0137	0.1388	0.0002	56.4250	75.5250	
-0.0137	0.1387	0.0002	56.2750	75.3000	
-0.0137	0.1387	0.0002	55.8000	75.5000	
-0.0137	0.1388	0.0002	55.8000	75.4500	
-0.0137	0.1388	0.0002	55.7500	75.5250	
-0.0137	0.1387	0.0002	55.8750	75.4750	
-0.0137	0.1387	0.0002	56.0000	75.4750	
-0.0137	0.1388	0.0002	55.8000	75.4500	
-0.0137	0.1388	0.0002	55.5750	75.4750	
-0.0137	0.1388	0.0002	55.6500	75.5000	
-0.0137	0.1388	0.0002	56.2500	75.4250	
-0.0137	0.1388	0.0002	56.1000	75.5250	
-0.0137	0.1388	0.0002	55.6500	75.4750	
-0.0137	0.1388	0.0002	55.9500	75.5250	
-0.0137	0.1388	0.0002	55.5750	75.5500	
-0.0137	0.1388	0.0002	55.6250	75.5500	
0.3836	50.0000	0.4564	50.0000	
0.3634	50.0000	0.4392	50.0000	
0.3440	50.0000	0.4218	50.0000	
0.3245	50.0000	0.4049	50.0000	
0.3069	50.0000	0.3881	50.0000	
0.2907	50.0000	0.3720	50.0000	
0.2776	49.9750	0.3567	50.0000	
0.2671	49.9750	0.3429	50.0000	
0.2596	50.4500	0.3307	50.0000	
0.2547	52.4750	0.3203	50.0000	
0.2517	53.7750	0.3113	51.0750	
0.2490	54.9750	0.3042	69.3750	
0.2468	48.7250	0.2981	84.3500	
0.2444	36.6750	0.2931	82.1000	
0.2417	33.3750	0.2883	71.8000	
0.2386	31.0500	0.2839	66.8500	
0.2350	28.6000	0.2797	63.1750	
0.2311	26.5500	0.2754	60.0000	
0.2271	25.4250	0.2711	57.3500	
0.2234	25.2000	0.2667	54.7500	
0.2200	25.1750	0.2622	52.3750	
0.2164	25.1000	0.2575	50.8000	
0.2128	24.9500	0.2527	49.8000	
0.2091	25.0000	0.2478	49.2250	
0.2052	24.9750	0.2427	48.9250	
0.2013	25.0250	0.2374	48.5500	
0.1973	25.0250	0.2320	48.2500	
0.1933	25.0500	0.2264	48.0500	
0.1893	25.2000	0.2207	48.2500	
0.1854	25.2750	0.2150	48.2500	
0.1818	25.3250	0.2093	48.1250	
0.1783	25.3500	0.2037	48.0250	
0.1750	25.0750	0.1983	47.9750	
0.1719	25.0500	0.1928	48.1250	
0.1690	24.8750	0.1875	48.1250	
0.1663	25.1250	0.1821	48.2500	
0.1638	24.9750	0.1764	48.4000	
0.1615	25.2000	0.1705	48.1750	
0.1594	25.0500	0.1650	47.9750	
0.1575	24.9250	0.1602	48.0000	
0.1557	24.9250	0.1559	48.0000	
0.1542	25.2500	0.1522	48.0750	
0.1528	25.0750	0.1489	48.1000	
0.1515	25.1250	0.1461	48.3000	
0.1505	25.2000	0.1436	48.3250	
0.1494	25.1500	0.1414	48.4500	
0.1486	25.2500	0.1394	48.5750	
0.1478	25.2250	0.1375	48.6750	
0.1471	25.2500	0.1356	48.8250	
0.1466	25.4250	0.1337	48.9250	
0.1461	25.2750	0.1317	49.0000	
0.1457	24.9750	0.1296	49.0500	
0.1454	25.8750	0.1274	49.1750	
0.1451	25.4750	0.1250	49.2500	
0.1449	25.1250	0.1224	49.3000	
0.1447	25.0750	0.1196	49.4500	
0.1445	25.8500	0.1163	49.5250	
0.1444	25.9500	0.1122	49.7750	
0.1442	25.0500	0.1072	49.8500	
0.1441	25.2250	0.1014	49.9500	
0.1440	25.9500	0.0950	50.0750	
0.1440	26.4500	0.0881	50.2750	
0.1439	25.7000	0.0807	50.8250	
0.1438	25.4250	0.0731	51.3000	
0.1437	27.7000	0.0655	52.1500	
0.1437	27.2000	0.0579	53.5000	
0.1436	25.9750	0.0501	55.0750	
0.1435	25.5000	0.0425	57.2250	
0.1435	27.5250	0.0357	59.6250	
0.1434	28.1250	0.0295	62.7250	
0.1434	27.7750	0.0236	65.6500	
0.1433	27.1750	0.0178	67.9750	
0.1432	27.7000	0.0127	70.2750	
0.1433	27.6750	0.0086	72.0500	
0.1432	29.6000	0.0057	73.2000	
0.1431	29.5000	0.0039	74.1500	
0.1431	26.6500	0.0030	74.8750	
0.1431	27.5250	0.0024	75.0750	
0.1430	30.6250	0.0022	75.1750	
0.1430	32.6500	0.0020	75.2000	
0.1430	27.4250	0.0018	75.2250	
0.1429	28.4000	0.0017	75.0500	
0.1429	34.6500	0.0016	75.0250	
0.1429	28.2750	0.0015	74.9750	
0.1428	30.2500	0.0014	74.9000	
0.1428	32.6250	0.0014	74.9500	
0.1427	31.3000	0.0013	74.9250	
0.1427	29.8500	0.0012	74.9250	
0.1427	29.6000	0.0012	74.8750	
0.1426	33.2000	0.0011	74.8750	
0.1426	37.9000	0.0011	74.7750	
0.1425	31.1750	0.0011	74.8500	
0.1425	29.5500	0.0010	74.7750	
0.1425	33.3250	0.0010	74.8250	
0.1424	35.9750	0.0010	74.7750	
0.1424	34.1250	0.0009	74.6500	
0.1424	31.3000	0.0009	74.7000	
0.1424	36.0250	0.0009	74.7500	
0.1423	34.8750	0.0008	74.7000	
0.1422	27.7000	0.0008	74.7750	
0.1421	31.6000	0.0008	74.7250	
0.1420	37.6250	0.0008	74.7750	
0.1419	46.6000	0.0008	74.7500	
0.1418	51.6250	0.0008	74.7250	
0.1417	53.9250	0.0007	74.8000	
0.1417	54.8500	0.0007	74.7000	
0.1417	55.6250	0.0007	74.7750	
0.1417	55.6750	0.0007	74.6500	
0.1416	56.2500	0.0007	74.7750	
0.1417	56.5500	0.0007	74.7250	
0.1415	56.1000	0.0006	74.7750	
0.1416	55.9750	0.0006	74.8250	
0.1416	55.5750	0.0006	74.7750	
0.1416	55.6500	0.0006	74.7750	
0.1415	55.6750	0.0006	74.8250	
0.1415	54.9250	0.0006	74.7750	
0.1415	54.9750	0.0006	74.8250	
0.1414	55.1250	0.0006	74.7750	
0.1414	54.6750	0.0006	74.8250	
0.1415	54.9750	0.0006	74.8000	
0.1414	55.1000	0.0005	74.8500	
0.1414	55.2000	0.0005	74.8250	
0.1414	55.2500	0.0005	74.8000	
0.1414	55.3750	0.0005	74.9000	
0.1414	55.5500	0.0005	74.8500	
0.1414	55.9000	0.0005	74.8750	
0.1413	55.8250	0.0005	74.7750	
0.1413	55.9750	0.0005	74.8500	
0.1413	55.8250	0.0005	74.8500	
0.1413	55.9000	0.0005	74.8500	
0.1413	55.5750	0.0005	74.8750	
0.1413	56.3750	0.0005	74.8250	
0.1413	56.3500	0.0005	74.8250	
0.1412	56.1750	0.0005	74.8500	
0.1412	56.2750	0.0004	74.8000	
0.1412	56.3750	0.0004	74.8500	
0.1412	56.4750	0.0004	74.8000	
0.1412	56.4500	0.0004	74.9250	
0.1411	56.5750	0.0004	74.8750	
0.1411	56.4000	0.0004	74.8250	
0.1412	55.8250	0.0004	74.8750	
0.1411	56.5750	0.0004	74.8250	
0.1411	56.5500	0.0004	74.8750	
0.1411	55.9750	0.0004	74.8500	
0.1411	56.5250	0.0004	74.8250	
0.1411	56.1750	0.0004	74.9500	
0.1411	56.1500	0.0004	74.9250	
0.1411	56.8000	0.0004	74.8500	
0.1411	56.1000	0.0004	74.9250	
0.1410	56.3250	0.0004	74.9000	
0.1411	56.6000	0.0004	74.9250	
0.1410	56.0250	0.0004	74.9500	
0.1410	56.2750	0.0004	74.9500	
0.1410	56.1000	0.0004	75.0250	
0.1410	56.8250	0.0004	74.9500	
0.1410	56.2750	0.0004	74.9750	
0.1410	56.3250	0.0004	74.9250	
0.1410	56.9000	0.0004	74.9750	
0.1409	56.3250	0.0004	74.9500	
0.1409	56.1500	0.0003	75.0000	
0.1411	56.2000	0.0003	75.0000	
0.1409	56.0750	0.0003	74.9750	
0.1409	56.4000	0.0003	75.0000	
0.1409	56.6000	0.0003	75.0000	
0.1409	56.5750	0.0003	74.9500	
0.1409	56.2750	0.0003	74.9250	
0.1409	56.7500	0.0003	75.0000	
0.1409	56.8250	0.0003	74.9750	
0.1409	56.8250	0.0003	75.0250	
0.1409	56.5750	0.0003	74.9500	
0.1408	55.9250	0.0003	74.9750	
0.1408	56.1750	0.0003	75.0000	
0.1408	56.1000	0.0003	75.0000	
0.1408	55.5250	0.0003	74.9500	
0.1408	55.5000	0.0003	74.9750	
0.1408	55.7500	0.0003	74.9500	
0.1408	55.9000	0.0003	74.9500	
0.1407	55.9000	0.0003	74.9250	
0.1408	55.5500	0.0003	74.9000	
0.1409	55.6000	0.0003	74.8750	
0.1407	55.8000	0.0003	74.8750	
0.1407	55.4500	0.0002	74.8250	
0.1407	55.3500	0.0002	74.8250	
0.1407	55.3000	0.0002	74.8000	
0.1407	55.2000	0.0002	74.8250	
0.1408	55.6500	0.0002	74.7500	
0.1406	55.3000	0.0002	74.7250	
0.1407	55.1000	0.0002	74.7750	
0.1406	55.3500	0.0002	74.8250	
0.1406	54.7500	0.0002	74.7750	
0.1406	55.3500	0.0002	74.7500	
0.1406	55.2000	0.0002	74.7500	
0.1407	55.5250	0.0002	74.8000	
0.1406	54.9750	0.0002	74.7500	
0.1406	55.6750	0.0002	74.7250	
0.1406	55.4000	0.0002	74.8000	
0.1406	55.7750	0.0002	74.7000	
0.1405	55.5750	0.0002	74.7750	
0.1405	55.8000	0.0002	74.7500	
0.1405	55.6250	0.0002	74.7000	
0.1405	55.2000	0.0002	74.7500	
0.1405	54.7500	0.0002	74.7000	
0.1405	54.7250	0.0002	74.7500	
0.1405	54.8750	0.0002	74.6750	
0.1404	54.9750	0.0002	74.8000	
0.1404	55.0750	0.0002	74.7500	
0.1404	55.0500	0.0002	74.7250	
0.1404	54.6750	0.0002	74.7750	
0.1404	54.7250	0.0002	74.8000	
0.1403	54.5000	0.0002	74.8000	
0.1403	54.5250	0.0001	74.8000	
0.1403	54.6250	0.0001	74.7250	
0.1402	54.4000	0.0001	74.8250	
0.1401	54.6750	0.0001	74.8250	
0.1400	54.6500	0.0001	74.7750	
0.1399	54.7500	0.0001	74.7750	
0.1399	54.4250	0.0001	74.8250	
0.1398	53.6500	0.0001	74.8500	
0.1397	54.3000	0.0001	74.8250	
0.1397	54.3250	0.0001	74.8250	
0.1396	54.9250	0.0001	74.8250	
0.1395	54.6250	0.0001	74.7750	
0.1395	55.1750	0.0001	74.7000	
0.1394	54.9250	0.0001	74.8250	
0.1394	54.6250	0.0001	74.7750	
0.1394	54.2500	0.0001	74.8250	
0.1392	54.7250	0.0001	74.8000	
0.1392	54.9500	0.0001	74.8250	
0.1391	54.9000	0.0001	74.8500	
0.1391	55.0750	0.0001	74.8500	
0.1390	54.5000	0.0001	74.7500	
0.1391	54.3750	0.0001	74.8250	
0.1390	54.1500	0.0001	74.9000	
0.1389	53.5750	0.0001	74.7750	
0.1388	53.3000	0.0001	74.8250	
0.1388	53.7500	0.0001	74.8750	
0.1388	54.2250	0.0001	74.8500	
0.1387	54.1500	0.0001	74.8500	
0.1387	53.6000	0.0001	74.8500	
0.1386	53.2750	0.0001	74.9000	
0.1386	53.0750	0.0001	74.8500	
0.1385	53.2000	0.0001	74.8750	
0.1386	53.8250	0.0001	74.8250	
0.1384	53.2500	0.0001	74.9250	
0.1384	53.3500	0.0001	74.8250	
0.1383	53.7750	0.0001	74.8000	
0.1383	53.3500	0.0001	74.7500	
0.1382	52.5750	0.0001	74.8500	
0.1382	52.8500	0.0001	74.8250	
0.1382	52.8500	0.0001	74.8250	
0.1381	52.6500	0.0001	74.8000	
0.1381	52.9750	0.0001	74.8250	
0.1381	52.3000	0.0001	74.7750	
0.1381	53.3750	0.0001	74.7750	
0.1380	52.5250	0.0001	74.8000	
0.1380	52.7000	0.0001	74.8000	
0.1379	53.0250	0.0001	74.8250	
0.1379	52.5750	0.0001	74.7750	
0.1378	52.5250	0.0001	74.8250	
0.1378	52.5750	0.0001	74.8000	
0.1378	52.3500	0.0001	74.7750	
0.1377	52.3500	0.0001	74.8000	
0.1378	52.7750	0.0001	74.8250	
0.1377	52.9500	0.0001	74.7500	
0.1376	53.0000	0.0001	74.8500	
0.1376	53.0500	0.0001	74.7750	
0.1376	53.0250	0.0001	74.8000	
0.1376	53.0000	0.0001	74.7750	
0.1376	52.8750	0.0001	74.8000	
0.1375	53.0250	0.0001	74.7250	
0.1375	53.2250	0.0001	74.8000	
0.1377	54.0750	0.0001	74.8250	
0.1374	52.8250	0.0001	74.7500	
0.1374	53.4000	0.0001	74.8000	
0.1374	54.1750	0.0001	74.7750	
0.1374	53.9750	0.0001	74.9000	
0.1374	53.2000	0.0001	74.7750	
0.1373	52.7000	0.0001	74.7750	
0.1373	53.5500	0.0001	74.8000	
0.1373	53.3000	0.0001	74.7750	
0.1373	53.4500	0.0001	74.7500	
0.1372	53.4000	0.0001	74.7750	
0.1372	53.4750	0.0001	74.7750	
0.1372	53.7000	0.0001	74.8250	
0.1372	53.1000	0.0001	74.8250	
0.1372	53.1750	0.0001	74.8500	
0.1372	52.5000	0.0001	74.7750	
0.1371	52.2500	0.0001	74.8000	
0.1371	52.1000	0.0001	74.7750	
0.1371	52.5250	0.0001	74.8250	
0.1371	52.7500	0.0001	74.8000	
0.1370	51.4250	0.0001	74.7750	
0.1370	52.2750	0.0001	74.8500	
0.1370	52.9000	0.0001	74.8000	
0.1370	53.2250	0.0001	74.7750	
0.1370	52.4000	0.0001	74.8000	
0.1369	51.7250	0.0001	74.8000	
0.1369	52.5250	0.0001	74.7750	
0.1369	52.4500	0.0001	74.9000	
0.1369	52.8500	0.0001	74.8250	
0.1369	52.3500	0.0001	74.8250	
0.1368	53.1750	0.0001	74.7500	
0.1368	53.4000	0.0001	74.7750	
0.1369	52.7500	0.0001	74.8750	
0.1368	52.7000	0.0001	74.8000	
0.1369	52.3000	0.0001	74.7750	
0.1367	52.7250	0.0001	74.7750	
0.1368	53.0750	0.0001	74.8750	
0.1368	53.1000	0.0001	74.8500	
0.1367	53.0250	0.0001	74.8250	
0.1367	52.3750	0.0001	74.7000	
0.1366	53.4000	0.0001	74.8500	
0.1367	53.2500	0.0001	74.7750	
0.1366	52.2750	0.0001	74.8250	
0.1366	52.5500	0.0001	74.8500	
0.1367	53.0750	0.0001	74.8250	
0.1366	51.8750	0.0001	74.8000	
0.1366	53.3750	0.0001	74.8000	
0.1366	53.6000	0.0001	74.7750	
0.1366	52.3250	0.0001	74.8000	
0.1365	52.9500	0.0001	74.8250	
0.1365	53.5500	0.0001	74.8250	
0.1365	52.8500	0.0001	74.8000	
0.1364	53.0500	0.0001	74.7750	
0.1365	53.6500	0.0001	74.8000	
0.1365	52.2250	0.0001	74.8500	
0.1364	52.4000	0.0001	74.8000	
0.1364	53.8750	0.0001	74.8500	
0.1364	52.6250	0.0001	74.8250	
0.1364	53.2500	0.0001	74.7500	
0.1364	53.3500	0.0001	74.8500	
0.1363	52.5500	0.0001	74.8750	
0.1363	53.2000	0.0001	74.8000	
0.1364	53.0750	0.0001	74.8000	
0.1363	52.0500	0.0001	74.7750	
0.1362	52.4750	0.0001	74.8000	
0.1363	52.9000	0.0001	74.8250	
0.1362	53.2000	0.0001	74.8750	
0.1362	51.7750	0.0001	74.8500	
0.1362	51.3000	0.0001	74.8000	
0.1362	52.8500	0.0001	74.8250	
0.1362	52.8750	0.0001	74.8500	
0.1364	51.2000	0.0001	74.9250	
0.1363	53.1250	0.0001	74.8750	
0.1362	52.6750	0.0001	74.8500	
0.1361	51.5000	0.0001	74.8250	
0.1361	53.3250	0.0001	74.8250	
0.1361	53.3750	0.0001	74.8000	
0.1361	51.8000	0.0001	74.8500	
0.1361	51.7750	0.0001	74.8250	
0.1362	53.5500	0.0001	74.8000	
0.1360	52.6000	0.0001	74.8750	
0.1360	51.4250	0.0001	74.8500	
0.1360	52.7000	0.0001	74.8750	
0.1360	52.7000	0.0001	74.8000	
0.1360	52.3500	0.0001	74.8500	
0.1360	53.1750	0.0001	74.8000	
0.1359	52.3250	0.0001	74.8500	
0.1360	51.7500	0.0001	74.8000	
0.1360	53.1500	0.0001	74.7750	
0.1359	53.2750	0.0001	74.8250	
0.1359	52.5500	0.0001	74.8250	
0.1359	53.0500	0.0001	74.8500	
0.1359	52.1750	0.0001	74.8250	
0.1358	52.3750	0.0001	74.8750	
0.1359	53.3500	0.0001	74.7750	
0.1358	52.7750	0.0001	74.9000	
0.1358	52.9750	0.0001	74.8000	
0.1358	53.1500	0.0001	74.8250	
0.1358	53.2500	0.0001	74.8000	
0.1358	52.8750	0.0001	74.8000	
0.1358	52.8000	0.0001	74.9000	
0.1358	52.9500	0.0001	74.8750	
0.1358	53.2250	0.0001	74.8000	
0.1357	52.7750	0.0001	74.8500	
0.1357	52.8750	0.0001	74.9000	
0.1358	53.7750	0.0001	74.8500	
0.1357	53.0500	0.0001	74.8500	
0.1358	52.9000	0.0001	74.8500	
0.1359	53.9000	0.0001	74.9250	
0.1357	52.9750	0.0001	74.8250	
0.1357	53.2250	0.0001	74.8500	
0.1356	53.0250	0.0001	74.8750	
0.1356	52.6750	0.0001	74.8000	
0.1356	53.4750	0.0001	74.9000	
0.1356	53.1750	0.0001	74.8500	
0.1356	52.8500	0.0001	74.8500	
0.1356	52.9000	0.0001	74.8250	
0.1356	52.9500	0.0001	74.8250	
0.1356	53.3750	0.0001	74.8500	
0.1355	53.2500	0.0001	74.8750	
0.1356	53.7500	0.0001	74.8750	
0.1355	53.4000	0.0001	74.8500	
0.1355	53.0750	0.0001	74.8500	
0.1355	53.3500	0.0001	74.9250	
0.1354	53.4750	0.0001	74.9250	
0.1355	53.2250	0.0001	74.8750	
0.1354	53.6000	0.0001	74.8750	
0.1354	53.6750	0.0001	74.8500	
0.1355	53.3000	0.0001	74.8750	
0.1354	53.0500	0.0001	74.8500	
0.1355	53.9250	0.0001	74.9000	
0.1354	53.2000	0.0001	74.8250	
0.1355	52.6750	0.0001	74.8500	
0.1354	53.4000	0.0001	74.8500	
0.1353	53.5500	0.0001	74.8750	
0.1354	53.0500	0.0001	74.8750	
0.1353	53.6750	0.0001	74.7750	
0.1353	53.7000	0.0001	74.8500	
0.1354	53.6250	0.0001	74.8750	
0.1354	53.0000	0.0001	74.9000	
0.1353	53.0000	0.0001	74.8000	
0.1353	53.4250	0.0001	74.8500	
0.1353	53.2500	0.0001	74.8500	
0.1353	53.2750	0.0001	74.8250	
0.1353	53.6500	0.0001	74.8500	
0.1353	53.6750	0.0001	74.8750	
0.1353	53.4250	0.0001	74.8250	
0.1353	53.5500	0.0001	74.9250	
0.1353	53.5250	0.0001	74.8500	
0.1352	53.3500	0.0001	74.8750	
0.1352	53.6250	0.0001	74.8500	
0.1352	53.4500	0.0001	74.8750	
0.1353	53.4250	0.0001	74.8750	
0.1353	53.4000	0.0001	74.9000	
0.1353	52.2000	0.0001	74.9000	
0.1353	52.8750	0.0001	74.8500	
0.1352	52.7500	0.0001	74.8750	
0.1351	52.8000	0.0001	74.8750	
0.1352	53.2000	0.0001	74.8750	
0.1351	52.8500	0.0001	74.8500	
0.1352	52.2750	0.0001	74.9000	
0.1351	53.7000	0.0001	74.8750	
0.1351	53.5750	0.0001	74.8500	
0.1352	52.9750	0.0001	74.8750	
0.1351	52.6500	0.0001	74.8750	
0.1351	53.5500	0.0001	74.8250	
0.1351	53.5500	0.0001	74.9000	
0.1350	53.6000	0.0001	74.9000	
0.1351	53.4500	0.0001	74.9250	
0.1350	52.7500	0.0001	74.8750	
0.1350	53.3000	0.0001	74.8750	
0.1350	53.5250	0.0001	74.9000	
0.1350	53.6000	0.0001	74.9000	
0.1350	53.1250	0.0001	74.9000	
0.1350	53.2000	0.0001	74.9000	
0.1350	53.8000	0.0001	74.8750	
0.1350	53.3250	0.0001	74.8750	
0.1349	53.4250	0.0001	74.9250	
0.1350	53.3000	0.0001	74.9250	
0.1349	52.6250	0.0001	74.8500	
0.1350	52.6750	0.0001	74.9250	
0.1350	53.9000	0.0001	74.9000	
0.1350	52.5000	0.0001	74.8750	
0.1349	52.8250	0.0001	74.9750	
0.1350	54.0500	0.0001	74.9250	
0.1349	53.1500	0.0001	74.9250	
0.1349	53.3000	0.0001	74.9750	
0.1348	53.3000	0.0001	74.9500	
0.1348	53.5500	0.0001	74.9250	
0.1349	53.4750	0.0001	74.9250	
0.1348	53.6750	0.0001	74.9500	
0.1348	53.3500	0.0001	75.0000	
0.1348	53.0500	0.0001	74.9750	
0.1348	53.3000	0.0001	74.8750	
0.1348	54.7250	0.0001	75.0250	
0.1348	53.2750	0.0001	75.0000	
0.1348	52.8750	0.0001	75.0500	
0.1348	53.5000	0.0001	75.0000	
0.1347	53.5750	0.0001	74.9750	
0.1349	52.9750	0.0001	74.9500	
0.1348	54.1750	0.0001	74.9250	
0.1348	53.9750	0.0001	74.9500	
0.1347	53.3250	0.0001	74.9500	
0.1347	53.2000	0.0001	74.9000	
0.1347	53.3000	0.0001	74.9750	
0.1348	54.5000	0.0001	74.9750	
0.1349	53.4750	0.0001	75.0000	
0.1347	54.0750	0.0001	75.0000	
0.1347	53.8750	0.0001	74.9750	
0.1347	52.8250	0.0001	74.9750	
0.1348	54.0250	0.0001	74.9750	
0.1347	53.7250	0.0001	75.0000	
0.1347	53.4000	0.0001	75.0250	
0.1347	54.1750	0.0001	74.9750	
0.1346	53.4500	0.0001	74.9000	
0.1346	53.6500	0.0001	74.9250	
0.1346	54.2250	0.0001	75.0000	
0.1346	54.4250	0.0001	74.9500	
0.1346	53.4500	0.0001	75.0500	
0.1346	53.8250	0.0001	74.9000	
0.1346	54.5000	0.0001	74.9000	
0.1346	53.9250	0.0001	75.0250	
0.1346	53.1000	0.0001	74.9500	
0.1346	54.2000	0.0001	75.0000	
0.1346	54.3500	0.0001	74.9500	
0.1347	53.2750	0.0001	74.9250	
0.1347	54.5250	0.0001	74.9750	
0.1346	54.3500	0.0001	74.9250	
0.1347	53.4250	0.0001	74.9500	
0.1345	54.0000	0.0001	74.9500	
0.1346	53.9750	0.0001	75.0750	
0.1345	53.8000	0.0001	74.9250	
0.1345	54.1750	0.0001	74.9500	
0.1346	54.7500	0.0001	74.9500	
0.1347	53.6000	0.0001	74.8500	
0.1346	54.2250	0.0001	74.9750	
0.1346	54.5750	0.0001	74.9750	
0.1345	54.3750	0.0001	74.9250	
0.1345	54.3750	0.0001	74.8500	
0.1345	54.0000	0.0001	74.9500	
0.1345	53.8000	0.0001	74.9000	
0.1345	54.1000	0.0001	74.9000	
0.1345	54.7750	0.0001	74.9750	
0.1346	54.3500	0.0001	74.9500	
0.1345	54.2500	0.0001	74.9500	
0.1345	54.2500	0.0001	75.0500	
0.1346	54.2500	0.0001	74.9250	
0.1345	54.0000	0.0001	74.9500	
0.1344	54.3250	0.0001	74.9500	
0.1346	55.4250	0.0001	74.9250	
0.1343	53.8250	0.0001	74.9750	
0.1345	53.1500	0.0001	74.9750	
0.1344	54.6750	0.0001	74.9750	
0.1344	55.0750	0.0001	75.0000	
0.1344	54.7250	0.0001	74.9000	
0.1344	53.8250	0.0001	74.9250	
0.1343	54.1000	0.0001	74.8750	
0.1343	54.4750	0.0001	74.9500	
0.1344	54.4500	0.0001	74.9250	
0.1343	54.3250	0.0001	74.8750	
0.1344	54.5750	0.0001	74.9750	
0.1343	54.9000	0.0001	75.0000	
0.1344	54.9500	0.0001	74.9500	
0.1343	54.0250	0.0001	74.9500	
0.1344	53.8500	0.0001	74.9500	
0.1343	55.1250	0.0001	74.9250	
0.1343	55.1500	0.0001	74.9500	
0.1343	54.7000	0.0001	74.9750	
0.1343	54.4750	0.0001	74.9500	
0.1343	54.9250	0.0001	74.9750	
0.1343	54.8250	0.0001	75.0000	
0.1344	53.7500	0.0001	74.9250	
0.1343	54.9250	0.0001	75.0000	
0.1343	55.0000	0.0001	74.9000	
0.1342	54.3750	0.0001	75.0000	
0.1342	54.9000	0.0001	74.9250	
0.1342	55.0750	0.0001	74.9750	
0.1343	54.7250	0.0001	74.9000	
0.1342	54.8750	0.0001	74.9000	
0.1343	54.5500	0.0001	74.9750	
0.1342	54.2000	0.0001	74.9500	
0.1342	55.3500	0.0001	74.9250	
0.1342	55.1500	0.0001	74.9750	
0.1342	54.1750	0.0001	74.9250	
0.1342	54.3000	0.0001	74.9500	
0.1342	55.7750	0.0001	74.9750	
0.1343	54.7750	0.0001	74.9000	
0.1342	54.8500	0.0001	74.9750	
0.1342	54.9000	0.0001	74.9750	
0.1342	54.8000	0.0001	74.9750	
0.1342	54.9750	0.0001	74.9750	
0.1341	54.8250	0.0001	75.0250	
0.1342	54.5250	0.0001	74.9250	
0.1342	55.4750	0.0001	74.9500	
0.1341	55.4750	0.0001	75.0000	
0.1342	54.0500	0.0001	74.9000	
0.1341	55.1500	0.0001	74.9500	
0.1342	55.3250	0.0001	74.9000	
0.1342	55.2750	0.0001	74.9750	
0.1342	55.4250	0.0001	74.9500	
0.1341	54.9750	0.0001	74.9500	
0.1341	53.9750	0.0001	74.9000	
0.1341	55.2500	0.0001	74.9500	
0.1341	55.2500	0.0001	74.9000	
0.1341	55.3750	0.0001	75.0000	
0.1341	55.2250	0.0001	75.0000	
0.1341	55.0750	0.0001	75.0250	
0.1341	55.7250	0.0001	75.0500	
0.1341	55.4750	0.0001	74.9000	
0.1341	55.1750	0.0001	74.9750	
0.1341	55.2500	0.0001	74.9250	
0.1341	55.5500	0.0001	74.9500	
0.1340	55.2750	0.0001	74.9500	
0.1340	55.0750	0.0001	74.9500	
0.1340	55.2250	0.0001	74.9500	
0.1340	55.4500	0.0001	74.9750	
0.1341	55.3000	0.0001	74.9250	
0.1341	55.5250	0.0001	74.9500	
0.1340	54.7000	0.0001	74.9500	
0.1340	55.1000	0.0001	75.0000	
0.1340	55.6500	0.0001	74.9000	
0.1341	55.5750	0.0001	74.9750	
0.1340	55.8000	0.0001	74.9500	
0.1340	55.3500	0.0001	74.9250	
0.1340	55.4250	0.0001	75.0500	
0.1340	55.2250	0.0001	75.0000	
0.1340	55.7250	0.0001	74.9500	
0.1340	55.5000	0.0001	74.9750	
0.1340	55.2250	0.0001	75.0000	
0.1340	56.4750	0.0001	74.9750	
0.1341	55.2500	0.0001	74.9000	
0.1339	55.1000	0.0001	74.9250	
0.1340	55.8250	0.0001	74.9500	
0.1340	55.8250	0.0001	75.0000	
0.1339	55.6000	0.0001	74.9250	
0.1339	55.7250	0.0001	74.9750	
0.1340	55.8750	0.0001	74.9500	
0.1339	55.9750	0.0001	74.9750	
0.1339	55.5750	0.0001	74.9500	
0.1339	55.8250	0.0001	75.0750	
0.1340	56.0250	0.0001	74.9250	
0.1339	55.7250	0.0001	74.9750	
0.1339	55.6500	0.0001	74.9750	
0.1339	56.0250	0.0001	75.0250	
0.1339	55.5000	0.0001	74.9500	
0.1339	56.1500	0.0001	74.9000	
0.1339	56.1500	0.0001	74.9500	
0.1340	55.7500	0.0001	74.9750	
0.1339	56.3250	0.0001	74.9500	
0.1339	56.2250	0.0001	74.9250	
0.1339	56.0500	0.0001	74.9750	
0.1339	55.9500	0.0001	75.0000	
0.1339	55.8750	0.0001	74.9500	
0.1339	55.6250	0.0001	74.9500	
0.1339	56.0250	0.0001	74.9500	
0.1338	56.1750	0.0001	75.0250	
0.1339	56.0500	0.0001	74.9250	
0.1339	55.8500	0.0001	74.9000	
0.1338	56.2250	0.0001	74.9750	
0.1340	56.3500	0.0001	75.0000	
0.1340	56.0250	0.0001	74.9500	
0.1338	56.3750	0.0001	74.9500	
0.1338	56.3500	0.0001	74.9500	
0.1339	56.1500	0.0001	74.9500	
0.1339	55.8000	0.0001	74.9250	
0.1339	56.5500	0.0001	75.0000	
0.1338	55.9250	0.0001	74.9250	
0.1339	56.2500	0.0001	75.0000	
0.1339	56.4000	0.0001	75.0500	
0.1338	56.6000	0.0001	74.9500	
0.1338	56.3000	0.0001	74.9750	
0.1338	56.2750	0.0001	74.9500	
0.1338	56.3000	0.0001	74.9500	
0.1338	56.2750	0.0001	75.0500	
0.1338	56.4250	0.0001	74.9500	
0.1338	56.7750	0.0001	74.9500	
0.1338	56.5500	0.0001	74.9250	
0.1340	55.4500	0.0001	75.0250	
0.1340	56.2750	0.0001	74.9750	
0.1338	56.7250	0.0001	74.9250	
0.1339	56.1500	0.0001	75.0000	
0.1338	56.4750	0.0001	75.0000	
0.1338	56.4000	0.0001	74.9000	
0.1338	56.3500	0.0001	74.9250	
0.1338	56.6750	0.0001	74.9000	
0.1338	57.2250	0.0001	75.0250	
0.1337	56.1750	0.0001	74.9750	
0.1338	55.6250	0.0001	74.9500	
0.1339	57.1000	0.0001	74.9750	
0.1339	56.9500	0.0001	74.9750	
0.1339	56.5750	0.0001	75.0000	
0.1337	56.3250	0.0001	74.9750	
0.1338	56.3500	0.0001	74.9500	
0.1337	56.3750	0.0001	74.9500	
0.1338	57.2000	0.0001	75.0250	
0.1337	56.3750	0.0001	74.9250	
0.1338	56.1250	0.0001	75.0000	
0.1337	56.3000	0.0001	74.9250	
0.1338	56.5500	0.0001	74.9500	
0.1337	56.3750	0.0001	74.9750	
0.1337	56.9250	0.0001	74.9750	
0.1338	56.6250	0.0001	74.9500	
0.1337	56.8500	0.0001	74.9250	
0.1337	56.3500	0.0001	74.9500	
0.1338	57.1750	0.0001	74.9500	
0.1337	57.1000	0.0001	74.9000	
0.1337	56.6250	0.0001	75.0500	
0.1337	56.7250	0.0001	74.9750	
0.1337	56.8000	0.0001	74.9250	
0.1337	56.6500	0.0001	74.9500	
0.1337	56.8500	0.0001	74.9750	
0.1337	57.1250	0.0001	74.9250	
0.1336	56.7500	0.0001	75.0000	
0.1337	56.6000	0.0001	74.9500	
0.1336	56.8500	0.0001	74.9750	
0.1336	56.8000	0.0001	74.9500	
0.1336	57.0500	0.0001	74.9250	
0.1336	56.8500	0.0001	74.9500	
0.1337	56.8500	0.0001	75.0000	
0.1337	57.7000	0.0001	74.9250	
0.1336	57.4500	0.0001	75.0000	
0.1337	57.0500	0.0001	75.0750	
0.1336	57.0250	0.0001	74.9750	
0.1337	57.5500	0.0001	74.9750	
0.1336	57.0000	0.0001	74.9750	
0.1336	56.9250	0.0001	75.0000	
0.1336	56.7750	0.0001	74.9750	
0.1336	57.1250	0.0001	75.0000	
0.1336	56.8500	0.0001	74.9750	
0.1336	56.7500	0.0001	74.9750	
0.1336	57.0250	0.0001	75.0000	
0.1337	57.0000	0.0001	74.9500	
0.1337	57.5250	0.0001	74.9250	
0.1336	57.3000	0.0001	74.9250	
0.1336	57.5250	0.0001	74.9750	
0.1336	57.4250	0.0001	74.9750	
0.1336	57.0250	0.0001	75.0000	
0.1336	56.8750	0.0001	74.9000	
0.1336	56.9750	0.0001	75.0000	
0.1336	57.3250	0.0001	75.0000	
0.1336	56.9500	0.0001	74.9500	
0.1338	57.5750	0.0001	75.0000	
0.1335	56.6000	0.0001	74.9500	
0.1337	56.8250	0.0001	75.0000	
0.1336	57.0500	0.0001	75.0000	
0.1336	57.3000	0.0001	74.9750	
0.1336	57.1000	0.0001	74.9750	
0.1336	56.9250	0.0001	74.9250	
0.1336	57.2750	0.0001	74.9500	
0.1335	57.5000	0.0001	74.9750	
0.1337	57.0000	0.0001	74.9500	
0.1336	57.2250	0.0001	74.9750	
0.1335	57.6000	0.0001	75.0250	
0.1335	56.9000	0.0001	74.9500	
0.1336	57.7500	0.0001	74.9750	
0.1336	57.0750	0.0001	75.0000	
0.1336	57.3250	0.0001	75.0250	
0.1335	57.5750	0.0001	75.0000	
0.1335	57.2000	0.0001	74.9750	
0.1335	57.3500	0.0001	74.9750	
0.1335	57.5750	0.0001	74.9750	
0.1335	57.7250	0.0001	74.9250	
0.1336	57.4250	0.0001	74.9250	
0.1335	57.3500	0.0001	74.9250	
0.1335	57.2750	0.0001	75.0000	
0.1336	57.6750	0.0001	74.9500	
0.1336	57.8750	0.0001	75.0500	
0.1335	57.4000	0.0001	74.9250	
0.1335	57.7500	0.0001	74.9250	
0.1335	57.5500	0.0001	74.9750	
0.1335	57.3000	0.0001	74.9500	
0.1335	57.5250	0.0001	74.9500	
0.1335	57.8750	0.0001	74.9500	
0.1335	57.3500	0.0001	74.9500	
0.1335	57.6500	0.0001	75.0000	
0.1335	57.8750	0.0001	75.0000	
0.1335	57.4250	0.0001	75.0000	
0.1335	57.6250	0.0001	74.9250	
0.1335	57.6500	0.0001	75.0000	
0.1335	57.2750	0.0001	75.0250	
0.1335	57.4000	0.0001	75.0000	
0.1335	57.8250	0.0001	74.9750	
0.1335	57.8250	0.0001	75.0750	
0.1335	57.3000	0.0001	74.9250	
0.1335	57.6250	0.0001	74.9250	
0.1335	57.8500	0.0001	74.9750	
0.1334	57.7000	0.0001	74.9500	
0.1334	57.6500	0.0001	74.9500	
0.1334	57.6000	0.0001	75.0250	
0.1335	57.8250	0.0001	75.0000	
0.1335	58.1000	0.0001	75.0250	
0.1335	58.0000	0.0001	74.9750	
0.1334	57.7500	0.0001	74.9250	
0.1334	58.1750	0.0001	74.9500	
0.1335	57.8500	0.0001	75.0500	
0.1335	57.6250	0.0001	74.9750	
0.1335	57.4750	0.0001	74.9750	
0.1335	57.8250	0.0001	74.9750	
0.1335	57.7250	0.0001	75.0250	
0.1335	57.9750	0.0001	74.9750	
0.1334	57.9750	0.0001	74.9750	
0.1335	58.1750	0.0001	75.0250	
0.1336	57.8000	0.0001	74.9500	
0.1334	57.9250	0.0001	74.9500	
0.1334	58.0500	0.0001	74.9750	
0.1334	57.9250	0.0001	74.9750	
0.1334	57.9250	0.0001	75.0000	
0.1334	58.0250	0.0001	75.0000	
0.1334	58.0250	0.0001	75.0500	
0.1334	57.9000	0.0001	74.8500	
0.1335	57.7500	0.0001	74.9500	
0.1334	58.0500	0.0001	74.9750	
0.1335	57.9250	0.0001	75.0250	
0.1333	57.9000	0.0001	74.9750	
0.1335	58.0250	0.0001	74.9750	
0.1334	58.3000	0.0001	74.8250	
0.1334	57.9250	0.0001	74.9500	
0.1334	58.0000	0.0001	74.9750	
0.1334	58.1250	0.0001	75.0000	
0.1334	58.1500	0.0001	74.9750	
0.1334	58.1000	0.0001	75.0000	
0.1333	58.1250	0.0001	74.9500	
0.1334	58.1000	0.0001	74.9750	
0.1333	58.0500	0.0001	75.0250	
0.1334	58.1500	0.0001	74.9250	
0.1335	57.9750	0.0001	75.0000	
0.1335	58.0000	0.0001	74.9750	
0.1334	58.2750	0.0001	74.9750	
0.1334	58.2500	0.0001	74.9500	
0.1334	58.0000	0.0001	75.0000	
0.1333	58.1000	0.0001	75.0250	
0.1334	58.1250	0.0001	74.9750	
0.1334	58.2750	0.0001	75.0000	
0.1333	58.3250	0.0001	75.0000	
0.1333	57.7750	0.0001	74.9500	
0.1334	58.1250	0.0001	75.0000	
0.1334	58.3250	0.0001	75.0000	
0.1333	57.9500	0.0001	75.0000	
0.1334	58.2750	0.0001	74.9500	
0.1333	58.3000	0.0001	75.0250	
0.1333	58.0250	0.0001	75.0000	
0.1333	58.2000	0.0001	74.9500	
0.1333	58.0750	0.0001	74.9500	
0.1334	58.2250	0.0001	74.9750	
0.1333	58.3000	0.0001	75.0250	
0.1333	58.4250	0.0001	74.9750	
0.1333	58.4750	0.0001	74.9750	
0.1333	58.3500	0.0001	75.0250	
0.1333	58.3250	0.0001	74.9750	
0.1333	58.2750	0.0001	74.9750	
0.1333	58.3500	0.0001	75.0250	
0.1333	58.2750	0.0001	75.0500	
0.1333	58.1750	0.0001	75.1000	
0.1333	58.1250	0.0001	74.9500	
0.1333	58.2500	0.0001	75.0250	
0.1334	58.0750	0.0001	75.0000	
0.1333	58.4000	0.0001	74.9750	
0.1333	58.5250	0.0001	74.9250	
0.1333	58.3500	0.0001	75.0250	
0.1333	58.1250	0.0001	75.0000	
0.1333	58.4500	0.0001	74.9750	
0.1333	58.2750	0.0001	74.9000	
0.1333	58.4500	0.0001	74.9250	
0.1335	58.3500	0.0001	75.0250	
0.1333	58.4250	0.0001	74.9750	
0.1334	58.1500	0.0001	74.8500	
0.1333	58.4750	0.0001	75.0250	
0.1333	58.5750	0.0001	74.9750	
0.1333	58.5000	0.0001	75.0000	
0.1333	58.4000	0.0001	75.0250	
0.1333	58.2500	0.0001	74.9750	
0.1332	58.4000	0.0001	74.9750	
0.1333	58.5250	0.0001	75.0500	
0.1333	58.2000	0.0001	74.9750	
0.1333	58.2500	0.0001	74.9500	
0.1332	58.1750	0.0001	75.0250	
0.1333	58.3750	0.0001	75.0000	
0.1332	58.3500	0.0001	74.9750	
0.1333	58.3750	0.0001	75.0000	
0.1333	58.2250	0.0001	75.0000	
0.1333	58.2250	0.0001	74.9750	
0.1333	58.3000	0.0001	74.9750	
0.1333	58.0000	0.0001	74.9500	
0.1333	58.4250	0.0001	74.9750	
0.1332	58.4000	0.0001	74.9750	
0.1333	58.1750	0.0001	74.9750	
0.1332	58.0500	0.0001	74.9250	
0.1332	58.4000	0.0001	74.9750	
0.1332	58.4250	0.0001	75.0250	
0.1332	58.5250	0.0001	74.9750	
0.1332	58.7000	0.0001	75.0000	
0.1332	58.4750	0.0001	74.9500	
0.1332	58.4250	0.0001	75.0250	
0.1332	58.4750	0.0001	74.9250	
0.1332	58.2500	0.0001	74.9750	
0.1333	58.2750	0.0001	74.9750	
0.1333	58.6250	0.0001	75.0250	
0.1332	58.3000	0.0001	75.0000	
0.1332	58.3750	0.0001	74.9250	
0.1332	58.6000	0.0001	75.0250	
0.1332	58.4000	0.0001	75.0500	
0.1332	58.4250	0.0001	75.0250	
0.1332	58.6000	0.0001	74.9750	
0.1332	58.4250	0.0001	75.0250	
0.1332	58.3500	0.0001	74.9750	
0.1332	58.6750	0.0001	74.9750	
0.1332	58.5250	0.0001	74.9250	
0.1332	58.3500	0.0001	75.0250	
0.1332	58.4500	0.0001	74.9750	
0.1332	58.5750	0.0001	74.9750	
0.1332	58.7000	0.0001	74.9500	
0.1332	58.6500	0.0001	74.9250	
0.1332	58.4500	0.0001	75.0500	
0.1332	58.4000	0.0001	74.9500	
0.1333	58.4750	0.0001	74.9250	
0.1332	58.5500	0.0001	75.0000	
0.1333	58.1750	0.0001	75.0250	
0.1331	58.7750	0.0001	74.9750	
0.1332	58.4750	0.0001	75.0250	
0.1331	58.5500	0.0001	75.0250	
0.1332	58.4500	0.0001	75.0250	
0.1332	58.6500	0.0001	75.0000	
0.1332	58.5750	0.0001	75.1000	
0.1332	58.6500	0.0001	75.0000	
0.1332	58.4750	0.0001	74.9750	
0.1332	58.6750	0.0001	74.9750	
0.1332	58.8250	0.0001	74.9500	
0.1332	58.3000	0.0001	74.9250	
0.1332	58.5250	0.0001	75.0500	
0.1331	58.5000	0.0001	75.0250	
0.1332	58.3000	0.0001	75.0000	
0.1332	58.2750	0.0001	74.9500	
0.1331	58.5250	0.0001	75.0000	
0.1332	58.5250	0.0001	75.0000	
0.1332	58.5750	0.0001	74.9500	
0.1331	58.6500	0.0001	74.9750	
0.1331	58.4000	0.0001	74.9750	
0.1331	58.5500	0.0001	74.9750	
0.1331	58.8000	0.0001	75.0000	
0.1331	58.7500	0.0001	75.0000	
0.1331	58.8000	0.0001	74.9500	
0.1331	58.6000	0.0001	74.9750	
0.1331	58.8000	0.0001	75.0000	
0.1331	58.5250	0.0001	74.9750	
0.1331	58.3500	0.0001	74.9750	
0.1331	58.5750	0.0001	74.9000	
0.1331	58.5500	0.0001	74.9750	
0.1333	58.3000	0.0001	75.0750	
0.1332	58.6000	0.0001	74.9250	
0.1331	58.4750	0.0001	75.0000	
0.1331	58.2750	0.0001	75.0250	
0.1332	58.5250	0.0001	75.0000	
0.1331	58.5250	0.0001	74.9250	
0.1332	58.4000	0.0001	75.0250	
0.1331	58.5750	0.0001	75.1000	
0.1331	58.4750	0.0001	74.9750	
0.1331	58.7000	0.0001	75.0750	
0.1331	58.4500	0.0001	75.0000	
0.1331	58.6000	0.0001	74.9500	
0.1331	58.6250	0.0001	75.0000	
0.1331	58.4750	0.0001	75.0500	
0.1331	58.6000	0.0001	74.9750	
0.1331	58.6000	0.0001	75.0250	
0.1331	58.5500	0.0001	74.9500	
0.1331	58.4750	0.0001	74.9750	
0.1331	58.6250	0.0001	75.0250	
0.1331	58.3000	0.0001	74.9750	
0.1332	58.5500	0.0001	74.9500	
0.1331	58.5500	0.0001	75.0250	
0.1331	58.5250	0.0001	75.0000	
0.1331	58.7000	0.0001	74.9750	
0.1331	58.6250	0.0001	75.0000	
0.1331	58.6000	0.0001	75.0250	
0.1332	58.2250	0.0001	75.0000	
0.1331	58.4750	0.0001	75.0250	
0.1332	58.5500	0.0001	74.9500	
0.1331	58.5000	0.0001	75.0000	
0.1331	58.6000	0.0001	74.9500	
0.1332	58.5500	0.0001	74.9750	
0.1331	58.2250	0.0001	75.0250	
0.1332	58.1750	0.0001	74.9500	
0.1331	58.5500	0.0001	74.9500	
0.1331	58.7750	0.0001	74.9500	
0.1330	58.6000	0.0001	74.9750	
0.1331	58.6750	0.0001	75.0250	
0.1331	58.6250	0.0001	75.0250	
0.1331	58.3000	0.0001	74.9250	
0.1330	58.4500	0.0001	75.0000	
0.1331	58.6000	0.0001	75.0000	
0.1330	58.7000	0.0001	74.9250	
0.1331	58.8250	0.0001	75.0000	
0.1331	58.7500	0.0001	74.9250	
0.1332	58.0750	0.0001	75.0250	
0.1332	58.4250	0.0001	74.9750	
0.1331	58.3250	0.0001	75.0000	
0.1331	58.5750	0.0001	74.9250	
0.1330	58.5500	0.0001	75.0250	
0.1331	58.7000	0.0001	74.9500	
0.1330	58.6000	0.0001	74.9750	
0.1331	58.4250	0.0001	74.9750	
0.1330	58.3750	0.0001	74.9750	
0.1331	58.1250	0.0001	74.9750	
0.1331	58.4500	0.0001	75.0250	
0.1330	58.7000	0.0001	75.0250	
0.1331	58.5250	0.0001	74.9500	
0.1330	58.6250	0.0001	74.9250	
0.1331	58.3250	0.0001	74.9000	
0.1331	58.3500	0.0001	75.0000	
0.1330	58.1500	0.0001	75.0500	
0.1330	58.3250	0.0001	75.0000	
0.1330	58.3250	0.0001	74.9750	
0.1330	58.0250	0.0001	74.9750	
0.1331	58.3750	0.0001	75.0250	
0.1331	58.6500	0.0001	75.0000	
0.1330	58.4500	0.0001	74.9750	
0.1330	58.5000	0.0001	75.0250	
0.1330	58.6000	0.0001	74.9500	
0.1330	58.4500	0.0001	75.0000	
0.1331	58.6250	0.0001	75.0000	
0.1330	58.4750	0.0001	75.0250	
0.1330	58.3250	0.0001	75.0000	
0.1330	58.5000	0.0001	75.0250	
0.1330	58.2000	0.0001	74.9000	
0.1331	58.4500	0.0001	75.0250	
0.1330	58.5000	0.0001	75.0750	
0.1330	58.3500	0.0001	74.9500	
0.1330	58.4500	0.0001	75.0000	
0.1330	58.0750	0.0001	74.9500	
0.1331	58.2500	0.0001	75.0250	
