Loss_Adversary	Accuracy_Adversary	Loss_Target	Accuracy_Target	
0.2609	0.4037	0.4270	50.0000	50.0000	
0.2535	0.3993	0.4167	50.0000	50.0000	
0.2466	0.3949	0.4069	50.0000	50.0000	
0.2398	0.3907	0.3974	50.0000	50.0000	
0.2335	0.3865	0.3886	50.0000	50.0000	
0.2271	0.3825	0.3796	50.0000	50.0000	
0.2210	0.3786	0.3709	50.0000	50.0000	
0.2147	0.3747	0.3621	50.0000	50.0000	
0.2045	0.3709	0.3484	50.0000	50.0000	
0.1939	0.3673	0.3342	50.0000	50.0000	
0.1842	0.3637	0.3212	50.0000	50.0000	
0.1766	0.3602	0.3108	50.0000	50.0000	
0.1711	0.3568	0.3030	50.0000	50.0000	
0.1677	0.3534	0.2980	50.0000	50.0000	
0.1662	0.3502	0.2953	50.0000	50.0000	
0.1659	0.3470	0.2941	50.0000	50.0000	
0.1660	0.3439	0.2935	50.0000	50.0000	
0.1662	0.3409	0.2930	50.0000	62.9500	
0.1664	0.3380	0.2925	50.0000	71.2250	
0.1662	0.3351	0.2916	50.0000	70.2750	
0.1657	0.3323	0.2902	50.0000	71.3750	
0.1647	0.3297	0.2883	50.0000	69.3250	
0.1630	0.3263	0.2854	50.0000	68.9250	
0.1609	0.3199	0.2811	50.0000	67.0000	
0.1578	0.3116	0.2752	50.0000	63.4500	
0.1535	0.3028	0.2675	50.0000	59.4500	
0.1468	0.2936	0.2569	50.0000	56.3500	
0.1378	0.2847	0.2434	50.0000	54.2750	
0.1266	0.2768	0.2275	50.0000	53.4000	
0.1139	0.2702	0.2099	50.0000	52.3250	
0.1012	0.2651	0.1928	50.0000	52.0500	
0.0902	0.2613	0.1780	50.0000	51.5250	
0.0835	0.2581	0.1689	50.0000	50.9500	
0.0806	0.2558	0.1647	50.0000	50.8750	
0.0797	0.2538	0.1630	50.0000	50.7500	
0.0789	0.2520	0.1616	49.7750	50.7000	
0.0781	0.2506	0.1602	48.9000	50.6750	
0.0773	0.2496	0.1590	59.1250	50.6750	
0.0765	0.2484	0.1577	73.1250	50.7000	
0.0757	0.2475	0.1565	73.4250	50.6500	
0.0749	0.2467	0.1554	73.7000	50.6250	
0.0742	0.2459	0.1542	74.0000	50.6250	
0.0735	0.2452	0.1532	74.1500	50.5500	
0.0730	0.2443	0.1523	74.3250	50.6000	
0.0725	0.2434	0.1515	74.2750	50.5750	
0.0722	0.2420	0.1507	74.2250	50.5750	
0.0719	0.2406	0.1500	74.2500	50.6000	
0.0716	0.2390	0.1493	74.2250	50.6750	
0.0715	0.2373	0.1487	74.2750	50.7500	
0.0714	0.2352	0.1481	74.0250	50.7750	
0.0713	0.2333	0.1475	74.0750	50.8500	
0.0710	0.2307	0.1465	73.9750	50.8500	
0.0705	0.2283	0.1452	73.9000	51.0000	
0.0694	0.2264	0.1434	73.6750	51.1500	
0.0678	0.2244	0.1409	73.4000	51.3500	
0.0652	0.2223	0.1371	73.1250	51.6500	
0.0616	0.2207	0.1322	72.4750	52.0750	
0.0563	0.2190	0.1251	71.5000	52.6000	
0.0489	0.2172	0.1154	69.9000	53.0000	
0.0387	0.2156	0.1022	69.3000	55.1000	
0.0281	0.2123	0.0882	73.7500	61.5500	
0.0208	0.2051	0.0773	74.4250	68.5250	
0.0147	0.1963	0.0675	74.9500	70.9500	
0.0096	0.1892	0.0592	75.0250	71.6250	
0.0055	0.1848	0.0531	75.1500	73.3500	
0.0022	0.1804	0.0479	74.9000	75.5500	
-0.0003	0.1753	0.0434	74.9750	76.9500	
-0.0024	0.1717	0.0400	74.5750	76.8750	
-0.0041	0.1677	0.0367	74.8500	76.8000	
-0.0058	0.1644	0.0339	74.5250	77.0250	
-0.0071	0.1611	0.0314	74.7750	77.3500	
-0.0083	0.1586	0.0293	74.7750	77.5500	
-0.0094	0.1561	0.0273	74.5250	77.2250	
-0.0104	0.1539	0.0255	74.6500	77.6500	
-0.0113	0.1518	0.0239	74.6000	77.3250	
-0.0121	0.1502	0.0225	74.8500	77.1250	
-0.0128	0.1486	0.0212	74.9750	77.2500	
-0.0134	0.1474	0.0201	74.7250	76.9750	
-0.0141	0.1466	0.0190	74.6500	77.0250	
-0.0147	0.1455	0.0180	74.7250	77.0250	
-0.0153	0.1448	0.0171	74.8000	77.0500	
-0.0158	0.1441	0.0163	74.8500	76.5000	
-0.0162	0.1439	0.0157	74.9250	76.8000	
-0.0167	0.1433	0.0150	74.7000	76.4500	
-0.0171	0.1429	0.0143	74.7750	76.2500	
-0.0177	0.1426	0.0136	74.4500	76.6500	
-0.0181	0.1422	0.0130	74.4500	76.7500	
-0.0185	0.1419	0.0123	74.9750	76.2500	
-0.0188	0.1419	0.0120	74.5000	76.4250	
-0.0191	0.1415	0.0115	72.4500	76.4250	
-0.0194	0.1413	0.0110	70.3750	76.2000	
-0.0197	0.1413	0.0107	69.4000	76.1500	
-0.0200	0.1408	0.0102	68.1750	75.9750	
-0.0203	0.1409	0.0099	66.6250	75.9500	
-0.0204	0.1405	0.0096	64.5500	75.7500	
-0.0207	0.1404	0.0092	53.7500	75.8250	
-0.0209	0.1404	0.0089	41.6250	76.0000	
-0.0211	0.1403	0.0086	34.3500	75.7000	
-0.0213	0.1399	0.0084	30.2500	75.7250	
-0.0215	0.1401	0.0082	30.1250	75.4750	
-0.0216	0.1402	0.0080	29.5750	75.5250	
-0.0217	0.1400	0.0079	28.2000	75.3500	
-0.0219	0.1398	0.0075	27.5750	75.6750	
-0.0221	0.1396	0.0073	27.5000	75.2250	
-0.0223	0.1397	0.0070	27.3250	75.1250	
-0.0224	0.1396	0.0069	26.8000	75.2000	
-0.0225	0.1395	0.0068	26.8250	75.5250	
-0.0227	0.1394	0.0065	26.1750	75.2500	
-0.0229	0.1394	0.0063	26.3750	75.1250	
-0.0230	0.1393	0.0061	26.2000	75.4250	
-0.0230	0.1390	0.0060	26.0250	74.9250	
-0.0232	0.1392	0.0058	26.0250	75.0500	
-0.0233	0.1390	0.0057	26.0750	74.9250	
-0.0234	0.1390	0.0055	25.7500	75.1000	
-0.0234	0.1388	0.0054	25.6500	74.7750	
-0.0234	0.1388	0.0054	25.5750	74.7500	
-0.0236	0.1389	0.0052	25.5500	74.8250	
-0.0235	0.1387	0.0053	25.6750	74.8750	
-0.0235	0.1389	0.0054	25.6500	75.1500	
-0.0236	0.1385	0.0051	25.6000	74.9750	
-0.0238	0.1384	0.0048	25.4250	74.9000	
-0.0240	0.1387	0.0047	25.6750	74.7750	
-0.0240	0.1387	0.0047	25.5750	74.7750	
-0.0241	0.1384	0.0045	25.4000	74.5750	
-0.0242	0.1384	0.0043	25.4250	74.8250	
-0.0243	0.1385	0.0042	25.4750	74.6250	
-0.0244	0.1384	0.0042	25.3500	74.6000	
-0.0244	0.1382	0.0041	25.3750	74.5750	
-0.0245	0.1384	0.0040	25.3750	74.5750	
-0.0245	0.1383	0.0039	25.3500	74.8250	
-0.0245	0.1382	0.0039	25.5750	74.7500	
-0.0246	0.1382	0.0038	25.5000	74.6750	
-0.0246	0.1381	0.0038	25.5500	74.6250	
-0.0247	0.1381	0.0037	25.4500	74.4750	
-0.0247	0.1380	0.0036	25.4250	74.9500	
-0.0247	0.1381	0.0036	25.4500	74.4750	
-0.0249	0.1381	0.0035	25.5500	74.5750	
-0.0249	0.1382	0.0034	25.3750	74.5750	
-0.0249	0.1382	0.0035	25.4500	74.7000	
-0.0249	0.1380	0.0034	25.6000	74.2500	
-0.0250	0.1381	0.0032	25.4750	74.5000	
-0.0251	0.1381	0.0032	25.4250	74.5250	
-0.0251	0.1379	0.0031	25.4500	74.4250	
-0.0252	0.1381	0.0031	25.5750	74.4000	
-0.0252	0.1382	0.0030	25.6000	74.5250	
-0.0252	0.1381	0.0030	25.5000	74.4000	
-0.0253	0.1381	0.0029	25.3750	74.6250	
-0.0253	0.1380	0.0029	25.4250	74.4250	
-0.0254	0.1382	0.0028	25.4000	74.2750	
-0.0254	0.1382	0.0028	25.5000	74.6000	
-0.0254	0.1381	0.0028	25.3500	74.6500	
-0.0255	0.1382	0.0027	25.3750	74.4250	
-0.0255	0.1384	0.0027	25.8500	74.5250	
-0.0255	0.1382	0.0027	25.5750	74.5000	
-0.0256	0.1382	0.0026	25.2250	74.5250	
-0.0256	0.1383	0.0026	25.4000	74.4500	
-0.0255	0.1382	0.0026	25.5250	74.4500	
-0.0256	0.1381	0.0025	25.4750	74.4250	
-0.0256	0.1383	0.0025	25.3000	74.5250	
-0.0257	0.1382	0.0025	25.3000	74.4750	
-0.0257	0.1383	0.0024	25.3750	74.5750	
-0.0257	0.1382	0.0024	25.5000	74.4250	
-0.0258	0.1382	0.0023	25.4750	74.5500	
-0.0258	0.1383	0.0023	25.4750	74.5750	
-0.0258	0.1383	0.0023	25.3750	74.4000	
-0.0259	0.1384	0.0023	25.2750	74.5000	
-0.0259	0.1383	0.0023	25.3000	74.4750	
-0.0259	0.1386	0.0023	25.2500	74.5750	
-0.0258	0.1382	0.0023	25.2250	74.4250	
-0.0259	0.1385	0.0022	25.2500	74.6500	
-0.0259	0.1384	0.0022	25.4250	74.2000	
-0.0260	0.1384	0.0022	25.3750	74.5250	
-0.0259	0.1384	0.0022	25.4250	74.5000	
-0.0260	0.1384	0.0021	25.5250	74.7750	
-0.0261	0.1386	0.0020	25.3000	74.5750	
-0.0260	0.1386	0.0021	25.4750	74.5500	
-0.0261	0.1383	0.0020	25.2500	74.3250	
-0.0260	0.1386	0.0021	25.3750	74.3750	
-0.0261	0.1384	0.0019	25.3750	74.5500	
-0.0262	0.1386	0.0019	25.1750	74.5500	
-0.0262	0.1386	0.0019	25.3500	74.4500	
-0.0262	0.1387	0.0019	25.2750	74.3250	
-0.0263	0.1386	0.0018	25.4250	74.5000	
-0.0263	0.1388	0.0019	25.3750	74.4000	
-0.0263	0.1387	0.0018	25.3750	74.4000	
-0.0263	0.1386	0.0018	25.2500	74.4500	
-0.0263	0.1387	0.0018	25.2500	74.4000	
-0.0263	0.1387	0.0018	25.3250	74.6000	
-0.0263	0.1389	0.0018	25.2500	74.2250	
-0.0264	0.1389	0.0018	25.2500	74.5000	
-0.0263	0.1387	0.0018	25.1500	74.3250	
-0.0263	0.1388	0.0019	25.3500	74.2500	
-0.0264	0.1390	0.0018	25.1750	74.7250	
-0.0265	0.1391	0.0017	25.5500	74.6250	
-0.0265	0.1391	0.0017	25.3000	74.5000	
-0.0265	0.1391	0.0017	25.0750	74.6250	
-0.0265	0.1392	0.0017	25.4250	74.5750	
-0.0265	0.1392	0.0016	25.5250	74.4500	
-0.0266	0.1392	0.0016	25.2250	74.6250	
-0.0266	0.1392	0.0016	25.2000	74.5500	
-0.0266	0.1393	0.0016	25.4500	74.3750	
-0.0266	0.1393	0.0016	25.3500	74.4000	
-0.0266	0.1393	0.0015	25.2000	74.5500	
-0.0267	0.1396	0.0016	25.2000	74.4750	
-0.0267	0.1396	0.0016	25.1250	74.4250	
-0.0267	0.1396	0.0015	25.4500	74.4250	
-0.0267	0.1398	0.0015	25.5000	74.4250	
-0.0267	0.1399	0.0016	25.5500	74.6500	
-0.0267	0.1403	0.0017	25.3750	74.4000	
-0.0268	0.1403	0.0016	25.1250	74.4250	
-0.0267	0.1403	0.0017	25.4750	74.3500	
-0.0268	0.1406	0.0017	25.3500	74.4000	
-0.0269	0.1406	0.0016	25.5750	74.6500	
-0.0269	0.1407	0.0016	25.3250	74.4000	
-0.0269	0.1412	0.0016	25.4750	74.5000	
-0.0270	0.1413	0.0016	25.4000	74.4500	
-0.0270	0.1417	0.0016	25.4750	74.4500	
-0.0271	0.1420	0.0017	25.6000	74.3000	
-0.0271	0.1424	0.0017	25.4500	74.5250	
-0.0272	0.1430	0.0018	25.7750	74.6250	
-0.0272	0.1436	0.0019	25.5250	74.2750	
-0.0273	0.1440	0.0019	25.4500	74.3250	
-0.0274	0.1450	0.0020	25.6000	74.5750	
-0.0275	0.1462	0.0022	25.6500	74.2500	
-0.0276	0.1479	0.0025	26.2750	74.4000	
-0.0276	0.1479	0.0025	25.6250	74.1500	
-0.0276	0.1482	0.0025	25.5500	74.1750	
-0.0275	0.1482	0.0027	25.6750	74.2000	
-0.0276	0.1491	0.0027	25.6500	74.1000	
-0.0276	0.1488	0.0027	25.8500	74.5000	
-0.0276	0.1484	0.0026	25.7000	74.1750	
-0.0276	0.1477	0.0024	25.3000	74.3750	
-0.0277	0.1469	0.0021	25.4500	74.3000	
-0.0277	0.1470	0.0021	25.6250	74.2750	
-0.0277	0.1474	0.0022	26.2250	74.4250	
-0.0278	0.1475	0.0022	27.2250	74.2750	
-0.0277	0.1474	0.0022	27.6500	74.3250	
-0.0278	0.1476	0.0022	26.0750	74.3250	
-0.0277	0.1469	0.0021	26.4000	74.3000	
-0.0276	0.1472	0.0022	27.1750	74.3750	
-0.0276	0.1473	0.0023	25.9500	74.6000	
-0.0276	0.1467	0.0022	25.8750	74.4750	
-0.0276	0.1468	0.0022	25.7750	74.1750	
-0.0276	0.1465	0.0021	25.6500	74.6500	
-0.0277	0.1467	0.0021	25.8000	74.5000	
-0.0276	0.1464	0.0021	26.1250	74.4250	
-0.0276	0.1461	0.0021	25.7250	74.3250	
-0.0276	0.1460	0.0020	25.5000	74.7750	
-0.0275	0.1457	0.0020	25.2750	74.5500	
-0.0275	0.1457	0.0020	25.4000	74.4750	
-0.0275	0.1459	0.0021	25.5250	74.5000	
-0.0274	0.1454	0.0022	25.4500	74.8500	
-0.0274	0.1455	0.0021	25.6750	74.8000	
-0.0273	0.1456	0.0022	25.4500	74.4000	
-0.0273	0.1452	0.0022	25.2500	74.6000	
-0.0271	0.1448	0.0023	25.3000	74.6500	
-0.0271	0.1451	0.0024	25.3000	74.6000	
-0.0272	0.1446	0.0022	25.3000	74.8750	
-0.0273	0.1447	0.0021	25.2000	74.7250	
-0.0273	0.1445	0.0020	25.3500	74.8000	
-0.0273	0.1445	0.0020	25.2250	74.5750	
-0.0273	0.1442	0.0019	25.1000	74.6000	
-0.0272	0.1439	0.0020	25.2500	74.9000	
-0.0272	0.1437	0.0020	24.9750	74.8250	
-0.0272	0.1434	0.0018	24.9000	74.8750	
-0.0271	0.1436	0.0020	25.2500	74.7250	
-0.0271	0.1433	0.0019	25.5250	74.7000	
-0.0271	0.1429	0.0019	24.9250	74.6250	
-0.0271	0.1429	0.0018	25.0250	74.8500	
-0.0271	0.1426	0.0017	25.2000	74.6500	
-0.0270	0.1423	0.0018	25.0250	74.9500	
-0.0271	0.1423	0.0017	25.0500	75.0250	
-0.0271	0.1422	0.0017	25.4000	74.8250	
-0.0270	0.1416	0.0016	24.6250	74.7000	
-0.0270	0.1418	0.0017	25.2250	74.8250	
-0.0270	0.1415	0.0017	25.0000	74.8000	
-0.0269	0.1413	0.0018	25.2000	75.0250	
-0.0268	0.1412	0.0017	25.0750	74.9500	
-0.0270	0.1413	0.0016	25.0000	74.7500	
-0.0269	0.1410	0.0016	24.8750	75.0500	
-0.0268	0.1407	0.0017	24.7250	75.1250	
-0.0268	0.1405	0.0016	24.8750	75.0250	
-0.0267	0.1405	0.0017	25.0000	75.1750	
-0.0268	0.1404	0.0016	24.9500	75.0500	
-0.0269	0.1404	0.0015	24.9750	75.0000	
-0.0268	0.1401	0.0015	25.1250	74.8500	
-0.0269	0.1402	0.0014	24.8250	75.2000	
-0.0269	0.1398	0.0014	25.0250	75.0750	
-0.0269	0.1398	0.0014	25.0250	74.9750	
-0.0269	0.1399	0.0014	25.0750	74.9000	
-0.0268	0.1396	0.0014	25.2750	74.9750	
-0.0269	0.1397	0.0013	25.0500	74.9500	
-0.0269	0.1395	0.0012	25.2250	74.8250	
-0.0269	0.1394	0.0012	25.1250	74.9250	
-0.0268	0.1392	0.0012	25.0750	75.0500	
-0.0267	0.1399	0.0016	25.0750	74.9750	
-0.0267	0.1394	0.0014	25.1000	74.9000	
-0.0268	0.1392	0.0012	25.3000	75.3000	
-0.0268	0.1391	0.0012	24.9500	75.1250	
-0.0269	0.1391	0.0012	25.1250	74.8500	
-0.0268	0.1391	0.0012	25.2000	74.9000	
-0.0268	0.1389	0.0013	25.0750	75.0500	
-0.0268	0.1389	0.0012	25.2000	74.9500	
-0.0268	0.1388	0.0012	25.1750	75.1500	
-0.0268	0.1390	0.0012	25.0000	75.0750	
-0.0267	0.1387	0.0013	25.0250	75.1500	
-0.0266	0.1387	0.0015	25.3250	75.0000	
-0.0268	0.1389	0.0012	25.3000	75.1750	
-0.0269	0.1388	0.0011	24.9000	75.1750	
-0.0269	0.1387	0.0011	25.1750	74.9000	
-0.0269	0.1388	0.0011	24.9500	75.0750	
-0.0269	0.1387	0.0011	24.9500	75.0000	
-0.0269	0.1388	0.0011	25.0750	75.0000	
-0.0268	0.1390	0.0012	25.0250	75.0500	
-0.0268	0.1394	0.0013	24.8000	75.1000	
-0.0269	0.1402	0.0015	25.0750	75.0750	
-0.0271	0.1416	0.0015	25.0750	74.9750	
-0.0275	0.1436	0.0015	25.1750	75.1250	
-0.0277	0.1457	0.0018	24.7750	75.3000	
-0.0279	0.1476	0.0020	24.6500	75.4250	
-0.0282	0.1495	0.0021	26.5500	75.3750	
-0.0283	0.1508	0.0023	44.9250	75.3250	
-0.0283	0.1516	0.0025	50.0000	75.5750	
-0.0282	0.1525	0.0028	50.0000	75.1500	
-0.0284	0.1531	0.0028	50.0000	74.8250	
-0.0285	0.1539	0.0029	50.0000	75.1250	
-0.0286	0.1547	0.0030	50.0000	74.9000	
-0.0285	0.1549	0.0031	50.0000	75.1000	
-0.0285	0.1555	0.0032	50.0000	75.0750	
-0.0286	0.1558	0.0032	50.0000	74.6250	
-0.0286	0.1567	0.0034	50.0000	74.9500	
-0.0286	0.1567	0.0034	50.0000	74.9500	
-0.0286	0.1577	0.0036	50.0000	74.9500	
-0.0286	0.1578	0.0037	50.0000	74.9750	
-0.0286	0.1578	0.0037	50.0250	74.7000	
-0.0287	0.1578	0.0036	50.2750	75.0250	
-0.0286	0.1576	0.0037	50.6000	74.8250	
-0.0287	0.1579	0.0036	51.3000	75.0000	
-0.0287	0.1581	0.0036	52.3250	74.8000	
-0.0287	0.1582	0.0036	53.7250	74.8250	
-0.0285	0.1583	0.0040	55.5500	74.8750	
-0.0284	0.1583	0.0040	57.8000	74.6000	
-0.0286	0.1580	0.0037	59.1250	74.7500	
-0.0286	0.1581	0.0038	60.5500	74.7000	
-0.0284	0.1576	0.0038	62.0750	74.7250	
-0.0285	0.1576	0.0038	63.9000	74.8250	
-0.0286	0.1575	0.0037	65.0500	74.7250	
-0.0285	0.1575	0.0038	66.2500	74.6250	
-0.0284	0.1576	0.0039	67.0250	74.6500	
-0.0284	0.1573	0.0038	67.7250	74.7750	
-0.0285	0.1571	0.0037	68.5250	74.9000	
-0.0284	0.1572	0.0038	69.5500	74.8500	
-0.0284	0.1563	0.0036	70.2250	74.6250	
-0.0281	0.1555	0.0037	71.1000	75.0250	
-0.0279	0.1545	0.0038	71.4500	74.6500	
-0.0277	0.1529	0.0036	72.3250	74.6500	
-0.0274	0.1518	0.0037	73.5250	74.6500	
-0.0273	0.1506	0.0035	73.5750	74.9250	
-0.0272	0.1492	0.0033	73.7250	74.8750	
-0.0271	0.1482	0.0032	74.5000	74.7750	
-0.0268	0.1475	0.0033	74.3750	74.8750	
-0.0267	0.1469	0.0033	73.7250	74.6000	
-0.0265	0.1455	0.0032	73.8250	74.5750	
-0.0264	0.1448	0.0032	73.9250	74.9500	
-0.0264	0.1441	0.0030	74.2250	74.9250	
-0.0264	0.1434	0.0028	74.3000	75.0000	
-0.0264	0.1428	0.0027	74.4000	74.9750	
-0.0263	0.1423	0.0027	74.7000	74.8000	
-0.0263	0.1421	0.0026	74.2500	74.9250	
-0.0263	0.1417	0.0025	74.2000	74.5000	
-0.0263	0.1413	0.0025	73.7000	74.8000	
-0.0263	0.1412	0.0025	73.5000	74.9500	
-0.0262	0.1412	0.0025	73.4000	74.8750	
-0.0262	0.1409	0.0024	72.8500	75.0250	
-0.0262	0.1405	0.0024	72.2000	74.6500	
-0.0261	0.1408	0.0026	70.9500	74.8250	
-0.0262	0.1405	0.0024	70.2000	74.7250	
-0.0260	0.1402	0.0026	68.2250	74.7250	
-0.0264	0.1400	0.0021	51.1000	74.5500	
-0.0264	0.1400	0.0021	49.0500	74.7750	
-0.0264	0.1399	0.0020	48.2750	74.7250	
-0.0263	0.1400	0.0021	48.3500	74.6000	
-0.0264	0.1397	0.0020	48.1250	74.8750	
-0.0263	0.1395	0.0020	47.8500	74.7000	
-0.0263	0.1394	0.0019	48.0000	74.8750	
-0.0263	0.1391	0.0019	47.8000	74.8000	
-0.0264	0.1391	0.0018	47.7000	75.0250	
-0.0264	0.1391	0.0018	47.5750	74.8500	
-0.0264	0.1394	0.0019	47.2000	74.8000	
-0.0263	0.1395	0.0020	47.3000	75.0250	
-0.0263	0.1391	0.0019	46.8750	74.7500	
-0.0264	0.1392	0.0018	46.6250	74.8000	
-0.0264	0.1389	0.0017	46.5250	75.0250	
-0.0264	0.1391	0.0017	45.9750	74.7250	
-0.0264	0.1390	0.0018	45.5750	74.7750	
-0.0264	0.1394	0.0018	45.2750	74.8750	
-0.0265	0.1392	0.0017	44.8250	74.7750	
-0.0266	0.1394	0.0016	44.0000	74.9000	
-0.0266	0.1396	0.0016	43.7000	74.9000	
-0.0266	0.1393	0.0015	42.7250	74.8500	
-0.0267	0.1393	0.0015	41.1750	74.9500	
-0.0266	0.1393	0.0015	40.5000	74.9000	
-0.0266	0.1391	0.0015	39.7000	75.0750	
-0.0266	0.1390	0.0015	39.5750	75.0000	
-0.0267	0.1390	0.0014	38.9500	74.6500	
-0.0267	0.1390	0.0014	38.0750	75.1000	
-0.0267	0.1388	0.0013	36.5250	74.8000	
-0.0267	0.1388	0.0013	36.4750	75.1500	
-0.0267	0.1387	0.0013	35.1750	74.8750	
-0.0267	0.1388	0.0013	34.1250	74.7250	
-0.0267	0.1386	0.0013	34.5750	74.7750	
-0.0267	0.1386	0.0013	32.5000	74.9750	
-0.0267	0.1386	0.0013	32.4750	74.9000	
-0.0266	0.1384	0.0014	33.3250	75.0750	
-0.0267	0.1385	0.0012	31.8000	74.8500	
-0.0267	0.1385	0.0012	31.2250	74.8250	
-0.0267	0.1386	0.0012	32.5000	75.0250	
-0.0267	0.1385	0.0012	29.8750	74.8000	
-0.0267	0.1384	0.0012	29.0500	75.0250	
-0.0267	0.1386	0.0012	29.3250	74.9750	
-0.0267	0.1384	0.0013	29.3000	74.7750	
-0.0267	0.1383	0.0012	28.2750	74.8250	
-0.0267	0.1383	0.0012	29.1750	74.9000	
-0.0267	0.1384	0.0012	28.8250	75.1000	
-0.0267	0.1386	0.0013	28.3250	74.7500	
-0.0266	0.1384	0.0013	27.9750	75.0000	
-0.0267	0.1385	0.0013	28.3750	74.8250	
-0.0267	0.1384	0.0012	27.9250	74.8750	
-0.0267	0.1384	0.0012	27.6500	75.0250	
-0.0267	0.1385	0.0012	27.7750	75.1000	
-0.0267	0.1385	0.0012	27.9500	74.8500	
-0.0267	0.1383	0.0012	26.9500	74.8750	
-0.0268	0.1391	0.0013	28.3750	74.9750	
-0.0266	0.1385	0.0013	27.4500	74.7750	
-0.0267	0.1386	0.0013	27.2000	75.0000	
-0.0267	0.1384	0.0013	27.6250	75.1250	
-0.0267	0.1385	0.0012	27.7250	75.1000	
-0.0267	0.1385	0.0012	27.7250	75.0000	
-0.0267	0.1386	0.0012	27.5000	75.0250	
-0.0267	0.1387	0.0012	26.9250	75.1000	
-0.0267	0.1387	0.0013	27.4250	74.9750	
-0.0267	0.1387	0.0013	27.6000	74.8250	
-0.0268	0.1387	0.0012	27.4250	74.9250	
-0.0268	0.1388	0.0012	28.0250	74.9750	
-0.0268	0.1388	0.0012	27.8500	75.0250	
-0.0268	0.1389	0.0012	28.0500	74.9000	
-0.0268	0.1389	0.0013	27.1750	74.9250	
-0.0268	0.1391	0.0013	27.1250	75.0250	
-0.0267	0.1390	0.0013	27.7000	75.1000	
-0.0268	0.1393	0.0013	28.0000	74.9750	
-0.0269	0.1394	0.0013	27.3000	75.1500	
-0.0269	0.1394	0.0012	27.1250	75.1250	
-0.0269	0.1395	0.0013	27.9750	75.0750	
-0.0269	0.1396	0.0013	27.5500	75.1250	
-0.0270	0.1398	0.0013	26.9250	74.9750	
-0.0270	0.1399	0.0013	28.6000	75.2500	
-0.0270	0.1399	0.0012	27.9000	75.2250	
-0.0270	0.1399	0.0012	26.7250	75.0500	
-0.0270	0.1401	0.0012	28.0250	75.1500	
-0.0270	0.1401	0.0012	27.5250	75.2000	
-0.0270	0.1402	0.0013	27.7500	75.0500	
-0.0270	0.1401	0.0012	27.4500	74.8500	
-0.0271	0.1402	0.0012	27.3250	75.1500	
-0.0271	0.1401	0.0012	27.3250	75.2000	
-0.0271	0.1404	0.0013	27.5500	75.1000	
-0.0271	0.1402	0.0012	27.2500	75.2750	
-0.0271	0.1403	0.0012	27.9000	75.2000	
-0.0271	0.1404	0.0012	27.3500	75.1500	
-0.0272	0.1404	0.0011	26.3750	75.1000	
-0.0272	0.1404	0.0011	26.8000	75.2000	
-0.0272	0.1405	0.0012	27.3250	74.9500	
-0.0272	0.1404	0.0011	26.9000	75.0000	
-0.0272	0.1403	0.0011	26.5250	75.0000	
-0.0272	0.1405	0.0012	27.4500	75.2250	
-0.0272	0.1403	0.0011	27.1500	75.0000	
-0.0272	0.1403	0.0010	26.7000	75.0750	
-0.0272	0.1403	0.0011	27.4500	75.1500	
-0.0272	0.1403	0.0011	27.0500	75.1250	
-0.0272	0.1404	0.0011	27.8000	75.2000	
-0.0272	0.1403	0.0011	27.0000	75.1250	
-0.0273	0.1403	0.0010	27.2750	75.2500	
-0.0272	0.1402	0.0010	27.3500	75.1000	
-0.0272	0.1403	0.0011	26.8000	75.2000	
-0.0272	0.1403	0.0010	29.1750	75.0750	
-0.0273	0.1402	0.0010	27.9250	75.1250	
-0.0272	0.1401	0.0010	27.3250	75.0500	
-0.0271	0.1402	0.0011	27.9500	75.0000	
-0.0272	0.1404	0.0010	28.7000	75.1250	
-0.0273	0.1402	0.0009	28.4500	75.2250	
-0.0273	0.1402	0.0010	27.5250	75.2500	
-0.0273	0.1401	0.0010	28.6250	75.1750	
-0.0273	0.1404	0.0009	30.8250	75.2750	
-0.0273	0.1402	0.0009	28.4000	75.0250	
-0.0273	0.1403	0.0009	27.6000	75.2500	
-0.0273	0.1402	0.0009	28.3250	75.0500	
-0.0273	0.1403	0.0009	29.8000	75.0000	
-0.0274	0.1403	0.0009	27.9750	75.1500	
-0.0274	0.1402	0.0009	28.7250	75.2000	
-0.0274	0.1404	0.0009	31.1750	74.9750	
-0.0274	0.1405	0.0009	28.0250	74.9500	
-0.0274	0.1402	0.0009	28.6250	75.2500	
-0.0274	0.1404	0.0009	31.1500	75.1750	
-0.0273	0.1404	0.0010	27.7000	75.0750	
-0.0273	0.1404	0.0009	28.6500	75.0750	
-0.0273	0.1405	0.0009	28.6000	75.0000	
-0.0274	0.1404	0.0009	30.0250	75.1250	
-0.0274	0.1406	0.0009	28.8750	75.1000	
-0.0274	0.1406	0.0009	30.3500	75.2000	
-0.0275	0.1406	0.0008	28.2250	74.9750	
-0.0274	0.1404	0.0008	28.8750	75.0250	
-0.0274	0.1404	0.0008	30.2750	74.9750	
-0.0274	0.1403	0.0009	27.9000	75.0000	
-0.0274	0.1402	0.0008	27.4500	74.8250	
-0.0274	0.1405	0.0008	26.3750	75.0750	
-0.0274	0.1405	0.0008	29.8000	74.8750	
-0.0274	0.1404	0.0008	29.5000	75.0000	
-0.0274	0.1403	0.0009	28.5000	75.0000	
-0.0274	0.1405	0.0008	31.2750	75.1000	
-0.0274	0.1404	0.0008	30.9250	74.9500	
-0.0274	0.1404	0.0009	28.4500	75.1250	
-0.0274	0.1404	0.0009	27.7250	75.0250	
-0.0274	0.1404	0.0008	30.8500	74.9750	
-0.0274	0.1404	0.0008	28.3000	74.7750	
-0.0274	0.1405	0.0008	27.3500	74.7750	
-0.0275	0.1405	0.0008	29.6250	74.9250	
-0.0275	0.1405	0.0008	28.6250	74.8000	
-0.0275	0.1405	0.0008	28.2250	74.7500	
-0.0275	0.1405	0.0008	30.3750	74.9250	
-0.0275	0.1405	0.0008	30.4000	74.6750	
-0.0274	0.1405	0.0008	31.5750	74.9750	
-0.0275	0.1406	0.0008	30.0000	74.9750	
-0.0275	0.1406	0.0008	29.4250	74.8750	
-0.0275	0.1408	0.0008	28.4000	74.9500	
-0.0275	0.1409	0.0008	31.4000	74.8000	
-0.0275	0.1407	0.0008	28.5000	74.8750	
-0.0275	0.1407	0.0008	28.8000	74.8250	
-0.0275	0.1408	0.0008	31.5500	74.9250	
-0.0275	0.1407	0.0008	31.1750	74.9750	
-0.0276	0.1408	0.0008	31.3750	74.8500	
-0.0275	0.1407	0.0008	30.5500	74.9500	
-0.0276	0.1409	0.0008	29.7750	74.9750	
-0.0276	0.1408	0.0008	27.9750	74.9000	
-0.0276	0.1409	0.0007	28.8750	74.9000	
-0.0276	0.1409	0.0007	32.3500	75.0250	
-0.0276	0.1409	0.0008	32.0750	74.7500	
-0.0276	0.1409	0.0008	31.1250	75.0250	
-0.0276	0.1411	0.0008	31.0500	74.9750	
-0.0276	0.1410	0.0007	31.0750	74.9750	
-0.0276	0.1410	0.0007	31.3250	74.9500	
-0.0276	0.1410	0.0008	30.6750	75.1500	
-0.0276	0.1412	0.0008	27.2000	74.8250	
-0.0277	0.1416	0.0008	33.8000	74.9250	
-0.0277	0.1412	0.0007	33.0750	74.9250	
-0.0276	0.1413	0.0008	30.1250	75.1250	
-0.0276	0.1413	0.0008	32.6750	75.0500	
-0.0276	0.1412	0.0008	30.1750	75.1250	
-0.0277	0.1413	0.0007	27.1000	75.0250	
-0.0277	0.1414	0.0007	29.4500	75.0500	
-0.0277	0.1415	0.0007	27.1250	74.8750	
-0.0277	0.1416	0.0007	30.4750	75.0750	
-0.0277	0.1415	0.0007	27.6750	74.9750	
-0.0277	0.1416	0.0007	27.8000	75.4250	
-0.0277	0.1415	0.0007	26.8000	74.9250	
-0.0277	0.1417	0.0007	26.9500	74.9500	
-0.0278	0.1417	0.0007	27.1500	75.0000	
-0.0278	0.1418	0.0008	28.6500	75.0000	
-0.0278	0.1418	0.0007	30.0500	75.2500	
-0.0278	0.1421	0.0007	30.1500	75.1750	
-0.0278	0.1421	0.0008	35.5500	75.1250	
-0.0278	0.1421	0.0007	37.7750	75.1250	
-0.0278	0.1423	0.0008	37.1750	75.1500	
-0.0278	0.1424	0.0008	38.0250	74.9750	
-0.0279	0.1423	0.0007	39.5000	75.0500	
-0.0279	0.1426	0.0008	40.0250	75.1250	
-0.0279	0.1427	0.0008	40.6250	75.0750	
-0.0280	0.1429	0.0008	42.2250	75.2000	
-0.0280	0.1432	0.0008	43.0000	75.2750	
-0.0280	0.1434	0.0008	48.9500	75.3250	
-0.0281	0.1435	0.0008	50.5250	75.0000	
-0.0281	0.1437	0.0008	50.8000	75.1500	
-0.0281	0.1440	0.0008	50.4250	75.0500	
-0.0282	0.1442	0.0008	50.6250	75.1000	
-0.0283	0.1448	0.0008	51.8000	75.2250	
-0.0282	0.1447	0.0009	50.9250	75.3250	
-0.0283	0.1452	0.0010	50.0250	75.3000	
-0.0283	0.1454	0.0009	50.4000	75.0250	
-0.0285	0.1460	0.0009	51.2250	75.2000	
-0.0285	0.1464	0.0010	51.1250	75.2500	
-0.0286	0.1471	0.0011	50.8250	75.3750	
-0.0286	0.1476	0.0012	51.1500	75.0250	
-0.0287	0.1484	0.0013	51.6750	75.4750	
-0.0289	0.1490	0.0012	51.4750	75.1000	
-0.0290	0.1495	0.0012	51.7000	75.2500	
-0.0290	0.1497	0.0012	52.5000	75.3250	
-0.0290	0.1498	0.0013	53.2250	75.2750	
-0.0289	0.1497	0.0013	54.1750	75.2500	
-0.0289	0.1496	0.0013	56.1500	75.1750	
-0.0289	0.1495	0.0013	58.3000	75.0750	
-0.0289	0.1493	0.0012	62.2750	75.3500	
-0.0289	0.1493	0.0012	66.9500	75.0750	
-0.0289	0.1492	0.0012	71.5750	75.1000	
-0.0288	0.1489	0.0012	72.7750	75.1500	
-0.0288	0.1488	0.0012	73.2000	75.2500	
-0.0288	0.1486	0.0012	73.4500	75.2500	
-0.0287	0.1485	0.0012	74.2000	75.0750	
-0.0288	0.1483	0.0011	73.8000	75.2250	
-0.0288	0.1481	0.0010	73.9000	75.4500	
-0.0288	0.1480	0.0010	73.7750	75.2000	
-0.0288	0.1478	0.0010	73.3250	75.1500	
-0.0287	0.1478	0.0010	72.3000	75.2750	
-0.0288	0.1476	0.0009	71.6750	75.1250	
-0.0287	0.1477	0.0010	70.9500	75.1250	
-0.0287	0.1476	0.0010	70.5000	75.1000	
-0.0287	0.1474	0.0009	69.9250	75.0500	
-0.0287	0.1474	0.0009	69.8000	75.1250	
-0.0287	0.1474	0.0009	69.4500	75.1750	
-0.0288	0.1472	0.0008	69.6750	75.2500	
-0.0288	0.1471	0.0008	69.5750	75.1250	
-0.0288	0.1471	0.0008	68.9000	75.1750	
-0.0287	0.1471	0.0009	67.7500	75.1250	
-0.0288	0.1469	0.0008	68.3750	75.0500	
-0.0287	0.1468	0.0008	67.9750	75.1500	
-0.0287	0.1467	0.0008	65.9250	75.0750	
-0.0287	0.1465	0.0008	64.8250	74.9250	
-0.0287	0.1466	0.0008	67.0250	75.1750	
-0.0287	0.1467	0.0008	63.2000	75.0000	
-0.0285	0.1466	0.0010	64.2000	75.1000	
-0.0285	0.1461	0.0008	66.2750	75.0000	
-0.0284	0.1459	0.0009	60.7500	75.1250	
-0.0285	0.1459	0.0009	58.3500	75.3000	
-0.0284	0.1455	0.0009	60.1000	74.9500	
-0.0284	0.1456	0.0009	59.7250	75.1250	
-0.0284	0.1456	0.0009	59.2250	75.0750	
-0.0285	0.1456	0.0008	59.0500	74.8500	
-0.0284	0.1454	0.0008	60.0250	75.0750	
-0.0284	0.1454	0.0008	60.0750	75.1500	
-0.0284	0.1453	0.0008	57.5250	75.0250	
-0.0284	0.1452	0.0008	57.8750	75.0500	
-0.0283	0.1452	0.0009	59.8750	75.1000	
-0.0283	0.1451	0.0009	59.4500	75.1500	
-0.0283	0.1451	0.0008	58.6750	75.2250	
-0.0284	0.1449	0.0008	60.7750	75.0000	
-0.0283	0.1448	0.0008	61.1000	74.8250	
-0.0283	0.1447	0.0008	60.5500	74.9750	
-0.0283	0.1446	0.0008	63.6250	74.9750	
-0.0282	0.1443	0.0008	65.4750	75.0500	
-0.0282	0.1443	0.0008	66.1500	74.9500	
-0.0281	0.1441	0.0008	68.1250	74.9750	
-0.0282	0.1441	0.0008	68.4750	74.9250	
-0.0282	0.1440	0.0008	68.6250	74.8500	
-0.0281	0.1438	0.0008	68.3500	75.0000	
-0.0282	0.1436	0.0007	66.2000	74.9000	
-0.0281	0.1434	0.0007	67.0250	74.8750	
-0.0281	0.1434	0.0007	66.9500	74.8750	
-0.0280	0.1433	0.0008	63.0750	74.8000	
-0.0280	0.1431	0.0007	45.0750	74.8500	
-0.0281	0.1432	0.0007	44.5750	75.1000	
-0.0281	0.1431	0.0006	44.6000	74.8750	
-0.0281	0.1428	0.0006	43.9750	74.8250	
-0.0281	0.1428	0.0006	42.9500	74.8750	
-0.0280	0.1428	0.0006	42.7250	74.9750	
-0.0280	0.1427	0.0006	43.5000	74.9750	
-0.0280	0.1426	0.0006	42.9500	74.9750	
-0.0280	0.1425	0.0006	42.1250	74.9500	
-0.0280	0.1423	0.0006	44.1250	74.9000	
-0.0280	0.1422	0.0006	43.8250	74.9250	
-0.0280	0.1423	0.0006	42.2750	74.9500	
-0.0279	0.1420	0.0006	43.0000	74.9250	
-0.0280	0.1422	0.0006	43.6750	74.9250	
-0.0280	0.1422	0.0006	41.8500	74.8000	
-0.0279	0.1418	0.0006	41.2750	74.8750	
-0.0279	0.1419	0.0006	40.4000	74.8500	
-0.0279	0.1417	0.0006	38.9500	74.7250	
-0.0278	0.1416	0.0006	36.5500	74.8000	
-0.0278	0.1417	0.0006	33.7750	74.9250	
-0.0278	0.1416	0.0006	33.2500	74.8750	
-0.0278	0.1415	0.0006	29.5500	74.8000	
-0.0279	0.1415	0.0005	28.6500	74.8500	
-0.0278	0.1413	0.0006	29.5750	74.7500	
-0.0278	0.1412	0.0006	29.9750	74.6500	
-0.0278	0.1414	0.0006	29.1000	74.7750	
-0.0278	0.1411	0.0006	29.5250	74.6750	
-0.0278	0.1412	0.0006	33.3500	74.6500	
-0.0278	0.1412	0.0006	29.9500	74.8250	
-0.0278	0.1410	0.0005	28.8500	74.6500	
-0.0277	0.1408	0.0005	29.4750	74.7750	
-0.0277	0.1409	0.0006	28.7000	74.8000	
-0.0277	0.1408	0.0006	27.9750	74.7750	
-0.0278	0.1410	0.0005	27.8250	74.6000	
-0.0278	0.1408	0.0005	35.2250	74.8500	
-0.0277	0.1406	0.0005	30.5750	74.8000	
-0.0277	0.1406	0.0005	30.9250	74.6500	
-0.0277	0.1404	0.0005	32.3250	74.7500	
-0.0277	0.1405	0.0005	28.5000	74.7750	
-0.0276	0.1404	0.0006	28.3750	74.6000	
-0.0277	0.1405	0.0005	31.6250	75.0500	
-0.0276	0.1402	0.0005	31.3500	74.7250	
-0.0276	0.1403	0.0005	27.5000	74.6750	
-0.0276	0.1404	0.0006	30.8750	74.5500	
-0.0276	0.1402	0.0006	30.9500	74.8500	
0.5016	50.0000	0.5663	50.0000	
0.4521	50.0000	0.5385	50.0000	
0.4079	50.0000	0.5147	50.0000	
0.3693	50.0000	0.4931	50.0000	
0.3370	50.0000	0.4729	50.0000	
0.3104	50.0000	0.4542	50.0000	
0.2886	50.0000	0.4367	50.0000	
0.2715	50.0000	0.4201	50.0000	
0.2582	50.0000	0.4047	50.0000	
0.2489	50.0000	0.3906	50.0000	
0.2432	50.0000	0.3772	50.0000	
0.2400	50.0000	0.3641	50.0000	
0.2380	50.0000	0.3516	50.0000	
0.2366	50.1500	0.3392	50.0000	
0.2354	59.7250	0.3271	50.0000	
0.2341	72.2500	0.3148	50.0000	
0.2328	74.6500	0.3024	50.0000	
0.2315	74.6750	0.2898	50.0000	
0.2302	74.7000	0.2769	50.0000	
0.2287	74.5750	0.2637	50.0000	
0.2272	74.5250	0.2507	51.6000	
0.2256	74.0500	0.2375	57.9000	
0.2239	73.9000	0.2246	66.4750	
0.2222	73.7000	0.2120	67.6250	
0.2204	73.7500	0.1999	66.0250	
0.2184	73.8000	0.1886	63.4500	
0.2164	73.7500	0.1777	61.5250	
0.2144	73.4500	0.1678	59.9250	
0.2123	73.4250	0.1588	58.8750	
0.2101	73.4000	0.1507	58.3000	
0.2079	73.4000	0.1437	57.6000	
0.2056	73.3750	0.1373	57.6500	
0.2033	73.4500	0.1316	57.5750	
0.2006	73.3250	0.1265	57.8500	
0.1974	73.4750	0.1221	57.9250	
0.1942	72.4000	0.1183	58.0750	
0.1911	72.0250	0.1149	58.0750	
0.1880	72.2500	0.1117	58.0500	
0.1850	72.3500	0.1085	58.0500	
0.1822	72.9000	0.1053	58.0500	
0.1794	73.1000	0.1020	58.1250	
0.1768	73.3500	0.0984	58.1000	
0.1743	73.9250	0.0947	58.1000	
0.1720	74.1250	0.0909	58.1750	
0.1699	74.1500	0.0869	58.2500	
0.1680	74.5750	0.0828	58.2000	
0.1663	74.6750	0.0785	58.2750	
0.1648	74.8250	0.0737	58.4500	
0.1635	74.7500	0.0687	58.4750	
0.1623	74.8750	0.0637	58.6000	
0.1612	74.7250	0.0587	58.6500	
0.1602	74.6500	0.0537	58.7500	
0.1592	74.7750	0.0488	58.8500	
0.1583	74.7250	0.0442	59.0500	
0.1575	74.8250	0.0398	59.3250	
0.1567	74.4500	0.0357	59.5250	
0.1557	74.4250	0.0319	59.7750	
0.1549	74.3500	0.0285	60.0750	
0.1540	74.5250	0.0255	60.4000	
0.1533	74.5250	0.0228	61.0000	
0.1527	74.6500	0.0203	61.5750	
0.1518	74.8750	0.0182	62.0250	
0.1513	75.2250	0.0163	62.5000	
0.1508	74.9500	0.0147	62.9500	
0.1500	75.1500	0.0132	63.4750	
0.1497	75.2000	0.0119	64.1000	
0.1491	75.0750	0.0108	64.4750	
0.1486	75.0750	0.0098	64.9500	
0.1481	75.1000	0.0089	65.3750	
0.1477	75.2250	0.0081	66.1000	
0.1473	75.1750	0.0074	66.7250	
0.1469	75.1000	0.0068	67.0250	
0.1465	75.0750	0.0063	67.5000	
0.1462	75.0500	0.0059	67.9500	
0.1459	74.6250	0.0055	68.2500	
0.1457	74.5500	0.0052	68.7000	
0.1452	74.0000	0.0050	69.0500	
0.1450	73.1250	0.0047	69.3500	
0.1447	72.5750	0.0045	69.8250	
0.1444	71.4250	0.0043	70.0250	
0.1441	70.1500	0.0041	70.3500	
0.1439	68.9250	0.0040	70.7250	
0.1436	67.6500	0.0038	70.9750	
0.1435	66.0750	0.0037	71.0000	
0.1434	65.5500	0.0035	71.3250	
0.1430	63.6250	0.0034	71.5250	
0.1431	61.9500	0.0033	71.5250	
0.1426	61.1000	0.0032	71.8500	
0.1424	59.9250	0.0031	72.0500	
0.1422	59.3250	0.0030	72.3000	
0.1421	57.7750	0.0029	72.5250	
0.1419	56.6500	0.0029	72.6000	
0.1418	56.0000	0.0028	72.7500	
0.1416	55.4750	0.0027	72.8500	
0.1415	55.2000	0.0026	72.8750	
0.1414	55.0250	0.0026	73.0250	
0.1412	54.4000	0.0025	73.1250	
0.1412	53.6750	0.0024	73.1750	
0.1410	53.6250	0.0023	73.3500	
0.1410	53.5750	0.0022	73.3250	
0.1408	53.4500	0.0021	73.4500	
0.1408	53.8000	0.0020	73.4500	
0.1406	53.1500	0.0019	73.5250	
0.1406	53.5000	0.0018	73.5500	
0.1404	53.3250	0.0017	73.6250	
0.1404	53.1250	0.0017	73.6750	
0.1403	53.0500	0.0016	73.7750	
0.1402	52.8750	0.0015	73.8500	
0.1401	52.5250	0.0014	73.9250	
0.1403	52.0750	0.0014	73.9500	
0.1403	52.7000	0.0013	74.0250	
0.1399	51.9750	0.0013	74.2000	
0.1402	51.3750	0.0012	74.1000	
0.1399	51.7000	0.0012	74.2250	
0.1398	51.5250	0.0011	74.4500	
0.1398	51.0500	0.0011	74.4500	
0.1398	50.8000	0.0011	74.5500	
0.1397	51.2500	0.0010	74.4000	
0.1397	51.1750	0.0010	74.4500	
0.1397	51.4250	0.0010	74.5000	
0.1397	51.1000	0.0009	74.5000	
0.1399	51.5500	0.0009	74.6750	
0.1397	50.7250	0.0009	74.6250	
0.1395	50.6250	0.0009	74.7250	
0.1397	52.3250	0.0009	74.7750	
0.1394	51.2750	0.0009	74.6750	
0.1397	50.9500	0.0008	74.8250	
0.1394	51.8500	0.0008	74.8000	
0.1395	51.0500	0.0008	74.7750	
0.1394	51.1750	0.0008	74.8000	
0.1394	51.5500	0.0008	74.8000	
0.1393	51.4750	0.0008	74.8000	
0.1395	52.0500	0.0008	74.8000	
0.1393	51.2750	0.0008	74.8250	
0.1394	50.8500	0.0008	74.8000	
0.1394	52.0750	0.0008	74.8250	
0.1393	51.5750	0.0008	74.7750	
0.1393	51.4250	0.0008	74.8000	
0.1393	51.3000	0.0008	74.8250	
0.1392	50.8000	0.0007	74.7250	
0.1393	51.7000	0.0007	74.9250	
0.1392	51.2000	0.0007	74.8000	
0.1392	51.1000	0.0007	74.7750	
0.1392	51.2750	0.0007	74.8250	
0.1392	50.8750	0.0007	74.8500	
0.1392	51.0250	0.0007	74.7250	
0.1392	51.5750	0.0007	74.8250	
0.1393	51.1750	0.0007	74.7500	
0.1392	50.7500	0.0007	74.8250	
0.1392	50.4250	0.0007	74.8000	
0.1393	51.5000	0.0007	74.6750	
0.1393	50.7750	0.0007	74.8000	
0.1391	50.5500	0.0007	74.8000	
0.1392	51.1500	0.0007	74.7750	
0.1392	51.2500	0.0007	74.8500	
0.1392	50.6750	0.0007	74.8250	
0.1393	51.0750	0.0007	74.7750	
0.1391	50.7750	0.0006	74.7750	
0.1392	50.3250	0.0006	74.9000	
0.1391	50.4750	0.0006	74.8250	
0.1391	50.5000	0.0006	74.7750	
0.1391	49.9250	0.0006	74.8250	
0.1391	50.0000	0.0006	74.8000	
0.1391	49.7250	0.0006	74.9000	
0.1393	49.8250	0.0006	74.7750	
0.1393	48.8500	0.0006	74.8250	
0.1391	48.5250	0.0006	74.8250	
0.1391	48.3000	0.0006	74.8500	
0.1391	48.2500	0.0006	74.8250	
0.1391	48.7750	0.0006	74.8250	
0.1391	47.8750	0.0006	74.7750	
0.1391	46.9500	0.0006	74.8500	
0.1391	47.2250	0.0006	74.8500	
0.1392	46.7000	0.0006	74.7250	
0.1391	46.3000	0.0006	74.8250	
0.1391	47.6000	0.0006	74.8750	
0.1391	45.9500	0.0006	74.8500	
0.1391	42.2000	0.0006	74.8250	
0.1391	43.8250	0.0006	74.8000	
0.1391	46.5250	0.0006	74.8500	
0.1390	44.7750	0.0006	74.8250	
0.1391	41.4750	0.0006	74.8750	
0.1391	42.0750	0.0006	74.8500	
0.1391	40.6250	0.0006	74.8750	
0.1391	39.9000	0.0006	74.8750	
0.1391	41.0500	0.0006	74.8000	
0.1391	41.0250	0.0006	74.8500	
0.1391	39.1500	0.0006	74.9000	
0.1391	39.6500	0.0006	74.8000	
0.1391	40.9000	0.0006	74.8500	
0.1392	38.7250	0.0005	74.8000	
0.1390	38.8500	0.0005	74.9250	
0.1390	39.7250	0.0005	74.8250	
0.1390	39.8250	0.0005	74.8250	
0.1394	38.3000	0.0005	74.8250	
0.1393	40.0500	0.0005	74.8750	
0.1391	39.1500	0.0005	74.7750	
0.1391	38.1000	0.0005	74.9000	
0.1390	39.1750	0.0005	74.8500	
0.1390	38.9500	0.0005	74.8500	
0.1390	38.0750	0.0005	74.8750	
0.1391	37.3500	0.0005	74.8750	
0.1390	38.2500	0.0005	74.7750	
0.1391	39.4250	0.0005	74.8750	
0.1392	37.5500	0.0005	74.8250	
0.1389	37.4750	0.0005	74.8750	
0.1391	38.2750	0.0005	74.8500	
0.1390	37.4750	0.0005	74.8500	
0.1390	38.3500	0.0005	74.8750	
0.1390	38.7250	0.0005	74.8500	
0.1390	37.4750	0.0005	74.8000	
0.1391	37.8000	0.0005	74.8500	
0.1392	36.9000	0.0005	74.8750	
0.1390	37.8250	0.0005	74.8250	
0.1390	38.2250	0.0005	74.8500	
0.1390	37.6750	0.0005	74.8500	
0.1390	37.3250	0.0005	74.8250	
0.1390	36.6000	0.0005	74.8250	
0.1390	36.4000	0.0005	74.8500	
0.1390	37.8500	0.0005	74.8500	
0.1389	37.7500	0.0005	74.8500	
0.1390	36.8750	0.0005	74.8500	
0.1392	37.7250	0.0005	74.7750	
0.1391	36.7500	0.0005	74.8500	
0.1390	36.7750	0.0005	74.8500	
0.1391	37.2750	0.0005	74.8750	
0.1391	37.4250	0.0005	74.8000	
0.1389	37.0500	0.0005	74.8750	
0.1390	36.9500	0.0005	74.8500	
0.1390	37.4000	0.0005	74.8750	
0.1389	36.9750	0.0005	74.8750	
0.1389	37.2000	0.0005	74.8000	
0.1390	36.9750	0.0005	74.8250	
0.1389	36.8750	0.0005	74.8000	
0.1390	37.5250	0.0005	74.8750	
0.1390	36.8250	0.0005	74.8500	
0.1389	36.8250	0.0005	74.8000	
0.1390	37.3000	0.0005	74.8250	
0.1389	36.6000	0.0005	74.8500	
0.1389	37.0250	0.0005	74.7750	
0.1390	37.2500	0.0005	74.8750	
0.1389	37.2000	0.0005	74.8250	
0.1390	36.1000	0.0005	74.8000	
0.1389	36.7500	0.0005	74.8500	
0.1389	36.9750	0.0005	74.8000	
0.1390	36.2000	0.0005	74.8000	
0.1389	36.3750	0.0005	74.7500	
0.1390	37.2250	0.0005	74.7750	
0.1390	36.8000	0.0005	74.8250	
0.1389	36.4750	0.0005	74.7750	
0.1389	36.5500	0.0005	74.8000	
0.1389	36.2750	0.0005	74.8500	
0.1389	36.9000	0.0005	74.8500	
0.1390	36.5750	0.0005	74.8500	
0.1389	36.8500	0.0005	74.8500	
0.1389	36.8000	0.0005	74.8250	
0.1390	36.2000	0.0005	74.8250	
0.1389	36.7500	0.0005	74.7250	
0.1390	36.3250	0.0005	74.8500	
0.1389	36.8750	0.0005	74.8250	
0.1389	36.7250	0.0005	74.8250	
0.1389	36.4750	0.0005	74.8750	
0.1389	36.7250	0.0005	74.9250	
0.1389	36.8250	0.0005	74.8000	
0.1389	36.5000	0.0005	74.8250	
0.1389	36.6500	0.0005	74.7750	
0.1389	36.7750	0.0005	74.8000	
0.1390	37.0250	0.0005	74.8500	
0.1389	36.4500	0.0005	74.8500	
0.1389	36.6000	0.0005	74.8000	
0.1389	36.1250	0.0005	74.7250	
0.1390	37.0500	0.0005	74.8500	
0.1392	36.7000	0.0005	74.8500	
0.1390	36.8750	0.0005	74.8500	
0.1389	37.0000	0.0005	74.7500	
0.1390	35.8250	0.0005	74.8000	
0.1391	37.1000	0.0005	74.8250	
0.1388	37.1750	0.0005	74.7500	
0.1389	36.8250	0.0005	74.8500	
0.1390	36.4000	0.0005	74.9000	
0.1389	36.5750	0.0005	74.8000	
0.1388	37.0750	0.0005	74.7750	
0.1389	36.6000	0.0005	74.8250	
0.1390	36.7500	0.0005	74.8500	
0.1390	36.3750	0.0005	74.7750	
0.1389	36.9250	0.0005	74.7500	
0.1389	36.8500	0.0005	74.7500	
0.1389	36.8750	0.0005	74.8250	
0.1388	36.9750	0.0005	74.7750	
0.1389	37.0000	0.0005	74.6750	
0.1389	36.5000	0.0005	74.7750	
0.1389	36.6000	0.0005	74.7500	
0.1389	36.5750	0.0005	74.8250	
0.1389	36.8750	0.0005	74.7750	
0.1389	36.9500	0.0005	74.7250	
0.1390	36.5750	0.0005	74.8000	
0.1391	37.1000	0.0005	74.8000	
0.1392	36.4250	0.0005	74.7500	
0.1389	36.5500	0.0005	74.8750	
0.1389	36.8750	0.0004	74.7500	
0.1388	36.8000	0.0004	74.7750	
0.1389	37.0000	0.0004	74.8250	
0.1390	36.4250	0.0004	74.8250	
0.1389	36.7250	0.0004	74.8000	
0.1390	37.0250	0.0004	74.7250	
0.1388	36.8750	0.0004	74.8250	
0.1388	36.8000	0.0004	74.8000	
0.1390	36.3500	0.0004	74.7750	
0.1391	36.7750	0.0004	74.8250	
0.1389	36.5750	0.0004	74.7750	
0.1388	36.6250	0.0004	74.7000	
0.1389	37.1500	0.0004	74.7500	
0.1388	36.4500	0.0004	74.7750	
0.1388	36.4750	0.0004	74.7500	
0.1388	36.8500	0.0004	74.7250	
0.1388	36.6250	0.0004	74.8000	
0.1389	36.2750	0.0004	74.7000	
0.1388	37.0750	0.0004	74.7750	
0.1388	37.1500	0.0004	74.8250	
0.1389	36.4750	0.0004	74.8000	
0.1389	37.0500	0.0004	74.7500	
0.1388	36.6500	0.0004	74.7750	
0.1389	36.8000	0.0004	74.7000	
0.1388	37.1000	0.0004	74.7750	
0.1391	36.1000	0.0004	74.7500	
0.1389	37.0000	0.0004	74.7000	
0.1388	36.6750	0.0004	74.7750	
0.1389	36.5250	0.0004	74.8250	
0.1388	36.7000	0.0004	74.8250	
0.1388	36.8000	0.0004	74.7750	
0.1389	36.3250	0.0004	74.9000	
0.1388	36.8750	0.0004	74.7500	
0.1388	37.4500	0.0004	74.8500	
0.1388	36.6500	0.0004	74.7000	
0.1389	36.2500	0.0004	74.7250	
0.1388	36.8500	0.0004	74.8750	
0.1388	36.9250	0.0004	74.7250	
0.1388	36.6250	0.0004	74.8000	
0.1388	36.8250	0.0004	74.7500	
0.1388	36.6750	0.0004	74.8500	
0.1389	36.5750	0.0004	74.7500	
0.1388	36.4500	0.0004	74.7500	
0.1388	36.8250	0.0004	74.8250	
0.1388	37.3500	0.0004	74.8000	
0.1388	36.7000	0.0004	74.7250	
0.1388	36.8250	0.0004	74.8000	
0.1389	36.6000	0.0004	74.8000	
0.1389	36.9000	0.0004	74.7000	
0.1388	37.1250	0.0004	74.8000	
0.1388	36.8750	0.0004	74.7000	
0.1388	36.6250	0.0004	74.7250	
0.1387	36.5750	0.0004	74.7500	
0.1388	36.6500	0.0004	74.7500	
0.1388	37.2000	0.0004	74.8500	
0.1388	36.9250	0.0004	74.7500	
0.1388	36.7750	0.0004	74.7250	
0.1388	36.3750	0.0004	74.8000	
0.1387	36.7000	0.0004	74.8000	
0.1388	37.3000	0.0004	74.7250	
0.1388	36.8500	0.0004	74.7750	
0.1387	36.5500	0.0004	74.8750	
0.1389	36.6500	0.0004	74.8000	
0.1388	37.1250	0.0004	74.7750	
0.1389	37.1250	0.0004	74.7250	
0.1389	37.0500	0.0004	74.8000	
0.1388	36.8750	0.0004	74.8000	
0.1388	36.3250	0.0004	74.8250	
0.1388	37.2750	0.0004	74.7000	
0.1387	37.1750	0.0004	74.7250	
0.1388	37.0000	0.0004	74.7750	
0.1387	36.7500	0.0004	74.7500	
0.1388	36.9250	0.0004	74.8000	
0.1388	37.0250	0.0004	74.7500	
0.1388	36.7500	0.0004	74.7500	
0.1387	37.0500	0.0004	74.7750	
0.1387	36.7500	0.0004	74.7250	
0.1389	36.7500	0.0004	74.8250	
0.1388	37.4000	0.0004	74.8000	
0.1389	36.8000	0.0004	74.8000	
0.1388	36.5750	0.0004	74.7500	
0.1387	37.5250	0.0004	74.7500	
0.1387	37.3250	0.0004	74.7750	
0.1387	36.9250	0.0004	74.7000	
0.1387	36.6000	0.0004	74.8250	
0.1387	37.0250	0.0004	74.8250	
0.1387	36.8250	0.0004	74.7250	
0.1387	36.9000	0.0004	74.7750	
0.1388	37.1000	0.0004	74.7500	
0.1390	36.5750	0.0004	74.7250	
0.1387	36.8500	0.0004	74.7750	
0.1387	37.3000	0.0004	74.7750	
0.1387	37.0500	0.0004	74.7750	
0.1389	36.7000	0.0004	74.7750	
0.1386	37.0000	0.0004	74.8500	
0.1388	37.6000	0.0004	74.7500	
0.1388	36.7750	0.0004	74.8000	
0.1387	36.9000	0.0004	74.7000	
0.1388	37.3000	0.0004	74.8500	
0.1387	37.1000	0.0004	74.7750	
0.1387	36.8000	0.0004	74.7750	
0.1387	37.0750	0.0004	74.8000	
0.1387	36.9500	0.0004	74.6750	
0.1388	36.9000	0.0004	74.7000	
0.1387	37.4750	0.0004	74.7750	
0.1387	37.4250	0.0004	74.8500	
0.1387	36.8500	0.0004	74.7500	
0.1387	36.9500	0.0004	74.7750	
0.1387	36.8750	0.0004	74.7500	
0.1387	36.7750	0.0004	74.7500	
0.1387	36.9500	0.0004	74.7250	
0.1387	37.5000	0.0004	74.8500	
0.1387	37.2000	0.0004	74.8250	
0.1387	36.9500	0.0004	74.8250	
0.1387	36.8250	0.0004	74.7250	
0.1387	37.0500	0.0004	74.8000	
0.1388	36.9250	0.0004	74.7750	
0.1386	37.0250	0.0004	74.8000	
0.1387	37.3000	0.0004	74.7500	
0.1387	37.0500	0.0004	74.8500	
0.1387	37.0500	0.0004	74.7500	
0.1387	37.0500	0.0004	74.8750	
0.1388	37.1250	0.0004	74.8500	
0.1389	36.9000	0.0004	74.7500	
0.1387	37.0000	0.0004	74.7750	
0.1388	37.4000	0.0004	74.7750	
0.1387	37.0500	0.0004	74.7500	
0.1386	37.0500	0.0004	74.7250	
0.1387	37.2500	0.0004	74.8000	
0.1387	37.2500	0.0004	74.8000	
0.1387	37.4750	0.0004	74.8250	
0.1388	37.3750	0.0004	74.7500	
0.1387	37.3000	0.0004	74.7000	
0.1387	36.9750	0.0004	74.7500	
0.1389	37.8500	0.0004	74.7750	
0.1387	37.1250	0.0004	74.8500	
0.1387	36.8250	0.0004	74.8250	
0.1389	37.7750	0.0004	74.7500	
0.1385	37.4000	0.0004	74.7250	
0.1387	36.8500	0.0004	74.7750	
0.1386	37.1000	0.0004	74.7500	
0.1387	37.5000	0.0004	74.8250	
0.1387	37.1000	0.0004	74.8250	
0.1387	37.0500	0.0004	74.8250	
0.1386	37.3250	0.0004	74.8250	
0.1386	37.1500	0.0004	74.8000	
0.1386	37.1250	0.0004	74.8500	
0.1386	37.3250	0.0004	74.8250	
0.1387	37.4000	0.0004	74.7750	
0.1386	37.4750	0.0004	74.8250	
0.1388	37.0750	0.0004	74.8000	
0.1387	37.2750	0.0004	74.8000	
0.1388	37.1500	0.0004	74.7750	
0.1388	37.6500	0.0004	74.8250	
0.1388	37.4750	0.0004	74.8000	
0.1387	37.2250	0.0004	74.8250	
0.1387	37.8500	0.0004	74.8250	
0.1386	37.2000	0.0004	74.8250	
0.1388	37.0750	0.0004	74.8500	
0.1386	37.1000	0.0004	74.8000	
0.1386	37.3250	0.0004	74.8000	
0.1386	37.7250	0.0004	74.8000	
0.1386	37.2000	0.0004	74.8000	
0.1387	37.2250	0.0004	74.7750	
0.1386	37.3750	0.0004	74.8000	
0.1386	37.0750	0.0004	74.8000	
0.1387	37.0500	0.0004	74.8500	
0.1386	37.3750	0.0004	74.7500	
0.1386	37.1500	0.0004	74.8500	
0.1386	36.7750	0.0004	74.8000	
0.1386	37.4500	0.0004	74.8250	
0.1387	37.1750	0.0004	74.8000	
0.1386	37.0250	0.0004	74.8250	
0.1386	38.1000	0.0004	74.8000	
0.1387	36.8500	0.0004	74.8750	
0.1388	37.6500	0.0004	74.8250	
0.1386	37.8000	0.0004	74.8250	
0.1387	36.9750	0.0004	74.7750	
0.1386	37.5750	0.0004	74.8000	
0.1386	37.4750	0.0004	74.8000	
0.1386	37.1750	0.0004	74.8250	
0.1386	37.3500	0.0004	74.7750	
0.1386	37.6250	0.0004	74.8750	
0.1386	37.1250	0.0004	74.8500	
0.1386	36.7500	0.0004	74.8250	
0.1386	37.0750	0.0004	74.8000	
0.1386	37.3000	0.0004	74.7750	
0.1386	37.2250	0.0004	74.8000	
0.1386	37.3250	0.0004	74.8500	
0.1387	37.1250	0.0004	74.8250	
0.1387	37.8000	0.0004	74.7500	
0.1385	37.7750	0.0004	74.8250	
0.1386	37.0000	0.0004	74.8000	
0.1386	37.1750	0.0004	74.8500	
0.1386	36.7500	0.0004	74.7250	
0.1386	37.1500	0.0004	74.7250	
0.1387	37.7750	0.0004	74.7500	
0.1388	37.0000	0.0004	74.8000	
0.1387	37.1750	0.0004	74.8750	
0.1386	37.7000	0.0004	74.9000	
0.1386	36.9250	0.0004	74.7500	
0.1385	37.7750	0.0004	74.7750	
0.1386	37.4250	0.0004	74.8250	
0.1386	38.1750	0.0004	74.8000	
0.1386	36.8750	0.0004	74.8250	
0.1386	37.1500	0.0004	74.8250	
0.1386	37.0250	0.0004	74.8250	
0.1385	36.9500	0.0004	74.8250	
0.1387	37.7000	0.0004	74.8500	
0.1386	36.9500	0.0004	74.8500	
0.1386	36.9500	0.0004	74.8250	
0.1387	38.2250	0.0004	74.8250	
0.1387	36.5000	0.0004	74.7750	
0.1386	37.1750	0.0004	74.8500	
0.1386	37.7000	0.0004	74.8250	
0.1387	36.5500	0.0004	74.8000	
0.1385	36.9000	0.0004	74.8250	
0.1387	38.0500	0.0004	74.8000	
0.1385	37.5500	0.0004	74.8250	
0.1386	37.1250	0.0004	74.8250	
0.1386	37.3250	0.0004	74.8250	
0.1387	37.1500	0.0004	74.8250	
0.1386	37.4750	0.0004	74.8250	
0.1386	37.5250	0.0004	74.8250	
0.1385	37.2750	0.0004	74.8500	
0.1385	36.9750	0.0004	74.7000	
0.1385	37.4750	0.0004	74.8000	
0.1385	37.2000	0.0004	74.8000	
0.1385	37.2250	0.0004	74.8000	
0.1386	38.0500	0.0004	74.7500	
0.1386	37.2250	0.0004	74.7500	
0.1385	36.9250	0.0004	74.8500	
0.1386	37.9000	0.0004	74.8250	
0.1386	36.9250	0.0004	74.8000	
0.1385	36.9250	0.0004	74.8250	
0.1386	37.9250	0.0004	74.7750	
0.1385	37.2000	0.0004	74.8000	
0.1385	37.2000	0.0004	74.8250	
0.1385	37.4250	0.0004	74.8500	
0.1385	37.7000	0.0004	74.7750	
0.1385	37.2750	0.0004	74.8500	
0.1385	37.0250	0.0004	74.8500	
0.1385	37.4500	0.0004	74.8500	
0.1385	37.2750	0.0004	74.8500	
0.1385	37.1500	0.0004	74.8500	
0.1385	37.1250	0.0004	74.8250	
0.1386	37.8750	0.0004	74.7750	
0.1385	37.3000	0.0004	74.8250	
0.1385	36.7750	0.0004	74.8000	
0.1385	37.3750	0.0004	74.8500	
0.1385	37.5500	0.0004	74.8250	
0.1385	37.3500	0.0004	74.8000	
0.1385	37.3750	0.0004	74.8500	
0.1385	37.1750	0.0004	74.8000	
0.1386	36.9500	0.0004	74.7250	
0.1385	37.9250	0.0004	74.8250	
0.1385	37.6000	0.0004	74.8000	
0.1385	37.2750	0.0004	74.7750	
0.1385	36.9000	0.0004	74.7750	
0.1385	38.0250	0.0004	74.8250	
0.1386	38.0500	0.0004	74.8250	
0.1385	37.5500	0.0004	74.8250	
0.1385	37.5750	0.0004	74.8750	
0.1385	37.9500	0.0004	74.8000	
0.1386	37.1250	0.0004	74.8000	
0.1385	36.9750	0.0004	74.7750	
0.1385	37.9500	0.0004	74.7750	
0.1384	38.2000	0.0004	74.7500	
0.1384	37.5000	0.0004	74.8000	
0.1385	37.8250	0.0004	74.8500	
0.1384	37.6750	0.0004	74.8500	
0.1385	37.2250	0.0004	74.7000	
0.1385	37.1250	0.0004	74.7000	
0.1385	37.0500	0.0004	74.8250	
0.1385	37.7000	0.0004	74.8250	
0.1384	37.6750	0.0004	74.8250	
0.1385	36.9750	0.0004	74.7750	
0.1386	37.6500	0.0004	74.7250	
0.1385	37.4500	0.0004	74.8000	
0.1385	37.6250	0.0004	74.8000	
0.1384	37.3500	0.0004	74.8000	
0.1384	37.1750	0.0004	74.8500	
0.1385	37.8750	0.0004	74.8000	
0.1384	37.3000	0.0004	74.7250	
0.1385	37.2250	0.0004	74.8000	
0.1384	37.1000	0.0004	74.8000	
0.1384	37.1500	0.0004	74.8000	
0.1384	37.5750	0.0004	74.8500	
0.1384	37.2500	0.0004	74.8500	
0.1384	37.3750	0.0004	74.8250	
0.1384	37.1250	0.0004	74.8250	
0.1384	37.3750	0.0004	74.8500	
0.1384	37.2250	0.0004	74.8000	
0.1384	37.3750	0.0004	74.7750	
0.1384	37.8250	0.0004	74.8000	
0.1384	37.0750	0.0004	74.7250	
0.1384	37.2000	0.0004	74.8500	
0.1385	37.6250	0.0004	74.8500	
0.1384	37.2500	0.0004	74.8250	
0.1385	37.6000	0.0004	74.8250	
0.1384	37.3500	0.0004	74.7750	
0.1384	37.0750	0.0004	74.8250	
0.1384	37.5000	0.0004	74.7750	
0.1385	37.9250	0.0004	74.8000	
0.1384	37.5250	0.0004	74.8250	
0.1384	37.0250	0.0004	74.8250	
0.1384	37.2000	0.0004	74.8000	
0.1385	37.4000	0.0004	74.8500	
0.1386	37.6000	0.0004	74.8500	
0.1385	38.0250	0.0004	74.8000	
0.1384	37.7250	0.0004	74.7750	
0.1384	37.5500	0.0004	74.8000	
0.1384	37.9500	0.0004	74.8250	
0.1385	37.5000	0.0004	74.8000	
0.1384	37.3000	0.0004	74.8500	
0.1384	37.3000	0.0004	74.8250	
0.1385	37.4500	0.0004	74.8000	
0.1385	37.8750	0.0004	74.8500	
0.1386	37.6000	0.0004	74.7750	
0.1384	37.7250	0.0004	74.7750	
0.1385	37.1750	0.0004	74.8250	
0.1384	37.3750	0.0004	74.8000	
0.1384	37.8750	0.0004	74.8250	
0.1384	37.5250	0.0004	74.8000	
0.1385	37.0500	0.0004	74.8000	
0.1384	37.6000	0.0004	74.8250	
0.1384	37.2500	0.0004	74.8000	
0.1384	37.9000	0.0004	74.7500	
0.1384	37.8500	0.0004	74.8250	
0.1384	37.4750	0.0004	74.8500	
0.1385	38.4250	0.0004	74.8000	
0.1384	37.8000	0.0004	74.7250	
0.1385	37.6750	0.0004	74.8000	
0.1384	37.4250	0.0004	74.7750	
0.1384	37.0000	0.0004	74.8000	
0.1384	37.3000	0.0004	74.8250	
0.1384	37.9000	0.0004	74.7500	
0.1384	37.7500	0.0004	74.8000	
0.1384	37.7000	0.0004	74.8750	
0.1384	37.6500	0.0004	74.8000	
0.1383	37.0500	0.0004	74.8500	
0.1385	38.2000	0.0004	74.7750	
0.1383	37.5000	0.0004	74.8000	
0.1384	37.4000	0.0004	74.8000	
0.1386	37.9000	0.0004	74.8000	
0.1384	37.6500	0.0004	74.8750	
0.1383	37.5250	0.0004	74.7750	
0.1383	37.6000	0.0004	74.8000	
0.1383	37.6750	0.0003	74.8500	
0.1383	37.5750	0.0004	74.8250	
0.1384	37.5750	0.0003	74.8500	
0.1384	37.8000	0.0003	74.8000	
0.1383	37.3750	0.0003	74.8000	
0.1385	38.0000	0.0003	74.7250	
0.1386	38.1250	0.0003	74.8250	
0.1383	37.9750	0.0003	74.8500	
0.1384	37.9250	0.0003	74.8250	
0.1383	37.9500	0.0003	74.8250	
0.1383	37.7750	0.0003	74.8250	
0.1383	37.6250	0.0003	74.8500	
0.1383	37.2250	0.0003	74.8250	
0.1383	37.9500	0.0003	74.8250	
0.1383	37.5500	0.0003	74.8500	
0.1384	37.4750	0.0003	74.8250	
0.1383	37.8750	0.0003	74.8500	
0.1383	37.7750	0.0003	74.8000	
0.1383	37.6500	0.0003	74.8250	
0.1383	38.2500	0.0003	74.9000	
0.1383	37.6750	0.0003	74.7750	
0.1383	37.6000	0.0003	74.8250	
0.1383	37.8000	0.0003	74.8500	
0.1383	37.8000	0.0003	74.7750	
0.1383	37.7500	0.0003	74.8250	
0.1383	37.7750	0.0003	74.8000	
0.1384	37.7000	0.0003	74.8750	
0.1383	37.4500	0.0003	74.8250	
0.1383	37.9000	0.0003	74.8500	
0.1383	38.2750	0.0003	74.8250	
0.1383	37.8250	0.0003	74.7750	
0.1383	38.1750	0.0003	74.7250	
0.1384	37.6000	0.0003	74.8000	
0.1383	38.0500	0.0003	74.8000	
0.1383	38.1250	0.0003	74.7500	
0.1383	37.6000	0.0003	74.8250	
0.1383	37.8750	0.0004	74.7750	
0.1384	38.3250	0.0003	74.7500	
0.1384	37.9000	0.0003	74.8250	
0.1383	38.0000	0.0003	74.8500	
0.1384	38.0500	0.0003	74.7750	
0.1383	37.8750	0.0003	74.8000	
0.1383	37.6250	0.0003	74.7500	
0.1383	37.7000	0.0003	74.8750	
0.1383	37.9500	0.0003	74.8500	
0.1383	38.3750	0.0003	74.8000	
0.1383	38.1250	0.0003	74.7500	
0.1383	38.4500	0.0003	74.8250	
0.1383	38.6250	0.0003	74.8500	
0.1384	38.4750	0.0003	74.8250	
0.1384	38.0250	0.0003	74.8250	
0.1383	38.4000	0.0003	74.8000	
0.1383	37.4750	0.0003	74.8250	
0.1383	37.9000	0.0003	74.8500	
0.1383	38.1250	0.0003	74.9250	
0.1383	38.1250	0.0003	74.7500	
0.1383	38.0750	0.0003	74.8500	
0.1383	37.9250	0.0003	74.8000	
0.1383	38.1500	0.0003	74.8000	
0.1383	38.2250	0.0003	74.8250	
0.1382	38.0750	0.0003	74.8000	
0.1383	37.8000	0.0003	74.8250	
0.1383	38.0500	0.0003	74.8500	
0.1383	38.0000	0.0003	74.8250	
0.1383	38.1250	0.0003	74.7500	
0.1382	37.9000	0.0003	74.8000	
0.1383	37.9750	0.0003	74.8250	
0.1382	38.0250	0.0003	74.8500	
0.1383	38.3750	0.0003	74.8500	
0.1382	38.3500	0.0003	74.8000	
0.1383	38.2000	0.0003	74.8000	
0.1383	38.0750	0.0003	74.8000	
0.1382	37.9500	0.0003	74.8250	
0.1383	37.8000	0.0003	74.8500	
0.1382	38.2500	0.0003	74.8500	
0.1383	38.3750	0.0003	74.8000	
0.1383	38.1750	0.0003	74.8250	
0.1382	37.7500	0.0003	74.8250	
0.1382	38.1750	0.0003	74.7000	
0.1382	38.1500	0.0003	74.8750	
0.1382	38.0750	0.0003	74.7750	
0.1383	38.1750	0.0003	74.8000	
0.1382	38.0250	0.0003	74.8000	
0.1382	38.1250	0.0003	74.8000	
0.1382	38.2000	0.0003	74.7500	
0.1382	38.1750	0.0003	74.8250	
0.1382	37.9500	0.0003	74.8000	
0.1382	37.9000	0.0003	74.8000	
0.1382	37.9250	0.0003	74.7500	
0.1382	38.0000	0.0003	74.7750	
0.1382	38.4750	0.0003	74.7500	
0.1383	37.9750	0.0003	74.8500	
0.1382	38.0000	0.0003	74.8250	
0.1382	37.9000	0.0003	74.7500	
0.1382	38.2750	0.0003	74.8000	
0.1382	38.6500	0.0003	74.8500	
0.1383	38.6000	0.0003	74.8000	
0.1382	38.2500	0.0003	74.7500	
0.1382	37.9750	0.0003	74.8250	
0.1383	38.6250	0.0003	74.8500	
0.1382	39.0750	0.0003	74.7250	
0.1383	38.6250	0.0003	74.8000	
0.1382	38.2000	0.0003	74.8000	
0.1383	37.7750	0.0003	74.8000	
0.1382	38.2250	0.0003	74.8000	
0.1383	38.3000	0.0003	74.8250	
0.1383	39.0000	0.0003	74.8000	
0.1382	38.2500	0.0003	74.8250	
0.1382	38.6750	0.0003	74.8500	
0.1382	38.1250	0.0003	74.8250	
0.1382	38.2000	0.0003	74.7500	
0.1382	38.4000	0.0003	74.7250	
0.1382	38.3500	0.0003	74.8000	
0.1382	38.2750	0.0003	74.7500	
0.1382	38.3000	0.0003	74.7750	
0.1382	38.3000	0.0003	74.7750	
0.1382	38.2000	0.0003	74.7250	
0.1382	38.6000	0.0003	74.7500	
0.1382	38.6000	0.0003	74.8000	
0.1382	38.4000	0.0003	74.8000	
0.1382	38.0250	0.0003	74.7250	
0.1382	38.3000	0.0003	74.8250	
0.1382	38.4000	0.0003	74.7250	
0.1382	38.3250	0.0003	74.7750	
0.1382	38.4250	0.0003	74.7500	
0.1383	38.4250	0.0003	74.7000	
0.1382	38.7000	0.0003	74.8750	
0.1382	38.7750	0.0003	74.8000	
0.1382	38.5250	0.0003	74.7750	
0.1382	38.7750	0.0003	74.7250	
0.1382	38.3750	0.0003	74.7250	
0.1382	38.4250	0.0003	74.8000	
0.1382	38.6750	0.0003	74.8000	
0.1382	38.8000	0.0003	74.8250	
0.1382	38.7500	0.0003	74.8750	
0.1381	38.3750	0.0003	74.8000	
0.1382	38.4750	0.0003	74.7000	
0.1382	38.3500	0.0003	74.8250	
0.1382	38.2750	0.0003	74.8250	
0.1382	38.3000	0.0003	74.7750	
0.1382	38.4500	0.0003	74.7750	
0.1382	38.6250	0.0003	74.8000	
0.1382	38.6250	0.0003	74.7750	
0.1382	38.6000	0.0003	74.7750	
0.1381	38.5000	0.0003	74.8250	
0.1382	38.8750	0.0003	74.8250	
0.1382	38.4000	0.0003	74.8000	
0.1381	38.1250	0.0003	74.8000	
0.1382	38.9250	0.0003	74.8250	
0.1381	39.0250	0.0003	74.7500	
0.1382	39.3250	0.0003	74.9000	
0.1381	38.6500	0.0003	74.8750	
0.1382	38.7250	0.0003	74.7500	
0.1382	38.2750	0.0003	74.8250	
0.1382	38.6250	0.0003	74.8250	
0.1382	39.1750	0.0003	74.7750	
0.1382	39.0000	0.0003	74.7250	
0.1381	38.9500	0.0003	74.7750	
0.1382	38.9250	0.0003	74.7750	
0.1382	38.6250	0.0003	74.7750	
0.1383	38.7750	0.0003	74.8000	
0.1381	38.6000	0.0003	74.7750	
0.1382	38.9250	0.0003	74.7250	
0.1382	38.6000	0.0003	74.8500	
0.1382	39.1750	0.0003	74.8250	
0.1381	38.7000	0.0003	74.8500	
0.1381	38.6000	0.0003	74.8250	
0.1382	39.0250	0.0003	74.7750	
0.1381	38.8750	0.0003	74.8000	
0.1382	39.1500	0.0003	74.7500	
0.1382	39.0000	0.0003	74.7500	
0.1381	39.0000	0.0003	74.7250	
0.1381	38.6250	0.0003	74.7500	
0.1382	39.1250	0.0003	74.8250	
0.1381	38.9250	0.0003	74.7500	
0.1383	38.7250	0.0003	74.8500	
0.1381	38.9000	0.0003	74.8500	
0.1382	39.6750	0.0003	74.7750	
0.1382	39.1250	0.0003	74.8250	
0.1381	38.8250	0.0003	74.8250	
0.1381	38.9750	0.0003	74.8250	
0.1381	38.9500	0.0003	74.8500	
0.1381	39.4000	0.0003	74.7250	
0.1381	38.9000	0.0003	74.8500	
0.1381	39.1750	0.0003	74.8000	
0.1381	39.2500	0.0003	74.7750	
0.1381	38.7000	0.0003	74.7500	
0.1381	38.9750	0.0003	74.7250	
0.1381	39.4000	0.0003	74.7500	
0.1383	39.9500	0.0003	74.7750	
0.1382	39.0500	0.0003	74.7750	
0.1382	39.3750	0.0003	74.8000	
0.1381	39.3250	0.0003	74.8250	
0.1382	39.3250	0.0003	74.8000	
0.1381	39.2000	0.0003	74.8000	
0.1381	38.7750	0.0003	74.8250	
0.1382	39.0750	0.0003	74.7750	
0.1381	38.6250	0.0003	74.7750	
0.1382	39.3000	0.0003	74.8000	
0.1383	39.1000	0.0003	74.8500	
0.1382	38.6500	0.0003	74.7750	
0.1381	39.1000	0.0003	74.7750	
0.1382	39.0500	0.0003	74.8250	
0.1381	38.7250	0.0003	74.8000	
0.1381	39.0000	0.0003	74.7750	
0.1382	38.9250	0.0003	74.8250	
0.1382	39.2250	0.0003	74.8000	
0.1381	39.3500	0.0003	74.8000	
0.1381	39.1500	0.0003	74.8000	
0.1381	38.9750	0.0003	74.8000	
0.1381	38.8000	0.0003	74.7750	
0.1381	39.4000	0.0003	74.7500	
0.1381	39.1750	0.0003	74.8250	
0.1381	39.1000	0.0003	74.8250	
0.1382	39.0750	0.0003	74.8500	
0.1381	39.5000	0.0003	74.8250	
0.1381	39.0250	0.0003	74.7750	
0.1381	39.0000	0.0003	74.8500	
0.1381	39.2250	0.0003	74.7500	
0.1381	39.4000	0.0003	74.7750	
0.1380	39.2250	0.0003	74.8250	
0.1381	38.7750	0.0003	74.7750	
0.1381	39.1250	0.0003	74.8250	
0.1381	38.8750	0.0003	74.8500	
0.1380	38.9250	0.0003	74.7750	
0.1381	39.0250	0.0003	74.8000	
0.1381	38.9500	0.0003	74.8250	
0.1381	39.1500	0.0003	74.7500	
0.1380	39.4250	0.0003	74.7500	
0.1381	40.2750	0.0003	74.8250	
0.1380	39.0000	0.0003	74.8250	
0.1381	38.9000	0.0003	74.8250	
0.1380	39.1750	0.0003	74.8500	
0.1381	39.3250	0.0003	74.8250	
0.1381	39.3750	0.0003	74.8250	
0.1381	39.0000	0.0003	74.7500	
0.1380	39.3250	0.0003	74.8500	
0.1380	39.0500	0.0003	74.7750	
0.1381	38.8750	0.0003	74.7750	
0.1380	39.5250	0.0003	74.8500	
0.1381	39.0500	0.0003	74.7500	
0.1380	39.0000	0.0003	74.8000	
0.1380	39.4500	0.0003	74.7500	
0.1381	39.2250	0.0003	74.8500	
0.1380	39.3500	0.0003	74.8250	
0.1381	39.0750	0.0003	74.8000	
0.1380	39.2250	0.0003	74.8250	
0.1381	39.2250	0.0003	74.7500	
0.1381	39.4250	0.0003	74.8000	
0.1380	39.2250	0.0003	74.8500	
0.1380	39.3250	0.0003	74.8250	
0.1380	39.1750	0.0003	74.8000	
0.1380	39.2750	0.0003	74.8250	
0.1380	39.4500	0.0003	74.8000	
0.1381	39.5000	0.0003	74.8250	
0.1380	39.4500	0.0003	74.8000	
0.1382	40.2750	0.0003	74.7500	
0.1380	39.1750	0.0003	74.8000	
0.1381	39.8500	0.0003	74.7500	
0.1380	39.0750	0.0003	74.7500	
0.1381	39.7000	0.0003	74.7750	
0.1380	39.4250	0.0003	74.8000	
0.1380	39.4750	0.0003	74.7000	
0.1382	39.5000	0.0003	74.7500	
0.1381	39.7500	0.0003	74.7500	
0.1380	39.4000	0.0003	74.8000	
0.1380	39.3500	0.0003	74.8250	
0.1381	39.0250	0.0003	74.7000	
0.1380	39.0250	0.0003	74.7500	
0.1380	39.5500	0.0003	74.8000	
0.1380	39.4000	0.0003	74.7250	
0.1382	40.0750	0.0003	74.8000	
0.1380	39.2000	0.0003	74.8250	
0.1381	39.5000	0.0003	74.7500	
0.1380	39.3250	0.0003	74.7000	
0.1381	39.3500	0.0003	74.7500	
0.1380	39.4500	0.0003	74.8000	
0.1380	39.0000	0.0003	74.8500	
0.1380	39.0000	0.0003	74.7750	
0.1380	39.5000	0.0003	74.8000	
0.1380	39.6500	0.0003	74.8250	
0.1380	39.4250	0.0003	74.7250	
0.1380	39.6250	0.0003	74.7750	
0.1380	39.6000	0.0003	74.8500	
0.1381	39.7500	0.0003	74.7750	
0.1380	39.7250	0.0003	74.8500	
0.1381	39.9000	0.0003	74.8250	
0.1381	39.3250	0.0003	74.6750	
0.1380	39.7500	0.0003	74.8500	
0.1380	39.3750	0.0003	74.8000	
0.1380	39.1500	0.0003	74.8000	
0.1380	39.3750	0.0003	74.8250	
0.1380	39.1500	0.0003	74.8250	
0.1380	39.3000	0.0003	74.8500	
0.1380	39.6750	0.0003	74.8250	
0.1380	39.6500	0.0003	74.8250	
0.1380	39.0750	0.0003	74.8000	
0.1380	39.4500	0.0003	74.7750	
0.1380	39.4750	0.0003	74.8000	
0.1380	39.4250	0.0003	74.8000	
0.1380	39.5750	0.0003	74.7750	
0.1380	39.6500	0.0003	74.8000	
0.1380	39.5750	0.0003	74.7500	
0.1380	39.6500	0.0003	74.8000	
0.1380	39.6750	0.0003	74.8250	
0.1380	39.6250	0.0003	74.7750	
0.1380	39.6000	0.0003	74.7750	
0.1381	39.2500	0.0003	74.7500	
0.1380	39.5500	0.0003	74.8500	
0.1380	40.0000	0.0003	74.8250	
0.1380	39.7000	0.0003	74.8250	
0.1380	39.1750	0.0003	74.8000	
0.1380	39.4750	0.0003	74.8000	
0.1380	39.3500	0.0003	74.8500	
0.1380	39.5000	0.0003	74.7500	
0.1380	39.2750	0.0003	74.8250	
0.1380	39.4250	0.0003	74.8000	
0.1380	39.3250	0.0003	74.7750	
0.1381	39.7000	0.0003	74.8250	
0.1380	39.3750	0.0003	74.8000	
0.1380	39.8000	0.0003	74.8000	
0.1380	39.9500	0.0003	74.8500	
0.1380	39.8000	0.0003	74.8000	
0.1380	39.4250	0.0003	74.8250	
0.1380	39.4250	0.0003	74.8000	
0.1379	39.6250	0.0003	74.7750	
0.1381	39.6500	0.0003	74.8000	
0.1380	39.9000	0.0003	74.7500	
0.1380	40.1250	0.0003	74.7500	
0.1379	39.8000	0.0003	74.8000	
0.1380	39.5500	0.0003	74.8000	
0.1380	39.6000	0.0003	74.8000	
0.1380	39.5500	0.0003	74.8500	
0.1380	39.8500	0.0003	74.8000	
0.1380	39.4000	0.0003	74.8250	
0.1379	39.3750	0.0003	74.8000	
0.1380	39.6250	0.0003	74.8000	
0.1379	39.7500	0.0003	74.7500	
0.1381	39.7500	0.0003	74.7750	
0.1380	40.0250	0.0003	74.8500	
0.1380	39.3500	0.0003	74.7750	
0.1379	39.6250	0.0003	74.7750	
0.1379	39.6750	0.0003	74.8250	
0.1379	39.5000	0.0003	74.9000	
0.1380	39.6000	0.0003	74.7250	
0.1380	39.7750	0.0003	74.7500	
0.1379	39.6750	0.0003	74.7750	
0.1380	39.9500	0.0003	74.8250	
0.1380	39.9000	0.0003	74.8000	
0.1379	39.9250	0.0003	74.7750	
0.1379	39.7750	0.0003	74.7750	
0.1379	39.9250	0.0003	74.7000	
0.1380	39.8750	0.0003	74.8000	
