Loss_Adversary	Accuracy_Adversary	Loss_Target	Accuracy_Target	
-0.6697	0.6825	0.5957	50.0000	50.0000	
-0.6531	0.6655	0.5721	50.0000	50.0000	
-0.6366	0.6486	0.5514	50.0000	50.0000	
-0.6204	0.6320	0.5335	50.0000	50.0000	
-0.6043	0.6156	0.5175	50.0000	50.0000	
-0.5887	0.5997	0.5030	50.0000	50.0000	
-0.5732	0.5839	0.4894	50.0000	50.0000	
-0.5578	0.5683	0.4762	50.0000	50.0000	
-0.5416	0.5518	0.4630	50.0000	50.0000	
-0.5251	0.5349	0.4500	50.0000	50.0000	
-0.5089	0.5185	0.4417	50.0000	50.0000	
-0.4921	0.5015	0.4354	50.0000	50.0000	
-0.4748	0.4840	0.4290	50.0000	50.0000	
-0.4569	0.4658	0.4222	50.0000	50.0000	
-0.4383	0.4469	0.4155	50.0000	50.0000	
-0.4202	0.4285	0.4085	50.0000	50.0000	
-0.4023	0.4105	0.4014	50.0000	50.0000	
-0.3859	0.3938	0.3940	50.0000	50.0000	
-0.3702	0.3778	0.3865	50.0000	50.0000	
-0.3558	0.3632	0.3789	50.0000	50.0000	
-0.3422	0.3494	0.3711	50.0000	50.0000	
-0.3297	0.3367	0.3634	50.0000	50.0000	
-0.3181	0.3249	0.3556	50.0000	50.0000	
-0.3077	0.3143	0.3480	50.0000	50.0000	
-0.2982	0.3046	0.3406	50.0000	50.0000	
-0.2898	0.2961	0.3335	50.0000	50.0000	
-0.2824	0.2886	0.3269	50.0000	50.0000	
-0.2761	0.2821	0.3208	50.0000	50.0000	
-0.2706	0.2766	0.3152	50.0000	50.0000	
-0.2660	0.2718	0.3101	50.0000	50.0000	
-0.2621	0.2678	0.3058	50.0000	50.0000	
-0.2588	0.2645	0.3019	50.0000	50.0000	
-0.2559	0.2615	0.2989	50.0000	50.0000	
-0.2535	0.2591	0.2963	50.0000	50.0000	
-0.2514	0.2569	0.2942	50.0000	50.0000	
-0.2496	0.2550	0.2925	50.0000	50.0000	
-0.2479	0.2534	0.2911	50.0000	50.0000	
-0.2464	0.2518	0.2903	50.0000	50.0000	
-0.2448	0.2502	0.2896	50.0000	50.0000	
-0.2438	0.2492	0.2891	50.0000	50.0000	
-0.2434	0.2488	0.2886	50.0000	50.0000	
-0.2438	0.2492	0.2884	50.0000	50.0000	
-0.2455	0.2509	0.2886	50.0000	50.0000	
-0.2480	0.2534	0.2889	37.9500	50.0000	
-0.2516	0.2571	0.2891	27.9250	50.0000	
-0.2541	0.2596	0.2894	35.7750	50.0000	
-0.2520	0.2575	0.2888	47.4750	50.0000	
-0.2494	0.2548	0.2872	48.5250	50.0000	
-0.2473	0.2526	0.2849	48.7500	50.0000	
-0.2462	0.2515	0.2820	48.6000	50.0000	
-0.2463	0.2516	0.2787	48.2750	48.6250	
-0.2468	0.2521	0.2759	47.7750	47.0500	
-0.2473	0.2526	0.2738	47.9500	46.9250	
-0.2472	0.2525	0.2720	48.7000	47.1500	
-0.2464	0.2516	0.2700	49.4500	45.9000	
-0.2454	0.2505	0.2674	49.8500	42.3750	
-0.2443	0.2494	0.2649	50.0000	36.6000	
-0.2431	0.2483	0.2632	50.0000	35.1500	
-0.2421	0.2472	0.2629	50.1000	36.2250	
-0.2413	0.2464	0.2638	50.7000	37.8000	
-0.2409	0.2460	0.2657	51.1750	40.0250	
-0.2408	0.2459	0.2684	52.3500	43.6250	
-0.2411	0.2462	0.2716	53.3250	46.7500	
-0.2417	0.2469	0.2750	52.7750	49.3000	
-0.2424	0.2477	0.2788	51.9250	51.1250	
-0.2434	0.2487	0.2827	50.5750	51.9500	
-0.2446	0.2499	0.2866	49.7750	52.4500	
-0.2458	0.2512	0.2906	48.4750	52.7250	
-0.2469	0.2524	0.2945	42.2500	54.3000	
-0.2477	0.2533	0.2981	35.7500	74.1750	
-0.2480	0.2535	0.3004	30.5500	97.4000	
-0.2481	0.2536	0.3023	28.2500	91.4250	
-0.2483	0.2539	0.3037	25.8500	73.9500	
-0.2485	0.2541	0.3045	25.0750	69.4750	
-0.2487	0.2543	0.3047	24.9250	66.4000	
-0.2482	0.2538	0.3047	29.0000	63.9500	
-0.2461	0.2517	0.3047	49.2500	67.7500	
-0.2436	0.2491	0.3047	50.0000	77.2000	
-0.2431	0.2486	0.3034	50.0000	73.2500	
-0.2437	0.2492	0.3011	50.0000	57.2750	
-0.2444	0.2499	0.2992	50.0000	50.1000	
-0.2449	0.2504	0.2981	49.4750	50.0000	
-0.2453	0.2508	0.2973	34.0750	50.0000	
-0.2455	0.2510	0.2968	27.1000	50.1250	
-0.2456	0.2511	0.2965	26.1750	59.6500	
-0.2458	0.2512	0.2963	25.3750	85.6000	
-0.2458	0.2513	0.2961	25.1500	96.8500	
-0.2458	0.2513	0.2959	25.7250	98.1750	
-0.2458	0.2513	0.2957	27.1250	96.3750	
-0.2458	0.2513	0.2956	31.3000	87.6500	
-0.2458	0.2512	0.2955	35.1500	58.0750	
-0.2456	0.2511	0.2953	37.6750	50.1250	
-0.2455	0.2509	0.2952	48.1000	50.0000	
-0.2454	0.2508	0.2951	50.0000	50.0000	
-0.2453	0.2508	0.2950	50.0000	50.0000	
-0.2453	0.2508	0.2949	50.0000	50.0000	
-0.2453	0.2508	0.2947	46.7000	50.0000	
-0.2453	0.2508	0.2946	39.9500	50.0000	
-0.2453	0.2507	0.2945	49.1750	50.0000	
-0.2453	0.2507	0.2945	50.0000	50.0000	
-0.2452	0.2507	0.2944	50.0000	50.0000	
-0.2452	0.2506	0.2943	50.0000	50.0000	
-0.2451	0.2506	0.2942	50.0000	50.0000	
-0.2451	0.2505	0.2942	49.8750	50.0000	
-0.2450	0.2505	0.2941	45.6500	50.0000	
-0.2450	0.2504	0.2940	49.8500	50.0000	
-0.2449	0.2504	0.2940	50.0000	50.0000	
-0.2449	0.2503	0.2939	50.0000	50.0000	
-0.2448	0.2503	0.2939	50.0000	50.0000	
-0.2448	0.2502	0.2939	50.0000	50.0000	
-0.2447	0.2502	0.2938	50.0000	50.0000	
-0.2447	0.2501	0.2938	50.0000	50.0000	
-0.2446	0.2501	0.2938	50.0000	50.0000	
-0.2446	0.2500	0.2938	50.0000	50.0000	
-0.2446	0.2500	0.2937	50.0000	50.0000	
-0.2445	0.2500	0.2937	50.0000	50.0000	
-0.2445	0.2499	0.2937	50.0000	50.0000	
-0.2445	0.2499	0.2937	50.0000	50.0000	
-0.2444	0.2499	0.2937	50.0000	50.0000	
-0.2444	0.2498	0.2937	50.0000	50.0000	
-0.2444	0.2498	0.2937	50.0000	50.0000	
-0.2444	0.2498	0.2938	50.0000	50.0000	
-0.2444	0.2498	0.2938	50.0000	50.0000	
-0.2443	0.2498	0.2938	50.0000	50.0000	
-0.2443	0.2498	0.2938	49.9750	50.0000	
-0.2443	0.2498	0.2938	49.1750	50.0000	
-0.2443	0.2498	0.2937	49.8500	50.0000	
-0.2443	0.2498	0.2938	50.0000	50.0000	
-0.2443	0.2498	0.2938	50.0000	50.0000	
-0.2443	0.2498	0.2938	50.0000	50.0000	
-0.2443	0.2498	0.2938	50.0000	50.0000	
-0.2443	0.2498	0.2938	50.0000	50.0000	
-0.2444	0.2498	0.2938	53.6250	50.0000	
-0.2444	0.2498	0.2938	48.1000	50.0000	
-0.2444	0.2498	0.2939	53.2250	50.0000	
-0.2444	0.2498	0.2939	51.7500	50.0000	
-0.2444	0.2498	0.2939	50.0000	50.0000	
-0.2444	0.2499	0.2939	51.3250	50.0000	
-0.2444	0.2499	0.2939	47.2500	50.0000	
-0.2444	0.2499	0.2939	46.6500	50.0000	
-0.2445	0.2499	0.2939	47.8250	50.0000	
-0.2445	0.2499	0.2939	48.3250	50.0000	
-0.2445	0.2499	0.2939	49.3500	50.0000	
-0.2445	0.2500	0.2939	46.1000	50.0000	
-0.2445	0.2500	0.2939	42.6750	50.0000	
-0.2445	0.2500	0.2939	45.8250	50.0000	
-0.2446	0.2500	0.2939	47.9000	50.0000	
-0.2446	0.2500	0.2938	39.6750	50.0000	
-0.2446	0.2500	0.2938	30.0000	50.0000	
-0.2446	0.2501	0.2938	37.3750	50.0000	
-0.2446	0.2501	0.2937	47.6500	50.0000	
-0.2447	0.2501	0.2937	50.0250	50.0000	
-0.2447	0.2501	0.2936	48.5250	50.0000	
-0.2447	0.2501	0.2936	29.1000	50.0000	
-0.2447	0.2501	0.2935	26.6000	50.0000	
-0.2447	0.2501	0.2935	31.9000	50.0000	
-0.2447	0.2502	0.2934	48.9750	50.0000	
-0.2447	0.2501	0.2933	44.0750	50.0000	
-0.2447	0.2501	0.2933	26.0250	50.0000	
-0.2447	0.2501	0.2932	36.4000	50.0000	
-0.2447	0.2502	0.2931	47.6500	50.0000	
-0.2447	0.2502	0.2930	49.3000	50.0000	
-0.2447	0.2502	0.2930	49.8000	50.0000	
-0.2447	0.2502	0.2929	49.5500	50.0000	
-0.2447	0.2502	0.2928	47.7000	50.0000	
-0.2447	0.2502	0.2928	32.8750	50.0000	
-0.2447	0.2502	0.2927	34.7250	50.0000	
-0.2447	0.2502	0.2926	49.3250	50.0000	
-0.2447	0.2502	0.2925	49.2000	50.0000	
-0.2447	0.2501	0.2925	49.8250	50.0000	
-0.2447	0.2501	0.2924	50.0250	50.0000	
-0.2447	0.2501	0.2924	50.0250	50.0000	
-0.2447	0.2502	0.2923	50.0500	50.0000	
-0.2447	0.2501	0.2922	50.3750	50.0000	
-0.2447	0.2501	0.2922	50.8500	50.0000	
-0.2447	0.2501	0.2922	51.3750	50.0000	
-0.2447	0.2501	0.2921	50.3000	50.0000	
-0.2447	0.2501	0.2921	50.1750	50.0000	
-0.2447	0.2501	0.2921	50.0500	50.0000	
-0.2447	0.2501	0.2921	50.0750	50.0000	
-0.2447	0.2501	0.2921	49.9500	50.0000	
-0.2447	0.2501	0.2920	50.1500	50.0000	
-0.2447	0.2501	0.2920	49.9750	50.0000	
-0.2447	0.2501	0.2920	50.0250	50.0000	
-0.2447	0.2501	0.2920	49.9500	49.9750	
-0.2447	0.2501	0.2920	50.2250	49.9500	
-0.2447	0.2501	0.2920	50.1250	50.0000	
-0.2447	0.2501	0.2920	50.9000	50.0000	
-0.2447	0.2501	0.2920	50.2500	50.0000	
-0.2447	0.2501	0.2921	51.1750	50.0000	
-0.2447	0.2501	0.2921	50.6000	49.9500	
-0.2447	0.2501	0.2921	50.1000	49.9250	
-0.2447	0.2501	0.2921	50.0000	50.0250	
-0.2447	0.2501	0.2921	49.9250	50.0000	
-0.2447	0.2501	0.2922	51.0750	50.0000	
-0.2447	0.2501	0.2922	50.7500	50.0000	
-0.2447	0.2501	0.2923	50.6750	49.9750	
-0.2447	0.2501	0.2923	49.5000	49.9750	
-0.2447	0.2501	0.2923	49.9000	49.9500	
-0.2447	0.2502	0.2923	49.8250	50.0500	
-0.2447	0.2501	0.2923	49.4750	50.0250	
-0.2447	0.2501	0.2923	33.8750	50.1250	
-0.2447	0.2502	0.2923	40.8000	50.0250	
-0.2447	0.2501	0.2923	35.6250	50.0000	
-0.2447	0.2502	0.2924	36.1250	50.0500	
-0.2447	0.2502	0.2924	27.9250	50.0500	
-0.2447	0.2502	0.2924	26.6750	50.0500	
-0.2448	0.2502	0.2924	30.6500	50.3750	
-0.2448	0.2502	0.2924	46.0250	50.1750	
-0.2448	0.2502	0.2923	49.5250	50.3500	
-0.2448	0.2502	0.2923	49.7000	50.1250	
-0.2448	0.2502	0.2923	47.7000	50.0500	
-0.2448	0.2502	0.2922	37.8500	50.0000	
-0.2449	0.2503	0.2922	27.3500	50.0000	
-0.2449	0.2503	0.2922	25.6000	50.0000	
-0.2449	0.2503	0.2922	25.0750	50.0750	
-0.2449	0.2504	0.2921	26.2750	49.9750	
-0.2450	0.2504	0.2921	29.0000	50.1500	
-0.2450	0.2505	0.2920	27.4750	50.3250	
-0.2451	0.2505	0.2919	25.3000	50.2250	
-0.2452	0.2506	0.2918	25.3500	50.4000	
-0.2453	0.2508	0.2917	25.2250	50.1750	
-0.2454	0.2509	0.2915	25.3250	50.1750	
-0.2457	0.2511	0.2913	25.6250	49.8250	
-0.2460	0.2514	0.2910	25.3250	48.5250	
-0.2460	0.2514	0.2905	25.1250	46.3500	
-0.2444	0.2498	0.2901	46.0250	41.7750	
-0.2424	0.2478	0.2898	50.0250	36.4000	
-0.2422	0.2476	0.2897	50.0000	38.3750	
-0.2434	0.2488	0.2901	50.0000	46.3250	
-0.2446	0.2500	0.2905	50.0000	49.7750	
-0.2456	0.2510	0.2906	50.0000	49.8250	
-0.2464	0.2519	0.2905	49.8500	49.7750	
-0.2471	0.2526	0.2902	38.1250	49.6500	
-0.2475	0.2530	0.2896	27.1250	48.0750	
-0.2474	0.2528	0.2890	26.0500	46.5000	
-0.2469	0.2523	0.2885	26.7000	46.1750	
-0.2463	0.2517	0.2882	28.4500	45.3250	
-0.2459	0.2513	0.2879	42.1500	45.0000	
-0.2456	0.2510	0.2877	50.2500	44.5750	
-0.2454	0.2508	0.2876	50.1000	45.1250	
-0.2452	0.2506	0.2877	50.0750	46.1000	
-0.2450	0.2504	0.2878	50.0500	47.6000	
-0.2449	0.2503	0.2881	50.0750	49.7000	
-0.2448	0.2502	0.2884	50.0750	52.1500	
-0.2447	0.2501	0.2888	50.0750	54.9500	
-0.2447	0.2501	0.2893	50.0750	57.2750	
-0.2446	0.2500	0.2897	50.0250	59.2000	
-0.2446	0.2500	0.2902	50.0250	59.2250	
-0.2446	0.2500	0.2906	50.0000	60.0750	
-0.2446	0.2500	0.2910	49.9750	60.0750	
-0.2446	0.2500	0.2913	49.9000	57.7000	
-0.2446	0.2500	0.2917	50.1750	56.8000	
-0.2446	0.2500	0.2919	50.7000	58.5000	
-0.2446	0.2500	0.2921	51.7500	61.8000	
-0.2446	0.2500	0.2923	51.0250	62.8250	
-0.2446	0.2500	0.2924	50.3750	65.2500	
-0.2446	0.2500	0.2926	50.4000	68.2000	
-0.2446	0.2500	0.2927	49.9250	67.6250	
-0.2446	0.2500	0.2928	51.5000	68.2000	
-0.2446	0.2500	0.2929	54.3000	71.3500	
-0.2446	0.2500	0.2930	49.0500	71.5250	
-0.2446	0.2500	0.2931	52.6250	69.3750	
-0.2446	0.2500	0.2931	51.3250	70.7500	
-0.2446	0.2500	0.2932	51.6250	70.8000	
-0.2446	0.2501	0.2932	49.5500	72.3250	
-0.2446	0.2500	0.2933	51.5750	73.1250	
-0.2446	0.2500	0.2934	50.5500	72.3500	
-0.2446	0.2500	0.2934	52.6750	70.0250	
-0.2446	0.2500	0.2934	48.6750	72.4000	
-0.2446	0.2500	0.2935	50.2000	66.8750	
-0.2446	0.2500	0.2935	50.7750	54.4750	
-0.2446	0.2500	0.2935	52.9500	56.0250	
-0.2446	0.2500	0.2935	51.7500	67.5000	
-0.2446	0.2500	0.2935	51.0500	69.4000	
-0.2446	0.2500	0.2936	52.8750	57.9250	
-0.2446	0.2500	0.2936	52.5500	51.1000	
-0.2446	0.2500	0.2936	53.2500	50.0750	
-0.2446	0.2500	0.2936	52.7000	50.0500	
-0.2446	0.2500	0.2936	51.2250	50.0000	
-0.2446	0.2500	0.2937	49.1250	50.0000	
-0.2446	0.2500	0.2937	51.9000	50.0000	
-0.2446	0.2500	0.2937	50.4250	50.0000	
-0.2446	0.2500	0.2937	50.9750	50.0000	
-0.2446	0.2500	0.2937	52.8000	50.0000	
-0.2446	0.2500	0.2937	53.4500	50.0000	
-0.2446	0.2500	0.2938	51.0500	50.0000	
-0.2446	0.2500	0.2938	51.3250	50.0000	
-0.2446	0.2500	0.2938	50.8250	50.0000	
-0.2446	0.2500	0.2938	51.1750	50.0000	
-0.2447	0.2501	0.2938	50.2750	50.0000	
-0.2446	0.2500	0.2938	50.5250	50.0000	
-0.2446	0.2500	0.2938	50.4250	50.0000	
-0.2446	0.2500	0.2938	50.0000	50.0000	
-0.2446	0.2500	0.2938	54.3250	50.0000	
-0.2446	0.2501	0.2939	50.4250	50.0000	
-0.2446	0.2500	0.2939	49.6250	50.0000	
-0.2446	0.2500	0.2939	52.6500	50.0000	
-0.2446	0.2500	0.2939	50.6000	50.0000	
-0.2446	0.2500	0.2939	51.3500	50.0000	
-0.2446	0.2500	0.2939	51.8750	50.0000	
-0.2446	0.2501	0.2939	49.6250	50.0000	
-0.2446	0.2500	0.2939	50.0250	50.0000	
-0.2446	0.2500	0.2939	51.8000	50.0000	
-0.2446	0.2500	0.2939	52.4000	50.0000	
-0.2446	0.2501	0.2939	51.5750	50.0000	
-0.2447	0.2501	0.2939	49.5500	50.0000	
-0.2446	0.2501	0.2939	49.6250	50.0000	
-0.2446	0.2501	0.2939	49.8000	50.0000	
-0.2446	0.2501	0.2939	50.4750	50.0000	
-0.2447	0.2501	0.2939	50.1000	50.0000	
-0.2447	0.2501	0.2938	49.8750	50.0000	
-0.2447	0.2502	0.2938	49.9250	50.0000	
-0.2448	0.2502	0.2938	49.9750	50.0000	
-0.2448	0.2503	0.2938	50.0000	50.0000	
-0.2449	0.2504	0.2937	49.9750	50.0000	
-0.2451	0.2505	0.2937	47.4250	50.0000	
-0.2453	0.2507	0.2936	46.9250	50.0000	
-0.2456	0.2511	0.2935	45.2750	50.0000	
-0.2461	0.2515	0.2933	35.1250	50.0000	
-0.2468	0.2523	0.2930	25.6250	50.0000	
-0.2480	0.2535	0.2927	25.0250	50.0000	
-0.2487	0.2542	0.2923	25.1000	50.0000	
-0.2465	0.2519	0.2917	43.8750	50.0000	
-0.2431	0.2485	0.2912	50.0000	50.0000	
-0.2397	0.2451	0.2912	57.0500	50.0000	
-0.2379	0.2432	0.2918	73.0500	50.0000	
-0.2427	0.2481	0.2933	50.2000	50.0000	
-0.2473	0.2527	0.2947	50.0000	50.0000	
-0.2485	0.2540	0.2955	41.3000	50.0000	
-0.2506	0.2561	0.2960	24.9000	50.0000	
-0.2530	0.2586	0.2965	27.0000	50.0000	
-0.2555	0.2611	0.2967	29.1000	50.0000	
-0.2565	0.2621	0.2967	27.6250	56.9000	
-0.2538	0.2593	0.2965	26.2500	66.6750	
-0.2497	0.2552	0.2961	28.6250	55.1750	
-0.2453	0.2508	0.2955	50.0000	50.0000	
-0.2431	0.2485	0.2948	47.3250	50.0000	
-0.2456	0.2511	0.2943	27.8000	50.0000	
-0.2457	0.2512	0.2942	26.5250	50.0000	
-0.2456	0.2511	0.2942	25.7750	50.0000	
-0.2457	0.2512	0.2942	25.2000	50.0000	
-0.2456	0.2511	0.2942	25.5250	50.0000	
-0.2455	0.2510	0.2942	26.6750	50.0000	
-0.2455	0.2509	0.2942	27.9000	50.0000	
-0.2454	0.2508	0.2941	32.1500	50.0000	
-0.2451	0.2506	0.2941	35.1500	50.0000	
-0.2449	0.2503	0.2941	39.0250	50.0000	
-0.2446	0.2501	0.2941	49.6750	50.0000	
-0.2445	0.2500	0.2942	49.0750	50.0000	
-0.2446	0.2500	0.2942	49.6000	50.0000	
-0.2446	0.2501	0.2942	49.7500	50.0000	
-0.2446	0.2501	0.2942	48.1500	50.0000	
-0.2446	0.2501	0.2942	41.8750	50.0000	
-0.2446	0.2501	0.2942	50.4000	50.0000	
-0.2446	0.2501	0.2942	50.4500	50.0000	
-0.2446	0.2501	0.2942	40.3750	50.0000	
-0.2446	0.2501	0.2942	35.3500	50.0000	
-0.2446	0.2501	0.2942	40.1000	50.0000	
-0.2446	0.2501	0.2942	37.9500	50.0000	
-0.2446	0.2500	0.2942	36.4500	50.0000	
-0.2446	0.2501	0.2942	43.4000	50.0000	
-0.2446	0.2500	0.2942	45.7250	50.0000	
-0.2446	0.2500	0.2942	38.1500	50.0000	
-0.2446	0.2500	0.2942	47.0250	50.0000	
-0.2446	0.2500	0.2942	41.3500	50.0000	
-0.2446	0.2501	0.2942	41.7500	50.0000	
-0.2446	0.2500	0.2942	38.2000	50.0000	
-0.2446	0.2500	0.2942	41.3500	50.0000	
-0.2446	0.2500	0.2942	37.1750	50.0000	
-0.2446	0.2500	0.2942	36.4750	50.0000	
-0.2446	0.2500	0.2942	34.5750	50.0000	
-0.2446	0.2500	0.2942	34.4250	50.0000	
-0.2446	0.2501	0.2942	41.6750	50.0000	
-0.2446	0.2501	0.2942	45.0250	50.0000	
-0.2446	0.2501	0.2942	35.9000	50.0000	
-0.2446	0.2501	0.2942	32.0250	50.0000	
-0.2446	0.2501	0.2942	31.9500	50.0000	
-0.2446	0.2501	0.2942	36.0250	50.0000	
-0.2446	0.2501	0.2942	39.1500	50.0000	
-0.2446	0.2501	0.2942	38.5750	50.0000	
-0.2447	0.2501	0.2942	35.0000	50.0000	
-0.2447	0.2501	0.2942	37.1250	50.0000	
-0.2447	0.2501	0.2942	39.0000	50.0000	
-0.2447	0.2501	0.2942	39.9250	50.0000	
-0.2447	0.2501	0.2942	35.6250	50.0000	
-0.2447	0.2501	0.2942	32.9250	50.0000	
-0.2447	0.2502	0.2942	33.6500	50.0000	
-0.2447	0.2502	0.2942	32.7000	50.0000	
-0.2447	0.2502	0.2942	31.4000	50.0000	
-0.2448	0.2502	0.2942	33.4000	50.0000	
-0.2448	0.2502	0.2942	35.0250	50.0000	
-0.2448	0.2502	0.2942	34.0250	50.0000	
-0.2448	0.2503	0.2942	34.3000	50.0000	
-0.2448	0.2503	0.2942	34.6500	50.0000	
-0.2449	0.2503	0.2942	34.4000	50.0000	
-0.2450	0.2505	0.2942	39.8250	50.0000	
-0.2449	0.2504	0.2942	35.1250	50.0000	
-0.2450	0.2504	0.2942	28.3000	50.0000	
-0.2450	0.2505	0.2942	27.9000	50.0000	
-0.2451	0.2505	0.2942	27.0750	50.0000	
-0.2451	0.2505	0.2942	29.3000	50.0000	
-0.2452	0.2506	0.2942	35.4750	50.0000	
-0.2453	0.2507	0.2942	31.9000	50.0000	
-0.2453	0.2507	0.2942	28.1750	50.0000	
-0.2453	0.2508	0.2942	28.6500	50.0000	
-0.2454	0.2509	0.2942	28.1500	50.0000	
-0.2455	0.2509	0.2942	28.0500	50.0000	
-0.2456	0.2510	0.2942	29.1500	50.0000	
-0.2456	0.2511	0.2941	28.8250	50.0000	
-0.2457	0.2512	0.2941	27.9500	50.0000	
-0.2459	0.2513	0.2941	27.0500	50.0000	
-0.2460	0.2514	0.2941	26.6500	50.0000	
-0.2461	0.2516	0.2941	26.9250	50.0000	
-0.2462	0.2517	0.2941	26.8250	50.0000	
-0.2464	0.2519	0.2941	27.0250	50.0000	
-0.2466	0.2520	0.2941	26.9250	50.0000	
-0.2468	0.2522	0.2941	27.0000	50.0000	
-0.2470	0.2524	0.2941	26.8000	50.0000	
-0.2472	0.2526	0.2941	27.1750	50.0000	
-0.2474	0.2529	0.2941	27.1250	50.0000	
-0.2477	0.2531	0.2941	27.0500	50.0000	
-0.2479	0.2534	0.2941	26.5750	50.0000	
-0.2483	0.2537	0.2940	26.6500	50.0000	
-0.2487	0.2542	0.2940	26.8500	50.0000	
-0.2491	0.2546	0.2940	27.2250	50.0000	
-0.2493	0.2548	0.2940	26.8250	50.0000	
-0.2488	0.2543	0.2939	25.9250	50.0000	
-0.2481	0.2536	0.2939	25.8250	50.0000	
-0.2471	0.2526	0.2939	26.7000	50.0000	
-0.2461	0.2516	0.2938	29.4000	50.0000	
-0.2457	0.2511	0.2939	36.1000	50.0000	
-0.2465	0.2520	0.2940	44.7500	50.0000	
-0.2468	0.2523	0.2941	41.9500	50.0000	
-0.2471	0.2525	0.2941	29.9000	50.0000	
-0.2473	0.2528	0.2941	25.2250	50.0000	
-0.2476	0.2530	0.2941	25.1250	50.0000	
-0.2479	0.2533	0.2941	25.2250	50.0000	
-0.2480	0.2535	0.2941	25.0250	50.0000	
-0.2480	0.2535	0.2941	24.8750	50.0000	
-0.2477	0.2532	0.2940	25.7000	50.0000	
-0.2471	0.2525	0.2940	25.5500	50.0000	
-0.2463	0.2518	0.2940	42.5250	50.0000	
-0.2455	0.2510	0.2940	49.9750	50.0000	
-0.2451	0.2506	0.2941	50.0000	50.0000	
-0.2449	0.2503	0.2941	50.0750	50.0000	
-0.2447	0.2502	0.2941	50.9250	50.0000	
-0.2446	0.2500	0.2941	51.1750	50.0000	
-0.2446	0.2500	0.2942	50.1000	50.0000	
-0.2446	0.2500	0.2942	50.0500	50.0000	
-0.2446	0.2500	0.2942	50.0000	50.0000	
-0.2446	0.2500	0.2942	47.0000	50.0000	
-0.2445	0.2500	0.2942	46.1000	50.0000	
-0.2446	0.2500	0.2942	47.3750	50.0000	
-0.2446	0.2500	0.2942	49.1000	50.0000	
-0.2446	0.2500	0.2942	50.3250	50.0000	
-0.2446	0.2500	0.2942	50.8500	50.0000	
-0.2446	0.2500	0.2942	53.2750	50.0000	
-0.2446	0.2500	0.2942	50.2500	50.0000	
-0.2446	0.2500	0.2942	49.7500	50.0000	
-0.2446	0.2500	0.2942	48.4250	50.0000	
-0.2446	0.2500	0.2942	49.2000	50.0000	
-0.2446	0.2500	0.2942	48.8750	50.0000	
-0.2446	0.2500	0.2942	48.8500	50.0000	
-0.2446	0.2500	0.2942	48.9250	50.0000	
-0.2446	0.2500	0.2942	49.8250	50.0000	
-0.2446	0.2500	0.2942	50.0000	50.0000	
-0.2446	0.2500	0.2942	50.4000	50.0000	
-0.2446	0.2500	0.2942	53.4500	50.0000	
-0.2446	0.2500	0.2942	51.0750	50.0000	
-0.2446	0.2500	0.2942	50.4500	50.0000	
-0.2446	0.2500	0.2942	50.0000	50.0000	
-0.2446	0.2500	0.2942	50.0000	50.0000	
-0.2446	0.2500	0.2942	49.0750	50.0000	
-0.2446	0.2500	0.2942	50.0000	50.0000	
-0.2446	0.2500	0.2942	50.0000	50.0000	
-0.2446	0.2500	0.2942	49.9000	50.0000	
-0.2446	0.2500	0.2942	50.1500	50.0000	
-0.2446	0.2500	0.2942	49.2750	50.0000	
-0.2446	0.2500	0.2942	50.0000	50.0000	
-0.2446	0.2501	0.2942	48.9500	50.0000	
-0.2446	0.2500	0.2942	50.0000	50.0000	
-0.2446	0.2500	0.2942	50.0000	50.0000	
-0.2446	0.2500	0.2942	50.8250	50.0000	
-0.2445	0.2500	0.2942	50.0750	50.0000	
-0.2446	0.2500	0.2942	50.0000	50.0000	
-0.2446	0.2500	0.2942	50.0000	50.0000	
-0.2446	0.2500	0.2942	48.8500	50.0000	
-0.2446	0.2500	0.2942	50.0000	50.0000	
-0.2446	0.2500	0.2942	50.0000	50.0000	
-0.2446	0.2500	0.2942	50.9000	50.0000	
-0.2446	0.2500	0.2942	49.9500	50.0000	
-0.2446	0.2500	0.2942	50.0250	50.0000	
-0.2446	0.2500	0.2942	50.1500	50.0000	
-0.2446	0.2500	0.2942	49.7500	50.0000	
-0.2446	0.2500	0.2942	49.7750	50.0000	
-0.2446	0.2500	0.2942	49.9750	50.0000	
-0.2446	0.2500	0.2942	49.9500	50.0000	
-0.2446	0.2500	0.2942	49.2250	50.0000	
-0.2446	0.2500	0.2942	49.9000	50.0000	
-0.2446	0.2500	0.2942	49.9500	50.0000	
-0.2446	0.2500	0.2942	49.5000	50.0000	
-0.2446	0.2500	0.2942	48.6500	50.0000	
-0.2446	0.2500	0.2942	49.9000	50.0000	
-0.2446	0.2500	0.2942	48.5500	50.0000	
-0.2446	0.2500	0.2942	48.9500	50.0000	
-0.2446	0.2500	0.2942	47.7250	50.0000	
-0.2446	0.2500	0.2942	49.9250	50.0000	
-0.2446	0.2500	0.2942	48.9750	50.0000	
-0.2446	0.2500	0.2942	49.7000	50.0000	
-0.2446	0.2500	0.2942	49.5000	50.0000	
-0.2446	0.2500	0.2942	50.0750	50.0000	
-0.2446	0.2500	0.2942	50.8250	50.0000	
-0.2446	0.2500	0.2942	49.8750	50.0000	
-0.2446	0.2500	0.2942	49.8750	50.0000	
-0.2446	0.2500	0.2942	49.6750	50.0000	
-0.2446	0.2500	0.2942	48.6000	50.0000	
-0.2446	0.2500	0.2942	50.0000	50.0000	
-0.2446	0.2500	0.2942	48.6750	50.0000	
-0.2446	0.2500	0.2942	49.8750	50.0000	
-0.2446	0.2500	0.2942	50.1750	50.0000	
-0.2446	0.2500	0.2942	50.0000	50.0000	
-0.2446	0.2500	0.2942	49.9000	50.0000	
-0.2446	0.2500	0.2942	50.1750	50.0000	
-0.2446	0.2500	0.2942	50.0000	50.0000	
-0.2446	0.2500	0.2942	49.5750	50.0000	
-0.2446	0.2500	0.2942	50.0000	50.0000	
-0.2446	0.2500	0.2942	50.7000	50.0000	
-0.2446	0.2500	0.2942	50.0500	50.0000	
-0.2446	0.2500	0.2942	50.0000	50.0000	
-0.2446	0.2500	0.2942	49.8750	50.0000	
-0.2446	0.2500	0.2942	50.0000	50.0000	
-0.2446	0.2500	0.2942	50.0000	50.0000	
-0.2446	0.2500	0.2942	49.7500	50.0000	
-0.2446	0.2500	0.2942	50.0000	50.0000	
-0.2446	0.2500	0.2942	50.0000	50.0000	
-0.2446	0.2500	0.2942	46.9750	50.0000	
-0.2446	0.2500	0.2942	49.5500	50.0000	
-0.2446	0.2500	0.2942	50.2750	50.0000	
-0.2446	0.2500	0.2942	49.8500	50.0000	
-0.2446	0.2500	0.2942	49.3750	50.0000	
-0.2446	0.2500	0.2942	49.2750	50.0000	
-0.2446	0.2500	0.2942	48.2000	50.0000	
-0.2446	0.2500	0.2942	48.3750	50.0000	
-0.2446	0.2500	0.2942	50.0000	50.0000	
-0.2446	0.2500	0.2942	50.0000	50.0000	
-0.2446	0.2500	0.2942	49.0250	50.0000	
-0.2446	0.2500	0.2942	50.0000	50.0000	
-0.2446	0.2500	0.2942	50.0000	50.0000	
-0.2446	0.2500	0.2942	49.0000	50.0000	
-0.2446	0.2500	0.2942	48.9500	50.0000	
-0.2446	0.2500	0.2942	49.2250	50.0000	
-0.2446	0.2500	0.2942	50.0000	50.0000	
-0.2446	0.2500	0.2942	49.1250	50.0000	
-0.2446	0.2500	0.2942	50.3250	50.0000	
-0.2446	0.2500	0.2942	50.0000	50.0000	
-0.2446	0.2500	0.2942	48.8000	50.0000	
-0.2446	0.2500	0.2942	50.0000	50.0000	
-0.2446	0.2500	0.2942	50.0000	50.0000	
-0.2446	0.2500	0.2942	48.9250	50.0000	
-0.2446	0.2500	0.2942	50.0000	50.0000	
-0.2446	0.2500	0.2942	48.6500	50.0000	
-0.2446	0.2500	0.2942	50.0000	50.0000	
-0.2446	0.2500	0.2942	48.6500	50.0000	
-0.2446	0.2500	0.2942	50.0000	50.0000	
-0.2446	0.2500	0.2942	50.0000	50.0000	
-0.2446	0.2500	0.2942	49.1000	50.0000	
-0.2446	0.2500	0.2942	50.0000	50.0000	
-0.2446	0.2501	0.2942	48.8250	50.0000	
-0.2446	0.2500	0.2942	49.0250	50.0000	
-0.2446	0.2500	0.2942	49.3750	50.0000	
-0.2446	0.2500	0.2942	50.0000	50.0000	
-0.2446	0.2500	0.2942	50.0000	50.0000	
-0.2446	0.2501	0.2942	49.5000	50.0000	
-0.2446	0.2500	0.2942	48.7250	50.0000	
-0.2446	0.2500	0.2942	47.6500	50.0000	
-0.2446	0.2500	0.2942	49.3500	50.0000	
-0.2446	0.2500	0.2942	50.0000	50.0000	
-0.2446	0.2500	0.2942	49.6750	50.0000	
-0.2446	0.2500	0.2942	50.1500	50.0000	
-0.2446	0.2500	0.2942	50.0000	50.0000	
-0.2446	0.2500	0.2942	49.1500	50.0000	
-0.2446	0.2500	0.2942	50.0000	50.0000	
-0.2446	0.2500	0.2942	49.3500	50.0000	
-0.2446	0.2500	0.2942	50.0000	50.0000	
-0.2446	0.2500	0.2942	50.0000	50.0000	
-0.2446	0.2500	0.2942	47.8250	50.0000	
-0.2446	0.2500	0.2942	47.8250	50.0000	
-0.2446	0.2500	0.2942	49.9000	50.0000	
-0.2446	0.2500	0.2942	50.0000	50.0000	
-0.2446	0.2500	0.2942	49.9250	50.0000	
-0.2446	0.2500	0.2942	50.0000	50.0000	
-0.2446	0.2500	0.2942	50.0000	50.0000	
-0.2446	0.2500	0.2942	50.0000	50.0000	
-0.2446	0.2500	0.2942	50.0000	50.0000	
-0.2446	0.2500	0.2942	50.1250	50.0000	
-0.2446	0.2500	0.2942	47.0500	50.0000	
-0.2446	0.2500	0.2942	50.0000	50.0000	
-0.2446	0.2500	0.2942	50.0000	50.0000	
-0.2446	0.2500	0.2942	50.0000	50.0000	
-0.2446	0.2500	0.2942	50.0000	50.0000	
-0.2446	0.2500	0.2942	49.7250	50.0000	
-0.2446	0.2500	0.2942	50.0000	50.0000	
-0.2446	0.2500	0.2942	50.0000	50.0000	
-0.2446	0.2500	0.2942	49.3750	50.0000	
-0.2446	0.2500	0.2942	50.0000	50.0000	
-0.2446	0.2500	0.2942	50.0000	50.0000	
-0.2446	0.2500	0.2942	50.0000	50.0000	
-0.2446	0.2500	0.2942	49.5250	50.0000	
-0.2446	0.2500	0.2942	50.0000	50.0000	
-0.2446	0.2500	0.2942	47.8250	50.0000	
-0.2446	0.2500	0.2942	45.3750	50.0000	
-0.2446	0.2501	0.2942	49.0750	50.0000	
-0.2446	0.2500	0.2942	50.0000	50.0000	
-0.2446	0.2500	0.2942	48.7500	50.0000	
-0.2446	0.2500	0.2942	49.2250	50.0000	
-0.2446	0.2500	0.2942	46.8500	50.0000	
-0.2446	0.2500	0.2942	48.5500	50.0000	
-0.2446	0.2500	0.2942	46.2500	50.0000	
-0.2446	0.2500	0.2942	49.9500	50.0000	
-0.2446	0.2500	0.2942	49.8750	50.0000	
-0.2446	0.2500	0.2942	47.2000	50.0000	
-0.2446	0.2500	0.2942	49.9750	50.0000	
-0.2446	0.2500	0.2942	48.1000	50.0000	
-0.2446	0.2501	0.2942	48.4250	50.0000	
-0.2446	0.2500	0.2942	49.8000	50.0000	
-0.2446	0.2500	0.2942	50.0000	50.0000	
-0.2446	0.2500	0.2942	49.1000	50.0000	
-0.2446	0.2500	0.2942	44.8000	50.0000	
-0.2446	0.2500	0.2942	48.2500	50.0000	
-0.2446	0.2500	0.2942	49.3750	50.0000	
-0.2446	0.2500	0.2942	50.0000	50.0000	
-0.2446	0.2500	0.2942	48.9500	50.0000	
-0.2446	0.2500	0.2942	50.0000	50.0000	
-0.2446	0.2500	0.2942	48.0500	50.0000	
-0.2446	0.2501	0.2942	47.7500	50.0000	
-0.2446	0.2500	0.2942	48.6750	50.0000	
-0.2446	0.2500	0.2942	50.0000	50.0000	
-0.2446	0.2500	0.2942	50.0000	50.0000	
-0.2446	0.2500	0.2942	49.6750	50.0000	
-0.2446	0.2500	0.2942	50.0000	50.0000	
-0.2446	0.2500	0.2942	50.0000	50.0000	
-0.2446	0.2500	0.2942	50.0000	50.0000	
-0.2446	0.2500	0.2942	49.9500	50.0000	
-0.2446	0.2500	0.2942	49.9250	50.0000	
-0.2446	0.2500	0.2942	44.1250	49.2500	
-0.2446	0.2500	0.2942	45.5250	48.9000	
-0.2446	0.2500	0.2942	46.0500	50.0000	
-0.2446	0.2500	0.2942	50.0000	50.0000	
-0.2446	0.2500	0.2942	48.4750	50.0000	
-0.2446	0.2500	0.2942	48.8500	50.0000	
-0.2446	0.2500	0.2942	47.3000	50.0000	
-0.2446	0.2500	0.2942	48.6750	50.0000	
-0.2446	0.2500	0.2942	47.3000	50.0000	
-0.2446	0.2500	0.2942	47.6000	50.0000	
-0.2446	0.2500	0.2942	47.8000	50.0000	
-0.2446	0.2500	0.2942	50.0000	50.0000	
-0.2446	0.2500	0.2942	47.5000	50.0000	
-0.2446	0.2500	0.2942	50.0000	50.0000	
-0.2446	0.2500	0.2942	50.0000	50.0000	
-0.2446	0.2500	0.2942	47.4750	50.0000	
-0.2446	0.2500	0.2942	50.0000	50.0000	
-0.2446	0.2500	0.2942	50.0000	50.0000	
-0.2446	0.2500	0.2942	49.0500	50.0000	
-0.2446	0.2500	0.2942	50.0000	50.0000	
-0.2446	0.2500	0.2942	50.0000	50.0000	
-0.2446	0.2500	0.2942	46.5250	50.0000	
-0.2446	0.2500	0.2942	43.8250	50.0000	
-0.2446	0.2500	0.2942	49.1250	50.0000	
-0.2446	0.2500	0.2942	50.0000	50.0000	
-0.2446	0.2500	0.2942	50.0000	50.0000	
-0.2446	0.2500	0.2942	50.0000	50.0000	
-0.2446	0.2500	0.2942	49.9750	49.8500	
-0.2446	0.2500	0.2942	49.9500	50.0000	
-0.2446	0.2500	0.2942	47.3000	50.0000	
-0.2446	0.2500	0.2942	50.0000	50.0000	
-0.2446	0.2500	0.2942	50.0000	50.0000	
-0.2446	0.2500	0.2942	48.3750	50.0000	
-0.2446	0.2500	0.2942	50.0000	50.0000	
-0.2446	0.2500	0.2942	50.0000	50.0000	
-0.2446	0.2500	0.2942	49.9750	50.0000	
-0.2446	0.2500	0.2942	48.0250	50.0000	
-0.2446	0.2500	0.2942	50.0000	50.0000	
-0.2446	0.2500	0.2942	47.3750	50.0000	
-0.2446	0.2500	0.2942	50.0000	50.0000	
-0.2446	0.2500	0.2942	50.0000	50.0000	
-0.2446	0.2500	0.2942	48.9500	50.0000	
-0.2446	0.2500	0.2942	46.4750	50.0000	
-0.2446	0.2500	0.2942	49.9750	50.0000	
-0.2446	0.2500	0.2942	43.0500	50.0000	
-0.2446	0.2500	0.2942	50.0000	50.0000	
-0.2446	0.2500	0.2942	50.0000	50.0000	
-0.2446	0.2501	0.2942	48.8750	50.0000	
-0.2446	0.2500	0.2942	50.0000	50.0000	
-0.2446	0.2500	0.2942	46.9250	50.0000	
-0.2446	0.2500	0.2942	41.5000	50.0000	
-0.2446	0.2500	0.2942	50.0000	50.0000	
-0.2446	0.2500	0.2942	46.5000	50.0000	
-0.2446	0.2500	0.2942	45.6000	50.0000	
-0.2446	0.2500	0.2942	48.9500	50.0000	
0.4571	50.0000	0.3827	50.0000	
0.4283	50.0000	0.3613	50.0000	
0.4002	50.0000	0.3441	50.0000	
0.3732	50.0000	0.3294	50.0000	
0.3479	50.0000	0.3166	50.0000	
0.3247	50.0000	0.3064	50.0000	
0.3039	50.0000	0.2995	50.0000	
0.2865	50.0000	0.2955	50.0000	
0.2727	50.0000	0.2938	50.0000	
0.2624	50.0000	0.2935	44.5250	
0.2556	50.0000	0.2934	50.0000	
0.2520	50.0000	0.2934	50.0000	
0.2503	50.0000	0.2933	50.0000	
0.2496	50.0000	0.2932	48.8750	
0.2493	50.0000	0.2932	50.0000	
0.2492	50.0000	0.2931	50.0000	
0.2492	50.7750	0.2930	50.0000	
0.2492	72.1750	0.2930	55.2500	
0.2492	68.9000	0.2929	57.2000	
0.2492	66.7250	0.2929	50.0000	
0.2492	70.1750	0.2928	50.0000	
0.2491	72.4750	0.2927	63.4750	
0.2491	73.2250	0.2927	64.4750	
0.2491	73.2750	0.2926	68.5500	
0.2491	73.1750	0.2925	51.4250	
0.2491	72.4750	0.2925	55.6750	
0.2491	72.1500	0.2924	68.3000	
0.2491	71.9000	0.2923	71.6500	
0.2491	72.3500	0.2923	60.5000	
0.2491	71.8250	0.2922	59.0750	
0.2491	71.0000	0.2921	65.2250	
0.2491	71.7750	0.2920	76.7250	
0.2491	72.1500	0.2919	76.9000	
0.2491	71.9500	0.2919	79.5000	
0.2490	72.3500	0.2918	69.0000	
0.2490	72.6250	0.2917	56.8250	
0.2490	72.4000	0.2916	88.5500	
0.2490	72.2250	0.2915	84.2750	
0.2490	72.2250	0.2914	88.2500	
0.2490	71.9750	0.2913	63.0500	
0.2490	72.3500	0.2912	51.0000	
0.2490	72.3250	0.2911	70.9750	
0.2490	72.3500	0.2910	69.1500	
0.2489	72.2000	0.2909	65.0500	
0.2489	72.0250	0.2907	79.3500	
0.2489	72.2000	0.2907	62.1000	
0.2489	72.1000	0.2905	74.2500	
0.2489	72.2500	0.2904	85.5000	
0.2489	72.2500	0.2902	91.1250	
0.2489	72.2500	0.2901	81.8000	
0.2489	72.3750	0.2900	74.1750	
0.2488	72.1250	0.2898	77.6250	
0.2488	71.9000	0.2897	54.2250	
0.2488	72.1000	0.2895	66.9750	
0.2488	72.4000	0.2894	62.2000	
0.2488	72.3250	0.2892	73.3750	
0.2488	72.2500	0.2890	92.2000	
0.2488	72.3750	0.2889	91.8250	
0.2487	72.3750	0.2887	90.9750	
0.2487	72.1750	0.2885	89.3000	
0.2487	72.2250	0.2883	89.4750	
0.2487	72.1250	0.2882	80.7750	
0.2487	72.1750	0.2879	87.2250	
0.2487	72.2000	0.2877	79.9250	
0.2487	72.2000	0.2875	85.5750	
0.2486	72.1250	0.2873	82.7500	
0.2486	72.1250	0.2870	90.1500	
0.2486	72.1500	0.2868	85.7500	
0.2486	72.1000	0.2865	89.6500	
0.2486	72.0250	0.2863	89.9250	
0.2485	72.0500	0.2861	81.6750	
0.2485	72.2000	0.2858	73.3000	
0.2485	72.2250	0.2856	79.4000	
0.2485	72.1500	0.2852	74.3500	
0.2485	71.7750	0.2849	81.5500	
0.2484	71.7250	0.2846	86.1500	
0.2484	71.9750	0.2843	89.5000	
0.2484	72.2500	0.2840	87.9000	
0.2484	71.4250	0.2836	92.4500	
0.2484	71.7250	0.2832	88.1750	
0.2483	72.2500	0.2829	91.4000	
0.2483	72.3750	0.2825	91.5000	
0.2483	71.8750	0.2822	90.0250	
0.2483	72.1750	0.2818	88.9250	
0.2483	72.4250	0.2815	90.0250	
0.2482	72.4000	0.2810	88.8750	
0.2482	70.4750	0.2805	90.8750	
0.2482	71.3750	0.2801	87.5250	
0.2481	72.7000	0.2797	92.2000	
0.2481	73.1250	0.2792	92.1250	
0.2481	72.9000	0.2787	90.8750	
0.2481	71.3000	0.2782	92.6750	
0.2480	71.3500	0.2778	87.4750	
0.2480	71.1250	0.2772	91.6750	
0.2480	69.6500	0.2767	91.3750	
0.2479	71.9500	0.2762	89.6500	
0.2479	72.3000	0.2756	92.0750	
0.2478	71.8500	0.2751	91.8750	
0.2478	71.4750	0.2746	90.6250	
0.2477	73.0750	0.2741	85.8750	
0.2477	72.7000	0.2735	90.1750	
0.2476	71.2250	0.2728	85.7000	
0.2475	71.9750	0.2721	91.1250	
0.2475	70.5750	0.2714	92.9000	
0.2474	72.5500	0.2710	85.5000	
0.2474	72.8750	0.2703	90.6750	
0.2473	71.8000	0.2694	91.8750	
0.2473	72.7500	0.2687	91.0750	
0.2472	72.1000	0.2681	92.1250	
0.2472	69.2500	0.2673	91.6750	
0.2470	72.3250	0.2665	90.8000	
0.2470	69.1250	0.2658	92.7250	
0.2469	70.3500	0.2650	89.9000	
0.2468	73.2000	0.2642	91.3000	
0.2467	73.6000	0.2635	92.5750	
0.2467	72.4000	0.2626	88.2500	
0.2466	72.4000	0.2617	92.1500	
0.2465	69.8750	0.2610	90.2000	
0.2464	66.4250	0.2602	91.8250	
0.2463	72.5750	0.2595	88.0000	
0.2463	73.1000	0.2584	92.2750	
0.2462	72.9250	0.2576	86.9250	
0.2461	71.1000	0.2570	90.6250	
0.2460	69.4250	0.2559	88.0250	
0.2460	73.2500	0.2547	92.1250	
0.2458	72.1750	0.2538	91.9000	
0.2458	65.3750	0.2529	90.9000	
0.2457	72.6500	0.2519	92.5000	
0.2456	72.6000	0.2511	91.1000	
0.2455	67.2250	0.2500	91.7000	
0.2454	71.8000	0.2491	91.3500	
0.2452	73.4500	0.2481	91.5750	
0.2451	69.3000	0.2471	91.5500	
0.2450	69.5000	0.2461	91.4000	
0.2449	73.2750	0.2450	91.7500	
0.2448	72.6000	0.2441	92.1250	
0.2447	71.1000	0.2431	91.1750	
0.2445	71.8750	0.2420	91.5500	
0.2444	72.9250	0.2410	91.4000	
0.2444	72.0500	0.2398	91.4750	
0.2442	73.1000	0.2388	91.4250	
0.2441	72.5750	0.2377	92.1750	
0.2440	71.7000	0.2367	90.2500	
0.2438	70.6500	0.2357	92.5000	
0.2439	71.8500	0.2346	90.1750	
0.2435	72.5750	0.2338	91.8250	
0.2435	69.0750	0.2325	90.8500	
0.2434	72.6000	0.2314	91.5750	
0.2432	73.2000	0.2303	90.9750	
0.2430	73.5000	0.2294	91.3250	
0.2428	72.0500	0.2282	92.4000	
0.2427	69.2000	0.2271	91.8250	
0.2426	71.6500	0.2261	91.6500	
0.2424	73.6000	0.2250	91.7750	
0.2423	69.8250	0.2240	91.9000	
0.2421	72.2750	0.2232	91.0750	
0.2419	73.9500	0.2222	90.7250	
0.2418	73.2500	0.2211	91.9000	
0.2416	70.8500	0.2201	91.1250	
0.2414	71.2750	0.2193	91.1250	
0.2413	72.0500	0.2181	91.6000	
0.2412	73.5250	0.2170	91.9000	
0.2410	69.7750	0.2161	91.2250	
0.2408	72.9250	0.2152	91.1000	
0.2406	72.8750	0.2143	92.1750	
0.2404	69.6500	0.2134	91.3750	
0.2403	73.4750	0.2126	90.6000	
0.2402	70.2250	0.2125	90.4250	
0.2398	69.3000	0.2114	91.8750	
0.2396	73.3250	0.2110	90.5000	
0.2394	73.7250	0.2096	90.6750	
0.2392	70.3000	0.2089	91.0500	
0.2390	70.9500	0.2080	91.6750	
0.2388	73.9000	0.2069	91.4250	
0.2385	71.2750	0.2060	91.5500	
0.2383	70.7000	0.2054	91.8000	
0.2380	73.1750	0.2046	91.1750	
0.2379	72.9250	0.2039	91.6500	
0.2376	71.8250	0.2032	91.9000	
0.2374	73.5500	0.2028	91.4500	
0.2372	71.9250	0.2019	91.0000	
0.2370	72.2750	0.2015	91.7500	
0.2366	72.9250	0.2007	91.5000	
0.2364	70.5500	0.2001	91.7750	
0.2361	72.0750	0.1993	91.7000	
0.2358	72.7500	0.1988	91.2750	
0.2356	71.5250	0.1982	91.4500	
0.2353	73.5750	0.1978	91.7250	
0.2350	72.7250	0.1972	91.4000	
0.2347	71.1250	0.1968	91.4000	
0.2344	71.9750	0.1961	91.3750	
0.2342	72.2750	0.1955	91.5250	
0.2340	73.2500	0.1950	91.4750	
0.2338	69.2000	0.1945	91.5500	
0.2332	71.5750	0.1940	91.8750	
0.2332	73.7500	0.1939	91.1000	
0.2328	69.5750	0.1933	91.1500	
0.2326	72.1250	0.1929	91.3500	
0.2321	72.1000	0.1924	91.9750	
0.2317	71.3000	0.1921	91.2500	
0.2315	73.9750	0.1916	91.5750	
0.2312	70.8250	0.1917	91.2500	
0.2307	73.4000	0.1914	91.6500	
0.2303	73.4000	0.1911	91.6000	
0.2300	71.9750	0.1905	91.1000	
0.2296	72.2250	0.1900	91.2500	
0.2292	72.6750	0.1896	91.6000	
0.2289	74.0250	0.1893	91.3000	
0.2285	71.8250	0.1890	91.5500	
0.2289	72.6500	0.1887	91.3500	
0.2284	66.9500	0.1883	91.8000	
0.2284	72.3500	0.1888	91.5250	
0.2274	70.6250	0.1888	90.8000	
0.2272	71.7250	0.1883	90.9500	
0.2271	70.4750	0.1878	91.2250	
0.2265	72.4000	0.1876	91.4000	
0.2257	71.5750	0.1872	91.5000	
0.2257	70.9250	0.1872	91.4750	
0.2249	70.9500	0.1869	91.7000	
0.2244	71.1500	0.1866	91.4000	
0.2241	72.6250	0.1865	91.5500	
0.2239	70.6500	0.1863	91.4750	
0.2233	71.8250	0.1860	91.0000	
0.2229	71.9500	0.1859	91.4000	
0.2229	67.1750	0.1856	91.4000	
0.2222	71.0750	0.1855	91.6250	
0.2218	68.7250	0.1853	91.3750	
0.2214	69.2000	0.1852	91.4250	
0.2210	71.0000	0.1851	91.2000	
0.2208	67.6750	0.1849	91.3500	
0.2203	71.6250	0.1848	91.4250	
0.2200	66.2000	0.1848	91.3250	
0.2194	69.3000	0.1846	91.5750	
0.2190	69.4500	0.1845	91.4250	
0.2185	67.0750	0.1844	91.5500	
0.2182	70.2750	0.1843	91.2750	
0.2177	69.6750	0.1843	91.5500	
0.2174	68.1500	0.1842	91.6500	
0.2168	69.4750	0.1843	91.2000	
0.2164	69.3750	0.1841	91.5500	
0.2160	68.6750	0.1840	91.3250	
0.2155	67.5250	0.1839	91.5250	
0.2151	68.4000	0.1842	91.3250	
0.2147	69.1000	0.1838	91.5250	
0.2144	66.7500	0.1836	91.6500	
0.2145	70.7250	0.1837	91.5250	
0.2134	66.6750	0.1838	91.5000	
0.2130	67.7750	0.1835	91.2000	
0.2125	70.3250	0.1834	91.2750	
0.2124	65.1500	0.1833	91.2000	
0.2124	71.3750	0.1832	91.6250	
0.2115	65.4250	0.1833	91.3250	
0.2108	70.2250	0.1832	91.3250	
0.2102	68.3500	0.1831	91.3750	
0.2098	69.1000	0.1831	91.5500	
0.2094	68.6750	0.1830	91.2000	
0.2088	70.5500	0.1829	91.6750	
0.2085	69.2750	0.1831	91.3000	
0.2080	69.2250	0.1830	91.1750	
0.2076	69.8500	0.1829	91.3500	
0.2070	68.2500	0.1828	91.4500	
0.2068	69.4000	0.1829	91.6000	
0.2061	69.4250	0.1828	91.3000	
0.2056	69.2750	0.1827	91.1750	
0.2052	68.5250	0.1828	91.4250	
0.2054	70.9500	0.1827	91.3500	
0.2046	67.3500	0.1827	91.4250	
0.2038	69.1000	0.1826	91.2250	
0.2035	68.8250	0.1826	91.5250	
0.2028	69.5500	0.1825	91.3250	
0.2025	70.2750	0.1826	91.4250	
0.2020	69.5500	0.1825	91.4000	
0.2015	70.2250	0.1825	91.3500	
0.2011	69.4000	0.1825	91.3000	
0.2007	70.5000	0.1826	91.4750	
0.2001	69.8500	0.1824	91.4750	
0.2001	69.5000	0.1824	91.3000	
0.1992	69.1750	0.1824	91.2000	
0.1989	69.8750	0.1823	91.3000	
0.1984	69.7750	0.1823	91.3000	
0.1979	69.9250	0.1825	91.1750	
0.1976	69.6250	0.1825	91.7500	
0.1971	69.7500	0.1829	91.4500	
0.1966	70.6750	0.1823	91.0250	
0.1961	70.4000	0.1823	91.5750	
0.1957	69.4250	0.1823	91.4250	
0.1958	70.5500	0.1823	91.2500	
0.1950	70.7750	0.1824	91.5750	
0.1945	69.6250	0.1824	91.3000	
0.1940	69.9250	0.1822	91.2500	
0.1936	71.5000	0.1822	91.2750	
0.1932	72.4750	0.1823	91.2500	
0.1928	72.7000	0.1822	91.3500	
0.1925	73.5750	0.1821	91.3500	
0.1921	73.4500	0.1821	91.2750	
0.1916	72.4000	0.1821	91.3250	
0.1913	73.8000	0.1821	91.3000	
0.1907	73.6750	0.1821	91.6250	
0.1903	73.7750	0.1824	91.3250	
0.1900	73.2250	0.1823	91.0000	
0.1896	73.2750	0.1822	91.1250	
0.1898	73.4500	0.1823	91.0750	
0.1889	73.5000	0.1821	91.5500	
0.1890	72.9750	0.1824	91.3750	
0.1882	73.9500	0.1824	91.2500	
0.1876	72.9500	0.1821	91.3000	
0.1874	73.8750	0.1822	91.3500	
0.1871	72.8250	0.1821	91.3000	
0.1870	73.5750	0.1820	91.4500	
0.1866	73.1250	0.1819	91.3750	
0.1860	73.6250	0.1819	91.3250	
0.1854	73.9750	0.1820	91.2000	
0.1850	74.0500	0.1820	91.1750	
0.1851	72.8500	0.1821	91.2250	
0.1848	73.9000	0.1821	91.6750	
0.1843	73.5750	0.1820	91.2250	
0.1838	73.5500	0.1819	91.1250	
0.1834	73.9500	0.1820	91.4000	
0.1836	73.5500	0.1820	91.3750	
0.1829	74.2250	0.1820	91.3000	
0.1828	73.2500	0.1819	91.2750	
0.1826	74.0500	0.1819	91.2500	
0.1823	72.8750	0.1818	91.4250	
0.1822	73.6750	0.1818	91.3500	
0.1814	74.2750	0.1818	91.1000	
0.1813	72.8500	0.1818	91.2250	
0.1812	73.9750	0.1818	91.3000	
0.1815	72.2500	0.1818	91.1500	
0.1807	73.6000	0.1818	91.2500	
0.1804	72.6250	0.1819	91.2000	
0.1799	74.2000	0.1818	91.2250	
0.1795	74.1500	0.1818	91.2500	
0.1795	74.4250	0.1818	91.1500	
0.1794	73.9250	0.1819	91.3250	
0.1791	73.4750	0.1818	91.1750	
0.1786	74.0000	0.1818	91.4000	
0.1784	74.0500	0.1818	91.4750	
0.1780	74.0750	0.1819	91.5500	
0.1779	74.0750	0.1816	91.2500	
0.1780	73.5250	0.1818	91.3250	
0.1774	74.1750	0.1817	91.4000	
0.1773	73.9750	0.1818	91.2000	
0.1773	74.2000	0.1818	91.2000	
0.1771	73.2750	0.1817	91.2750	
0.1769	74.2000	0.1817	91.2500	
0.1768	74.4250	0.1816	90.9500	
0.1763	73.9000	0.1819	91.1750	
0.1760	73.5250	0.1820	91.4500	
0.1758	74.3500	0.1816	90.9500	
0.1755	74.0500	0.1817	91.2000	
0.1755	74.2750	0.1819	91.2000	
0.1758	73.8000	0.1818	91.3000	
0.1752	73.5250	0.1818	91.3000	
0.1758	73.5250	0.1822	91.0750	
0.1749	73.7500	0.1818	91.5250	
0.1754	72.8000	0.1818	91.1500	
0.1750	73.8000	0.1818	91.2250	
0.1742	74.3000	0.1815	91.0250	
0.1743	74.2750	0.1816	91.4500	
0.1739	73.7750	0.1815	91.3250	
0.1737	74.2250	0.1816	91.2500	
0.1736	74.1500	0.1816	91.4250	
0.1734	74.1750	0.1815	91.2250	
0.1742	73.2000	0.1815	91.2750	
0.1734	73.6750	0.1816	91.2500	
0.1731	74.1250	0.1816	90.9500	
0.1731	73.8250	0.1816	91.1750	
0.1729	74.6000	0.1816	91.1750	
0.1727	74.0000	0.1816	90.8250	
0.1725	74.3000	0.1815	91.0750	
0.1723	74.2250	0.1815	91.3500	
0.1728	73.4500	0.1815	91.2000	
0.1722	74.2250	0.1816	91.3000	
0.1725	74.2000	0.1815	91.2500	
0.1731	72.4750	0.1815	91.2000	
0.1734	73.5000	0.1814	91.1750	
0.1725	73.8000	0.1814	91.0250	
0.1725	72.8750	0.1814	91.3500	
0.1722	74.0500	0.1814	91.2750	
0.1719	72.9500	0.1815	91.2500	
0.1715	73.4750	0.1815	91.1250	
0.1717	73.5500	0.1814	91.3500	
0.1715	73.5000	0.1814	91.2250	
0.1708	74.2750	0.1814	91.2500	
0.1708	74.1750	0.1814	91.1250	
0.1707	74.1000	0.1813	91.2000	
0.1706	74.0250	0.1815	91.1000	
0.1707	73.9000	0.1814	91.2000	
0.1705	74.3000	0.1813	91.3750	
0.1702	74.2750	0.1815	91.1750	
0.1704	73.9750	0.1815	91.3500	
0.1700	74.2250	0.1814	90.9750	
0.1702	74.0750	0.1815	91.2500	
0.1702	74.5250	0.1813	91.4250	
0.1703	73.1500	0.1813	91.2750	
0.1700	74.1750	0.1813	91.3000	
0.1696	74.3000	0.1812	91.0250	
0.1695	74.2500	0.1814	91.3750	
0.1694	74.1250	0.1813	91.1750	
0.1696	74.2250	0.1816	91.2500	
0.1693	74.1500	0.1817	91.2750	
0.1691	74.2250	0.1814	90.9750	
0.1692	74.2250	0.1814	91.2500	
0.1690	74.2000	0.1813	91.3750	
0.1688	74.4750	0.1814	91.5000	
0.1691	73.8750	0.1813	91.1000	
0.1687	74.1250	0.1813	91.3250	
0.1688	73.7750	0.1812	91.2250	
0.1687	74.1750	0.1812	91.0500	
0.1685	74.2750	0.1812	91.3750	
0.1684	74.2000	0.1813	91.4500	
0.1684	74.3000	0.1813	90.9000	
0.1683	74.2750	0.1812	91.0750	
0.1682	74.3000	0.1813	91.3000	
0.1681	74.2000	0.1812	91.2750	
0.1684	74.2000	0.1814	91.2000	
0.1681	73.5750	0.1811	91.1000	
0.1679	74.0250	0.1812	91.1250	
0.1679	73.9250	0.1814	91.0250	
0.1679	74.1500	0.1812	90.8750	
0.1681	74.2750	0.1816	91.1000	
0.1680	73.9750	0.1816	91.2250	
0.1683	72.8500	0.1814	91.4250	
0.1685	74.5250	0.1815	90.9250	
0.1681	73.0000	0.1811	91.0250	
0.1684	73.5000	0.1812	91.2250	
0.1675	74.2000	0.1810	91.2750	
0.1672	74.0250	0.1811	91.2000	
0.1672	74.3250	0.1811	91.1250	
0.1672	74.0750	0.1811	91.2250	
0.1670	74.3000	0.1811	91.0500	
0.1671	73.7250	0.1810	91.1500	
0.1669	73.6250	0.1810	91.2000	
0.1678	73.3250	0.1810	91.3000	
0.1678	73.8000	0.1810	91.3000	
0.1672	73.1750	0.1811	91.2500	
0.1669	73.7000	0.1811	91.2500	
0.1666	73.9000	0.1811	91.0500	
0.1666	74.2250	0.1810	91.1500	
0.1666	74.1750	0.1810	91.2250	
0.1666	74.1000	0.1810	91.2250	
0.1665	74.0500	0.1810	91.4250	
0.1664	74.1000	0.1812	90.9250	
0.1666	73.8000	0.1813	91.1000	
0.1669	73.2500	0.1812	91.2250	
0.1666	73.3000	0.1810	91.0250	
0.1667	73.6750	0.1810	91.2250	
0.1663	73.7750	0.1810	91.1250	
0.1662	73.9000	0.1809	91.3250	
0.1662	73.2500	0.1810	91.0750	
0.1661	73.5000	0.1809	91.1750	
0.1658	73.3250	0.1812	90.9500	
0.1659	73.7500	0.1810	91.2250	
0.1663	73.0750	0.1810	91.0500	
0.1661	73.5500	0.1809	91.0750	
0.1655	73.5250	0.1810	91.1250	
0.1659	73.1500	0.1809	91.1750	
0.1655	72.9750	0.1809	91.2500	
0.1659	73.1750	0.1811	91.2250	
0.1655	73.0750	0.1811	91.3500	
0.1657	72.7000	0.1810	91.1750	
0.1655	72.9500	0.1809	91.2750	
0.1654	72.8000	0.1809	91.1250	
0.1659	72.5500	0.1809	91.3250	
0.1658	70.6000	0.1808	91.1750	
0.1667	70.8500	0.1808	91.1750	
0.1662	71.6250	0.1808	91.2000	
0.1660	69.1500	0.1808	91.2500	
0.1657	71.1000	0.1809	91.1000	
0.1652	72.1750	0.1808	91.1250	
0.1652	72.0500	0.1810	90.9750	
0.1652	71.5250	0.1808	91.1500	
0.1652	71.0750	0.1808	91.2250	
0.1652	69.7500	0.1808	91.0500	
0.1649	70.6500	0.1808	91.3000	
0.1649	69.8250	0.1810	90.9750	
0.1653	68.8000	0.1808	90.9250	
0.1647	68.9750	0.1807	91.3500	
0.1649	65.1250	0.1808	91.1250	
0.1651	65.4250	0.1808	90.9750	
0.1645	65.8250	0.1810	91.0250	
0.1645	63.3500	0.1809	91.3000	
0.1644	57.6500	0.1807	91.0250	
0.1644	58.0750	0.1807	91.2250	
0.1645	55.2250	0.1807	91.1250	
0.1643	53.1500	0.1807	91.2500	
0.1643	52.1500	0.1807	91.3000	
0.1643	52.8250	0.1807	91.2250	
0.1645	49.5250	0.1807	91.1250	
0.1643	47.6250	0.1807	91.3250	
0.1642	50.1000	0.1806	91.0750	
0.1641	44.1000	0.1806	91.3250	
0.1641	52.0000	0.1806	91.1750	
0.1644	39.3250	0.1806	91.2500	
0.1642	40.3000	0.1807	91.1250	
0.1640	41.0250	0.1806	91.0750	
0.1640	36.1750	0.1807	91.4000	
0.1639	40.5250	0.1807	90.8750	
0.1639	35.4750	0.1809	91.0500	
0.1638	38.2250	0.1808	91.4000	
0.1637	33.9000	0.1809	91.1750	
0.1637	34.3500	0.1808	91.2500	
0.1636	33.8000	0.1806	90.9000	
0.1637	36.0000	0.1807	91.2250	
0.1637	33.7000	0.1806	91.2500	
0.1636	33.4000	0.1806	91.2500	
0.1642	36.2000	0.1806	91.0500	
0.1640	34.4750	0.1807	91.3250	
0.1641	33.0750	0.1805	91.3250	
0.1638	33.2750	0.1807	91.1000	
0.1635	33.7000	0.1807	90.8500	
0.1636	33.0000	0.1808	91.2500	
0.1632	32.9000	0.1806	91.2750	
0.1632	32.7500	0.1805	91.0250	
0.1632	33.0000	0.1805	91.3250	
0.1636	32.8750	0.1805	90.9750	
0.1631	33.1000	0.1806	91.2750	
0.1631	33.1000	0.1808	91.2500	
0.1630	33.5500	0.1807	90.6250	
0.1630	33.2500	0.1807	91.0000	
0.1630	33.0000	0.1806	91.1500	
0.1630	33.2250	0.1805	91.0000	
0.1630	32.7000	0.1805	91.2250	
0.1628	33.2250	0.1804	91.2000	
0.1628	33.2750	0.1805	91.0500	
0.1629	32.5500	0.1807	91.1750	
0.1632	33.7750	0.1804	91.2500	
0.1636	31.9000	0.1804	91.0750	
0.1634	33.1000	0.1804	91.1500	
0.1627	32.5250	0.1804	90.9000	
0.1626	33.3000	0.1804	91.2750	
0.1626	32.8000	0.1804	91.1750	
0.1626	33.3000	0.1804	91.2000	
0.1628	33.2250	0.1805	91.1000	
0.1629	31.8250	0.1804	91.3250	
0.1626	34.1500	0.1805	91.2250	
0.1627	32.1250	0.1804	91.1000	
0.1634	34.3250	0.1803	91.2250	
0.1630	32.2250	0.1804	91.3000	
0.1624	33.2250	0.1803	91.0250	
0.1626	32.4500	0.1803	91.0500	
0.1624	32.7750	0.1804	91.4000	
0.1623	33.1500	0.1805	90.8250	
0.1623	32.5500	0.1803	90.9750	
0.1624	32.8500	0.1803	91.2000	
0.1621	33.4250	0.1803	91.2000	
0.1621	33.2000	0.1803	91.1500	
0.1620	32.6250	0.1803	91.0750	
0.1623	33.9000	0.1802	91.0750	
0.1625	31.9500	0.1803	91.0000	
0.1626	34.4000	0.1803	91.1250	
0.1624	32.1500	0.1803	90.9250	
0.1627	32.9750	0.1803	91.1750	
0.1621	32.7500	0.1804	91.1250	
0.1622	32.1750	0.1804	91.2000	
0.1619	33.1500	0.1804	91.0500	
0.1617	32.9250	0.1803	91.1000	
0.1618	32.6250	0.1802	91.2000	
0.1616	33.2000	0.1802	91.0750	
0.1616	32.4250	0.1804	91.1750	
0.1617	32.9000	0.1805	91.2000	
0.1619	33.1750	0.1802	90.9750	
0.1617	31.6500	0.1804	91.0000	
0.1618	33.6750	0.1802	91.3000	
0.1617	32.2500	0.1802	91.0500	
0.1619	33.4500	0.1802	91.1500	
0.1616	32.8000	0.1802	91.2500	
0.1614	32.9000	0.1802	91.1750	
0.1615	32.8750	0.1801	91.0250	
0.1620	32.5750	0.1801	91.0750	
0.1614	33.3250	0.1803	91.2000	
0.1614	32.8500	0.1801	91.2000	
0.1614	33.4000	0.1802	91.1750	
0.1618	31.6500	0.1802	91.0000	
0.1616	33.7250	0.1801	91.0500	
0.1612	32.6500	0.1802	90.9500	
0.1612	33.1250	0.1801	91.2250	
0.1613	33.0500	0.1803	90.7500	
0.1610	32.4000	0.1801	90.9500	
0.1611	32.8750	0.1801	90.9500	
0.1613	31.9750	0.1800	91.2000	
0.1613	33.5750	0.1801	91.1750	
0.1613	32.3000	0.1801	91.2750	
0.1612	33.3500	0.1800	91.2000	
0.1609	32.6250	0.1800	91.1000	
0.1608	33.6750	0.1800	91.0750	
0.1613	32.4750	0.1800	91.0500	
0.1610	32.1000	0.1800	90.9750	
0.1618	33.7250	0.1800	91.0750	
0.1610	31.9500	0.1801	91.0000	
0.1613	34.4750	0.1800	91.0500	
0.1615	31.9500	0.1801	91.3000	
0.1609	33.4750	0.1803	91.0500	
0.1605	32.6500	0.1801	91.0750	
0.1607	33.3750	0.1801	91.0500	
0.1605	33.2250	0.1801	91.2000	
0.1605	33.3000	0.1801	90.9250	
0.1605	32.5500	0.1800	91.0000	
0.1605	33.4750	0.1800	90.8750	
0.1605	33.3750	0.1800	91.1750	
0.1605	32.8250	0.1800	90.9250	
0.1605	32.8500	0.1799	91.1250	
0.1604	33.2500	0.1799	90.9750	
0.1603	33.3500	0.1800	90.9250	
0.1605	33.2250	0.1799	91.2750	
0.1602	32.8250	0.1799	91.1250	
0.1604	33.4750	0.1799	91.1500	
0.1604	32.8000	0.1799	91.2000	
0.1601	33.6000	0.1799	91.1250	
0.1601	33.0250	0.1800	90.8750	
0.1601	33.5250	0.1800	91.0250	
0.1601	33.2750	0.1800	91.0000	
0.1605	33.0250	0.1799	91.0500	
0.1604	33.4750	0.1800	91.1250	
0.1602	33.2250	0.1800	91.1750	
0.1599	32.9750	0.1799	90.7750	
0.1602	33.3250	0.1798	91.1000	
0.1605	32.2000	0.1798	91.2250	
0.1602	34.1000	0.1799	91.2750	
0.1604	32.2000	0.1800	91.0750	
0.1601	33.2500	0.1799	91.0250	
0.1598	33.3500	0.1799	90.8750	
0.1604	33.4250	0.1799	90.9000	
0.1600	32.4750	0.1798	91.3250	
0.1598	33.6000	0.1800	90.5750	
0.1599	32.7000	0.1799	90.7500	
0.1598	33.5250	0.1798	91.2000	
0.1599	33.1500	0.1798	91.0250	
0.1596	33.4250	0.1799	91.5000	
0.1597	33.1750	0.1800	90.7000	
0.1596	33.1500	0.1800	90.8250	
0.1595	33.6250	0.1798	91.2000	
0.1600	34.2000	0.1799	91.0500	
0.1598	32.6000	0.1797	90.5750	
0.1597	33.7750	0.1799	90.8000	
0.1593	33.4750	0.1798	90.9250	
0.1594	33.1250	0.1799	90.8500	
0.1595	33.5500	0.1800	90.9500	
0.1594	33.6000	0.1798	91.2000	
0.1593	33.3000	0.1797	90.8500	
0.1591	33.4250	0.1797	91.0500	
0.1594	34.4250	0.1797	91.1000	
0.1599	32.4750	0.1796	91.0750	
0.1593	34.3250	0.1798	90.8500	
0.1596	32.5500	0.1797	90.5250	
0.1600	34.7500	0.1797	90.8750	
0.1596	32.3750	0.1796	90.9000	
0.1600	35.0000	0.1797	91.0500	
0.1606	32.0250	0.1797	90.9750	
0.1598	34.0750	0.1797	91.2000	
0.1590	32.8250	0.1796	90.9750	
0.1590	33.7250	0.1796	91.2500	
0.1590	33.1750	0.1796	90.7250	
0.1591	33.8750	0.1797	90.9750	
0.1593	32.5000	0.1796	91.2750	
0.1592	34.8500	0.1795	90.9000	
0.1594	31.9000	0.1796	91.0000	
0.1596	34.5250	0.1795	91.2250	
0.1590	32.8500	0.1796	90.9500	
0.1589	34.2000	0.1795	91.0750	
0.1589	32.8750	0.1795	91.1000	
0.1588	34.0750	0.1795	91.1000	
0.1594	32.6750	0.1795	90.9250	
0.1592	34.5750	0.1795	91.0750	
0.1587	32.9750	0.1796	91.1000	
0.1587	33.9250	0.1795	91.1000	
0.1585	33.6750	0.1795	91.1000	
0.1585	33.6500	0.1795	91.0000	
0.1585	34.0500	0.1795	91.0750	
0.1587	33.5250	0.1796	90.8750	
0.1585	33.6500	0.1795	91.1750	
0.1584	33.5000	0.1795	91.1000	
0.1585	34.0500	0.1795	91.0750	
0.1585	33.7000	0.1794	90.9250	
0.1584	33.7750	0.1794	91.1750	
0.1587	33.7000	0.1794	91.0750	
0.1585	33.8000	0.1795	91.0250	
0.1584	33.7750	0.1794	91.1250	
0.1585	33.6750	0.1794	90.7250	
0.1589	34.9000	0.1794	91.2500	
0.1587	33.1750	0.1796	91.0750	
0.1584	33.6000	0.1795	90.6250	
0.1582	33.9500	0.1796	90.8250	
0.1584	34.2750	0.1794	91.0000	
0.1583	33.4750	0.1794	91.0000	
0.1582	34.0500	0.1794	91.1250	
0.1581	34.0000	0.1794	91.1500	
0.1581	33.8750	0.1793	91.1000	
0.1583	33.8250	0.1795	90.9000	
0.1582	34.3000	0.1795	90.7750	
0.1580	33.8750	0.1795	91.0000	
0.1580	34.6250	0.1794	91.1250	
0.1582	33.3250	0.1794	90.9500	
0.1580	34.4250	0.1793	91.0500	
0.1583	33.3250	0.1793	90.9500	
0.1583	34.0000	0.1793	91.0750	
0.1578	34.0500	0.1794	90.9250	
0.1578	33.8750	0.1793	90.7250	
0.1583	34.6750	0.1794	90.8000	
0.1580	33.2500	0.1793	90.7750	
0.1579	34.2000	0.1794	90.6500	
0.1577	33.7750	0.1794	90.7750	
0.1578	33.6000	0.1794	91.1250	
0.1579	34.4500	0.1794	91.0500	
0.1577	33.5750	0.1792	90.6750	
0.1579	34.8250	0.1793	90.9750	
0.1577	33.6500	0.1794	91.0250	
0.1578	33.8000	0.1793	90.6250	
0.1578	34.8750	0.1792	90.9750	
0.1575	33.6500	0.1792	90.8250	
0.1580	35.1000	0.1793	90.8250	
0.1578	33.6500	0.1793	91.2250	
0.1577	34.5750	0.1792	91.0500	
0.1575	33.6750	0.1792	90.9250	
0.1576	34.9750	0.1792	91.0000	
0.1577	34.0500	0.1794	90.8000	
0.1574	34.2000	0.1792	90.3000	
0.1573	33.9750	0.1793	90.9750	
0.1573	34.5000	0.1792	90.8000	
0.1573	34.0750	0.1791	90.9500	
0.1573	33.8750	0.1791	91.1500	
0.1574	34.8500	0.1791	91.1250	
0.1580	33.6000	0.1793	90.6000	
0.1576	35.2000	0.1791	91.0500	
0.1572	34.0250	0.1791	91.0500	
0.1571	34.3750	0.1792	90.6250	
0.1574	33.9000	0.1792	90.8000	
0.1573	34.9500	0.1790	91.0250	
0.1573	33.7500	0.1791	91.1000	
0.1571	34.8000	0.1791	90.8250	
0.1571	33.7750	0.1790	91.2000	
0.1570	34.6500	0.1790	90.9500	
0.1571	33.8250	0.1790	91.0750	
0.1572	34.9250	0.1790	91.0500	
0.1570	34.2500	0.1790	90.9250	
0.1570	34.7500	0.1790	91.1250	
0.1572	33.6000	0.1790	90.9750	
0.1570	34.9250	0.1789	91.0000	
0.1570	33.8750	0.1789	90.9500	
0.1573	34.7000	0.1789	91.0000	
0.1568	33.9000	0.1789	90.9500	
0.1572	35.3750	0.1789	91.0500	
0.1571	34.5250	0.1789	90.9500	
0.1568	34.5500	0.1791	91.0000	
0.1568	34.4000	0.1792	90.7500	
0.1567	34.6750	0.1790	90.6500	
0.1568	34.4750	0.1789	91.1000	
0.1567	33.8000	0.1789	90.9250	
0.1568	34.8500	0.1789	90.8250	
0.1566	34.7750	0.1789	91.0500	
0.1568	35.2000	0.1788	90.9750	
0.1570	33.6500	0.1788	90.9000	
0.1566	35.4750	0.1790	90.8750	
0.1567	34.1250	0.1789	90.7250	
0.1566	35.1750	0.1789	91.2250	
0.1566	34.0000	0.1788	90.7750	
0.1566	35.0250	0.1789	90.8500	
0.1564	34.8750	0.1788	91.1000	
0.1565	34.2750	0.1789	90.6500	
0.1567	34.5500	0.1788	90.9250	
0.1568	34.6750	0.1788	91.0000	
0.1565	34.8500	0.1789	90.9500	
0.1564	34.7000	0.1788	90.8500	
0.1564	33.9500	0.1787	90.7250	
0.1565	35.5250	0.1789	91.2750	
0.1564	33.7750	0.1790	90.4250	
0.1565	35.8500	0.1789	90.8750	
0.1566	33.8750	0.1788	91.3250	
0.1571	35.6000	0.1786	90.6250	
0.1564	34.4000	0.1786	91.0750	
0.1563	35.1500	0.1786	91.2000	
0.1561	34.4000	0.1786	90.6750	
0.1563	35.4250	0.1786	91.1250	
0.1563	34.6750	0.1787	90.8750	
0.1561	34.5000	0.1785	90.7000	
0.1560	35.0750	0.1785	91.2500	
0.1562	34.1750	0.1785	90.5500	
0.1562	35.4000	0.1785	90.7500	
0.1563	34.4500	0.1784	91.1500	
0.1561	35.8000	0.1783	91.0000	
0.1561	34.1500	0.1783	91.1250	
0.1561	35.9500	0.1783	91.0000	
0.1562	34.0750	0.1784	90.8500	
0.1562	35.0000	0.1782	91.0750	
0.1560	34.8750	0.1782	91.0750	
0.1559	34.6000	0.1781	90.9750	
0.1562	35.5000	0.1779	91.1000	
0.1561	33.9750	0.1777	91.1250	
0.1559	35.0750	0.1777	91.1500	
0.1559	35.4250	0.1776	91.6000	
0.1557	34.7500	0.1776	91.0500	
0.1558	34.9000	0.1775	91.3750	
0.1558	35.0750	0.1773	91.3000	
0.1558	34.9000	0.1771	91.0500	
0.1558	35.5000	0.1770	91.4750	
0.1557	34.7500	0.1771	91.1000	
0.1562	35.5750	0.1772	91.4500	
0.1562	34.1250	0.1768	91.3250	
0.1557	35.4250	0.1768	91.3250	
0.1559	34.9500	0.1768	91.5250	
0.1557	34.7250	0.1767	91.2750	
0.1557	35.6750	0.1766	91.3750	
0.1555	34.6750	0.1766	91.3500	
0.1556	35.5250	0.1765	91.3750	
0.1558	35.1500	0.1765	91.4250	
0.1555	35.4500	0.1765	91.3500	
0.1555	35.3500	0.1765	91.0750	
0.1556	35.2500	0.1764	91.4250	
0.1554	35.0500	0.1763	91.3250	
0.1554	34.8000	0.1763	91.4500	
0.1554	35.6500	0.1763	91.3000	
0.1554	34.9000	0.1762	91.3250	
0.1556	35.4750	0.1762	91.4000	
0.1554	35.4750	0.1761	91.4000	
0.1553	34.7000	0.1762	91.5250	
0.1553	35.4250	0.1760	91.1500	
0.1553	35.0750	0.1761	91.4750	
0.1552	35.9500	0.1760	91.4750	
0.1553	34.7250	0.1760	91.3500	
0.1553	36.1750	0.1759	91.3500	
0.1554	34.2750	0.1760	91.3500	
0.1555	36.6000	0.1758	91.3000	
0.1551	34.7000	0.1759	91.2750	
0.1553	35.7250	0.1757	91.5750	
0.1552	34.9750	0.1757	91.2750	
0.1553	35.9250	0.1757	91.3250	
0.1552	34.2500	0.1758	91.3250	
0.1551	35.8750	0.1757	91.4250	
0.1551	35.6750	0.1756	91.4250	
0.1550	34.6750	0.1755	91.4250	
0.1552	36.3500	0.1755	91.5500	
0.1549	35.4250	0.1754	91.2750	
0.1550	35.5250	0.1755	91.5500	
0.1552	34.6750	0.1754	91.4750	
0.1553	36.3250	0.1754	91.4250	
0.1551	34.4000	0.1753	91.4750	
0.1551	36.2250	0.1752	91.5000	
0.1549	34.8750	0.1752	91.4000	
0.1550	35.2000	0.1753	91.2250	
0.1552	36.2250	0.1752	91.3500	
0.1553	35.0000	0.1752	91.5750	
0.1548	35.6500	0.1751	91.3000	
0.1550	35.2000	0.1750	91.5000	
0.1547	35.8750	0.1750	91.6250	
0.1547	35.6000	0.1750	91.3250	
0.1547	36.1250	0.1749	91.3750	
0.1548	35.5000	0.1749	91.5750	
0.1547	35.6750	0.1748	91.3500	
0.1546	35.2750	0.1748	91.4500	
0.1546	36.4000	0.1749	91.5000	
0.1547	35.1250	0.1748	91.4500	
0.1549	35.8500	0.1748	91.4250	
0.1546	34.9250	0.1746	91.4000	
0.1545	35.8500	0.1746	91.3500	
0.1545	35.8000	0.1746	91.4000	
0.1546	35.3250	0.1746	91.4000	
0.1545	35.9500	0.1746	91.5250	
0.1545	35.5250	0.1746	91.4750	
0.1544	35.9750	0.1745	91.5750	
0.1550	35.0500	0.1744	91.4250	
0.1550	34.7000	0.1744	91.4500	
0.1546	36.5750	0.1743	91.4250	
0.1543	35.4500	0.1743	91.4250	
0.1545	35.3250	0.1744	91.4250	
0.1543	35.7000	0.1742	91.6750	
0.1544	36.1750	0.1742	91.5000	
0.1543	35.5250	0.1741	91.4750	
0.1544	36.5500	0.1741	91.4250	
0.1544	34.8250	0.1741	91.4500	
0.1545	36.1500	0.1740	91.4250	
0.1543	36.4000	0.1740	91.5000	
0.1543	35.1250	0.1739	91.5000	
0.1545	36.3000	0.1740	91.4000	
0.1543	35.4750	0.1739	91.6750	
0.1542	35.9750	0.1739	91.5250	
0.1542	36.0250	0.1738	91.6250	
0.1542	35.2500	0.1738	91.4750	
0.1541	35.7000	0.1737	91.4250	
0.1541	35.8250	0.1737	91.4750	
0.1541	35.9500	0.1737	91.5750	
0.1542	35.4500	0.1737	91.6500	
0.1542	35.4250	0.1736	91.5000	
0.1542	36.8000	0.1735	91.4250	
0.1540	35.6000	0.1735	91.5250	
0.1541	35.2750	0.1737	91.1500	
0.1540	35.9500	0.1736	91.1250	
0.1540	35.5250	0.1734	91.4750	
0.1540	35.8000	0.1734	91.5250	
0.1539	35.8750	0.1735	91.5000	
0.1542	35.4000	0.1736	91.4500	
0.1545	37.1000	0.1736	91.6750	
0.1544	34.6250	0.1733	91.5500	
0.1542	37.0750	0.1733	91.3750	
0.1539	35.4750	0.1732	91.7750	
0.1538	35.7250	0.1732	91.5500	
0.1539	35.8250	0.1732	91.5750	
0.1538	35.8750	0.1731	91.4250	
0.1539	35.3500	0.1731	91.5250	
0.1539	36.3500	0.1730	91.6500	
0.1537	35.9500	0.1731	91.4500	
0.1537	36.0250	0.1730	91.3500	
0.1538	35.6750	0.1730	91.4750	
0.1537	35.7250	0.1729	91.4250	
0.1537	35.5500	0.1729	91.5000	
0.1537	36.1500	0.1729	91.6000	
0.1536	36.0250	0.1728	91.5500	
0.1536	35.9750	0.1728	91.5750	
0.1537	35.4250	0.1728	91.6000	
0.1540	37.6500	0.1728	91.5250	
0.1542	34.4000	0.1727	91.2750	
0.1541	36.1500	0.1726	91.5500	
0.1536	36.3000	0.1727	91.6000	
0.1535	36.0750	0.1726	91.5000	
0.1537	35.9500	0.1725	91.5000	
0.1536	35.4000	0.1725	91.4500	
0.1535	36.1500	0.1725	91.5500	
0.1535	35.9500	0.1724	91.4500	
0.1534	35.9000	0.1724	91.6500	
0.1534	36.3250	0.1723	91.4750	
0.1535	35.6250	0.1723	91.6000	
0.1533	36.4000	0.1723	91.4750	
0.1534	35.3000	0.1723	91.4500	
0.1534	36.6250	0.1722	91.5500	
0.1536	35.1000	0.1722	91.4750	
0.1538	36.2500	0.1722	91.3250	
0.1534	35.1500	0.1723	91.6500	
0.1536	36.6250	0.1721	91.1500	
0.1534	35.7750	0.1720	91.5750	
0.1534	36.1000	0.1720	91.4500	
0.1532	36.0750	0.1720	91.5000	
0.1533	36.5000	0.1720	91.4250	
0.1535	35.3000	0.1719	91.4750	
0.1535	36.2500	0.1719	91.5000	
0.1533	35.7500	0.1718	91.5500	
0.1533	36.3000	0.1718	91.5000	
0.1532	35.8000	0.1718	91.4500	
0.1532	35.6500	0.1718	91.4750	
0.1533	35.9500	0.1717	91.4250	
0.1532	35.7500	0.1717	91.6000	
0.1532	35.3500	0.1717	91.4000	
0.1534	37.1250	0.1716	91.5000	
0.1532	35.3750	0.1716	91.4250	
0.1530	35.6500	0.1715	91.5500	
0.1532	35.6750	0.1715	91.4750	
0.1532	35.9000	0.1715	91.6250	
0.1531	35.4500	0.1714	91.4750	
0.1529	35.4500	0.1715	91.5250	
0.1534	37.7250	0.1714	91.4500	
0.1536	34.4000	0.1713	91.5000	
0.1533	36.3750	0.1714	91.4750	
0.1531	34.8250	0.1714	91.3250	
0.1534	36.9000	0.1712	91.4750	
0.1529	35.1000	0.1712	91.4750	
0.1529	35.6000	0.1713	91.4500	
0.1528	35.9000	0.1712	91.4750	
0.1530	34.8750	0.1712	91.5750	
0.1529	35.7750	0.1712	91.3000	
0.1529	35.0500	0.1711	91.5750	
0.1528	35.7000	0.1710	91.5750	
0.1529	34.9000	0.1710	91.6000	
0.1529	36.5250	0.1709	91.5250	
0.1528	35.3000	0.1709	91.4500	
0.1527	35.4250	0.1709	91.5250	
0.1528	35.3000	0.1709	91.3250	
0.1527	35.3500	0.1708	91.7000	
0.1528	35.2500	0.1708	91.5500	
0.1529	34.4250	0.1707	91.6000	
0.1529	36.5000	0.1707	91.4750	
0.1527	34.8500	0.1708	91.5000	
0.1529	35.7750	0.1708	91.5750	
0.1531	34.4000	0.1707	91.4750	
0.1528	35.5000	0.1707	91.4500	
0.1526	34.7750	0.1706	91.6000	
0.1528	36.0750	0.1705	91.3750	
0.1527	34.6500	0.1705	91.5000	
0.1527	35.6250	0.1704	91.7000	
0.1526	34.9250	0.1705	91.5250	
0.1527	35.3500	0.1704	91.5500	
0.1526	35.3750	0.1703	91.6500	
0.1525	35.4250	0.1703	91.5000	
0.1528	35.2250	0.1703	91.6000	
0.1526	34.8750	0.1702	91.3250	
0.1525	36.2250	0.1702	91.7250	
0.1527	34.1500	0.1702	91.5750	
0.1527	36.9250	0.1701	91.3250	
0.1527	34.2000	0.1701	91.5750	
0.1531	37.0000	0.1701	91.5500	
0.1526	34.6750	0.1700	91.5000	
0.1526	36.1000	0.1700	91.5250	
0.1525	34.9000	0.1700	91.6000	
0.1525	35.8000	0.1699	91.3500	
0.1524	35.3000	0.1700	91.5000	
0.1523	35.4750	0.1699	91.5000	
0.1525	35.7250	0.1698	91.5750	
0.1526	34.7250	0.1698	91.6500	
0.1525	36.5500	0.1698	91.5250	
0.1526	34.9250	0.1697	91.6500	
0.1524	35.8500	0.1698	91.5250	
0.1522	35.3000	0.1697	91.4500	
0.1522	35.5250	0.1696	91.5500	
