Loss_Adversary	Accuracy_Adversary	Loss_Target	Accuracy_Target	
-0.7403	1.2015	1.1048	50.0000	50.0000	
-0.7305	1.1828	1.0788	50.0000	50.0000	
-0.7211	1.1649	1.0543	50.0000	50.0000	
-0.7122	1.1480	1.0310	50.0000	50.0000	
-0.7038	1.1321	1.0092	50.0000	50.0000	
-0.6959	1.1170	0.9887	50.0000	50.0000	
-0.6881	1.1025	0.9693	50.0000	50.0000	
-0.6802	1.0881	0.9512	50.0000	50.0000	
-0.6724	1.0740	0.9342	50.0000	50.0000	
-0.6644	1.0601	0.9183	50.0000	50.0000	
-0.6565	1.0464	0.9032	50.0000	50.0000	
-0.6484	1.0328	0.8891	50.0000	50.0000	
-0.6405	1.0195	0.8756	50.0000	50.0000	
-0.6325	1.0063	0.8628	50.0000	50.0000	
-0.6246	0.9933	0.8503	50.0000	50.0000	
-0.6168	0.9805	0.8382	50.0000	50.0000	
-0.6089	0.9678	0.8267	50.0000	50.0000	
-0.6013	0.9554	0.8153	50.0000	50.0000	
-0.5936	0.9431	0.8044	50.0000	50.0000	
-0.5861	0.9310	0.7937	50.0000	50.0000	
-0.5786	0.9190	0.7832	50.0000	50.0000	
-0.5713	0.9073	0.7730	50.0000	50.0000	
-0.5639	0.8957	0.7631	50.0000	50.0000	
-0.5568	0.8843	0.7533	50.0000	50.0000	
-0.5497	0.8730	0.7438	50.0000	50.0000	
-0.5426	0.8619	0.7344	50.0000	50.0000	
-0.5358	0.8510	0.7252	50.0000	50.0000	
-0.5289	0.8402	0.7163	50.0000	50.0000	
-0.5222	0.8296	0.7075	50.0000	50.0000	
-0.5156	0.8192	0.6988	50.0000	50.0000	
-0.5089	0.8088	0.6904	50.0000	50.0000	
-0.5025	0.7986	0.6820	50.0000	50.0000	
-0.4961	0.7885	0.6739	50.0000	50.0000	
-0.4899	0.7788	0.6658	50.0000	50.0000	
-0.4837	0.7691	0.6579	50.0000	50.0000	
-0.4776	0.7595	0.6502	50.0000	50.0000	
-0.4715	0.7500	0.6426	50.0000	50.0000	
-0.4656	0.7407	0.6351	50.0000	50.0000	
-0.4598	0.7316	0.6278	50.0000	50.0000	
-0.4540	0.7226	0.6206	50.0000	50.0000	
-0.4483	0.7138	0.6135	50.0000	50.0000	
-0.4427	0.7050	0.6066	50.0000	50.0000	
-0.4372	0.6964	0.5997	50.0000	50.0000	
-0.4318	0.6880	0.5930	50.0000	50.0000	
-0.4264	0.6796	0.5864	50.0000	50.0000	
-0.4212	0.6715	0.5800	50.0000	50.0000	
-0.4160	0.6634	0.5736	50.0000	50.0000	
-0.4109	0.6555	0.5674	50.0000	50.0000	
-0.4058	0.6476	0.5613	50.0000	50.0000	
-0.4009	0.6399	0.5553	50.0000	50.0000	
-0.3960	0.6324	0.5494	50.0000	50.0000	
-0.3912	0.6249	0.5436	50.0000	50.0000	
-0.3864	0.6176	0.5380	50.0000	50.0000	
-0.3818	0.6104	0.5324	50.0000	50.0000	
-0.3772	0.6033	0.5270	50.0000	50.0000	
-0.3727	0.5963	0.5216	50.0000	50.0000	
-0.3683	0.5894	0.5163	50.0000	50.0000	
-0.3639	0.5826	0.5112	50.0000	50.0000	
-0.3596	0.5760	0.5061	50.0000	50.0000	
-0.3553	0.5694	0.5012	50.0000	50.0000	
-0.3512	0.5630	0.4963	50.0000	50.0000	
-0.3470	0.5567	0.4916	50.0000	50.0000	
-0.3430	0.5505	0.4869	50.0000	50.0000	
-0.3391	0.5444	0.4823	50.0000	50.0000	
-0.3351	0.5384	0.4778	50.0000	50.0000	
-0.3313	0.5324	0.4735	50.0000	50.0000	
-0.3275	0.5267	0.4691	50.0000	50.0000	
-0.3238	0.5209	0.4649	50.0000	50.0000	
-0.3201	0.5153	0.4608	50.0000	50.0000	
-0.3165	0.5098	0.4567	50.0000	50.0000	
-0.3130	0.5044	0.4527	50.0000	50.0000	
-0.3095	0.4990	0.4488	50.0000	50.0000	
-0.3048	0.4923	0.4450	50.0000	50.0000	
-0.2973	0.4819	0.4413	50.0000	50.0000	
-0.2862	0.4671	0.4376	50.0000	50.0000	
-0.2721	0.4486	0.4340	50.0000	50.0000	
-0.2555	0.4271	0.4305	50.0000	50.0000	
-0.2371	0.4032	0.4271	50.0000	50.0000	
-0.2185	0.3791	0.4238	50.0000	50.0000	
-0.2021	0.3578	0.4206	50.0000	50.0000	
-0.1886	0.3401	0.4174	50.0000	50.0000	
-0.1778	0.3258	0.4142	50.0000	50.0000	
-0.1698	0.3150	0.4111	50.0000	50.0000	
-0.1646	0.3078	0.4080	50.0000	50.0000	
-0.1603	0.3016	0.4051	50.0000	50.0000	
-0.1561	0.2957	0.4023	50.0000	50.0000	
-0.1496	0.2869	0.3994	50.0000	50.0000	
-0.1409	0.2752	0.3967	50.0000	50.0000	
-0.1340	0.2660	0.3940	50.0000	50.0000	
-0.1296	0.2598	0.3913	50.0000	50.0000	
-0.1271	0.2560	0.3888	50.0000	50.0000	
-0.1263	0.2544	0.3862	50.0000	50.0000	
-0.1267	0.2544	0.3838	50.0000	50.0000	
-0.1298	0.2576	0.3814	50.0000	50.0000	
-0.1360	0.2648	0.3790	50.0000	50.0000	
-0.1432	0.2732	0.3767	50.0000	50.0000	
-0.1485	0.2792	0.3745	50.0000	50.0000	
-0.1500	0.2805	0.3723	50.0000	50.0000	
-0.1488	0.2786	0.3701	50.0000	50.0000	
-0.1467	0.2754	0.3679	50.0000	50.0000	
-0.1438	0.2712	0.3656	50.0000	50.0000	
-0.1407	0.2667	0.3633	50.0000	50.0000	
-0.1375	0.2621	0.3609	50.0000	50.0000	
-0.1344	0.2576	0.3584	50.0000	50.0000	
-0.1316	0.2534	0.3558	50.0000	50.0000	
-0.1292	0.2497	0.3529	50.0000	50.0000	
-0.1275	0.2468	0.3499	50.0000	68.7250	
-0.1264	0.2447	0.3466	50.0000	82.2250	
-0.1260	0.2433	0.3432	50.0000	89.0500	
-0.1261	0.2426	0.3396	49.9000	93.2500	
-0.1266	0.2422	0.3354	37.6750	94.7500	
-0.1274	0.2420	0.3310	25.8750	96.2250	
-0.1284	0.2421	0.3262	25.2750	96.7750	
-0.1296	0.2424	0.3213	24.7250	96.9500	
-0.1315	0.2434	0.3164	25.2500	96.4750	
-0.1335	0.2449	0.3123	26.2250	96.1250	
-0.1353	0.2461	0.3082	29.4750	95.1000	
-0.1369	0.2469	0.3032	36.3250	94.1250	
-0.1385	0.2474	0.2971	45.7000	91.9000	
-0.1402	0.2477	0.2895	47.9250	91.0250	
-0.1421	0.2478	0.2806	48.1250	90.8250	
-0.1441	0.2480	0.2711	48.1000	89.0500	
-0.1464	0.2482	0.2610	48.2000	89.3250	
-0.1489	0.2487	0.2503	48.7500	88.9500	
-0.1517	0.2494	0.2388	49.3000	87.1750	
-0.1551	0.2503	0.2257	49.7250	85.8250	
-0.1589	0.2514	0.2111	50.4250	82.5500	
-0.1632	0.2528	0.1953	51.6500	78.7000	
-0.1678	0.2548	0.1802	54.5750	73.1750	
-0.1718	0.2571	0.1692	59.7750	67.0000	
-0.1748	0.2597	0.1644	66.0750	61.4500	
-0.1766	0.2619	0.1644	71.5500	57.4000	
-0.1775	0.2628	0.1635	73.0500	56.8250	
-0.1780	0.2628	0.1612	71.9250	55.9750	
-0.1778	0.2616	0.1574	57.2250	56.1750	
-0.1769	0.2594	0.1529	50.0000	57.1000	
-0.1755	0.2563	0.1479	50.0000	57.4250	
-0.1735	0.2526	0.1427	50.0000	57.9500	
-0.1715	0.2490	0.1384	50.0000	58.7250	
-0.1697	0.2460	0.1353	50.0000	60.2500	
-0.1685	0.2440	0.1336	50.0000	62.4500	
-0.1678	0.2430	0.1332	50.0000	64.8750	
-0.1676	0.2427	0.1327	50.0000	68.0750	
-0.1678	0.2430	0.1330	50.0250	71.8000	
-0.1684	0.2446	0.1364	50.1250	76.6500	
-0.1691	0.2469	0.1419	49.5500	80.5000	
-0.1693	0.2481	0.1459	50.2750	84.2000	
-0.1693	0.2457	0.1363	45.4500	81.8250	
-0.1694	0.2451	0.1332	39.8250	80.8500	
-0.1697	0.2446	0.1301	40.7500	76.9250	
-0.1701	0.2434	0.1232	43.0250	76.1000	
-0.1706	0.2414	0.1127	43.4000	75.4250	
-0.1710	0.2393	0.1019	34.7500	75.0000	
-0.1714	0.2384	0.0968	30.9000	75.5250	
-0.1719	0.2379	0.0922	30.1000	75.4750	
-0.1723	0.2369	0.0860	29.8000	74.7250	
-0.1728	0.2358	0.0796	28.7750	75.0750	
-0.1732	0.2357	0.0768	27.7750	75.4500	
-0.1737	0.2359	0.0749	28.1000	77.3000	
-0.1742	0.2360	0.0729	28.4250	78.6250	
-0.1747	0.2355	0.0689	29.2250	78.9000	
-0.1750	0.2350	0.0648	28.5750	80.4000	
-0.1756	0.2358	0.0654	27.4500	81.5000	
-0.1760	0.2359	0.0633	27.5000	82.8000	
-0.1765	0.2355	0.0594	27.1000	83.5500	
-0.1770	0.2358	0.0581	27.2500	83.6000	
-0.1775	0.2359	0.0564	27.6250	84.1500	
-0.1779	0.2362	0.0553	28.4750	84.9000	
-0.1784	0.2367	0.0548	30.0000	84.9000	
-0.1786	0.2368	0.0540	30.3250	86.0250	
-0.1790	0.2376	0.0555	29.9500	86.2250	
-0.1789	0.2368	0.0528	29.8250	86.7500	
-0.1793	0.2369	0.0510	28.7250	86.5250	
-0.1795	0.2375	0.0525	27.6500	86.8250	
-0.1796	0.2372	0.0509	27.3250	86.7500	
-0.1797	0.2370	0.0494	26.6500	86.2750	
-0.1797	0.2368	0.0489	26.5250	86.2000	
-0.1798	0.2370	0.0491	26.4250	85.4500	
-0.1799	0.2367	0.0469	26.1000	85.5750	
-0.1801	0.2372	0.0483	25.8750	84.2250	
-0.1802	0.2372	0.0479	25.8750	84.6500	
-0.1803	0.2373	0.0476	26.1250	84.1250	
-0.1804	0.2381	0.0504	26.1000	83.6250	
-0.1805	0.2376	0.0479	26.1250	84.0500	
-0.1807	0.2385	0.0504	26.4750	83.2250	
-0.1811	0.2391	0.0509	26.4250	83.5000	
-0.1816	0.2400	0.0521	26.6750	83.4500	
-0.1820	0.2413	0.0554	27.8000	83.8500	
-0.1826	0.2426	0.0574	29.0000	83.7500	
-0.1835	0.2449	0.0624	33.3750	83.1750	
-0.1843	0.2466	0.0647	37.0000	83.2500	
-0.1847	0.2481	0.0689	41.1500	82.2250	
-0.1842	0.2478	0.0701	41.7000	81.9000	
-0.1843	0.2470	0.0667	42.5000	81.1250	
-0.1844	0.2463	0.0632	44.3000	82.5750	
-0.1840	0.2451	0.0606	44.4000	82.0750	
-0.1836	0.2442	0.0587	44.3750	81.9250	
-0.1831	0.2424	0.0539	43.5500	81.1250	
-0.1827	0.2416	0.0527	40.0500	80.1250	
-0.1822	0.2403	0.0501	39.3500	79.6250	
-0.1818	0.2397	0.0496	38.7750	77.9750	
-0.1816	0.2386	0.0466	35.8250	77.9750	
-0.1814	0.2382	0.0456	30.0500	77.0500	
-0.1814	0.2380	0.0449	28.5250	76.5250	
-0.1815	0.2379	0.0442	29.0750	75.1000	
-0.1815	0.2381	0.0449	30.5000	73.4500	
-0.1815	0.2380	0.0443	31.9500	72.6500	
-0.1813	0.2377	0.0442	34.5000	72.4000	
-0.1812	0.2375	0.0441	37.2750	72.3750	
-0.1809	0.2370	0.0434	39.7000	72.1250	
-0.1809	0.2363	0.0409	41.0000	72.4750	
-0.1808	0.2363	0.0414	43.7250	73.2000	
-0.1807	0.2357	0.0393	44.5500	73.1500	
-0.1807	0.2352	0.0373	44.5750	72.9000	
-0.1807	0.2351	0.0366	45.5750	72.9000	
-0.1809	0.2350	0.0355	46.7750	72.6000	
-0.1810	0.2352	0.0360	46.7250	71.7000	
-0.1810	0.2351	0.0355	46.0750	71.2500	
-0.1811	0.2353	0.0356	46.2250	71.3750	
-0.1811	0.2351	0.0348	46.3750	72.2750	
-0.1811	0.2352	0.0352	47.0250	73.7750	
-0.1812	0.2355	0.0362	47.1500	75.7000	
-0.1812	0.2356	0.0361	45.9500	76.7500	
-0.1813	0.2356	0.0360	44.1500	77.7250	
-0.1813	0.2356	0.0358	43.1750	77.9750	
-0.1813	0.2354	0.0350	42.1500	77.6250	
-0.1813	0.2354	0.0353	41.4750	77.3000	
-0.1812	0.2353	0.0354	39.0000	76.8000	
-0.1813	0.2352	0.0342	40.8500	76.5750	
-0.1813	0.2355	0.0353	43.9250	77.8500	
-0.1812	0.2360	0.0381	42.5750	79.3250	
-0.1810	0.2357	0.0375	39.5750	79.5750	
-0.1809	0.2356	0.0376	37.3250	79.8000	
-0.1809	0.2356	0.0378	37.1750	79.5750	
-0.1809	0.2353	0.0369	37.2750	78.4250	
-0.1807	0.2350	0.0363	36.6750	76.3500	
-0.1808	0.2349	0.0354	40.3750	76.3250	
-0.1809	0.2350	0.0354	42.2250	77.7500	
-0.1811	0.2362	0.0391	42.2500	80.2000	
-0.1811	0.2372	0.0436	38.5750	83.4250	
-0.1806	0.2367	0.0439	33.2250	84.8000	
-0.1803	0.2355	0.0407	31.4750	83.9000	
-0.1807	0.2352	0.0373	32.4500	80.0250	
-0.1814	0.2353	0.0341	34.9750	73.0750	
-0.1808	0.2350	0.0360	39.7000	69.4750	
-0.1800	0.2341	0.0363	43.9500	69.2500	
-0.1799	0.2336	0.0347	45.9500	71.4500	
-0.1802	0.2342	0.0356	46.2000	74.8250	
-0.1803	0.2346	0.0368	45.5500	77.4250	
-0.1803	0.2348	0.0377	44.8750	78.5000	
-0.1804	0.2352	0.0391	43.2250	78.1750	
-0.1804	0.2346	0.0363	44.1500	77.4750	
-0.1804	0.2345	0.0363	45.6750	76.3000	
-0.1804	0.2346	0.0364	45.7250	75.2750	
-0.1806	0.2340	0.0333	43.4500	73.7500	
-0.1807	0.2343	0.0340	44.8000	72.3250	
-0.1807	0.2341	0.0331	46.9750	71.5500	
-0.1808	0.2343	0.0332	45.9750	70.6250	
-0.1808	0.2343	0.0335	46.5750	70.3250	
-0.1807	0.2340	0.0324	46.7000	70.6750	
-0.1807	0.2340	0.0327	46.7250	71.2750	
-0.1807	0.2338	0.0319	45.7250	72.1500	
-0.1806	0.2339	0.0327	45.4500	73.0500	
-0.1807	0.2337	0.0314	45.5750	73.8250	
-0.1808	0.2338	0.0312	45.8500	75.0250	
-0.1808	0.2339	0.0315	45.9750	75.8250	
-0.1808	0.2336	0.0302	43.8000	76.4750	
-0.1809	0.2338	0.0307	42.7750	77.0750	
-0.1808	0.2337	0.0307	42.7250	77.0750	
-0.1809	0.2338	0.0311	42.3750	76.8750	
-0.1809	0.2335	0.0295	42.6750	76.6750	
-0.1809	0.2338	0.0309	43.2000	76.2500	
-0.1809	0.2336	0.0301	43.8500	76.1000	
-0.1810	0.2336	0.0294	42.4500	76.1500	
-0.1811	0.2335	0.0287	41.6000	76.2250	
-0.1810	0.2335	0.0290	44.0000	76.4750	
-0.1811	0.2335	0.0288	44.4500	76.8500	
-0.1811	0.2337	0.0292	41.2000	76.7500	
-0.1811	0.2337	0.0293	39.9250	76.6750	
-0.1811	0.2333	0.0278	43.0500	76.1500	
-0.1810	0.2334	0.0286	42.7000	75.9000	
-0.1810	0.2335	0.0288	43.2500	75.9000	
-0.1811	0.2335	0.0285	43.3000	75.5500	
-0.1811	0.2332	0.0276	42.7000	75.8500	
-0.1810	0.2335	0.0290	42.7000	75.8000	
-0.1810	0.2336	0.0293	43.0250	75.7750	
-0.1809	0.2332	0.0279	42.1250	76.4000	
-0.1810	0.2338	0.0302	41.4500	75.9500	
-0.1810	0.2331	0.0272	40.2250	75.6750	
-0.1810	0.2338	0.0300	42.9250	75.4750	
-0.1809	0.2330	0.0274	43.0250	76.0500	
-0.1809	0.2336	0.0299	42.2750	76.0250	
-0.1809	0.2332	0.0283	39.9000	76.2000	
-0.1808	0.2335	0.0303	41.1000	76.2500	
-0.1807	0.2335	0.0303	41.8250	76.1500	
-0.1809	0.2332	0.0286	43.4750	76.4000	
-0.1809	0.2336	0.0298	44.7750	76.3750	
-0.1808	0.2332	0.0290	41.3250	76.5500	
-0.1808	0.2334	0.0296	37.7750	76.6500	
-0.1808	0.2335	0.0302	38.7250	76.5750	
-0.1808	0.2333	0.0293	43.8750	76.6000	
-0.1803	0.2335	0.0323	42.9000	76.8250	
-0.1806	0.2333	0.0301	39.4250	76.7750	
-0.1806	0.2334	0.0308	37.9500	76.9750	
-0.1803	0.2333	0.0314	40.4750	76.8750	
-0.1805	0.2332	0.0307	42.5000	77.4500	
-0.1806	0.2333	0.0303	41.0250	77.5000	
-0.1805	0.2336	0.0321	41.2000	77.2250	
-0.1804	0.2331	0.0307	38.8500	77.3000	
-0.1803	0.2337	0.0332	39.6500	76.8250	
-0.1804	0.2329	0.0299	43.2500	77.3500	
-0.1803	0.2335	0.0321	42.1000	77.1000	
-0.1803	0.2331	0.0310	39.9000	77.1750	
-0.1803	0.2334	0.0321	40.8250	77.2250	
-0.1804	0.2332	0.0308	39.7750	77.2250	
-0.1801	0.2333	0.0324	38.3750	77.1750	
-0.1800	0.2333	0.0335	41.2000	77.5500	
-0.1798	0.2334	0.0343	42.8250	77.4000	
-0.1799	0.2330	0.0328	40.1500	77.4750	
-0.1797	0.2333	0.0347	38.4750	77.6000	
-0.1798	0.2333	0.0341	39.6250	77.5000	
-0.1798	0.2330	0.0329	40.7250	77.7500	
-0.1799	0.2338	0.0355	42.8500	77.7250	
-0.1795	0.2329	0.0339	39.8750	77.6000	
-0.1796	0.2336	0.0363	36.8750	77.6750	
-0.1797	0.2329	0.0334	39.3000	77.7000	
-0.1799	0.2332	0.0331	42.1750	77.4250	
-0.1799	0.2332	0.0332	39.4750	77.8500	
-0.1798	0.2330	0.0328	37.3250	77.6750	
-0.1796	0.2333	0.0355	38.9750	77.6500	
-0.1793	0.2332	0.0362	42.2500	77.9250	
-0.1793	0.2331	0.0360	39.6500	77.7750	
-0.1795	0.2336	0.0366	38.1750	77.7000	
-0.1794	0.2329	0.0345	40.1750	77.8500	
-0.1794	0.2333	0.0360	38.3250	77.5500	
-0.1794	0.2334	0.0369	39.7750	77.4000	
-0.1795	0.2327	0.0332	40.1750	77.6750	
-0.1795	0.2333	0.0356	39.2250	77.5500	
-0.1794	0.2335	0.0369	41.5000	77.8750	
-0.1795	0.2328	0.0337	37.6250	78.1000	
-0.1794	0.2336	0.0375	38.0000	77.9750	
-0.1794	0.2332	0.0357	40.1750	78.2500	
-0.1794	0.2330	0.0351	38.8750	78.4250	
-0.1793	0.2335	0.0374	39.4500	78.2500	
-0.1793	0.2330	0.0356	41.0000	78.3250	
-0.1792	0.2331	0.0365	40.3500	78.2250	
-0.1790	0.2334	0.0384	37.9250	78.3000	
-0.1792	0.2331	0.0367	38.9250	78.1000	
-0.1792	0.2332	0.0371	39.1250	78.0000	
-0.1791	0.2330	0.0364	37.9000	78.0250	
-0.1791	0.2334	0.0385	38.4500	77.7500	
-0.1791	0.2331	0.0371	40.2000	77.6750	
-0.1788	0.2330	0.0380	41.2250	78.0000	
-0.1787	0.2334	0.0399	39.1250	77.8250	
-0.1787	0.2333	0.0396	37.5000	78.1250	
-0.1788	0.2332	0.0388	40.2000	78.4250	
-0.1789	0.2333	0.0385	39.8500	78.6000	
-0.1789	0.2330	0.0375	38.2250	78.7000	
-0.1789	0.2335	0.0397	37.4250	78.5750	
-0.1786	0.2332	0.0396	39.6500	78.4750	
-0.1787	0.2333	0.0398	40.8750	78.2250	
-0.1789	0.2335	0.0395	39.9000	78.2000	
-0.1787	0.2329	0.0380	37.3000	78.0750	
-0.1787	0.2336	0.0407	35.9750	78.1500	
-0.1787	0.2332	0.0393	39.4750	78.2750	
-0.1785	0.2330	0.0391	39.7750	78.4250	
-0.1786	0.2336	0.0415	40.4750	78.5500	
-0.1783	0.2331	0.0411	39.7500	78.7000	
-0.1778	0.2336	0.0452	37.7750	78.6250	
-0.1784	0.2331	0.0405	35.7500	78.4750	
-0.1785	0.2333	0.0407	37.0750	78.3750	
-0.1785	0.2335	0.0414	41.9000	78.4500	
-0.1783	0.2334	0.0417	37.8500	78.5000	
-0.1782	0.2335	0.0432	36.8250	78.6750	
-0.1783	0.2334	0.0422	39.3500	78.5000	
-0.1782	0.2332	0.0419	40.4000	78.4750	
-0.1783	0.2332	0.0411	37.4500	78.4750	
-0.1783	0.2335	0.0424	36.3000	78.4500	
-0.1783	0.2334	0.0424	40.7250	78.5250	
-0.1783	0.2332	0.0412	39.6250	78.5000	
-0.1783	0.2336	0.0431	38.0500	78.5750	
-0.1782	0.2333	0.0422	38.6750	78.6750	
-0.1782	0.2334	0.0428	39.5000	78.7500	
-0.1782	0.2331	0.0416	38.5500	78.7000	
-0.1781	0.2335	0.0439	38.6000	78.7250	
-0.1780	0.2334	0.0436	39.0000	78.6000	
-0.1779	0.2333	0.0438	36.8500	78.6000	
-0.1773	0.2336	0.0477	37.9500	78.5000	
-0.1776	0.2333	0.0452	38.4250	78.5750	
-0.1777	0.2336	0.0460	40.6000	78.6500	
-0.1776	0.2334	0.0453	36.7000	78.4750	
-0.1774	0.2334	0.0463	37.3250	78.6000	
-0.1779	0.2336	0.0452	40.2500	78.8000	
-0.1778	0.2331	0.0436	38.8500	78.8500	
-0.1778	0.2340	0.0468	36.7500	78.7500	
-0.1778	0.2332	0.0437	38.7000	78.9500	
-0.1778	0.2336	0.0452	39.7500	78.8000	
-0.1778	0.2335	0.0447	37.9750	78.8500	
-0.1779	0.2336	0.0451	38.9000	78.6000	
-0.1777	0.2334	0.0452	38.3500	78.5500	
-0.1776	0.2337	0.0469	38.7750	78.5500	
-0.1772	0.2332	0.0467	37.2000	78.5750	
-0.1777	0.2338	0.0470	39.1250	78.7250	
-0.1777	0.2333	0.0448	38.6500	78.8750	
-0.1776	0.2338	0.0470	38.0500	78.9750	
-0.1777	0.2336	0.0460	40.0000	79.1500	
-0.1776	0.2335	0.0461	39.8000	79.1750	
-0.1776	0.2337	0.0469	38.7000	79.1750	
-0.1775	0.2335	0.0464	35.5250	79.0500	
-0.1775	0.2339	0.0480	39.3750	78.9000	
-0.1775	0.2333	0.0459	37.3000	79.0000	
-0.1773	0.2339	0.0488	37.5750	78.5750	
-0.1775	0.2336	0.0470	40.4250	78.6000	
-0.1775	0.2337	0.0470	37.2250	78.6500	
-0.1775	0.2339	0.0484	38.4000	78.4750	
-0.1774	0.2333	0.0465	39.6750	78.8500	
-0.1774	0.2339	0.0484	39.4500	78.8500	
-0.1774	0.2336	0.0476	37.5000	79.2500	
-0.1774	0.2342	0.0499	37.2000	79.3250	
-0.1769	0.2336	0.0498	37.9750	79.3750	
-0.1769	0.2341	0.0518	38.7250	79.2500	
-0.1770	0.2339	0.0507	38.9750	79.2500	
-0.1773	0.2337	0.0484	36.3500	79.2000	
-0.1771	0.2340	0.0505	37.7000	78.9500	
-0.1773	0.2337	0.0485	37.3750	78.8250	
-0.1771	0.2339	0.0502	39.1000	78.6000	
-0.1772	0.2334	0.0478	40.1250	78.6250	
-0.1771	0.2342	0.0513	37.1500	78.4250	
-0.1773	0.2340	0.0497	38.8000	78.5750	
-0.1772	0.2337	0.0486	38.5500	78.9500	
-0.1771	0.2345	0.0527	37.6250	79.0500	
-0.1770	0.2339	0.0506	39.7750	79.4500	
-0.1770	0.2338	0.0499	36.1250	79.5000	
-0.1769	0.2348	0.0544	36.1500	79.3250	
-0.1767	0.2338	0.0514	39.4250	79.1000	
-0.1770	0.2338	0.0505	39.3250	78.8250	
-0.1766	0.2343	0.0542	38.8750	78.6750	
-0.1769	0.2339	0.0513	36.7250	78.7500	
-0.1768	0.2342	0.0530	37.7500	78.6750	
-0.1769	0.2340	0.0518	40.0750	78.8500	
-0.1770	0.2339	0.0507	37.9500	78.9000	
-0.1769	0.2344	0.0531	37.1500	78.7500	
-0.1769	0.2342	0.0522	37.9750	78.9000	
-0.1769	0.2339	0.0513	38.7000	78.9000	
-0.1767	0.2344	0.0540	40.1000	79.0250	
-0.1768	0.2340	0.0520	38.0250	79.2000	
-0.1768	0.2343	0.0530	36.6750	79.1500	
-0.1768	0.2343	0.0530	39.2250	79.2750	
-0.1769	0.2343	0.0526	38.6500	79.3000	
-0.1768	0.2343	0.0533	36.5250	78.9500	
-0.1763	0.2344	0.0564	39.9000	78.6250	
-0.1767	0.2340	0.0525	38.3500	78.4500	
-0.1768	0.2348	0.0555	40.0250	78.3500	
-0.1767	0.2340	0.0526	39.4250	78.3750	
-0.1766	0.2340	0.0531	36.3750	78.4250	
-0.1765	0.2349	0.0567	37.1500	78.3250	
-0.1765	0.2342	0.0542	38.2750	78.6000	
-0.1766	0.2342	0.0536	39.9500	78.7750	
-0.1764	0.2344	0.0558	38.1500	78.9500	
-0.1766	0.2347	0.0560	38.3500	79.1000	
-0.1762	0.2343	0.0560	38.2250	79.2250	
-0.1764	0.2345	0.0559	38.0000	79.4500	
-0.1765	0.2344	0.0550	38.3000	79.4750	
-0.1766	0.2346	0.0556	40.5500	79.1750	
-0.1762	0.2343	0.0560	39.3000	79.0500	
-0.1764	0.2347	0.0565	35.4750	78.7500	
-0.1765	0.2347	0.0562	38.4000	78.5000	
-0.1765	0.2342	0.0541	38.8750	78.2000	
-0.1764	0.2344	0.0556	39.3750	77.9500	
-0.1761	0.2347	0.0581	40.6250	77.8750	
-0.1761	0.2342	0.0563	36.9000	78.0000	
-0.1763	0.2351	0.0587	37.9000	78.1500	
-0.1765	0.2344	0.0554	40.3750	78.4500	
-0.1765	0.2346	0.0559	36.7000	78.7750	
-0.1761	0.2348	0.0588	37.1000	79.1250	
-0.1762	0.2348	0.0581	40.0000	79.4750	
-0.1762	0.2349	0.0584	40.1000	79.6000	
-0.1761	0.2349	0.0595	38.4500	79.5750	
-0.1763	0.2349	0.0582	37.0250	79.5500	
-0.1761	0.2347	0.0585	38.8000	79.1250	
-0.1759	0.2347	0.0591	39.1750	78.8500	
-0.1762	0.2345	0.0569	39.2250	78.5750	
-0.1763	0.2350	0.0588	39.6250	78.1750	
-0.1759	0.2347	0.0593	38.3000	78.0750	
-0.1757	0.2349	0.0608	37.6000	78.0250	
-0.1761	0.2349	0.0591	36.8250	77.8000	
-0.1761	0.2352	0.0604	39.2750	78.0000	
-0.1762	0.2346	0.0577	40.4250	78.3750	
-0.1759	0.2348	0.0596	37.2000	78.7000	
-0.1760	0.2359	0.0633	36.4250	78.8500	
-0.1759	0.2348	0.0596	39.7500	79.2750	
-0.1758	0.2348	0.0604	38.9000	79.7000	
-0.1759	0.2359	0.0643	38.7750	79.8500	
-0.1759	0.2347	0.0593	38.9250	79.7500	
-0.1759	0.2355	0.0622	36.9750	79.3250	
-0.1761	0.2356	0.0615	37.3250	78.9500	
-0.1761	0.2352	0.0602	41.3750	78.6250	
-0.1758	0.2351	0.0612	39.4500	78.4500	
-0.1756	0.2360	0.0658	39.7750	77.9750	
-0.1757	0.2352	0.0623	38.3250	77.8500	
-0.1757	0.2351	0.0620	37.8500	78.0250	
-0.1758	0.2353	0.0622	37.3750	78.0750	
-0.1757	0.2356	0.0637	37.5250	78.4250	
-0.1758	0.2357	0.0638	41.5750	78.9500	
-0.1757	0.2349	0.0610	39.4500	79.3750	
-0.1756	0.2360	0.0663	37.2500	79.7500	
-0.1758	0.2360	0.0649	38.5000	79.9500	
-0.1760	0.2352	0.0608	39.3000	79.8750	
-0.1759	0.2357	0.0629	37.8000	79.7000	
-0.1759	0.2361	0.0651	38.5500	79.3500	
-0.1759	0.2352	0.0614	37.4250	78.9250	
-0.1758	0.2364	0.0667	41.3000	78.4500	
-0.1758	0.2350	0.0612	38.8500	77.9500	
-0.1758	0.2356	0.0633	37.4000	77.6750	
-0.1757	0.2360	0.0655	38.6000	77.6750	
-0.1758	0.2355	0.0629	39.2000	77.8000	
-0.1757	0.2357	0.0640	37.7000	78.1000	
-0.1758	0.2362	0.0659	38.1500	78.5250	
-0.1759	0.2356	0.0632	38.9500	79.3250	
-0.1758	0.2362	0.0658	38.2250	79.7750	
-0.1759	0.2364	0.0663	38.0000	80.2500	
-0.1758	0.2360	0.0651	38.4500	80.5000	
-0.1758	0.2363	0.0664	39.2500	80.4750	
-0.1757	0.2360	0.0654	38.6250	80.1000	
-0.1758	0.2361	0.0656	39.3250	79.5250	
-0.1757	0.2363	0.0667	38.7500	78.7250	
-0.1758	0.2359	0.0648	38.1000	78.1000	
-0.1757	0.2361	0.0658	37.8250	77.7000	
-0.1757	0.2362	0.0663	39.3750	77.6750	
-0.1757	0.2359	0.0649	40.6250	77.6000	
-0.1756	0.2359	0.0654	38.0000	77.7000	
-0.1757	0.2369	0.0694	37.2250	77.8750	
-0.1757	0.2363	0.0665	40.2500	78.5750	
-0.1756	0.2362	0.0668	39.7250	79.5500	
-0.1757	0.2368	0.0686	37.7000	80.2000	
-0.1758	0.2370	0.0686	39.2750	80.7750	
-0.1756	0.2362	0.0672	40.2750	80.8750	
-0.1756	0.2371	0.0706	37.3750	80.7750	
-0.1756	0.2366	0.0681	38.8000	80.3500	
-0.1757	0.2364	0.0672	40.5000	79.7000	
-0.1757	0.2367	0.0683	38.7250	78.8750	
-0.1754	0.2363	0.0684	39.3250	78.1750	
-0.1755	0.2366	0.0687	40.4750	77.6250	
-0.1756	0.2367	0.0688	36.7750	77.3250	
-0.1753	0.2367	0.0704	37.8500	77.4500	
-0.1756	0.2363	0.0674	40.8250	77.7000	
-0.1753	0.2366	0.0699	39.0750	78.0250	
-0.1753	0.2373	0.0723	38.2500	78.8250	
-0.1753	0.2364	0.0690	38.8000	79.8250	
-0.1754	0.2371	0.0711	38.8500	80.5750	
-0.1756	0.2374	0.0717	38.8000	81.0000	
-0.1756	0.2368	0.0692	39.9250	80.9750	
-0.1752	0.2371	0.0725	40.5000	80.6500	
-0.1754	0.2372	0.0720	38.4250	80.2250	
-0.1754	0.2371	0.0715	38.9000	79.5000	
-0.1754	0.2367	0.0699	40.5500	78.7750	
-0.1755	0.2375	0.0727	40.1250	78.2500	
-0.1755	0.2364	0.0683	38.8000	77.8750	
-0.1755	0.2369	0.0703	39.1000	77.5750	
-0.1754	0.2372	0.0718	38.7750	77.6000	
-0.1753	0.2368	0.0705	39.4000	77.9500	
-0.1754	0.2372	0.0718	38.9500	78.6250	
-0.1754	0.2376	0.0732	39.0750	79.5000	
-0.1755	0.2375	0.0726	39.4250	80.4500	
-0.1755	0.2373	0.0718	40.2000	80.8500	
-0.1754	0.2377	0.0735	38.7500	80.8000	
-0.1754	0.2375	0.0731	39.5500	80.7250	
-0.1752	0.2376	0.0744	40.2000	80.5750	
-0.1755	0.2374	0.0724	39.4500	80.1500	
-0.1753	0.2376	0.0740	39.3750	79.4500	
-0.1755	0.2375	0.0726	41.1500	79.1250	
-0.1752	0.2374	0.0738	38.7250	78.6000	
-0.1752	0.2380	0.0757	38.4750	78.0750	
-0.1754	0.2370	0.0710	40.2250	77.8750	
-0.1752	0.2372	0.0724	39.5750	77.8250	
-0.1752	0.2378	0.0753	39.5250	78.0500	
-0.1751	0.2375	0.0745	38.7500	78.5250	
-0.1750	0.2381	0.0771	39.8750	79.1000	
-0.1751	0.2377	0.0749	40.8000	79.9000	
-0.1753	0.2381	0.0762	40.1000	80.6500	
-0.1754	0.2378	0.0742	39.5750	80.9000	
-0.1752	0.2383	0.0772	39.0750	80.8750	
-0.1751	0.2382	0.0774	40.7750	80.8500	
-0.1751	0.2375	0.0743	40.1000	80.5500	
-0.1753	0.2383	0.0767	40.0250	80.2500	
-0.1751	0.2379	0.0757	40.7250	79.7000	
-0.1754	0.2377	0.0740	40.5500	79.0500	
-0.1752	0.2379	0.0757	39.8000	78.4750	
-0.1753	0.2379	0.0750	38.7500	78.0750	
-0.1751	0.2378	0.0760	39.7250	77.9000	
-0.1752	0.2377	0.0747	40.0250	77.9500	
-0.1753	0.2382	0.0762	38.8750	78.5250	
-0.1753	0.2385	0.0773	39.7500	79.1000	
-0.1753	0.2380	0.0756	40.5750	79.9000	
-0.1752	0.2383	0.0771	39.8500	80.4750	
-0.1753	0.2385	0.0776	39.7500	80.8000	
-0.1753	0.2384	0.0775	40.6000	81.0250	
-0.1752	0.2384	0.0776	40.4250	80.9500	
-0.1751	0.2387	0.0793	40.8750	80.8500	
-0.1751	0.2384	0.0779	39.6000	80.4500	
-0.1751	0.2383	0.0781	40.0250	79.8500	
-0.1747	0.2385	0.0806	41.0000	79.1750	
-0.1753	0.2382	0.0766	39.8250	78.5250	
-0.1753	0.2385	0.0776	39.3250	77.9750	
-0.1752	0.2384	0.0775	40.2500	77.6500	
-0.1752	0.2379	0.0756	40.2500	77.6000	
-0.1751	0.2388	0.0796	40.1500	77.9250	
-0.1752	0.2384	0.0776	39.9500	78.8750	
-0.1750	0.2386	0.0793	41.1500	79.8000	
-0.1750	0.2390	0.0812	39.6750	80.5500	
-0.1750	0.2392	0.0817	41.3250	81.0000	
-0.1751	0.2389	0.0803	39.7250	81.3500	
-0.1751	0.2392	0.0812	40.2000	81.5750	
-0.1751	0.2392	0.0815	41.1000	81.5750	
-0.1749	0.2391	0.0823	42.2500	81.1000	
-0.1750	0.2392	0.0820	41.4750	80.4750	
-0.1747	0.2390	0.0825	40.2500	79.7000	
-0.1748	0.2385	0.0798	39.2250	78.7500	
-0.1750	0.2391	0.0815	40.8750	78.0250	
-0.1753	0.2388	0.0789	41.0500	77.5750	
-0.1749	0.2381	0.0782	39.0750	77.5250	
-0.1750	0.2393	0.0823	39.7500	77.8500	
-0.1749	0.2389	0.0808	40.9500	78.3500	
-0.1749	0.2387	0.0802	40.4750	79.1750	
-0.1751	0.2395	0.0822	41.1250	80.2000	
-0.1752	0.2396	0.0828	40.4500	80.8500	
-0.1752	0.2400	0.0839	41.7500	81.5000	
-0.1752	0.2394	0.0814	40.8000	82.1000	
-0.1750	0.2402	0.0858	42.0500	82.1250	
-0.1748	0.2395	0.0840	41.1250	82.0500	
-0.1743	0.2398	0.0875	40.8500	81.4500	
-0.1750	0.2400	0.0849	40.9750	80.5250	
-0.1749	0.2393	0.0829	40.9500	79.7000	
-0.1750	0.2390	0.0809	40.9500	78.5500	
-0.1751	0.2395	0.0826	40.8000	78.0500	
-0.1750	0.2394	0.0827	39.9250	77.6750	
-0.1748	0.2395	0.0840	42.2250	77.5500	
-0.1748	0.2391	0.0825	40.3500	77.8750	
-0.1748	0.2396	0.0844	40.5500	78.4000	
-0.1750	0.2397	0.0839	41.2500	79.3750	
-0.1751	0.2397	0.0830	40.7750	80.2500	
-0.1752	0.2404	0.0857	42.4500	81.1500	
-0.1752	0.2403	0.0850	40.7000	81.7250	
-0.1750	0.2400	0.0849	41.2000	82.1250	
-0.1746	0.2409	0.0905	42.2250	82.1000	
-0.1748	0.2397	0.0849	42.4500	81.8250	
-0.1751	0.2403	0.0858	41.0750	81.3500	
-0.1751	0.2401	0.0851	41.5000	80.8250	
-0.1751	0.2398	0.0838	41.4250	79.9500	
-0.1752	0.2396	0.0826	40.9750	78.9000	
-0.1751	0.2401	0.0850	41.4000	78.2500	
-0.1751	0.2397	0.0834	40.6250	77.8000	
-0.1751	0.2396	0.0831	40.4250	77.7000	
-0.1750	0.2400	0.0853	41.6500	77.9000	
-0.1748	0.2400	0.0861	41.6500	78.4750	
-0.1749	0.2396	0.0840	40.9500	79.2250	
-0.1750	0.2410	0.0890	41.4250	80.1000	
-0.1750	0.2401	0.0858	41.5250	80.9000	
-0.1751	0.2407	0.0874	42.1750	81.6750	
-0.1751	0.2405	0.0867	42.4250	81.9000	
-0.1750	0.2411	0.0891	41.7000	81.8750	
-0.1748	0.2408	0.0892	42.2750	81.8250	
-0.1748	0.2404	0.0873	40.9250	81.6250	
-0.1750	0.2408	0.0879	42.3250	81.1250	
-0.1750	0.2402	0.0857	42.0500	80.3000	
-0.1751	0.2403	0.0856	41.4750	79.4750	
-0.1750	0.2407	0.0879	41.7500	78.7250	
-0.1752	0.2404	0.0859	42.1500	78.1000	
-0.1750	0.2400	0.0851	41.1000	77.7250	
-0.1751	0.2403	0.0861	40.2000	77.9000	
-0.1749	0.2409	0.0891	41.7500	78.3250	
-0.1751	0.2409	0.0883	43.5500	79.0500	
-0.1749	0.2405	0.0875	41.3500	79.8000	
-0.1751	0.2412	0.0891	40.5500	80.6000	
-0.1751	0.2416	0.0907	42.6250	81.4000	
-0.1751	0.2409	0.0881	42.5750	81.8500	
-0.1750	0.2418	0.0922	42.6000	82.1000	
-0.1747	0.2412	0.0912	42.1500	81.8750	
-0.1748	0.2411	0.0904	42.4250	81.7750	
-0.1748	0.2409	0.0895	42.5250	81.4250	
-0.1747	0.2412	0.0910	41.7000	80.9750	
-0.1749	0.2413	0.0910	42.7000	80.3250	
-0.1750	0.2408	0.0885	42.4000	79.7000	
-0.1750	0.2403	0.0862	41.1000	78.8750	
-0.1750	0.2410	0.0890	40.8750	78.3750	
-0.1749	0.2413	0.0905	42.9750	78.2750	
-0.1750	0.2404	0.0866	41.9500	78.4750	
-0.1749	0.2410	0.0894	41.4250	78.9000	
-0.1750	0.2417	0.0917	41.8250	79.5000	
-0.1747	0.2406	0.0891	42.0750	79.9500	
-0.1750	0.2415	0.0913	42.8250	80.5000	
-0.1749	0.2419	0.0934	42.3250	81.2000	
-0.1749	0.2416	0.0920	42.0750	81.6250	
-0.1750	0.2420	0.0933	42.7000	81.7500	
-0.1746	0.2414	0.0923	42.9000	81.6000	
-0.1745	0.2417	0.0943	42.6750	81.5500	
-0.1748	0.2417	0.0927	41.9750	81.4750	
-0.1748	0.2415	0.0921	42.9750	80.9750	
-0.1749	0.2414	0.0911	41.8000	80.6500	
-0.1750	0.2418	0.0921	42.0750	80.4000	
0.8274	50.0000	0.8443	50.0000	
0.7756	49.9500	0.8045	50.0000	
0.7231	49.8500	0.7663	50.0000	
0.6719	50.0000	0.7251	50.0000	
0.6229	50.0000	0.6815	55.8750	
0.5723	50.0000	0.6379	74.5750	
0.5197	50.0000	0.5934	80.1000	
0.4684	50.0000	0.5490	76.3500	
0.4193	51.2250	0.5048	73.5250	
0.3744	52.1750	0.4622	70.5250	
0.3350	49.2000	0.4215	68.2250	
0.3029	50.1750	0.3846	66.9250	
0.2805	50.0000	0.3507	66.9500	
0.2671	50.0000	0.3212	68.0500	
0.2605	50.0000	0.2955	70.1750	
0.2578	50.0000	0.2750	72.9750	
0.2569	50.1250	0.2593	74.4000	
0.2565	49.5000	0.2471	75.7250	
0.2560	50.3000	0.2381	76.9000	
0.2556	51.1000	0.2310	77.8000	
0.2551	49.6000	0.2246	78.7500	
0.2548	49.6500	0.2186	79.8500	
0.2544	49.7250	0.2127	80.5000	
0.2541	49.7000	0.2069	80.7000	
0.2538	48.4500	0.2014	80.9250	
0.2535	46.1250	0.1961	80.9500	
0.2533	49.6250	0.1910	80.9750	
0.2531	49.3750	0.1862	80.9750	
0.2528	45.8500	0.1817	80.7250	
0.2526	40.1250	0.1775	80.7250	
0.2524	41.7750	0.1737	80.5000	
0.2522	41.4500	0.1703	80.6000	
0.2521	41.2500	0.1674	80.6250	
0.2519	42.0000	0.1649	80.5500	
0.2518	43.0750	0.1627	80.5000	
0.2516	42.9500	0.1610	80.4750	
0.2515	42.0750	0.1596	80.4250	
0.2514	41.9500	0.1585	80.4000	
0.2513	42.3500	0.1576	80.4000	
0.2512	42.2250	0.1569	80.4250	
0.2511	43.0250	0.1563	80.2500	
0.2510	42.7500	0.1559	80.3500	
0.2509	42.3500	0.1556	80.3000	
0.2509	42.2750	0.1553	80.1750	
0.2508	42.2000	0.1551	80.2250	
0.2507	42.7000	0.1549	80.2250	
0.2507	42.4500	0.1548	80.2250	
0.2506	42.5500	0.1547	80.1750	
0.2505	42.4750	0.1546	80.1750	
0.2505	42.9500	0.1546	80.1750	
0.2505	42.5000	0.1545	80.1500	
0.2504	42.4000	0.1545	80.1500	
0.2504	42.4000	0.1544	80.1500	
0.2504	42.4750	0.1544	80.0750	
0.2503	42.3500	0.1544	80.1000	
0.2503	42.3750	0.1543	80.1000	
0.2503	42.4500	0.1543	80.1500	
0.2502	42.2750	0.1543	80.1000	
0.2502	42.4500	0.1543	80.1250	
0.2502	42.4250	0.1542	80.1250	
0.2502	42.4500	0.1542	80.1250	
0.2502	42.4250	0.1542	80.1000	
0.2502	42.4750	0.1542	80.1250	
0.2502	42.4250	0.1542	80.1500	
0.2501	42.4000	0.1542	80.1500	
0.2501	42.4500	0.1541	80.1750	
0.2501	42.1000	0.1541	80.1250	
0.2501	42.2000	0.1541	80.1500	
0.2501	42.1750	0.1541	80.1750	
0.2501	42.3250	0.1541	80.1500	
0.2501	42.3000	0.1541	80.1250	
0.2501	41.9250	0.1540	80.1500	
0.2501	42.0750	0.1541	80.1500	
0.2501	42.0750	0.1540	80.1750	
0.2501	42.0250	0.1540	80.1750	
0.2501	41.9250	0.1540	80.2250	
0.2501	41.7750	0.1540	80.2250	
0.2501	41.8750	0.1540	80.2000	
0.2500	41.8500	0.1540	80.3500	
0.2501	41.8000	0.1540	80.2500	
0.2501	41.6250	0.1539	80.2000	
0.2500	41.8000	0.1539	80.3000	
0.2500	41.6500	0.1539	80.3000	
0.2500	41.3000	0.1539	80.3250	
0.2501	41.3500	0.1539	80.3250	
0.2501	41.5750	0.1539	80.4000	
0.2500	41.1500	0.1539	80.3000	
0.2500	41.1500	0.1539	80.3250	
0.2500	41.3000	0.1539	80.4750	
0.2500	41.0250	0.1538	80.3500	
0.2500	40.7750	0.1539	80.3750	
0.2501	45.8000	0.1539	80.3250	
0.2500	43.4250	0.1538	80.3750	
0.2500	40.7500	0.1538	80.4250	
0.2500	41.2500	0.1538	80.4000	
0.2500	40.7250	0.1538	80.4000	
0.2500	40.3750	0.1538	80.4750	
0.2500	41.1750	0.1538	80.4750	
0.2500	41.8750	0.1539	80.4250	
0.2500	42.5250	0.1538	80.4000	
0.2500	40.2750	0.1538	80.4000	
0.2500	40.7250	0.1538	80.4250	
0.2500	40.1250	0.1537	80.4500	
0.2500	39.5250	0.1537	80.4500	
0.2500	39.7750	0.1537	80.4250	
0.2500	39.8250	0.1537	80.4500	
0.2500	44.0000	0.1537	80.4750	
0.2500	41.5750	0.1537	80.4000	
0.2500	40.3000	0.1537	80.4250	
0.2500	42.8250	0.1537	80.4750	
0.2501	43.6000	0.1537	80.4000	
0.2500	44.2750	0.1537	80.4500	
0.2500	39.1250	0.1537	80.4500	
0.2500	39.0500	0.1537	80.3000	
0.2500	39.8750	0.1537	80.4000	
0.2500	46.4500	0.1537	80.4250	
0.2500	46.0000	0.1536	80.3750	
0.2500	48.3750	0.1536	80.4500	
0.2500	43.8000	0.1536	80.4250	
0.2500	40.1750	0.1536	80.3500	
0.2500	38.6250	0.1536	80.4250	
0.2500	48.7250	0.1536	80.4250	
0.2500	43.4750	0.1536	80.3250	
0.2500	38.7750	0.1536	80.4500	
0.2500	48.1250	0.1536	80.4000	
0.2500	49.7250	0.1536	80.3250	
0.2500	39.9750	0.1536	80.3000	
0.2500	38.7250	0.1536	80.3250	
0.2500	46.9250	0.1536	80.3250	
0.2500	48.6500	0.1536	80.2250	
0.2500	42.7250	0.1536	80.3750	
0.2500	38.0500	0.1536	80.2250	
0.2500	41.5250	0.1536	80.2250	
0.2500	48.2750	0.1535	80.4000	
0.2500	50.4250	0.1535	80.2250	
0.2500	45.1250	0.1535	80.1500	
0.2500	47.3750	0.1535	80.2500	
0.2500	41.9750	0.1535	80.2000	
0.2500	39.4500	0.1535	80.2250	
0.2500	47.5750	0.1535	80.2750	
0.2500	45.8000	0.1535	80.2250	
0.2500	46.0000	0.1535	80.2250	
0.2500	49.9750	0.1535	80.3250	
0.2500	49.1750	0.1535	80.1500	
0.2500	45.2750	0.1535	80.2000	
0.2500	44.7250	0.1535	80.2500	
0.2500	46.1500	0.1535	80.1750	
0.2500	49.8000	0.1535	80.3250	
0.2500	46.8500	0.1535	80.1750	
0.2500	49.7250	0.1534	80.1250	
0.2500	48.3500	0.1534	80.2500	
0.2499	40.9000	0.1534	80.1500	
0.2499	41.4250	0.1534	80.1500	
0.2500	45.5000	0.1534	80.2250	
0.2500	50.6250	0.1534	80.1750	
0.2499	49.9500	0.1534	80.1000	
0.2499	40.4750	0.1534	80.2000	
0.2499	46.0500	0.1534	80.1500	
0.2499	41.3250	0.1534	80.0750	
0.2499	40.8250	0.1534	80.2250	
0.2499	50.4250	0.1534	80.1250	
0.2499	50.2500	0.1534	80.2000	
0.2499	50.2000	0.1534	80.2250	
0.2499	40.5750	0.1534	80.1750	
0.2499	38.0750	0.1534	79.9750	
0.2499	39.3250	0.1534	80.2000	
0.2499	49.8750	0.1534	80.1250	
0.2499	50.2500	0.1533	80.2000	
0.2499	49.3000	0.1534	80.1500	
0.2499	48.2500	0.1533	80.1500	
0.2499	45.6250	0.1534	80.0000	
0.2499	48.9250	0.1533	80.2250	
0.2499	50.4250	0.1533	80.1000	
0.2499	50.4750	0.1533	80.1000	
0.2499	44.9000	0.1533	80.2000	
0.2499	48.6250	0.1533	80.0500	
0.2499	50.1750	0.1533	80.0250	
0.2499	47.6750	0.1533	80.1750	
0.2499	49.6500	0.1533	80.0500	
0.2499	50.0500	0.1533	80.1250	
0.2499	49.5750	0.1533	80.1250	
0.2499	50.4750	0.1533	80.0250	
0.2499	50.6000	0.1533	80.1000	
0.2499	44.6000	0.1533	80.0500	
0.2499	48.3000	0.1533	80.0750	
0.2499	50.5750	0.1533	79.9500	
0.2499	50.0750	0.1533	80.1250	
0.2498	49.5250	0.1532	80.0750	
0.2499	47.1750	0.1533	80.0000	
0.2498	49.9500	0.1532	80.1000	
0.2499	50.2250	0.1532	80.0250	
0.2498	50.5000	0.1532	80.1500	
0.2498	50.3250	0.1532	80.1250	
0.2498	47.8500	0.1532	80.0750	
0.2498	47.0000	0.1532	80.0250	
0.2499	50.3750	0.1532	80.0250	
0.2498	49.9000	0.1531	79.9250	
0.2498	45.1750	0.1531	80.1000	
0.2498	41.0750	0.1531	80.0250	
0.2498	48.5500	0.1531	80.0000	
0.2498	50.4500	0.1531	80.0250	
0.2498	50.3250	0.1531	80.1500	
0.2498	50.4500	0.1530	80.1250	
0.2498	48.7750	0.1530	79.9250	
0.2498	41.0750	0.1530	80.0000	
0.2498	48.6750	0.1530	80.1000	
0.2498	50.5500	0.1530	80.0250	
0.2498	50.4500	0.1529	79.9750	
0.2498	48.9500	0.1530	79.9000	
0.2498	48.6500	0.1529	79.9500	
0.2498	50.2500	0.1529	80.0000	
0.2498	50.3750	0.1529	79.7500	
0.2498	50.3750	0.1528	80.0250	
0.2498	48.4750	0.1528	79.8500	
0.2498	50.5250	0.1528	79.7250	
0.2498	50.4000	0.1527	79.9500	
0.2498	50.3250	0.1527	79.7000	
0.2498	49.9000	0.1527	79.7250	
0.2497	48.5250	0.1527	79.5500	
0.2498	50.0750	0.1527	79.6500	
0.2498	49.9000	0.1527	79.6250	
0.2498	50.2500	0.1526	79.5500	
0.2497	50.6250	0.1526	79.5250	
0.2498	46.9000	0.1525	79.5000	
0.2497	47.2750	0.1525	79.4500	
0.2497	50.6000	0.1524	79.4500	
0.2497	50.3750	0.1524	79.5500	
0.2497	48.7500	0.1524	79.6250	
0.2497	48.0750	0.1523	79.6000	
0.2498	49.9000	0.1522	79.5500	
0.2498	49.4000	0.1522	79.5000	
0.2497	50.1500	0.1520	79.3750	
0.2497	50.5500	0.1520	79.3250	
0.2498	46.7250	0.1519	79.2750	
0.2497	41.7500	0.1518	79.2500	
0.2497	50.6750	0.1518	79.0250	
0.2497	50.8750	0.1517	78.8250	
0.2497	50.3500	0.1516	78.8750	
0.2497	50.6250	0.1516	78.7500	
0.2497	44.9500	0.1515	78.5500	
0.2497	43.6750	0.1515	78.5750	
0.2497	49.3000	0.1514	78.5750	
0.2497	50.6500	0.1514	78.8500	
0.2497	50.3500	0.1513	78.9250	
0.2497	47.1750	0.1513	79.3500	
0.2497	47.8250	0.1512	79.3500	
0.2496	50.3500	0.1511	79.5000	
0.2497	50.4250	0.1511	79.5500	
0.2497	50.4500	0.1510	79.5750	
0.2497	50.7500	0.1510	79.5000	
0.2496	48.8000	0.1509	79.5000	
0.2496	48.7250	0.1508	79.5500	
0.2497	50.6000	0.1508	79.6250	
0.2497	50.2500	0.1508	79.6000	
0.2496	49.9250	0.1507	79.6500	
0.2496	50.7250	0.1507	79.5000	
0.2497	50.4250	0.1506	79.5750	
0.2496	50.1000	0.1506	79.5500	
0.2496	44.7000	0.1506	79.6250	
0.2497	49.7250	0.1505	79.5750	
0.2497	50.5500	0.1505	79.5500	
0.2496	46.7750	0.1506	79.5000	
0.2496	46.8250	0.1504	79.6000	
0.2496	50.2750	0.1504	79.6500	
0.2496	50.2250	0.1504	79.5000	
0.2496	49.4500	0.1504	79.5250	
0.2496	47.0000	0.1503	79.5500	
0.2497	50.5000	0.1503	79.5500	
0.2496	48.1500	0.1503	79.5250	
0.2496	44.0250	0.1503	79.5000	
0.2496	48.7250	0.1502	79.5500	
0.2496	50.4250	0.1502	79.5250	
0.2496	50.5750	0.1502	79.6500	
0.2496	48.3250	0.1502	79.5000	
0.2496	46.5250	0.1502	79.5000	
0.2496	50.5000	0.1501	79.5000	
0.2496	50.0500	0.1501	79.5000	
0.2496	50.3000	0.1501	79.5500	
0.2496	50.5750	0.1501	79.6500	
0.2496	46.0750	0.1501	79.5250	
0.2496	47.9750	0.1501	79.5500	
0.2495	50.6250	0.1501	79.5500	
0.2495	50.3750	0.1500	79.4750	
0.2496	50.5000	0.1500	79.6250	
0.2495	48.7250	0.1500	79.6250	
0.2495	46.5000	0.1500	79.5500	
0.2496	46.3250	0.1500	79.6000	
0.2495	50.7000	0.1500	79.6500	
0.2496	50.4500	0.1500	79.6250	
0.2496	47.4000	0.1500	79.5000	
0.2495	45.4500	0.1500	79.6500	
0.2495	49.0750	0.1500	79.6000	
0.2495	49.0750	0.1500	79.5500	
0.2495	50.4500	0.1499	79.6250	
0.2495	50.4000	0.1499	79.6000	
0.2495	49.6250	0.1499	79.5000	
0.2495	45.9250	0.1499	79.5000	
0.2495	46.2750	0.1499	79.6000	
0.2495	50.5750	0.1499	79.5500	
0.2495	50.5750	0.1499	79.5500	
0.2495	50.3750	0.1499	79.5500	
0.2495	46.7250	0.1499	79.5500	
0.2495	44.6750	0.1499	79.6250	
0.2496	50.0750	0.1500	79.6250	
0.2495	50.4250	0.1498	79.5750	
0.2495	47.4750	0.1499	79.6250	
0.2495	45.4250	0.1499	79.6250	
0.2495	48.7250	0.1499	79.6000	
0.2495	50.3250	0.1498	79.6000	
0.2495	49.5500	0.1498	79.6000	
0.2495	46.7750	0.1498	79.6000	
0.2494	46.5750	0.1498	79.5750	
0.2494	48.2250	0.1498	79.6250	
0.2495	51.0500	0.1499	79.6000	
0.2495	48.9500	0.1499	79.5500	
0.2494	44.9750	0.1498	79.6500	
0.2495	50.3500	0.1499	79.6250	
0.2494	50.6000	0.1498	79.6000	
0.2494	46.7250	0.1498	79.6000	
0.2494	45.5500	0.1498	79.6000	
0.2494	46.9500	0.1498	79.5750	
0.2494	50.2500	0.1498	79.5750	
0.2494	50.4750	0.1498	79.6000	
0.2494	50.2750	0.1498	79.6250	
0.2495	50.5000	0.1498	79.6000	
0.2495	43.1500	0.1498	79.5500	
0.2494	46.3250	0.1498	79.5500	
0.2494	50.5750	0.1498	79.6000	
0.2494	50.5500	0.1498	79.6500	
0.2494	47.6250	0.1497	79.5500	
0.2494	43.5750	0.1497	79.6250	
0.2494	49.1750	0.1497	79.5250	
0.2494	50.3500	0.1497	79.6000	
0.2494	49.1500	0.1497	79.5250	
0.2494	45.0750	0.1497	79.6750	
0.2494	48.7000	0.1497	79.6000	
0.2493	50.5250	0.1497	79.6250	
0.2494	50.7250	0.1497	79.5500	
0.2494	46.1750	0.1497	79.5500	
0.2493	45.0500	0.1497	79.6500	
0.2493	50.5750	0.1497	79.5750	
0.2493	50.7000	0.1497	79.5500	
0.2493	49.7500	0.1497	79.6250	
0.2493	45.1250	0.1497	79.5750	
0.2493	45.7500	0.1497	79.5000	
0.2493	50.6750	0.1497	79.6000	
0.2493	50.4000	0.1497	79.5750	
0.2493	46.6750	0.1497	79.6000	
0.2493	46.9000	0.1497	79.6250	
0.2493	48.3500	0.1497	79.6250	
0.2493	49.2500	0.1496	79.5250	
0.2493	50.5750	0.1496	79.6250	
0.2493	47.6500	0.1496	79.6250	
0.2493	50.1500	0.1497	79.6000	
0.2493	50.5250	0.1496	79.5500	
0.2493	49.1000	0.1496	79.5500	
0.2493	44.8750	0.1496	79.6000	
0.2493	48.2750	0.1496	79.6250	
0.2493	50.6500	0.1496	79.6000	
0.2493	49.1250	0.1496	79.6000	
0.2492	48.3750	0.1496	79.6000	
0.2493	49.8250	0.1496	79.5500	
0.2493	50.0250	0.1496	79.6000	
0.2492	49.9500	0.1496	79.6250	
0.2492	45.4750	0.1496	79.5750	
0.2492	48.8000	0.1496	79.6750	
0.2492	50.6750	0.1496	79.5750	
0.2492	50.0000	0.1496	79.6000	
0.2492	50.0250	0.1496	79.6500	
0.2492	49.2000	0.1496	79.5250	
0.2492	44.9750	0.1496	79.6250	
0.2492	45.9500	0.1495	79.6250	
0.2492	50.5750	0.1496	79.6250	
0.2492	50.0250	0.1496	79.6000	
0.2492	50.7000	0.1495	79.6250	
0.2492	45.9000	0.1495	79.5500	
0.2492	45.2250	0.1495	79.5500	
0.2492	45.7000	0.1495	79.6000	
0.2492	49.5500	0.1495	79.6500	
0.2492	50.5750	0.1495	79.6250	
0.2492	47.0000	0.1495	79.5750	
0.2492	48.7500	0.1495	79.6000	
0.2492	50.1750	0.1495	79.6250	
0.2492	49.4250	0.1495	79.6000	
0.2492	48.6250	0.1495	79.6250	
0.2491	48.7250	0.1495	79.5750	
0.2492	50.7000	0.1495	79.6000	
0.2492	47.0250	0.1495	79.5250	
0.2491	46.2250	0.1495	79.6500	
0.2491	50.5000	0.1495	79.6000	
0.2491	48.8250	0.1495	79.6500	
0.2491	49.5250	0.1495	79.6250	
0.2492	47.1500	0.1495	79.6750	
0.2491	49.0500	0.1495	79.6500	
0.2491	50.5500	0.1495	79.5000	
0.2491	46.2500	0.1495	79.5500	
0.2491	45.4750	0.1495	79.5750	
0.2491	50.4750	0.1495	79.5750	
0.2491	50.6750	0.1494	79.6000	
0.2491	50.6750	0.1494	79.5500	
0.2491	46.5500	0.1494	79.6500	
0.2491	42.9250	0.1495	79.5500	
0.2491	46.9000	0.1494	79.5250	
0.2491	50.3000	0.1494	79.5750	
0.2491	50.0750	0.1494	79.5250	
0.2491	43.6000	0.1494	79.5500	
0.2491	45.2500	0.1494	79.5000	
0.2491	50.4500	0.1494	79.5750	
0.2490	50.2500	0.1494	79.5750	
0.2491	45.2750	0.1494	79.5000	
0.2490	47.0750	0.1494	79.5500	
0.2490	50.4250	0.1494	79.5000	
0.2491	48.3500	0.1494	79.6500	
0.2491	49.7000	0.1495	79.4750	
0.2490	48.3500	0.1494	79.5250	
0.2490	44.6500	0.1494	79.5750	
0.2490	48.8250	0.1494	79.5250	
0.2491	49.6500	0.1494	79.5500	
0.2490	48.8000	0.1494	79.4750	
0.2490	48.0750	0.1494	79.5500	
0.2491	44.9500	0.1494	79.5250	
0.2490	48.6500	0.1494	79.4750	
0.2490	50.1750	0.1494	79.5250	
0.2490	47.9750	0.1494	79.5000	
0.2490	43.0000	0.1494	79.5500	
0.2490	48.0000	0.1494	79.5750	
0.2489	50.1500	0.1493	79.5250	
0.2490	48.8250	0.1493	79.5000	
0.2489	47.3500	0.1494	79.5000	
0.2489	46.8500	0.1494	79.5000	
0.2489	48.4500	0.1493	79.5000	
0.2489	49.8750	0.1494	79.5750	
0.2489	48.7000	0.1494	79.5250	
0.2489	45.7000	0.1493	79.5500	
0.2489	48.9750	0.1493	79.5250	
0.2489	50.5000	0.1494	79.5000	
0.2489	48.2250	0.1493	79.5250	
0.2489	46.3750	0.1493	79.4500	
0.2489	48.3000	0.1493	79.5750	
0.2489	48.8500	0.1493	79.5000	
0.2489	45.7000	0.1493	79.5000	
0.2489	49.6750	0.1493	79.4750	
0.2489	49.1750	0.1493	79.5250	
0.2489	47.5750	0.1493	79.5250	
0.2489	46.4500	0.1493	79.5000	
0.2489	45.8750	0.1493	79.4500	
0.2489	49.2750	0.1493	79.5000	
0.2489	50.5500	0.1493	79.4750	
0.2489	46.2000	0.1494	79.5750	
0.2489	45.7250	0.1493	79.5500	
0.2488	47.6250	0.1493	79.4750	
0.2489	48.0500	0.1493	79.5000	
0.2488	49.7000	0.1493	79.4750	
0.2488	50.4750	0.1493	79.5500	
0.2488	46.1500	0.1493	79.4750	
0.2488	46.5250	0.1493	79.5000	
0.2488	49.4000	0.1493	79.5250	
0.2488	47.7000	0.1493	79.5000	
0.2488	48.4500	0.1493	79.4500	
0.2488	47.7500	0.1493	79.6250	
0.2488	46.7750	0.1493	79.5250	
0.2488	45.1500	0.1493	79.4500	
0.2488	49.3000	0.1493	79.5500	
0.2488	49.8250	0.1493	79.5000	
0.2488	49.9750	0.1493	79.6250	
0.2489	43.9750	0.1493	79.5750	
0.2488	46.8500	0.1493	79.5500	
0.2488	50.2750	0.1493	79.5500	
0.2488	50.1000	0.1493	79.5250	
0.2487	44.9500	0.1492	79.5250	
0.2488	43.3750	0.1493	79.4750	
0.2487	48.4000	0.1492	79.5000	
0.2487	50.3750	0.1493	79.5250	
0.2487	47.7750	0.1492	79.5500	
0.2487	47.0500	0.1492	79.5250	
0.2487	46.1500	0.1492	79.5000	
0.2487	46.1250	0.1493	79.5250	
0.2487	45.5750	0.1493	79.5000	
0.2487	47.6000	0.1492	79.5500	
0.2487	46.3500	0.1492	79.5000	
0.2487	46.9250	0.1493	79.5250	
0.2487	50.2250	0.1493	79.5000	
0.2487	48.6750	0.1492	79.5250	
0.2487	45.0750	0.1493	79.5500	
0.2487	44.6000	0.1492	79.5250	
0.2486	48.3500	0.1492	79.5250	
0.2487	49.7250	0.1492	79.4500	
0.2487	46.7250	0.1492	79.5750	
0.2487	44.5500	0.1492	79.5250	
0.2487	49.0750	0.1492	79.5500	
0.2486	48.0250	0.1492	79.5250	
0.2486	45.4000	0.1492	79.5250	
0.2487	45.3750	0.1492	79.4750	
0.2487	48.9500	0.1492	79.5250	
0.2487	48.6000	0.1492	79.4750	
0.2486	46.0250	0.1492	79.4750	
0.2486	45.3000	0.1492	79.5000	
0.2486	46.7000	0.1492	79.5250	
0.2486	46.8000	0.1492	79.5250	
0.2486	45.7000	0.1492	79.5250	
0.2486	49.5750	0.1492	79.5000	
0.2486	47.1750	0.1492	79.5500	
0.2486	43.5250	0.1492	79.5250	
0.2486	45.2750	0.1492	79.5250	
0.2486	50.0250	0.1492	79.4750	
0.2486	49.8250	0.1492	79.4750	
0.2486	44.6000	0.1492	79.5500	
0.2486	43.8250	0.1492	79.5250	
0.2485	47.6750	0.1492	79.5250	
0.2485	49.3500	0.1491	79.5500	
0.2486	49.7250	0.1492	79.5000	
0.2485	46.1250	0.1492	79.5000	
0.2486	43.5750	0.1492	79.5000	
0.2485	47.6750	0.1492	79.5000	
0.2486	48.9500	0.1492	79.5000	
0.2485	44.5250	0.1492	79.6250	
0.2486	48.8500	0.1491	79.5750	
0.2485	48.9750	0.1492	79.4750	
0.2485	44.4250	0.1491	79.5250	
0.2485	43.3000	0.1492	79.6750	
0.2485	44.6000	0.1491	79.5750	
0.2485	49.7000	0.1491	79.5000	
0.2485	49.8000	0.1491	79.5000	
0.2485	44.8250	0.1491	79.5000	
0.2486	43.7250	0.1491	79.5000	
0.2484	45.8250	0.1491	79.5000	
0.2485	48.1250	0.1491	79.5250	
0.2484	44.8750	0.1491	79.5250	
0.2484	45.6000	0.1491	79.5500	
0.2484	46.2500	0.1491	79.5000	
0.2485	44.3250	0.1491	79.5500	
0.2485	47.3750	0.1491	79.5000	
0.2485	47.1250	0.1491	79.5000	
0.2484	44.9250	0.1492	79.5250	
0.2484	46.9500	0.1491	79.5250	
0.2484	45.1250	0.1491	79.5250	
0.2484	44.4000	0.1491	79.5250	
0.2484	46.6500	0.1491	79.5000	
0.2484	50.0750	0.1491	79.4500	
0.2484	44.5250	0.1491	79.5250	
0.2484	44.1500	0.1491	79.5500	
0.2484	46.8750	0.1491	79.5250	
0.2484	50.1750	0.1491	79.5500	
0.2484	48.3750	0.1491	79.5500	
0.2484	43.0750	0.1491	79.5250	
0.2484	43.0250	0.1491	79.5250	
0.2483	46.9750	0.1491	79.5500	
0.2483	49.7000	0.1491	79.5500	
0.2483	46.0500	0.1491	79.5000	
0.2483	44.9500	0.1491	79.5000	
0.2483	44.7750	0.1491	79.5000	
0.2483	44.4250	0.1491	79.5250	
0.2483	45.2250	0.1491	79.5000	
0.2483	45.0250	0.1491	79.5000	
0.2483	44.6000	0.1491	79.5500	
0.2484	47.4500	0.1491	79.5250	
0.2483	44.6000	0.1490	79.5000	
0.2483	43.9500	0.1491	79.5500	
0.2483	45.6000	0.1490	79.5000	
0.2483	44.3750	0.1490	79.5250	
0.2483	44.3750	0.1490	79.5250	
0.2483	44.3250	0.1490	79.5000	
0.2482	44.4500	0.1490	79.5000	
0.2483	45.5250	0.1490	79.5500	
0.2482	45.6500	0.1490	79.5000	
0.2482	43.9250	0.1490	79.5500	
0.2482	43.9250	0.1490	79.5500	
0.2482	46.7750	0.1491	79.5250	
0.2482	44.5750	0.1491	79.5250	
0.2483	43.1750	0.1490	79.5500	
0.2482	47.3000	0.1490	79.5000	
0.2483	47.1000	0.1490	79.5250	
0.2482	44.4000	0.1490	79.5250	
0.2482	44.6500	0.1490	79.5000	
0.2482	43.7750	0.1490	79.4750	
0.2482	45.8500	0.1490	79.5250	
0.2482	44.9000	0.1490	79.4750	
0.2482	43.8250	0.1490	79.5000	
0.2481	44.2250	0.1490	79.5000	
0.2482	46.4000	0.1490	79.5500	
0.2484	44.3750	0.1491	79.5250	
0.2482	45.8250	0.1490	79.5000	
0.2482	49.2750	0.1490	79.5250	
0.2481	43.7000	0.1490	79.5250	
0.2481	42.9250	0.1490	79.5500	
0.2481	43.8250	0.1490	79.5500	
0.2481	44.0500	0.1490	79.5750	
0.2481	45.5500	0.1490	79.5500	
0.2481	47.0000	0.1490	79.5250	
0.2481	43.5000	0.1490	79.5500	
0.2481	43.7500	0.1490	79.5500	
0.2481	47.4250	0.1490	79.5000	
0.2481	48.1750	0.1490	79.5500	
0.2481	44.5250	0.1490	79.4750	
0.2481	43.0500	0.1490	79.6000	
0.2481	42.7750	0.1490	79.5250	
0.2480	47.4500	0.1490	79.5000	
0.2482	47.8750	0.1490	79.5250	
0.2480	43.6750	0.1490	79.5250	
0.2480	43.3250	0.1490	79.5500	
0.2480	43.5250	0.1489	79.5000	
0.2480	44.0500	0.1490	79.5500	
0.2480	43.4000	0.1489	79.4500	
0.2480	46.4000	0.1490	79.5250	
0.2480	43.7000	0.1490	79.5250	
0.2480	43.1000	0.1489	79.5750	
0.2480	43.4750	0.1489	79.5000	
0.2480	45.5500	0.1489	79.5250	
0.2480	44.7750	0.1489	79.5000	
0.2480	43.4500	0.1489	79.5250	
0.2480	43.2750	0.1489	79.5500	
0.2480	43.1000	0.1489	79.5250	
0.2480	43.3500	0.1489	79.5250	
0.2479	43.7000	0.1490	79.5000	
0.2479	43.5250	0.1489	79.5250	
0.2479	43.5750	0.1489	79.5000	
0.2479	43.7000	0.1489	79.5250	
0.2479	43.4000	0.1489	79.5000	
0.2480	42.9500	0.1490	79.5000	
0.2479	46.4750	0.1491	79.5000	
0.2479	48.3000	0.1489	79.5500	
0.2479	42.9500	0.1490	79.5500	
0.2479	43.7250	0.1490	79.6000	
0.2479	43.4000	0.1489	79.5750	
0.2478	43.1250	0.1489	79.5500	
0.2478	43.3000	0.1489	79.6000	
0.2479	43.5500	0.1489	79.5250	
0.2479	43.1750	0.1489	79.5250	
0.2478	42.9000	0.1489	79.5000	
0.2478	44.0750	0.1489	79.5250	
0.2478	45.7250	0.1489	79.5500	
0.2479	43.3250	0.1489	79.4750	
0.2478	42.9750	0.1489	79.5000	
0.2478	43.4750	0.1489	79.5000	
0.2478	43.8500	0.1489	79.5750	
0.2478	44.1250	0.1489	79.5500	
0.2479	42.8750	0.1489	79.5500	
0.2478	42.7750	0.1489	79.5000	
0.2478	43.4000	0.1489	79.5250	
0.2478	43.3500	0.1489	79.5250	
0.2478	43.3750	0.1489	79.5000	
0.2477	43.1250	0.1489	79.5000	
0.2477	43.4500	0.1489	79.5500	
0.2477	43.3500	0.1489	79.5000	
0.2478	42.9250	0.1489	79.5500	
0.2477	43.0500	0.1488	79.5250	
0.2477	42.4000	0.1489	79.6250	
0.2477	43.4500	0.1488	79.4750	
0.2477	43.4500	0.1489	79.5500	
0.2477	42.9750	0.1489	79.6250	
0.2477	43.0250	0.1488	79.5250	
0.2477	43.0250	0.1488	79.5250	
0.2477	43.1250	0.1489	79.6000	
0.2477	43.0000	0.1488	79.5000	
0.2477	43.0750	0.1489	79.5250	
0.2477	43.9500	0.1488	79.6000	
0.2476	43.4500	0.1488	79.5000	
0.2477	43.1750	0.1488	79.5250	
0.2476	42.9750	0.1488	79.5500	
0.2476	43.2500	0.1488	79.5250	
0.2476	42.7250	0.1488	79.5500	
0.2476	42.8500	0.1488	79.5000	
0.2476	42.6500	0.1488	79.5250	
0.2476	42.3000	0.1488	79.5250	
0.2476	43.2500	0.1488	79.5250	
0.2476	42.7750	0.1488	79.5000	
0.2476	42.5500	0.1488	79.5250	
0.2476	42.8500	0.1488	79.5000	
0.2476	42.7500	0.1488	79.5250	
0.2476	42.6000	0.1488	79.5250	
0.2476	42.0000	0.1488	79.5000	
0.2476	43.0000	0.1488	79.5000	
0.2476	42.6000	0.1488	79.5500	
0.2476	43.0750	0.1488	79.5500	
0.2475	43.1000	0.1488	79.5250	
0.2475	42.9000	0.1488	79.5500	
0.2475	42.6000	0.1488	79.5500	
0.2475	42.3750	0.1488	79.6000	
0.2475	41.9500	0.1488	79.5250	
0.2475	42.4000	0.1488	79.6750	
0.2475	41.9000	0.1488	79.4750	
0.2475	42.2500	0.1488	79.5000	
0.2475	42.9250	0.1488	79.5500	
0.2475	43.3750	0.1488	79.5000	
0.2475	43.1000	0.1487	79.5000	
0.2474	42.5750	0.1487	79.5250	
0.2475	42.5250	0.1488	79.5500	
0.2474	42.9500	0.1487	79.5000	
0.2474	42.6750	0.1488	79.5250	
0.2474	42.5750	0.1488	79.5500	
0.2475	42.0750	0.1488	79.5250	
0.2474	41.8500	0.1487	79.5250	
0.2474	42.2500	0.1488	79.5500	
0.2474	41.9750	0.1487	79.5500	
0.2474	42.0750	0.1487	79.5500	
0.2474	42.0000	0.1487	79.5750	
0.2474	42.4750	0.1488	79.5250	
0.2474	42.3000	0.1487	79.5500	
0.2474	42.0250	0.1488	79.5250	
0.2474	41.9500	0.1487	79.5250	
0.2474	42.0750	0.1487	79.4500	
0.2474	42.8500	0.1487	79.5250	
0.2474	42.4250	0.1487	79.5500	
0.2473	42.7500	0.1487	79.5250	
0.2473	42.3750	0.1487	79.5250	
0.2474	42.0000	0.1488	79.5000	
0.2475	43.7250	0.1489	79.5500	
0.2473	43.4000	0.1487	79.5500	
0.2473	41.9250	0.1487	79.6250	
0.2473	42.1250	0.1487	79.5000	
0.2473	42.2500	0.1487	79.5000	
0.2473	41.8000	0.1487	79.5250	
0.2473	41.8000	0.1487	79.5750	
0.2473	42.4750	0.1487	79.5000	
0.2473	42.0750	0.1487	79.5500	
0.2472	42.4000	0.1487	79.5500	
0.2472	41.6750	0.1486	79.5250	
0.2472	41.8750	0.1487	79.5250	
0.2472	42.3000	0.1487	79.5750	
0.2472	41.7750	0.1487	79.5250	
0.2472	41.4750	0.1487	79.5750	
0.2472	42.4500	0.1487	79.5500	
0.2472	41.6750	0.1487	79.5000	
0.2473	42.0750	0.1487	79.5000	
0.2472	41.6500	0.1487	79.7000	
0.2472	41.7000	0.1487	79.5000	
0.2472	42.0000	0.1486	79.5250	
0.2472	41.7250	0.1486	79.5000	
0.2473	41.9750	0.1487	79.5000	
0.2471	41.4500	0.1486	79.5750	
0.2472	41.8750	0.1487	79.4250	
0.2471	41.8750	0.1486	79.6000	
0.2472	42.5750	0.1486	79.5250	
0.2472	41.1500	0.1486	79.5500	
0.2471	41.8250	0.1486	79.5500	
0.2471	41.6250	0.1486	79.5000	
0.2471	41.5000	0.1486	79.6000	
0.2471	41.7750	0.1486	79.5250	
0.2474	43.4750	0.1487	79.5750	
0.2471	41.7750	0.1486	79.5000	
0.2471	42.1000	0.1486	79.5250	
0.2471	41.1000	0.1487	79.5500	
0.2471	42.0000	0.1486	79.5500	
0.2471	41.8500	0.1486	79.5750	
0.2470	41.6250	0.1486	79.5500	
0.2470	42.2000	0.1486	79.6000	
0.2470	41.8000	0.1486	79.5500	
0.2470	41.3500	0.1486	79.6250	
0.2470	41.6250	0.1486	79.5250	
0.2470	41.5250	0.1486	79.5750	
0.2470	41.4750	0.1486	79.5500	
0.2470	41.4250	0.1486	79.5250	
0.2471	42.1750	0.1486	79.5250	
0.2470	41.7500	0.1487	79.5250	
0.2470	41.9000	0.1486	79.5250	
0.2470	41.5750	0.1486	79.5500	
0.2469	41.7500	0.1486	79.5500	
0.2470	41.5000	0.1486	79.5750	
0.2470	41.5500	0.1486	79.5000	
0.2469	41.2250	0.1486	79.5000	
0.2469	41.3500	0.1486	79.5250	
0.2469	41.4000	0.1486	79.5250	
0.2469	41.1500	0.1486	79.5500	
0.2469	41.0500	0.1485	79.5250	
0.2470	42.1500	0.1486	79.5750	
0.2470	42.7750	0.1485	79.5250	
0.2469	41.9500	0.1486	79.5250	
0.2469	41.4000	0.1485	79.5750	
0.2469	41.5750	0.1486	79.5250	
0.2469	41.5750	0.1485	79.5250	
0.2469	41.4250	0.1486	79.5500	
0.2469	41.4000	0.1486	79.5250	
0.2468	41.0750	0.1485	79.5250	
0.2469	41.6000	0.1485	79.5750	
0.2468	41.0500	0.1485	79.5250	
0.2468	40.6250	0.1485	79.4750	
0.2468	41.3250	0.1485	79.5500	
0.2469	41.2250	0.1486	79.5000	
0.2468	41.0750	0.1485	79.5500	
0.2468	40.7750	0.1485	79.5000	
0.2468	41.6500	0.1486	79.5250	
0.2472	42.7500	0.1486	79.5750	
0.2467	41.2750	0.1485	79.5250	
0.2468	41.2500	0.1485	79.5250	
0.2468	41.3500	0.1485	79.5750	
0.2468	41.8750	0.1485	79.5750	
0.2467	40.9000	0.1485	79.5500	
0.2467	40.9000	0.1485	79.5000	
0.2467	40.9000	0.1485	79.5000	
0.2467	40.9250	0.1485	79.5250	
0.2467	41.1500	0.1485	79.5250	
0.2467	41.5000	0.1485	79.5500	
0.2467	40.7750	0.1485	79.5000	
0.2467	41.1000	0.1485	79.5250	
0.2467	40.7000	0.1485	79.5250	
0.2467	40.6000	0.1485	79.5250	
0.2467	41.2500	0.1485	79.5250	
0.2467	41.1000	0.1485	79.5000	
0.2466	40.8250	0.1485	79.5250	
0.2467	41.2750	0.1485	79.5500	
0.2466	41.0500	0.1485	79.5250	
0.2467	41.7250	0.1485	79.5000	
0.2466	41.0250	0.1485	79.5500	
0.2466	40.9750	0.1484	79.5750	
0.2466	41.0000	0.1485	79.6750	
0.2466	40.9000	0.1485	79.5000	
0.2466	41.1250	0.1485	79.5500	
0.2466	40.7750	0.1484	79.5250	
0.2466	40.9250	0.1484	79.5500	
0.2466	41.1500	0.1484	79.5000	
0.2467	41.4750	0.1485	79.5250	
0.2465	41.0250	0.1484	79.5250	
0.2465	41.0000	0.1484	79.5750	
0.2466	41.3000	0.1484	79.5000	
0.2466	40.6500	0.1484	79.5000	
0.2466	40.9000	0.1484	79.5250	
0.2465	41.0500	0.1484	79.4500	
0.2465	40.8750	0.1485	79.5500	
0.2465	40.8500	0.1484	79.5250	
0.2465	41.0000	0.1484	79.5500	
0.2465	41.2250	0.1484	79.5250	
0.2465	40.8250	0.1484	79.5500	
0.2465	40.4500	0.1484	79.5500	
0.2465	40.4750	0.1484	79.5500	
0.2465	40.9250	0.1484	79.5500	
0.2464	40.7750	0.1484	79.5750	
0.2464	40.9250	0.1484	79.5500	
0.2465	40.8750	0.1484	79.5500	
0.2465	40.9000	0.1484	79.5500	
0.2464	40.8500	0.1484	79.5250	
0.2464	41.3000	0.1484	79.5500	
0.2465	41.0500	0.1484	79.5000	
0.2464	40.9250	0.1484	79.5500	
0.2464	41.1250	0.1484	79.5500	
0.2464	41.1000	0.1484	79.5500	
0.2464	40.4500	0.1484	79.5500	
0.2464	41.1500	0.1484	79.5250	
0.2464	40.8500	0.1484	79.5750	
0.2464	40.9750	0.1484	79.6000	
0.2464	41.0250	0.1484	79.5750	
0.2464	41.2500	0.1484	79.5500	
0.2464	40.8250	0.1484	79.5750	
0.2463	41.1250	0.1483	79.5750	
0.2463	41.0750	0.1484	79.5250	
0.2463	41.3000	0.1483	79.5750	
0.2463	40.8000	0.1484	79.5500	
0.2463	40.6000	0.1484	79.5500	
0.2463	41.3000	0.1483	79.5500	
0.2463	40.8000	0.1483	79.5250	
0.2463	40.7250	0.1483	79.5250	
0.2463	40.9750	0.1483	79.5500	
0.2463	40.8750	0.1483	79.5750	
0.2463	41.1500	0.1483	79.6750	
0.2462	41.3000	0.1483	79.5500	
0.2462	40.7750	0.1483	79.5000	
0.2463	40.9500	0.1483	79.5500	
0.2462	41.3750	0.1483	79.5250	
0.2462	40.8000	0.1483	79.5500	
0.2462	41.2000	0.1483	79.5500	
0.2463	40.9250	0.1483	79.5500	
0.2462	40.8750	0.1483	79.5750	
0.2462	40.7750	0.1483	79.4750	
0.2462	40.7250	0.1483	79.5750	
0.2462	40.6750	0.1483	79.5500	
0.2462	41.4500	0.1483	79.5250	
0.2462	40.8000	0.1483	79.5250	
0.2461	41.2500	0.1483	79.5500	
0.2461	40.9250	0.1483	79.5750	
0.2461	40.8000	0.1483	79.5250	
0.2461	41.0250	0.1483	79.4750	
0.2461	40.6500	0.1483	79.5000	
0.2462	41.3750	0.1483	79.5750	
0.2461	41.0500	0.1483	79.5500	
0.2461	40.5750	0.1483	79.5750	
0.2461	41.1750	0.1482	79.5250	
0.2461	40.8500	0.1483	79.5750	
0.2461	41.2000	0.1483	79.5500	
0.2461	41.2750	0.1483	79.5250	
0.2461	40.6500	0.1482	79.5500	
0.2461	41.2250	0.1483	79.5000	
0.2460	41.0000	0.1482	79.5500	
0.2460	40.9000	0.1482	79.5750	
0.2460	40.7000	0.1482	79.5500	
0.2460	40.7000	0.1482	79.5500	
0.2460	40.9500	0.1482	79.5500	
0.2460	40.3000	0.1482	79.5250	
0.2460	41.1500	0.1482	79.5750	
0.2460	40.8750	0.1482	79.5000	
0.2459	40.7500	0.1482	79.5500	
0.2460	41.2750	0.1482	79.5000	
0.2460	40.7750	0.1482	79.5750	
0.2460	41.2750	0.1482	79.5500	
0.2460	40.5500	0.1482	79.5500	
0.2459	40.5250	0.1482	79.5500	
0.2461	41.2250	0.1482	79.5250	
0.2459	40.6500	0.1482	79.5250	
0.2459	40.8500	0.1482	79.5750	
0.2459	41.2250	0.1482	79.5000	
0.2459	41.1500	0.1482	79.5500	
0.2459	41.2500	0.1482	79.5000	
0.2460	40.6000	0.1482	79.6750	
0.2459	40.7250	0.1482	79.5250	
0.2459	41.3000	0.1482	79.5750	
0.2458	40.4750	0.1482	79.5250	
0.2458	41.0000	0.1482	79.5750	
0.2459	40.8750	0.1482	79.6000	
0.2458	40.4750	0.1482	79.5250	
0.2458	40.8500	0.1482	79.5500	
0.2458	40.4250	0.1481	79.5500	
0.2458	40.5750	0.1482	79.5500	
0.2458	40.6000	0.1482	79.5500	
0.2458	40.3500	0.1482	79.5750	
0.2458	40.8500	0.1482	79.5250	
0.2458	40.4250	0.1481	79.5000	
0.2458	40.5750	0.1481	79.5000	
0.2458	41.0250	0.1481	79.5500	
0.2458	41.0750	0.1482	79.5500	
0.2457	40.7500	0.1481	79.5000	
0.2457	40.6500	0.1481	79.5500	
0.2458	41.2750	0.1481	79.5750	
0.2457	40.7000	0.1481	79.5250	
0.2458	41.3750	0.1482	79.5500	
0.2458	41.0250	0.1482	79.5750	
0.2457	40.9750	0.1481	79.6000	
0.2457	40.9750	0.1481	79.5250	
0.2457	40.4750	0.1481	79.6250	
0.2457	40.8750	0.1481	79.5750	
0.2457	41.0250	0.1481	79.5000	
0.2457	41.4000	0.1481	79.5000	
0.2457	41.3250	0.1481	79.5250	
0.2458	40.9250	0.1481	79.5250	
0.2457	41.0500	0.1481	79.5000	
0.2457	40.5500	0.1481	79.5500	
0.2456	40.4000	0.1481	79.5500	
0.2456	40.4000	0.1481	79.5750	
0.2456	41.2750	0.1481	79.5500	
0.2456	40.7250	0.1481	79.5500	
0.2456	40.4500	0.1481	79.5750	
0.2456	40.8250	0.1481	79.5750	
0.2455	40.4250	0.1481	79.5750	
0.2456	41.1750	0.1481	79.5250	
0.2457	41.0000	0.1482	79.5250	
0.2456	41.1250	0.1481	79.5250	
0.2456	40.6000	0.1481	79.5750	
0.2456	40.7750	0.1481	79.5500	
0.2455	40.7250	0.1481	79.5500	
0.2455	40.3500	0.1480	79.5250	
0.2455	40.4750	0.1480	79.5750	
0.2455	40.5000	0.1480	79.5750	
0.2455	40.2750	0.1480	79.5750	
0.2455	40.7000	0.1481	79.5500	
0.2455	40.4250	0.1480	79.5250	
0.2455	41.0000	0.1481	79.5500	
0.2455	41.4500	0.1480	79.5500	
0.2455	41.3000	0.1480	79.5500	
0.2455	40.8000	0.1480	79.5000	
0.2454	40.4500	0.1480	79.5250	
0.2454	40.8750	0.1480	79.6000	
0.2454	40.6000	0.1480	79.5750	
0.2454	40.3000	0.1480	79.5500	
0.2454	40.4500	0.1480	79.5500	
0.2454	40.4500	0.1480	79.5500	
0.2454	40.4500	0.1480	79.5750	
0.2454	40.9750	0.1481	79.5250	
0.2454	40.8500	0.1480	79.5500	
0.2453	40.6750	0.1480	79.5500	
0.2454	40.8250	0.1480	79.5500	
0.2454	40.5000	0.1480	79.5750	
0.2453	40.4750	0.1480	79.5750	
0.2453	40.5000	0.1480	79.5500	
0.2454	40.8250	0.1480	79.5500	
0.2454	40.6000	0.1480	79.5500	
0.2453	41.1000	0.1480	79.5000	
0.2453	40.7750	0.1480	79.5500	
0.2453	40.8750	0.1480	79.5500	
0.2454	40.9250	0.1480	79.5500	
0.2453	41.1000	0.1479	79.5750	
0.2453	41.4250	0.1479	79.5500	
0.2453	41.2000	0.1479	79.5500	
0.2453	40.6250	0.1479	79.5250	
0.2453	40.9000	0.1479	79.5750	
0.2453	41.1000	0.1479	79.5500	
0.2452	40.3500	0.1479	79.5500	
0.2453	41.0500	0.1480	79.5250	
0.2452	40.7750	0.1479	79.5500	
0.2452	40.5250	0.1479	79.5750	
0.2452	40.7000	0.1479	79.5500	
0.2452	40.3000	0.1479	79.5500	
0.2452	40.4500	0.1479	79.5250	
0.2452	40.5750	0.1479	79.5500	
0.2452	40.8500	0.1479	79.5500	
0.2451	40.4500	0.1479	79.5750	
0.2451	40.6000	0.1479	79.5750	
0.2451	40.6500	0.1479	79.5750	
0.2451	40.5500	0.1479	79.5500	
0.2451	40.4500	0.1479	79.5500	
0.2451	40.4500	0.1479	79.5250	
0.2451	40.4250	0.1479	79.5750	
0.2451	40.4750	0.1479	79.5500	
0.2451	40.7500	0.1479	79.5500	
