Loss_Adversary	Accuracy_Adversary	Loss_Target	Accuracy_Target	
-0.3206	0.4037	0.4270	50.0000	50.0000	
-0.3177	0.3993	0.4167	50.0000	50.0000	
-0.3147	0.3949	0.4070	50.0000	50.0000	
-0.3119	0.3907	0.3975	50.0000	50.0000	
-0.3090	0.3865	0.3886	50.0000	50.0000	
-0.3063	0.3825	0.3796	50.0000	50.0000	
-0.3036	0.3786	0.3710	50.0000	50.0000	
-0.3010	0.3747	0.3625	50.0000	50.0000	
-0.2989	0.3709	0.3497	50.0000	50.0000	
-0.2970	0.3673	0.3355	50.0000	50.0000	
-0.2951	0.3637	0.3225	50.0000	50.0000	
-0.2929	0.3602	0.3119	50.0000	50.0000	
-0.2907	0.3568	0.3039	50.0000	50.0000	
-0.2882	0.3534	0.2986	50.0000	50.0000	
-0.2856	0.3502	0.2957	50.0000	50.0000	
-0.2828	0.3470	0.2946	50.0000	50.0000	
-0.2801	0.3439	0.2941	50.0000	50.0000	
-0.2774	0.3409	0.2940	50.0000	50.0000	
-0.2748	0.3380	0.2940	50.0000	53.8500	
-0.2722	0.3351	0.2940	50.0000	49.8000	
-0.2697	0.3323	0.2939	50.0000	50.0000	
-0.2673	0.3297	0.2939	50.0000	50.0000	
-0.2649	0.3270	0.2938	50.0000	55.4250	
-0.2626	0.3245	0.2938	50.0000	53.1750	
-0.2604	0.3219	0.2937	50.0000	54.9250	
-0.2582	0.3195	0.2936	50.0000	65.8750	
-0.2561	0.3172	0.2934	50.0000	58.7250	
-0.2541	0.3149	0.2931	50.0000	61.3750	
-0.2521	0.3126	0.2926	50.0000	70.3000	
-0.2502	0.3105	0.2918	50.0000	68.4750	
-0.2485	0.3084	0.2905	50.0000	65.6750	
-0.2469	0.3063	0.2880	50.0000	60.4250	
-0.2455	0.3043	0.2834	50.0000	54.8250	
-0.2447	0.3024	0.2745	50.0000	52.8250	
-0.2441	0.3002	0.2611	50.0000	52.9000	
-0.2424	0.2964	0.2435	50.0000	50.4000	
-0.2402	0.2914	0.2209	50.0000	50.4000	
-0.2370	0.2852	0.1969	50.0000	50.0000	
-0.2321	0.2780	0.1810	50.0000	49.8500	
-0.2261	0.2703	0.1715	50.0000	49.8250	
-0.2195	0.2625	0.1672	50.0000	50.3250	
-0.2137	0.2558	0.1654	50.0000	50.2750	
-0.2091	0.2507	0.1658	50.0000	50.3500	
-0.2052	0.2464	0.1662	50.0000	51.2500	
-0.2031	0.2446	0.1702	60.4250	53.7500	
-0.2028	0.2448	0.1752	62.0500	57.2250	
-0.2032	0.2452	0.1752	55.8250	56.5750	
-0.2035	0.2460	0.1785	55.7250	56.6500	
-0.2041	0.2469	0.1807	60.1250	59.4000	
-0.2051	0.2483	0.1842	58.6250	65.6750	
-0.2060	0.2497	0.1867	54.3250	71.0500	
-0.2070	0.2511	0.1897	48.1250	76.7500	
-0.2076	0.2520	0.1922	43.9500	80.4250	
-0.2077	0.2520	0.1910	42.8750	82.9000	
-0.2081	0.2518	0.1857	43.0750	82.6000	
-0.2084	0.2516	0.1810	43.1000	81.9250	
-0.2086	0.2515	0.1781	42.5250	81.5500	
-0.2087	0.2515	0.1766	43.2000	81.7250	
-0.2089	0.2516	0.1756	43.0500	82.4750	
-0.2093	0.2518	0.1732	42.1000	83.7250	
-0.2097	0.2521	0.1713	40.4500	85.1250	
-0.2103	0.2526	0.1700	38.9000	86.4250	
-0.2110	0.2532	0.1689	37.0250	87.9500	
-0.2118	0.2540	0.1685	35.6000	89.3000	
-0.2129	0.2555	0.1700	35.2750	90.6750	
-0.2146	0.2579	0.1749	35.2750	91.6500	
-0.2177	0.2621	0.1816	35.7000	91.1750	
-0.2198	0.2655	0.1919	29.7500	92.8500	
-0.2195	0.2614	0.1568	28.7250	94.8000	
-0.2194	0.2571	0.1201	33.0000	89.8250	
-0.2183	0.2535	0.0983	44.8500	91.6500	
-0.2152	0.2484	0.0836	49.8750	89.1750	
-0.2105	0.2424	0.0769	50.6500	89.9000	
-0.2074	0.2383	0.0707	55.1250	89.3000	
-0.2058	0.2375	0.0789	55.9250	93.9750	
-0.2066	0.2404	0.0975	51.6250	94.3250	
-0.2077	0.2432	0.1113	50.0750	91.7750	
-0.2090	0.2459	0.1232	50.3250	91.9750	
-0.2107	0.2492	0.1354	50.1250	93.4250	
-0.2149	0.2566	0.1604	50.1500	94.5500	
-0.2230	0.2687	0.1885	49.8500	89.0750	
-0.2244	0.2709	0.1946	48.8500	86.5750	
-0.2213	0.2701	0.2185	32.9500	92.7500	
-0.2168	0.2651	0.2177	26.8250	95.3000	
-0.2127	0.2586	0.1996	26.1750	95.6000	
-0.2088	0.2530	0.1889	40.9000	95.4750	
-0.2065	0.2497	0.1822	60.0750	95.3500	
-0.2051	0.2473	0.1749	67.1000	94.8750	
-0.2047	0.2459	0.1660	67.7000	92.7500	
-0.2056	0.2458	0.1569	63.0000	86.9500	
-0.2064	0.2465	0.1545	59.5250	81.3250	
-0.2071	0.2468	0.1503	57.6750	79.0750	
-0.2077	0.2466	0.1429	57.6000	80.8250	
-0.2081	0.2464	0.1364	57.6250	82.4000	
-0.2086	0.2464	0.1315	57.5250	83.0500	
-0.2090	0.2465	0.1276	56.9750	83.0000	
-0.2095	0.2465	0.1235	56.4750	83.0750	
-0.2098	0.2465	0.1197	56.1250	82.8750	
-0.2102	0.2464	0.1157	55.8750	82.8500	
-0.2104	0.2463	0.1123	55.6750	82.5250	
-0.2107	0.2463	0.1094	55.2750	82.2000	
-0.2109	0.2462	0.1071	54.8750	81.6000	
-0.2109	0.2461	0.1057	54.7000	81.2250	
-0.2110	0.2459	0.1026	55.0750	81.0500	
-0.2111	0.2457	0.1004	55.3250	80.8750	
-0.2111	0.2455	0.0986	55.8250	80.8250	
-0.2111	0.2453	0.0972	56.3500	80.7000	
-0.2110	0.2451	0.0961	57.3000	80.6500	
-0.2111	0.2449	0.0937	58.2750	81.2500	
-0.2115	0.2450	0.0900	59.9750	82.0000	
-0.2128	0.2457	0.0831	61.4250	82.9250	
-0.2161	0.2476	0.0682	58.4500	80.4750	
-0.2178	0.2486	0.0587	52.5000	72.3250	
-0.2175	0.2474	0.0517	54.7250	67.7500	
-0.2163	0.2458	0.0487	65.8500	66.4250	
-0.2150	0.2441	0.0471	72.8250	66.2750	
-0.2137	0.2425	0.0460	73.9250	66.5000	
-0.2126	0.2416	0.0482	75.3750	67.1000	
-0.2117	0.2408	0.0508	74.7500	69.0000	
-0.2111	0.2404	0.0521	73.7750	71.2000	
-0.2108	0.2403	0.0548	73.7000	73.5000	
-0.2106	0.2405	0.0581	72.9750	75.2000	
-0.2106	0.2407	0.0604	72.5000	77.0500	
-0.2106	0.2410	0.0627	72.1000	78.5500	
-0.2107	0.2414	0.0655	72.1500	79.9750	
-0.2109	0.2419	0.0680	72.0750	81.2750	
-0.2110	0.2422	0.0692	72.2500	82.3750	
-0.2112	0.2425	0.0706	72.6250	83.6750	
-0.2114	0.2428	0.0712	73.3750	84.5500	
-0.2115	0.2430	0.0726	72.9250	85.5500	
-0.2116	0.2434	0.0746	73.6250	86.0500	
-0.2116	0.2436	0.0756	72.7500	86.4750	
-0.2116	0.2436	0.0755	72.6000	86.6500	
-0.2117	0.2435	0.0751	72.7000	86.9000	
-0.2117	0.2436	0.0757	72.4750	86.6250	
-0.2117	0.2437	0.0766	72.3000	86.2500	
-0.2117	0.2436	0.0759	71.9750	86.6250	
-0.2116	0.2436	0.0760	72.2000	86.7000	
-0.2115	0.2433	0.0751	72.7750	86.2500	
-0.2115	0.2432	0.0741	72.5250	86.0500	
-0.2115	0.2429	0.0709	73.1000	85.7000	
-0.2115	0.2428	0.0702	73.2750	84.7750	
-0.2116	0.2427	0.0685	73.8000	83.7750	
-0.2115	0.2426	0.0679	73.9250	82.9250	
-0.2115	0.2425	0.0670	74.0500	81.8000	
-0.2115	0.2425	0.0678	73.8500	81.3000	
-0.2114	0.2424	0.0671	74.0000	80.9750	
-0.2114	0.2425	0.0686	74.0500	80.6500	
-0.2113	0.2424	0.0685	74.1250	80.6500	
-0.2113	0.2425	0.0694	73.7250	80.8500	
-0.2112	0.2426	0.0716	74.0000	80.9000	
-0.2112	0.2428	0.0735	73.5000	81.2750	
-0.2111	0.2429	0.0748	73.5250	81.7000	
-0.2111	0.2431	0.0767	73.3250	81.9500	
-0.2111	0.2432	0.0779	72.9250	82.1500	
-0.2111	0.2434	0.0798	73.2750	82.5000	
-0.2109	0.2436	0.0825	73.1000	82.5500	
-0.2109	0.2436	0.0832	73.2750	82.5500	
-0.2109	0.2437	0.0845	72.8000	82.4750	
-0.2108	0.2436	0.0847	73.7750	82.0250	
-0.2108	0.2438	0.0860	73.9250	81.3250	
-0.2108	0.2437	0.0853	73.7500	80.6000	
-0.2107	0.2437	0.0865	74.0250	80.0250	
-0.2107	0.2436	0.0856	73.6250	79.3750	
-0.2107	0.2436	0.0857	73.8750	78.8250	
-0.2107	0.2437	0.0865	74.0750	78.3000	
-0.2106	0.2437	0.0871	74.3750	77.8000	
-0.2105	0.2438	0.0887	73.9000	78.1500	
-0.2104	0.2440	0.0915	73.7250	78.1750	
-0.2105	0.2442	0.0928	73.1250	78.5500	
-0.2105	0.2444	0.0952	73.0500	79.0750	
-0.2105	0.2447	0.0967	72.9750	79.5000	
-0.2104	0.2450	0.1011	71.9750	80.0750	
-0.2104	0.2450	0.1009	71.6750	80.1500	
-0.2104	0.2452	0.1025	72.2750	80.4000	
-0.2103	0.2452	0.1035	72.0250	80.2000	
-0.2103	0.2452	0.1039	73.5250	79.9250	
-0.2102	0.2453	0.1060	72.8250	79.6750	
-0.2102	0.2454	0.1062	73.5000	78.9500	
-0.2103	0.2454	0.1051	74.9250	78.3250	
-0.2103	0.2453	0.1041	74.9750	77.7500	
-0.2103	0.2453	0.1048	74.3500	77.0250	
-0.2103	0.2453	0.1050	74.7000	76.5500	
-0.2103	0.2453	0.1051	74.0000	76.5250	
-0.2102	0.2454	0.1060	74.7250	76.5500	
-0.2102	0.2453	0.1058	74.4250	76.4250	
-0.2102	0.2455	0.1073	73.9750	76.9250	
-0.2102	0.2455	0.1075	74.3250	77.1250	
-0.2102	0.2458	0.1107	70.7250	77.7750	
-0.2102	0.2459	0.1108	72.9750	78.1750	
-0.2102	0.2462	0.1144	70.2750	78.2500	
-0.2101	0.2465	0.1175	67.7750	78.4000	
-0.2101	0.2465	0.1176	70.6750	78.9750	
-0.2101	0.2469	0.1206	66.4000	78.9500	
-0.2101	0.2469	0.1218	63.5750	78.9500	
-0.2099	0.2468	0.1216	69.0750	79.1000	
-0.2101	0.2470	0.1213	74.0000	78.2750	
-0.2101	0.2469	0.1212	73.7250	77.8750	
-0.2101	0.2469	0.1213	71.4500	77.5500	
-0.2101	0.2470	0.1219	74.0750	76.2250	
-0.2101	0.2469	0.1205	75.4750	75.5750	
-0.2101	0.2468	0.1199	74.7000	75.2000	
-0.2101	0.2467	0.1194	74.0000	75.1250	
-0.2101	0.2468	0.1201	70.5000	75.1500	
-0.2100	0.2471	0.1239	64.4250	75.3000	
-0.2101	0.2472	0.1241	67.4250	75.4250	
-0.2101	0.2472	0.1241	68.5250	76.1000	
-0.2098	0.2474	0.1279	62.3500	76.2000	
-0.2099	0.2477	0.1296	61.8000	76.8500	
-0.2099	0.2477	0.1306	61.1750	77.3250	
-0.2100	0.2479	0.1313	63.5750	77.6250	
-0.2101	0.2482	0.1325	67.3000	77.9500	
-0.2101	0.2483	0.1340	65.3750	78.1250	
-0.2100	0.2484	0.1356	64.5250	77.6250	
-0.2099	0.2484	0.1359	62.4500	77.6500	
-0.2099	0.2483	0.1358	61.2750	77.0250	
-0.2100	0.2484	0.1351	60.3750	76.1500	
-0.2101	0.2485	0.1355	62.6250	75.3750	
-0.2101	0.2484	0.1348	63.8000	74.7500	
-0.2100	0.2483	0.1353	60.9500	74.1750	
-0.2100	0.2485	0.1357	57.3000	74.0500	
-0.2100	0.2481	0.1330	64.2000	73.9250	
-0.2100	0.2482	0.1335	55.2750	73.9250	
-0.2098	0.2483	0.1366	57.2750	74.4000	
-0.2099	0.2488	0.1396	56.6500	74.5000	
-0.2100	0.2489	0.1400	56.7250	75.2500	
-0.2100	0.2490	0.1413	56.7250	75.8250	
-0.2100	0.2491	0.1422	55.1000	75.9750	
-0.2101	0.2493	0.1428	56.1000	76.5250	
-0.2101	0.2494	0.1438	56.0750	77.0250	
-0.2101	0.2495	0.1453	51.8000	76.9750	
-0.2100	0.2496	0.1457	51.9500	76.9750	
-0.2101	0.2497	0.1467	52.3000	76.5500	
-0.2100	0.2497	0.1475	51.5000	76.0250	
-0.2100	0.2497	0.1479	53.4000	75.2500	
-0.2101	0.2497	0.1468	51.7000	74.6500	
-0.2101	0.2496	0.1457	51.4250	73.8250	
-0.2102	0.2496	0.1439	51.1000	72.9500	
-0.2100	0.2495	0.1447	52.3250	72.7750	
-0.2101	0.2494	0.1437	53.6750	72.4750	
-0.2101	0.2494	0.1433	53.0500	72.2250	
-0.2101	0.2493	0.1432	52.2500	72.6250	
-0.2101	0.2495	0.1446	51.3500	73.1000	
-0.2101	0.2497	0.1468	50.7000	73.4250	
-0.2100	0.2500	0.1497	51.0500	73.9250	
-0.2100	0.2501	0.1508	48.0250	75.1000	
-0.2102	0.2504	0.1514	44.5750	75.7500	
-0.2101	0.2504	0.1526	45.8750	76.5500	
-0.2101	0.2506	0.1540	42.9000	76.6250	
-0.2101	0.2507	0.1556	38.9500	76.5250	
-0.2100	0.2509	0.1576	42.7500	75.9750	
-0.2101	0.2510	0.1576	48.8000	75.6000	
-0.2101	0.2509	0.1571	42.0250	74.8500	
-0.2102	0.2509	0.1558	43.3250	73.7750	
-0.2102	0.2506	0.1539	50.6750	72.8000	
-0.2101	0.2505	0.1528	49.1500	72.1000	
-0.2102	0.2503	0.1508	50.6250	71.4250	
-0.2102	0.2503	0.1505	50.7500	70.8000	
-0.2102	0.2502	0.1496	50.2000	70.9500	
-0.2101	0.2501	0.1492	49.0750	71.2000	
-0.2101	0.2501	0.1497	49.4750	71.5250	
-0.2102	0.2505	0.1522	49.3500	72.2500	
-0.2102	0.2507	0.1541	44.9500	73.2000	
-0.2102	0.2509	0.1555	43.9250	73.8750	
-0.2102	0.2510	0.1564	41.4500	74.7250	
-0.2102	0.2513	0.1590	38.8000	75.1000	
-0.2102	0.2515	0.1612	37.1500	75.8500	
-0.2102	0.2515	0.1612	34.4000	76.2750	
-0.2102	0.2515	0.1615	41.9000	76.0250	
-0.2102	0.2515	0.1617	40.5250	75.9000	
-0.2102	0.2515	0.1621	43.0750	75.0000	
-0.2102	0.2516	0.1618	44.4750	74.0000	
-0.2102	0.2515	0.1616	38.8500	73.0750	
-0.2103	0.2513	0.1587	46.1000	72.2250	
-0.2103	0.2512	0.1583	45.0750	71.5500	
-0.2103	0.2510	0.1566	50.5250	70.6000	
-0.2102	0.2509	0.1552	50.4500	70.3750	
-0.2102	0.2507	0.1547	50.3750	70.4250	
-0.2102	0.2507	0.1544	50.1250	70.7750	
-0.2102	0.2509	0.1555	45.8500	71.2750	
-0.2102	0.2510	0.1571	45.9000	71.8500	
-0.2102	0.2512	0.1580	41.4000	72.4000	
-0.2103	0.2513	0.1590	44.7750	73.2500	
-0.2103	0.2514	0.1599	45.6500	74.0750	
-0.2105	0.2521	0.1642	40.8250	74.5750	
-0.2103	0.2520	0.1645	37.2500	75.3000	
-0.2102	0.2519	0.1647	38.1750	75.5750	
-0.2102	0.2520	0.1659	40.5750	75.4000	
-0.2102	0.2521	0.1663	42.7500	75.2250	
-0.2102	0.2521	0.1664	40.3750	74.5500	
-0.2102	0.2521	0.1676	41.1000	73.7000	
-0.2102	0.2521	0.1669	44.9000	73.2750	
-0.2103	0.2522	0.1668	46.2000	72.5250	
-0.2103	0.2520	0.1649	42.5500	71.9250	
-0.2103	0.2517	0.1619	48.2750	71.2500	
-0.2103	0.2514	0.1595	50.3750	70.9250	
-0.2103	0.2513	0.1589	50.4750	70.7250	
-0.2103	0.2513	0.1587	50.2500	70.9000	
-0.2102	0.2512	0.1585	49.7250	70.8250	
-0.2102	0.2514	0.1602	47.4750	71.7000	
-0.2103	0.2514	0.1598	48.7500	72.0000	
-0.2103	0.2516	0.1610	49.6250	72.7500	
-0.2103	0.2516	0.1618	49.4000	73.2250	
-0.2103	0.2519	0.1636	48.1500	73.7500	
-0.2103	0.2519	0.1638	48.9000	74.1500	
-0.2103	0.2519	0.1645	47.4250	74.6000	
-0.2103	0.2520	0.1651	47.8500	74.6750	
-0.2103	0.2520	0.1646	48.3500	74.7000	
-0.2103	0.2520	0.1655	48.3250	74.6750	
-0.2102	0.2521	0.1664	48.2000	74.4000	
-0.2103	0.2519	0.1645	48.9000	74.2000	
-0.2103	0.2518	0.1634	49.3250	74.0500	
-0.2103	0.2517	0.1629	49.2000	73.6250	
-0.2103	0.2516	0.1618	49.3500	73.3250	
-0.2103	0.2516	0.1612	49.7000	73.0750	
-0.2103	0.2514	0.1602	49.2750	73.1000	
-0.2102	0.2513	0.1596	49.6250	73.3500	
-0.2103	0.2513	0.1595	49.5250	73.2250	
-0.2102	0.2512	0.1583	49.4250	73.5750	
-0.2103	0.2512	0.1584	49.1250	73.6750	
-0.2102	0.2513	0.1590	49.3750	73.7500	
-0.2102	0.2511	0.1582	49.0500	74.3250	
-0.2101	0.2511	0.1589	49.1250	74.0250	
-0.2102	0.2513	0.1597	49.1250	74.3000	
-0.2102	0.2513	0.1600	48.8000	74.2750	
-0.2102	0.2512	0.1587	48.9750	74.6500	
-0.2103	0.2512	0.1584	48.5000	74.6250	
-0.2102	0.2514	0.1598	48.8500	74.7000	
-0.2103	0.2514	0.1596	49.0500	74.5250	
-0.2103	0.2513	0.1591	48.8750	74.5000	
-0.2103	0.2513	0.1594	48.8000	74.3500	
-0.2102	0.2514	0.1603	48.9250	74.1750	
-0.2103	0.2513	0.1593	49.1500	74.0250	
-0.2103	0.2513	0.1586	49.0250	73.9750	
-0.2103	0.2512	0.1587	49.2750	73.8500	
-0.2103	0.2513	0.1591	49.4500	74.0250	
-0.2103	0.2513	0.1592	48.9750	73.7750	
-0.2103	0.2513	0.1591	49.5000	73.6500	
-0.2103	0.2513	0.1588	49.3250	73.8000	
-0.2103	0.2513	0.1586	49.2000	73.8500	
-0.2103	0.2514	0.1592	49.2500	73.7000	
-0.2102	0.2513	0.1594	49.4000	73.9250	
-0.2103	0.2514	0.1601	49.2500	73.8750	
-0.2103	0.2515	0.1602	49.0500	73.7750	
-0.2103	0.2516	0.1608	49.0750	73.7000	
-0.2103	0.2515	0.1602	49.3500	73.8500	
-0.2103	0.2515	0.1599	49.2250	73.9000	
-0.2103	0.2516	0.1613	49.0750	73.6750	
-0.2103	0.2517	0.1622	48.6000	73.7750	
-0.2103	0.2517	0.1623	48.8500	73.5750	
-0.2103	0.2517	0.1622	48.7000	73.5000	
-0.2103	0.2517	0.1623	49.0500	73.5750	
-0.2103	0.2517	0.1623	48.7250	73.5250	
-0.2103	0.2517	0.1623	48.8000	73.4750	
-0.2103	0.2518	0.1632	48.7750	73.5250	
-0.2103	0.2519	0.1637	48.9500	73.2500	
-0.2103	0.2519	0.1638	47.2750	73.5000	
-0.2103	0.2520	0.1650	48.5000	73.1000	
-0.2102	0.2519	0.1647	47.0250	73.2250	
-0.2103	0.2518	0.1630	48.7000	73.6250	
-0.2102	0.2520	0.1653	48.7250	73.5500	
-0.2103	0.2520	0.1649	47.8750	73.5000	
-0.2103	0.2521	0.1656	47.4250	73.2000	
-0.2103	0.2522	0.1666	48.8000	73.2250	
-0.2103	0.2522	0.1667	47.9000	73.3750	
-0.2104	0.2523	0.1667	48.0250	73.4250	
-0.2104	0.2523	0.1672	48.0750	73.2500	
-0.2104	0.2524	0.1680	47.5000	73.2250	
-0.2104	0.2524	0.1678	46.9500	73.2750	
-0.2104	0.2524	0.1678	47.5250	73.3750	
-0.2104	0.2524	0.1681	47.2250	73.2500	
-0.2104	0.2525	0.1683	47.5250	73.2500	
-0.2104	0.2525	0.1689	46.6000	73.1750	
-0.2104	0.2526	0.1694	47.8500	73.1000	
-0.2104	0.2526	0.1698	47.3500	73.3000	
-0.2104	0.2527	0.1704	46.7750	73.2250	
-0.2104	0.2527	0.1702	45.7250	73.2500	
-0.2104	0.2527	0.1705	47.3500	73.1750	
-0.2104	0.2527	0.1704	46.7750	73.3500	
-0.2104	0.2528	0.1710	47.5750	73.1750	
-0.2104	0.2528	0.1707	46.2000	73.5250	
-0.2104	0.2528	0.1710	45.6250	73.3750	
-0.2104	0.2531	0.1734	45.9250	73.2000	
-0.2104	0.2529	0.1724	40.5500	73.3500	
-0.2104	0.2530	0.1724	46.3750	73.3000	
-0.2104	0.2529	0.1722	45.9750	73.3500	
-0.2104	0.2530	0.1723	46.6750	73.2750	
-0.2104	0.2530	0.1727	46.5500	73.3000	
-0.2104	0.2531	0.1730	45.4000	73.2500	
-0.2105	0.2531	0.1738	46.7750	72.9250	
-0.2104	0.2530	0.1729	38.6000	73.5750	
-0.2105	0.2530	0.1724	47.2750	73.1500	
-0.2105	0.2528	0.1696	47.1250	73.5500	
-0.2106	0.2524	0.1658	49.5250	73.6000	
-0.2106	0.2523	0.1650	46.1000	73.5250	
-0.2107	0.2524	0.1649	50.7500	73.4500	
-0.2107	0.2523	0.1636	48.3750	73.4250	
-0.2107	0.2522	0.1625	48.4750	73.1000	
-0.2108	0.2521	0.1609	43.0000	73.2250	
-0.2108	0.2522	0.1621	41.7250	72.9500	
-0.2108	0.2524	0.1634	41.6750	72.9750	
-0.2108	0.2524	0.1636	42.9250	73.0500	
-0.2108	0.2524	0.1640	40.9000	73.1250	
-0.2108	0.2526	0.1653	41.6500	73.1750	
-0.2108	0.2526	0.1658	38.4000	73.3250	
-0.2108	0.2526	0.1653	38.3250	73.4000	
-0.2108	0.2526	0.1652	37.8750	73.6500	
-0.2108	0.2525	0.1650	39.4750	73.5250	
-0.2108	0.2527	0.1664	37.9750	73.6500	
-0.2108	0.2528	0.1667	39.1750	73.3500	
-0.2108	0.2527	0.1664	37.6250	73.7750	
-0.2108	0.2527	0.1662	37.8000	73.6250	
-0.2108	0.2528	0.1674	39.0000	73.2750	
-0.2108	0.2528	0.1677	39.3000	73.3000	
-0.2108	0.2527	0.1664	36.8500	73.5500	
-0.2108	0.2526	0.1656	37.4250	73.3000	
-0.2108	0.2527	0.1661	37.4750	73.1000	
-0.2108	0.2527	0.1663	37.3000	72.8750	
-0.2108	0.2527	0.1660	37.9500	72.7500	
-0.2108	0.2527	0.1663	37.0250	72.6250	
-0.2108	0.2526	0.1655	37.9250	72.5000	
-0.2108	0.2526	0.1647	36.8250	72.6500	
-0.2109	0.2525	0.1644	38.2000	72.0750	
-0.2109	0.2524	0.1632	36.9750	72.2500	
-0.2109	0.2521	0.1602	39.5000	71.9250	
-0.2109	0.2524	0.1623	37.2000	71.9750	
-0.2109	0.2524	0.1618	38.6000	71.4500	
-0.2110	0.2523	0.1610	37.7000	71.6000	
-0.2110	0.2524	0.1618	36.8250	71.1750	
-0.2110	0.2524	0.1616	38.2500	70.9000	
-0.2110	0.2526	0.1628	37.2250	71.0000	
-0.2111	0.2526	0.1633	36.0750	70.7000	
-0.2111	0.2525	0.1617	37.7500	70.5000	
-0.2111	0.2525	0.1617	36.3500	71.0000	
-0.2111	0.2525	0.1613	37.3250	70.4250	
-0.2111	0.2526	0.1622	36.5500	70.4500	
-0.2112	0.2527	0.1629	36.8750	70.2000	
-0.2112	0.2529	0.1646	36.1500	70.0750	
-0.2112	0.2531	0.1654	35.3250	70.2750	
-0.2112	0.2531	0.1655	35.4500	70.1500	
-0.2112	0.2532	0.1659	35.5000	70.2250	
-0.2113	0.2534	0.1676	34.7500	70.2500	
-0.2113	0.2536	0.1696	34.4750	70.0000	
-0.2113	0.2536	0.1697	34.4750	70.1750	
-0.2113	0.2537	0.1703	33.9750	70.2500	
-0.2113	0.2539	0.1715	33.7750	69.7750	
-0.2114	0.2541	0.1728	33.4750	69.7500	
-0.2114	0.2542	0.1735	32.8500	69.6750	
-0.2114	0.2543	0.1748	32.5500	69.4750	
-0.2114	0.2545	0.1760	31.9750	69.2500	
-0.2115	0.2547	0.1771	31.6250	69.1750	
-0.2115	0.2548	0.1784	31.1250	68.9250	
-0.2115	0.2550	0.1799	30.8500	68.7250	
-0.2116	0.2553	0.1816	30.3000	68.5000	
-0.2116	0.2554	0.1829	29.7000	68.3750	
-0.2117	0.2556	0.1838	29.5500	67.7750	
-0.2117	0.2558	0.1849	29.1500	67.6750	
-0.2118	0.2560	0.1860	28.3250	67.2500	
-0.2118	0.2561	0.1867	27.9750	66.8500	
-0.2119	0.2562	0.1874	27.3500	66.3750	
-0.2119	0.2564	0.1886	27.2750	66.0250	
-0.2120	0.2566	0.1893	26.9750	65.3250	
-0.2121	0.2567	0.1896	26.9500	64.7750	
-0.2121	0.2568	0.1900	26.9000	64.2250	
-0.2122	0.2569	0.1902	26.5000	63.6750	
-0.2123	0.2570	0.1903	26.5500	63.2250	
-0.2123	0.2571	0.1904	26.5000	62.4750	
-0.2124	0.2572	0.1901	26.5000	61.9500	
-0.2125	0.2572	0.1889	26.4250	61.3500	
-0.2127	0.2572	0.1871	26.2500	60.8000	
-0.2130	0.2572	0.1853	26.2000	60.3000	
-0.2132	0.2572	0.1828	26.0750	59.7250	
-0.2135	0.2571	0.1797	26.1000	59.4500	
-0.2137	0.2570	0.1766	26.0750	59.2250	
-0.2138	0.2569	0.1740	26.0500	59.0500	
-0.2139	0.2567	0.1715	26.0000	58.7750	
-0.2139	0.2565	0.1693	26.2250	58.2500	
-0.2138	0.2562	0.1674	26.2500	58.0000	
-0.2137	0.2559	0.1660	26.5750	57.5500	
-0.2135	0.2555	0.1644	26.7250	57.1000	
-0.2133	0.2551	0.1627	27.0500	56.8000	
-0.2131	0.2547	0.1611	27.1750	56.6750	
-0.2130	0.2543	0.1593	27.1250	56.3500	
-0.2128	0.2540	0.1583	27.3500	55.9000	
-0.2125	0.2535	0.1571	28.6500	55.2250	
-0.2121	0.2529	0.1555	33.2250	54.6750	
-0.2116	0.2521	0.1533	36.7750	54.2250	
-0.2108	0.2509	0.1505	46.8000	53.8250	
-0.2100	0.2498	0.1479	50.0000	53.8500	
-0.2093	0.2488	0.1460	50.0000	54.0250	
-0.2087	0.2479	0.1446	59.6250	54.5250	
-0.2083	0.2474	0.1441	68.3500	55.6250	
-0.2080	0.2471	0.1442	69.4500	56.7750	
-0.2079	0.2471	0.1446	69.6500	57.5000	
-0.2079	0.2471	0.1450	69.4750	58.1000	
-0.2080	0.2472	0.1454	68.4250	58.8000	
-0.2081	0.2474	0.1455	66.8000	59.2250	
-0.2084	0.2477	0.1455	65.5750	59.8750	
-0.2087	0.2480	0.1452	63.6000	60.7750	
-0.2090	0.2483	0.1451	61.7000	61.9250	
-0.2093	0.2486	0.1445	60.3250	63.3750	
-0.2097	0.2489	0.1435	59.1000	64.7250	
-0.2101	0.2492	0.1421	57.7250	66.2500	
-0.2104	0.2494	0.1405	56.5250	67.6750	
-0.2108	0.2496	0.1386	55.4000	69.5750	
-0.2111	0.2497	0.1368	54.4000	72.6000	
-0.2114	0.2498	0.1342	53.6000	74.5000	
-0.2116	0.2496	0.1307	53.4250	76.2750	
-0.2118	0.2494	0.1267	52.9500	76.7750	
-0.2119	0.2490	0.1223	53.1250	78.8000	
-0.2119	0.2485	0.1174	53.7250	80.0500	
-0.2116	0.2477	0.1129	55.0000	81.6750	
-0.2108	0.2463	0.1089	56.2000	82.9000	
-0.2094	0.2446	0.1073	56.6500	84.2000	
-0.2078	0.2431	0.1097	56.3500	85.5500	
-0.2066	0.2426	0.1174	54.4000	86.8750	
-0.2062	0.2437	0.1311	50.9250	89.2000	
-0.2073	0.2474	0.1534	43.6000	92.0500	
-0.2097	0.2533	0.1827	32.9750	94.4000	
-0.2122	0.2598	0.2163	27.2750	94.8250	
-0.2137	0.2635	0.2351	26.9750	93.7500	
-0.2143	0.2645	0.2378	28.2750	91.3250	
-0.2141	0.2630	0.2254	32.4750	86.8250	
-0.2135	0.2610	0.2142	33.7750	81.8750	
-0.2127	0.2591	0.2042	33.3000	78.5750	
-0.2121	0.2567	0.1889	35.1750	76.4500	
-0.2116	0.2548	0.1771	37.0000	75.4000	
-0.2111	0.2534	0.1702	38.7250	74.3750	
-0.2105	0.2522	0.1651	41.6000	73.0000	
-0.2099	0.2511	0.1612	44.3500	73.0000	
-0.2097	0.2506	0.1583	46.2250	74.1000	
-0.2097	0.2503	0.1563	47.2000	74.8000	
-0.2097	0.2502	0.1548	48.2500	75.6500	
-0.2097	0.2501	0.1532	49.3750	75.4000	
-0.2098	0.2499	0.1515	50.4750	74.9000	
-0.2099	0.2499	0.1499	51.4000	74.3500	
-0.2100	0.2499	0.1486	51.8250	73.4000	
-0.2102	0.2499	0.1475	52.2250	72.5750	
-0.2103	0.2499	0.1467	52.4500	71.9500	
-0.2103	0.2500	0.1463	52.3250	71.8000	
-0.2104	0.2500	0.1460	52.0000	72.1250	
-0.2104	0.2500	0.1458	51.7250	72.1750	
-0.2105	0.2500	0.1456	51.3500	72.1000	
-0.2105	0.2501	0.1454	51.2500	72.1750	
-0.2106	0.2501	0.1452	51.1500	72.1750	
-0.2106	0.2501	0.1449	51.0500	72.2250	
-0.2107	0.2501	0.1446	50.9000	72.3000	
-0.2107	0.2501	0.1443	50.8000	72.4250	
-0.2107	0.2501	0.1439	50.7250	72.5500	
-0.2108	0.2501	0.1435	50.6250	72.6250	
-0.2108	0.2501	0.1430	50.5250	72.7250	
-0.2108	0.2501	0.1425	50.3000	73.0250	
-0.2108	0.2500	0.1420	50.2750	73.1750	
-0.2109	0.2500	0.1413	50.4000	73.4500	
-0.2109	0.2499	0.1406	50.4750	73.6250	
-0.2109	0.2498	0.1397	50.6750	73.8000	
-0.2109	0.2498	0.1388	51.3500	74.0000	
-0.2109	0.2496	0.1377	52.1000	74.2250	
-0.2109	0.2495	0.1365	52.8000	74.1750	
-0.2109	0.2493	0.1351	53.2750	74.0250	
-0.2108	0.2490	0.1336	54.5000	73.5750	
-0.2106	0.2486	0.1319	55.7500	72.6000	
-0.2104	0.2482	0.1302	56.6000	71.1250	
-0.2102	0.2479	0.1288	57.4250	69.5750	
-0.2101	0.2476	0.1278	58.5750	67.9000	
-0.2099	0.2474	0.1274	58.8250	66.5750	
-0.2098	0.2473	0.1273	58.7500	66.1500	
-0.2097	0.2472	0.1274	58.2250	65.6750	
-0.2097	0.2472	0.1278	57.6500	65.2250	
-0.2096	0.2472	0.1284	57.4250	64.7250	
-0.2096	0.2473	0.1292	56.8750	64.3500	
-0.2096	0.2474	0.1301	56.6250	63.8250	
-0.2097	0.2475	0.1310	56.1750	63.5000	
-0.2097	0.2477	0.1320	56.3250	63.0000	
-0.2098	0.2479	0.1330	56.0750	62.5750	
-0.2099	0.2481	0.1339	55.6500	61.8750	
-0.2100	0.2483	0.1348	55.7250	61.5750	
-0.2102	0.2486	0.1357	55.8500	61.0750	
-0.2102	0.2488	0.1365	55.9250	60.8000	
-0.2104	0.2490	0.1373	55.5750	60.6000	
-0.2105	0.2492	0.1382	55.3750	60.4750	
-0.2106	0.2495	0.1392	55.1000	60.2500	
-0.2108	0.2498	0.1402	54.8000	60.1750	
-0.2109	0.2501	0.1416	54.3000	60.3750	
-0.2110	0.2504	0.1434	53.3750	60.7250	
-0.2112	0.2509	0.1458	51.5500	61.2500	
-0.2114	0.2515	0.1491	46.9000	62.3250	
-0.2117	0.2523	0.1539	38.4750	64.4000	
-0.2121	0.2535	0.1602	31.6250	66.6500	
-0.2128	0.2553	0.1700	28.9750	70.3500	
-0.2134	0.2576	0.1846	27.2000	76.4500	
-0.2133	0.2591	0.1989	25.7750	82.3250	
-0.2128	0.2591	0.2033	25.6000	84.8250	
-0.2126	0.2581	0.1969	26.0000	82.2750	
-0.2123	0.2567	0.1870	26.8250	78.9500	
-0.2120	0.2554	0.1789	28.1750	75.8500	
-0.2115	0.2544	0.1737	28.6750	74.3500	
-0.2111	0.2535	0.1700	29.0500	73.8750	
-0.2107	0.2528	0.1677	30.3250	74.3500	
-0.2103	0.2520	0.1653	35.0750	74.7750	
-0.2100	0.2514	0.1631	42.2000	75.1250	
-0.2097	0.2508	0.1608	46.7750	75.1000	
-0.2095	0.2503	0.1583	50.6500	74.5750	
-0.2093	0.2499	0.1562	53.8500	74.3000	
-0.2092	0.2496	0.1544	55.9750	73.7750	
-0.2092	0.2494	0.1531	57.7000	73.7250	
-0.2092	0.2493	0.1520	58.2250	73.7500	
-0.2093	0.2493	0.1513	58.1250	73.9750	
-0.2094	0.2494	0.1508	57.2500	74.2500	
-0.2095	0.2495	0.1504	56.1000	74.7750	
-0.2097	0.2496	0.1503	54.5000	75.4750	
-0.2098	0.2498	0.1501	53.3250	76.1500	
-0.2099	0.2499	0.1500	52.1500	76.6000	
-0.2100	0.2500	0.1499	50.9500	77.1750	
-0.2101	0.2501	0.1498	49.9500	77.7750	
-0.2102	0.2502	0.1497	48.8750	78.1250	
-0.2103	0.2503	0.1496	47.8750	78.7250	
-0.2104	0.2504	0.1495	46.6750	79.0000	
-0.2105	0.2504	0.1494	45.8750	79.2000	
-0.2105	0.2505	0.1492	44.9000	79.5750	
-0.2106	0.2506	0.1490	44.2500	79.8750	
-0.2107	0.2506	0.1487	43.5000	80.0250	
-0.2107	0.2506	0.1483	42.8750	79.8000	
-0.2108	0.2506	0.1478	42.3500	79.4750	
-0.2109	0.2507	0.1469	41.9500	78.8750	
-0.2110	0.2507	0.1456	41.3000	77.9250	
-0.2112	0.2507	0.1441	40.8250	76.6750	
-0.2114	0.2507	0.1427	40.4000	75.8750	
-0.2115	0.2507	0.1414	39.9750	75.3500	
-0.2117	0.2507	0.1399	39.4250	74.8250	
-0.2118	0.2507	0.1383	38.9250	74.0750	
-0.2121	0.2508	0.1363	38.1000	73.3250	
-0.2123	0.2508	0.1340	37.9750	72.7750	
-0.2126	0.2507	0.1311	37.8250	72.1000	
-0.2128	0.2506	0.1275	38.8750	71.3750	
-0.2131	0.2505	0.1231	42.3750	70.7250	
-0.2134	0.2502	0.1177	46.2750	70.0250	
-0.2135	0.2497	0.1115	49.3250	69.4750	
-0.2136	0.2490	0.1047	51.2250	69.5250	
-0.2135	0.2481	0.0978	53.6000	69.8250	
-0.2132	0.2470	0.0913	58.5250	70.0500	
-0.2127	0.2459	0.0855	61.8250	70.0500	
-0.2121	0.2447	0.0812	63.5000	69.8000	
-0.2114	0.2436	0.0791	63.9500	69.5000	
-0.2108	0.2431	0.0790	63.4500	68.8250	
-0.2106	0.2431	0.0823	61.9000	67.4750	
-0.2107	0.2437	0.0862	60.7750	65.0250	
-0.2110	0.2445	0.0909	60.1250	62.7500	
-0.2114	0.2455	0.0950	59.9000	60.2250	
-0.2118	0.2463	0.0980	61.2250	58.6750	
-0.2122	0.2468	0.0997	63.9000	57.3750	
-0.2124	0.2472	0.1009	65.9750	56.5250	
-0.2126	0.2476	0.1017	67.0250	55.7500	
-0.2128	0.2477	0.1017	68.7000	55.3000	
-0.2129	0.2478	0.1013	70.7500	54.9000	
-0.2129	0.2477	0.1001	72.0250	54.6250	
-0.2129	0.2475	0.0984	71.9750	54.5000	
-0.2128	0.2472	0.0966	71.8500	54.3750	
-0.2127	0.2469	0.0949	72.0500	54.3750	
-0.2126	0.2466	0.0934	72.7750	54.4750	
-0.2124	0.2462	0.0913	73.1500	54.5250	
-0.2122	0.2457	0.0890	73.2250	54.6250	
-0.2120	0.2453	0.0875	72.9250	54.9500	
-0.2118	0.2449	0.0865	72.7500	55.5250	
-0.2115	0.2444	0.0845	73.0250	55.7250	
-0.2113	0.2440	0.0837	73.0750	56.3750	
-0.2110	0.2437	0.0833	73.0250	56.7000	
-0.2107	0.2433	0.0826	73.1000	57.0250	
-0.2105	0.2430	0.0825	73.0750	57.6250	
-0.2102	0.2429	0.0836	72.6250	58.3500	
-0.2100	0.2427	0.0840	72.2250	59.0500	
-0.2098	0.2426	0.0860	71.6500	59.8000	
-0.2095	0.2426	0.0885	70.9750	60.4250	
-0.2093	0.2427	0.0919	69.5250	61.4250	
-0.2090	0.2430	0.0967	68.3500	62.6250	
-0.2089	0.2435	0.1030	66.3250	63.9750	
-0.2088	0.2446	0.1132	63.4750	66.1500	
-0.2090	0.2460	0.1249	61.5500	69.1750	
-0.2094	0.2484	0.1415	57.5500	72.2000	
-0.2100	0.2515	0.1633	54.3750	76.0000	
-0.2105	0.2542	0.1831	52.1750	79.7250	
-0.2107	0.2556	0.1930	51.2500	81.9500	
-0.2109	0.2563	0.1982	50.6000	83.2500	
-0.2110	0.2568	0.2009	50.4250	84.1500	
-0.2111	0.2565	0.1979	50.4750	84.6500	
-0.2111	0.2552	0.1861	51.0500	84.1250	
-0.2109	0.2532	0.1690	52.2250	82.7750	
-0.2107	0.2515	0.1561	54.1250	81.3250	
-0.2105	0.2506	0.1500	54.9000	80.4750	
-0.2104	0.2499	0.1453	55.1750	80.3000	
-0.2102	0.2493	0.1416	54.6250	79.2000	
-0.2101	0.2488	0.1376	54.7250	77.8500	
-0.2101	0.2484	0.1347	54.7500	77.4750	
-0.2100	0.2481	0.1326	55.1750	76.3500	
-0.2100	0.2477	0.1298	56.0500	75.4250	
-0.2099	0.2474	0.1273	56.1000	74.9000	
-0.2099	0.2472	0.1259	55.7000	73.8500	
-0.2098	0.2471	0.1260	55.4250	73.2000	
-0.2098	0.2470	0.1252	55.8750	73.3750	
-0.2097	0.2469	0.1248	56.5250	72.8750	
0.4937	50.0000	0.5796	50.0000	
0.4647	50.0000	0.5482	50.0000	
0.4378	50.0000	0.5203	50.0000	
0.4122	50.0000	0.4959	50.0000	
0.3872	50.0000	0.4737	50.0000	
0.3627	50.0000	0.4536	50.0000	
0.3392	50.0000	0.4352	50.0000	
0.3178	50.0000	0.4180	50.0000	
0.2984	50.0000	0.4018	50.0000	
0.2820	50.0000	0.3868	50.0000	
0.2694	50.0000	0.3726	50.0000	
0.2605	50.0000	0.3593	50.0000	
0.2544	50.0000	0.3471	50.0000	
0.2506	50.0000	0.3359	50.0000	
0.2484	50.0000	0.3262	50.0000	
0.2469	50.5500	0.3172	50.0000	
0.2458	50.8250	0.3082	50.0000	
0.2449	43.2500	0.2993	50.0000	
0.2440	34.1000	0.2905	50.0000	
0.2430	32.6250	0.2818	50.0000	
0.2420	31.1000	0.2729	50.0000	
0.2409	29.1750	0.2638	50.0000	
0.2398	28.0250	0.2549	50.0000	
0.2386	26.8000	0.2459	64.2500	
0.2374	26.2750	0.2368	71.6750	
0.2360	26.0250	0.2276	72.9250	
0.2346	26.1000	0.2180	73.0250	
0.2331	25.6750	0.2084	72.8000	
0.2315	25.4000	0.1992	72.5000	
0.2299	25.3250	0.1899	72.7250	
0.2281	25.3250	0.1810	73.4000	
0.2262	25.3750	0.1721	73.7500	
0.2243	25.3500	0.1635	74.1000	
0.2222	25.3000	0.1552	74.4000	
0.2201	25.2750	0.1472	74.8000	
0.2179	25.3000	0.1396	75.8000	
0.2157	25.4750	0.1322	75.9750	
0.2132	25.0750	0.1252	76.6000	
0.2107	25.2000	0.1185	77.0250	
0.2082	25.1500	0.1121	77.2000	
0.2055	25.2500	0.1060	77.0500	
0.2027	25.0500	0.0999	77.1250	
0.1995	25.3750	0.0941	77.4500	
0.1958	25.5250	0.0884	77.5000	
0.1917	25.3000	0.0827	77.0500	
0.1883	25.5750	0.0770	76.8000	
0.1853	25.7750	0.0715	76.6500	
0.1823	25.6000	0.0661	76.2250	
0.1795	25.5000	0.0609	75.8000	
0.1768	25.4000	0.0560	75.2250	
0.1742	25.4750	0.0514	74.7250	
0.1718	25.3250	0.0471	74.3250	
0.1696	25.3250	0.0431	73.7750	
0.1676	25.3250	0.0395	73.2500	
0.1657	25.3250	0.0362	72.8250	
0.1641	25.4750	0.0333	72.6250	
0.1625	25.7000	0.0309	72.1000	
0.1611	25.6750	0.0287	71.7750	
0.1599	25.9500	0.0268	71.5750	
0.1589	25.5000	0.0254	71.0500	
0.1580	26.2000	0.0241	70.7500	
0.1570	26.0500	0.0231	70.5500	
0.1564	26.1500	0.0223	70.3250	
0.1559	26.5750	0.0217	69.9750	
0.1553	26.1500	0.0211	69.8500	
0.1549	26.5250	0.0207	69.6750	
0.1544	26.2000	0.0204	69.6250	
0.1538	26.6250	0.0201	69.4000	
0.1532	26.2250	0.0199	69.4250	
0.1528	26.4250	0.0196	69.4000	
0.1523	26.5000	0.0195	69.3500	
0.1518	26.6250	0.0192	69.2250	
0.1513	26.8250	0.0190	69.1750	
0.1509	26.8250	0.0188	69.1750	
0.1504	26.6250	0.0185	69.0750	
0.1500	27.4500	0.0183	69.0750	
0.1494	26.8000	0.0181	69.0750	
0.1490	26.7250	0.0178	69.0500	
0.1486	28.0500	0.0176	69.0250	
0.1482	26.9250	0.0174	69.1000	
0.1477	27.0500	0.0171	69.0500	
0.1474	27.2250	0.0169	69.0250	
0.1469	27.2750	0.0168	69.0000	
0.1466	26.9750	0.0166	68.9750	
0.1462	28.0750	0.0164	69.0000	
0.1458	27.2500	0.0163	69.0000	
0.1458	27.8250	0.0161	68.9250	
0.1451	27.4500	0.0160	68.9500	
0.1449	27.6000	0.0159	68.9000	
0.1446	27.5750	0.0157	68.9000	
0.1442	27.4250	0.0157	68.9500	
0.1440	28.1500	0.0156	68.8750	
0.1436	27.5250	0.0155	68.9250	
0.1434	27.6750	0.0154	68.8250	
0.1431	28.0500	0.0153	68.8750	
0.1429	28.6750	0.0152	68.8750	
0.1426	27.3750	0.0152	68.8750	
0.1424	27.1500	0.0151	68.9500	
0.1421	28.6000	0.0151	68.9500	
0.1419	28.0000	0.0150	68.8500	
0.1417	27.9500	0.0150	68.9750	
0.1415	28.4500	0.0149	68.9000	
0.1413	28.5000	0.0149	68.8750	
0.1412	29.3000	0.0148	68.9250	
0.1409	28.3250	0.0148	68.9500	
0.1408	29.1250	0.0147	68.9250	
0.1405	30.3500	0.0147	68.9750	
0.1403	31.1750	0.0147	69.0250	
0.1402	31.7250	0.0146	69.0500	
0.1402	30.6000	0.0146	69.0000	
0.1402	38.9250	0.0146	69.1000	
0.1396	34.2500	0.0146	69.0750	
0.1397	37.9500	0.0145	69.0000	
0.1395	38.7750	0.0145	69.1250	
0.1392	34.8000	0.0144	69.1000	
0.1391	38.6750	0.0144	69.0500	
0.1390	44.7250	0.0144	69.1250	
0.1388	49.2750	0.0143	69.0750	
0.1387	52.0250	0.0143	69.0250	
0.1386	55.6250	0.0143	69.1500	
0.1384	55.3500	0.0143	69.1000	
0.1387	61.1500	0.0143	69.1500	
0.1385	57.4750	0.0142	69.2000	
0.1380	64.4250	0.0142	69.1250	
0.1379	66.0750	0.0142	69.1500	
0.1377	64.1750	0.0141	69.1250	
0.1376	63.7000	0.0141	69.2000	
0.1374	62.8250	0.0141	69.1500	
0.1373	61.0750	0.0141	69.2500	
0.1373	61.0250	0.0140	69.1750	
0.1371	61.4250	0.0140	69.2250	
0.1370	61.2000	0.0140	69.1250	
0.1370	61.4000	0.0140	69.2250	
0.1368	60.1000	0.0140	69.1750	
0.1368	59.8750	0.0140	69.2000	
0.1366	60.8000	0.0140	69.2250	
0.1367	60.6000	0.0139	69.1750	
0.1364	60.6000	0.0138	69.2750	
0.1365	58.1500	0.0138	69.3000	
0.1362	59.7500	0.0138	69.2500	
0.1361	59.9750	0.0138	69.2250	
0.1360	59.2000	0.0138	69.2750	
0.1359	58.2250	0.0137	69.2250	
0.1358	57.4250	0.0137	69.3500	
0.1357	56.9250	0.0137	69.3000	
0.1357	56.4000	0.0137	69.3750	
0.1356	56.0250	0.0136	69.3250	
0.1356	53.7750	0.0136	69.2750	
0.1354	54.9500	0.0136	69.3750	
0.1352	52.0250	0.0136	69.3750	
0.1353	43.9500	0.0136	69.3000	
0.1352	53.7500	0.0135	69.4000	
0.1351	44.3750	0.0135	69.3250	
0.1350	43.5750	0.0135	69.4250	
0.1351	42.3250	0.0135	69.4000	
0.1349	47.1750	0.0135	69.3500	
0.1349	39.2500	0.0135	69.3250	
0.1347	37.7250	0.0134	69.3750	
0.1347	38.0250	0.0134	69.5000	
0.1345	35.1000	0.0133	69.3750	
0.1345	35.7750	0.0133	69.3500	
0.1344	35.4250	0.0133	69.4250	
0.1343	34.7500	0.0133	69.4000	
0.1343	34.7750	0.0133	69.4000	
0.1344	35.9000	0.0132	69.4250	
0.1343	34.8750	0.0132	69.5250	
0.1341	35.8000	0.0132	69.5500	
0.1341	33.4250	0.0132	69.4750	
0.1340	36.8250	0.0131	69.5500	
0.1339	33.2750	0.0131	69.5250	
0.1338	29.8750	0.0131	69.6250	
0.1339	30.2250	0.0131	69.4250	
0.1338	34.6000	0.0131	69.6250	
0.1339	36.5500	0.0130	69.5750	
0.1338	33.0500	0.0130	69.3750	
0.1337	31.2000	0.0130	69.6000	
0.1336	35.6250	0.0130	69.5750	
0.1336	33.3750	0.0130	69.5500	
0.1336	29.3500	0.0129	69.6000	
0.1335	36.7250	0.0129	69.6000	
0.1334	33.5000	0.0129	69.4750	
0.1334	32.0250	0.0129	69.7000	
0.1333	35.2000	0.0128	69.6500	
0.1333	30.7000	0.0128	69.5750	
0.1333	31.6750	0.0128	69.6500	
0.1332	34.1750	0.0128	69.6000	
0.1332	36.6000	0.0127	69.6500	
0.1331	32.8000	0.0127	69.7750	
0.1331	31.4000	0.0127	69.7000	
0.1330	34.6500	0.0127	69.6750	
0.1330	32.0250	0.0127	69.8000	
0.1330	32.3750	0.0126	69.6750	
0.1329	33.5000	0.0126	69.7750	
0.1329	35.5750	0.0126	69.9250	
0.1331	30.7250	0.0126	69.7000	
0.1330	37.8000	0.0126	69.5750	
0.1328	32.0250	0.0126	69.9000	
0.1328	32.4000	0.0125	69.7000	
0.1328	32.6000	0.0125	69.8500	
0.1327	38.5250	0.0125	69.7750	
0.1326	34.3750	0.0124	69.7500	
0.1326	30.8000	0.0124	69.8750	
0.1325	34.6750	0.0124	69.8500	
0.1326	38.3000	0.0124	69.7500	
0.1327	31.6000	0.0124	69.9500	
0.1324	34.7250	0.0123	69.8750	
0.1324	34.6750	0.0123	69.8250	
0.1324	32.8250	0.0123	69.8500	
0.1324	33.9000	0.0123	69.8750	
0.1323	33.2750	0.0122	69.9250	
0.1323	34.7750	0.0122	69.9000	
0.1324	37.1250	0.0122	70.0250	
0.1326	30.2250	0.0122	69.9500	
0.1325	40.7250	0.0122	69.9250	
0.1323	32.6500	0.0122	70.0000	
0.1324	35.1250	0.0121	69.9500	
0.1322	37.4500	0.0121	69.9750	
0.1322	31.3250	0.0121	70.0250	
0.1321	34.6250	0.0121	69.9250	
0.1321	37.8250	0.0121	69.9500	
0.1320	33.6250	0.0121	70.1500	
0.1321	34.9000	0.0120	69.9500	
0.1322	39.6250	0.0120	70.2250	
0.1324	31.7000	0.0120	70.1250	
0.1320	37.1250	0.0120	70.0250	
0.1322	34.0750	0.0119	70.1750	
0.1320	38.0500	0.0119	70.1750	
0.1319	38.0250	0.0119	70.1500	
0.1319	34.9750	0.0119	70.2250	
0.1319	35.3750	0.0119	70.1250	
0.1318	35.4000	0.0118	70.3250	
0.1318	37.5500	0.0119	70.1750	
0.1320	35.5000	0.0118	70.1750	
0.1318	37.9000	0.0118	70.3500	
0.1318	36.7000	0.0118	70.2000	
0.1318	36.3500	0.0118	70.4250	
0.1318	37.1250	0.0118	70.1750	
0.1317	39.1750	0.0117	70.4750	
0.1317	36.1750	0.0117	70.3250	
0.1317	36.1500	0.0117	70.3000	
0.1318	38.2000	0.0117	70.3750	
0.1316	37.3500	0.0117	70.3750	
0.1316	36.6750	0.0117	70.3000	
0.1317	40.2000	0.0116	70.3250	
0.1315	37.5000	0.0116	70.6000	
0.1316	36.5750	0.0116	70.2500	
0.1316	37.4250	0.0116	70.4500	
0.1317	37.5500	0.0115	70.5500	
0.1317	38.6500	0.0115	70.2750	
0.1315	40.2500	0.0115	70.6000	
0.1316	36.9250	0.0115	70.5500	
0.1315	36.9500	0.0115	70.4250	
0.1316	39.5000	0.0115	70.3250	
0.1315	37.0000	0.0115	70.6500	
0.1315	39.1500	0.0114	70.5750	
0.1315	38.9750	0.0114	70.5250	
0.1316	38.7750	0.0114	70.6000	
0.1315	41.4250	0.0114	70.6250	
0.1317	35.3250	0.0114	70.4500	
0.1316	41.5750	0.0113	70.6500	
0.1316	38.1500	0.0113	70.6000	
0.1315	41.0750	0.0113	70.6250	
0.1314	38.4500	0.0113	70.6000	
0.1314	39.5250	0.0113	70.6500	
0.1313	38.4750	0.0113	70.7750	
0.1313	38.7250	0.0112	70.7250	
0.1313	39.1500	0.0112	70.7250	
0.1315	41.8250	0.0112	70.8000	
0.1313	38.5750	0.0112	70.6750	
0.1313	40.3750	0.0112	70.8000	
0.1313	38.6250	0.0112	70.6750	
0.1315	41.4500	0.0111	70.7250	
0.1320	37.0500	0.0111	70.7750	
0.1316	45.0000	0.0111	70.8750	
0.1312	41.1750	0.0111	70.8000	
0.1315	37.5250	0.0111	70.8000	
0.1314	42.6750	0.0111	70.7250	
0.1314	37.6750	0.0111	70.8000	
0.1313	42.7500	0.0111	70.9000	
0.1315	39.1750	0.0110	70.9500	
0.1313	42.0500	0.0110	70.9750	
0.1312	44.7000	0.0110	70.9250	
0.1312	38.1750	0.0110	70.8500	
0.1313	41.3500	0.0110	70.9250	
0.1313	39.4250	0.0110	70.9250	
0.1312	41.9500	0.0110	70.9500	
0.1313	39.7000	0.0110	70.9000	
0.1313	41.9500	0.0109	70.9750	
0.1311	41.3500	0.0109	71.0000	
0.1312	42.0000	0.0109	71.0000	
0.1312	39.1250	0.0109	70.8000	
0.1312	40.8750	0.0109	70.9500	
0.1311	40.0250	0.0109	71.0250	
0.1311	42.4000	0.0108	70.9750	
0.1312	45.3000	0.0108	71.0500	
0.1312	39.1250	0.0108	71.0000	
0.1313	43.6750	0.0108	71.0750	
0.1314	40.4750	0.0108	70.9500	
0.1312	42.4500	0.0108	71.0750	
0.1311	41.7750	0.0108	71.0250	
0.1311	42.9750	0.0107	71.0250	
0.1310	43.8750	0.0107	71.0500	
0.1312	38.7250	0.0107	71.0250	
0.1311	42.7750	0.0107	71.0500	
0.1314	41.3000	0.0107	71.0250	
0.1311	43.5000	0.0107	71.0500	
0.1310	42.3250	0.0107	71.1500	
0.1310	39.9500	0.0107	71.1500	
0.1311	43.1000	0.0106	71.1750	
0.1312	40.4750	0.0107	71.1750	
0.1310	43.4500	0.0107	71.0750	
0.1309	41.5500	0.0107	71.1750	
0.1310	40.9500	0.0106	71.1250	
0.1309	42.6750	0.0106	71.1250	
0.1310	40.7500	0.0106	71.2250	
0.1310	43.6250	0.0106	71.1250	
0.1310	40.3750	0.0106	71.2000	
0.1310	41.8000	0.0105	71.2250	
0.1309	43.1000	0.0105	71.1500	
0.1310	40.7750	0.0105	71.1500	
0.1310	45.0500	0.0105	71.1250	
0.1309	41.6250	0.0105	71.2750	
0.1309	41.9250	0.0105	71.2000	
0.1308	42.8250	0.0105	71.2000	
0.1310	39.6000	0.0105	71.2250	
0.1310	43.9750	0.0105	71.2250	
0.1308	42.0000	0.0104	71.2750	
0.1311	42.1000	0.0104	71.2000	
0.1309	41.7750	0.0104	71.3500	
0.1309	43.2250	0.0104	71.2250	
0.1309	41.2750	0.0104	71.4250	
0.1308	42.0500	0.0104	71.2500	
0.1309	43.4000	0.0104	71.3500	
0.1308	43.1500	0.0104	71.2750	
0.1309	41.1000	0.0104	71.3000	
0.1308	41.6500	0.0104	71.3000	
0.1308	42.9000	0.0104	71.2750	
0.1308	42.3750	0.0103	71.4250	
0.1308	42.4500	0.0103	71.2250	
0.1308	41.8500	0.0103	71.3500	
0.1309	41.7250	0.0103	71.3500	
0.1308	42.1750	0.0103	71.3250	
0.1308	41.3750	0.0103	71.3500	
0.1308	43.6000	0.0103	71.3000	
0.1308	42.3750	0.0103	71.4250	
0.1309	43.0000	0.0102	71.4250	
0.1310	39.5000	0.0103	71.3500	
0.1309	44.1000	0.0103	71.3250	
0.1308	42.6000	0.0103	71.4750	
0.1308	42.7250	0.0102	71.4500	
0.1307	44.4500	0.0102	71.4500	
0.1307	41.3500	0.0102	71.5500	
0.1307	41.4250	0.0102	71.6000	
0.1309	43.9500	0.0102	71.4250	
0.1308	41.3750	0.0102	71.6250	
0.1309	42.9250	0.0102	71.4750	
0.1307	41.4500	0.0102	71.4750	
0.1307	41.8250	0.0102	71.6000	
0.1307	44.0500	0.0101	71.4250	
0.1307	42.6250	0.0101	71.5500	
0.1308	41.6500	0.0101	71.6000	
0.1308	42.1500	0.0101	71.6000	
0.1308	44.2000	0.0101	71.6000	
0.1308	42.9500	0.0101	71.6000	
0.1308	44.0000	0.0101	71.6250	
0.1308	42.6250	0.0101	71.6500	
0.1307	40.3250	0.0101	71.6500	
0.1307	44.0500	0.0101	71.6500	
0.1306	42.5750	0.0101	71.7000	
0.1308	44.6750	0.0100	71.6000	
0.1306	43.1500	0.0101	71.6500	
0.1307	42.5500	0.0100	71.5750	
0.1306	41.9500	0.0100	71.6500	
0.1306	42.2750	0.0100	71.6750	
0.1307	44.7000	0.0100	71.5750	
0.1307	42.4500	0.0100	71.7500	
0.1306	41.2250	0.0100	71.5750	
0.1307	44.1500	0.0100	71.8250	
0.1308	42.1000	0.0100	71.7750	
0.1306	43.5250	0.0100	71.7000	
0.1306	44.5500	0.0100	71.7750	
0.1306	44.3000	0.0100	71.7000	
0.1306	43.9000	0.0099	71.7500	
0.1306	41.9250	0.0099	71.7250	
0.1306	43.3250	0.0099	71.5750	
0.1306	42.1750	0.0099	71.8500	
0.1306	42.0000	0.0098	71.6000	
0.1307	44.9500	0.0098	71.7750	
0.1308	42.2250	0.0098	71.8750	
0.1306	43.5250	0.0098	71.7000	
0.1305	44.7250	0.0098	71.8250	
0.1306	44.2750	0.0098	71.7750	
0.1307	41.2250	0.0098	71.8750	
0.1305	42.9250	0.0097	71.8000	
0.1306	45.0250	0.0097	71.8750	
0.1307	42.6500	0.0097	71.8500	
0.1305	42.5000	0.0097	71.8000	
0.1305	44.3750	0.0097	71.9500	
0.1306	43.9250	0.0097	71.7500	
0.1305	43.3750	0.0097	71.9000	
0.1306	43.1500	0.0097	71.9250	
0.1305	44.4000	0.0097	71.8500	
0.1306	42.6250	0.0096	71.8500	
0.1305	43.8000	0.0096	71.7500	
0.1305	44.7750	0.0096	71.9750	
0.1305	43.4750	0.0096	71.8750	
0.1305	43.9250	0.0096	71.9500	
0.1305	43.6750	0.0096	71.9500	
0.1305	42.4500	0.0096	71.8000	
0.1306	42.7750	0.0096	72.0000	
0.1305	45.2000	0.0096	71.8750	
0.1305	44.9500	0.0095	71.9500	
0.1305	43.8250	0.0095	72.0250	
0.1305	43.0000	0.0095	71.9500	
0.1304	43.5000	0.0095	71.8750	
0.1305	44.3500	0.0096	71.9250	
0.1305	44.3250	0.0095	71.9250	
0.1305	43.9750	0.0095	71.9750	
0.1305	44.7250	0.0095	72.0000	
0.1305	45.1250	0.0096	71.9750	
0.1305	43.2750	0.0095	72.1000	
0.1306	43.7250	0.0095	71.9500	
0.1307	43.6000	0.0094	72.0250	
0.1305	45.1750	0.0094	71.9250	
0.1305	45.0750	0.0094	72.0250	
0.1305	42.8750	0.0094	71.9750	
0.1304	44.1000	0.0094	72.0000	
0.1304	43.9000	0.0094	72.0250	
0.1304	44.5750	0.0094	72.0250	
0.1304	44.2250	0.0094	72.0750	
0.1305	45.7250	0.0094	72.0250	
0.1305	44.1250	0.0094	72.2500	
0.1304	43.5000	0.0093	72.0500	
0.1305	44.9500	0.0093	72.0750	
0.1305	43.2500	0.0093	72.0500	
0.1304	42.7500	0.0093	71.9750	
0.1305	45.3500	0.0093	72.2000	
0.1304	45.7500	0.0093	71.9500	
0.1304	43.4250	0.0093	72.0000	
0.1305	42.6750	0.0093	71.9750	
0.1305	44.1500	0.0093	72.3000	
0.1304	43.4000	0.0093	72.0250	
0.1304	43.9250	0.0093	72.3250	
0.1304	44.7250	0.0092	72.1000	
0.1304	44.3250	0.0092	72.2500	
0.1304	44.2500	0.0093	72.0500	
0.1304	43.9000	0.0093	72.1250	
0.1304	43.8000	0.0092	72.0500	
0.1303	44.4500	0.0092	72.1500	
0.1304	43.7750	0.0092	72.1500	
0.1305	44.9750	0.0092	72.1250	
0.1306	42.9500	0.0092	72.1750	
0.1306	45.4750	0.0092	72.0750	
0.1305	44.5250	0.0091	72.3500	
0.1305	43.8000	0.0091	72.0750	
0.1303	44.1750	0.0091	72.3000	
0.1303	43.7500	0.0091	72.3000	
0.1305	44.8250	0.0091	72.2000	
0.1303	42.9750	0.0091	72.3750	
0.1304	44.3000	0.0091	72.1750	
0.1303	45.2000	0.0091	72.3750	
0.1303	44.3750	0.0091	72.2750	
0.1304	43.3500	0.0091	72.3000	
0.1303	44.3000	0.0091	72.2750	
0.1303	45.1750	0.0091	72.4500	
0.1304	44.7000	0.0091	72.3250	
0.1303	44.5000	0.0090	72.4250	
0.1303	45.2500	0.0090	72.4250	
0.1303	44.3500	0.0090	72.2500	
0.1303	45.0750	0.0090	72.4500	
0.1303	44.5000	0.0090	72.5250	
0.1303	43.6750	0.0090	72.2750	
0.1303	45.0750	0.0090	72.4250	
0.1304	44.4000	0.0090	72.5250	
0.1304	45.0000	0.0090	72.3000	
0.1302	45.0000	0.0089	72.6750	
0.1304	42.6500	0.0089	72.3750	
0.1303	44.7000	0.0089	72.5250	
0.1303	45.7000	0.0089	72.5750	
0.1303	44.3000	0.0089	72.4500	
0.1302	43.8500	0.0089	72.7500	
0.1303	45.2250	0.0089	72.4000	
0.1302	44.6500	0.0089	72.6500	
0.1302	43.4000	0.0089	72.5500	
0.1303	43.9750	0.0088	72.7500	
0.1302	44.8250	0.0088	72.6250	
0.1303	45.2250	0.0087	72.6250	
0.1303	44.9000	0.0087	72.7500	
0.1303	44.6000	0.0087	72.6500	
0.1304	45.2250	0.0087	72.8750	
0.1302	45.5250	0.0086	72.7500	
0.1302	44.6500	0.0086	72.7250	
0.1303	44.4000	0.0086	73.0500	
0.1303	43.1500	0.0085	72.8000	
0.1303	44.2250	0.0085	72.7500	
0.1303	45.4750	0.0085	73.1750	
0.1304	45.3750	0.0085	72.8000	
0.1303	45.3000	0.0084	73.0500	
0.1302	44.3500	0.0084	72.8000	
0.1302	44.1000	0.0084	73.1500	
0.1303	45.0250	0.0084	72.8000	
0.1303	43.3750	0.0083	73.0500	
0.1303	45.3750	0.0083	73.0000	
0.1303	45.5750	0.0083	73.0000	
0.1302	44.9000	0.0083	73.1000	
0.1302	44.5750	0.0082	73.1750	
0.1302	43.6750	0.0082	73.0500	
0.1303	45.5500	0.0082	73.2250	
0.1303	45.0500	0.0082	72.8000	
0.1302	44.8750	0.0082	73.3250	
0.1302	44.8500	0.0082	73.0500	
0.1303	43.4250	0.0081	72.8500	
0.1302	44.8000	0.0081	73.3250	
0.1302	45.6250	0.0081	72.8750	
0.1303	44.1000	0.0080	73.4250	
0.1302	44.5500	0.0080	72.8000	
0.1302	45.6250	0.0080	73.2000	
0.1302	45.5250	0.0080	73.2500	
0.1302	44.7750	0.0079	73.3000	
0.1302	44.9000	0.0079	73.0500	
0.1303	42.9500	0.0078	73.1250	
0.1302	44.7500	0.0078	73.2500	
0.1303	45.7000	0.0077	73.1500	
0.1302	45.3000	0.0077	73.3000	
0.1302	44.5000	0.0077	73.2250	
0.1302	44.5250	0.0077	73.1750	
0.1301	44.8750	0.0076	73.3250	
0.1302	44.1250	0.0076	73.2250	
0.1303	45.4250	0.0076	73.0500	
0.1303	44.3500	0.0076	73.2000	
0.1301	44.9000	0.0075	73.2750	
0.1303	45.5500	0.0075	73.3250	
0.1303	44.0000	0.0075	73.2750	
0.1301	44.2250	0.0075	73.2000	
0.1302	45.1000	0.0075	73.2250	
0.1302	45.4500	0.0074	73.3750	
0.1301	44.9750	0.0074	73.2500	
0.1301	44.2250	0.0074	73.2750	
0.1302	45.0500	0.0074	73.3750	
0.1302	45.4250	0.0074	73.2250	
0.1301	44.7000	0.0073	73.2250	
0.1302	45.3000	0.0073	73.4000	
0.1301	44.8000	0.0073	73.3250	
0.1301	44.4500	0.0073	73.4500	
0.1302	44.4500	0.0073	73.3000	
0.1302	46.1250	0.0073	73.3500	
0.1301	45.9750	0.0072	73.3750	
0.1302	44.6500	0.0072	73.3000	
0.1301	44.8500	0.0072	73.3750	
0.1301	44.1250	0.0072	73.6500	
0.1302	44.8000	0.0072	73.3750	
0.1301	45.7500	0.0072	73.4250	
0.1301	45.2500	0.0072	73.4250	
0.1302	44.0250	0.0072	73.4250	
0.1302	44.7000	0.0072	73.4500	
0.1301	46.2500	0.0071	73.6250	
0.1302	45.8250	0.0071	73.3250	
0.1302	44.4500	0.0071	73.4000	
0.1301	44.5750	0.0071	73.6500	
0.1301	45.5000	0.0071	73.5750	
0.1301	45.3000	0.0071	73.4250	
0.1301	44.7750	0.0071	73.6500	
0.1301	45.4750	0.0070	73.3250	
0.1302	44.9750	0.0071	73.8500	
0.1301	43.8500	0.0070	73.5750	
0.1301	45.4000	0.0070	73.5250	
0.1301	45.7250	0.0070	73.5500	
0.1301	46.0250	0.0070	73.6000	
0.1301	45.5250	0.0070	73.5250	
0.1300	44.4500	0.0070	73.6750	
0.1301	44.2000	0.0070	73.6000	
0.1301	45.1750	0.0070	73.5000	
0.1301	44.5250	0.0069	73.6500	
0.1301	45.2000	0.0069	73.6000	
0.1301	45.8250	0.0069	73.6500	
0.1301	44.5500	0.0069	73.6000	
0.1302	44.6000	0.0069	73.7750	
0.1302	45.0500	0.0069	73.2750	
0.1302	44.9500	0.0069	73.7000	
0.1301	45.2750	0.0069	73.6500	
0.1301	44.7750	0.0069	73.6750	
0.1301	45.3000	0.0069	73.6500	
0.1302	44.8000	0.0068	73.6250	
0.1302	45.0250	0.0068	73.7000	
0.1300	44.4250	0.0068	73.7000	
0.1300	44.2750	0.0068	73.6750	
0.1301	45.1000	0.0068	73.5750	
0.1300	45.4000	0.0068	73.7000	
0.1300	45.3750	0.0068	73.6500	
0.1300	44.8000	0.0068	73.6250	
0.1300	45.2500	0.0068	73.7500	
0.1300	44.9250	0.0068	73.5500	
0.1301	44.9500	0.0068	73.9000	
0.1301	45.1500	0.0068	73.6750	
0.1300	44.9750	0.0068	73.7500	
0.1301	45.4000	0.0068	73.5750	
0.1301	45.2750	0.0067	73.8250	
0.1300	45.3500	0.0067	73.7250	
0.1301	45.8250	0.0067	73.7000	
0.1301	45.5000	0.0067	73.7500	
0.1300	44.6000	0.0067	73.7000	
0.1300	44.1750	0.0067	73.8000	
0.1300	45.2500	0.0067	73.8000	
0.1300	46.0500	0.0067	73.8000	
0.1300	45.4250	0.0067	73.8000	
0.1301	45.0000	0.0067	73.8000	
0.1301	45.7750	0.0067	73.6500	
0.1302	44.7750	0.0067	73.8750	
0.1301	45.3250	0.0067	73.8000	
0.1300	45.2250	0.0067	73.8250	
0.1300	44.4250	0.0066	73.8000	
0.1300	45.1250	0.0066	73.8000	
0.1300	45.7500	0.0066	73.7750	
0.1300	45.7250	0.0066	73.7000	
0.1301	45.3750	0.0066	73.8500	
0.1300	45.3750	0.0066	73.7500	
0.1302	44.2500	0.0066	73.8750	
0.1304	45.5250	0.0066	73.7000	
0.1300	45.5000	0.0067	73.8000	
0.1302	45.6750	0.0066	74.0000	
0.1300	45.1500	0.0066	73.7250	
0.1300	44.7750	0.0066	73.9250	
0.1300	45.3250	0.0066	73.7750	
0.1301	44.9000	0.0066	73.8000	
0.1300	45.5750	0.0066	73.7750	
0.1300	46.2000	0.0066	73.9000	
0.1300	45.5000	0.0066	73.9750	
0.1301	45.3000	0.0066	73.9000	
0.1300	44.7250	0.0066	74.0750	
0.1301	46.7750	0.0066	73.6000	
0.1300	45.5250	0.0066	74.1750	
0.1300	44.8750	0.0065	73.8500	
0.1300	45.0000	0.0066	73.8750	
0.1300	45.2250	0.0065	73.8750	
0.1300	45.0000	0.0066	73.7500	
0.1301	45.2750	0.0065	74.1250	
0.1300	45.4000	0.0065	73.8000	
0.1301	46.3000	0.0065	73.9500	
0.1299	45.7750	0.0065	74.1250	
0.1300	44.2500	0.0065	73.7500	
0.1302	45.4250	0.0065	74.0750	
0.1300	45.9250	0.0065	73.9250	
0.1300	45.2500	0.0065	73.9500	
0.1302	45.8750	0.0065	73.9250	
0.1301	44.4250	0.0065	73.9250	
0.1300	45.0000	0.0065	73.9000	
0.1300	45.6750	0.0065	74.0750	
0.1299	45.6500	0.0065	73.8000	
0.1299	45.7750	0.0065	74.1000	
0.1300	45.2750	0.0064	73.9250	
0.1300	45.8500	0.0065	73.9000	
0.1300	45.6250	0.0064	73.9750	
0.1301	44.6250	0.0065	73.8250	
0.1301	45.4750	0.0064	73.9250	
0.1299	45.7250	0.0064	74.1000	
0.1301	45.8500	0.0064	73.9250	
0.1299	45.7250	0.0064	73.9750	
0.1300	45.7000	0.0064	74.0250	
0.1299	44.8750	0.0064	73.9500	
0.1299	45.4500	0.0064	74.0500	
0.1300	45.7500	0.0064	74.0250	
0.1299	45.3000	0.0064	74.0250	
0.1300	45.6750	0.0064	73.9750	
0.1299	46.2750	0.0064	73.9500	
0.1299	45.4000	0.0064	73.9750	
0.1299	45.5000	0.0064	74.0000	
0.1300	45.7500	0.0064	74.1500	
0.1299	45.4250	0.0064	73.9000	
0.1299	45.6000	0.0064	74.1750	
0.1299	45.4500	0.0064	73.9000	
0.1299	45.8000	0.0064	74.1500	
0.1299	45.9250	0.0063	74.0250	
0.1300	46.0000	0.0063	74.0000	
0.1300	45.7500	0.0063	74.2000	
0.1299	45.2500	0.0063	74.0500	
0.1299	45.4500	0.0063	73.9000	
0.1299	45.8750	0.0063	74.3500	
0.1299	45.4500	0.0063	73.9000	
0.1300	45.9250	0.0063	74.1250	
0.1300	45.1000	0.0063	73.9250	
0.1299	45.5000	0.0063	74.1000	
0.1300	46.0000	0.0063	74.3000	
0.1300	45.0750	0.0063	74.0500	
0.1299	45.6250	0.0063	74.2250	
0.1300	46.1500	0.0063	74.0750	
0.1300	45.0750	0.0063	74.0250	
0.1299	45.8500	0.0063	74.1750	
0.1300	45.6250	0.0063	73.8750	
0.1299	45.4750	0.0063	74.4000	
0.1299	45.4750	0.0063	74.2250	
0.1299	45.5500	0.0063	73.9500	
0.1299	45.5750	0.0063	74.2250	
0.1299	45.5500	0.0063	74.0500	
0.1300	44.7500	0.0063	74.1000	
0.1299	46.1250	0.0063	74.2250	
0.1299	47.0250	0.0063	74.2500	
0.1300	45.2250	0.0063	74.1000	
0.1300	46.0500	0.0062	74.3000	
0.1299	45.5750	0.0062	74.0750	
0.1299	44.8250	0.0062	74.4250	
0.1300	45.5750	0.0062	74.0750	
0.1299	46.2250	0.0063	74.1500	
0.1299	46.1500	0.0063	74.2500	
0.1299	45.6250	0.0062	74.2000	
0.1300	45.4000	0.0062	74.0750	
0.1299	45.3750	0.0062	74.2750	
0.1299	45.6000	0.0062	74.2500	
0.1299	46.1000	0.0062	74.1500	
0.1299	46.0000	0.0062	74.2500	
0.1299	45.3250	0.0062	74.3000	
0.1299	45.4500	0.0062	74.1000	
0.1300	46.1500	0.0062	74.2500	
0.1298	45.9750	0.0062	74.2250	
0.1300	45.9750	0.0062	74.2250	
0.1299	45.8000	0.0062	74.2250	
0.1299	46.4000	0.0062	74.2250	
0.1299	46.7000	0.0062	74.4000	
0.1299	45.6000	0.0062	74.2250	
0.1299	45.5000	0.0062	74.3250	
0.1299	45.5750	0.0062	74.0250	
0.1300	45.4000	0.0062	74.6000	
0.1299	46.2500	0.0062	74.1750	
0.1300	46.2500	0.0062	74.3250	
0.1299	45.1750	0.0062	74.2000	
0.1298	45.5500	0.0062	74.2750	
0.1299	45.4000	0.0062	74.2500	
0.1299	45.9250	0.0061	74.3750	
0.1299	45.8250	0.0061	74.2250	
0.1299	46.0000	0.0061	74.2250	
0.1299	45.7750	0.0062	74.4000	
0.1299	45.5250	0.0061	74.2250	
0.1299	45.6000	0.0062	74.3750	
0.1299	46.3000	0.0061	74.1750	
0.1299	46.3500	0.0061	74.3000	
0.1298	45.6500	0.0061	74.3750	
0.1299	45.0750	0.0061	74.2250	
0.1298	45.5000	0.0061	74.3250	
0.1299	46.5250	0.0061	74.4000	
0.1299	46.0000	0.0061	74.2500	
0.1298	45.7500	0.0061	74.2500	
0.1299	45.7000	0.0061	74.3500	
0.1299	46.5000	0.0061	74.2000	
0.1299	46.0750	0.0061	74.4750	
0.1299	45.7750	0.0061	74.2250	
0.1299	45.3500	0.0061	74.4250	
0.1298	45.4750	0.0061	74.2000	
0.1300	46.6000	0.0061	74.3000	
0.1299	46.6750	0.0061	74.3500	
0.1299	45.7750	0.0061	74.2500	
0.1299	44.7250	0.0061	74.4750	
0.1299	44.6000	0.0061	74.2750	
0.1299	45.9750	0.0061	74.4000	
0.1299	47.2250	0.0061	74.3250	
0.1300	46.5000	0.0061	74.2750	
0.1299	45.8500	0.0061	74.4750	
0.1299	45.1250	0.0061	74.4750	
0.1299	44.7250	0.0061	74.3250	
0.1299	45.6750	0.0061	74.3500	
0.1298	46.1250	0.0061	74.3750	
0.1298	46.5500	0.0061	74.2750	
0.1298	46.4500	0.0060	74.3750	
0.1298	46.0000	0.0060	74.3250	
0.1299	45.6250	0.0060	74.4250	
0.1298	46.0250	0.0060	74.4000	
0.1299	46.0500	0.0060	74.4750	
0.1298	45.9250	0.0060	74.3500	
0.1298	45.7750	0.0060	74.4750	
0.1299	45.9500	0.0060	74.3000	
0.1299	46.0250	0.0060	74.4250	
0.1299	46.4500	0.0060	74.3500	
0.1299	46.5500	0.0060	74.6000	
0.1298	46.0250	0.0060	74.3500	
0.1299	46.0500	0.0060	74.5000	
0.1298	46.3750	0.0060	74.3000	
0.1298	45.9500	0.0060	74.6750	
0.1298	45.6250	0.0060	74.3500	
0.1298	46.0500	0.0060	74.6000	
0.1298	46.7500	0.0060	74.3750	
0.1298	46.7500	0.0060	74.5250	
0.1298	45.9000	0.0060	74.5500	
0.1298	45.3750	0.0060	74.5750	
0.1298	45.2000	0.0060	74.4750	
0.1298	45.5750	0.0060	74.6000	
0.1298	46.2250	0.0060	74.5500	
0.1298	46.6000	0.0060	74.5000	
0.1298	46.2250	0.0060	74.4750	
0.1300	46.1250	0.0060	74.5500	
0.1299	45.8750	0.0060	74.5250	
0.1299	45.7750	0.0060	74.4750	
0.1298	46.3500	0.0060	74.5500	
0.1298	46.2500	0.0060	74.5500	
0.1298	45.4500	0.0060	74.6250	
0.1298	46.2500	0.0060	74.5000	
0.1298	46.2250	0.0060	74.5750	
0.1298	46.1500	0.0060	74.4500	
0.1299	46.9000	0.0060	74.5750	
0.1298	46.8500	0.0060	74.5250	
0.1298	45.8750	0.0060	74.6000	
0.1298	45.4000	0.0060	74.5750	
0.1298	45.6750	0.0060	74.5000	
0.1298	45.8000	0.0060	74.6250	
0.1299	45.7000	0.0060	74.4500	
0.1298	46.3750	0.0059	74.6250	
0.1299	46.2500	0.0059	74.5750	
0.1298	45.8250	0.0060	74.6000	
0.1299	46.2750	0.0059	74.6000	
0.1299	45.7750	0.0060	74.5750	
0.1299	46.8500	0.0060	74.6250	
0.1298	46.1500	0.0060	74.4750	
0.1298	46.1500	0.0060	74.6000	
0.1299	45.6750	0.0059	74.6250	
0.1299	45.8250	0.0059	74.6250	
0.1298	45.5000	0.0059	74.5250	
0.1298	45.7750	0.0060	74.5250	
0.1299	46.5500	0.0059	74.8000	
0.1298	46.7000	0.0059	74.5500	
0.1298	45.9750	0.0059	74.6000	
0.1299	46.3500	0.0059	74.6000	
0.1298	46.2500	0.0060	74.6750	
0.1298	46.4750	0.0059	74.4750	
0.1298	45.7000	0.0059	74.7000	
0.1298	45.4750	0.0059	74.6000	
0.1299	45.1500	0.0059	74.6250	
0.1298	45.7750	0.0059	74.7000	
0.1299	46.9500	0.0059	74.6250	
0.1298	46.0750	0.0059	74.6750	
0.1298	45.9750	0.0059	74.6250	
0.1298	46.4250	0.0059	74.7000	
0.1298	46.5750	0.0059	74.5750	
0.1298	46.0500	0.0059	74.7750	
0.1298	45.6000	0.0059	74.5000	
0.1298	46.5000	0.0059	74.6000	
0.1298	46.8500	0.0059	74.7250	
0.1298	45.9500	0.0059	74.7500	
0.1297	45.7000	0.0059	74.5500	
0.1298	46.5500	0.0059	74.8500	
0.1301	46.0250	0.0059	74.5250	
0.1299	46.3250	0.0059	74.7000	
0.1298	46.4750	0.0059	74.7250	
0.1299	46.3000	0.0059	74.6000	
0.1300	46.6500	0.0059	74.7500	
0.1297	46.3500	0.0059	74.7250	
0.1298	45.9250	0.0059	74.6500	
0.1299	45.5000	0.0059	74.6750	
0.1298	45.9250	0.0059	74.8000	
0.1298	46.5250	0.0059	74.7250	
0.1299	44.7500	0.0059	74.7750	
0.1298	45.5000	0.0059	74.6250	
0.1298	46.2250	0.0059	74.7500	
0.1298	46.2250	0.0059	74.4750	
0.1298	46.7000	0.0059	74.7750	
0.1298	46.3250	0.0059	74.7000	
0.1299	46.6750	0.0059	74.7750	
0.1299	46.2000	0.0059	74.6250	
0.1298	46.1250	0.0059	74.7000	
0.1297	46.2250	0.0059	74.8250	
0.1297	46.1500	0.0059	74.6500	
0.1298	45.9000	0.0059	74.7000	
0.1298	46.3250	0.0059	74.7750	
0.1298	46.3500	0.0059	74.7500	
0.1298	45.9000	0.0059	74.6750	
0.1299	46.7750	0.0058	74.7750	
0.1298	47.0000	0.0059	74.7000	
0.1297	46.4500	0.0058	74.7250	
0.1298	46.2250	0.0059	74.9000	
0.1297	45.9250	0.0059	74.6000	
0.1298	46.4500	0.0059	74.8000	
0.1297	46.4500	0.0059	74.7750	
0.1297	45.6250	0.0058	74.7750	
0.1297	46.0000	0.0058	74.7000	
0.1298	46.2000	0.0058	74.7500	
0.1297	45.9750	0.0058	74.8500	
0.1298	46.4750	0.0058	74.6750	
0.1297	46.8000	0.0059	74.8750	
0.1299	47.1750	0.0058	74.6500	
0.1297	47.0500	0.0058	74.8500	
0.1298	46.3500	0.0058	74.7000	
0.1297	46.1000	0.0058	74.7500	
0.1298	45.8500	0.0058	74.8000	
0.1297	45.7500	0.0058	74.8750	
0.1298	46.6250	0.0058	74.7750	
0.1297	47.2000	0.0058	74.8000	
0.1298	46.7750	0.0058	74.8500	
0.1297	46.5750	0.0058	74.8000	
0.1297	45.9750	0.0058	74.8250	
0.1298	45.6000	0.0058	74.7750	
0.1297	46.5500	0.0058	74.8000	
0.1298	46.6000	0.0058	74.8750	
0.1297	46.5000	0.0058	74.8500	
0.1297	46.3500	0.0058	74.7750	
0.1298	46.0500	0.0058	74.8500	
0.1297	45.9250	0.0058	74.8500	
0.1298	45.9750	0.0058	74.9500	
0.1297	46.3250	0.0058	74.8500	
0.1297	47.1750	0.0058	74.8250	
0.1297	46.8500	0.0058	74.9000	
0.1297	46.2000	0.0058	74.7500	
0.1297	46.1500	0.0058	74.8250	
0.1297	46.6750	0.0058	74.8000	
0.1297	46.9250	0.0058	74.9250	
0.1297	46.4250	0.0058	74.7750	
0.1298	46.6750	0.0058	74.9000	
0.1297	46.3000	0.0058	74.7750	
0.1298	45.3000	0.0058	74.9000	
0.1298	45.9250	0.0058	74.9500	
0.1297	46.7250	0.0058	74.7750	
0.1297	47.0500	0.0058	74.8750	
0.1297	47.0000	0.0058	74.8500	
0.1297	46.0500	0.0058	74.9500	
0.1298	45.6250	0.0058	74.7500	
0.1300	45.8250	0.0058	74.9000	
0.1298	46.6750	0.0058	74.8500	
0.1298	46.9250	0.0058	74.9750	
0.1297	46.7000	0.0058	74.9750	
0.1298	45.7000	0.0058	74.8750	
0.1297	46.0250	0.0058	74.9000	
0.1298	46.5000	0.0058	74.9250	
0.1298	46.7750	0.0058	74.8250	
0.1298	45.9500	0.0058	74.9250	
0.1297	46.1750	0.0058	74.8250	
0.1297	46.5500	0.0058	74.9500	
0.1297	46.6750	0.0058	74.8750	
0.1297	46.9000	0.0058	74.9500	
0.1297	46.5750	0.0058	74.9250	
0.1297	46.3250	0.0058	74.9500	
0.1298	45.9000	0.0058	74.9500	
0.1297	46.3750	0.0058	74.9500	
0.1297	47.1750	0.0058	74.9750	
0.1297	46.8250	0.0058	74.9500	
0.1297	46.8500	0.0058	75.0000	
0.1297	46.3250	0.0058	75.0250	
0.1298	46.9500	0.0058	74.9500	
0.1297	47.0500	0.0058	74.9250	
0.1298	45.3750	0.0058	75.0500	
0.1299	46.0500	0.0058	74.9750	
0.1297	46.6750	0.0058	75.0500	
0.1298	46.1250	0.0058	75.0500	
0.1298	46.1250	0.0058	74.9250	
0.1297	47.3500	0.0058	75.0000	
0.1297	45.8500	0.0058	75.0250	
0.1297	46.9750	0.0058	74.9500	
0.1297	47.0750	0.0058	75.0000	
0.1297	46.4750	0.0058	74.9750	
0.1297	45.5250	0.0058	75.0000	
0.1297	45.9750	0.0058	74.9750	
0.1297	46.4500	0.0058	74.9750	
0.1297	46.2750	0.0058	75.0500	
0.1297	46.9750	0.0058	75.0250	
0.1297	46.9750	0.0058	74.9750	
0.1297	46.8250	0.0057	75.0250	
0.1297	46.1750	0.0058	75.0000	
0.1297	46.2500	0.0057	75.0500	
0.1297	46.4750	0.0057	74.9750	
0.1297	46.8500	0.0058	75.0000	
0.1297	47.1000	0.0058	75.0500	
0.1297	46.5250	0.0058	75.0250	
0.1297	46.0250	0.0057	75.0250	
0.1297	46.5250	0.0057	75.0250	
0.1298	46.1250	0.0058	75.0500	
0.1296	46.4500	0.0058	74.9250	
0.1297	46.8750	0.0057	75.0250	
0.1297	47.1250	0.0057	75.0750	
0.1297	46.6500	0.0058	75.0500	
0.1297	46.5750	0.0057	75.0500	
0.1297	46.5250	0.0057	75.0750	
0.1299	47.4250	0.0057	75.0750	
0.1298	46.3250	0.0057	75.1000	
0.1297	46.1500	0.0058	75.0750	
0.1298	47.0750	0.0057	75.0250	
0.1297	46.9250	0.0058	75.0000	
0.1297	46.1000	0.0057	75.0250	
0.1297	46.7750	0.0057	75.0500	
0.1296	47.0250	0.0057	75.1000	
0.1298	45.6750	0.0057	75.0250	
0.1297	46.2000	0.0057	75.0500	
0.1297	46.8250	0.0057	75.0250	
0.1297	46.8750	0.0057	75.1250	
0.1297	46.9500	0.0057	75.0000	
0.1297	46.9000	0.0057	75.0750	
0.1297	46.9000	0.0057	75.1000	
0.1297	46.6750	0.0057	75.0500	
0.1297	46.3750	0.0057	75.1250	
0.1296	46.3250	0.0057	75.0750	
0.1297	46.7500	0.0057	75.0750	
0.1296	46.4500	0.0057	75.2000	
0.1298	47.2750	0.0057	75.0750	
0.1297	46.6500	0.0057	75.0000	
0.1297	46.3750	0.0057	75.1000	
0.1297	46.4000	0.0057	75.0750	
0.1296	46.6750	0.0057	75.0750	
0.1297	46.2750	0.0057	75.1000	
0.1297	46.2750	0.0057	75.0750	
0.1298	47.3000	0.0057	75.0750	
0.1297	46.9750	0.0057	75.1750	
0.1297	47.0750	0.0057	75.1250	
0.1297	46.4000	0.0057	75.0500	
0.1297	46.2250	0.0057	75.0750	
0.1296	46.5000	0.0057	75.0500	
0.1297	46.8750	0.0057	75.0250	
0.1297	46.4000	0.0057	75.1250	
