Loss_Adversary	Accuracy_Adversary	Loss_Target	Accuracy_Target	
-0.7425	0.8943	0.6236	50.0000	50.0000	
-0.7352	0.8809	0.5765	50.0000	50.0000	
-0.7276	0.8675	0.5310	50.0000	50.0000	
-0.7193	0.8539	0.4921	50.0000	50.0000	
-0.7106	0.8405	0.4581	50.0000	50.0000	
-0.7019	0.8275	0.4283	50.0000	50.0000	
-0.6918	0.8134	0.4028	50.0000	50.0000	
-0.6791	0.7969	0.3806	50.0000	50.0000	
-0.6660	0.7800	0.3602	50.0000	50.0000	
-0.6528	0.7634	0.3429	50.0000	50.0750	
-0.6397	0.7473	0.3291	50.0000	64.6500	
-0.6271	0.7321	0.3180	50.0000	50.0000	
-0.6149	0.7177	0.3098	50.0000	50.0000	
-0.6031	0.7039	0.3041	50.0000	50.0000	
-0.5918	0.6910	0.3004	50.0000	50.0000	
-0.5812	0.6789	0.2977	50.0000	50.0000	
-0.5710	0.6673	0.2958	50.0000	50.0000	
-0.5612	0.6562	0.2944	50.0000	50.0000	
-0.5517	0.6456	0.2933	50.0000	50.0000	
-0.5424	0.6352	0.2922	50.0000	50.0000	
-0.5332	0.6248	0.2913	50.0000	50.0000	
-0.5239	0.6144	0.2905	50.0000	50.0000	
-0.5148	0.6041	0.2896	50.0000	50.0000	
-0.5056	0.5938	0.2887	50.0000	55.7250	
-0.4964	0.5835	0.2877	50.0000	69.6000	
-0.4873	0.5732	0.2866	50.0000	76.0250	
-0.4782	0.5630	0.2852	50.0000	85.7250	
-0.4691	0.5527	0.2835	50.0000	89.9750	
-0.4602	0.5426	0.2815	50.0000	92.0000	
-0.4513	0.5324	0.2790	50.0000	93.7500	
-0.4425	0.5223	0.2759	50.0000	95.1000	
-0.4338	0.5122	0.2721	50.0000	95.8750	
-0.4254	0.5024	0.2674	50.0000	95.7500	
-0.4173	0.4927	0.2620	50.0000	96.0250	
-0.4097	0.4836	0.2559	50.0000	96.7500	
-0.4032	0.4758	0.2497	50.0000	98.1250	
-0.3980	0.4695	0.2450	50.0000	97.7250	
-0.3933	0.4635	0.2384	49.7250	94.6250	
-0.3890	0.4576	0.2281	46.6750	91.9000	
-0.3851	0.4516	0.2131	39.8000	91.4000	
-0.3822	0.4459	0.1906	32.4250	90.6750	
-0.3796	0.4407	0.1706	30.9750	89.5750	
-0.3747	0.4347	0.1652	47.9750	91.9000	
-0.3720	0.4305	0.1548	50.0000	96.6000	
-0.3699	0.4271	0.1452	50.0000	99.2250	
-0.3644	0.4205	0.1409	50.0000	98.9750	
-0.3548	0.4095	0.1381	50.0000	98.9000	
-0.3428	0.3958	0.1343	50.0000	98.8500	
-0.3295	0.3804	0.1289	50.0000	97.9750	
-0.3156	0.3644	0.1240	50.0000	95.7000	
-0.3008	0.3476	0.1205	50.0000	94.4500	
-0.2859	0.3306	0.1161	49.4250	96.7000	
-0.2705	0.3128	0.1102	39.7500	97.8000	
-0.2556	0.2955	0.1035	26.8000	96.8250	
-0.2421	0.2797	0.0960	25.0250	96.2500	
-0.2321	0.2677	0.0881	38.1250	96.1500	
-0.2245	0.2584	0.0802	50.0000	94.9500	
-0.2192	0.2517	0.0738	50.0000	93.7000	
-0.2156	0.2473	0.0694	50.0000	92.9500	
-0.2126	0.2436	0.0664	50.0000	91.9000	
-0.2098	0.2403	0.0652	50.0000	91.5750	
-0.2072	0.2376	0.0664	50.0000	91.4500	
-0.2052	0.2358	0.0699	50.0000	91.7000	
-0.2045	0.2358	0.0774	50.0000	91.5750	
-0.2044	0.2367	0.0865	50.0000	91.4250	
-0.2045	0.2377	0.0946	50.0000	90.4750	
-0.2047	0.2388	0.1016	50.0000	90.1250	
-0.2051	0.2399	0.1076	50.0000	90.3750	
-0.2056	0.2410	0.1132	50.0000	90.7000	
-0.2061	0.2421	0.1184	50.0000	91.3000	
-0.2066	0.2432	0.1229	50.0000	91.6750	
-0.2071	0.2442	0.1271	50.0000	92.2000	
-0.2075	0.2450	0.1307	50.0000	92.3500	
-0.2078	0.2458	0.1342	50.0000	92.1750	
-0.2081	0.2465	0.1372	50.0000	91.9000	
-0.2083	0.2470	0.1398	50.0000	91.6500	
-0.2087	0.2477	0.1423	50.0000	91.2500	
-0.2092	0.2487	0.1454	50.0000	90.8250	
-0.2098	0.2496	0.1487	50.0000	90.8250	
-0.2101	0.2503	0.1518	50.0000	90.5750	
-0.2100	0.2505	0.1541	50.0000	90.5000	
-0.2097	0.2504	0.1566	60.4250	90.2250	
-0.2091	0.2500	0.1588	57.9750	89.9000	
-0.2085	0.2496	0.1607	53.7000	88.8500	
-0.2081	0.2492	0.1611	52.3250	88.0750	
-0.2081	0.2491	0.1605	52.2250	86.1500	
-0.2085	0.2493	0.1596	52.4500	82.7000	
-0.2089	0.2498	0.1593	52.2500	78.8500	
-0.2094	0.2503	0.1596	50.5750	75.0500	
-0.2098	0.2509	0.1603	47.7500	70.9750	
-0.2102	0.2515	0.1610	44.8000	66.6250	
-0.2107	0.2520	0.1607	41.9250	63.5750	
-0.2112	0.2525	0.1608	38.1500	61.1250	
-0.2115	0.2529	0.1610	33.9250	59.1000	
-0.2118	0.2532	0.1608	31.4500	57.6000	
-0.2120	0.2533	0.1598	32.0750	56.7250	
-0.2120	0.2532	0.1583	33.0500	55.8250	
-0.2120	0.2530	0.1568	33.7250	55.2250	
-0.2118	0.2526	0.1551	36.9000	54.8750	
-0.2116	0.2521	0.1535	40.5750	54.7750	
-0.2112	0.2516	0.1522	44.8750	54.8250	
-0.2108	0.2510	0.1510	49.3250	54.9000	
-0.2104	0.2504	0.1499	49.9750	55.2000	
-0.2100	0.2499	0.1493	50.0000	55.4750	
-0.2096	0.2494	0.1486	50.0000	56.1750	
-0.2093	0.2490	0.1481	50.0000	57.1750	
-0.2091	0.2488	0.1480	50.0000	58.8250	
-0.2090	0.2487	0.1481	50.0000	60.2250	
-0.2090	0.2487	0.1485	50.0000	62.3250	
-0.2091	0.2489	0.1491	50.0000	65.0000	
-0.2093	0.2492	0.1499	50.0000	68.2250	
-0.2095	0.2496	0.1509	50.5000	71.5000	
-0.2099	0.2501	0.1524	49.4000	75.4000	
-0.2102	0.2507	0.1540	49.6500	78.7250	
-0.2105	0.2512	0.1557	49.7250	81.8500	
-0.2107	0.2516	0.1571	49.9000	84.9250	
-0.2109	0.2518	0.1580	49.6750	87.3750	
-0.2109	0.2519	0.1584	50.0500	88.6750	
-0.2108	0.2518	0.1583	60.3250	89.4750	
-0.2107	0.2517	0.1580	65.4250	90.0500	
-0.2105	0.2514	0.1574	69.0000	90.4250	
-0.2104	0.2512	0.1568	69.9500	90.5000	
-0.2101	0.2508	0.1562	68.8500	90.2750	
-0.2099	0.2505	0.1555	66.3000	89.9500	
-0.2097	0.2503	0.1551	64.6750	89.2000	
-0.2096	0.2501	0.1546	64.8500	88.4500	
-0.2095	0.2499	0.1541	63.8500	87.3250	
-0.2095	0.2498	0.1538	61.0750	85.5750	
-0.2095	0.2498	0.1535	57.9000	84.3250	
-0.2096	0.2499	0.1532	53.9750	82.3750	
-0.2097	0.2500	0.1530	51.8750	79.9750	
-0.2099	0.2502	0.1528	51.3500	77.9500	
-0.2100	0.2503	0.1527	51.3500	75.6750	
-0.2102	0.2505	0.1526	50.8750	73.4250	
-0.2103	0.2506	0.1524	49.6750	70.9250	
-0.2105	0.2508	0.1519	48.0500	68.5000	
-0.2107	0.2509	0.1513	45.1000	65.7500	
-0.2108	0.2510	0.1510	41.7250	63.6500	
-0.2108	0.2510	0.1509	38.0000	62.1000	
-0.2108	0.2510	0.1509	37.4750	61.3000	
-0.2106	0.2508	0.1506	39.7000	60.8250	
-0.2105	0.2505	0.1502	44.0250	60.6000	
-0.2102	0.2502	0.1497	49.5000	60.7000	
-0.2101	0.2500	0.1492	50.0000	61.1000	
-0.2099	0.2497	0.1489	50.0000	61.9750	
-0.2098	0.2496	0.1487	50.0000	63.1500	
-0.2097	0.2495	0.1487	50.0000	64.5750	
-0.2097	0.2495	0.1488	50.0000	66.6750	
-0.2097	0.2496	0.1492	50.1000	68.7250	
-0.2098	0.2498	0.1497	50.2000	71.3250	
-0.2100	0.2500	0.1504	49.9000	73.9500	
-0.2101	0.2502	0.1512	48.7250	76.6250	
-0.2102	0.2505	0.1522	48.7500	79.1750	
-0.2104	0.2508	0.1534	49.3250	81.5750	
-0.2105	0.2510	0.1543	50.0750	83.5500	
-0.2105	0.2512	0.1551	49.9250	85.1750	
-0.2106	0.2512	0.1553	50.0000	86.7750	
-0.2106	0.2512	0.1553	52.3250	87.7500	
-0.2105	0.2511	0.1551	64.5250	88.4500	
-0.2104	0.2510	0.1550	68.7000	88.8500	
-0.2102	0.2508	0.1547	68.5500	89.0250	
-0.2100	0.2505	0.1544	68.4750	88.9250	
-0.2099	0.2503	0.1539	67.4500	88.4750	
-0.2097	0.2501	0.1536	66.4750	88.0000	
-0.2096	0.2499	0.1532	64.5500	87.1250	
-0.2095	0.2498	0.1530	62.4250	85.7250	
-0.2095	0.2498	0.1528	60.9250	84.3000	
-0.2096	0.2498	0.1527	59.6500	82.8250	
-0.2097	0.2499	0.1527	56.6500	80.7250	
-0.2098	0.2501	0.1529	53.4000	78.3750	
-0.2100	0.2504	0.1531	51.8750	75.9750	
-0.2102	0.2506	0.1533	50.2750	73.1500	
-0.2104	0.2509	0.1533	48.5750	70.0250	
-0.2107	0.2511	0.1529	45.9250	67.2000	
-0.2110	0.2513	0.1525	42.6500	63.9750	
-0.2111	0.2515	0.1527	39.5250	61.8000	
-0.2111	0.2516	0.1532	38.8500	60.3250	
-0.2109	0.2513	0.1534	44.1000	59.5250	
-0.2105	0.2509	0.1529	49.9000	58.9750	
-0.2102	0.2505	0.1523	50.0750	59.0500	
-0.2098	0.2500	0.1514	50.0000	59.5250	
-0.2095	0.2495	0.1507	49.8750	60.5000	
-0.2093	0.2493	0.1503	50.6500	62.4000	
-0.2094	0.2493	0.1504	50.6250	64.8750	
-0.2095	0.2495	0.1510	51.1000	68.0250	
-0.2097	0.2499	0.1522	51.4250	71.7250	
-0.2100	0.2504	0.1538	50.9750	75.4000	
-0.2102	0.2509	0.1554	50.1500	79.1750	
-0.2104	0.2512	0.1567	49.5000	81.9750	
-0.2106	0.2515	0.1575	48.9000	84.3500	
-0.2107	0.2516	0.1576	48.4000	86.2500	
-0.2108	0.2516	0.1568	49.0000	87.6750	
-0.2108	0.2515	0.1559	56.0000	88.4500	
-0.2107	0.2513	0.1548	50.0000	88.9500	
-0.2106	0.2510	0.1539	50.0000	89.1000	
-0.2104	0.2508	0.1531	50.0000	88.9500	
-0.2102	0.2505	0.1524	50.2250	88.6500	
-0.2100	0.2502	0.1518	52.4750	88.1250	
-0.2099	0.2500	0.1514	52.8750	87.0750	
-0.2098	0.2499	0.1510	54.1500	86.0000	
-0.2097	0.2498	0.1509	54.4500	84.9750	
-0.2097	0.2498	0.1508	53.9750	83.6500	
-0.2097	0.2498	0.1509	54.5250	82.4500	
-0.2098	0.2499	0.1510	55.0250	80.8750	
-0.2098	0.2499	0.1512	54.7250	79.0500	
-0.2099	0.2501	0.1514	53.3750	77.7000	
-0.2100	0.2502	0.1516	51.7000	76.0000	
-0.2101	0.2503	0.1517	50.2500	73.9750	
-0.2103	0.2505	0.1517	48.9500	72.0000	
-0.2104	0.2507	0.1515	46.1250	69.7500	
-0.2107	0.2509	0.1508	43.8750	66.8750	
-0.2110	0.2511	0.1500	42.3750	64.1750	
-0.2112	0.2513	0.1498	39.7500	61.7500	
-0.2111	0.2512	0.1502	41.5750	59.9750	
-0.2108	0.2509	0.1505	47.0500	59.1500	
-0.2103	0.2504	0.1503	50.0750	58.7000	
-0.2099	0.2498	0.1498	49.9000	58.9000	
-0.2094	0.2493	0.1490	50.4750	59.4250	
-0.2092	0.2490	0.1486	51.7000	60.9250	
-0.2091	0.2488	0.1487	51.9750	63.1750	
-0.2093	0.2491	0.1494	52.2500	66.5250	
-0.2095	0.2496	0.1510	51.5250	70.3250	
-0.2099	0.2502	0.1532	50.2500	74.9000	
-0.2102	0.2509	0.1555	49.1000	79.0500	
-0.2105	0.2514	0.1574	47.6750	82.5750	
-0.2107	0.2518	0.1586	45.6750	85.3500	
-0.2109	0.2520	0.1586	42.6500	87.4250	
-0.2111	0.2520	0.1576	40.5000	89.1750	
-0.2111	0.2518	0.1550	34.6500	89.8000	
-0.2111	0.2514	0.1518	27.8250	90.2250	
-0.2110	0.2510	0.1494	30.6250	90.3250	
-0.2117	0.2514	0.1456	45.9500	90.2500	
-0.2135	0.2532	0.1441	50.1000	90.4250	
-0.2190	0.2599	0.1496	50.0500	90.9750	
-0.2351	0.2823	0.1889	48.2750	91.2500	
-0.2309	0.2821	0.2295	38.5000	87.5500	
-0.2237	0.2725	0.2157	49.7000	87.6500	
-0.2166	0.2600	0.1744	51.4000	89.6750	
-0.2074	0.2464	0.1441	54.2500	88.6250	
-0.1976	0.2338	0.1280	66.9250	86.0750	
-0.1878	0.2223	0.1222	72.0750	83.4250	
-0.1788	0.2123	0.1226	73.4750	81.1250	
-0.1716	0.2051	0.1300	73.9250	77.5000	
-0.1664	0.2012	0.1469	73.8750	72.7750	
-0.1660	0.2030	0.1677	72.4500	69.3750	
-0.1824	0.2263	0.2128	61.6250	56.8250	
-0.2092	0.2607	0.2536	50.2750	66.1750	
-0.2131	0.2638	0.2438	49.8000	88.1750	
-0.2156	0.2654	0.2331	44.1250	90.7000	
-0.2194	0.2700	0.2357	50.0000	85.2000	
-0.2226	0.2744	0.2435	39.7500	85.0250	
-0.2267	0.2811	0.2622	28.8500	85.3500	
-0.2338	0.2934	0.3023	27.3750	84.3250	
-0.2392	0.3045	0.3493	29.0500	83.8750	
-0.2339	0.3004	0.3646	30.0750	84.7250	
-0.2251	0.2889	0.3500	44.9750	86.3250	
-0.2159	0.2754	0.3203	65.5500	87.3750	
-0.2084	0.2640	0.2924	73.3000	88.0500	
-0.2023	0.2548	0.2703	75.1250	87.3750	
-0.1984	0.2483	0.2512	74.7250	86.7250	
-0.1971	0.2446	0.2306	75.0250	87.6250	
-0.1975	0.2432	0.2131	74.0000	90.1750	
-0.1983	0.2429	0.2030	72.7750	89.5500	
-0.1994	0.2436	0.1981	72.0000	87.3750	
-0.2011	0.2452	0.1955	71.6500	85.0750	
-0.2032	0.2474	0.1943	69.4750	82.5750	
-0.2052	0.2496	0.1942	63.9000	79.7750	
-0.2065	0.2510	0.1946	57.3750	77.5000	
-0.2072	0.2519	0.1943	53.3750	76.2250	
-0.2081	0.2527	0.1939	50.3000	75.0000	
-0.2090	0.2537	0.1933	48.8000	73.5000	
-0.2100	0.2547	0.1926	46.4500	71.4750	
-0.2111	0.2559	0.1916	43.9750	69.5250	
-0.2124	0.2571	0.1905	39.7000	67.2250	
-0.2139	0.2587	0.1897	35.4750	63.7000	
-0.2156	0.2606	0.1891	32.3750	60.1250	
-0.2175	0.2626	0.1886	30.8000	57.7500	
-0.2191	0.2643	0.1875	30.2250	56.0000	
-0.2202	0.2650	0.1837	29.5500	55.3000	
-0.2203	0.2643	0.1758	28.8500	54.9500	
-0.2198	0.2626	0.1652	27.8500	55.2000	
-0.2187	0.2602	0.1556	26.9500	56.0250	
-0.2170	0.2577	0.1488	26.9750	57.7500	
-0.2150	0.2549	0.1437	26.9000	59.3750	
-0.2129	0.2521	0.1402	26.8000	61.6750	
-0.2110	0.2497	0.1376	26.7500	63.4750	
-0.2092	0.2476	0.1361	26.8250	64.8500	
-0.2080	0.2462	0.1356	26.3250	66.0250	
-0.2073	0.2454	0.1362	25.9250	66.7750	
-0.2070	0.2454	0.1379	25.8000	67.4250	
-0.2072	0.2458	0.1409	25.5250	68.3750	
-0.2076	0.2467	0.1440	27.8000	68.9500	
-0.2084	0.2480	0.1480	38.0250	69.3000	
-0.2092	0.2496	0.1547	48.5000	69.3750	
-0.2096	0.2508	0.1616	49.1750	69.2500	
-0.2097	0.2506	0.1591	44.7500	68.4500	
-0.2096	0.2501	0.1544	40.9500	68.8000	
-0.2096	0.2500	0.1542	41.3500	69.3750	
-0.2096	0.2502	0.1552	39.6000	69.9250	
-0.2097	0.2502	0.1543	41.4500	70.1000	
-0.2099	0.2501	0.1517	42.6000	70.7750	
-0.2101	0.2501	0.1492	42.7500	71.0750	
-0.2104	0.2501	0.1464	42.3250	71.1500	
-0.2108	0.2501	0.1434	41.7000	72.0000	
-0.2112	0.2503	0.1400	40.2500	72.7500	
-0.2118	0.2505	0.1366	38.6500	73.6000	
-0.2125	0.2509	0.1329	37.3500	74.2750	
-0.2135	0.2515	0.1291	36.0500	75.6500	
-0.2146	0.2523	0.1246	35.0000	76.8750	
-0.2157	0.2530	0.1195	34.0500	78.6000	
-0.2166	0.2534	0.1145	32.8250	80.2250	
-0.2169	0.2532	0.1100	31.8250	81.6500	
-0.2165	0.2524	0.1067	31.7750	82.7000	
-0.2156	0.2511	0.1045	32.3500	83.5750	
-0.2145	0.2499	0.1036	33.5250	84.2500	
-0.2134	0.2486	0.1029	36.2000	84.5500	
-0.2125	0.2475	0.1030	38.8000	84.5500	
-0.2116	0.2466	0.1033	42.9750	84.4250	
-0.2107	0.2456	0.1028	46.8000	83.9000	
-0.2100	0.2449	0.1039	49.0000	83.3500	
-0.2095	0.2447	0.1073	50.9250	82.8000	
-0.2092	0.2449	0.1123	52.3500	82.0250	
-0.2090	0.2452	0.1170	53.0750	81.5750	
-0.2090	0.2457	0.1213	53.2250	80.8750	
-0.2090	0.2462	0.1254	53.3750	80.2250	
-0.2091	0.2468	0.1298	52.8750	79.3250	
-0.2092	0.2473	0.1336	52.6000	78.5500	
-0.2093	0.2477	0.1366	52.1750	77.8750	
-0.2093	0.2480	0.1388	51.6000	77.0250	
-0.2094	0.2483	0.1405	51.1500	76.1750	
-0.2095	0.2486	0.1420	50.6750	75.5000	
-0.2096	0.2488	0.1435	50.3250	74.8250	
-0.2097	0.2491	0.1449	49.8000	74.0750	
-0.2098	0.2493	0.1463	49.2000	73.4750	
-0.2098	0.2496	0.1479	48.5250	72.4750	
-0.2099	0.2498	0.1490	48.1250	71.5750	
-0.2100	0.2500	0.1501	47.8000	71.2500	
-0.2100	0.2501	0.1508	47.4000	70.7500	
-0.2100	0.2502	0.1514	47.3500	70.1250	
-0.2101	0.2503	0.1520	47.0750	69.6750	
-0.2101	0.2504	0.1523	46.8750	69.0500	
-0.2101	0.2504	0.1523	47.1000	68.6250	
-0.2102	0.2504	0.1520	47.4750	68.0250	
-0.2102	0.2503	0.1513	47.8000	67.5000	
-0.2102	0.2503	0.1507	47.9750	67.2500	
-0.2102	0.2502	0.1499	47.8000	66.7500	
-0.2102	0.2501	0.1491	47.9500	66.6250	
-0.2102	0.2500	0.1484	48.4000	66.4500	
-0.2101	0.2499	0.1476	48.7250	66.5250	
-0.2102	0.2499	0.1472	49.4250	66.6500	
-0.2101	0.2497	0.1468	50.1000	66.9500	
-0.2101	0.2497	0.1464	50.7250	67.2250	
-0.2100	0.2496	0.1462	50.9500	67.5250	
-0.2100	0.2496	0.1462	51.0750	67.8500	
-0.2100	0.2496	0.1465	51.5250	68.2750	
-0.2100	0.2496	0.1467	51.7500	68.7750	
-0.2100	0.2496	0.1471	51.8500	69.4500	
-0.2100	0.2497	0.1476	51.7500	69.8250	
-0.2099	0.2497	0.1479	51.7500	70.3000	
-0.2099	0.2497	0.1480	51.9500	70.7500	
-0.2099	0.2497	0.1482	51.7250	71.2750	
-0.2099	0.2497	0.1483	51.9000	71.4000	
-0.2099	0.2497	0.1483	52.1500	71.8750	
-0.2099	0.2498	0.1485	52.4500	72.1750	
-0.2100	0.2498	0.1487	52.7000	72.5000	
-0.2100	0.2498	0.1489	52.7250	72.6250	
-0.2100	0.2499	0.1492	52.4750	73.0250	
-0.2100	0.2499	0.1495	52.6500	73.0750	
-0.2100	0.2499	0.1497	52.5500	73.3750	
-0.2100	0.2499	0.1497	52.6000	73.5000	
-0.2100	0.2500	0.1498	52.6000	73.5250	
-0.2100	0.2500	0.1499	52.4750	73.7500	
-0.2100	0.2500	0.1500	52.4750	73.9500	
-0.2100	0.2500	0.1499	52.4250	74.0000	
-0.2100	0.2500	0.1500	52.4000	74.1500	
-0.2100	0.2500	0.1503	52.3500	74.3250	
-0.2100	0.2500	0.1502	52.2250	74.4500	
-0.2100	0.2500	0.1502	52.1500	74.5250	
-0.2100	0.2501	0.1503	52.0000	74.7250	
-0.2100	0.2501	0.1508	51.8500	75.0000	
-0.2100	0.2502	0.1511	51.8000	75.3250	
-0.2101	0.2502	0.1510	51.7250	75.4000	
-0.2101	0.2502	0.1509	51.5750	75.6250	
-0.2101	0.2502	0.1509	51.2250	75.8500	
-0.2101	0.2502	0.1511	51.3250	75.9500	
-0.2101	0.2502	0.1512	51.4000	76.0500	
-0.2101	0.2503	0.1514	51.1500	76.4500	
-0.2101	0.2503	0.1515	51.0250	76.5250	
-0.2101	0.2503	0.1515	50.7750	76.5750	
-0.2101	0.2503	0.1518	50.9250	76.9250	
-0.2101	0.2504	0.1520	50.7500	77.2750	
-0.2101	0.2504	0.1519	50.7750	77.3750	
-0.2101	0.2503	0.1518	50.6250	77.6250	
-0.2101	0.2504	0.1521	50.5250	78.0000	
-0.2102	0.2504	0.1522	50.2250	78.1000	
-0.2102	0.2504	0.1521	50.3500	78.3000	
-0.2102	0.2504	0.1521	50.1000	78.4500	
-0.2102	0.2504	0.1522	50.0500	78.5250	
-0.2102	0.2505	0.1523	50.1000	78.6750	
-0.2102	0.2505	0.1524	50.1000	78.8750	
-0.2102	0.2505	0.1524	49.8750	78.9750	
-0.2102	0.2505	0.1522	49.9250	79.0500	
-0.2102	0.2505	0.1524	50.1000	79.2000	
-0.2102	0.2505	0.1526	50.0000	79.3250	
-0.2102	0.2505	0.1525	49.8500	79.4000	
-0.2102	0.2505	0.1523	49.8250	79.5500	
-0.2102	0.2505	0.1522	49.8750	79.6500	
-0.2102	0.2505	0.1524	49.9500	79.8000	
-0.2103	0.2506	0.1526	49.9250	79.8500	
-0.2102	0.2506	0.1527	50.1750	79.9750	
-0.2102	0.2506	0.1525	49.8250	79.9750	
-0.2103	0.2506	0.1524	49.6000	80.0000	
-0.2102	0.2505	0.1525	49.4250	80.0250	
-0.2102	0.2506	0.1525	49.4000	80.0750	
-0.2102	0.2505	0.1524	49.7500	80.0250	
-0.2103	0.2506	0.1523	49.3750	80.2000	
-0.2103	0.2506	0.1524	49.8000	80.1750	
-0.2102	0.2506	0.1525	49.6000	80.2500	
-0.2102	0.2505	0.1523	49.8250	80.2250	
-0.2102	0.2505	0.1523	49.7250	80.2500	
-0.2102	0.2505	0.1522	49.7750	80.2000	
-0.2102	0.2505	0.1522	50.0750	80.2000	
-0.2102	0.2505	0.1522	50.2500	80.2750	
-0.2102	0.2505	0.1521	49.8500	80.1000	
-0.2102	0.2505	0.1519	49.5500	80.0500	
-0.2102	0.2505	0.1518	49.8250	79.9750	
-0.2103	0.2505	0.1517	49.7750	79.8000	
-0.2102	0.2504	0.1516	49.7750	79.4250	
-0.2102	0.2504	0.1515	49.9750	79.3000	
-0.2102	0.2504	0.1514	50.0500	79.1000	
-0.2102	0.2504	0.1514	50.1250	78.7250	
-0.2102	0.2504	0.1512	50.1250	78.4250	
-0.2102	0.2504	0.1511	50.1750	78.4250	
-0.2102	0.2504	0.1509	50.1250	78.2500	
-0.2102	0.2504	0.1508	50.1750	78.0500	
-0.2103	0.2504	0.1508	50.3250	77.8000	
-0.2102	0.2503	0.1507	50.3000	77.5750	
-0.2103	0.2504	0.1507	50.2000	77.3750	
-0.2103	0.2504	0.1506	50.2000	77.2000	
-0.2103	0.2503	0.1505	50.3250	76.8750	
-0.2103	0.2504	0.1504	50.3250	76.6250	
-0.2103	0.2504	0.1505	50.1250	76.3000	
-0.2103	0.2504	0.1505	50.1500	76.1250	
-0.2103	0.2504	0.1505	50.5500	75.7500	
-0.2103	0.2504	0.1506	50.5000	75.4000	
-0.2103	0.2504	0.1508	50.3750	75.2250	
-0.2103	0.2505	0.1510	50.5500	74.8750	
-0.2103	0.2505	0.1511	50.6000	74.6500	
-0.2104	0.2505	0.1513	50.6000	74.4000	
-0.2104	0.2506	0.1515	50.7750	74.3000	
-0.2104	0.2506	0.1517	51.2250	73.9750	
-0.2104	0.2507	0.1519	51.5000	73.9000	
-0.2105	0.2507	0.1521	51.6000	73.6000	
-0.2104	0.2507	0.1524	51.5750	73.3500	
-0.2104	0.2508	0.1528	51.7750	73.1750	
-0.2105	0.2509	0.1532	51.7250	72.9750	
-0.2105	0.2509	0.1536	52.2250	72.5750	
-0.2105	0.2510	0.1538	52.9500	72.4000	
-0.2105	0.2510	0.1541	53.2000	72.1750	
-0.2105	0.2511	0.1546	53.8500	71.9500	
-0.2105	0.2512	0.1551	54.5000	71.9500	
-0.2105	0.2512	0.1555	54.5750	71.8750	
-0.2105	0.2513	0.1559	54.9250	71.8000	
-0.2105	0.2513	0.1561	55.6000	71.4750	
-0.2106	0.2513	0.1564	55.8000	71.4750	
-0.2106	0.2514	0.1566	55.8000	71.4500	
-0.2106	0.2515	0.1567	55.2250	71.4750	
-0.2107	0.2515	0.1568	55.2250	71.6750	
-0.2108	0.2517	0.1570	55.5500	71.8250	
-0.2109	0.2518	0.1572	55.5250	71.9000	
-0.2110	0.2520	0.1574	55.3750	71.9750	
-0.2111	0.2521	0.1576	55.4500	71.8000	
-0.2112	0.2522	0.1575	54.7250	71.7500	
-0.2112	0.2522	0.1572	53.9250	71.7500	
-0.2112	0.2522	0.1570	53.7500	71.6500	
-0.2112	0.2521	0.1565	53.6750	71.6750	
-0.2111	0.2519	0.1562	53.4000	71.8250	
-0.2110	0.2518	0.1561	53.4000	72.2750	
-0.2109	0.2516	0.1560	53.3250	72.7750	
-0.2108	0.2515	0.1560	53.5500	73.2750	
-0.2107	0.2514	0.1560	53.3500	74.0250	
-0.2106	0.2513	0.1560	53.0500	74.8500	
-0.2105	0.2512	0.1560	52.5750	75.8000	
-0.2105	0.2512	0.1561	52.1000	76.7750	
-0.2104	0.2511	0.1558	51.8250	77.2500	
-0.2104	0.2510	0.1557	51.2500	77.8750	
-0.2103	0.2510	0.1555	50.8500	78.3250	
-0.2103	0.2509	0.1552	49.9500	79.0750	
-0.2103	0.2509	0.1551	49.5000	79.8000	
-0.2103	0.2508	0.1546	48.9750	80.4750	
-0.2103	0.2508	0.1543	48.1500	80.9750	
-0.2103	0.2508	0.1539	47.3500	81.6000	
-0.2103	0.2507	0.1536	46.1500	82.0000	
-0.2103	0.2507	0.1534	45.5750	82.7000	
-0.2103	0.2507	0.1529	45.4000	83.1250	
-0.2103	0.2506	0.1527	45.3500	83.5750	
-0.2103	0.2506	0.1524	44.6750	83.8000	
-0.2102	0.2505	0.1521	44.3000	83.8500	
-0.2102	0.2504	0.1519	44.7000	83.9250	
-0.2101	0.2503	0.1515	45.2500	84.0000	
-0.2101	0.2502	0.1513	45.6750	83.8750	
-0.2100	0.2501	0.1510	46.7250	83.6750	
-0.2100	0.2500	0.1507	48.8500	83.3000	
-0.2099	0.2500	0.1504	49.3500	82.7750	
-0.2099	0.2499	0.1503	50.4750	82.1500	
-0.2099	0.2499	0.1501	50.6250	81.2000	
-0.2099	0.2499	0.1499	50.0250	80.3000	
-0.2099	0.2499	0.1498	50.3500	79.5000	
-0.2100	0.2499	0.1497	53.3250	78.4750	
-0.2100	0.2500	0.1497	56.1000	77.4750	
-0.2101	0.2500	0.1496	54.3500	76.0750	
-0.2101	0.2501	0.1495	56.4500	74.5500	
-0.2102	0.2501	0.1494	58.2250	73.2000	
-0.2103	0.2502	0.1492	53.7250	72.3250	
-0.2103	0.2502	0.1490	54.8000	71.0500	
-0.2103	0.2502	0.1486	60.0500	69.8250	
-0.2104	0.2502	0.1483	54.1750	68.5500	
-0.2103	0.2502	0.1480	51.2000	67.6000	
-0.2103	0.2501	0.1476	52.7750	67.2750	
-0.2102	0.2500	0.1473	52.9250	67.2750	
-0.2102	0.2499	0.1471	53.1250	67.5000	
-0.2101	0.2498	0.1469	52.4500	68.1500	
-0.2101	0.2497	0.1469	51.5000	69.1000	
-0.2101	0.2498	0.1471	51.4250	70.3000	
-0.2100	0.2498	0.1474	51.3000	71.4000	
-0.2100	0.2498	0.1476	50.2250	72.3250	
-0.2101	0.2498	0.1480	49.4750	73.5000	
-0.2101	0.2499	0.1484	48.8250	74.5500	
-0.2101	0.2500	0.1487	48.2750	75.4000	
-0.2102	0.2501	0.1490	47.3250	76.2000	
-0.2102	0.2501	0.1492	46.6500	77.0250	
-0.2102	0.2502	0.1494	46.0000	77.8750	
-0.2102	0.2502	0.1495	45.2250	78.2500	
-0.2102	0.2502	0.1496	44.7750	78.7750	
-0.2102	0.2502	0.1495	44.5000	79.1000	
-0.2102	0.2502	0.1494	44.2500	79.5500	
-0.2102	0.2502	0.1493	44.1000	79.6750	
-0.2102	0.2502	0.1492	44.1000	79.7750	
-0.2102	0.2501	0.1490	44.1500	79.8250	
-0.2102	0.2501	0.1489	44.6750	79.7000	
-0.2102	0.2500	0.1487	44.9750	79.5000	
-0.2102	0.2500	0.1485	45.9250	79.0500	
-0.2102	0.2500	0.1484	46.3500	78.5500	
-0.2102	0.2500	0.1483	47.2750	78.2500	
-0.2102	0.2500	0.1482	47.1250	77.5500	
-0.2102	0.2500	0.1481	46.4000	77.1500	
-0.2102	0.2500	0.1480	45.9250	76.5500	
-0.2102	0.2500	0.1479	44.8000	75.9250	
-0.2102	0.2500	0.1479	43.8000	75.2500	
-0.2102	0.2500	0.1478	47.1250	74.8000	
-0.2102	0.2500	0.1477	48.7000	74.4500	
-0.2102	0.2500	0.1477	45.9750	74.2500	
-0.2102	0.2500	0.1477	45.6750	74.0500	
-0.2102	0.2500	0.1477	48.3000	73.9250	
-0.2102	0.2500	0.1477	49.4000	73.8750	
-0.2102	0.2500	0.1477	50.0500	73.9500	
-0.2102	0.2500	0.1478	51.1500	74.0250	
-0.2102	0.2500	0.1479	52.0250	74.1500	
-0.2102	0.2500	0.1480	52.8750	74.4000	
-0.2102	0.2500	0.1481	52.6250	74.7500	
-0.2102	0.2500	0.1482	53.6250	74.9750	
-0.2102	0.2501	0.1483	54.7500	75.2250	
-0.2102	0.2501	0.1485	54.1250	75.5750	
-0.2102	0.2501	0.1485	54.8500	75.6250	
-0.2102	0.2501	0.1486	55.9500	75.8750	
-0.2102	0.2501	0.1487	55.8250	76.2750	
-0.2102	0.2501	0.1487	54.3250	76.5750	
-0.2102	0.2501	0.1487	53.6000	76.8250	
-0.2102	0.2501	0.1487	53.3000	77.0000	
-0.2102	0.2501	0.1486	53.6000	77.1250	
-0.2102	0.2501	0.1486	53.3500	77.1500	
-0.2102	0.2501	0.1485	52.8000	77.0750	
-0.2102	0.2500	0.1484	52.0750	77.1250	
-0.2102	0.2500	0.1484	51.2000	77.0750	
-0.2102	0.2500	0.1482	50.9250	77.0000	
-0.2102	0.2500	0.1482	50.2250	76.8500	
-0.2102	0.2500	0.1480	49.8250	76.8500	
-0.2102	0.2500	0.1479	49.3000	76.6000	
-0.2102	0.2500	0.1478	47.5750	76.1750	
-0.2102	0.2500	0.1477	47.0000	75.9750	
-0.2102	0.2500	0.1477	46.9500	75.7750	
-0.2102	0.2500	0.1476	46.7500	75.6250	
-0.2102	0.2500	0.1476	46.4750	75.5000	
-0.2102	0.2500	0.1476	45.5000	75.4500	
-0.2102	0.2500	0.1475	44.2250	75.3750	
-0.2102	0.2500	0.1476	45.0000	75.4250	
-0.2102	0.2500	0.1476	46.8250	75.4000	
-0.2102	0.2500	0.1476	46.8250	75.4250	
-0.2102	0.2500	0.1476	46.9000	75.4500	
-0.2102	0.2500	0.1477	47.7500	75.5250	
-0.2102	0.2500	0.1478	47.8500	75.5750	
-0.2102	0.2500	0.1478	48.3250	75.5500	
-0.2102	0.2500	0.1479	48.5500	75.6250	
-0.2102	0.2500	0.1480	49.1500	75.7250	
-0.2102	0.2500	0.1481	51.4000	75.8250	
-0.2102	0.2500	0.1481	52.7500	75.9250	
-0.2102	0.2500	0.1482	51.7000	76.1000	
-0.2102	0.2500	0.1483	52.1500	76.2500	
-0.2102	0.2500	0.1483	52.9500	76.2500	
-0.2102	0.2501	0.1483	54.0000	76.2250	
-0.2102	0.2501	0.1483	53.9500	76.2250	
-0.2102	0.2501	0.1483	51.6250	76.2750	
-0.2102	0.2500	0.1483	53.5500	76.1000	
-0.2102	0.2500	0.1483	55.3750	75.9750	
-0.2102	0.2500	0.1482	55.4750	75.9500	
-0.2102	0.2500	0.1482	53.9500	75.8750	
-0.2102	0.2500	0.1482	51.3250	75.9250	
-0.2102	0.2500	0.1481	50.0250	76.0500	
-0.2103	0.2501	0.1482	51.9000	76.1000	
-0.2102	0.2500	0.1481	51.0750	76.0500	
-0.2102	0.2500	0.1479	48.5250	76.1250	
-0.2102	0.2500	0.1479	48.4500	76.0250	
-0.2102	0.2500	0.1478	48.6000	76.0250	
-0.2102	0.2500	0.1477	48.2000	76.0250	
-0.2102	0.2500	0.1477	47.9250	76.0250	
-0.2102	0.2500	0.1476	47.8250	76.0500	
-0.2102	0.2500	0.1476	47.1000	76.0750	
-0.2102	0.2500	0.1476	45.4250	76.1750	
-0.2102	0.2500	0.1476	45.1500	76.1250	
-0.2102	0.2500	0.1476	44.4750	76.2750	
-0.2102	0.2500	0.1476	45.5000	76.2000	
-0.2102	0.2500	0.1476	45.2500	76.3250	
-0.2102	0.2500	0.1476	46.2250	76.3000	
-0.2102	0.2500	0.1477	46.1000	76.2750	
-0.2102	0.2500	0.1477	45.7000	76.3750	
-0.2102	0.2500	0.1478	46.4500	76.2000	
-0.2102	0.2500	0.1478	46.8750	76.1500	
-0.2102	0.2500	0.1479	49.2000	76.1500	
-0.2102	0.2500	0.1480	48.8250	76.2250	
-0.2102	0.2500	0.1480	48.0750	76.3750	
-0.2102	0.2500	0.1481	48.2000	76.1750	
-0.2102	0.2500	0.1481	48.9750	76.3000	
-0.2102	0.2500	0.1482	49.8250	76.0500	
-0.2102	0.2501	0.1482	50.2750	76.2000	
-0.2102	0.2500	0.1482	50.5250	76.0250	
-0.2102	0.2501	0.1482	50.2000	76.1000	
-0.2102	0.2500	0.1482	49.5500	76.2750	
-0.2102	0.2500	0.1481	50.5000	76.1500	
-0.2102	0.2500	0.1481	51.3750	76.2500	
-0.2102	0.2500	0.1481	48.7500	76.1750	
-0.2102	0.2500	0.1480	47.8500	76.4000	
-0.2102	0.2500	0.1479	48.5250	76.2750	
-0.2102	0.2500	0.1478	48.7000	76.3250	
-0.2102	0.2500	0.1478	46.4250	76.4250	
-0.2102	0.2500	0.1477	45.6750	76.3500	
-0.2102	0.2500	0.1476	45.1500	76.5500	
-0.2102	0.2500	0.1475	44.2500	76.5000	
-0.2102	0.2500	0.1475	44.1750	76.5000	
-0.2102	0.2500	0.1474	43.3500	76.5000	
-0.2102	0.2500	0.1474	42.7750	76.4000	
-0.2102	0.2499	0.1473	42.5500	76.3750	
-0.2102	0.2500	0.1473	43.1250	76.3000	
-0.2102	0.2500	0.1474	43.9250	76.3000	
-0.2102	0.2500	0.1474	43.2000	76.3000	
-0.2102	0.2500	0.1475	43.5750	76.3250	
-0.2102	0.2500	0.1476	44.7250	76.3250	
-0.2102	0.2500	0.1477	45.9750	76.3000	
-0.2102	0.2500	0.1479	46.8500	76.3750	
-0.2102	0.2500	0.1480	47.1750	76.4750	
-0.2102	0.2501	0.1481	49.6750	76.4750	
-0.2102	0.2501	0.1482	49.4500	76.5500	
-0.2102	0.2501	0.1483	48.7250	76.5500	
-0.2102	0.2501	0.1484	48.5500	76.4750	
-0.2102	0.2501	0.1484	49.7250	76.5500	
-0.2102	0.2501	0.1484	52.4250	76.4750	
-0.2102	0.2501	0.1483	50.4750	76.4250	
-0.2102	0.2501	0.1482	48.7250	76.5250	
-0.2102	0.2500	0.1481	48.1250	76.4000	
-0.2102	0.2500	0.1480	47.1250	76.4250	
-0.2102	0.2500	0.1479	47.2500	76.3250	
-0.2102	0.2500	0.1478	47.7250	76.5000	
-0.2102	0.2500	0.1476	45.3750	76.3500	
-0.2102	0.2500	0.1474	43.8500	76.6500	
-0.2102	0.2500	0.1473	42.8500	76.5750	
-0.2102	0.2500	0.1472	41.9750	76.6000	
-0.2102	0.2499	0.1471	40.8250	76.6750	
-0.2102	0.2499	0.1470	40.6750	76.7750	
-0.2102	0.2499	0.1469	41.3250	76.7000	
-0.2102	0.2499	0.1469	41.7250	76.7000	
-0.2102	0.2499	0.1470	42.0750	76.6000	
-0.2102	0.2499	0.1471	42.8750	76.6000	
-0.2103	0.2500	0.1472	42.5250	76.6000	
-0.2102	0.2500	0.1474	43.9250	76.6500	
-0.2103	0.2500	0.1476	45.4500	76.6750	
-0.2102	0.2500	0.1479	46.3000	76.7750	
-0.2102	0.2501	0.1482	47.4500	76.7250	
-0.2102	0.2501	0.1484	47.9500	76.7500	
-0.2102	0.2501	0.1487	48.5250	76.7500	
-0.2102	0.2501	0.1488	50.3000	76.8000	
-0.2103	0.2502	0.1489	52.3500	76.5250	
-0.2102	0.2501	0.1489	50.7500	76.5750	
-0.2102	0.2501	0.1488	49.5000	76.4250	
-0.2102	0.2501	0.1486	49.7750	76.5500	
-0.2102	0.2501	0.1484	50.4250	76.4500	
-0.2102	0.2500	0.1481	49.1750	76.5500	
-0.2102	0.2500	0.1478	47.1250	76.6000	
-0.2102	0.2500	0.1475	46.9000	76.6250	
-0.2102	0.2500	0.1471	43.9250	76.6500	
-0.2103	0.2499	0.1468	40.3250	76.5000	
-0.2102	0.2499	0.1465	39.4250	76.8250	
0.6436	50.0000	0.7871	50.0000	
0.6263	50.0000	0.7383	50.0000	
0.6092	50.0000	0.6909	50.0000	
0.5912	50.0000	0.6444	50.0000	
0.5720	50.0000	0.5964	50.0000	
0.5516	50.0000	0.5480	50.0000	
0.5298	50.0000	0.4996	50.3250	
0.5068	50.0000	0.4525	62.9750	
0.4826	50.0000	0.4086	73.0000	
0.4575	52.2250	0.3694	74.0250	
0.4323	49.5500	0.3358	76.5250	
0.4070	49.4750	0.3095	76.8750	
0.3825	49.2000	0.2901	76.0500	
0.3597	50.0000	0.2767	75.4750	
0.3390	50.0000	0.2674	75.1750	
0.3204	50.0000	0.2603	75.1250	
0.3050	50.0000	0.2544	75.1000	
0.2896	50.0000	0.2488	75.1750	
0.2743	50.0000	0.2432	75.4000	
0.2618	50.0000	0.2375	75.5750	
0.2538	49.7500	0.2319	75.7750	
0.2501	50.7000	0.2264	75.7500	
0.2502	51.1500	0.2209	76.1000	
0.2501	51.1250	0.2155	76.2250	
0.2498	51.2250	0.2102	76.5250	
0.2496	51.0000	0.2050	76.8000	
0.2494	51.3500	0.2000	76.9250	
0.2493	51.0500	0.1951	77.2500	
0.2492	51.1500	0.1906	77.4250	
0.2490	51.2250	0.1862	77.5000	
0.2490	51.1500	0.1822	77.7000	
0.2489	51.3000	0.1784	77.8000	
0.2488	51.0000	0.1750	77.6500	
0.2487	51.0750	0.1719	77.6750	
0.2487	52.9500	0.1691	77.5750	
0.2486	56.0500	0.1667	77.5500	
0.2486	55.2750	0.1646	77.5000	
0.2485	55.7750	0.1627	77.4000	
0.2485	54.4500	0.1611	77.3000	
0.2485	54.3500	0.1597	77.1500	
0.2484	54.4250	0.1585	77.2500	
0.2484	54.0250	0.1575	77.4250	
0.2483	54.5750	0.1566	77.3500	
0.2484	55.4500	0.1558	77.4000	
0.2483	55.1250	0.1551	77.3750	
0.2482	55.2500	0.1544	77.3750	
0.2482	54.6750	0.1538	77.4000	
0.2482	55.2250	0.1533	77.4000	
0.2482	55.4500	0.1528	77.4000	
0.2481	55.5000	0.1523	77.4000	
0.2481	56.3500	0.1519	77.3750	
0.2481	56.1500	0.1514	77.3750	
0.2480	56.4000	0.1510	77.4000	
0.2480	56.4250	0.1506	77.4000	
0.2480	56.8250	0.1502	77.3750	
0.2479	55.9750	0.1498	77.4250	
0.2479	56.7250	0.1495	77.4250	
0.2479	56.5500	0.1492	77.4750	
0.2479	57.2000	0.1490	77.3750	
0.2478	57.2750	0.1488	77.3250	
0.2478	56.7000	0.1486	77.3250	
0.2478	57.1250	0.1484	77.3000	
0.2478	57.0500	0.1482	77.3000	
0.2477	57.4750	0.1481	77.3250	
0.2478	56.4750	0.1480	77.4000	
0.2477	56.2500	0.1478	77.3500	
0.2477	57.6500	0.1476	77.3500	
0.2476	57.6500	0.1475	77.3500	
0.2476	57.2750	0.1473	77.3500	
0.2476	57.4500	0.1472	77.3500	
0.2476	57.3750	0.1470	77.3250	
0.2475	57.3750	0.1469	77.3250	
0.2475	57.3250	0.1467	77.3500	
0.2475	57.3500	0.1465	77.3250	
0.2474	57.9750	0.1464	77.3500	
0.2474	58.0250	0.1462	77.3750	
0.2474	57.7750	0.1461	77.4000	
0.2474	57.7750	0.1459	77.4000	
0.2473	57.9750	0.1457	77.4000	
0.2474	57.9750	0.1456	77.4000	
0.2473	56.7500	0.1454	77.4000	
0.2473	57.1750	0.1452	77.4000	
0.2473	58.3250	0.1451	77.4500	
0.2472	57.6750	0.1449	77.4250	
0.2472	56.8500	0.1447	77.4250	
0.2472	58.6750	0.1446	77.4000	
0.2471	58.6250	0.1444	77.4750	
0.2471	58.4250	0.1443	77.4750	
0.2471	57.9000	0.1441	77.4750	
0.2470	57.5250	0.1439	77.4750	
0.2470	57.8750	0.1437	77.4500	
0.2470	57.7250	0.1435	77.4500	
0.2470	57.8750	0.1433	77.4750	
0.2470	57.6750	0.1431	77.4750	
0.2469	57.9750	0.1429	77.4500	
0.2469	58.1000	0.1427	77.4500	
0.2469	57.8000	0.1425	77.4500	
0.2469	57.7000	0.1424	77.4750	
0.2468	57.7500	0.1421	77.4500	
0.2468	57.7500	0.1419	77.4500	
0.2468	58.4000	0.1417	77.4750	
0.2467	58.0250	0.1415	77.4750	
0.2467	57.8500	0.1413	77.4750	
0.2467	58.5250	0.1411	77.4500	
0.2466	58.2750	0.1408	77.4500	
0.2466	58.0000	0.1406	77.4500	
0.2466	57.3250	0.1404	77.4250	
0.2465	57.8750	0.1401	77.4500	
0.2465	58.0250	0.1399	77.5000	
0.2465	58.2000	0.1396	77.4750	
0.2464	57.9750	0.1393	77.5000	
0.2464	58.7500	0.1390	77.5000	
0.2464	58.2500	0.1388	77.4500	
0.2463	57.8500	0.1385	77.5000	
0.2463	58.2500	0.1382	77.4750	
0.2463	58.5250	0.1380	77.5000	
0.2463	58.4000	0.1376	77.5250	
0.2462	58.2500	0.1373	77.5000	
0.2462	58.2250	0.1370	77.5000	
0.2461	57.9500	0.1367	77.5000	
0.2461	57.9000	0.1363	77.5000	
0.2461	57.8250	0.1360	77.5000	
0.2460	57.8000	0.1357	77.5000	
0.2460	57.7500	0.1353	77.4500	
0.2460	58.0000	0.1349	77.5250	
0.2459	58.0000	0.1346	77.5000	
0.2459	58.5750	0.1342	77.5000	
0.2459	58.0500	0.1337	77.4750	
0.2458	57.5000	0.1333	77.4750	
0.2458	58.2000	0.1328	77.5000	
0.2457	58.3750	0.1320	77.5000	
0.2457	58.5000	0.1311	77.4750	
0.2456	57.8500	0.1297	77.5250	
0.2456	57.8500	0.1284	77.4750	
0.2456	57.9750	0.1273	77.5250	
0.2455	57.8500	0.1265	77.5500	
0.2455	57.6000	0.1254	77.5000	
0.2454	57.7000	0.1245	77.5250	
0.2454	57.7750	0.1236	77.5250	
0.2454	57.8000	0.1227	77.6000	
0.2453	57.8000	0.1219	77.5500	
0.2453	57.3750	0.1210	77.6000	
0.2452	57.8000	0.1201	77.6000	
0.2452	58.1250	0.1193	77.5750	
0.2451	57.9500	0.1184	77.5500	
0.2451	57.9250	0.1176	77.5750	
0.2451	57.7250	0.1169	77.7000	
0.2450	57.6000	0.1160	77.4750	
0.2450	57.8000	0.1151	77.7000	
0.2449	57.7500	0.1143	77.5500	
0.2449	57.0500	0.1135	77.5500	
0.2449	57.5750	0.1128	77.6750	
0.2448	58.5500	0.1120	77.5750	
0.2447	57.8000	0.1113	77.6000	
0.2447	57.5750	0.1106	77.6000	
0.2446	57.8250	0.1099	77.6500	
0.2445	57.8750	0.1091	77.6000	
0.2445	58.0750	0.1084	77.6500	
0.2444	57.6500	0.1077	77.6500	
0.2445	57.6750	0.1071	77.6750	
0.2443	57.8250	0.1064	77.6750	
0.2444	57.3250	0.1059	77.7000	
0.2442	58.6000	0.1053	77.7500	
0.2441	58.1500	0.1046	77.6500	
0.2441	57.3250	0.1040	77.6000	
0.2440	57.3250	0.1034	77.7250	
0.2439	57.6750	0.1028	77.7500	
0.2439	57.7500	0.1023	77.5500	
0.2438	57.8500	0.1017	77.7750	
0.2437	57.6250	0.1012	77.7250	
0.2437	57.8750	0.1007	77.6750	
0.2436	57.6500	0.1003	77.6750	
0.2435	57.4250	0.0997	77.6500	
0.2435	57.9500	0.0992	77.5000	
0.2434	57.5000	0.0986	77.4750	
0.2434	57.3250	0.0983	77.4500	
0.2433	57.2000	0.0977	77.4000	
0.2431	57.3500	0.0973	77.4000	
0.2431	57.2750	0.0970	77.4750	
0.2430	57.4250	0.0965	77.3500	
0.2429	57.4000	0.0959	77.3750	
0.2429	57.6750	0.0955	77.4000	
0.2428	57.6000	0.0951	77.4750	
0.2427	57.1750	0.0947	77.4750	
0.2426	57.5750	0.0944	77.5500	
0.2425	57.9750	0.0942	77.4750	
0.2424	57.3250	0.0939	77.4750	
0.2422	57.2000	0.0935	77.5250	
0.2422	57.5250	0.0932	77.5000	
0.2421	57.7250	0.0930	77.4500	
0.2420	57.5250	0.0927	77.4500	
0.2419	57.3500	0.0924	77.4750	
0.2417	57.3750	0.0921	77.4750	
0.2417	57.2750	0.0920	77.5250	
0.2415	57.3250	0.0919	77.4500	
0.2414	57.5250	0.0915	77.4750	
0.2413	57.7500	0.0913	77.5250	
0.2412	58.2750	0.0912	77.4500	
0.2410	57.2750	0.0909	77.5000	
0.2408	57.7750	0.0907	77.4750	
0.2408	57.5500	0.0907	77.4500	
0.2406	58.0500	0.0903	77.4500	
0.2404	57.6250	0.0901	77.4500	
0.2402	57.8750	0.0901	77.4250	
0.2401	57.8750	0.0898	77.4500	
0.2400	57.7750	0.0896	77.4250	
0.2398	57.7750	0.0894	77.4000	
0.2396	57.5750	0.0893	77.4000	
0.2395	58.0500	0.0893	77.4250	
0.2393	57.8250	0.0891	77.3000	
0.2391	57.8500	0.0889	77.3750	
0.2390	58.4000	0.0887	77.3750	
0.2388	57.7000	0.0886	77.3750	
0.2386	58.5000	0.0884	77.3250	
0.2385	58.0750	0.0884	77.4000	
0.2383	58.3250	0.0882	77.3750	
0.2382	58.4500	0.0880	77.3750	
0.2379	58.1250	0.0878	77.3750	
0.2380	58.5500	0.0877	77.3500	
0.2377	58.1500	0.0877	77.3250	
0.2376	58.5500	0.0874	77.3000	
0.2373	58.2500	0.0873	77.3250	
0.2371	58.4000	0.0871	77.3500	
0.2369	58.2500	0.0871	77.3000	
0.2367	58.2750	0.0869	77.3000	
0.2366	58.7250	0.0867	77.3250	
0.2364	58.5750	0.0866	77.2250	
0.2364	58.2500	0.0865	77.2750	
0.2361	57.9750	0.0864	77.3000	
0.2360	58.0750	0.0862	77.3250	
0.2357	58.6250	0.0861	77.2500	
0.2356	58.6000	0.0859	77.2500	
0.2353	58.0500	0.0858	77.2250	
0.2352	57.9250	0.0857	77.3000	
0.2353	58.6250	0.0857	77.2500	
0.2350	58.2250	0.0855	77.2750	
0.2349	58.8000	0.0854	77.1750	
0.2346	58.5000	0.0852	77.2000	
0.2345	58.3750	0.0850	77.2250	
0.2344	58.9250	0.0848	77.2000	
0.2341	58.5500	0.0847	77.2750	
0.2339	58.8500	0.0845	77.2250	
0.2338	58.7000	0.0844	77.1500	
0.2336	58.4500	0.0843	77.2250	
0.2335	58.6500	0.0841	77.2250	
0.2334	58.9750	0.0842	77.1750	
0.2332	58.5750	0.0840	77.2000	
0.2331	58.7250	0.0839	77.2000	
0.2328	58.6750	0.0838	77.2000	
0.2328	58.5750	0.0837	77.2000	
0.2325	59.0000	0.0836	77.2750	
0.2325	59.0250	0.0835	77.1750	
0.2323	58.8750	0.0834	77.1500	
0.2323	58.6500	0.0834	77.1500	
0.2323	58.4750	0.0833	77.1250	
0.2319	58.7250	0.0832	77.1500	
0.2320	58.8250	0.0831	77.1250	
0.2318	58.6500	0.0830	77.1500	
0.2316	58.6250	0.0829	77.1250	
0.2315	58.7750	0.0828	77.1250	
0.2315	58.7500	0.0827	77.1500	
0.2315	58.8500	0.0826	77.1000	
0.2314	59.0000	0.0825	77.1250	
0.2312	58.7250	0.0826	77.1750	
0.2311	58.2500	0.0825	77.1750	
0.2309	58.8250	0.0823	77.1000	
0.2308	58.7250	0.0823	77.0750	
0.2307	58.8500	0.0822	77.1250	
0.2306	58.8250	0.0821	77.1000	
0.2305	58.9000	0.0821	77.0750	
0.2304	58.6500	0.0820	77.0500	
0.2303	58.6000	0.0819	77.1250	
0.2304	59.0000	0.0818	77.1000	
0.2305	58.5250	0.0817	77.0750	
0.2299	58.9000	0.0816	77.1000	
0.2301	58.8500	0.0815	77.1000	
0.2301	58.5500	0.0815	77.1000	
0.2299	58.7250	0.0814	77.0750	
0.2297	58.8500	0.0813	77.0250	
0.2296	58.8000	0.0812	77.0500	
0.2295	58.8250	0.0811	77.0250	
0.2294	58.8500	0.0811	77.0750	
0.2294	58.9000	0.0809	77.0250	
0.2293	58.8750	0.0809	77.0750	
0.2292	58.9000	0.0810	77.0750	
0.2291	58.6500	0.0808	77.0500	
0.2291	58.7750	0.0807	77.0500	
0.2290	58.6500	0.0807	77.0500	
0.2289	58.7000	0.0805	77.0500	
0.2289	58.6250	0.0804	77.0500	
0.2288	58.7000	0.0803	77.0250	
0.2288	58.5750	0.0804	77.0500	
0.2287	58.5750	0.0804	77.0000	
0.2286	58.6500	0.0802	77.0500	
0.2286	58.6000	0.0802	77.0250	
0.2285	58.5000	0.0804	77.0000	
0.2284	58.4250	0.0800	77.0000	
0.2284	58.5250	0.0799	77.0500	
0.2283	58.4250	0.0798	77.0000	
0.2283	58.5250	0.0799	77.0250	
0.2283	58.7250	0.0798	76.9750	
0.2282	58.5500	0.0798	77.0000	
0.2280	58.4250	0.0796	77.0000	
0.2280	58.3750	0.0795	77.0000	
0.2279	58.5250	0.0795	77.0250	
0.2279	58.5250	0.0793	77.0000	
0.2278	58.5500	0.0794	76.9750	
0.2277	58.6000	0.0793	76.9000	
0.2277	58.4500	0.0793	77.0000	
0.2275	58.5250	0.0793	76.9250	
0.2275	58.4750	0.0792	76.9250	
0.2274	58.5250	0.0790	76.9750	
0.2274	58.6000	0.0790	76.9500	
0.2274	58.5750	0.0789	76.9750	
0.2272	58.6250	0.0789	76.9250	
0.2273	58.4750	0.0789	76.9250	
0.2271	58.6000	0.0788	76.9250	
0.2270	58.6000	0.0788	76.9250	
0.2270	58.4250	0.0788	76.9250	
0.2270	58.4750	0.0787	76.8750	
0.2269	58.4500	0.0787	76.9250	
0.2268	58.4250	0.0785	76.9500	
0.2269	58.4000	0.0785	76.9250	
0.2269	58.3500	0.0784	76.9250	
0.2270	58.3250	0.0786	76.9000	
0.2267	58.0750	0.0784	76.8500	
0.2268	58.4750	0.0783	76.9000	
0.2266	58.5500	0.0783	76.8750	
0.2266	58.4750	0.0782	76.8750	
0.2267	58.3500	0.0782	76.8750	
0.2268	58.5250	0.0781	76.8750	
0.2266	58.1500	0.0782	76.8750	
0.2265	58.4750	0.0781	76.8750	
0.2265	58.3250	0.0780	76.8750	
0.2264	58.5250	0.0780	76.8500	
0.2263	58.3250	0.0780	76.8750	
0.2263	58.3000	0.0779	76.8250	
0.2263	58.3000	0.0778	76.8750	
0.2263	58.3750	0.0777	76.8000	
0.2262	58.2750	0.0777	76.8250	
0.2262	58.4500	0.0777	76.8250	
0.2263	58.5000	0.0777	76.8250	
0.2262	58.5250	0.0777	76.8250	
0.2262	58.4000	0.0778	76.8500	
0.2263	58.3750	0.0779	76.8000	
0.2260	58.3500	0.0775	76.8000	
0.2261	58.4750	0.0774	76.8250	
0.2261	58.2750	0.0774	76.8500	
0.2260	58.4750	0.0773	76.8000	
0.2260	58.5250	0.0774	76.7750	
0.2260	58.3500	0.0773	76.7250	
0.2259	58.4750	0.0773	76.7500	
0.2259	58.5000	0.0774	76.7250	
0.2262	58.3750	0.0777	76.8000	
0.2258	58.5250	0.0777	76.8250	
0.2258	58.5000	0.0773	76.7000	
0.2258	58.3500	0.0771	76.7500	
0.2258	58.3500	0.0772	76.7250	
0.2258	58.6000	0.0771	76.7000	
0.2259	58.3500	0.0769	76.7500	
0.2258	58.4250	0.0770	76.6750	
0.2256	58.6250	0.0769	76.7750	
0.2257	58.5250	0.0769	76.6750	
0.2257	58.3750	0.0768	76.6500	
0.2257	58.4500	0.0768	76.6250	
0.2257	58.4250	0.0767	76.7000	
0.2256	58.5500	0.0767	76.6500	
0.2255	58.4500	0.0766	76.6250	
0.2255	58.4750	0.0766	76.6750	
0.2254	58.5500	0.0766	76.7000	
0.2255	58.5000	0.0765	76.6750	
0.2257	58.4250	0.0766	76.6000	
0.2254	58.3750	0.0766	76.6500	
0.2254	58.5250	0.0765	76.6000	
0.2256	58.4250	0.0764	76.6000	
0.2255	58.3750	0.0764	76.6250	
0.2256	58.3250	0.0764	76.6500	
0.2254	58.4250	0.0763	76.6500	
0.2255	58.3500	0.0764	76.6500	
0.2257	58.6750	0.0764	76.6250	
0.2253	58.5250	0.0764	76.7250	
0.2254	58.1750	0.0763	76.6250	
0.2253	58.3750	0.0763	76.6000	
0.2253	58.4000	0.0762	76.6000	
0.2252	58.5750	0.0761	76.5500	
0.2254	58.2250	0.0761	76.6750	
0.2251	58.4750	0.0761	76.6250	
0.2255	58.6500	0.0761	76.6250	
0.2251	58.5500	0.0759	76.5750	
0.2252	58.2750	0.0760	76.6250	
0.2252	58.2000	0.0759	76.6000	
0.2251	58.3250	0.0759	76.6000	
0.2252	58.1000	0.0759	76.5250	
0.2250	58.4750	0.0758	76.5500	
0.2251	58.4500	0.0759	76.6000	
0.2251	58.6500	0.0759	76.5750	
0.2250	58.7000	0.0758	76.6250	
0.2252	58.3250	0.0758	76.6000	
0.2250	58.5000	0.0757	76.5750	
0.2250	58.7750	0.0757	76.5500	
0.2252	58.3000	0.0757	76.5250	
0.2252	58.6250	0.0756	76.4750	
0.2250	58.6750	0.0757	76.5500	
0.2250	58.5250	0.0756	76.5750	
0.2249	58.7250	0.0756	76.6000	
0.2249	58.5750	0.0756	76.5750	
0.2251	58.5750	0.0755	76.5750	
0.2250	58.5500	0.0756	76.5250	
0.2250	58.7250	0.0755	76.5000	
0.2250	58.3750	0.0754	76.6000	
0.2248	58.4000	0.0754	76.6000	
0.2248	58.3000	0.0753	76.5750	
0.2248	58.4250	0.0754	76.5000	
0.2249	58.7250	0.0753	76.5500	
0.2248	58.7750	0.0753	76.5000	
0.2248	58.5000	0.0753	76.4750	
0.2250	58.4000	0.0752	76.4750	
0.2247	58.5250	0.0752	76.5500	
0.2248	58.7000	0.0751	76.5250	
0.2247	58.5250	0.0751	76.5750	
0.2248	58.5750	0.0753	76.5500	
0.2247	58.4250	0.0752	76.5750	
0.2247	58.5250	0.0751	76.4750	
0.2247	58.4000	0.0750	76.5000	
0.2246	58.5250	0.0750	76.5250	
0.2247	58.5000	0.0750	76.5500	
0.2246	58.6250	0.0749	76.5500	
0.2247	58.6250	0.0749	76.5000	
0.2246	58.5000	0.0750	76.5000	
0.2246	58.9250	0.0751	76.5500	
0.2247	58.7750	0.0748	76.5000	
0.2246	58.5500	0.0748	76.5000	
0.2245	58.4750	0.0748	76.5250	
0.2246	58.3250	0.0749	76.5000	
0.2248	58.6500	0.0751	76.4500	
0.2246	58.6250	0.0749	76.5000	
0.2246	58.8250	0.0747	76.4500	
0.2245	58.6500	0.0747	76.5250	
0.2245	58.5250	0.0747	76.5000	
0.2246	58.4250	0.0747	76.4750	
0.2245	58.7750	0.0746	76.4500	
0.2245	58.6750	0.0746	76.4750	
0.2244	58.7000	0.0746	76.4500	
0.2244	58.8000	0.0746	76.5000	
0.2244	58.6000	0.0746	76.4250	
0.2244	58.6250	0.0745	76.4500	
0.2244	58.7250	0.0745	76.4250	
0.2244	58.5000	0.0744	76.4750	
0.2244	58.7750	0.0744	76.5000	
0.2244	58.8500	0.0744	76.4250	
0.2245	58.8000	0.0743	76.4000	
0.2243	58.9000	0.0743	76.4000	
0.2244	58.9500	0.0743	76.5250	
0.2244	58.8750	0.0743	76.3500	
0.2243	58.8250	0.0742	76.4250	
0.2243	58.9750	0.0742	76.4000	
0.2243	58.6000	0.0742	76.4500	
0.2243	59.0000	0.0742	76.4750	
0.2243	58.8250	0.0741	76.3750	
0.2243	59.0250	0.0742	76.4000	
0.2243	58.9250	0.0741	76.4750	
0.2243	58.8000	0.0742	76.4000	
0.2242	59.0250	0.0742	76.4750	
0.2242	59.0500	0.0742	76.4750	
0.2243	59.3500	0.0742	76.4750	
0.2242	59.2500	0.0741	76.4500	
0.2242	59.1000	0.0740	76.3750	
0.2242	59.0500	0.0740	76.4750	
0.2242	59.0000	0.0739	76.4000	
0.2242	59.3000	0.0739	76.4250	
0.2242	59.2250	0.0739	76.4250	
0.2242	59.2750	0.0739	76.4750	
0.2242	59.2250	0.0738	76.4250	
0.2242	59.1750	0.0738	76.3500	
0.2241	59.5000	0.0738	76.4000	
0.2241	59.4500	0.0738	76.3750	
0.2242	59.3750	0.0737	76.4250	
0.2242	59.1000	0.0737	76.3750	
0.2244	58.9250	0.0738	76.4000	
0.2241	59.2500	0.0737	76.4250	
0.2241	58.9750	0.0736	76.3500	
0.2241	59.3500	0.0736	76.4000	
0.2241	59.6250	0.0738	76.4000	
0.2240	59.4000	0.0738	76.3750	
0.2240	59.1750	0.0736	76.3500	
0.2240	59.0500	0.0735	76.3750	
0.2240	59.2000	0.0735	76.4500	
0.2240	59.1250	0.0735	76.3750	
0.2240	59.4000	0.0735	76.3250	
0.2239	59.1000	0.0735	76.4250	
0.2240	59.0750	0.0734	76.4500	
0.2239	58.9750	0.0734	76.3500	
0.2241	59.2250	0.0734	76.4250	
0.2239	59.1500	0.0735	76.4250	
0.2240	59.0250	0.0734	76.3750	
0.2239	59.5000	0.0733	76.4500	
0.2239	59.5000	0.0733	76.3500	
0.2239	59.2000	0.0732	76.3750	
0.2240	59.1750	0.0733	76.3500	
0.2240	59.2250	0.0732	76.3750	
0.2239	59.1750	0.0732	76.3500	
0.2239	59.4750	0.0731	76.4000	
0.2239	59.0750	0.0732	76.3250	
0.2242	59.4500	0.0734	76.4500	
0.2241	59.1500	0.0732	76.3750	
0.2242	59.4750	0.0733	76.4000	
0.2239	59.5250	0.0733	76.3750	
0.2239	59.1500	0.0732	76.3750	
0.2238	59.2000	0.0731	76.4250	
0.2238	59.3000	0.0731	76.3750	
0.2238	59.5000	0.0732	76.3250	
0.2238	59.4500	0.0731	76.4000	
0.2239	59.1000	0.0730	76.3750	
0.2238	59.0750	0.0729	76.3250	
0.2238	59.5000	0.0729	76.4000	
0.2238	58.9750	0.0729	76.4250	
0.2238	59.0250	0.0729	76.4500	
0.2237	59.2500	0.0729	76.4250	
0.2238	59.3500	0.0728	76.3750	
0.2238	59.2000	0.0728	76.4500	
0.2237	59.3500	0.0727	76.4250	
0.2237	58.6500	0.0728	76.4000	
0.2237	58.9000	0.0727	76.4250	
0.2237	59.4750	0.0727	76.4000	
0.2237	59.2250	0.0727	76.4500	
0.2237	59.1250	0.0727	76.4000	
0.2238	58.9000	0.0727	76.4250	
0.2236	59.2250	0.0727	76.4000	
0.2237	59.0250	0.0727	76.4250	
0.2236	59.2500	0.0727	76.4000	
0.2236	59.0250	0.0726	76.4500	
0.2236	58.9750	0.0726	76.3000	
0.2238	58.9000	0.0726	76.4500	
0.2236	59.2250	0.0726	76.4250	
0.2236	59.2000	0.0726	76.4000	
0.2236	58.9250	0.0724	76.4500	
0.2236	58.4750	0.0726	76.3750	
0.2236	58.9000	0.0725	76.4500	
0.2236	59.0000	0.0724	76.4000	
0.2236	58.5500	0.0724	76.4750	
0.2236	58.6000	0.0724	76.4500	
0.2236	59.0000	0.0723	76.4000	
0.2236	58.6250	0.0725	76.4250	
0.2236	58.8000	0.0724	76.3750	
0.2235	58.7250	0.0723	76.3500	
0.2236	58.8250	0.0723	76.4250	
0.2236	58.4500	0.0722	76.4250	
0.2236	58.4000	0.0722	76.4500	
0.2237	58.6250	0.0723	76.4000	
0.2236	58.5000	0.0723	76.3750	
0.2236	58.2750	0.0722	76.4250	
0.2235	58.4750	0.0722	76.3750	
0.2235	58.5250	0.0722	76.3500	
0.2235	58.1250	0.0722	76.4250	
0.2235	57.9250	0.0721	76.3750	
0.2236	58.4750	0.0721	76.3000	
0.2235	58.4500	0.0721	76.4250	
0.2234	57.9750	0.0721	76.3750	
0.2235	57.9000	0.0720	76.4500	
0.2234	57.8750	0.0721	76.4500	
0.2234	57.7000	0.0720	76.3750	
0.2234	58.1500	0.0720	76.4250	
0.2234	58.5250	0.0720	76.4000	
0.2234	57.8250	0.0719	76.4500	
0.2234	57.9000	0.0720	76.3000	
0.2233	57.9250	0.0719	76.3750	
0.2234	58.2000	0.0718	76.4000	
0.2233	57.6000	0.0718	76.3750	
0.2234	57.4250	0.0718	76.4250	
0.2235	57.6750	0.0718	76.4000	
0.2233	57.9750	0.0718	76.3500	
0.2235	56.9500	0.0718	76.4000	
0.2233	57.5000	0.0717	76.4250	
0.2234	57.6250	0.0717	76.4500	
0.2233	57.3000	0.0717	76.3750	
0.2233	57.1250	0.0717	76.4250	
0.2233	57.3250	0.0717	76.3750	
0.2233	57.3000	0.0717	76.3750	
0.2234	57.1000	0.0717	76.4000	
0.2233	57.1000	0.0717	76.4000	
0.2233	57.1250	0.0717	76.3750	
0.2233	57.0750	0.0716	76.4250	
0.2233	56.9000	0.0717	76.4000	
0.2232	57.0000	0.0717	76.3750	
0.2232	56.8250	0.0715	76.4000	
0.2233	56.9250	0.0715	76.4000	
0.2233	56.7750	0.0716	76.4000	
0.2232	56.9000	0.0716	76.4000	
0.2232	56.9750	0.0714	76.3250	
0.2232	56.9250	0.0714	76.4000	
0.2232	56.7250	0.0714	76.4000	
0.2232	56.4000	0.0714	76.3500	
0.2232	56.3250	0.0714	76.4250	
0.2231	56.8000	0.0713	76.3750	
0.2232	56.5000	0.0714	76.4250	
0.2233	56.7750	0.0714	76.4000	
0.2234	56.7000	0.0713	76.3500	
0.2232	56.6250	0.0712	76.4000	
0.2232	57.0000	0.0713	76.4250	
0.2232	56.2750	0.0713	76.4000	
0.2232	56.1750	0.0712	76.4000	
0.2231	56.2250	0.0713	76.4250	
0.2232	56.0000	0.0713	76.3750	
0.2231	56.2750	0.0714	76.3750	
0.2232	56.5000	0.0715	76.4000	
0.2231	56.0000	0.0712	76.3750	
0.2231	56.1250	0.0713	76.4500	
0.2231	56.3500	0.0711	76.3250	
0.2231	56.2000	0.0711	76.4000	
0.2231	56.0000	0.0711	76.4250	
0.2230	55.9500	0.0712	76.3750	
0.2231	56.3000	0.0710	76.4000	
0.2231	56.0750	0.0711	76.2750	
0.2231	55.7000	0.0710	76.4000	
0.2231	56.2500	0.0711	76.4500	
0.2231	56.2000	0.0711	76.4000	
0.2231	55.9250	0.0711	76.3750	
0.2231	55.7500	0.0709	76.3000	
0.2230	55.9500	0.0709	76.4000	
0.2230	55.9500	0.0709	76.4000	
0.2231	55.7750	0.0709	76.3750	
0.2230	55.8750	0.0708	76.4000	
0.2230	55.9250	0.0708	76.2750	
0.2230	55.7250	0.0708	76.3750	
0.2231	55.7250	0.0708	76.4000	
0.2229	55.8000	0.0708	76.3250	
0.2230	55.4250	0.0708	76.3750	
0.2229	55.7250	0.0707	76.3250	
0.2230	55.7000	0.0707	76.3500	
0.2229	55.8250	0.0708	76.3500	
0.2229	55.7750	0.0707	76.3750	
0.2230	55.4750	0.0707	76.2750	
0.2229	55.3500	0.0706	76.3250	
0.2229	55.5750	0.0706	76.3750	
0.2231	55.5250	0.0706	76.4250	
0.2231	55.1750	0.0706	76.3750	
0.2229	55.2250	0.0706	76.2750	
0.2230	55.4750	0.0706	76.3500	
0.2229	55.1750	0.0706	76.3000	
0.2230	55.0750	0.0706	76.3750	
0.2229	55.4000	0.0705	76.3250	
0.2229	55.3000	0.0706	76.4000	
0.2229	55.4500	0.0705	76.4000	
0.2228	55.2500	0.0704	76.3500	
0.2229	55.0000	0.0705	76.4000	
0.2228	55.1500	0.0704	76.3250	
0.2228	55.2500	0.0704	76.3750	
0.2229	55.4500	0.0703	76.4000	
0.2228	54.9500	0.0703	76.3500	
0.2229	55.0750	0.0704	76.4000	
0.2228	55.0250	0.0705	76.4250	
0.2228	55.2250	0.0703	76.3750	
0.2228	55.1750	0.0702	76.3250	
0.2229	55.1250	0.0702	76.4000	
0.2228	55.0500	0.0702	76.3500	
0.2228	54.6750	0.0702	76.4000	
0.2229	54.6750	0.0702	76.3750	
0.2228	54.8500	0.0701	76.3750	
0.2228	55.0750	0.0701	76.3500	
0.2229	54.7500	0.0702	76.4500	
0.2228	54.9750	0.0701	76.3500	
0.2227	54.6750	0.0701	76.4250	
0.2228	54.7000	0.0701	76.3750	
0.2228	54.9250	0.0701	76.3750	
0.2228	54.6000	0.0701	76.3500	
0.2227	54.5750	0.0700	76.3750	
0.2227	55.0500	0.0700	76.4250	
0.2228	54.6750	0.0701	76.4000	
0.2229	54.4000	0.0701	76.4000	
0.2227	54.8750	0.0699	76.4750	
0.2227	54.5750	0.0699	76.3750	
0.2228	54.6000	0.0698	76.4250	
0.2226	54.4250	0.0698	76.3750	
0.2227	54.4500	0.0698	76.4250	
0.2227	54.6250	0.0698	76.3500	
0.2227	54.3000	0.0698	76.3750	
0.2227	54.5750	0.0698	76.4000	
0.2226	54.5250	0.0699	76.4750	
0.2226	54.5750	0.0700	76.4000	
0.2227	54.6000	0.0699	76.4500	
0.2227	54.4750	0.0698	76.4250	
0.2226	54.1500	0.0697	76.4000	
0.2227	54.1500	0.0697	76.4500	
0.2227	54.5750	0.0696	76.4250	
0.2227	54.6000	0.0697	76.3750	
0.2226	54.7500	0.0696	76.3750	
0.2226	54.3000	0.0696	76.4250	
0.2226	54.3000	0.0696	76.4500	
0.2226	54.1750	0.0696	76.4750	
0.2227	54.1500	0.0695	76.4250	
0.2226	54.1000	0.0695	76.4250	
0.2226	54.2000	0.0695	76.4000	
0.2225	54.3000	0.0695	76.4250	
0.2226	54.0250	0.0694	76.3750	
0.2225	54.2750	0.0694	76.3250	
0.2226	54.1750	0.0695	76.3750	
0.2225	54.1750	0.0694	76.3250	
0.2225	54.2750	0.0694	76.3750	
0.2225	54.1500	0.0693	76.4250	
0.2225	54.1500	0.0694	76.4250	
0.2226	54.0750	0.0696	76.4000	
0.2226	54.4250	0.0697	76.4000	
0.2225	54.0000	0.0695	76.4250	
0.2225	53.7750	0.0692	76.3500	
0.2225	54.0500	0.0693	76.3750	
0.2226	54.0750	0.0692	76.4500	
0.2225	54.0250	0.0692	76.4250	
0.2225	53.7500	0.0692	76.3750	
0.2225	54.1000	0.0692	76.4250	
0.2225	53.7250	0.0692	76.4000	
0.2225	54.0250	0.0691	76.4000	
0.2225	54.1000	0.0692	76.4000	
0.2225	53.6500	0.0691	76.4000	
0.2225	53.6000	0.0691	76.4000	
0.2224	53.8250	0.0691	76.4500	
0.2225	53.7250	0.0690	76.4000	
0.2224	54.0000	0.0690	76.4000	
0.2224	53.7500	0.0690	76.3750	
0.2225	53.8000	0.0690	76.4750	
0.2225	53.9500	0.0691	76.3500	
0.2226	53.7250	0.0690	76.3750	
0.2224	53.5750	0.0689	76.3500	
0.2224	53.7000	0.0689	76.3500	
0.2224	53.9500	0.0689	76.4000	
0.2224	53.3750	0.0689	76.3500	
0.2224	53.4750	0.0690	76.3250	
0.2224	53.6750	0.0689	76.3250	
0.2224	53.8000	0.0688	76.3250	
0.2224	53.6000	0.0688	76.3250	
0.2224	53.1250	0.0688	76.3500	
0.2224	53.4500	0.0688	76.3250	
0.2224	53.5250	0.0688	76.2500	
0.2223	53.2750	0.0687	76.3500	
0.2223	53.5750	0.0687	76.3250	
0.2224	53.4250	0.0687	76.3750	
0.2224	53.5750	0.0686	76.3000	
0.2223	53.3000	0.0687	76.3500	
0.2224	53.4000	0.0686	76.3500	
0.2223	53.4250	0.0687	76.3750	
0.2223	53.2750	0.0686	76.3750	
0.2223	53.1000	0.0685	76.3750	
0.2223	53.4750	0.0685	76.3750	
0.2225	53.4750	0.0685	76.4000	
0.2223	53.4500	0.0685	76.4500	
0.2224	53.4750	0.0684	76.3500	
0.2223	53.5000	0.0684	76.4000	
0.2223	53.2500	0.0684	76.4500	
0.2223	53.5500	0.0684	76.3750	
0.2223	53.5750	0.0684	76.5000	
0.2224	53.3500	0.0685	76.4750	
0.2222	53.4000	0.0685	76.5500	
0.2223	53.4250	0.0684	76.4750	
0.2222	53.1500	0.0685	76.5500	
0.2222	53.3250	0.0684	76.4500	
0.2222	53.2750	0.0684	76.4750	
0.2222	53.1750	0.0683	76.4250	
0.2222	53.0500	0.0682	76.5500	
0.2222	53.0500	0.0682	76.4500	
0.2222	53.3000	0.0682	76.5500	
0.2222	53.5000	0.0682	76.5500	
0.2222	53.1250	0.0682	76.5000	
0.2223	53.0000	0.0681	76.4500	
0.2222	52.9500	0.0682	76.5000	
0.2222	53.0250	0.0681	76.5250	
0.2223	53.4250	0.0681	76.4750	
0.2221	53.2500	0.0680	76.6250	
0.2222	52.7500	0.0681	76.4500	
0.2222	52.8750	0.0681	76.4750	
0.2222	52.9750	0.0680	76.5500	
0.2222	53.1500	0.0680	76.4750	
0.2221	53.2750	0.0680	76.5500	
0.2222	52.9500	0.0679	76.5750	
0.2221	52.6750	0.0679	76.4750	
0.2222	53.1000	0.0679	76.5250	
0.2222	53.3000	0.0679	76.6000	
0.2221	52.7000	0.0679	76.6000	
0.2221	52.8500	0.0680	76.6000	
0.2222	53.3250	0.0680	76.4750	
0.2222	53.4000	0.0679	76.6250	
0.2221	52.7750	0.0678	76.5500	
0.2221	53.4000	0.0678	76.5500	
0.2221	53.0750	0.0678	76.6250	
0.2221	52.8500	0.0678	76.6000	
0.2221	52.7000	0.0677	76.6250	
0.2221	53.0250	0.0677	76.5250	
0.2221	53.1250	0.0677	76.5500	
0.2222	52.6750	0.0677	76.5750	
0.2220	52.8000	0.0676	76.5750	
0.2221	52.8000	0.0677	76.6000	
0.2221	52.9250	0.0676	76.5750	
0.2221	52.2500	0.0677	76.5750	
0.2220	53.2250	0.0676	76.5500	
0.2222	52.6750	0.0675	76.5250	
0.2220	53.2000	0.0675	76.6000	
0.2221	52.4000	0.0675	76.6000	
0.2221	52.9750	0.0676	76.5250	
0.2221	52.5500	0.0675	76.6000	
0.2221	52.7750	0.0675	76.5750	
0.2220	52.6250	0.0675	76.5000	
0.2221	52.9500	0.0675	76.5750	
0.2222	53.1000	0.0675	76.6000	
0.2220	53.0250	0.0674	76.5750	
0.2221	52.5750	0.0674	76.5000	
0.2220	52.9000	0.0675	76.5500	
0.2222	53.0000	0.0676	76.5250	
0.2220	52.3250	0.0674	76.5500	
0.2220	52.5000	0.0673	76.5750	
0.2220	52.7500	0.0676	76.6000	
0.2220	52.7500	0.0673	76.5750	
0.2220	52.9250	0.0673	76.6000	
0.2220	52.9750	0.0674	76.5750	
0.2220	52.6000	0.0673	76.5750	
0.2220	52.4000	0.0674	76.5750	
0.2219	52.8750	0.0672	76.5750	
0.2219	52.9250	0.0672	76.6000	
0.2220	52.7000	0.0671	76.5750	
0.2220	53.2250	0.0672	76.5750	
0.2219	53.1250	0.0671	76.6000	
0.2219	52.7250	0.0670	76.6000	
0.2220	52.7250	0.0671	76.5000	
0.2221	53.0250	0.0671	76.5750	
0.2219	52.3250	0.0670	76.5250	
0.2219	52.3250	0.0670	76.5750	
0.2219	52.8750	0.0670	76.5250	
0.2219	52.8500	0.0671	76.5250	
0.2220	52.5250	0.0669	76.5750	
0.2219	52.5750	0.0669	76.5750	
0.2219	52.2500	0.0669	76.5500	
0.2220	52.8000	0.0669	76.5000	
0.2219	52.6750	0.0669	76.5500	
0.2220	52.5750	0.0670	76.6000	
0.2220	52.7250	0.0672	76.5000	
0.2220	52.7500	0.0669	76.5250	
0.2219	52.2750	0.0668	76.6250	
0.2219	52.8000	0.0669	76.4750	
0.2219	53.0250	0.0668	76.5250	
0.2219	52.6750	0.0668	76.6250	
0.2222	52.2500	0.0667	76.5250	
0.2218	52.5000	0.0667	76.5250	
0.2219	52.0250	0.0668	76.5750	
0.2220	52.5750	0.0668	76.5750	
0.2218	52.8750	0.0668	76.5000	
0.2221	51.9250	0.0667	76.5750	
0.2218	52.6250	0.0667	76.4750	
0.2219	52.7000	0.0666	76.5000	
0.2218	52.6000	0.0666	76.5750	
0.2218	52.8500	0.0667	76.4750	
0.2218	52.3750	0.0666	76.5000	
0.2219	52.2500	0.0665	76.6250	
0.2218	52.8750	0.0666	76.4750	
0.2218	52.7750	0.0666	76.5750	
0.2218	52.9500	0.0666	76.5750	
0.2218	52.6000	0.0665	76.5000	
0.2218	52.9000	0.0665	76.5750	
0.2218	52.8500	0.0664	76.5500	
0.2218	52.5000	0.0665	76.5000	
0.2218	52.7750	0.0665	76.5750	
0.2219	52.5250	0.0664	76.6000	
0.2217	52.6000	0.0664	76.5250	
0.2218	52.4250	0.0663	76.5750	
0.2218	53.0750	0.0664	76.4750	
0.2217	52.7000	0.0664	76.5750	
0.2217	52.4000	0.0664	76.6250	
0.2218	52.6250	0.0663	76.5000	
0.2217	52.8750	0.0663	76.5750	
0.2217	52.8750	0.0663	76.5750	
0.2217	52.6500	0.0663	76.5250	
0.2218	52.5750	0.0663	76.6000	
0.2218	52.5750	0.0664	76.6000	
0.2217	52.4750	0.0662	76.6000	
0.2217	52.6000	0.0663	76.5000	
0.2217	52.5750	0.0663	76.5500	
0.2217	52.8500	0.0662	76.5000	
0.2218	52.4250	0.0663	76.5500	
0.2217	52.5500	0.0662	76.4750	
0.2217	52.4750	0.0661	76.5500	
0.2217	52.4500	0.0661	76.5250	
0.2217	52.8750	0.0661	76.5250	
0.2217	52.8750	0.0662	76.5750	
0.2217	52.5500	0.0661	76.5500	
0.2217	52.0500	0.0661	76.7000	
0.2217	52.6500	0.0661	76.6000	
0.2217	52.7000	0.0660	76.4750	
0.2217	52.4750	0.0659	76.6500	
0.2217	52.7750	0.0660	76.5500	
0.2217	52.7250	0.0661	76.5500	
0.2217	52.3750	0.0659	76.6000	
0.2216	52.9000	0.0659	76.5000	
0.2217	53.0500	0.0659	76.5750	
0.2216	52.8500	0.0660	76.5750	
0.2216	52.5250	0.0659	76.5250	
0.2216	52.7500	0.0658	76.5500	
0.2216	52.7750	0.0658	76.6000	
0.2217	52.3000	0.0658	76.6000	
0.2216	52.9500	0.0659	76.5250	
0.2216	52.6750	0.0658	76.5750	
0.2216	52.8750	0.0658	76.5500	
0.2216	52.7750	0.0657	76.5500	
0.2216	52.1750	0.0658	76.6500	
0.2216	52.4250	0.0658	76.5750	
0.2216	52.7500	0.0658	76.6000	
0.2216	52.8000	0.0657	76.5500	
0.2216	52.5000	0.0656	76.5750	
0.2216	52.6250	0.0657	76.5750	
0.2216	52.9000	0.0656	76.5250	
0.2217	52.5500	0.0657	76.5750	
0.2216	52.5750	0.0657	76.6000	
0.2216	52.1000	0.0656	76.6250	
0.2216	52.2000	0.0655	76.5750	
0.2216	52.9250	0.0656	76.5500	
0.2216	52.9000	0.0655	76.5750	
0.2216	52.6000	0.0655	76.5500	
0.2216	52.3750	0.0655	76.6000	
0.2215	52.6250	0.0655	76.6500	
0.2215	52.7750	0.0655	76.6000	
0.2216	52.7750	0.0655	76.6000	
0.2216	52.5250	0.0655	76.5250	
0.2215	52.4000	0.0655	76.6000	
0.2215	52.3250	0.0654	76.6000	
0.2216	53.0000	0.0654	76.5250	
0.2215	52.7500	0.0654	76.5500	
0.2216	51.7750	0.0654	76.6250	
0.2215	52.6000	0.0654	76.5500	
0.2215	52.7750	0.0654	76.5250	
0.2215	52.4750	0.0654	76.7000	
0.2215	52.2500	0.0653	76.5500	
0.2216	52.5750	0.0653	76.6250	
0.2215	52.3250	0.0653	76.6750	
0.2215	52.8000	0.0652	76.5500	
0.2215	53.1250	0.0652	76.6750	
0.2215	52.7750	0.0653	76.5750	
0.2215	52.5000	0.0653	76.5750	
0.2215	52.4750	0.0652	76.6250	
0.2215	52.9000	0.0652	76.5250	
0.2215	52.8250	0.0652	76.6750	
0.2215	52.4750	0.0652	76.5750	
0.2215	52.5250	0.0651	76.6250	
0.2216	52.9750	0.0651	76.6500	
0.2214	52.9250	0.0653	76.6250	
0.2215	52.4250	0.0652	76.6250	
0.2215	52.6000	0.0650	76.6750	
0.2215	52.7250	0.0650	76.5500	
0.2216	52.4250	0.0651	76.6250	
0.2214	52.7500	0.0650	76.6250	
0.2216	52.5250	0.0650	76.5750	
0.2215	52.6000	0.0651	76.6000	
0.2214	51.9250	0.0650	76.6750	
0.2215	51.9500	0.0650	76.6250	
0.2214	52.6000	0.0649	76.6750	
0.2215	52.6250	0.0651	76.5750	
0.2215	52.7250	0.0651	76.6000	
0.2214	52.8500	0.0650	76.6000	
0.2214	52.2250	0.0649	76.6750	
0.2214	52.5000	0.0649	76.5750	
0.2214	52.4500	0.0648	76.5750	
0.2214	52.6250	0.0648	76.6500	
0.2214	52.7500	0.0648	76.6000	
0.2214	52.6250	0.0648	76.6000	
0.2214	52.4500	0.0648	76.6750	
0.2214	52.6000	0.0647	76.6500	
0.2214	52.7500	0.0647	76.6000	
0.2215	52.3750	0.0647	76.6500	
0.2214	52.6500	0.0648	76.6750	
0.2214	52.8000	0.0647	76.6500	
0.2214	52.8500	0.0647	76.6500	
0.2213	52.6500	0.0647	76.6500	
0.2213	52.5000	0.0647	76.6750	
0.2214	53.0750	0.0646	76.6500	
0.2214	52.6000	0.0647	76.6250	
0.2213	52.4000	0.0647	76.6500	
0.2214	52.5500	0.0647	76.6250	
0.2213	52.6000	0.0646	76.6250	
0.2215	52.2750	0.0648	76.6750	
0.2214	52.6250	0.0648	76.6250	
0.2213	52.5250	0.0647	76.6500	
0.2214	52.1750	0.0646	76.6250	
0.2213	52.8000	0.0646	76.6250	
0.2213	53.0750	0.0646	76.6500	
0.2213	52.8500	0.0645	76.6750	
0.2213	52.7000	0.0645	76.7000	
0.2214	52.9500	0.0645	76.6500	
0.2213	52.4000	0.0645	76.6500	
0.2213	52.9250	0.0645	76.6250	
0.2213	52.8250	0.0644	76.6250	
0.2213	52.6500	0.0644	76.6750	
0.2213	52.5750	0.0644	76.6750	
0.2213	52.9250	0.0644	76.6000	
0.2213	53.1000	0.0645	76.6750	
0.2213	52.8250	0.0643	76.6750	
0.2213	52.1750	0.0643	76.6250	
0.2213	52.6500	0.0643	76.6500	
0.2213	52.9250	0.0644	76.7000	
0.2213	52.9750	0.0643	76.6750	
0.2213	53.0500	0.0643	76.6250	
0.2213	52.6000	0.0643	76.6500	
0.2213	52.4750	0.0643	76.6500	
0.2213	52.7250	0.0642	76.6500	
0.2212	52.9500	0.0642	76.7000	
0.2213	52.3750	0.0642	76.6750	
0.2213	52.9750	0.0642	76.7000	
