Loss_Adversary	Accuracy_Adversary	Loss_Target	Accuracy_Target	
-0.0007	0.4214	0.6303	50.0000	50.0000	
0.0013	0.4132	0.6229	50.0000	50.0000	
0.0028	0.4055	0.6152	50.0000	50.0000	
0.0037	0.3982	0.6066	50.0000	50.0000	
0.0042	0.3914	0.5976	50.0000	50.0000	
0.0045	0.3848	0.5885	50.0000	50.0000	
0.0046	0.3786	0.5792	50.0000	50.0000	
0.0042	0.3727	0.5694	50.0000	50.0000	
0.0033	0.3671	0.5590	50.0000	50.0000	
0.0021	0.3617	0.5478	50.0000	50.0000	
0.0006	0.3564	0.5361	50.0000	50.0000	
-0.0013	0.3513	0.5236	50.0000	50.0000	
-0.0034	0.3461	0.5106	50.0000	50.0000	
-0.0060	0.3412	0.4969	50.0000	50.0000	
-0.0087	0.3363	0.4827	50.0000	50.0000	
-0.0115	0.3314	0.4683	50.0000	50.0000	
-0.0146	0.3266	0.4535	50.0000	50.0000	
-0.0176	0.3218	0.4386	50.0000	50.0000	
-0.0207	0.3172	0.4239	50.0000	50.0000	
-0.0239	0.3125	0.4090	50.0000	50.0000	
-0.0269	0.3079	0.3946	50.0000	50.0000	
-0.0299	0.3034	0.3802	50.0000	50.0000	
-0.0328	0.2989	0.3663	50.0000	50.0000	
-0.0356	0.2945	0.3527	50.0000	50.0000	
-0.0381	0.2902	0.3399	50.0000	50.0000	
-0.0404	0.2859	0.3277	50.0000	50.0000	
-0.0427	0.2817	0.3159	50.0000	50.0000	
-0.0446	0.2775	0.3047	50.0000	50.0000	
-0.0465	0.2734	0.2940	50.0000	50.0000	
-0.0481	0.2694	0.2839	50.0000	50.0000	
-0.0494	0.2652	0.2742	50.0000	50.0000	
-0.0507	0.2613	0.2653	50.0000	50.0000	
-0.0517	0.2574	0.2569	50.0000	50.0000	
-0.0525	0.2536	0.2491	50.0000	50.0000	
-0.0532	0.2500	0.2420	50.0000	50.0000	
-0.0537	0.2464	0.2354	50.0000	50.0000	
-0.0539	0.2427	0.2292	50.0000	50.0000	
-0.0542	0.2391	0.2232	50.0000	50.0000	
-0.0543	0.2354	0.2174	50.0000	50.0000	
-0.0546	0.2319	0.2115	50.0000	50.0000	
-0.0547	0.2281	0.2053	50.0000	50.0000	
-0.0544	0.2239	0.1999	50.0000	50.0000	
-0.0535	0.2195	0.1955	50.0000	50.0000	
-0.0527	0.2153	0.1912	50.0000	50.0000	
-0.0526	0.2124	0.1872	50.0000	50.0000	
-0.0527	0.2122	0.1866	50.0000	50.0000	
-0.0517	0.2093	0.1847	50.0000	50.0000	
-0.0505	0.2062	0.1831	50.0000	50.0000	
-0.0493	0.2034	0.1818	50.0000	50.0000	
-0.0484	0.2007	0.1802	47.6250	50.0000	
-0.0475	0.1985	0.1790	44.5750	50.0000	
-0.0466	0.1968	0.1786	41.9000	50.0000	
-0.0459	0.1951	0.1777	44.2500	50.0000	
-0.0452	0.1935	0.1772	45.0250	50.0000	
-0.0446	0.1921	0.1766	41.6500	50.0000	
-0.0437	0.1913	0.1776	39.8000	50.0000	
-0.0436	0.1916	0.1785	43.9750	50.0000	
-0.0429	0.1911	0.1793	45.8750	50.0000	
-0.0429	0.1903	0.1783	44.6250	50.0000	
-0.0427	0.1891	0.1769	41.0250	50.0000	
-0.0430	0.1896	0.1768	43.4750	50.0000	
-0.0434	0.1906	0.1775	45.8750	61.8250	
-0.0439	0.1905	0.1761	44.2500	71.8750	
-0.0443	0.1908	0.1754	42.4000	77.1250	
-0.0449	0.1925	0.1765	44.7500	82.6250	
-0.0457	0.1955	0.1791	46.8250	86.3000	
-0.0465	0.1974	0.1799	46.5250	86.9250	
-0.0475	0.1997	0.1808	45.6500	87.5250	
-0.0488	0.2034	0.1830	46.6500	91.1500	
-0.0505	0.2079	0.1855	46.5000	92.7750	
-0.0526	0.2127	0.1877	45.5250	93.5500	
-0.0554	0.2190	0.1902	45.2000	94.6250	
-0.0587	0.2256	0.1917	45.2500	95.7500	
-0.0628	0.2326	0.1919	44.1750	97.1000	
-0.0679	0.2395	0.1895	42.5750	97.5000	
-0.0736	0.2459	0.1848	39.1750	97.0250	
-0.0791	0.2516	0.1797	36.1750	96.0250	
-0.0834	0.2573	0.1774	39.6250	93.4000	
-0.0870	0.2617	0.1751	48.5750	88.1750	
-0.0897	0.2613	0.1678	52.5000	83.5250	
-0.0924	0.2549	0.1512	50.7500	82.3750	
-0.0940	0.2471	0.1357	46.2000	81.8000	
-0.0949	0.2407	0.1238	44.7000	82.2500	
-0.0955	0.2358	0.1150	43.4750	82.1250	
-0.0957	0.2311	0.1074	42.3000	82.4000	
-0.0953	0.2263	0.1012	40.1750	81.5000	
-0.0944	0.2212	0.0957	35.2500	79.9500	
-0.0932	0.2164	0.0917	29.1250	77.9750	
-0.0919	0.2129	0.0897	29.8250	75.6750	
-0.0907	0.2102	0.0886	33.0750	75.3750	
-0.0899	0.2081	0.0875	36.5750	75.6000	
-0.0894	0.2076	0.0878	41.4250	75.4750	
-0.0894	0.2074	0.0875	43.7250	77.2750	
-0.0896	0.2071	0.0867	44.5250	78.1500	
-0.0899	0.2065	0.0849	44.9000	78.4500	
-0.0905	0.2063	0.0832	45.4250	77.1000	
-0.0912	0.2063	0.0815	45.5750	78.6500	
-0.0921	0.2045	0.0764	45.1250	75.9250	
-0.0932	0.2041	0.0731	45.7250	76.2500	
-0.0943	0.2040	0.0702	45.5750	75.9750	
-0.0953	0.2019	0.0647	44.7000	74.1750	
-0.0962	0.2019	0.0622	44.9250	74.8500	
-0.0970	0.2017	0.0601	44.9750	73.2000	
-0.0976	0.1998	0.0557	43.0250	72.6750	
-0.0982	0.2000	0.0545	43.4250	72.6250	
-0.0986	0.1995	0.0526	43.1750	73.1500	
-0.0990	0.1988	0.0507	42.0750	70.5000	
-0.0993	0.1999	0.0515	42.4750	72.5750	
-0.0997	0.1994	0.0499	41.5750	70.2000	
-0.1000	0.1989	0.0483	40.1750	71.0500	
-0.1004	0.1987	0.0472	39.2250	70.1750	
-0.1006	0.1989	0.0470	38.9500	70.6750	
-0.1010	0.2002	0.0479	37.1250	68.8750	
-0.1012	0.2019	0.0497	39.2000	68.5500	
-0.1016	0.2021	0.0491	39.0000	68.2750	
-0.1019	0.2019	0.0482	37.4000	69.9500	
-0.1022	0.2034	0.0497	36.4750	69.5500	
-0.1026	0.2043	0.0499	36.6000	67.8750	
-0.1031	0.2055	0.0506	37.6000	68.7250	
-0.1035	0.2080	0.0532	37.7500	68.7000	
-0.1039	0.2099	0.0550	37.8750	68.0000	
-0.1046	0.2111	0.0551	36.6500	68.2500	
-0.1049	0.2122	0.0562	37.0500	68.0250	
-0.1054	0.2142	0.0579	37.6000	66.4250	
-0.1061	0.2150	0.0573	36.5500	66.1000	
-0.1069	0.2155	0.0560	36.7000	65.9250	
-0.1077	0.2157	0.0542	35.7500	64.7500	
-0.1083	0.2173	0.0552	35.2250	64.3750	
-0.1093	0.2191	0.0554	36.6750	62.7250	
-0.1103	0.2192	0.0530	35.9500	63.2750	
-0.1115	0.2216	0.0537	37.6500	61.9500	
-0.1121	0.2236	0.0551	38.2750	61.7750	
-0.1136	0.2247	0.0532	36.1500	61.2250	
-0.1144	0.2267	0.0541	37.1250	60.8250	
-0.1156	0.2284	0.0536	36.7500	60.3500	
-0.1169	0.2306	0.0537	37.4750	60.1000	
-0.1181	0.2319	0.0524	37.3500	59.9750	
-0.1196	0.2360	0.0551	38.2250	60.0500	
-0.1199	0.2377	0.0569	39.6750	59.5750	
-0.1222	0.2408	0.0557	38.0000	59.7500	
-0.1237	0.2451	0.0585	40.9250	58.3500	
-0.1248	0.2476	0.0594	41.8500	58.1750	
-0.1260	0.2484	0.0575	41.4500	58.7000	
-0.1269	0.2483	0.0551	41.7750	59.2250	
-0.1275	0.2491	0.0549	41.7500	59.0000	
-0.1282	0.2495	0.0536	42.0750	59.3750	
-0.1273	0.2456	0.0500	41.6000	59.3500	
-0.1289	0.2459	0.0465	41.8500	59.0250	
-0.1290	0.2455	0.0457	43.7000	58.3000	
-0.1287	0.2454	0.0463	43.8750	58.2750	
-0.1289	0.2432	0.0425	44.0500	58.1500	
-0.1285	0.2407	0.0398	42.2000	58.6750	
-0.1284	0.2393	0.0380	41.8500	58.6250	
-0.1279	0.2382	0.0376	41.6500	58.4750	
-0.1272	0.2364	0.0367	40.9500	59.1250	
-0.1267	0.2347	0.0353	40.2500	59.0750	
-0.1264	0.2328	0.0331	38.9500	59.7000	
-0.1261	0.2311	0.0314	38.4750	60.2500	
-0.1260	0.2301	0.0300	37.6750	60.3250	
-0.1257	0.2291	0.0294	37.2250	60.6000	
-0.1255	0.2280	0.0284	36.9500	61.0000	
-0.1251	0.2269	0.0277	36.5500	61.4500	
-0.1250	0.2262	0.0269	36.2000	61.6750	
-0.1248	0.2253	0.0259	35.1000	62.1750	
-0.1247	0.2246	0.0252	33.5250	62.9000	
-0.1245	0.2240	0.0246	32.4250	63.2750	
-0.1244	0.2234	0.0241	31.6000	63.4500	
-0.1243	0.2228	0.0234	30.6250	63.8750	
-0.1243	0.2225	0.0232	29.7000	64.4500	
-0.1241	0.2221	0.0228	29.1750	64.5500	
-0.1241	0.2217	0.0224	28.5250	64.9500	
-0.1240	0.2216	0.0223	27.7000	65.1750	
-0.1240	0.2212	0.0218	27.7750	65.1500	
-0.1240	0.2209	0.0213	27.6250	65.5000	
-0.1241	0.2208	0.0210	27.3750	65.6750	
-0.1240	0.2204	0.0206	27.0000	65.7500	
-0.1241	0.2203	0.0202	26.6750	66.2250	
-0.1241	0.2201	0.0199	26.5250	66.3750	
-0.1242	0.2203	0.0199	26.4750	66.3000	
-0.1243	0.2202	0.0196	26.3250	66.8750	
-0.1244	0.2201	0.0193	26.3250	66.9250	
-0.1245	0.2202	0.0190	26.3750	67.2000	
-0.1246	0.2202	0.0188	26.4750	67.3000	
-0.1247	0.2203	0.0185	26.5000	67.4750	
-0.1249	0.2199	0.0177	26.5500	67.5500	
-0.1251	0.2207	0.0183	26.9250	67.4500	
-0.1253	0.2212	0.0187	27.4000	67.5000	
-0.1254	0.2209	0.0178	27.0000	67.3750	
-0.1257	0.2208	0.0170	27.4000	67.3250	
-0.1257	0.2216	0.0181	27.7500	67.4250	
-0.1260	0.2218	0.0178	27.6750	67.1500	
-0.1262	0.2215	0.0167	27.7500	67.0500	
-0.1264	0.2226	0.0179	28.6000	67.0250	
-0.1265	0.2228	0.0179	28.4500	66.8750	
-0.1267	0.2221	0.0163	27.8000	67.0250	
-0.1271	0.2228	0.0166	28.6000	66.7750	
-0.1273	0.2242	0.0181	29.7250	66.5500	
-0.1276	0.2232	0.0158	28.3500	66.2250	
-0.1276	0.2230	0.0155	28.5000	66.6500	
-0.1279	0.2247	0.0174	30.3250	65.9500	
-0.1280	0.2239	0.0158	29.3500	65.9250	
-0.1281	0.2236	0.0151	29.0000	66.0750	
-0.1282	0.2245	0.0161	29.5500	65.5250	
-0.1284	0.2243	0.0156	29.1000	65.5500	
-0.1284	0.2241	0.0151	28.8500	65.7000	
-0.1285	0.2246	0.0156	29.2750	65.6500	
-0.1284	0.2245	0.0157	28.9750	65.6000	
-0.1286	0.2238	0.0143	28.2250	66.0500	
-0.1287	0.2244	0.0147	28.4250	65.7500	
-0.1286	0.2246	0.0155	28.7250	65.7750	
-0.1284	0.2233	0.0140	27.5500	66.0500	
-0.1285	0.2243	0.0151	28.6250	66.3000	
-0.1288	0.2238	0.0137	27.8750	66.7000	
-0.1289	0.2238	0.0135	28.1500	66.8250	
-0.1288	0.2242	0.0142	28.9000	66.5500	
-0.1290	0.2239	0.0134	27.8000	66.9500	
-0.1289	0.2236	0.0132	27.3500	67.1250	
-0.1291	0.2241	0.0135	27.6000	67.2000	
-0.1290	0.2234	0.0125	26.8000	67.3000	
-0.1290	0.2239	0.0132	27.3000	67.4000	
-0.1290	0.2233	0.0125	25.8750	67.4250	
-0.1291	0.2233	0.0123	25.5000	67.7500	
-0.1290	0.2232	0.0122	25.6250	67.9000	
-0.1289	0.2234	0.0128	25.1750	67.9750	
-0.1290	0.2228	0.0117	25.2000	68.1000	
-0.1290	0.2231	0.0122	25.1250	68.3250	
-0.1290	0.2228	0.0117	25.1500	68.5000	
-0.1288	0.2232	0.0127	25.2000	68.9750	
-0.1288	0.2221	0.0111	25.0250	69.0250	
-0.1289	0.2234	0.0129	24.7250	69.1750	
-0.1289	0.2221	0.0108	25.0500	69.1250	
-0.1289	0.2228	0.0120	25.1000	69.7500	
-0.1289	0.2224	0.0115	25.3500	69.7750	
-0.1288	0.2223	0.0114	24.9250	69.8750	
-0.1288	0.2222	0.0111	25.0250	70.3750	
-0.1289	0.2224	0.0113	25.1000	70.2500	
-0.1289	0.2224	0.0115	25.1250	70.4750	
-0.1288	0.2215	0.0103	25.0500	71.1000	
-0.1288	0.2222	0.0114	25.3000	71.1750	
-0.1288	0.2224	0.0117	25.1000	71.0750	
-0.1287	0.2218	0.0110	24.9000	71.1250	
-0.1287	0.2215	0.0105	24.7750	71.7000	
-0.1288	0.2225	0.0117	25.5750	71.3250	
-0.1287	0.2215	0.0106	25.1000	71.1500	
-0.1285	0.2213	0.0107	24.9750	72.0000	
-0.1286	0.2220	0.0114	25.7750	71.2750	
-0.1286	0.2216	0.0109	25.1000	71.2250	
-0.1285	0.2214	0.0107	24.9500	71.5250	
-0.1283	0.2214	0.0113	25.3250	71.4500	
-0.1284	0.2219	0.0119	25.4250	71.4750	
-0.1283	0.2210	0.0107	25.2750	71.0500	
-0.1284	0.2216	0.0114	25.7000	71.2750	
-0.1285	0.2218	0.0116	25.3250	70.6500	
-0.1283	0.2207	0.0104	25.6000	71.0750	
-0.1284	0.2222	0.0124	25.9250	71.1750	
-0.1283	0.2207	0.0104	25.2000	70.7750	
-0.1282	0.2214	0.0114	25.5500	71.1750	
-0.1282	0.2209	0.0108	25.7000	70.9000	
-0.1283	0.2214	0.0114	25.7500	71.2000	
-0.1282	0.2209	0.0108	25.3250	71.3500	
-0.1281	0.2206	0.0107	25.7500	71.2250	
-0.1282	0.2214	0.0115	25.7750	71.3250	
-0.1281	0.2208	0.0108	25.8750	71.4000	
-0.1281	0.2210	0.0112	25.8750	71.5750	
-0.1281	0.2203	0.0103	25.6500	71.9500	
-0.1280	0.2210	0.0114	25.8000	72.0000	
-0.1280	0.2208	0.0112	26.0250	71.8750	
-0.1280	0.2204	0.0105	25.8750	72.2500	
-0.1280	0.2204	0.0106	25.8000	72.1750	
-0.1279	0.2208	0.0113	26.1000	72.1250	
-0.1279	0.2202	0.0106	26.1250	72.0750	
-0.1277	0.2204	0.0112	26.3000	72.2000	
-0.1277	0.2203	0.0113	26.0500	72.1750	
-0.1274	0.2197	0.0111	26.0000	72.2750	
-0.1273	0.2199	0.0116	26.8750	72.4000	
-0.1273	0.2199	0.0116	26.4750	72.5250	
-0.1272	0.2193	0.0109	25.7000	72.9250	
-0.1271	0.2194	0.0115	26.0000	73.0000	
-0.1269	0.2194	0.0117	26.2750	72.5250	
-0.1270	0.2192	0.0114	25.6750	72.5000	
-0.1269	0.2192	0.0116	25.5250	72.2500	
-0.1269	0.2188	0.0110	25.3000	72.0250	
-0.1268	0.2190	0.0116	26.6250	71.8500	
-0.1268	0.2192	0.0119	27.2750	71.4500	
-0.1267	0.2189	0.0114	26.5500	71.1500	
-0.1265	0.2190	0.0122	27.4250	70.9750	
-0.1265	0.2187	0.0119	27.3750	70.8250	
-0.1263	0.2191	0.0129	26.7250	70.4500	
-0.1265	0.2182	0.0110	26.4500	70.3000	
-0.1266	0.2189	0.0120	27.9500	70.2000	
-0.1264	0.2185	0.0119	25.9000	70.0250	
-0.1263	0.2181	0.0115	26.2000	70.4000	
-0.1263	0.2185	0.0122	26.7500	70.7250	
-0.1263	0.2179	0.0110	25.9750	70.6500	
-0.1263	0.2185	0.0122	26.3750	70.8500	
-0.1262	0.2177	0.0111	25.9500	70.9500	
-0.1262	0.2179	0.0114	25.8750	71.2250	
-0.1260	0.2180	0.0120	26.3250	71.4250	
-0.1260	0.2177	0.0116	26.8500	71.7000	
-0.1259	0.2180	0.0121	26.8750	71.5000	
-0.1259	0.2175	0.0114	26.3500	71.5250	
-0.1259	0.2175	0.0116	26.2250	71.8000	
-0.1258	0.2174	0.0114	26.5750	72.0500	
-0.1258	0.2180	0.0124	28.4000	71.9500	
-0.1258	0.2171	0.0111	26.3250	71.7750	
-0.1256	0.2173	0.0119	27.6000	71.8000	
-0.1255	0.2173	0.0123	29.1250	71.6250	
-0.1255	0.2174	0.0125	28.0250	71.5250	
-0.1255	0.2170	0.0117	28.7500	71.3500	
-0.1255	0.2178	0.0130	27.9250	71.0250	
-0.1254	0.2166	0.0116	28.5000	71.1750	
-0.1252	0.2175	0.0131	29.7000	70.9250	
-0.1252	0.2166	0.0120	29.0000	70.5250	
-0.1251	0.2171	0.0128	29.6500	70.7000	
-0.1250	0.2166	0.0124	27.6250	70.7500	
-0.1250	0.2168	0.0126	28.9500	70.7000	
-0.1250	0.2166	0.0123	29.8500	70.7250	
-0.1250	0.2164	0.0122	27.9750	70.5750	
-0.1250	0.2167	0.0127	28.7750	70.8500	
-0.1249	0.2160	0.0116	27.1000	70.5500	
-0.1249	0.2163	0.0123	28.5250	70.8500	
-0.1248	0.2159	0.0119	28.8000	70.8000	
-0.1247	0.2160	0.0122	26.9250	71.2500	
-0.1246	0.2156	0.0119	28.5750	71.4500	
-0.1247	0.2160	0.0124	29.5000	71.6000	
-0.1246	0.2156	0.0119	27.1250	71.2750	
-0.1245	0.2156	0.0121	28.9500	71.4250	
-0.1245	0.2157	0.0123	29.1250	71.5500	
-0.1245	0.2158	0.0126	28.2000	71.6250	
-0.1244	0.2151	0.0118	29.0000	71.4500	
-0.1243	0.2158	0.0129	31.0500	71.4750	
-0.1243	0.2152	0.0122	27.9500	71.4250	
-0.1242	0.2153	0.0125	29.9250	71.3000	
-0.1242	0.2155	0.0128	31.8750	71.3000	
-0.1241	0.2152	0.0125	29.1250	71.2250	
-0.1240	0.2148	0.0122	29.5750	71.1250	
-0.1240	0.2155	0.0134	30.4250	70.7750	
-0.1240	0.2148	0.0122	29.1750	70.7750	
-0.1239	0.2150	0.0128	29.6500	70.8500	
-0.1238	0.2146	0.0122	31.2750	70.9250	
-0.1237	0.2151	0.0134	30.7000	70.6750	
-0.1237	0.2140	0.0118	28.9250	70.7250	
-0.1236	0.2149	0.0132	31.0500	70.9750	
-0.1235	0.2144	0.0127	29.4750	70.9000	
-0.1235	0.2143	0.0127	30.2750	70.7500	
-0.1233	0.2140	0.0127	30.1000	70.8750	
-0.1231	0.2142	0.0135	30.1000	71.0500	
-0.1227	0.2134	0.0133	30.1000	70.7000	
-0.1230	0.2140	0.0135	30.2750	70.7500	
-0.1230	0.2128	0.0116	28.7250	70.9250	
-0.1230	0.2141	0.0137	32.5500	71.2250	
-0.1228	0.2129	0.0123	31.1000	70.8000	
-0.1228	0.2134	0.0131	29.8750	70.7250	
-0.1226	0.2128	0.0126	29.2500	70.5000	
-0.1227	0.2129	0.0128	30.6250	70.6500	
-0.1226	0.2125	0.0124	29.4500	70.8250	
-0.1225	0.2128	0.0130	29.7750	71.0750	
-0.1225	0.2127	0.0129	29.3000	71.0500	
-0.1221	0.2122	0.0130	28.9250	71.2000	
-0.1222	0.2129	0.0137	28.0750	71.1000	
-0.1221	0.2120	0.0126	28.3000	71.7000	
-0.1220	0.2124	0.0136	29.6500	71.4500	
-0.1218	0.2125	0.0141	28.5750	71.2750	
-0.1220	0.2118	0.0127	27.2000	71.1750	
-0.1217	0.2125	0.0145	29.2500	70.8750	
-0.1218	0.2116	0.0129	28.5500	70.8000	
-0.1216	0.2121	0.0141	27.3500	70.5750	
-0.1212	0.2116	0.0144	28.3250	70.6250	
-0.1214	0.2116	0.0139	28.7750	71.2000	
-0.1216	0.2116	0.0133	27.6750	71.3250	
-0.1215	0.2113	0.0132	27.2750	71.3750	
-0.1212	0.2116	0.0142	28.2750	70.7250	
-0.1213	0.2113	0.0137	27.2500	70.5500	
-0.1212	0.2115	0.0143	27.0750	70.6750	
-0.1213	0.2113	0.0138	28.0750	70.8750	
-0.1211	0.2107	0.0132	27.4500	71.0750	
-0.1211	0.2112	0.0140	26.1250	70.9000	
-0.1210	0.2110	0.0142	27.4750	70.8750	
-0.1208	0.2107	0.0141	27.2250	70.9000	
-0.1210	0.2111	0.0141	26.2750	71.0750	
-0.1210	0.2109	0.0138	27.4500	70.5500	
-0.1209	0.2106	0.0136	27.4750	70.8750	
-0.1208	0.2108	0.0143	25.8500	71.1500	
-0.1208	0.2100	0.0130	26.7750	71.1500	
-0.1208	0.2111	0.0147	26.8250	71.0750	
-0.1207	0.2104	0.0139	26.2750	70.9000	
-0.1206	0.2105	0.0142	26.5750	70.9250	
-0.1206	0.2104	0.0142	26.3500	70.9000	
-0.1205	0.2101	0.0140	26.0250	71.0750	
-0.1205	0.2105	0.0145	26.8000	70.8750	
-0.1202	0.2100	0.0146	26.3250	71.1250	
-0.1202	0.2099	0.0145	26.4500	71.3500	
-0.1201	0.2104	0.0153	26.6750	71.2250	
-0.1201	0.2097	0.0144	26.0250	71.1250	
-0.1200	0.2103	0.0153	26.7750	71.1750	
-0.1199	0.2097	0.0147	26.0750	71.1750	
-0.1201	0.2099	0.0147	25.7250	70.9000	
-0.1201	0.2100	0.0148	26.7750	71.1500	
-0.1200	0.2100	0.0150	26.2000	70.9500	
-0.1200	0.2092	0.0137	25.7750	70.9000	
-0.1199	0.2100	0.0153	27.0750	70.6000	
-0.1198	0.2094	0.0147	26.1750	70.9500	
-0.1199	0.2095	0.0145	26.3000	71.3250	
-0.1198	0.2096	0.0148	25.8750	70.9750	
-0.1198	0.2098	0.0152	25.7750	70.8500	
-0.1195	0.2092	0.0151	26.3750	71.1000	
-0.1198	0.2091	0.0142	25.8000	71.4500	
-0.1197	0.2094	0.0148	25.9500	71.0750	
-0.1197	0.2094	0.0150	26.2750	70.5500	
-0.1196	0.2092	0.0149	26.0750	70.9500	
-0.1195	0.2093	0.0153	26.0750	71.7250	
-0.1195	0.2086	0.0142	26.1500	72.2500	
-0.1193	0.2089	0.0152	26.0500	71.3750	
-0.1194	0.2095	0.0158	26.1750	70.4000	
-0.1193	0.2091	0.0154	25.9750	70.4000	
-0.1194	0.2092	0.0153	26.1750	71.1750	
-0.1192	0.2090	0.0154	26.9000	71.2750	
-0.1195	0.2092	0.0152	26.4750	71.6500	
-0.1194	0.2092	0.0154	26.2500	71.4000	
-0.1194	0.2094	0.0157	26.5000	70.9000	
-0.1193	0.2088	0.0150	25.9500	71.0000	
-0.1192	0.2089	0.0154	26.8000	71.7750	
-0.1191	0.2085	0.0150	26.0000	71.8000	
-0.1191	0.2090	0.0158	25.8250	70.8000	
-0.1192	0.2090	0.0155	26.3250	70.4500	
-0.1191	0.2088	0.0155	25.9250	70.1250	
-0.1190	0.2086	0.0154	25.9000	71.1250	
-0.1188	0.2089	0.0164	26.1750	72.1000	
-0.1189	0.2083	0.0152	26.0000	72.5750	
-0.1189	0.2085	0.0156	25.7500	72.0750	
-0.1190	0.2088	0.0157	26.1000	70.7000	
-0.1189	0.2092	0.0166	25.9750	70.1250	
-0.1185	0.2083	0.0161	26.0250	70.5000	
-0.1185	0.2090	0.0173	26.6500	71.5750	
-0.1188	0.2087	0.0161	25.6500	71.7750	
-0.1188	0.2081	0.0152	25.8000	71.0250	
-0.1187	0.2086	0.0163	26.6250	70.6500	
-0.1188	0.2087	0.0161	25.9250	70.9250	
-0.1185	0.2081	0.0159	26.0500	71.3500	
-0.1188	0.2086	0.0159	26.3500	71.4000	
-0.1185	0.2087	0.0168	25.9750	71.0500	
-0.1176	0.2088	0.0192	26.9000	70.6500	
-0.1167	0.2085	0.0209	26.9250	70.9250	
-0.1173	0.2089	0.0201	26.5000	70.8750	
-0.1171	0.2085	0.0200	27.4250	71.4250	
-0.1169	0.2086	0.0206	26.4500	72.5500	
-0.1175	0.2081	0.0185	26.0750	72.0500	
-0.1178	0.2083	0.0179	26.5500	70.5500	
-0.1182	0.2089	0.0178	26.0000	70.0750	
-0.1181	0.2089	0.0182	26.3000	71.1000	
-0.1183	0.2083	0.0165	26.3000	71.4500	
-0.1183	0.2083	0.0169	25.5250	72.3750	
-0.1185	0.2078	0.0153	25.3250	72.7000	
-0.1186	0.2088	0.0168	25.8000	71.8000	
-0.1187	0.2079	0.0150	25.4500	70.5750	
-0.1186	0.2097	0.0180	25.8000	70.3000	
-0.1185	0.2077	0.0154	26.0500	70.8500	
-0.1187	0.2087	0.0163	25.4750	72.0750	
-0.1186	0.2089	0.0168	25.9500	72.8250	
-0.1185	0.2074	0.0149	25.5000	72.9000	
-0.1185	0.2090	0.0173	25.2250	71.6000	
-0.1184	0.2079	0.0159	25.4250	71.4000	
-0.1184	0.2085	0.0168	25.4250	70.8250	
-0.1183	0.2089	0.0175	26.1000	71.0000	
-0.1185	0.2084	0.0163	25.3500	71.5250	
-0.1186	0.2087	0.0165	25.8500	72.2750	
-0.1184	0.2081	0.0163	25.3250	72.9000	
-0.1182	0.2084	0.0171	25.4000	72.0000	
-0.1184	0.2084	0.0166	25.3000	71.3000	
-0.1182	0.2082	0.0167	25.5250	71.3000	
-0.1181	0.2092	0.0185	25.7250	71.2250	
-0.1178	0.2079	0.0173	25.9500	72.1500	
-0.1178	0.2094	0.0197	25.5750	71.9500	
-0.1177	0.2084	0.0182	26.0500	72.3750	
-0.1180	0.2080	0.0169	25.6500	72.8250	
-0.1181	0.2089	0.0181	25.8750	72.7500	
-0.1182	0.2080	0.0165	25.5000	72.4500	
-0.1184	0.2084	0.0166	25.2750	71.9250	
-0.1185	0.2085	0.0166	25.4250	71.7500	
-0.1182	0.2084	0.0170	25.4500	71.3000	
-0.1183	0.2082	0.0164	25.5750	72.4000	
-0.1184	0.2087	0.0171	25.5500	73.2250	
-0.1183	0.2080	0.0163	25.4250	73.2000	
-0.1182	0.2084	0.0170	25.5000	73.4000	
-0.1183	0.2087	0.0173	25.3500	72.2500	
-0.1184	0.2087	0.0172	25.7500	71.7500	
-0.1185	0.2085	0.0165	25.5000	72.2000	
-0.1182	0.2086	0.0174	25.1000	72.4750	
-0.1186	0.2089	0.0170	25.6000	73.0750	
-0.1183	0.2081	0.0164	25.3000	73.4750	
-0.1183	0.2085	0.0170	25.1500	73.7250	
-0.1181	0.2087	0.0179	25.3000	73.0500	
-0.1184	0.2091	0.0177	25.7000	72.0250	
-0.1182	0.2086	0.0175	25.3250	71.6750	
-0.1182	0.2083	0.0170	25.6750	72.0750	
-0.1181	0.2087	0.0177	25.6250	72.5750	
-0.1180	0.2080	0.0170	25.5750	73.6000	
-0.1175	0.2092	0.0202	25.5750	74.1500	
-0.1173	0.2077	0.0183	25.6750	73.9250	
-0.1177	0.2096	0.0201	25.8500	72.2000	
-0.1179	0.2093	0.0193	25.4750	72.4750	
-0.1178	0.2087	0.0186	25.4000	71.2750	
-0.1182	0.2088	0.0177	25.9500	72.4750	
-0.1181	0.2084	0.0175	25.7000	73.2750	
-0.1178	0.2088	0.0185	25.8750	74.0000	
-0.1180	0.2084	0.0176	25.6000	74.5000	
-0.1178	0.2091	0.0193	25.4500	73.8500	
-0.1182	0.2087	0.0176	25.6000	72.6500	
-0.1183	0.2092	0.0182	25.6000	71.0500	
-0.1183	0.2088	0.0174	25.7000	70.6000	
-0.1185	0.2092	0.0175	25.7000	72.2000	
-0.1185	0.2089	0.0172	25.7000	73.6500	
-0.1183	0.2090	0.0179	25.6500	74.8750	
-0.1182	0.2087	0.0176	25.6500	75.1000	
-0.1182	0.2089	0.0179	25.3250	73.5250	
-0.1184	0.2094	0.0181	25.0250	71.3750	
-0.1184	0.2098	0.0188	25.1750	69.7250	
-0.1182	0.2084	0.0171	25.4750	70.1500	
-0.1183	0.2097	0.0188	25.3500	72.2250	
-0.1184	0.2084	0.0165	25.5750	75.3000	
-0.1180	0.2090	0.0185	25.3500	76.4000	
-0.1177	0.2090	0.0193	25.3750	74.8500	
-0.1184	0.2100	0.0188	25.4750	70.7750	
-0.1186	0.2110	0.0201	25.3000	67.9750	
-0.1177	0.2093	0.0197	25.2500	67.9000	
-0.1182	0.2094	0.0186	25.7500	71.0250	
-0.1188	0.2094	0.0171	26.1250	75.3500	
-0.1184	0.2092	0.0178	26.0500	78.0500	
-0.1176	0.2088	0.0191	25.3500	76.9000	
-0.1182	0.2089	0.0179	25.5500	73.9500	
-0.1188	0.2124	0.0217	25.3500	68.4500	
-0.1178	0.2115	0.0228	25.7000	66.2000	
-0.1173	0.2101	0.0219	25.7000	67.8250	
-0.1185	0.2094	0.0180	25.8750	71.9500	
-0.1189	0.2110	0.0192	25.8500	78.1500	
-0.1180	0.2093	0.0190	25.7000	79.1500	
-0.1172	0.2075	0.0183	25.5000	78.0250	
-0.1186	0.2105	0.0191	25.1000	73.6750	
-0.1190	0.2150	0.0249	26.2500	67.8750	
-0.1173	0.2120	0.0249	26.3250	65.8250	
-0.1167	0.2103	0.0238	25.7750	67.1250	
-0.1184	0.2101	0.0191	26.0500	72.4500	
-0.1192	0.2118	0.0197	25.7750	78.5250	
-0.1183	0.2103	0.0196	25.8500	80.2500	
-0.1174	0.2080	0.0187	25.4000	79.9500	
-0.1180	0.2099	0.0198	25.1250	75.5250	
-0.1193	0.2138	0.0225	25.6750	70.4000	
-0.1185	0.2141	0.0249	25.7500	66.4250	
-0.1171	0.2100	0.0222	25.6500	66.2500	
-0.1173	0.2101	0.0218	25.6000	70.0500	
-0.1186	0.2117	0.0209	25.8250	76.3250	
-0.1178	0.2109	0.0218	26.1000	79.3750	
-0.1164	0.2102	0.0244	25.2250	80.3750	
-0.1174	0.2100	0.0216	25.6500	77.5000	
-0.1183	0.2113	0.0212	25.6000	74.1000	
-0.1186	0.2137	0.0240	26.2500	69.3750	
-0.1173	0.2121	0.0248	26.0250	67.6500	
-0.1169	0.2093	0.0217	25.5500	68.9500	
-0.1182	0.2100	0.0195	25.8000	72.8750	
-0.1188	0.2108	0.0193	25.7000	77.2250	
-0.1184	0.2107	0.0201	25.5000	79.3250	
-0.1178	0.2097	0.0201	25.1500	78.8750	
-0.1179	0.2096	0.0197	25.1750	76.7250	
-0.1185	0.2110	0.0202	25.5500	73.9500	
-0.1187	0.2118	0.0211	25.9250	71.2000	
-0.1178	0.2114	0.0224	25.8250	70.3750	
-0.1178	0.2096	0.0199	25.5000	72.4500	
-0.1181	0.2099	0.0195	25.4250	74.6750	
-0.1181	0.2107	0.0207	25.4750	77.2250	
-0.1180	0.2099	0.0198	25.6750	78.9500	
-0.1179	0.2104	0.0207	25.1250	77.8500	
-0.1180	0.2094	0.0190	25.1250	77.4500	
-0.1181	0.2117	0.0223	25.2500	74.1000	
-0.1183	0.2102	0.0196	25.4750	73.8500	
-0.1181	0.2106	0.0206	25.7500	73.0750	
-0.1181	0.2106	0.0207	25.5250	73.8250	
-0.1182	0.2095	0.0186	25.2750	75.6750	
-0.1182	0.2108	0.0207	25.1750	77.0000	
-0.1182	0.2099	0.0194	25.8000	78.0500	
-0.1183	0.2097	0.0187	25.0750	78.2750	
-0.1182	0.2113	0.0214	25.7500	77.5000	
-0.1182	0.2097	0.0191	25.6750	76.4000	
-0.1183	0.2105	0.0200	25.2000	75.4000	
-0.1182	0.2112	0.0212	25.5500	74.4750	
-0.1178	0.2094	0.0195	25.6000	75.1500	
-0.1181	0.2109	0.0212	25.6250	75.8500	
-0.1181	0.2094	0.0187	25.8000	77.2000	
-0.1180	0.2098	0.0197	25.6250	77.7750	
-0.1179	0.2099	0.0201	25.6000	78.8000	
-0.1177	0.2100	0.0208	25.4500	77.0500	
-0.1180	0.2098	0.0197	25.6000	76.6250	
-0.1180	0.2102	0.0201	25.8500	75.0250	
-0.1179	0.2100	0.0203	26.1250	74.8000	
-0.1178	0.2102	0.0207	25.8000	75.0750	
-0.1178	0.2092	0.0194	26.1500	76.1250	
-0.1179	0.2097	0.0199	26.0000	77.6250	
-0.1175	0.2096	0.0206	26.0250	77.8250	
-0.1174	0.2091	0.0202	26.3250	78.1250	
-0.1174	0.2101	0.0217	26.2000	76.9250	
-0.1173	0.2095	0.0210	27.1000	76.3500	
-0.1174	0.2098	0.0212	26.6250	75.5250	
-0.1176	0.2101	0.0211	26.6250	74.3250	
-0.1172	0.2095	0.0213	26.5500	75.1750	
-0.1174	0.2088	0.0195	26.3500	75.8000	
-0.1175	0.2085	0.0189	26.3250	75.9500	
-0.1175	0.2093	0.0201	27.2250	76.7250	
-0.1173	0.2081	0.0189	26.6250	77.1750	
-0.1173	0.2087	0.0199	26.6000	76.5000	
-0.1173	0.2088	0.0200	27.5000	76.5250	
-0.1172	0.2086	0.0198	27.5250	76.0500	
-0.1171	0.2074	0.0183	27.0250	74.5750	
-0.1168	0.2090	0.0214	28.5750	74.6750	
-0.1167	0.2077	0.0197	28.1750	73.9000	
-0.1171	0.2079	0.0192	28.6500	74.7750	
-0.1167	0.2075	0.0195	28.0250	74.8500	
-0.1168	0.2078	0.0195	30.7250	75.8000	
-0.1170	0.2072	0.0183	28.0000	76.1500	
-0.1167	0.2072	0.0190	28.8250	76.2750	
-0.1168	0.2064	0.0174	30.2750	76.0500	
-0.1167	0.2069	0.0187	29.7250	75.8000	
-0.1168	0.2067	0.0180	28.7750	75.6500	
-0.1168	0.2069	0.0184	30.7000	75.2000	
-0.1167	0.2065	0.0180	30.7500	74.9750	
-0.1165	0.2066	0.0186	29.4000	74.5250	
-0.1167	0.2071	0.0189	30.9750	74.8000	
-0.1167	0.2063	0.0176	30.0250	75.5750	
-0.1166	0.2069	0.0187	29.9750	75.6500	
-0.1162	0.2058	0.0181	30.2500	75.6750	
-0.1163	0.2072	0.0200	31.1500	75.8750	
-0.1163	0.2075	0.0205	31.1000	75.3500	
-0.1164	0.2060	0.0179	31.2500	75.5000	
-0.1166	0.2076	0.0200	31.9500	75.4500	
-0.1166	0.2057	0.0170	29.5250	74.7500	
-0.1165	0.2070	0.0194	30.6250	75.1750	
-0.1163	0.2067	0.0193	31.4000	74.9500	
-0.1162	0.2064	0.0190	31.3000	75.4500	
-0.1162	0.2070	0.0201	31.3000	75.4750	
-0.1163	0.2066	0.0190	30.2500	75.7000	
-0.1164	0.2063	0.0184	30.8750	75.6750	
-0.1164	0.2068	0.0191	30.1500	75.5750	
-0.1164	0.2068	0.0192	30.9250	75.3500	
-0.1160	0.2062	0.0193	30.8250	75.7000	
-0.1158	0.2068	0.0206	30.2250	75.1750	
-0.1160	0.2066	0.0199	31.4750	75.6500	
-0.1164	0.2064	0.0185	30.6750	75.8000	
-0.1163	0.2062	0.0185	30.1750	75.8500	
-0.1163	0.2068	0.0194	31.3250	75.6000	
-0.1160	0.2063	0.0194	31.4000	75.9500	
-0.1161	0.2064	0.0193	30.7000	76.2000	
-0.1162	0.2066	0.0193	30.3000	75.8500	
-0.1162	0.2064	0.0192	30.7000	75.6000	
-0.1160	0.2059	0.0188	30.5000	75.3000	
-0.1162	0.2067	0.0196	30.6750	75.7500	
-0.1159	0.2063	0.0197	31.1250	75.5500	
-0.1156	0.2067	0.0211	30.7250	75.8000	
-0.1157	0.2064	0.0203	30.8250	75.8250	
-0.1158	0.2062	0.0198	31.3000	75.5250	
-0.1152	0.2069	0.0225	30.9000	75.4750	
-0.1158	0.2064	0.0200	31.9500	75.2000	
-0.1162	0.2067	0.0195	30.9000	75.7500	
-0.1161	0.2066	0.0196	30.9000	75.6000	
-0.1159	0.2062	0.0194	31.0250	75.4750	
-0.1158	0.2068	0.0207	31.2000	75.6250	
-0.1151	0.2063	0.0216	30.2750	75.4250	
-0.1145	0.2070	0.0243	32.1000	75.4250	
-0.1154	0.2064	0.0210	30.9000	75.7000	
-0.1158	0.2059	0.0194	30.7250	75.5000	
-0.1161	0.2068	0.0199	30.7250	75.5250	
-0.1158	0.2061	0.0196	30.4750	75.4250	
-0.1158	0.2059	0.0193	30.8750	75.0500	
-0.1157	0.2064	0.0202	30.9750	75.7500	
-0.1159	0.2056	0.0187	29.9750	75.9000	
-0.1160	0.2063	0.0194	32.3000	75.7000	
-0.1159	0.2066	0.0200	29.3250	75.6250	
-0.1159	0.2057	0.0188	30.8750	75.8750	
-0.1158	0.2063	0.0199	31.3000	75.4750	
-0.1154	0.2065	0.0213	30.4500	76.1000	
-0.1155	0.2054	0.0192	30.8500	75.4250	
-0.1157	0.2066	0.0207	30.8250	75.5250	
-0.1158	0.2059	0.0194	30.9500	75.5250	
-0.1157	0.2064	0.0203	29.7250	75.7000	
-0.1156	0.2053	0.0190	29.8750	76.1500	
-0.1155	0.2070	0.0218	32.5250	75.4500	
-0.1156	0.2059	0.0200	30.1000	75.8250	
-0.1157	0.2055	0.0189	30.0750	75.7000	
-0.1157	0.2071	0.0213	32.3250	75.5750	
-0.1158	0.2053	0.0186	29.4250	75.6500	
-0.1156	0.2064	0.0206	31.2750	74.8250	
-0.1154	0.2060	0.0204	31.3500	74.9500	
-0.1157	0.2057	0.0195	29.9750	75.5000	
-0.1156	0.2062	0.0204	31.5750	75.8250	
-0.1155	0.2064	0.0209	30.1000	76.3000	
-0.1155	0.2055	0.0195	30.3250	76.1500	
-0.1152	0.2065	0.0219	31.0750	75.8250	
-0.1151	0.2054	0.0205	29.6000	75.8750	
-0.1152	0.2068	0.0223	31.8500	75.0000	
-0.1155	0.2060	0.0204	31.1750	75.4750	
-0.1152	0.2060	0.0209	30.3500	75.5000	
-0.1153	0.2060	0.0208	31.5750	75.4000	
-0.1154	0.2059	0.0203	30.9750	75.5750	
0.4058	50.0000	0.4375	50.0000	
0.3883	50.0000	0.4104	50.0000	
0.3712	50.0000	0.3862	50.0000	
0.3545	50.0000	0.3647	54.1750	
0.3391	50.0000	0.3447	71.2750	
0.3233	50.0000	0.3263	73.5750	
0.3066	50.0000	0.3098	71.1000	
0.2896	50.0000	0.2955	71.8500	
0.2756	50.0000	0.2836	71.8000	
0.2654	50.0000	0.2737	71.7750	
0.2586	50.0000	0.2652	71.7750	
0.2532	50.0750	0.2584	71.8750	
0.2505	49.1750	0.2520	71.8750	
0.2498	45.7750	0.2444	71.9750	
0.2497	45.4500	0.2355	71.2250	
0.2497	44.7250	0.2279	70.7500	
0.2497	44.1250	0.2206	70.8000	
0.2496	45.4000	0.2135	70.7750	
0.2496	44.2500	0.2066	70.8000	
0.2496	41.4750	0.2003	70.9000	
0.2495	40.1250	0.1940	71.0250	
0.2495	39.7250	0.1882	71.0500	
0.2495	39.9000	0.1826	71.1250	
0.2495	42.2500	0.1775	71.2000	
0.2495	38.8000	0.1729	71.5000	
0.2495	37.7250	0.1689	71.7750	
0.2495	42.9500	0.1653	72.1000	
0.2495	37.6000	0.1623	72.2500	
0.2494	38.1750	0.1598	72.2500	
0.2494	44.5250	0.1577	72.4250	
0.2494	44.2000	0.1561	72.6250	
0.2494	33.0250	0.1548	72.7250	
0.2494	40.8250	0.1538	73.2000	
0.2494	44.4250	0.1531	73.2500	
0.2494	44.6500	0.1525	73.5000	
0.2494	45.3250	0.1519	73.4250	
0.2494	41.6500	0.1515	73.5000	
0.2494	40.4750	0.1512	74.0250	
0.2493	44.2500	0.1510	74.1500	
0.2493	45.5250	0.1507	74.3250	
0.2493	45.3250	0.1506	74.3500	
0.2493	45.0000	0.1504	74.4500	
0.2492	44.9250	0.1502	74.3000	
0.2492	44.7000	0.1501	74.7000	
0.2492	45.9000	0.1500	74.5000	
0.2491	45.7500	0.1499	74.8500	
0.2492	45.0500	0.1498	74.8000	
0.2491	39.7750	0.1497	74.7000	
0.2491	43.3750	0.1497	74.8250	
0.2491	46.3000	0.1496	74.7000	
0.2490	45.8250	0.1496	74.9000	
0.2490	41.5250	0.1496	74.8250	
0.2490	45.2750	0.1495	74.8750	
0.2490	47.4500	0.1495	74.8750	
0.2489	45.4750	0.1495	74.9000	
0.2490	36.9000	0.1495	74.9500	
0.2489	42.0000	0.1494	74.9250	
0.2489	46.6000	0.1494	74.9750	
0.2489	46.9500	0.1494	75.0750	
0.2489	45.8750	0.1494	74.9750	
0.2489	42.3000	0.1494	75.0000	
0.2489	45.4750	0.1493	75.0000	
0.2488	46.0250	0.1493	75.0250	
0.2488	44.5500	0.1493	75.0250	
0.2488	45.8500	0.1492	75.0750	
0.2488	47.7250	0.1492	74.9250	
0.2488	46.3500	0.1492	74.9250	
0.2487	43.3250	0.1492	74.9250	
0.2487	44.4250	0.1491	74.9500	
0.2487	45.9000	0.1491	74.9500	
0.2487	47.3250	0.1491	74.9250	
0.2487	46.3750	0.1491	74.9750	
0.2487	45.9500	0.1490	75.0750	
0.2487	44.7250	0.1490	75.0250	
0.2487	47.0000	0.1490	75.0250	
0.2487	47.6500	0.1489	74.9750	
0.2487	41.9750	0.1489	75.0500	
0.2487	42.5000	0.1489	74.9750	
0.2486	45.9500	0.1488	74.8750	
0.2486	46.8750	0.1488	74.8750	
0.2486	44.0750	0.1488	74.8250	
0.2486	45.2500	0.1487	75.0000	
0.2486	47.8250	0.1486	74.9500	
0.2486	47.0000	0.1486	74.9750	
0.2485	44.4750	0.1486	74.9500	
0.2485	45.6500	0.1486	74.9000	
0.2485	47.3000	0.1485	74.8500	
0.2485	46.3000	0.1485	74.9250	
0.2485	43.3000	0.1485	75.0250	
0.2485	45.2250	0.1484	75.0000	
0.2485	48.7000	0.1484	74.9750	
0.2485	47.2500	0.1484	74.8750	
0.2484	37.4500	0.1484	74.9750	
0.2484	39.6750	0.1483	74.9500	
0.2484	47.9000	0.1483	74.9000	
0.2484	47.8500	0.1483	74.9000	
0.2484	44.2750	0.1483	74.9750	
0.2484	45.9000	0.1482	74.8500	
0.2484	46.5500	0.1482	74.9750	
0.2484	44.3000	0.1482	74.9750	
0.2483	45.9250	0.1482	74.9250	
0.2483	46.7500	0.1481	75.0000	
0.2483	47.5500	0.1481	74.8750	
0.2483	45.0500	0.1481	75.0000	
0.2483	43.9000	0.1481	74.9250	
0.2483	46.5000	0.1480	74.9500	
0.2483	48.2750	0.1480	75.0000	
0.2483	43.4250	0.1480	74.9250	
0.2482	36.2500	0.1479	74.8250	
0.2482	46.3250	0.1479	75.0250	
0.2482	47.7000	0.1479	74.8000	
0.2483	48.2250	0.1479	74.9500	
0.2482	38.0000	0.1478	74.9250	
0.2482	39.5750	0.1478	74.9500	
0.2482	47.7000	0.1478	74.9000	
0.2482	46.5250	0.1478	75.0000	
0.2481	45.1500	0.1478	75.0500	
0.2481	45.5500	0.1477	74.8750	
0.2481	43.9000	0.1477	74.9500	
0.2481	47.5750	0.1477	75.0750	
0.2481	47.3000	0.1476	74.9250	
0.2481	44.4500	0.1476	75.1000	
0.2481	42.9250	0.1475	75.0750	
0.2481	45.0750	0.1475	75.0750	
0.2481	47.6250	0.1475	75.0500	
0.2480	46.0500	0.1474	75.0750	
0.2480	42.9250	0.1474	75.1250	
0.2480	45.6500	0.1474	75.0750	
0.2480	46.4500	0.1473	75.0000	
0.2480	45.5250	0.1473	74.9250	
0.2480	45.7250	0.1473	75.1500	
0.2480	45.4750	0.1472	74.9000	
0.2479	44.5750	0.1472	75.0000	
0.2479	46.7000	0.1471	75.1000	
0.2479	45.8750	0.1471	75.0250	
0.2479	41.8500	0.1471	75.0750	
0.2479	46.0500	0.1470	75.0250	
0.2479	45.8750	0.1470	74.9500	
0.2478	44.8750	0.1470	75.1000	
0.2478	46.0250	0.1469	75.1000	
0.2479	47.5500	0.1469	74.8750	
0.2478	39.0750	0.1468	75.0750	
0.2478	32.4000	0.1468	74.9500	
0.2478	46.3000	0.1467	74.9750	
0.2477	48.4750	0.1467	74.9500	
0.2477	45.2250	0.1466	74.9750	
0.2477	32.3000	0.1466	75.0250	
0.2477	37.1750	0.1465	75.0500	
0.2477	47.5000	0.1465	75.0750	
0.2477	45.0750	0.1464	74.9750	
0.2476	34.9250	0.1464	75.0750	
0.2477	42.8250	0.1463	74.9750	
0.2476	47.2500	0.1463	74.8750	
0.2476	41.3750	0.1462	75.0250	
0.2476	33.6250	0.1462	75.0000	
0.2476	45.0750	0.1461	75.0000	
0.2476	47.6500	0.1461	75.1000	
0.2476	38.3000	0.1460	75.0000	
0.2475	35.0500	0.1459	75.0250	
0.2475	47.7000	0.1459	75.0000	
0.2475	44.3250	0.1458	75.0750	
0.2475	40.0500	0.1457	75.0000	
0.2475	36.6500	0.1456	74.9250	
0.2474	44.2750	0.1454	74.6750	
0.2474	45.4250	0.1452	74.7000	
0.2474	44.4000	0.1451	74.7500	
0.2474	39.5500	0.1450	74.7500	
0.2474	34.9000	0.1449	74.7000	
0.2475	37.8750	0.1448	74.7000	
0.2474	45.9000	0.1446	74.6500	
0.2473	45.9250	0.1445	74.8500	
0.2473	32.7000	0.1444	74.7250	
0.2473	32.7500	0.1443	74.6500	
0.2473	35.5250	0.1442	74.7000	
0.2473	46.6750	0.1440	74.7250	
0.2473	39.9000	0.1440	74.6500	
0.2473	32.0750	0.1438	74.7500	
0.2472	44.9250	0.1437	74.7250	
0.2472	42.0500	0.1435	74.9000	
0.2472	30.1250	0.1434	74.7250	
0.2471	39.4500	0.1433	74.6750	
0.2472	44.5500	0.1431	74.7000	
0.2471	36.8000	0.1430	74.7000	
0.2471	37.6500	0.1429	74.7000	
0.2471	36.1250	0.1426	74.8250	
0.2471	32.7500	0.1425	74.6500	
0.2470	43.8000	0.1424	74.7000	
0.2470	41.0500	0.1422	74.7000	
0.2470	36.1750	0.1420	74.8000	
0.2470	31.7500	0.1419	74.6750	
0.2470	35.9500	0.1418	74.7000	
0.2470	32.4000	0.1416	74.7750	
0.2470	43.8250	0.1415	74.5250	
0.2469	39.6250	0.1412	74.5750	
0.2469	27.1500	0.1410	74.7500	
0.2469	36.0000	0.1409	74.5750	
0.2469	42.7250	0.1408	74.6750	
0.2469	33.0000	0.1408	74.4500	
0.2468	28.7500	0.1404	74.7500	
0.2468	32.9250	0.1403	74.4500	
0.2468	39.2000	0.1402	74.5000	
0.2468	34.1750	0.1400	74.5500	
0.2468	27.7000	0.1398	74.6000	
0.2467	38.9750	0.1397	74.6750	
0.2467	40.1000	0.1395	74.5750	
0.2467	31.3500	0.1394	74.5750	
0.2467	27.1500	0.1393	74.6500	
0.2466	31.3750	0.1390	74.4750	
0.2466	41.1750	0.1389	74.5500	
0.2466	35.3500	0.1388	74.5500	
0.2466	29.8750	0.1386	74.7250	
0.2466	31.9500	0.1384	74.5000	
0.2465	38.6000	0.1383	74.6250	
0.2465	28.1500	0.1381	74.4500	
0.2465	27.5000	0.1381	74.6250	
0.2465	37.0750	0.1379	74.4500	
0.2464	31.6250	0.1377	74.5000	
0.2464	28.5250	0.1377	74.6500	
0.2463	28.8750	0.1374	74.5750	
0.2463	36.3500	0.1372	74.5750	
0.2463	30.6750	0.1371	74.5000	
0.2463	27.9500	0.1370	74.6000	
0.2463	27.4500	0.1370	74.5250	
0.2462	29.8000	0.1369	74.3500	
0.2462	30.4750	0.1366	74.3750	
0.2462	29.4000	0.1365	74.3250	
0.2462	28.6250	0.1364	74.6000	
0.2461	27.9750	0.1363	74.3250	
0.2461	29.9750	0.1361	74.6500	
0.2461	28.9500	0.1358	74.5500	
0.2460	28.3000	0.1358	74.5000	
0.2460	28.4750	0.1356	74.3750	
0.2459	29.8000	0.1354	74.5000	
0.2459	28.9250	0.1353	74.5250	
0.2459	27.2250	0.1352	74.4500	
0.2459	28.4750	0.1351	74.4000	
0.2459	30.1500	0.1351	74.5500	
0.2459	28.9000	0.1348	74.3500	
0.2458	27.1500	0.1347	74.5750	
0.2458	27.3250	0.1345	74.2500	
0.2458	32.2000	0.1344	74.5250	
0.2457	29.6500	0.1342	74.4750	
0.2457	27.6750	0.1343	74.5000	
0.2457	27.6500	0.1339	74.3750	
0.2456	27.6000	0.1339	74.3500	
0.2455	31.1500	0.1337	74.3250	
0.2455	30.3500	0.1335	74.3250	
0.2455	28.6000	0.1334	74.5250	
0.2455	27.4500	0.1334	74.3000	
0.2455	27.0500	0.1332	74.5750	
0.2454	29.5000	0.1331	74.3250	
0.2454	33.6250	0.1328	74.3750	
0.2454	27.3500	0.1327	74.4250	
0.2453	27.6500	0.1326	74.3250	
0.2455	31.8750	0.1329	74.4250	
0.2454	26.9500	0.1325	74.3000	
0.2452	29.1500	0.1325	74.3500	
0.2452	33.0500	0.1325	74.4000	
0.2451	27.1250	0.1321	74.6000	
0.2451	27.3250	0.1318	74.3250	
0.2450	30.6750	0.1317	74.2750	
0.2450	31.3000	0.1315	74.4250	
0.2450	27.1000	0.1315	74.3500	
0.2449	26.3250	0.1316	74.3500	
0.2448	28.6500	0.1312	74.3250	
0.2448	32.4750	0.1311	74.4000	
0.2448	30.4250	0.1311	74.3500	
0.2448	26.7250	0.1309	74.4000	
0.2448	28.5000	0.1308	74.3250	
0.2447	30.4250	0.1307	74.6250	
0.2447	26.4000	0.1303	74.2250	
0.2448	30.5750	0.1303	74.3500	
0.2445	28.7750	0.1301	74.3000	
0.2445	26.3750	0.1299	74.3500	
0.2445	26.8500	0.1298	74.3500	
0.2444	32.2750	0.1299	74.3500	
0.2444	32.1000	0.1295	74.3500	
0.2443	26.2000	0.1295	74.2500	
0.2443	26.2500	0.1293	74.3750	
0.2442	28.0250	0.1291	74.3500	
0.2442	30.4500	0.1292	74.2500	
0.2441	29.9000	0.1290	74.4000	
0.2443	26.3750	0.1289	74.2750	
0.2440	30.3000	0.1285	74.3500	
0.2440	32.9500	0.1283	74.2750	
0.2439	26.9500	0.1282	74.3250	
0.2439	26.8750	0.1277	74.1750	
0.2438	31.5500	0.1274	74.4500	
0.2439	26.9250	0.1274	74.2500	
0.2437	28.3000	0.1272	74.6000	
0.2439	33.5500	0.1273	74.3750	
0.2436	27.3500	0.1268	74.4250	
0.2436	26.4750	0.1267	74.4000	
0.2435	30.1250	0.1266	74.5000	
0.2435	30.9250	0.1262	74.5500	
0.2433	27.2000	0.1260	74.4750	
0.2433	26.0500	0.1258	74.3500	
0.2433	26.2750	0.1256	74.4500	
0.2432	29.3250	0.1255	74.3250	
0.2432	30.2250	0.1254	74.3750	
0.2431	25.5750	0.1252	74.3750	
0.2430	27.0500	0.1251	74.4500	
0.2430	30.4750	0.1250	74.3500	
0.2429	26.8000	0.1250	74.4500	
0.2428	26.7000	0.1247	74.4500	
0.2428	27.1000	0.1245	74.4500	
0.2427	30.0750	0.1242	74.3750	
0.2427	28.5750	0.1241	74.4750	
0.2426	27.5750	0.1240	74.3750	
0.2425	29.4000	0.1239	74.4000	
0.2424	25.8000	0.1239	74.3500	
0.2423	26.5750	0.1238	74.5000	
0.2423	29.4500	0.1235	74.5000	
0.2422	26.4500	0.1232	74.4250	
0.2421	27.0000	0.1230	74.5000	
0.2422	29.2750	0.1229	74.4250	
0.2421	28.6500	0.1230	74.5000	
0.2419	25.8000	0.1231	74.3750	
0.2420	29.3000	0.1226	74.5500	
0.2417	26.7000	0.1229	74.5250	
0.2417	25.9750	0.1227	74.4000	
0.2416	29.1250	0.1228	74.3500	
0.2416	28.1500	0.1219	74.5500	
0.2415	28.5500	0.1217	74.5500	
0.2413	28.7750	0.1216	74.5500	
0.2414	25.6250	0.1213	74.5250	
0.2412	26.6500	0.1211	74.5250	
0.2411	28.5750	0.1210	74.4750	
0.2410	29.0500	0.1208	74.6250	
0.2409	27.5750	0.1207	74.4500	
0.2409	27.9250	0.1205	74.5500	
0.2409	25.4250	0.1204	74.5000	
0.2409	31.8250	0.1205	74.5000	
0.2408	28.4250	0.1204	74.5500	
0.2406	25.8000	0.1199	74.4500	
0.2404	29.6750	0.1198	74.5750	
0.2404	28.9000	0.1196	74.5500	
0.2403	27.4000	0.1195	74.5500	
0.2402	27.3500	0.1193	74.5750	
0.2401	26.1500	0.1192	74.5750	
0.2400	25.9000	0.1190	74.5750	
0.2399	28.9750	0.1190	74.5000	
0.2401	26.4500	0.1187	74.5250	
0.2399	29.9750	0.1185	74.6500	
0.2396	26.9500	0.1183	74.5250	
0.2395	26.2000	0.1182	74.6000	
0.2396	25.9750	0.1186	74.5000	
0.2395	32.8500	0.1179	74.5250	
0.2394	25.7500	0.1178	74.5750	
0.2391	25.5000	0.1182	74.4750	
0.2397	41.8500	0.1174	74.5500	
0.2389	26.2500	0.1173	74.5500	
0.2390	27.6750	0.1170	74.5500	
0.2390	27.2250	0.1165	74.5500	
0.2386	30.0000	0.1168	74.5750	
0.2386	30.5750	0.1164	74.6250	
0.2385	27.6500	0.1163	74.5250	
0.2383	28.1500	0.1160	74.6750	
0.2383	25.3750	0.1158	74.5750	
0.2382	28.4250	0.1157	74.5000	
0.2380	27.6750	0.1157	74.6500	
0.2379	26.5750	0.1153	74.6250	
0.2378	28.6250	0.1152	74.6250	
0.2378	25.8500	0.1151	74.6250	
0.2376	27.9250	0.1149	74.5750	
0.2376	29.6000	0.1147	74.6250	
0.2375	25.5000	0.1145	74.5000	
0.2375	30.5750	0.1144	74.6000	
0.2372	27.0250	0.1143	74.6000	
0.2371	26.7500	0.1139	74.5750	
0.2369	28.7500	0.1137	74.6750	
0.2370	25.9750	0.1138	74.5750	
0.2368	33.3750	0.1139	74.6500	
0.2366	28.9500	0.1139	74.7000	
0.2365	25.3500	0.1134	74.5750	
0.2363	25.3500	0.1132	74.6000	
0.2368	34.3000	0.1133	74.6000	
0.2362	26.0500	0.1130	74.6000	
0.2361	26.6500	0.1127	74.5750	
0.2361	35.8750	0.1123	74.6750	
0.2358	25.9250	0.1122	74.7000	
0.2358	29.9500	0.1121	74.6000	
0.2356	26.0750	0.1118	74.6500	
0.2354	26.9250	0.1116	74.6000	
0.2357	33.6250	0.1118	74.6500	
0.2353	25.5750	0.1115	74.6000	
0.2351	30.7000	0.1112	74.6500	
0.2349	28.3000	0.1109	74.6750	
0.2348	26.4750	0.1107	74.7250	
0.2346	28.7500	0.1107	74.6250	
0.2346	28.6750	0.1105	74.7000	
0.2344	28.6250	0.1103	74.6500	
0.2343	28.0750	0.1100	74.6750	
0.2341	28.2500	0.1098	74.7000	
0.2341	26.3250	0.1098	74.6500	
0.2339	30.8000	0.1097	74.6500	
0.2337	26.6250	0.1096	74.6750	
0.2336	27.3750	0.1095	74.7000	
0.2334	31.0500	0.1093	74.6750	
0.2335	26.8750	0.1087	74.6750	
0.2332	32.7000	0.1086	74.7000	
0.2331	28.6500	0.1086	74.6500	
0.2330	30.5000	0.1083	74.7000	
0.2329	28.2750	0.1083	74.6750	
0.2326	31.8500	0.1079	74.7750	
0.2325	27.1000	0.1077	74.7500	
0.2322	30.3000	0.1075	74.7000	
0.2321	29.3250	0.1073	74.7500	
0.2320	26.7750	0.1074	74.7250	
0.2319	33.6500	0.1074	74.6750	
0.2317	25.9750	0.1074	74.6750	
0.2315	29.6750	0.1070	74.6750	
0.2313	32.0250	0.1067	74.6250	
0.2311	29.4250	0.1066	74.7000	
0.2310	26.4500	0.1062	74.6750	
0.2307	31.2500	0.1064	74.6500	
0.2309	33.2750	0.1061	74.6750	
0.2306	28.8500	0.1058	74.7000	
0.2304	32.8000	0.1054	74.7500	
0.2304	26.3000	0.1055	74.6750	
0.2301	34.6000	0.1052	74.7500	
0.2302	27.3500	0.1049	74.7750	
0.2298	34.2250	0.1048	74.7250	
0.2299	30.6500	0.1048	74.6500	
0.2299	34.7750	0.1044	74.7000	
0.2298	26.3500	0.1042	74.6750	
0.2298	37.8000	0.1039	74.7250	
0.2292	27.0750	0.1039	74.7500	
0.2287	32.1000	0.1036	74.6500	
0.2287	34.1500	0.1034	74.7500	
0.2285	26.6000	0.1032	74.7500	
0.2282	31.4000	0.1033	74.6750	
0.2282	29.7500	0.1030	74.7500	
0.2280	31.4250	0.1027	74.7000	
0.2280	32.3500	0.1026	74.7000	
0.2282	26.8000	0.1026	74.7250	
0.2278	36.5750	0.1022	74.7500	
0.2281	26.7000	0.1018	74.7250	
0.2278	38.8750	0.1019	74.7250	
0.2272	27.2000	0.1019	74.7500	
0.2268	31.2500	0.1016	74.6750	
0.2268	32.5750	0.1015	74.7250	
0.2266	29.5750	0.1011	74.7500	
0.2265	33.2750	0.1008	74.7500	
0.2263	26.6750	0.1008	74.7500	
0.2265	34.7250	0.1005	74.6750	
0.2259	28.3750	0.1002	74.8500	
0.2260	33.1000	0.1003	74.7500	
0.2261	28.4500	0.1005	74.7500	
0.2263	38.5000	0.1007	74.7250	
0.2257	26.6000	0.0997	74.8500	
0.2251	32.9750	0.0995	74.6750	
0.2249	36.3500	0.0991	74.7500	
0.2249	26.0500	0.0991	74.8000	
0.2246	34.3000	0.0991	74.7750	
0.2251	27.9250	0.0990	74.7500	
0.2249	36.9000	0.1001	74.7750	
0.2244	27.1750	0.0982	74.8000	
0.2243	34.2500	0.0979	74.7500	
0.2239	27.0500	0.0977	74.7750	
0.2237	31.3750	0.0975	74.7500	
0.2236	30.8500	0.0974	74.8500	
0.2237	33.3750	0.0974	74.7750	
0.2233	26.6000	0.0969	74.8250	
0.2229	32.4250	0.0967	74.8500	
0.2228	31.4250	0.0965	74.7750	
0.2226	29.1750	0.0962	74.8750	
0.2226	31.9750	0.0961	74.8250	
0.2225	31.9500	0.0960	74.8000	
0.2223	28.4000	0.0962	74.8250	
0.2220	29.8250	0.0955	74.8250	
0.2221	31.5750	0.0957	74.8500	
0.2219	30.7000	0.0951	74.8750	
0.2215	30.1500	0.0949	74.8750	
0.2217	31.2250	0.0947	74.7750	
0.2209	30.9500	0.0944	74.8500	
0.2211	27.8500	0.0944	74.8250	
0.2213	31.5500	0.0940	74.9000	
0.2208	29.9500	0.0936	74.8250	
0.2206	31.2500	0.0937	74.8500	
0.2204	28.8500	0.0933	74.8500	
0.2205	33.5750	0.0933	74.9000	
0.2203	26.8750	0.0927	74.7500	
0.2200	34.3250	0.0924	74.9000	
0.2196	29.7000	0.0922	74.8500	
0.2197	33.7250	0.0923	74.8500	
0.2194	26.9250	0.0920	74.8500	
0.2192	33.5000	0.0914	74.8250	
0.2191	27.0750	0.0912	74.8750	
0.2188	32.8000	0.0909	74.8750	
0.2188	28.3250	0.0909	74.8500	
0.2185	33.4750	0.0910	74.8750	
0.2183	28.2000	0.0904	74.8250	
0.2183	32.9250	0.0908	74.9750	
0.2180	29.0500	0.0903	74.9000	
0.2179	31.7000	0.0897	74.8250	
0.2177	28.4500	0.0895	74.8500	
0.2175	31.9500	0.0899	74.8750	
0.2172	30.2750	0.0898	74.8750	
0.2175	32.6250	0.0892	74.9250	
0.2171	27.0250	0.0885	74.9000	
0.2173	34.8000	0.0883	74.8750	
0.2172	26.8500	0.0880	74.9000	
0.2165	34.6750	0.0877	74.9000	
0.2166	29.7750	0.0877	74.8750	
0.2161	28.5500	0.0874	74.9750	
0.2161	32.8500	0.0871	74.9000	
0.2163	26.9750	0.0868	74.8750	
0.2159	35.8500	0.0866	74.9750	
0.2157	28.2500	0.0865	74.8750	
0.2153	33.2500	0.0861	74.9000	
0.2152	27.9500	0.0858	74.9250	
0.2153	32.6000	0.0856	74.9750	
0.2147	31.1750	0.0855	74.8500	
0.2146	29.7750	0.0852	75.0500	
0.2146	34.1500	0.0850	74.9250	
0.2146	27.8250	0.0846	74.9500	
0.2148	36.8000	0.0845	75.0500	
0.2151	26.7250	0.0846	75.0500	
0.2141	35.6500	0.0840	74.9750	
0.2139	29.5500	0.0838	74.9500	
0.2134	30.9750	0.0835	74.9750	
0.2133	28.7750	0.0833	74.8750	
0.2136	31.9500	0.0834	75.0250	
0.2129	29.8000	0.0832	74.9250	
0.2128	32.9750	0.0825	75.0500	
0.2126	29.5250	0.0824	75.0500	
0.2124	29.7500	0.0824	74.9500	
0.2124	31.2000	0.0823	74.9750	
0.2121	28.3000	0.0816	75.0500	
0.2122	33.7500	0.0814	75.0250	
0.2123	26.6750	0.0811	75.0500	
0.2127	36.9750	0.0811	75.0750	
0.2119	28.2000	0.0809	75.0500	
0.2112	31.9750	0.0807	75.1250	
0.2111	27.2500	0.0803	74.9750	
0.2109	33.1000	0.0802	75.1000	
0.2108	29.2000	0.0797	75.0250	
0.2105	31.6250	0.0794	75.0750	
0.2106	26.9750	0.0792	74.9250	
0.2105	33.9250	0.0791	75.1000	
0.2105	28.9000	0.0788	75.1250	
0.2102	30.1750	0.0785	74.9750	
0.2098	32.1000	0.0781	75.0250	
0.2097	27.2250	0.0779	75.1000	
0.2097	33.4000	0.0778	75.0250	
0.2096	28.1750	0.0774	75.0250	
0.2094	32.6750	0.0771	74.9750	
0.2091	29.1000	0.0769	75.0000	
0.2087	31.2000	0.0767	75.0000	
0.2086	28.4250	0.0764	75.0250	
0.2084	31.1000	0.0763	75.1000	
0.2082	29.6250	0.0761	74.9750	
0.2080	30.8750	0.0757	75.0000	
0.2080	30.9250	0.0762	75.1500	
0.2078	27.6500	0.0758	75.0500	
0.2077	32.2000	0.0750	74.9750	
0.2073	27.9000	0.0747	75.1500	
0.2074	31.5250	0.0743	74.9750	
0.2071	29.1500	0.0742	74.9500	
0.2071	29.6000	0.0739	75.0250	
0.2067	30.4000	0.0738	75.0500	
0.2065	29.3500	0.0734	75.0250	
0.2064	29.3750	0.0732	75.0250	
0.2061	28.9500	0.0728	75.0250	
0.2059	31.0000	0.0726	75.0500	
0.2058	28.8750	0.0723	75.0000	
0.2058	28.2250	0.0721	74.9750	
0.2056	30.5000	0.0718	75.1250	
0.2052	28.3750	0.0717	75.1500	
0.2052	29.6250	0.0713	74.9750	
0.2052	30.3250	0.0715	74.9750	
0.2049	27.7750	0.0712	75.1250	
0.2047	31.4750	0.0707	75.0750	
0.2046	27.8750	0.0703	75.0250	
0.2043	32.0000	0.0702	75.0250	
0.2046	27.4000	0.0700	75.0500	
0.2040	31.5000	0.0698	75.1250	
0.2040	28.6000	0.0693	75.0000	
0.2035	29.0250	0.0691	75.0500	
0.2036	29.5250	0.0690	75.0750	
0.2035	27.8250	0.0690	75.0250	
0.2032	30.3250	0.0685	75.0750	
0.2031	28.9000	0.0686	75.0500	
0.2028	27.9500	0.0679	75.0750	
0.2024	28.8750	0.0676	75.0500	
0.2022	29.1250	0.0673	75.0750	
0.2023	28.7000	0.0670	75.0500	
0.2022	31.0250	0.0667	75.0500	
0.2020	26.8000	0.0664	75.0500	
0.2022	30.8000	0.0664	75.0500	
0.2014	28.0750	0.0658	75.1000	
0.2014	29.0750	0.0657	75.0750	
0.2011	29.1500	0.0657	75.2250	
0.2010	28.2750	0.0651	75.1000	
0.2010	28.6000	0.0648	75.0750	
0.2006	29.2250	0.0647	75.1750	
0.2004	28.4500	0.0642	75.1000	
0.2005	27.0750	0.0638	75.1000	
0.2004	28.4500	0.0637	75.2250	
0.1998	28.9500	0.0637	75.0000	
0.1997	26.9500	0.0637	75.1750	
0.1995	30.1750	0.0633	75.2750	
0.1994	26.9500	0.0625	75.0750	
0.1997	30.0750	0.0626	75.0750	
0.1988	28.1000	0.0622	75.3250	
0.1992	26.8250	0.0614	75.1250	
0.1996	31.3500	0.0612	75.1500	
0.1992	28.0000	0.0610	75.2500	
0.1986	27.6250	0.0606	75.3250	
0.1980	28.2500	0.0603	75.1250	
0.1979	26.7500	0.0601	75.0750	
0.1977	28.4000	0.0601	75.2500	
0.1975	27.1000	0.0596	75.3000	
0.1974	26.9500	0.0595	75.0750	
0.1975	28.3250	0.0591	75.1250	
0.1968	27.2250	0.0591	75.2250	
0.1966	27.3250	0.0590	75.3000	
0.1969	27.2000	0.0583	75.3250	
0.1970	27.4500	0.0581	75.1000	
0.1959	27.6500	0.0579	75.2250	
0.1961	27.4750	0.0574	75.2750	
0.1960	27.2500	0.0572	75.2250	
0.1955	26.4750	0.0567	75.1750	
0.1953	26.5750	0.0565	75.2750	
0.1952	26.4250	0.0564	75.3000	
0.1953	27.4000	0.0560	75.1500	
0.1952	26.3500	0.0561	75.2500	
0.1948	26.5500	0.0560	75.3000	
0.1944	26.1000	0.0557	75.1750	
0.1943	27.5750	0.0550	75.2750	
0.1947	26.5000	0.0547	75.2250	
0.1944	28.1500	0.0545	75.3000	
0.1938	26.2000	0.0541	75.3000	
0.1936	28.1000	0.0538	75.2250	
0.1944	26.1000	0.0537	75.3000	
0.1938	28.8250	0.0536	75.2250	
0.1940	27.3250	0.0531	75.3000	
0.1931	26.5000	0.0529	75.3000	
0.1929	26.7750	0.0526	75.2500	
0.1926	25.8250	0.0522	75.2750	
0.1928	27.4000	0.0520	75.2750	
0.1924	25.7500	0.0520	75.2250	
0.1921	26.9250	0.0516	75.3000	
0.1919	25.8000	0.0513	75.3250	
0.1922	26.0750	0.0511	75.1750	
0.1918	28.1250	0.0511	75.3250	
0.1917	25.6000	0.0506	75.2500	
0.1916	25.8000	0.0501	75.2500	
0.1920	29.0250	0.0499	75.2750	
0.1915	26.1500	0.0496	75.3250	
0.1913	26.3250	0.0494	75.3500	
0.1908	26.6750	0.0493	75.3000	
0.1907	25.6750	0.0493	75.3000	
0.1907	26.8500	0.0487	75.3250	
0.1904	26.9250	0.0485	75.2500	
0.1899	25.7500	0.0482	75.3000	
0.1898	25.5000	0.0481	75.1750	
0.1897	26.1750	0.0476	75.3000	
0.1896	26.4750	0.0474	75.3250	
0.1896	25.9250	0.0471	75.2750	
0.1894	27.2750	0.0468	75.3000	
0.1902	27.6750	0.0468	75.3500	
0.1898	25.3250	0.0468	75.3000	
0.1892	26.6000	0.0463	75.2250	
0.1887	26.2500	0.0459	75.3250	
0.1884	25.6500	0.0457	75.3250	
0.1886	27.4500	0.0456	75.3250	
0.1888	25.8250	0.0453	75.3250	
0.1884	25.5750	0.0451	75.3500	
0.1879	26.4000	0.0451	75.2500	
0.1875	25.8250	0.0446	75.3750	
0.1878	26.8250	0.0443	75.4000	
0.1875	25.6000	0.0441	75.3000	
0.1871	25.6500	0.0442	75.3500	
0.1869	26.2500	0.0439	75.3750	
0.1869	25.7500	0.0437	75.3750	
0.1867	25.7250	0.0435	75.3000	
0.1864	25.8750	0.0430	75.3250	
0.1867	25.8000	0.0428	75.3000	
0.1866	25.8250	0.0424	75.3500	
0.1864	26.9000	0.0424	75.3500	
0.1864	25.9000	0.0419	75.3750	
0.1855	26.1000	0.0417	75.3500	
0.1856	25.5750	0.0421	75.3250	
0.1857	26.4500	0.0414	75.4250	
0.1858	26.1000	0.0414	75.3750	
0.1850	25.6750	0.0410	75.4500	
0.1850	25.6750	0.0408	75.3250	
0.1852	25.6250	0.0405	75.3750	
0.1852	27.6750	0.0402	75.4500	
0.1854	26.1000	0.0399	75.4000	
0.1843	25.5000	0.0397	75.4000	
0.1840	25.5750	0.0394	75.3500	
0.1840	26.1250	0.0392	75.4000	
0.1845	25.4750	0.0392	75.4000	
0.1838	26.1500	0.0394	75.3500	
0.1837	25.5500	0.0391	75.4000	
0.1835	25.8250	0.0385	75.3500	
0.1837	25.8250	0.0382	75.4250	
0.1835	25.5000	0.0381	75.5000	
0.1829	25.5500	0.0378	75.5000	
0.1827	25.2000	0.0376	75.4250	
0.1834	26.7000	0.0378	75.5250	
0.1831	26.0000	0.0373	75.4500	
0.1827	25.7000	0.0370	75.5000	
0.1823	25.5750	0.0367	75.4750	
0.1820	25.5000	0.0365	75.4750	
0.1821	25.4000	0.0363	75.5000	
0.1818	25.8000	0.0361	75.4500	
0.1816	25.4000	0.0359	75.4750	
0.1818	25.4500	0.0360	75.5250	
0.1823	26.6500	0.0358	75.5000	
0.1822	25.5250	0.0356	75.5250	
0.1816	25.3000	0.0355	75.4750	
0.1813	25.9250	0.0350	75.5000	
0.1808	25.4500	0.0348	75.4500	
0.1815	26.3000	0.0347	75.5500	
0.1810	25.8500	0.0345	75.4750	
0.1807	25.3250	0.0341	75.4750	
0.1803	25.5000	0.0339	75.5000	
0.1804	25.3750	0.0339	75.6250	
0.1804	26.2750	0.0338	75.6000	
0.1802	25.5000	0.0335	75.5500	
0.1799	25.4750	0.0332	75.6250	
0.1798	25.7250	0.0330	75.5750	
0.1799	25.0500	0.0330	75.4750	
0.1797	26.3000	0.0327	75.6000	
0.1793	25.3750	0.0327	75.6250	
0.1789	25.4500	0.0325	75.5750	
0.1788	25.4500	0.0322	75.5750	
0.1787	25.6250	0.0322	75.5250	
0.1786	25.4000	0.0317	75.5500	
0.1787	25.5500	0.0316	75.6250	
0.1784	25.5250	0.0314	75.6000	
0.1782	25.5000	0.0312	75.6750	
0.1782	25.5500	0.0313	75.6000	
0.1781	25.3250	0.0308	75.6250	
0.1786	26.0250	0.0310	75.6750	
0.1778	25.4500	0.0309	75.6000	
0.1776	25.4250	0.0304	75.7000	
0.1774	25.3750	0.0304	75.6500	
0.1772	25.3500	0.0300	75.6750	
0.1773	25.4000	0.0297	75.6250	
0.1770	25.3500	0.0296	75.6500	
0.1770	25.4000	0.0295	75.7000	
0.1768	25.4500	0.0292	75.6500	
0.1767	25.3000	0.0291	75.7000	
0.1770	25.7500	0.0289	75.6750	
0.1764	25.5750	0.0288	75.7000	
0.1761	25.4250	0.0287	75.6750	
0.1760	25.4500	0.0285	75.6750	
0.1759	25.4500	0.0283	75.7000	
0.1758	25.5250	0.0281	75.7000	
0.1758	25.4750	0.0280	75.7250	
0.1756	25.3000	0.0279	75.7500	
0.1755	25.8250	0.0276	75.7250	
0.1761	25.4250	0.0276	75.7750	
0.1757	25.6500	0.0278	75.7500	
0.1755	25.4250	0.0272	75.7250	
0.1754	25.2750	0.0270	75.7500	
0.1748	25.4000	0.0268	75.7750	
0.1749	25.4000	0.0266	75.8250	
0.1745	25.5250	0.0269	75.8000	
0.1743	25.7000	0.0263	75.7750	
0.1752	25.6000	0.0261	75.7750	
0.1742	25.4000	0.0260	75.7500	
0.1741	25.5500	0.0260	75.7500	
0.1738	25.4500	0.0260	75.8000	
0.1738	25.5000	0.0256	75.8000	
0.1740	25.5500	0.0255	75.8000	
0.1740	25.4500	0.0253	75.7500	
0.1734	25.7500	0.0256	75.7500	
0.1733	25.7000	0.0251	75.7750	
0.1732	25.6500	0.0249	75.8500	
0.1732	25.6500	0.0246	75.8750	
0.1730	25.4750	0.0245	75.8000	
0.1732	25.7750	0.0244	75.8250	
0.1728	25.9500	0.0242	75.8500	
0.1725	25.5750	0.0241	75.8500	
0.1726	25.8750	0.0240	75.7750	
0.1723	26.4000	0.0239	75.8750	
0.1722	25.5500	0.0237	75.9000	
0.1720	25.7750	0.0236	75.8750	
0.1717	25.5750	0.0235	75.8500	
0.1720	26.2250	0.0233	75.8500	
0.1718	26.0500	0.0232	75.8750	
0.1714	25.7750	0.0231	75.8750	
0.1717	26.6750	0.0229	75.8500	
0.1725	25.9500	0.0233	75.8500	
0.1715	25.8750	0.0228	75.8250	
0.1709	26.2750	0.0225	75.9000	
0.1710	26.0500	0.0225	75.9000	
0.1707	26.1500	0.0222	75.8750	
0.1706	26.4000	0.0221	75.8750	
0.1706	25.9500	0.0220	75.8750	
0.1703	26.7000	0.0221	75.9000	
0.1708	26.6500	0.0219	75.9500	
0.1706	26.8250	0.0216	75.8500	
0.1699	26.7750	0.0215	75.9000	
0.1699	26.1750	0.0213	75.9250	
0.1697	26.3500	0.0212	75.9250	
0.1697	25.9750	0.0211	75.9000	
0.1699	25.9750	0.0209	75.9500	
0.1695	26.8250	0.0209	75.8250	
0.1693	26.3000	0.0207	75.9250	
0.1695	26.9500	0.0206	75.9000	
0.1695	27.6000	0.0205	75.9000	
0.1693	26.0500	0.0207	75.9250	
0.1688	26.5500	0.0204	75.9750	
0.1686	26.3000	0.0203	75.9250	
0.1686	26.4000	0.0201	76.0000	
0.1685	26.5250	0.0199	75.9500	
0.1684	26.6250	0.0198	75.9500	
0.1686	26.9750	0.0197	75.9500	
0.1685	26.5250	0.0196	75.9750	
0.1680	26.6500	0.0197	75.9500	
0.1678	26.7750	0.0195	76.0000	
0.1679	27.5250	0.0192	75.9750	
0.1677	26.5750	0.0191	75.9500	
0.1676	26.7000	0.0190	75.9750	
0.1674	26.7250	0.0190	75.9250	
0.1673	26.7500	0.0188	76.0000	
0.1671	26.5750	0.0187	75.9750	
0.1671	26.8250	0.0185	75.9750	
0.1672	27.6250	0.0186	76.0000	
0.1673	27.3750	0.0187	75.9750	
0.1669	26.8500	0.0184	76.0000	
0.1671	26.9250	0.0183	75.9750	
0.1667	26.9500	0.0183	75.9500	
0.1665	26.4500	0.0182	76.0000	
0.1666	27.0250	0.0178	75.9750	
0.1664	26.6500	0.0178	75.9750	
0.1661	26.8000	0.0176	76.0000	
0.1659	26.1250	0.0175	76.0000	
0.1673	26.9750	0.0175	76.0250	
0.1668	27.9250	0.0174	75.9750	
0.1665	26.8750	0.0172	76.0250	
0.1656	27.4500	0.0172	76.1000	
0.1659	27.7000	0.0171	76.0250	
0.1655	26.4500	0.0170	76.0750	
0.1656	27.4000	0.0169	76.0500	
0.1659	27.0500	0.0168	76.0250	
0.1654	26.8250	0.0167	76.0750	
0.1650	27.5500	0.0166	76.1000	
0.1651	27.2500	0.0165	76.1000	
0.1646	27.5750	0.0164	76.1000	
0.1649	27.1000	0.0163	76.0500	
0.1651	27.1250	0.0163	76.1250	
0.1649	28.2500	0.0162	76.1000	
0.1650	27.8250	0.0161	76.0500	
0.1646	26.7500	0.0160	76.1000	
0.1652	27.9750	0.0160	76.1000	
0.1644	27.2000	0.0160	76.1000	
0.1642	26.8000	0.0158	76.0750	
0.1643	27.5000	0.0157	76.1000	
0.1646	28.3750	0.0155	76.1250	
0.1642	26.9750	0.0155	76.1000	
0.1640	27.3750	0.0154	76.1250	
0.1642	27.8750	0.0154	76.1000	
0.1634	26.9500	0.0152	76.1250	
0.1633	28.3500	0.0151	76.1250	
0.1633	27.8500	0.0151	76.0750	
0.1630	28.7750	0.0151	76.1000	
0.1632	28.2750	0.0150	76.1750	
0.1629	29.3500	0.0151	76.1250	
0.1629	27.8750	0.0151	76.1000	
0.1629	28.2250	0.0150	76.1250	
0.1629	28.9250	0.0146	76.1000	
0.1627	27.8250	0.0145	76.1250	
0.1626	28.9250	0.0144	76.1250	
0.1623	28.1750	0.0143	76.1250	
0.1627	29.2000	0.0143	76.1250	
0.1625	29.2000	0.0142	76.1250	
0.1624	27.9750	0.0141	76.1750	
0.1620	28.0000	0.0141	76.1250	
0.1619	27.4000	0.0140	76.1250	
0.1618	27.4250	0.0139	76.1000	
0.1620	28.3250	0.0138	76.2000	
0.1617	28.6250	0.0137	76.1500	
0.1615	28.1000	0.0137	76.1000	
0.1614	27.4250	0.0136	76.2000	
0.1614	27.5750	0.0135	76.1500	
0.1612	27.6000	0.0135	76.1250	
0.1612	27.7000	0.0134	76.1500	
0.1613	27.1000	0.0133	76.1500	
0.1613	27.8000	0.0133	76.0750	
0.1613	27.6500	0.0132	76.1250	
0.1609	27.2500	0.0131	76.2250	
0.1610	27.9750	0.0131	76.1250	
0.1607	27.5500	0.0130	76.1250	
0.1606	27.5250	0.0130	76.1250	
0.1606	27.3750	0.0129	76.1250	
0.1605	27.1500	0.0129	76.1750	
0.1603	27.2250	0.0127	76.1500	
0.1604	27.3250	0.0127	76.2000	
0.1602	27.4250	0.0126	76.2000	
0.1605	27.3500	0.0126	76.1500	
0.1608	28.8500	0.0126	76.1750	
0.1604	30.2250	0.0126	76.2000	
0.1597	30.4750	0.0124	76.1500	
0.1597	31.1500	0.0124	76.1750	
0.1600	31.9750	0.0122	76.2250	
0.1596	32.4750	0.0122	76.2250	
0.1594	32.8750	0.0123	76.2000	
0.1593	32.8250	0.0121	76.1750	
0.1593	34.3500	0.0120	76.2250	
0.1592	35.0750	0.0119	76.1750	
0.1591	35.8250	0.0119	76.3250	
0.1593	38.7250	0.0120	76.2250	
0.1589	39.9750	0.0120	76.2000	
0.1588	40.0000	0.0118	76.3500	
0.1587	40.9250	0.0118	76.2750	
0.1586	41.8250	0.0116	76.2000	
0.1585	41.9250	0.0116	76.2750	
0.1584	42.5250	0.0116	76.2500	
0.1588	42.4000	0.0114	76.2500	
0.1583	42.4000	0.0114	76.2250	
0.1579	42.5500	0.0113	76.2250	
0.1580	42.8500	0.0113	76.2750	
0.1580	42.7750	0.0113	76.2000	
0.1578	42.2250	0.0112	76.2500	
0.1577	42.0250	0.0112	76.2750	
0.1576	41.4000	0.0111	76.2750	
0.1573	38.4250	0.0111	76.3000	
0.1572	35.2750	0.0111	76.2500	
0.1571	33.4000	0.0110	76.2250	
0.1570	33.2500	0.0109	76.2500	
0.1570	32.0250	0.0108	76.2500	
0.1571	30.7250	0.0108	76.2750	
0.1569	30.4250	0.0108	76.3000	
0.1566	30.3250	0.0108	76.3000	
0.1565	30.2250	0.0107	76.2750	
0.1564	29.7750	0.0107	76.2750	
0.1564	29.6000	0.0106	76.3000	
0.1564	29.5500	0.0105	76.3500	
0.1562	29.6250	0.0104	76.3000	
0.1562	29.6500	0.0105	76.3000	
0.1561	29.7750	0.0105	76.3500	
0.1563	29.8500	0.0103	76.3500	
0.1562	29.9500	0.0103	76.2750	
0.1560	30.2000	0.0103	76.3250	
0.1561	30.0750	0.0102	76.3500	
0.1559	30.2750	0.0101	76.3000	
0.1558	30.1250	0.0101	76.3750	
0.1555	30.2500	0.0102	76.3000	
0.1556	30.3250	0.0100	76.3500	
0.1560	30.6750	0.0100	76.3250	
0.1554	30.7750	0.0099	76.3500	
0.1554	30.7250	0.0099	76.3250	
0.1553	30.3250	0.0098	76.3250	
0.1551	30.2750	0.0098	76.4000	
0.1551	30.6000	0.0098	76.3750	
0.1550	30.4500	0.0098	76.3750	
0.1550	30.6000	0.0097	76.4000	
0.1548	30.6000	0.0097	76.4000	
0.1549	30.4250	0.0096	76.3750	
0.1549	30.7250	0.0096	76.4000	
0.1547	30.7750	0.0095	76.3750	
0.1546	30.9500	0.0095	76.3500	
0.1547	31.0750	0.0094	76.5000	
0.1545	30.8750	0.0094	76.3500	
0.1543	30.6750	0.0094	76.3750	
0.1544	30.7500	0.0093	76.3000	
0.1545	30.8250	0.0093	76.5000	
0.1544	30.9500	0.0092	76.4250	
0.1544	30.8250	0.0092	76.4250	
0.1542	31.0250	0.0092	76.4500	
0.1539	30.8250	0.0091	76.3750	
0.1539	30.9000	0.0092	76.4500	
0.1541	31.2250	0.0091	76.4750	
0.1539	31.5250	0.0090	76.4000	
0.1539	31.3500	0.0090	76.4000	
0.1539	31.4250	0.0089	76.5000	
0.1539	31.3250	0.0089	76.5000	
0.1542	32.0250	0.0089	76.4500	
0.1539	31.4000	0.0089	76.4500	
0.1536	31.2250	0.0089	76.4500	
0.1536	31.4250	0.0088	76.4500	
0.1536	31.4750	0.0087	76.5000	
0.1533	31.3250	0.0087	76.5000	
0.1534	31.8250	0.0086	76.5000	
0.1534	32.5000	0.0087	76.4250	
0.1532	31.8000	0.0086	76.4750	
0.1531	31.9500	0.0086	76.5000	
0.1529	31.8500	0.0085	76.6000	
0.1531	32.2500	0.0084	76.5500	
0.1528	32.1000	0.0084	76.5000	
0.1528	31.7000	0.0083	76.5500	
0.1530	31.8250	0.0083	76.5500	
0.1530	32.0250	0.0084	76.5250	
0.1527	32.2500	0.0083	76.5750	
0.1525	32.4500	0.0083	76.5000	
0.1525	31.9750	0.0082	76.5250	
0.1526	31.8000	0.0081	76.5750	
0.1531	31.6500	0.0081	76.6500	
0.1522	32.4750	0.0081	76.5750	
0.1527	32.6000	0.0080	76.5000	
0.1528	31.8500	0.0080	76.5000	
0.1527	32.2000	0.0080	76.6000	
