Loss_Adversary	Accuracy_Adversary	Loss_Target	Accuracy_Target	
0.6197	0.4214	0.6302	50.0000	50.0000	
0.6123	0.4130	0.6226	50.0000	50.0000	
0.6040	0.4052	0.6142	50.0000	50.0000	
0.5952	0.3980	0.6053	50.0000	50.0000	
0.5865	0.3912	0.5964	50.0000	50.0000	
0.5776	0.3848	0.5873	50.0000	50.0000	
0.5682	0.3787	0.5778	50.0000	50.0000	
0.5583	0.3730	0.5677	50.0000	50.0000	
0.5477	0.3674	0.5569	50.0000	50.0000	
0.5364	0.3621	0.5455	50.0000	50.0000	
0.5246	0.3567	0.5335	50.0000	50.0000	
0.5120	0.3516	0.5207	50.0000	50.0000	
0.4990	0.3465	0.5075	50.0000	50.0000	
0.4854	0.3416	0.4937	50.0000	50.0000	
0.4715	0.3367	0.4796	50.0000	50.0000	
0.4574	0.3317	0.4654	50.0000	50.0000	
0.4433	0.3269	0.4510	50.0000	50.0000	
0.4291	0.3221	0.4367	50.0000	50.0000	
0.4151	0.3174	0.4225	50.0000	50.0000	
0.4012	0.3126	0.4084	50.0000	50.0000	
0.3876	0.3079	0.3946	50.0000	50.0000	
0.3740	0.3033	0.3808	50.0000	50.0000	
0.3606	0.2988	0.3673	50.0000	50.0000	
0.3475	0.2943	0.3540	50.0000	50.0000	
0.3349	0.2899	0.3412	50.0000	50.0000	
0.3227	0.2854	0.3288	50.0000	50.0000	
0.3108	0.2810	0.3167	50.0000	50.0000	
0.2994	0.2765	0.3052	50.0000	50.0000	
0.2884	0.2720	0.2941	50.0000	50.0000	
0.2780	0.2674	0.2835	50.0000	50.0000	
0.2681	0.2627	0.2734	50.0000	50.0000	
0.2587	0.2581	0.2639	50.0000	50.0000	
0.2498	0.2531	0.2549	50.0000	50.0000	
0.2414	0.2483	0.2463	50.0000	50.0000	
0.2334	0.2433	0.2382	50.0000	50.0000	
0.2260	0.2383	0.2307	50.0000	50.0000	
0.2190	0.2332	0.2236	50.0000	50.0000	
0.2124	0.2282	0.2168	50.0000	50.0000	
0.2062	0.2231	0.2105	50.0000	50.0000	
0.2005	0.2182	0.2047	50.0000	50.0000	
0.1952	0.2132	0.1993	50.0000	50.0000	
0.1902	0.2084	0.1942	50.0000	50.0000	
0.1849	0.2037	0.1888	50.0000	50.0000	
0.1786	0.1993	0.1824	50.0000	50.0000	
0.1723	0.1950	0.1760	50.0000	50.0000	
0.1664	0.1911	0.1700	50.0000	50.0000	
0.1617	0.1873	0.1652	50.0000	50.0000	
0.1579	0.1838	0.1613	50.0000	58.6000	
0.1551	0.1805	0.1585	50.0000	76.1750	
0.1531	0.1774	0.1564	50.0000	80.3750	
0.1515	0.1748	0.1548	50.0000	82.0500	
0.1501	0.1724	0.1534	50.0000	83.4750	
0.1485	0.1703	0.1518	50.0000	84.8500	
0.1465	0.1682	0.1496	50.0000	86.5750	
0.1432	0.1663	0.1463	45.6500	90.2500	
0.1379	0.1645	0.1410	33.3500	95.2500	
0.1310	0.1623	0.1339	27.5000	98.0250	
0.1243	0.1596	0.1271	26.4500	96.8500	
0.1182	0.1575	0.1210	27.0750	91.7750	
0.1119	0.1564	0.1146	27.9000	89.4250	
0.1047	0.1547	0.1074	27.9750	89.5500	
0.0967	0.1540	0.0992	28.5750	89.1000	
0.0879	0.1531	0.0903	28.9000	88.9250	
0.0782	0.1524	0.0805	28.8000	88.5000	
0.0684	0.1519	0.0706	29.2500	87.0250	
0.0595	0.1516	0.0616	29.8000	85.8000	
0.0526	0.1519	0.0546	30.2500	85.2250	
0.0476	0.1516	0.0496	30.3750	84.7250	
0.0438	0.1510	0.0457	29.9500	85.0750	
0.0409	0.1505	0.0428	29.3750	84.8000	
0.0386	0.1498	0.0405	28.9250	84.2000	
0.0366	0.1489	0.0384	28.2250	83.5500	
0.0348	0.1481	0.0367	27.8750	83.2250	
0.0333	0.1473	0.0351	27.6750	82.8000	
0.0318	0.1467	0.0336	27.5250	82.4000	
0.0305	0.1461	0.0323	27.3500	81.7250	
0.0293	0.1455	0.0311	27.0000	81.3250	
0.0282	0.1450	0.0299	26.5750	80.7750	
0.0272	0.1445	0.0289	26.5750	80.3500	
0.0262	0.1441	0.0279	26.4000	79.7500	
0.0252	0.1437	0.0269	26.5750	79.3000	
0.0241	0.1432	0.0258	26.4250	78.6500	
0.0229	0.1429	0.0246	26.3000	77.8250	
0.0218	0.1424	0.0235	26.3000	76.8000	
0.0209	0.1420	0.0226	25.8500	75.4750	
0.0201	0.1417	0.0218	25.7750	74.9500	
0.0195	0.1414	0.0211	25.8250	74.8000	
0.0189	0.1411	0.0205	25.8750	74.9000	
0.0184	0.1410	0.0200	25.9750	75.0000	
0.0180	0.1408	0.0196	25.9750	74.8750	
0.0175	0.1408	0.0191	26.0750	74.9000	
0.0171	0.1406	0.0187	26.3000	74.8750	
0.0167	0.1405	0.0183	26.1750	74.8250	
0.0163	0.1404	0.0179	25.9500	74.8500	
0.0160	0.1402	0.0175	25.9250	74.9750	
0.0156	0.1401	0.0172	25.9250	74.8000	
0.0153	0.1401	0.0168	26.2250	74.6750	
0.0150	0.1399	0.0165	26.0250	74.8500	
0.0146	0.1398	0.0162	26.1750	74.6250	
0.0143	0.1398	0.0159	26.0250	74.7000	
0.0140	0.1397	0.0156	26.1750	74.6750	
0.0137	0.1396	0.0153	26.4000	74.6000	
0.0134	0.1397	0.0150	26.4000	74.7000	
0.0131	0.1396	0.0147	26.6250	74.5500	
0.0128	0.1396	0.0144	26.6250	74.6250	
0.0125	0.1396	0.0141	27.0500	74.5500	
0.0123	0.1395	0.0138	27.0250	74.6250	
0.0120	0.1394	0.0135	27.1000	74.5250	
0.0117	0.1393	0.0133	27.2250	74.6500	
0.0115	0.1392	0.0130	27.2750	74.7000	
0.0113	0.1392	0.0128	27.5000	74.6000	
0.0110	0.1392	0.0126	27.7250	74.8000	
0.0108	0.1391	0.0123	27.8750	74.7750	
0.0106	0.1390	0.0121	27.9750	74.7500	
0.0104	0.1389	0.0119	28.2000	74.7500	
0.0102	0.1389	0.0117	28.5750	74.7000	
0.0100	0.1388	0.0115	28.8750	74.7750	
0.0098	0.1388	0.0113	29.0750	74.8750	
0.0096	0.1388	0.0111	29.3750	74.7500	
0.0094	0.1387	0.0109	29.8250	74.7250	
0.0092	0.1387	0.0107	30.8250	74.7750	
0.0091	0.1386	0.0106	31.2000	74.7750	
0.0089	0.1386	0.0104	31.9500	74.8250	
0.0087	0.1384	0.0102	32.5500	74.8500	
0.0086	0.1384	0.0101	33.3750	74.7500	
0.0084	0.1383	0.0099	34.2250	74.8750	
0.0083	0.1382	0.0098	35.1000	74.9500	
0.0081	0.1381	0.0096	35.8250	74.8000	
0.0080	0.1380	0.0095	36.3500	74.8250	
0.0078	0.1379	0.0093	37.1000	74.8000	
0.0077	0.1379	0.0092	37.4500	74.8750	
0.0076	0.1378	0.0090	38.1250	74.8750	
0.0074	0.1377	0.0089	38.2000	74.9000	
0.0073	0.1377	0.0088	38.3500	75.0000	
0.0072	0.1376	0.0086	38.5000	74.8500	
0.0070	0.1375	0.0085	38.7250	74.9000	
0.0069	0.1375	0.0084	39.1750	74.9500	
0.0068	0.1375	0.0083	40.1500	74.9000	
0.0067	0.1374	0.0081	40.4250	75.0250	
0.0066	0.1373	0.0080	40.3750	75.0500	
0.0065	0.1373	0.0079	42.0000	75.0250	
0.0064	0.1372	0.0078	42.0250	74.8750	
0.0062	0.1372	0.0077	42.9750	75.0500	
0.0061	0.1370	0.0076	43.3500	75.1000	
0.0060	0.1371	0.0075	44.1250	75.0250	
0.0059	0.1370	0.0074	45.3000	75.0250	
0.0059	0.1369	0.0073	47.0500	74.9500	
0.0058	0.1369	0.0072	46.4500	75.0250	
0.0057	0.1369	0.0071	47.7750	75.0750	
0.0056	0.1369	0.0070	47.5000	74.9750	
0.0055	0.1368	0.0069	49.1500	75.0500	
0.0054	0.1368	0.0068	49.7500	74.9750	
0.0053	0.1367	0.0067	49.3500	75.0000	
0.0052	0.1367	0.0066	50.0250	75.0750	
0.0051	0.1367	0.0066	50.9750	75.0250	
0.0050	0.1367	0.0065	51.0000	74.9250	
0.0050	0.1366	0.0064	50.9000	75.0500	
0.0049	0.1366	0.0063	51.6750	75.1250	
0.0048	0.1365	0.0063	51.5750	74.9000	
0.0047	0.1365	0.0062	51.7250	75.0500	
0.0046	0.1366	0.0061	52.4250	74.8500	
0.0046	0.1365	0.0060	52.7750	75.0000	
0.0045	0.1365	0.0059	52.8750	75.0000	
0.0044	0.1365	0.0059	53.3000	74.9500	
0.0044	0.1364	0.0058	53.0750	74.9750	
0.0043	0.1364	0.0057	53.2250	74.9750	
0.0042	0.1365	0.0056	53.9500	75.0250	
0.0041	0.1364	0.0056	53.6000	75.1000	
0.0041	0.1365	0.0055	53.8000	75.0750	
0.0040	0.1364	0.0054	54.0000	75.0500	
0.0039	0.1364	0.0054	54.5000	75.0750	
0.0039	0.1364	0.0053	54.6750	75.0000	
0.0038	0.1364	0.0052	54.6750	74.8750	
0.0037	0.1363	0.0051	54.9000	74.9250	
0.0036	0.1365	0.0051	55.7000	74.9500	
0.0034	0.1363	0.0049	54.8250	74.8250	
0.0030	0.1363	0.0044	53.8250	74.9000	
0.0024	0.1363	0.0038	52.8500	74.9500	
0.0016	0.1364	0.0030	51.2000	74.6750	
0.0011	0.1364	0.0025	49.0250	74.6000	
0.0006	0.1364	0.0020	46.5250	74.3500	
0.0004	0.1366	0.0017	44.9750	74.3250	
0.0002	0.1365	0.0015	47.0000	74.3500	
0.0000	0.1365	0.0014	49.1500	74.4000	
-0.0001	0.1365	0.0013	49.9750	74.4750	
-0.0002	0.1366	0.0012	50.4750	74.3500	
-0.0003	0.1366	0.0011	51.8250	74.5500	
-0.0004	0.1368	0.0010	53.2500	74.2750	
-0.0004	0.1368	0.0009	53.3500	74.3500	
-0.0005	0.1367	0.0009	54.4500	74.3250	
-0.0005	0.1367	0.0009	55.2750	74.5000	
-0.0006	0.1368	0.0008	56.1500	74.4500	
-0.0006	0.1368	0.0008	55.9500	74.3750	
-0.0006	0.1368	0.0007	55.4750	74.3500	
-0.0007	0.1368	0.0007	56.7750	74.5750	
-0.0007	0.1368	0.0007	57.1750	74.4500	
-0.0007	0.1370	0.0007	56.7500	74.6000	
-0.0007	0.1369	0.0006	56.9250	74.5000	
-0.0007	0.1369	0.0006	57.7750	74.5750	
-0.0008	0.1369	0.0006	57.0500	74.4250	
-0.0008	0.1370	0.0006	56.8750	74.6000	
-0.0008	0.1369	0.0006	57.3250	74.5500	
-0.0008	0.1370	0.0006	57.4750	74.5500	
-0.0008	0.1369	0.0005	57.3500	74.5250	
-0.0008	0.1370	0.0005	56.7000	74.6000	
-0.0009	0.1370	0.0005	57.4250	74.6500	
-0.0009	0.1370	0.0005	56.9000	74.7000	
-0.0009	0.1370	0.0005	57.0250	74.6750	
-0.0009	0.1370	0.0005	57.5000	74.6500	
-0.0009	0.1370	0.0005	57.0500	74.6000	
-0.0009	0.1370	0.0005	56.3250	74.6250	
-0.0009	0.1369	0.0005	56.9000	74.6750	
-0.0009	0.1371	0.0005	57.9250	74.6500	
-0.0009	0.1370	0.0004	56.7500	74.6250	
-0.0009	0.1370	0.0004	56.6000	74.7500	
-0.0009	0.1371	0.0004	57.3750	74.7000	
-0.0009	0.1371	0.0004	56.3250	74.5750	
-0.0010	0.1370	0.0004	56.9500	74.7000	
-0.0010	0.1370	0.0004	56.8250	74.7250	
-0.0010	0.1370	0.0004	56.9500	74.6750	
-0.0010	0.1370	0.0004	56.9250	74.7750	
-0.0010	0.1370	0.0004	56.6250	74.7250	
-0.0010	0.1370	0.0004	56.4250	74.7250	
-0.0010	0.1370	0.0004	56.6500	74.7250	
-0.0010	0.1370	0.0004	56.7500	74.7000	
-0.0010	0.1370	0.0004	57.2500	74.7000	
-0.0010	0.1370	0.0004	56.3250	74.8250	
-0.0010	0.1371	0.0004	56.3750	74.8000	
-0.0010	0.1371	0.0004	56.6500	74.8000	
-0.0010	0.1371	0.0004	57.0000	74.7000	
-0.0010	0.1370	0.0004	56.5000	74.6500	
-0.0010	0.1370	0.0004	56.5250	74.8000	
-0.0010	0.1370	0.0004	56.2000	74.8500	
-0.0010	0.1370	0.0004	56.5750	74.7500	
-0.0010	0.1370	0.0003	57.0750	74.7000	
-0.0010	0.1370	0.0003	56.2500	74.7750	
-0.0010	0.1371	0.0004	56.7500	74.8250	
-0.0010	0.1370	0.0003	56.7000	74.6750	
-0.0010	0.1370	0.0003	56.6250	74.7750	
-0.0010	0.1370	0.0004	56.3250	74.7750	
-0.0010	0.1369	0.0004	56.2250	74.8000	
-0.0010	0.1370	0.0003	56.4750	74.8000	
-0.0010	0.1370	0.0003	56.2500	74.7750	
-0.0010	0.1370	0.0003	56.9500	74.8750	
-0.0011	0.1370	0.0003	57.1750	74.7000	
-0.0011	0.1370	0.0003	56.1500	74.8500	
-0.0011	0.1370	0.0003	56.5500	74.9500	
-0.0011	0.1370	0.0003	56.6000	74.8250	
-0.0011	0.1369	0.0003	56.7000	74.7750	
-0.0011	0.1370	0.0003	56.6000	74.8000	
-0.0011	0.1369	0.0003	56.4500	74.8500	
-0.0011	0.1371	0.0003	56.0750	74.8250	
-0.0011	0.1371	0.0003	57.2750	74.8000	
-0.0011	0.1369	0.0003	57.2250	74.7250	
-0.0011	0.1370	0.0003	56.0500	74.8750	
-0.0011	0.1370	0.0003	56.3500	74.8000	
-0.0011	0.1371	0.0003	57.2750	74.7500	
-0.0011	0.1369	0.0003	56.6500	74.8000	
-0.0011	0.1370	0.0003	55.7500	74.7250	
-0.0011	0.1370	0.0003	56.6000	74.9000	
-0.0011	0.1370	0.0003	56.7000	74.7000	
-0.0011	0.1369	0.0003	56.6000	74.8000	
-0.0011	0.1369	0.0003	56.3000	74.6750	
-0.0011	0.1369	0.0003	56.3500	74.8250	
-0.0011	0.1370	0.0003	56.9500	74.7500	
-0.0011	0.1370	0.0003	56.3000	74.9000	
-0.0011	0.1370	0.0003	55.9500	74.8750	
-0.0011	0.1370	0.0003	56.9500	74.8500	
-0.0011	0.1369	0.0003	57.1250	74.7250	
-0.0011	0.1370	0.0003	56.4750	74.7750	
-0.0011	0.1370	0.0003	56.5500	74.8000	
-0.0011	0.1369	0.0003	56.3500	74.7250	
-0.0011	0.1370	0.0003	56.3500	74.7000	
-0.0011	0.1369	0.0003	56.7500	74.9750	
-0.0011	0.1371	0.0003	55.8000	74.8750	
-0.0011	0.1370	0.0003	55.9750	74.8250	
-0.0011	0.1369	0.0003	57.4500	74.8000	
-0.0011	0.1369	0.0003	56.9750	74.8500	
-0.0011	0.1369	0.0003	56.4750	74.8750	
-0.0011	0.1369	0.0003	56.1750	74.8500	
-0.0011	0.1369	0.0003	56.7250	74.8250	
-0.0011	0.1369	0.0003	56.8250	74.7000	
-0.0011	0.1369	0.0003	56.6250	74.7750	
-0.0011	0.1369	0.0003	56.5750	74.8500	
-0.0011	0.1370	0.0003	56.8500	74.8750	
-0.0011	0.1369	0.0003	56.3750	74.9000	
-0.0011	0.1369	0.0002	56.0000	74.8500	
-0.0011	0.1371	0.0002	57.4000	74.9250	
-0.0011	0.1369	0.0002	57.0250	74.7750	
-0.0011	0.1370	0.0002	56.2000	74.7500	
-0.0011	0.1369	0.0002	56.3750	74.9500	
-0.0011	0.1369	0.0002	56.7250	74.8250	
-0.0011	0.1369	0.0002	56.6750	74.7750	
-0.0011	0.1371	0.0002	55.7250	74.8500	
-0.0011	0.1369	0.0002	56.4000	74.9500	
-0.0011	0.1369	0.0002	57.4500	74.8500	
-0.0011	0.1369	0.0002	56.3500	74.8250	
-0.0011	0.1369	0.0002	56.3000	74.7750	
-0.0011	0.1369	0.0002	56.7500	74.6250	
-0.0011	0.1369	0.0002	56.3250	74.8000	
-0.0011	0.1369	0.0002	55.8500	74.8500	
-0.0011	0.1369	0.0002	56.0750	74.8750	
-0.0011	0.1369	0.0002	56.9500	74.9000	
-0.0011	0.1369	0.0002	55.9500	74.9000	
-0.0011	0.1369	0.0002	56.2750	74.8250	
-0.0011	0.1369	0.0002	56.3500	74.7250	
-0.0011	0.1369	0.0002	56.5750	74.8500	
-0.0011	0.1368	0.0002	56.4500	74.9250	
-0.0011	0.1369	0.0002	55.7250	74.8500	
-0.0011	0.1369	0.0002	56.5250	74.9250	
-0.0011	0.1368	0.0002	56.8250	74.8000	
-0.0011	0.1368	0.0002	56.1250	74.9000	
-0.0011	0.1368	0.0002	55.8750	74.8500	
-0.0011	0.1369	0.0002	56.1250	74.8250	
-0.0011	0.1368	0.0002	56.3750	74.9500	
-0.0011	0.1368	0.0002	56.2250	74.7750	
-0.0011	0.1368	0.0002	55.9500	74.9000	
-0.0011	0.1368	0.0002	56.1250	74.8750	
-0.0011	0.1368	0.0002	56.3250	74.8500	
-0.0011	0.1368	0.0002	56.3500	74.9500	
-0.0012	0.1369	0.0002	56.1500	74.8500	
-0.0012	0.1368	0.0002	55.8500	74.9500	
-0.0012	0.1369	0.0002	56.4750	74.8750	
-0.0012	0.1368	0.0002	56.1500	74.8500	
-0.0012	0.1368	0.0002	56.0250	74.8500	
-0.0012	0.1368	0.0002	56.4500	74.9000	
-0.0011	0.1368	0.0002	56.4000	74.9250	
-0.0011	0.1368	0.0002	56.3000	74.8000	
-0.0012	0.1369	0.0002	55.9500	74.9000	
-0.0012	0.1368	0.0002	56.1750	74.7750	
-0.0011	0.1369	0.0002	55.9750	74.9250	
-0.0012	0.1368	0.0002	56.6250	74.9000	
-0.0012	0.1368	0.0002	56.3750	74.8250	
-0.0012	0.1368	0.0002	56.1750	74.8750	
-0.0011	0.1368	0.0002	56.2500	74.8250	
-0.0012	0.1368	0.0002	56.0500	74.8750	
-0.0012	0.1368	0.0002	56.2750	74.9500	
-0.0012	0.1368	0.0002	56.2500	74.9250	
-0.0012	0.1368	0.0002	56.5750	74.9000	
-0.0012	0.1368	0.0002	56.2250	74.8500	
-0.0012	0.1368	0.0002	55.8750	74.8500	
-0.0012	0.1368	0.0002	56.2750	74.8000	
-0.0012	0.1368	0.0002	56.2500	74.8750	
-0.0012	0.1368	0.0002	56.3250	74.9000	
-0.0012	0.1368	0.0002	56.0750	74.9250	
-0.0012	0.1368	0.0002	56.1500	74.8250	
-0.0012	0.1368	0.0002	56.3000	74.8750	
-0.0012	0.1367	0.0002	56.3750	74.8000	
-0.0012	0.1368	0.0002	56.6000	74.8250	
-0.0012	0.1368	0.0002	56.4750	74.8000	
-0.0012	0.1368	0.0002	56.4750	74.9500	
-0.0012	0.1368	0.0002	56.0750	74.8000	
-0.0012	0.1368	0.0002	56.3000	74.9250	
-0.0012	0.1367	0.0002	56.2000	74.9750	
-0.0012	0.1368	0.0002	56.2750	74.7750	
-0.0012	0.1367	0.0002	56.2000	74.8500	
-0.0012	0.1368	0.0002	56.3750	74.9500	
-0.0012	0.1368	0.0002	56.2750	74.8250	
-0.0012	0.1368	0.0002	56.3500	75.0000	
-0.0012	0.1367	0.0002	56.5500	75.0000	
-0.0012	0.1368	0.0002	56.7500	74.8500	
-0.0012	0.1368	0.0002	56.1750	74.9500	
-0.0012	0.1368	0.0002	55.9250	74.8500	
-0.0012	0.1368	0.0002	56.8750	74.8750	
-0.0012	0.1368	0.0002	56.6000	74.9500	
-0.0012	0.1368	0.0002	55.6750	74.9500	
-0.0012	0.1368	0.0002	56.2500	74.8500	
-0.0012	0.1367	0.0002	56.4000	74.8000	
-0.0012	0.1368	0.0002	56.4500	74.9000	
-0.0012	0.1367	0.0002	56.1500	74.9000	
-0.0012	0.1367	0.0002	56.6750	74.7750	
-0.0012	0.1368	0.0002	56.1500	74.9000	
-0.0012	0.1367	0.0002	55.9500	74.9750	
-0.0012	0.1367	0.0002	56.4000	74.9750	
-0.0012	0.1367	0.0002	56.3750	74.8750	
-0.0012	0.1367	0.0002	56.0500	74.8750	
-0.0012	0.1368	0.0002	56.2250	74.9000	
-0.0012	0.1367	0.0002	56.4000	74.9000	
-0.0012	0.1367	0.0002	56.2250	74.9250	
-0.0012	0.1368	0.0002	56.7250	74.8500	
-0.0012	0.1368	0.0002	56.2250	74.8500	
-0.0012	0.1367	0.0002	55.9750	74.8500	
-0.0012	0.1367	0.0002	56.2750	74.9000	
-0.0012	0.1367	0.0002	56.3250	74.8250	
-0.0012	0.1367	0.0002	56.2000	74.8500	
-0.0012	0.1367	0.0002	56.2250	74.8250	
-0.0012	0.1367	0.0002	56.6000	74.9250	
-0.0012	0.1367	0.0002	56.3000	74.8750	
-0.0012	0.1367	0.0002	56.2750	74.8750	
-0.0012	0.1367	0.0002	55.7250	75.0000	
-0.0012	0.1366	0.0002	56.0750	74.9000	
-0.0012	0.1367	0.0002	56.4500	74.9000	
-0.0012	0.1367	0.0002	56.3500	74.9000	
-0.0012	0.1367	0.0002	56.2500	74.8000	
-0.0012	0.1367	0.0002	56.1500	74.8500	
-0.0012	0.1366	0.0002	56.4500	74.9000	
-0.0012	0.1367	0.0002	56.6000	74.9000	
-0.0012	0.1367	0.0002	56.3000	74.8500	
-0.0012	0.1367	0.0002	56.1000	74.8250	
-0.0012	0.1367	0.0002	56.3250	74.9500	
-0.0012	0.1367	0.0002	56.3500	74.8750	
-0.0012	0.1367	0.0002	56.2000	74.8250	
-0.0012	0.1367	0.0002	55.6500	74.8250	
-0.0012	0.1367	0.0002	56.2250	74.9250	
-0.0012	0.1367	0.0002	56.6000	74.9250	
-0.0012	0.1367	0.0002	56.0000	74.8500	
-0.0012	0.1367	0.0002	56.0750	74.8500	
-0.0012	0.1367	0.0002	56.4000	74.9000	
-0.0012	0.1366	0.0002	56.3000	74.7750	
-0.0012	0.1366	0.0002	56.2750	74.8500	
-0.0012	0.1367	0.0002	56.4250	74.9000	
-0.0012	0.1366	0.0002	56.2000	74.9250	
-0.0012	0.1366	0.0002	56.0750	74.8500	
-0.0012	0.1367	0.0002	56.4000	75.0250	
-0.0012	0.1366	0.0002	56.2500	74.9000	
-0.0012	0.1366	0.0002	56.1250	74.8500	
-0.0012	0.1367	0.0002	55.5000	74.9250	
-0.0012	0.1369	0.0002	57.0250	74.9500	
-0.0012	0.1367	0.0002	56.6250	74.9250	
-0.0012	0.1367	0.0002	55.8250	74.8250	
-0.0012	0.1366	0.0002	56.2500	74.8750	
-0.0012	0.1366	0.0002	56.5000	74.9000	
-0.0012	0.1366	0.0002	56.1000	74.9750	
-0.0012	0.1366	0.0002	56.3250	74.8750	
-0.0012	0.1366	0.0002	56.2000	74.8250	
-0.0012	0.1366	0.0002	56.0250	74.8750	
-0.0012	0.1366	0.0002	56.3250	74.8250	
-0.0012	0.1366	0.0002	56.3750	74.8750	
-0.0012	0.1367	0.0002	56.1500	74.8000	
-0.0012	0.1366	0.0002	56.1000	74.7500	
-0.0012	0.1366	0.0002	56.0500	74.7750	
-0.0012	0.1366	0.0002	56.3500	74.9750	
-0.0012	0.1367	0.0002	56.4750	74.9250	
-0.0012	0.1366	0.0002	56.2250	74.9500	
-0.0012	0.1366	0.0002	56.0000	74.8750	
-0.0012	0.1367	0.0002	56.3750	74.9750	
-0.0012	0.1366	0.0002	56.0750	74.8500	
-0.0012	0.1366	0.0002	56.0000	74.8000	
-0.0012	0.1366	0.0002	56.4500	74.9000	
-0.0012	0.1366	0.0002	56.2250	74.9250	
-0.0012	0.1366	0.0002	56.2000	74.8250	
-0.0012	0.1366	0.0002	56.0000	74.8750	
-0.0012	0.1366	0.0002	56.5500	74.8750	
-0.0012	0.1366	0.0002	56.5750	74.8750	
-0.0012	0.1366	0.0002	56.0250	74.8500	
-0.0012	0.1367	0.0002	55.7250	74.9250	
-0.0012	0.1366	0.0002	56.1500	74.9250	
-0.0012	0.1366	0.0002	56.7500	74.9000	
-0.0012	0.1366	0.0002	56.3000	74.9500	
-0.0012	0.1366	0.0002	56.1000	74.9250	
-0.0012	0.1366	0.0002	55.8500	74.8750	
-0.0012	0.1366	0.0002	56.3000	74.9000	
-0.0012	0.1366	0.0002	56.6250	74.8500	
-0.0012	0.1366	0.0002	55.9000	74.8500	
-0.0012	0.1366	0.0002	56.2750	74.9250	
-0.0012	0.1366	0.0002	56.2500	74.8750	
-0.0012	0.1366	0.0002	55.9500	74.9250	
-0.0012	0.1366	0.0002	56.4250	74.9250	
-0.0012	0.1366	0.0002	56.2750	74.8000	
-0.0012	0.1366	0.0002	55.9500	74.9000	
-0.0012	0.1365	0.0002	56.1250	74.9500	
-0.0012	0.1365	0.0002	56.4500	74.8750	
-0.0012	0.1366	0.0002	56.4000	74.9500	
-0.0012	0.1367	0.0002	56.1500	74.9750	
-0.0012	0.1367	0.0002	56.5250	74.9500	
-0.0012	0.1365	0.0002	56.4250	74.9000	
-0.0012	0.1367	0.0002	55.4750	74.9500	
-0.0012	0.1366	0.0002	55.9500	74.8750	
-0.0012	0.1366	0.0002	56.8500	74.9250	
-0.0012	0.1365	0.0002	56.3750	74.9250	
-0.0012	0.1367	0.0002	56.1750	75.0250	
-0.0012	0.1366	0.0002	56.0000	74.9000	
-0.0012	0.1366	0.0002	56.3750	74.9500	
-0.0012	0.1365	0.0002	56.3000	75.0250	
-0.0012	0.1366	0.0002	55.9500	74.8750	
-0.0012	0.1365	0.0002	56.1500	74.9500	
-0.0012	0.1366	0.0002	56.2250	74.9500	
-0.0012	0.1366	0.0002	56.1000	74.8250	
-0.0012	0.1366	0.0002	55.9500	74.8750	
-0.0012	0.1366	0.0002	55.9250	74.8500	
-0.0012	0.1366	0.0002	56.2750	74.9500	
-0.0012	0.1366	0.0002	56.5000	74.9000	
-0.0012	0.1367	0.0002	56.4500	74.9750	
-0.0012	0.1367	0.0002	56.3250	74.9750	
-0.0012	0.1367	0.0002	56.7000	74.9250	
-0.0012	0.1368	0.0002	56.5500	75.0250	
-0.0012	0.1367	0.0002	56.3750	74.9000	
-0.0012	0.1367	0.0002	57.2000	75.0500	
-0.0012	0.1367	0.0002	56.4750	75.0500	
-0.0012	0.1367	0.0001	56.1750	75.0000	
-0.0012	0.1368	0.0001	57.1750	75.0250	
-0.0012	0.1367	0.0002	56.8000	75.0250	
-0.0012	0.1368	0.0002	56.8500	75.0000	
-0.0012	0.1367	0.0002	56.7750	75.0250	
-0.0012	0.1367	0.0002	56.5000	75.0000	
-0.0012	0.1367	0.0002	56.3000	74.9250	
-0.0012	0.1367	0.0002	56.7250	74.8500	
-0.0012	0.1367	0.0002	57.0250	74.9250	
-0.0012	0.1367	0.0002	56.6750	74.9750	
-0.0012	0.1367	0.0002	56.3250	75.0250	
-0.0012	0.1369	0.0002	56.2250	74.9500	
-0.0012	0.1368	0.0001	56.8250	74.9500	
-0.0012	0.1367	0.0001	56.9000	74.9750	
-0.0012	0.1366	0.0001	56.0750	75.0000	
-0.0012	0.1366	0.0001	56.1500	75.0250	
-0.0012	0.1366	0.0001	56.6000	75.0500	
-0.0012	0.1366	0.0001	56.8500	74.9750	
-0.0012	0.1365	0.0001	56.6500	74.9500	
-0.0012	0.1366	0.0002	56.7250	74.9500	
-0.0012	0.1366	0.0002	56.6000	75.0250	
-0.0012	0.1365	0.0001	56.5500	75.0500	
-0.0012	0.1365	0.0001	56.3500	75.0500	
-0.0012	0.1365	0.0001	56.2750	75.0750	
-0.0012	0.1364	0.0001	56.6500	75.0250	
-0.0012	0.1365	0.0001	56.7500	75.0250	
-0.0012	0.1364	0.0001	56.5500	75.0500	
-0.0012	0.1364	0.0001	56.1750	74.9500	
-0.0012	0.1364	0.0001	56.5750	75.0000	
-0.0012	0.1364	0.0001	56.6250	75.0250	
-0.0012	0.1364	0.0001	56.7250	74.9750	
-0.0012	0.1363	0.0001	56.5000	74.9500	
-0.0012	0.1364	0.0001	55.8750	74.9250	
-0.0012	0.1363	0.0001	56.1250	74.9500	
-0.0012	0.1363	0.0001	57.1250	75.0750	
-0.0012	0.1362	0.0001	56.6500	74.9750	
-0.0012	0.1363	0.0001	55.5000	74.9000	
-0.0012	0.1362	0.0001	56.2250	74.9500	
-0.0012	0.1362	0.0001	56.7500	74.9500	
-0.0012	0.1362	0.0001	56.5500	74.9250	
-0.0012	0.1362	0.0001	55.8000	74.9250	
-0.0012	0.1361	0.0001	55.8750	75.0000	
-0.0012	0.1361	0.0001	56.4000	74.9500	
-0.0012	0.1361	0.0001	56.5750	74.8500	
-0.0012	0.1361	0.0001	56.5250	74.8750	
-0.0012	0.1360	0.0001	55.8500	74.9250	
-0.0012	0.1361	0.0001	55.7000	74.9750	
-0.0012	0.1362	0.0001	56.7750	74.9500	
-0.0012	0.1362	0.0001	55.6250	75.0250	
-0.0012	0.1360	0.0001	55.6250	74.9500	
-0.0012	0.1360	0.0001	56.3500	74.9000	
-0.0012	0.1359	0.0001	56.4750	74.9500	
-0.0012	0.1359	0.0001	56.2250	75.0250	
-0.0012	0.1359	0.0001	55.8250	74.9000	
-0.0012	0.1359	0.0001	55.8500	74.8750	
-0.0012	0.1359	0.0001	56.2500	75.0250	
-0.0012	0.1358	0.0001	55.7500	74.8500	
-0.0012	0.1358	0.0001	55.5750	74.8250	
-0.0012	0.1358	0.0001	55.9000	74.8750	
-0.0012	0.1358	0.0001	55.8000	74.9000	
-0.0012	0.1358	0.0001	56.2250	74.9750	
-0.0012	0.1358	0.0001	55.9750	74.9250	
-0.0012	0.1357	0.0001	55.9750	74.9250	
-0.0012	0.1358	0.0001	55.6750	74.9500	
-0.0012	0.1357	0.0001	55.4500	74.9000	
-0.0012	0.1357	0.0001	56.0000	74.9750	
-0.0012	0.1357	0.0001	55.7250	74.9000	
-0.0012	0.1356	0.0001	55.6000	74.8750	
-0.0012	0.1356	0.0001	55.8000	74.8500	
-0.0012	0.1356	0.0001	55.9250	74.8750	
-0.0012	0.1356	0.0001	55.8000	74.9250	
-0.0012	0.1355	0.0001	55.4750	74.9250	
-0.0012	0.1356	0.0001	55.4250	74.8750	
-0.0012	0.1356	0.0001	56.0750	74.9250	
-0.0012	0.1355	0.0001	55.8000	74.9000	
-0.0012	0.1356	0.0001	55.1000	74.9500	
-0.0012	0.1355	0.0001	55.2000	74.9500	
-0.0012	0.1355	0.0001	55.9500	74.8750	
-0.0012	0.1354	0.0001	55.8750	74.9250	
-0.0012	0.1354	0.0001	55.6000	74.9750	
-0.0012	0.1354	0.0001	55.3000	74.9500	
-0.0012	0.1354	0.0001	55.5250	74.9500	
-0.0012	0.1354	0.0001	55.5750	75.0250	
-0.0012	0.1354	0.0001	55.7500	74.8250	
-0.0012	0.1353	0.0001	55.2250	74.9250	
-0.0012	0.1354	0.0001	55.4500	74.9750	
-0.0012	0.1354	0.0001	55.2750	74.9250	
-0.0012	0.1353	0.0001	55.2000	74.9000	
-0.0012	0.1353	0.0001	55.3500	74.9000	
-0.0012	0.1353	0.0001	55.0500	74.9250	
-0.0012	0.1353	0.0001	55.7500	74.7750	
-0.0012	0.1352	0.0001	55.8500	74.9250	
-0.0012	0.1352	0.0001	55.1750	74.9000	
-0.0012	0.1352	0.0001	54.9250	74.8750	
-0.0012	0.1352	0.0001	55.2500	74.9250	
-0.0012	0.1351	0.0001	55.5750	74.9000	
-0.0012	0.1351	0.0001	55.4500	74.9500	
-0.0012	0.1351	0.0001	55.2250	74.9250	
-0.0012	0.1351	0.0001	55.2750	74.9250	
-0.0012	0.1351	0.0001	54.9750	74.8500	
-0.0012	0.1350	0.0001	54.9750	74.9000	
-0.0012	0.1351	0.0001	55.0500	74.8750	
-0.0012	0.1350	0.0001	54.9250	75.0250	
-0.0012	0.1350	0.0001	55.5500	74.8750	
-0.0012	0.1350	0.0001	55.1250	74.8750	
-0.0012	0.1350	0.0001	54.9250	74.8750	
-0.0012	0.1350	0.0001	55.6000	74.9500	
-0.0012	0.1349	0.0001	55.3000	74.9250	
-0.0012	0.1350	0.0001	54.6250	74.8250	
-0.0012	0.1349	0.0001	55.1250	74.9500	
-0.0012	0.1349	0.0001	55.2750	74.7750	
-0.0012	0.1349	0.0001	55.1000	74.8750	
-0.0012	0.1349	0.0001	55.1500	74.8500	
-0.0012	0.1349	0.0001	55.0000	74.9500	
-0.0012	0.1348	0.0001	55.2500	75.0250	
-0.0012	0.1348	0.0001	55.4000	74.8750	
-0.0012	0.1348	0.0001	55.1750	74.8750	
-0.0012	0.1348	0.0001	54.7250	74.9750	
-0.0012	0.1348	0.0001	54.9500	74.8250	
-0.0012	0.1348	0.0001	55.4000	74.9250	
-0.0012	0.1349	0.0001	54.8750	74.9250	
-0.0012	0.1347	0.0001	54.7000	74.9000	
-0.0012	0.1348	0.0001	55.7250	74.9000	
-0.0012	0.1348	0.0001	55.1500	74.8500	
-0.0012	0.1347	0.0001	54.5250	74.8500	
-0.0012	0.1349	0.0001	55.5250	74.9500	
-0.0012	0.1347	0.0001	55.1000	74.8000	
-0.0012	0.1347	0.0001	55.0250	74.9750	
-0.0012	0.1346	0.0001	54.8250	74.8750	
-0.0012	0.1346	0.0001	54.6750	74.9250	
-0.0012	0.1346	0.0001	55.1000	74.8750	
-0.0012	0.1346	0.0001	55.0500	74.9250	
-0.0012	0.1346	0.0001	54.9500	74.9000	
-0.0012	0.1346	0.0001	54.8250	74.9250	
-0.0012	0.1346	0.0001	54.9500	74.8750	
-0.0012	0.1345	0.0001	54.6750	74.9500	
-0.0012	0.1347	0.0001	55.4250	74.9500	
-0.0012	0.1345	0.0001	54.8750	74.8750	
-0.0012	0.1345	0.0001	54.5000	74.8500	
-0.0012	0.1346	0.0001	54.8750	74.9250	
-0.0012	0.1345	0.0001	55.2000	74.8250	
-0.0012	0.1345	0.0001	54.7000	74.9000	
-0.0012	0.1345	0.0001	54.0750	74.8750	
-0.0012	0.1344	0.0001	54.3250	74.9000	
-0.0012	0.1345	0.0001	55.6000	74.8750	
-0.0012	0.1344	0.0001	55.4500	75.0000	
-0.0012	0.1344	0.0001	54.4750	74.9000	
-0.0012	0.1344	0.0001	54.1750	74.9000	
-0.0012	0.1344	0.0001	55.0250	74.8500	
-0.0012	0.1343	0.0001	55.0500	74.9500	
-0.0012	0.1343	0.0001	54.6500	74.9250	
-0.0012	0.1343	0.0001	54.6250	74.9500	
-0.0012	0.1343	0.0001	54.6500	74.8750	
-0.0012	0.1343	0.0001	54.7000	74.7750	
-0.0012	0.1343	0.0001	54.5500	74.9250	
-0.0012	0.1343	0.0001	55.0750	74.8250	
-0.0012	0.1342	0.0001	54.8750	74.8000	
-0.0012	0.1343	0.0001	54.3250	74.8750	
-0.0012	0.1342	0.0001	54.6000	74.9250	
-0.0012	0.1343	0.0001	54.8250	74.8750	
-0.0012	0.1342	0.0001	54.6500	74.9250	
-0.0012	0.1342	0.0001	54.6750	74.8250	
-0.0012	0.1342	0.0001	54.9250	74.8750	
-0.0012	0.1342	0.0001	54.5750	74.9000	
-0.0012	0.1341	0.0001	54.4500	74.9500	
-0.0012	0.1341	0.0001	54.9750	74.9500	
-0.0012	0.1341	0.0001	54.9000	74.9000	
-0.0012	0.1341	0.0001	54.8500	74.9250	
-0.0012	0.1341	0.0001	54.7750	74.9000	
-0.0012	0.1341	0.0001	54.5250	74.9750	
-0.0012	0.1341	0.0001	54.4500	74.9000	
-0.0012	0.1341	0.0001	54.6750	74.8750	
-0.0012	0.1340	0.0001	54.4750	74.8500	
-0.0012	0.1340	0.0001	54.8250	74.8500	
-0.0012	0.1340	0.0001	54.8000	74.9250	
-0.0012	0.1340	0.0001	54.3500	74.8750	
-0.0012	0.1341	0.0001	54.7000	74.9250	
-0.0012	0.1340	0.0001	54.5500	74.9000	
-0.0012	0.1341	0.0001	54.7000	74.9750	
-0.0012	0.1340	0.0001	54.5750	74.9750	
-0.0012	0.1340	0.0001	54.4250	74.9250	
-0.0012	0.1339	0.0001	54.3000	74.8750	
-0.0012	0.1340	0.0001	54.8500	74.9250	
-0.0012	0.1340	0.0001	54.4000	74.8250	
-0.0012	0.1339	0.0001	54.4750	74.9000	
-0.0012	0.1339	0.0001	54.3250	74.8750	
-0.0012	0.1339	0.0001	54.6000	74.8250	
-0.0012	0.1339	0.0001	54.6750	74.8250	
-0.0012	0.1339	0.0001	54.3500	74.8500	
-0.0012	0.1338	0.0001	54.2500	74.8250	
-0.0012	0.1339	0.0001	54.0000	74.9500	
-0.0012	0.1341	0.0001	55.2000	74.8500	
-0.0012	0.1338	0.0001	54.7000	74.9500	
-0.0012	0.1338	0.0001	53.6500	74.8250	
-0.0012	0.1338	0.0001	54.3000	74.9000	
-0.0012	0.1339	0.0001	55.0000	74.9250	
-0.0012	0.1338	0.0001	54.4750	74.9000	
-0.0012	0.1338	0.0001	54.0250	74.9250	
-0.0012	0.1338	0.0001	54.5750	74.9500	
-0.0012	0.1337	0.0001	54.5500	74.8750	
-0.0012	0.1337	0.0001	54.4750	74.9000	
-0.0012	0.1337	0.0001	54.2500	74.9500	
-0.0012	0.1337	0.0001	54.3000	74.8500	
-0.0012	0.1337	0.0001	54.0750	74.8750	
-0.0012	0.1337	0.0001	54.2500	74.9000	
-0.0012	0.1337	0.0001	54.9000	74.9000	
-0.0012	0.1337	0.0001	54.6000	74.7750	
-0.0012	0.1336	0.0001	54.3250	74.9250	
-0.0012	0.1336	0.0001	54.4250	74.8000	
-0.0012	0.1336	0.0001	54.1750	74.8500	
-0.0012	0.1336	0.0001	54.4750	75.0250	
0.3770	50.0000	0.4717	50.0000	
0.3563	50.0000	0.4540	50.0000	
0.3370	50.0000	0.4362	50.0000	
0.3179	50.0000	0.4190	50.0000	
0.3007	50.0000	0.4021	50.0000	
0.2847	50.0000	0.3856	50.0000	
0.2715	50.0000	0.3694	50.0000	
0.2605	49.9000	0.3542	50.0000	
0.2521	50.1250	0.3402	55.0250	
0.2462	49.7500	0.3277	84.6500	
0.2423	50.0000	0.3169	98.1500	
0.2389	47.8750	0.3085	97.4250	
0.2364	35.6750	0.3017	91.2500	
0.2339	28.4750	0.2967	83.0500	
0.2314	26.4250	0.2927	76.6750	
0.2288	25.4500	0.2894	73.7500	
0.2262	25.2250	0.2865	72.8250	
0.2234	25.1000	0.2837	73.0500	
0.2206	25.0250	0.2809	73.6500	
0.2177	25.0250	0.2780	74.6500	
0.2150	24.9750	0.2750	75.3000	
0.2120	25.0750	0.2719	75.7250	
0.2090	24.9750	0.2687	75.9750	
0.2055	25.0750	0.2653	75.8250	
0.2016	25.0750	0.2619	75.6250	
0.1974	25.0750	0.2583	74.9250	
0.1933	25.0500	0.2546	74.1500	
0.1892	25.0000	0.2507	73.0750	
0.1850	25.0250	0.2466	71.8750	
0.1811	25.0750	0.2423	70.7750	
0.1775	25.2500	0.2377	69.4750	
0.1740	25.1000	0.2329	68.2250	
0.1709	25.2750	0.2279	67.0500	
0.1680	25.2500	0.2225	66.1250	
0.1652	25.1000	0.2168	65.4250	
0.1627	25.3750	0.2109	65.0500	
0.1603	25.4250	0.2046	64.5500	
0.1582	25.1750	0.1982	63.8750	
0.1561	25.0250	0.1916	63.7250	
0.1541	24.9000	0.1850	63.4750	
0.1523	24.8500	0.1783	63.4000	
0.1507	24.8750	0.1715	63.3750	
0.1493	24.9750	0.1645	63.4000	
0.1480	25.2250	0.1570	62.8000	
0.1470	25.2500	0.1488	62.1000	
0.1459	25.1000	0.1402	61.5500	
0.1453	25.1750	0.1319	61.3000	
0.1446	25.3250	0.1239	61.1250	
0.1440	25.3500	0.1162	61.0250	
0.1436	25.2250	0.1087	61.0000	
0.1433	25.3250	0.1015	60.9250	
0.1430	25.0250	0.0945	61.0750	
0.1429	26.0000	0.0876	61.2500	
0.1426	25.3750	0.0806	61.3750	
0.1425	25.0750	0.0737	61.1000	
0.1424	25.5500	0.0673	60.7500	
0.1422	27.1000	0.0617	61.1250	
0.1421	27.5000	0.0568	61.7750	
0.1420	25.7500	0.0525	62.4250	
0.1419	26.2750	0.0486	63.2250	
0.1418	28.1750	0.0450	63.9250	
0.1418	30.1750	0.0418	64.6500	
0.1417	28.2000	0.0389	65.6500	
0.1416	27.5250	0.0363	66.5750	
0.1415	33.6750	0.0338	67.6750	
0.1414	32.9250	0.0316	68.3750	
0.1413	29.5500	0.0296	69.1750	
0.1412	27.7750	0.0278	69.9000	
0.1412	32.2000	0.0261	70.5500	
0.1411	33.4250	0.0246	70.9750	
0.1410	32.8250	0.0232	71.5250	
0.1410	31.6750	0.0219	72.0500	
0.1409	33.0500	0.0207	72.4000	
0.1409	33.3750	0.0196	72.6500	
0.1408	35.2250	0.0186	72.9000	
0.1408	33.8750	0.0177	73.3500	
0.1407	30.9750	0.0169	73.5500	
0.1407	32.0250	0.0161	73.7500	
0.1406	35.4500	0.0154	74.0750	
0.1406	36.0500	0.0147	74.3500	
0.1405	32.6500	0.0141	74.5000	
0.1404	32.8000	0.0135	74.7250	
0.1404	36.3250	0.0129	74.8250	
0.1404	33.4500	0.0124	75.0000	
0.1402	33.2250	0.0119	75.0500	
0.1400	35.7500	0.0115	75.1000	
0.1398	37.6750	0.0111	75.2000	
0.1397	40.2500	0.0107	75.1500	
0.1395	43.4750	0.0103	75.2250	
0.1394	46.3750	0.0099	75.2750	
0.1393	48.2750	0.0096	75.2250	
0.1392	49.1500	0.0092	75.2500	
0.1391	50.1750	0.0089	75.2750	
0.1391	50.7000	0.0086	75.3250	
0.1390	50.6500	0.0083	75.3000	
0.1389	50.6000	0.0081	75.3500	
0.1389	50.4500	0.0078	75.3000	
0.1389	50.4250	0.0075	75.3500	
0.1388	49.8500	0.0073	75.3000	
0.1387	49.2250	0.0071	75.3500	
0.1387	48.5750	0.0069	75.3750	
0.1387	49.2750	0.0067	75.3500	
0.1386	48.8500	0.0065	75.3000	
0.1385	48.9250	0.0063	75.3000	
0.1385	48.7750	0.0061	75.2750	
0.1384	49.0500	0.0059	75.2750	
0.1384	48.7750	0.0057	75.3000	
0.1384	49.4250	0.0056	75.2500	
0.1382	49.0500	0.0054	75.2750	
0.1383	48.5000	0.0053	75.2000	
0.1381	48.9500	0.0051	75.2250	
0.1381	48.6250	0.0050	75.2250	
0.1381	49.3500	0.0049	75.2250	
0.1380	48.8250	0.0047	75.2250	
0.1379	48.7000	0.0046	75.2000	
0.1379	48.6750	0.0045	75.1250	
0.1378	48.3500	0.0044	75.1750	
0.1377	48.1000	0.0043	75.2000	
0.1377	47.2250	0.0042	75.2250	
0.1377	47.5750	0.0041	75.1750	
0.1376	47.8000	0.0040	75.1750	
0.1375	47.6750	0.0039	75.1750	
0.1374	47.9500	0.0038	75.1750	
0.1374	47.1500	0.0037	75.1500	
0.1373	47.7250	0.0036	75.2000	
0.1372	47.3500	0.0035	75.1250	
0.1371	47.8750	0.0034	75.1000	
0.1371	46.6750	0.0033	75.1000	
0.1370	46.5750	0.0032	75.1250	
0.1370	46.4000	0.0031	75.1250	
0.1369	46.6000	0.0030	75.1500	
0.1369	47.5250	0.0029	75.1000	
0.1368	47.2750	0.0029	75.1750	
0.1367	46.9250	0.0028	75.1750	
0.1366	46.6250	0.0027	75.2250	
0.1366	47.2000	0.0026	75.2000	
0.1365	47.7500	0.0026	75.2250	
0.1365	47.5500	0.0025	75.1750	
0.1364	46.7500	0.0024	75.1500	
0.1363	46.5750	0.0024	75.1500	
0.1363	47.1750	0.0023	75.2000	
0.1362	47.3000	0.0023	75.2000	
0.1362	47.0000	0.0022	75.2000	
0.1361	47.4000	0.0022	75.2000	
0.1360	48.2500	0.0021	75.1250	
0.1359	47.0250	0.0021	75.0000	
0.1358	46.9500	0.0020	75.1750	
0.1357	47.2000	0.0020	75.1750	
0.1356	46.6000	0.0019	75.0250	
0.1354	46.5750	0.0019	75.1250	
0.1354	46.4500	0.0018	75.1250	
0.1352	46.5000	0.0018	75.1250	
0.1351	46.1750	0.0018	75.1000	
0.1350	46.3000	0.0017	75.1000	
0.1349	46.8500	0.0017	75.1500	
0.1348	47.3250	0.0017	74.9500	
0.1347	47.4750	0.0016	75.1000	
0.1347	46.1750	0.0016	75.0750	
0.1346	46.1000	0.0016	75.0500	
0.1345	46.7250	0.0015	75.0750	
0.1346	47.0250	0.0015	75.2000	
0.1345	47.9000	0.0015	75.0750	
0.1343	46.6000	0.0015	75.1250	
0.1342	45.9750	0.0014	75.1250	
0.1341	47.1250	0.0014	75.1250	
0.1341	47.8500	0.0014	74.9750	
0.1340	46.5750	0.0014	75.0000	
0.1339	46.4750	0.0013	75.0750	
0.1340	47.1000	0.0013	75.1250	
0.1339	47.6750	0.0013	75.0750	
0.1338	46.4500	0.0013	75.1000	
0.1338	46.8750	0.0012	75.1000	
0.1337	46.6500	0.0012	75.0750	
0.1337	46.1000	0.0012	75.0250	
0.1335	46.3750	0.0012	75.0250	
0.1336	46.3750	0.0012	75.0000	
0.1335	47.9250	0.0012	75.0500	
0.1334	46.9750	0.0011	75.0250	
0.1334	45.8000	0.0011	75.0250	
0.1335	47.7250	0.0011	75.0000	
0.1333	46.7000	0.0011	75.1250	
0.1332	46.2000	0.0011	75.0500	
0.1331	47.1000	0.0011	75.0000	
0.1332	45.9500	0.0010	75.0250	
0.1330	46.5750	0.0010	75.0750	
0.1331	46.4500	0.0010	74.9500	
0.1329	46.9500	0.0010	75.0250	
0.1329	46.2500	0.0010	75.0750	
0.1328	46.3000	0.0010	75.0750	
0.1328	46.4000	0.0009	75.0000	
0.1327	46.1500	0.0009	75.0000	
0.1327	46.3500	0.0007	75.0500	
0.1327	47.3500	0.0005	74.8500	
0.1327	45.7750	0.0004	74.7750	
0.1326	45.8750	0.0003	74.7500	
0.1325	46.2750	0.0003	74.9500	
0.1324	45.9000	0.0003	74.8750	
0.1324	46.6000	0.0002	74.8500	
0.1324	47.2750	0.0002	74.9000	
0.1323	46.1250	0.0002	74.8750	
0.1323	45.0750	0.0002	74.9000	
0.1322	46.2250	0.0002	74.8500	
0.1322	46.3750	0.0002	74.8750	
0.1322	46.5500	0.0002	74.9000	
0.1321	46.4500	0.0002	74.8750	
0.1320	45.8000	0.0002	74.8250	
0.1320	46.1250	0.0002	74.8500	
0.1322	47.2250	0.0002	74.8750	
0.1320	44.1000	0.0002	74.8250	
0.1320	46.3750	0.0002	74.9000	
0.1320	46.3000	0.0002	74.9000	
0.1319	46.6000	0.0002	74.9250	
0.1318	45.4000	0.0002	74.9500	
0.1318	46.1250	0.0002	74.8750	
0.1317	46.2000	0.0002	74.8000	
0.1317	45.7250	0.0002	74.8250	
0.1318	46.1500	0.0002	74.8500	
0.1318	45.0500	0.0002	74.8250	
0.1316	46.7500	0.0002	74.9000	
0.1316	46.6750	0.0002	74.9000	
0.1315	45.4000	0.0002	74.8500	
0.1315	45.5750	0.0002	74.9250	
0.1316	46.3000	0.0002	74.9500	
0.1315	45.5250	0.0002	74.8500	
0.1314	46.1750	0.0002	74.9000	
0.1314	46.9750	0.0002	74.8500	
0.1314	46.2750	0.0002	74.8750	
0.1314	45.6750	0.0002	74.9000	
0.1313	45.5750	0.0002	74.8250	
0.1313	46.0750	0.0002	74.9250	
0.1312	45.7750	0.0002	74.9000	
0.1315	44.9750	0.0002	74.8750	
0.1313	46.9250	0.0002	74.8750	
0.1311	45.3750	0.0002	74.9250	
0.1312	44.3000	0.0002	74.9000	
0.1311	46.7500	0.0001	74.8750	
0.1311	46.2500	0.0001	74.9750	
0.1312	45.1250	0.0001	74.8500	
0.1311	45.8250	0.0001	74.8500	
0.1310	46.2750	0.0001	74.8500	
0.1311	46.4250	0.0001	74.8500	
0.1310	44.2750	0.0001	74.8000	
0.1312	46.4500	0.0001	74.8500	
0.1309	45.2250	0.0001	74.8500	
0.1309	45.5750	0.0001	74.9000	
0.1309	48.2500	0.0001	74.8750	
0.1308	45.3500	0.0001	74.8250	
0.1308	44.7250	0.0001	74.8250	
0.1309	45.2250	0.0001	74.9000	
0.1308	45.3500	0.0001	74.9000	
0.1308	46.3750	0.0001	74.9250	
0.1307	46.1000	0.0001	74.8250	
0.1308	44.2250	0.0001	74.8750	
0.1308	47.8250	0.0001	74.8250	
0.1306	44.7250	0.0001	74.8500	
0.1306	45.0000	0.0001	74.8250	
0.1306	46.1750	0.0001	74.8250	
0.1306	44.9250	0.0001	74.8500	
0.1306	47.3000	0.0001	74.9250	
0.1305	46.1750	0.0001	74.8750	
0.1306	43.7750	0.0001	74.8250	
0.1305	45.6000	0.0001	74.9250	
0.1305	44.9000	0.0001	74.8500	
0.1304	46.4250	0.0001	74.8250	
0.1304	46.3750	0.0001	74.8500	
0.1304	45.4250	0.0001	74.8000	
0.1304	44.4500	0.0001	74.8500	
0.1303	46.0000	0.0001	74.8750	
0.1304	46.1000	0.0001	74.8250	
0.1304	45.3500	0.0001	74.9000	
0.1303	45.5750	0.0001	74.8500	
0.1306	47.3500	0.0001	74.8500	
0.1303	44.0500	0.0001	74.8750	
0.1303	46.6750	0.0001	74.8750	
0.1303	47.2000	0.0001	74.8750	
0.1302	44.6500	0.0001	74.8500	
0.1302	45.0000	0.0001	74.9000	
0.1302	45.1250	0.0001	74.8500	
0.1302	45.5750	0.0001	74.8250	
0.1301	46.2500	0.0001	74.8500	
0.1301	45.7500	0.0001	74.9000	
0.1301	45.1000	0.0001	74.8500	
0.1301	44.9750	0.0001	74.8500	
0.1300	46.3250	0.0001	74.8500	
0.1300	45.0500	0.0001	74.8500	
0.1300	46.1000	0.0001	74.9000	
0.1301	45.3750	0.0001	74.8750	
0.1300	46.1000	0.0001	74.8500	
0.1300	44.4250	0.0001	74.8500	
0.1301	47.3500	0.0001	74.8750	
0.1299	46.8000	0.0001	74.8750	
0.1300	45.0250	0.0001	74.8000	
0.1299	45.8250	0.0001	74.9000	
0.1299	45.3250	0.0001	74.8250	
0.1299	47.0500	0.0001	74.8750	
0.1299	45.7500	0.0001	74.8500	
0.1299	45.4250	0.0001	74.8750	
0.1298	47.2250	0.0001	74.9000	
0.1298	44.6750	0.0001	74.8500	
0.1299	45.7000	0.0001	74.8750	
0.1299	45.3250	0.0001	74.9000	
0.1299	50.1750	0.0001	74.8000	
0.1298	46.7500	0.0001	74.8750	
0.1298	46.1250	0.0001	74.8500	
0.1298	46.9750	0.0001	74.8500	
0.1300	43.5000	0.0001	74.8250	
0.1297	48.3250	0.0001	74.8750	
0.1299	49.6500	0.0001	74.8500	
0.1297	46.7750	0.0001	74.7500	
0.1297	45.2000	0.0001	75.0500	
0.1297	44.4250	0.0001	74.8250	
0.1296	49.8500	0.0001	74.8500	
0.1296	49.3250	0.0001	74.8500	
0.1296	46.2250	0.0001	74.8500	
0.1296	47.1000	0.0001	74.8750	
0.1296	47.8000	0.0001	74.9000	
0.1296	44.5500	0.0001	74.8500	
0.1295	47.0250	0.0001	74.8500	
0.1295	48.4250	0.0001	74.8250	
0.1296	46.7250	0.0001	74.8750	
0.1296	50.6000	0.0001	74.8500	
0.1295	46.5500	0.0001	74.8500	
0.1295	44.5000	0.0001	74.8500	
0.1294	48.9750	0.0001	74.8500	
0.1296	50.5250	0.0001	74.8250	
0.1296	43.0500	0.0001	74.9000	
0.1294	47.2250	0.0001	74.8750	
0.1294	50.2750	0.0001	74.8250	
0.1294	45.4250	0.0001	74.8750	
0.1294	48.1250	0.0001	74.8250	
0.1294	48.8750	0.0001	74.8500	
0.1293	46.6500	0.0001	74.8250	
0.1294	50.5750	0.0001	74.9000	
0.1294	48.0000	0.0001	74.8250	
0.1293	45.3500	0.0001	74.8250	
0.1293	49.1000	0.0001	74.8750	
0.1293	49.8000	0.0001	74.8750	
0.1293	50.1500	0.0001	74.8500	
0.1293	45.0750	0.0001	74.8500	
0.1293	46.9500	0.0001	74.8500	
0.1292	51.6000	0.0001	74.8250	
0.1293	50.3250	0.0001	74.8500	
0.1295	41.9750	0.0001	74.8500	
0.1296	52.0250	0.0001	74.8000	
0.1293	45.7500	0.0001	74.8500	
0.1293	45.6250	0.0001	74.8250	
0.1292	53.1000	0.0001	74.8250	
0.1292	47.5750	0.0001	74.9000	
0.1292	45.2250	0.0001	74.9000	
0.1292	47.7000	0.0001	74.8250	
0.1294	53.6500	0.0001	74.7750	
0.1291	44.5000	0.0001	74.8500	
0.1292	44.3750	0.0001	74.8500	
0.1291	50.7000	0.0001	74.8250	
0.1291	48.5250	0.0001	74.8750	
0.1291	47.8250	0.0001	74.9000	
0.1292	52.6250	0.0001	74.9250	
0.1292	42.1000	0.0001	74.8250	
0.1291	45.4000	0.0001	74.8500	
0.1293	51.7000	0.0001	74.8500	
0.1291	51.3500	0.0001	74.8250	
0.1291	45.3000	0.0001	74.8000	
0.1291	49.2500	0.0001	74.8250	
0.1291	48.1750	0.0001	74.8000	
0.1290	47.9750	0.0001	74.8000	
0.1291	52.7750	0.0001	74.8250	
0.1290	44.0250	0.0001	74.8000	
0.1290	46.1000	0.0001	74.8250	
0.1290	51.1750	0.0001	74.9500	
0.1290	51.0750	0.0001	74.8250	
0.1289	50.8750	0.0001	74.8500	
0.1290	46.7250	0.0001	74.8000	
0.1290	45.8000	0.0001	74.8500	
0.1290	52.5000	0.0001	74.8250	
0.1289	43.5000	0.0001	74.8250	
0.1290	45.3000	0.0001	74.8500	
0.1290	53.6750	0.0001	74.7750	
0.1289	44.8000	0.0001	74.9250	
0.1290	46.0250	0.0001	74.8750	
0.1292	54.7500	0.0001	74.8500	
0.1290	41.4750	0.0001	74.8000	
0.1290	48.8000	0.0001	74.9000	
0.1289	51.5000	0.0001	74.8500	
0.1289	44.0000	0.0001	74.8000	
0.1290	52.7000	0.0001	74.8500	
0.1288	44.9000	0.0001	74.7750	
0.1288	43.4750	0.0001	74.7500	
0.1288	49.9500	0.0001	74.8500	
0.1288	48.8250	0.0001	74.8500	
0.1288	44.0000	0.0001	74.8000	
0.1288	52.2250	0.0001	74.8500	
0.1288	49.1000	0.0001	74.8500	
0.1288	43.5500	0.0001	74.9000	
0.1287	44.8000	0.0001	74.8750	
0.1288	50.3500	0.0001	74.8750	
0.1287	47.2750	0.0001	74.8500	
0.1287	44.1500	0.0001	74.8500	
0.1287	49.9500	0.0001	74.8250	
0.1287	50.6250	0.0001	74.9000	
0.1288	43.2250	0.0001	74.9250	
0.1287	45.4750	0.0001	74.8500	
0.1288	52.3750	0.0001	74.8500	
0.1287	41.2500	0.0001	74.8750	
0.1287	41.4000	0.0001	74.7750	
0.1287	51.7750	0.0001	74.8750	
0.1286	47.3500	0.0001	74.8750	
0.1287	39.2750	0.0001	74.8500	
0.1287	48.0250	0.0001	74.9000	
0.1286	44.8250	0.0001	74.8000	
0.1287	46.6750	0.0001	74.8250	
0.1287	41.4250	0.0001	74.8250	
0.1285	48.5500	0.0001	74.8000	
0.1286	49.9000	0.0001	74.7750	
0.1286	38.8250	0.0001	74.8000	
0.1286	43.4500	0.0001	74.8000	
0.1286	43.9500	0.0001	74.7750	
0.1285	48.3500	0.0001	74.8000	
0.1286	43.1000	0.0001	74.8500	
0.1286	46.0250	0.0001	74.8250	
0.1286	43.7750	0.0001	74.8250	
0.1285	48.8250	0.0001	74.7750	
0.1285	47.6000	0.0001	74.8000	
0.1285	42.9500	0.0001	74.8750	
0.1286	47.2000	0.0001	74.7750	
0.1286	50.2500	0.0001	74.8250	
0.1288	41.1250	0.0001	74.8000	
0.1287	47.0000	0.0001	74.7750	
0.1286	43.9750	0.0001	74.8500	
0.1284	44.2250	0.0001	74.8500	
0.1287	53.6750	0.0001	74.8250	
0.1285	43.1000	0.0001	74.9000	
0.1285	44.0750	0.0001	74.8250	
0.1284	51.2000	0.0001	74.8000	
0.1284	45.1250	0.0001	74.8000	
0.1285	48.1500	0.0001	74.8000	
0.1285	44.8750	0.0001	74.8500	
0.1284	49.1250	0.0001	74.8000	
0.1284	48.2750	0.0001	74.8500	
0.1283	45.0750	0.0001	74.8750	
0.1284	50.5250	0.0001	74.7750	
0.1283	45.9000	0.0001	74.8250	
0.1284	47.3750	0.0001	74.9000	
0.1283	48.7250	0.0001	74.8750	
0.1283	49.2250	0.0001	74.8750	
0.1283	45.8500	0.0001	74.8750	
0.1283	49.9250	0.0001	74.8750	
0.1283	50.1750	0.0001	74.9500	
0.1283	48.0750	0.0001	74.8500	
0.1282	47.5000	0.0001	74.9000	
0.1283	48.4750	0.0001	74.9500	
0.1283	45.0500	0.0001	74.8750	
0.1283	47.6000	0.0001	74.7750	
0.1283	53.1500	0.0001	74.8250	
0.1284	44.9000	0.0001	74.8250	
0.1282	47.2750	0.0001	74.8000	
0.1283	51.1500	0.0001	74.8750	
0.1283	45.1750	0.0001	74.8750	
0.1282	48.9500	0.0001	74.8250	
0.1282	50.3750	0.0001	74.8000	
0.1282	51.2500	0.0001	74.8000	
0.1282	50.7250	0.0001	74.8000	
0.1282	50.8500	0.0001	74.8250	
0.1282	47.7750	0.0001	74.8250	
0.1282	44.3000	0.0001	74.8500	
0.1282	47.9000	0.0001	74.7750	
0.1282	52.3500	0.0001	74.8250	
0.1281	47.0250	0.0001	74.8000	
0.1282	47.2750	0.0001	74.8250	
0.1281	48.3500	0.0001	74.8000	
0.1281	48.6000	0.0001	74.8250	
0.1283	48.4250	0.0001	74.8500	
0.1283	53.2000	0.0001	74.8500	
0.1281	47.5000	0.0001	74.8250	
0.1281	45.8500	0.0001	74.7750	
0.1280	48.2000	0.0001	74.8250	
0.1281	47.9000	0.0001	74.8750	
0.1283	53.9000	0.0001	74.8250	
0.1282	48.1750	0.0001	74.8500	
0.1280	49.6000	0.0001	74.8500	
0.1281	49.3250	0.0001	74.8500	
0.1281	43.9750	0.0001	74.7750	
0.1281	50.3750	0.0001	74.9250	
0.1281	48.2250	0.0001	74.8250	
0.1280	49.3250	0.0001	74.8250	
0.1281	52.2250	0.0001	74.8000	
0.1280	47.7250	0.0001	74.8000	
0.1280	46.4250	0.0001	74.7750	
0.1280	48.3750	0.0001	74.8000	
0.1280	50.1000	0.0001	74.8500	
0.1280	47.2750	0.0001	74.7500	
0.1280	49.1000	0.0001	74.8500	
0.1281	51.6000	0.0001	74.8000	
0.1280	46.3000	0.0001	74.8500	
0.1280	46.4500	0.0001	74.8000	
0.1280	51.3000	0.0001	74.8500	
0.1279	48.9500	0.0001	74.8500	
0.1281	46.1000	0.0001	74.8000	
0.1282	52.4500	0.0001	74.8250	
0.1279	47.1000	0.0001	74.8250	
0.1281	47.0000	0.0001	74.8250	
0.1280	49.5750	0.0001	74.8500	
0.1280	50.4750	0.0001	74.8250	
0.1279	49.2000	0.0001	74.8500	
0.1279	50.3500	0.0001	74.8250	
0.1279	51.0500	0.0001	74.9000	
0.1281	45.4500	0.0001	74.8500	
0.1281	50.1500	0.0001	74.8750	
0.1281	48.2250	0.0001	74.7750	
0.1279	48.2750	0.0001	74.8000	
0.1279	50.3750	0.0001	74.8750	
0.1279	47.7250	0.0001	74.8500	
0.1278	49.4000	0.0001	74.8000	
0.1280	49.2000	0.0001	74.8500	
0.1279	50.2250	0.0001	74.7500	
0.1281	46.8500	0.0001	74.8500	
0.1280	49.8750	0.0001	74.8000	
0.1279	46.6750	0.0001	74.8000	
0.1280	47.8000	0.0001	74.8750	
0.1279	47.2250	0.0001	74.7750	
0.1278	50.5250	0.0001	74.8250	
0.1281	53.1750	0.0001	74.8250	
0.1278	45.3250	0.0001	74.7750	
0.1279	46.4250	0.0001	74.7750	
0.1278	52.5250	0.0001	74.8500	
0.1278	50.0750	0.0001	74.8000	
0.1278	48.3000	0.0001	74.8250	
0.1278	46.2000	0.0001	74.8250	
0.1278	48.3500	0.0001	74.8750	
0.1278	50.1250	0.0001	74.8500	
0.1278	47.9000	0.0001	74.8500	
0.1278	48.3500	0.0001	74.8000	
0.1278	48.5250	0.0001	74.8750	
0.1278	50.5750	0.0001	74.8000	
0.1278	50.4500	0.0001	74.8000	
0.1278	46.3500	0.0001	74.8250	
0.1278	47.3750	0.0001	74.7500	
0.1278	51.0500	0.0001	74.8500	
0.1277	50.0750	0.0001	74.8250	
0.1277	48.8000	0.0001	74.8500	
0.1278	48.3750	0.0001	74.8500	
0.1277	49.0000	0.0001	74.7500	
0.1277	48.9000	0.0001	74.8000	
0.1278	45.8250	0.0001	74.8750	
0.1277	49.5250	0.0001	74.8500	
0.1277	49.1250	0.0001	74.7750	
0.1277	48.2000	0.0001	74.9000	
0.1277	50.2500	0.0001	74.8250	
0.1277	49.7250	0.0001	74.8000	
0.1277	48.8500	0.0001	74.8750	
0.1277	49.5500	0.0001	74.8250	
0.1277	47.3750	0.0001	74.8000	
0.1277	47.9750	0.0001	74.8000	
0.1277	50.9000	0.0001	74.8000	
0.1277	49.0750	0.0001	74.8000	
0.1276	47.6250	0.0001	74.8250	
0.1277	48.2250	0.0001	74.8250	
0.1277	51.7750	0.0001	74.8250	
0.1278	49.0000	0.0001	74.8250	
0.1277	49.8500	0.0001	74.7250	
0.1277	48.0500	0.0001	74.8000	
0.1277	47.2250	0.0001	74.8000	
0.1276	49.8250	0.0001	74.7500	
0.1276	48.9750	0.0001	74.8250	
0.1276	48.0750	0.0001	74.7250	
0.1277	51.4500	0.0001	74.8750	
0.1276	49.2500	0.0001	74.8250	
0.1277	47.2000	0.0001	74.7750	
0.1276	49.3000	0.0001	74.8000	
0.1276	49.0750	0.0001	74.8250	
0.1276	48.3000	0.0001	74.8000	
0.1277	50.7750	0.0001	74.7750	
0.1276	47.8500	0.0001	74.8000	
0.1276	47.5250	0.0001	74.8000	
0.1276	50.3000	0.0001	74.8500	
0.1276	49.0750	0.0001	74.8000	
0.1277	50.0250	0.0001	74.8250	
0.1277	48.4000	0.0001	74.8250	
0.1276	48.9250	0.0001	74.7750	
0.1277	50.9000	0.0001	74.8000	
0.1276	48.0750	0.0001	74.8250	
0.1276	48.8000	0.0001	74.8750	
0.1276	50.7500	0.0001	74.7750	
0.1276	50.2750	0.0001	74.8000	
0.1275	48.9250	0.0001	74.8750	
0.1276	48.4250	0.0001	74.8250	
0.1276	47.8750	0.0001	74.8000	
0.1275	49.6500	0.0001	74.8250	
0.1276	50.7250	0.0001	74.8250	
0.1276	49.7750	0.0001	74.7750	
0.1276	46.5500	0.0001	74.8250	
0.1276	48.4250	0.0001	74.8250	
0.1275	50.3000	0.0001	74.8500	
0.1276	50.5500	0.0001	74.8250	
0.1276	50.7250	0.0001	74.7750	
0.1275	49.2250	0.0001	74.8500	
0.1276	47.8750	0.0001	74.8250	
0.1275	47.9250	0.0001	74.8000	
0.1275	50.6000	0.0001	74.7750	
0.1275	49.0500	0.0001	74.8000	
0.1276	48.7500	0.0001	74.8000	
0.1276	52.3750	0.0001	74.8500	
0.1278	48.7250	0.0001	74.8000	
0.1274	49.5000	0.0001	74.8250	
0.1276	51.5750	0.0001	74.8500	
0.1275	47.6750	0.0001	74.8250	
0.1275	49.1250	0.0001	74.9250	
0.1275	49.7500	0.0001	74.8500	
0.1276	50.6250	0.0001	74.8250	
0.1275	49.0750	0.0001	74.8500	
0.1275	48.8750	0.0001	74.8250	
0.1275	49.9500	0.0001	74.7750	
0.1275	51.2250	0.0001	74.7750	
0.1275	49.6000	0.0001	74.8750	
0.1275	50.5000	0.0001	74.8250	
0.1275	49.3750	0.0001	74.9000	
0.1275	49.0750	0.0001	74.8500	
0.1275	51.0500	0.0001	74.8500	
0.1274	50.3750	0.0001	74.9250	
0.1276	48.3000	0.0001	74.8750	
0.1274	50.9500	0.0001	74.8000	
0.1275	50.8250	0.0001	74.9000	
0.1274	50.5000	0.0001	74.8250	
0.1275	49.4250	0.0001	74.8250	
0.1275	48.8250	0.0001	74.9000	
0.1274	48.9250	0.0001	74.8500	
0.1275	51.5000	0.0001	74.8000	
0.1274	51.2750	0.0001	74.8500	
0.1275	48.8750	0.0001	74.7750	
0.1274	49.4250	0.0001	74.8000	
0.1274	50.3500	0.0001	74.7500	
0.1275	51.5500	0.0001	74.8750	
0.1277	47.9250	0.0001	74.8750	
0.1275	51.4750	0.0001	74.9000	
0.1274	49.7500	0.0001	74.7750	
0.1275	48.8500	0.0001	74.8500	
0.1275	49.7750	0.0001	74.8500	
0.1275	52.1500	0.0001	74.8500	
0.1274	51.1750	0.0001	74.7750	
0.1274	50.1000	0.0001	74.8000	
0.1275	52.3500	0.0001	74.8500	
0.1275	48.1000	0.0001	74.8500	
0.1274	48.8250	0.0001	74.7750	
0.1274	50.7250	0.0001	74.8000	
0.1274	49.9000	0.0001	74.8250	
0.1274	51.5000	0.0001	74.8000	
0.1275	50.6000	0.0001	74.7750	
0.1274	51.2000	0.0001	74.8500	
0.1274	50.2250	0.0001	74.8000	
0.1275	47.7750	0.0001	74.9000	
0.1277	52.0500	0.0001	74.8500	
0.1275	51.4000	0.0001	74.8000	
0.1275	50.1500	0.0001	74.8250	
0.1274	52.9000	0.0001	74.8500	
0.1274	50.4750	0.0001	74.8000	
0.1274	48.6250	0.0001	74.8750	
0.1274	51.1500	0.0001	74.8500	
0.1274	52.4250	0.0001	74.8250	
0.1273	49.3000	0.0001	74.8750	
0.1275	49.9000	0.0001	74.7750	
0.1276	53.8750	0.0001	74.8750	
0.1278	49.8500	0.0001	74.8500	
0.1276	51.9250	0.0001	74.7500	
0.1273	51.0000	0.0001	74.8500	
0.1275	48.6500	0.0001	74.8250	
0.1273	51.4750	0.0001	74.9000	
0.1275	53.4750	0.0001	74.8500	
0.1273	49.5750	0.0001	74.8500	
0.1275	49.5750	0.0001	74.8500	
0.1273	51.6000	0.0001	74.8500	
0.1275	49.9750	0.0001	74.8250	
0.1273	51.9500	0.0001	74.8250	
0.1274	52.7750	0.0001	74.8000	
0.1274	51.1750	0.0001	74.8500	
0.1274	49.3250	0.0001	74.8000	
0.1274	50.0500	0.0001	74.7500	
0.1275	53.4750	0.0001	74.7750	
0.1274	51.4750	0.0001	74.7750	
0.1273	50.8250	0.0001	74.8250	
0.1273	52.2250	0.0001	74.8250	
0.1273	50.0250	0.0001	74.8750	
0.1274	49.2000	0.0001	74.8000	
0.1273	51.5250	0.0001	74.8250	
0.1274	52.5750	0.0001	74.8000	
0.1273	49.6750	0.0001	74.9000	
0.1274	50.6000	0.0001	74.8000	
0.1273	52.8250	0.0001	74.8500	
0.1273	53.0500	0.0001	74.8250	
0.1273	52.0000	0.0001	74.8000	
0.1273	49.6000	0.0001	74.8000	
0.1274	50.2000	0.0001	74.8750	
0.1275	52.9500	0.0001	74.9500	
0.1273	51.4750	0.0001	74.8750	
0.1274	50.6000	0.0001	74.8500	
0.1273	51.9500	0.0001	74.8750	
0.1273	53.5500	0.0001	74.8500	
0.1273	51.5000	0.0001	74.9000	
0.1274	51.3000	0.0001	74.8250	
0.1273	50.5500	0.0001	74.8000	
0.1274	51.5000	0.0001	74.8250	
0.1273	50.8750	0.0001	74.8250	
0.1273	49.8000	0.0001	74.8750	
0.1274	51.7750	0.0001	74.8250	
0.1274	51.8250	0.0001	74.8250	
0.1274	53.1750	0.0001	74.8500	
0.1273	52.3000	0.0001	74.8250	
0.1273	51.0500	0.0001	74.8750	
0.1273	51.9250	0.0001	74.7750	
0.1273	50.7000	0.0001	74.8250	
0.1274	50.7500	0.0001	74.8750	
0.1273	52.1750	0.0001	74.8000	
0.1273	52.2750	0.0001	74.9250	
0.1274	51.6750	0.0001	74.9000	
0.1275	53.3250	0.0001	74.8750	
0.1272	50.5750	0.0001	74.7750	
0.1274	49.6500	0.0001	74.8750	
0.1274	53.4750	0.0001	74.9000	
0.1274	52.7750	0.0001	74.8000	
0.1273	51.6000	0.0001	74.8000	
0.1273	51.0750	0.0001	74.8250	
0.1273	51.3000	0.0001	74.7750	
0.1273	51.8250	0.0001	74.8250	
0.1274	50.8000	0.0001	74.8500	
0.1273	53.2000	0.0001	74.8000	
0.1273	52.4750	0.0001	74.7500	
0.1273	50.6000	0.0001	74.8000	
0.1274	52.7500	0.0001	74.8000	
0.1274	50.1750	0.0001	74.8500	
0.1274	51.0500	0.0001	74.9000	
0.1273	52.7000	0.0001	74.8250	
0.1273	51.4750	0.0001	74.8000	
0.1272	52.6500	0.0001	74.8250	
0.1273	52.2500	0.0001	74.9250	
0.1273	51.8250	0.0001	74.8500	
0.1273	51.3500	0.0001	74.9500	
0.1273	50.1500	0.0001	74.8750	
0.1273	51.3500	0.0001	74.8250	
0.1274	53.4750	0.0001	74.8000	
0.1273	51.5250	0.0001	74.8500	
0.1272	52.1000	0.0001	74.9000	
0.1273	53.9000	0.0001	74.8000	
0.1272	50.6000	0.0001	74.8250	
0.1273	49.8750	0.0001	74.8000	
0.1272	52.2500	0.0001	74.8000	
0.1273	53.2250	0.0001	74.8000	
0.1273	50.7750	0.0001	74.8250	
0.1272	51.0000	0.0001	74.8500	
0.1272	51.2000	0.0001	74.8750	
0.1273	50.6000	0.0001	74.8750	
0.1273	51.5250	0.0001	74.8000	
0.1272	52.3750	0.0001	74.8500	
0.1273	50.9750	0.0001	74.8500	
0.1272	52.2750	0.0001	74.8750	
0.1273	52.8250	0.0001	74.8250	
0.1273	50.2750	0.0001	74.9250	
0.1273	50.6250	0.0001	74.8750	
0.1273	52.0500	0.0001	74.8000	
0.1272	52.3250	0.0001	74.9000	
0.1272	51.9000	0.0001	74.9500	
0.1272	50.5250	0.0001	74.8750	
0.1272	50.5750	0.0001	74.8000	
0.1272	51.7500	0.0001	74.7500	
0.1272	53.3250	0.0001	74.8000	
0.1273	52.5500	0.0001	74.8250	
0.1273	50.6000	0.0001	74.8250	
0.1273	52.5000	0.0001	74.7750	
0.1273	51.2750	0.0001	74.9250	
0.1273	49.8500	0.0001	74.8250	
0.1273	52.1250	0.0001	74.8000	
0.1273	53.6500	0.0001	74.9000	
0.1273	49.3750	0.0001	74.8750	
0.1273	50.6500	0.0001	74.7500	
0.1272	52.4250	0.0001	74.8750	
0.1273	52.2750	0.0001	74.8250	
0.1274	50.8750	0.0001	74.8000	
0.1272	52.5000	0.0001	74.8500	
0.1273	53.0750	0.0001	74.9000	
0.1272	49.6750	0.0001	74.7750	
0.1272	50.8500	0.0001	74.8750	
0.1272	53.7000	0.0001	74.8750	
0.1272	51.6250	0.0001	74.9250	
0.1272	50.2750	0.0001	74.8250	
0.1274	53.2250	0.0001	74.9250	
0.1272	50.3250	0.0001	74.8500	
0.1273	49.7250	0.0001	74.8250	
0.1272	53.5000	0.0001	74.9250	
0.1273	53.9500	0.0001	74.8750	
0.1272	48.9250	0.0001	74.7750	
0.1272	47.8750	0.0001	74.9000	
0.1273	51.1500	0.0001	74.8750	
0.1272	50.4750	0.0001	74.8250	
0.1272	52.6250	0.0001	74.9250	
0.1272	54.7750	0.0001	74.9000	
0.1272	52.7250	0.0001	74.8500	
0.1272	51.2250	0.0001	74.8750	
0.1272	52.2750	0.0001	74.8750	
0.1272	52.5750	0.0001	74.8750	
0.1274	53.0500	0.0001	74.8250	
0.1274	49.0000	0.0001	74.9000	
0.1272	50.8250	0.0001	74.8250	
0.1272	52.8750	0.0001	74.8000	
0.1272	50.7000	0.0001	74.8000	
0.1272	51.7750	0.0001	74.9250	
0.1272	52.7750	0.0001	74.8500	
0.1272	52.6500	0.0001	74.8750	
0.1272	52.6500	0.0001	74.8750	
0.1272	51.5000	0.0001	74.8750	
0.1272	51.2000	0.0001	74.7750	
0.1273	53.1000	0.0001	74.8250	
0.1272	50.3750	0.0001	74.8250	
0.1272	49.9000	0.0001	74.9000	
0.1271	52.4750	0.0001	74.8750	
0.1272	52.7250	0.0001	74.9000	
0.1272	52.6250	0.0001	74.8500	
0.1272	52.5000	0.0001	74.9250	
0.1273	50.1250	0.0001	74.8250	
0.1272	50.4500	0.0001	74.8750	
0.1272	52.3250	0.0001	74.8750	
0.1272	52.4000	0.0001	74.8000	
0.1272	53.0750	0.0001	74.8500	
0.1272	51.1250	0.0001	74.8750	
0.1272	48.9250	0.0001	74.8500	
0.1271	50.8000	0.0001	74.8250	
0.1271	52.4500	0.0001	74.8250	
0.1272	52.6250	0.0001	74.9000	
0.1272	51.7250	0.0001	74.8500	
0.1272	51.8250	0.0001	74.8750	
0.1273	53.3250	0.0001	74.8000	
0.1271	50.0750	0.0001	74.8750	
0.1272	49.2000	0.0001	74.8500	
0.1272	53.1250	0.0001	74.8500	
0.1271	53.5250	0.0001	74.8750	
0.1272	51.4500	0.0001	74.8000	
0.1272	52.1500	0.0001	74.8500	
0.1272	51.3750	0.0001	74.8750	
0.1274	49.1750	0.0001	74.9000	
0.1271	52.0000	0.0001	74.8500	
0.1272	53.7250	0.0001	74.8750	
0.1272	49.7750	0.0001	74.9000	
0.1272	49.5500	0.0001	74.8000	
0.1272	50.4000	0.0001	74.8750	
0.1271	51.2750	0.0001	74.8750	
0.1272	53.7000	0.0001	74.9250	
0.1271	52.2250	0.0001	74.9000	
0.1272	50.9500	0.0001	74.8750	
0.1272	52.6750	0.0001	74.9000	
0.1271	52.8750	0.0001	74.9250	
0.1271	50.3000	0.0001	74.8750	
0.1272	50.0000	0.0001	74.8500	
0.1272	51.1250	0.0001	74.8500	
0.1272	53.8750	0.0001	74.9000	
0.1272	53.1750	0.0001	74.8500	
0.1272	50.3000	0.0001	74.9000	
0.1272	50.9250	0.0001	74.8500	
0.1272	53.4500	0.0001	74.8500	
0.1272	51.8250	0.0001	74.8250	
0.1272	50.6000	0.0001	74.8750	
0.1272	52.7750	0.0001	74.7500	
0.1271	52.5000	0.0001	74.8750	
0.1271	52.1500	0.0001	74.8500	
0.1271	52.9500	0.0001	74.8750	
0.1271	52.9750	0.0001	74.8000	
0.1271	53.9500	0.0001	74.9000	
0.1272	52.8250	0.0001	74.8500	
0.1271	52.4000	0.0001	74.8000	
0.1271	51.6000	0.0001	74.8500	
0.1272	52.2000	0.0001	74.8500	
0.1272	52.4000	0.0001	74.8000	
0.1272	53.9250	0.0001	74.8250	
0.1271	54.2000	0.0001	74.8500	
0.1271	53.4250	0.0001	74.8750	
0.1271	52.5750	0.0001	74.9000	
0.1271	52.8250	0.0001	74.9250	
0.1271	53.0750	0.0001	74.8000	
0.1272	53.4000	0.0001	74.8250	
0.1271	53.3000	0.0001	74.9750	
0.1272	52.8750	0.0001	74.8500	
0.1271	53.9000	0.0001	74.8500	
0.1271	53.4000	0.0001	74.8750	
0.1272	53.3500	0.0001	74.8250	
0.1272	51.4000	0.0001	74.8750	
0.1271	53.4500	0.0001	74.8250	
0.1271	54.0500	0.0001	74.8250	
0.1271	53.2500	0.0001	74.9000	
0.1272	53.8000	0.0001	74.8500	
0.1271	53.2000	0.0001	74.8750	
0.1273	50.9250	0.0001	74.9000	
0.1271	53.8000	0.0001	74.9250	
0.1272	55.0750	0.0001	74.8500	
0.1271	52.3000	0.0001	74.8500	
0.1272	52.2000	0.0001	74.8750	
0.1271	54.7500	0.0001	74.8750	
0.1271	54.6750	0.0001	74.8000	
0.1271	53.7750	0.0001	74.8750	
0.1271	53.4500	0.0001	74.9000	
0.1272	54.6500	0.0001	74.8750	
0.1273	54.0750	0.0001	74.8500	
0.1271	52.5250	0.0001	74.8500	
0.1271	54.0750	0.0001	74.8750	
0.1271	54.0750	0.0001	74.8000	
0.1271	53.8000	0.0001	74.9000	
0.1271	53.8500	0.0001	74.8250	
0.1271	53.2500	0.0001	74.9000	
0.1271	53.5750	0.0001	74.8000	
0.1271	53.6250	0.0001	74.9750	
0.1271	53.1000	0.0001	74.8750	
0.1272	54.8000	0.0001	74.9000	
0.1271	54.0250	0.0001	74.9250	
0.1271	53.3250	0.0001	74.8250	
0.1271	54.3750	0.0001	74.8500	
0.1271	54.8500	0.0001	74.8500	
0.1271	54.5000	0.0001	74.8500	
0.1271	54.0750	0.0001	74.8750	
0.1271	53.9750	0.0001	74.8250	
0.1271	54.0750	0.0001	74.8500	
0.1271	52.8500	0.0001	74.9000	
0.1271	52.2250	0.0001	74.8500	
0.1271	54.1250	0.0001	74.8500	
0.1271	54.6500	0.0001	74.9000	
0.1274	53.8750	0.0001	74.8500	
0.1272	55.0000	0.0001	74.9000	
0.1271	53.7500	0.0001	74.8750	
0.1271	51.4250	0.0001	74.8750	
0.1272	53.7500	0.0001	74.9250	
0.1271	54.2000	0.0001	74.8750	
0.1272	52.5000	0.0001	74.9000	
0.1271	54.6750	0.0001	74.9000	
0.1271	55.0750	0.0001	74.8250	
0.1271	54.4250	0.0001	74.8250	
0.1271	54.0000	0.0001	74.9250	
0.1271	54.1750	0.0001	74.9250	
0.1271	54.4500	0.0001	74.8750	
0.1271	54.3250	0.0001	74.9000	
0.1271	53.5750	0.0001	74.9250	
0.1271	54.0500	0.0001	74.8500	
0.1271	54.8250	0.0001	74.9000	
0.1271	54.2000	0.0001	74.8250	
0.1271	54.1250	0.0001	74.8250	
0.1271	54.0250	0.0001	74.8500	
0.1271	54.4000	0.0001	74.8750	
0.1271	53.6000	0.0001	74.8500	
0.1271	53.4750	0.0001	74.8750	
0.1271	55.4250	0.0001	74.9250	
0.1271	55.0500	0.0001	74.8500	
0.1272	55.0250	0.0001	74.9250	
0.1272	53.0750	0.0001	74.8750	
0.1271	54.2000	0.0001	74.8500	
0.1272	54.1000	0.0001	74.8500	
0.1271	54.0500	0.0001	74.8500	
0.1271	53.8250	0.0001	74.8000	
0.1272	53.9000	0.0001	74.8500	
0.1271	52.1750	0.0001	74.9250	
0.1271	53.6000	0.0001	74.9000	
0.1271	55.2750	0.0001	74.8750	
0.1271	55.0500	0.0001	74.8250	
0.1270	54.7000	0.0001	74.8500	
0.1271	54.3000	0.0001	74.8750	
0.1271	54.0500	0.0001	74.8750	
0.1271	52.9500	0.0001	74.8000	
0.1271	54.0000	0.0001	74.8750	
0.1271	54.9000	0.0001	74.8750	
0.1271	54.5500	0.0001	74.8500	
0.1271	54.6500	0.0001	74.9250	
0.1271	55.3000	0.0001	74.8000	
0.1272	55.2500	0.0001	74.9000	
0.1274	51.4250	0.0001	74.9500	
0.1271	53.2000	0.0001	74.9500	
0.1271	55.3000	0.0001	74.8500	
0.1270	54.3750	0.0001	74.8750	
0.1271	53.7750	0.0001	74.8750	
0.1271	54.9000	0.0001	74.9500	
0.1271	54.2750	0.0001	74.8250	
0.1271	53.5500	0.0001	74.8250	
0.1271	53.3250	0.0001	74.9500	
0.1271	54.5750	0.0001	74.9000	
0.1271	54.4750	0.0001	74.9000	
0.1272	53.8500	0.0001	74.8250	
0.1271	55.1500	0.0001	74.9000	
0.1271	54.7000	0.0001	74.8500	
0.1272	52.2500	0.0001	74.8750	
0.1270	52.9750	0.0001	74.8500	
0.1271	54.3750	0.0001	74.9000	
0.1270	54.2500	0.0001	74.8750	
0.1271	53.3500	0.0001	74.9000	
0.1271	54.7500	0.0001	74.9250	
0.1272	54.8250	0.0001	74.9250	
0.1271	55.4750	0.0001	74.9000	
0.1270	55.2000	0.0001	74.8750	
0.1270	53.8250	0.0001	74.9250	
0.1271	54.2250	0.0001	74.8500	
0.1271	53.6000	0.0001	74.8750	
0.1271	54.1250	0.0001	74.9000	
0.1271	54.8250	0.0001	74.8500	
0.1270	55.0250	0.0001	74.9000	
0.1271	54.9750	0.0001	74.8250	
0.1271	53.6500	0.0001	74.8750	
0.1270	53.8250	0.0001	74.8750	
0.1271	54.3750	0.0001	74.8250	
0.1271	54.8500	0.0001	74.8500	
0.1271	54.4000	0.0001	74.8500	
0.1271	53.3000	0.0001	74.8750	
