Loss_Adversary	Accuracy_Adversary	Loss_Target	Accuracy_Target	
0.0568	0.3385	0.7911	50.0000	50.0000	
0.0468	0.3351	0.7560	50.0000	50.0000	
0.0368	0.3319	0.7216	50.0000	50.0000	
0.0271	0.3288	0.6879	50.0000	50.0000	
0.0174	0.3257	0.6546	50.0000	50.0000	
0.0077	0.3227	0.6212	50.0000	50.0000	
-0.0020	0.3198	0.5881	50.0000	50.0000	
-0.0118	0.3170	0.5551	50.0000	50.0000	
-0.0216	0.3143	0.5221	50.0000	50.0000	
-0.0311	0.3117	0.4898	50.0000	50.0000	
-0.0406	0.3091	0.4582	50.0000	50.0000	
-0.0496	0.3067	0.4278	50.0000	50.0000	
-0.0583	0.3043	0.3985	50.0000	50.0000	
-0.0664	0.3020	0.3713	50.0000	50.0000	
-0.0739	0.2998	0.3455	50.0000	50.0000	
-0.0815	0.2975	0.3198	50.0000	50.0000	
-0.0876	0.2941	0.2959	50.0000	50.0000	
-0.0918	0.2887	0.2740	50.0000	50.0000	
-0.0948	0.2828	0.2545	50.0000	50.0000	
-0.0973	0.2770	0.2366	50.0000	57.6500	
-0.0988	0.2709	0.2209	50.0000	84.2500	
-0.0993	0.2645	0.2074	50.0000	87.5000	
-0.0989	0.2577	0.1962	50.0000	88.7000	
-0.0974	0.2506	0.1871	50.0000	88.9000	
-0.0951	0.2434	0.1803	50.0000	88.3000	
-0.0920	0.2362	0.1757	56.8750	88.1750	
-0.0881	0.2284	0.1726	74.5500	88.3500	
-0.0838	0.2208	0.1705	74.7750	88.5500	
-0.0794	0.2131	0.1689	74.8000	88.9500	
-0.0752	0.2061	0.1678	75.2000	89.6250	
-0.0719	0.2010	0.1678	75.2500	90.2750	
-0.0697	0.1985	0.1695	75.1500	91.2000	
-0.0681	0.1987	0.1745	74.6500	92.2750	
-0.0677	0.2031	0.1837	73.8000	91.7750	
-0.0684	0.2158	0.2053	70.2750	87.5250	
-0.0683	0.2259	0.2245	65.8250	83.1500	
-0.0725	0.2244	0.2097	72.9500	96.0750	
-0.0707	0.2242	0.2143	73.3250	98.7000	
-0.0698	0.2296	0.2269	72.2250	97.8250	
-0.0694	0.2426	0.2522	64.0250	91.8000	
-0.0680	0.2471	0.2647	63.7500	83.9250	
-0.0666	0.2510	0.2759	59.4250	74.4750	
-0.0654	0.2543	0.2856	54.0250	71.7000	
-0.0642	0.2547	0.2896	50.7250	69.6250	
-0.0635	0.2532	0.2887	50.5000	67.3000	
-0.0632	0.2503	0.2841	51.3750	65.3250	
-0.0634	0.2466	0.2768	53.7000	65.2500	
-0.0641	0.2428	0.2677	56.7250	66.7750	
-0.0652	0.2394	0.2585	60.8750	69.0500	
-0.0664	0.2365	0.2495	64.1000	71.2250	
-0.0678	0.2337	0.2404	67.0750	75.0000	
-0.0693	0.2317	0.2324	69.2500	79.4500	
-0.0706	0.2312	0.2277	70.3500	83.5500	
-0.0718	0.2327	0.2271	70.0250	87.9000	
-0.0727	0.2354	0.2294	68.2000	90.0500	
-0.0734	0.2375	0.2314	67.0750	90.0500	
-0.0740	0.2387	0.2318	66.8000	88.2500	
-0.0749	0.2401	0.2318	66.4750	85.9500	
-0.0760	0.2431	0.2344	65.2250	83.5250	
-0.0773	0.2480	0.2399	61.6250	80.7750	
-0.0785	0.2554	0.2501	57.1250	78.3250	
-0.0788	0.2600	0.2579	53.4250	75.7250	
-0.0787	0.2581	0.2544	52.4250	74.9250	
-0.0793	0.2550	0.2471	52.5500	75.1500	
-0.0803	0.2517	0.2381	54.0250	76.1000	
-0.0815	0.2484	0.2286	55.1500	77.8250	
-0.0825	0.2467	0.2224	55.4750	79.4750	
-0.0838	0.2493	0.2238	54.1250	79.1000	
-0.0853	0.2554	0.2304	51.7000	76.7750	
-0.0869	0.2580	0.2310	50.1500	75.3750	
-0.0883	0.2576	0.2263	50.3250	75.4250	
-0.0899	0.2585	0.2231	50.0250	75.1750	
-0.0919	0.2568	0.2142	51.8250	77.0000	
-0.0942	0.2564	0.2071	52.8750	77.9500	
-0.0965	0.2571	0.2018	53.1250	78.0000	
-0.0991	0.2579	0.1959	53.4500	77.6000	
-0.1018	0.2584	0.1890	53.3750	77.1250	
-0.1045	0.2577	0.1801	54.0500	76.3000	
-0.1071	0.2561	0.1695	56.3750	74.5750	
-0.1101	0.2541	0.1574	60.0750	73.4750	
-0.1130	0.2508	0.1430	66.6500	72.4750	
-0.1157	0.2479	0.1300	68.5250	71.4500	
-0.1179	0.2444	0.1170	68.6500	70.2000	
-0.1196	0.2409	0.1058	67.8250	69.0000	
-0.1207	0.2375	0.0962	67.8750	69.5750	
-0.1214	0.2335	0.0868	68.6750	69.9750	
-0.1219	0.2310	0.0806	69.9750	69.8500	
-0.1222	0.2273	0.0730	71.8250	71.4500	
-0.1220	0.2241	0.0675	73.1750	72.2500	
-0.1214	0.2186	0.0593	74.0000	73.7000	
-0.1200	0.2142	0.0551	74.7250	73.8000	
-0.1179	0.2086	0.0504	74.7500	74.0250	
-0.1156	0.2038	0.0483	74.8750	73.1000	
-0.1133	0.2004	0.0484	75.1750	70.8500	
-0.1117	0.1979	0.0485	75.2500	69.0500	
-0.1106	0.1975	0.0507	75.0000	68.5000	
-0.1104	0.2032	0.0619	73.2000	66.6750	
-0.1106	0.2077	0.0698	70.6500	68.1000	
-0.1106	0.2138	0.0810	66.1750	69.3250	
-0.1105	0.2190	0.0908	63.0250	71.1500	
-0.1106	0.2190	0.0907	65.1250	73.0500	
-0.1109	0.2196	0.0911	65.9750	74.1000	
-0.1112	0.2187	0.0885	67.3750	74.9750	
-0.1115	0.2231	0.0959	65.6250	74.5750	
-0.1117	0.2274	0.1033	63.9500	75.5500	
-0.1119	0.2357	0.1179	61.1250	77.5500	
-0.1121	0.2418	0.1288	58.9750	77.7250	
-0.1128	0.2578	0.1564	53.8250	79.1500	
-0.1138	0.2643	0.1658	51.9750	81.4750	
-0.1137	0.2627	0.1629	50.3500	83.2000	
-0.1137	0.2593	0.1568	47.5750	85.1000	
-0.1135	0.2572	0.1534	42.1500	85.2000	
-0.1129	0.2580	0.1565	42.2250	83.4750	
-0.1125	0.2551	0.1523	43.8750	83.8750	
-0.1123	0.2530	0.1492	45.3000	85.0000	
-0.1119	0.2502	0.1448	47.9250	86.0750	
-0.1117	0.2487	0.1426	50.3000	85.4250	
-0.1116	0.2479	0.1413	52.5500	84.3500	
-0.1116	0.2479	0.1414	52.9750	83.1750	
-0.1117	0.2465	0.1387	53.7000	83.3750	
-0.1118	0.2449	0.1353	55.2250	83.2750	
-0.1119	0.2443	0.1340	54.6750	83.3500	
-0.1120	0.2429	0.1309	56.2000	83.6500	
-0.1122	0.2430	0.1308	55.4000	83.1000	
-0.1123	0.2427	0.1299	54.9250	83.2000	
-0.1124	0.2412	0.1267	55.2250	84.0250	
-0.1126	0.2398	0.1236	56.7000	83.9750	
-0.1127	0.2400	0.1237	55.3250	83.8500	
-0.1129	0.2392	0.1216	55.7500	84.0250	
-0.1131	0.2375	0.1180	55.8750	84.4250	
-0.1133	0.2359	0.1143	56.3500	84.9500	
-0.1136	0.2341	0.1102	56.9000	85.2000	
-0.1138	0.2340	0.1093	56.4750	84.4500	
-0.1141	0.2328	0.1064	56.1250	84.5750	
-0.1144	0.2306	0.1015	56.2750	85.0250	
-0.1147	0.2278	0.0954	57.7750	84.2750	
-0.1151	0.2272	0.0930	57.6000	83.9500	
-0.1153	0.2277	0.0934	56.7000	83.0750	
-0.1157	0.2251	0.0873	57.3000	82.8250	
-0.1159	0.2229	0.0827	58.0750	82.3250	
-0.1161	0.2228	0.0819	57.6250	81.1250	
-0.1164	0.2220	0.0798	57.6500	80.2250	
-0.1164	0.2229	0.0815	56.5000	80.2000	
-0.1163	0.2203	0.0769	57.5250	79.9000	
-0.1161	0.2200	0.0769	57.0250	80.4000	
-0.1157	0.2200	0.0778	56.7500	79.7000	
-0.1154	0.2213	0.0814	55.6500	80.2750	
-0.1150	0.2204	0.0808	55.8000	80.4250	
-0.1146	0.2207	0.0824	55.2500	80.8000	
-0.1143	0.2210	0.0838	55.1000	81.2250	
-0.1142	0.2225	0.0869	55.2000	81.6250	
-0.1141	0.2228	0.0876	55.9000	81.6500	
-0.1143	0.2275	0.0960	55.1500	80.6000	
-0.1144	0.2328	0.1055	54.4000	81.2000	
-0.1146	0.2334	0.1059	54.3750	81.1250	
-0.1146	0.2300	0.0999	55.1250	81.2250	
-0.1149	0.2352	0.1087	54.2250	81.5250	
-0.1148	0.2381	0.1142	53.0500	82.4750	
-0.1151	0.2322	0.1022	55.1500	82.6250	
-0.1153	0.2295	0.0969	56.5000	82.3500	
-0.1154	0.2324	0.1019	56.5250	81.7500	
-0.1153	0.2366	0.1099	55.9500	81.7500	
-0.1154	0.2355	0.1076	56.3250	82.0750	
-0.1155	0.2332	0.1031	57.4250	82.4250	
-0.1155	0.2356	0.1074	56.6750	82.3000	
-0.1160	0.2368	0.1085	55.9500	83.1250	
-0.1162	0.2349	0.1043	56.7750	83.1750	
-0.1161	0.2330	0.1010	58.0750	82.8500	
-0.1162	0.2356	0.1055	57.3000	83.2750	
-0.1162	0.2376	0.1092	56.2250	83.9500	
-0.1166	0.2325	0.0987	57.7500	84.6500	
-0.1167	0.2317	0.0970	58.1000	84.1750	
-0.1170	0.2380	0.1076	55.6000	84.4000	
-0.1169	0.2364	0.1051	54.8500	84.9250	
-0.1171	0.2337	0.0994	55.7250	85.9750	
-0.1174	0.2340	0.0992	55.0750	85.6750	
-0.1174	0.2375	0.1056	51.8750	85.4500	
-0.1175	0.2370	0.1044	51.6750	86.6000	
-0.1177	0.2355	0.1010	50.8250	86.4500	
-0.1178	0.2356	0.1010	49.9000	86.8000	
-0.1180	0.2366	0.1023	48.9750	86.7000	
-0.1180	0.2365	0.1020	47.5250	87.0000	
-0.1182	0.2360	0.1005	47.5750	87.2250	
-0.1182	0.2350	0.0987	47.9250	87.6000	
-0.1183	0.2357	0.0995	47.8750	87.7000	
-0.1184	0.2362	0.1002	46.5250	87.7500	
-0.1184	0.2355	0.0989	45.0500	87.8500	
-0.1184	0.2343	0.0968	45.7250	88.4000	
-0.1186	0.2364	0.1000	45.5750	88.0000	
-0.1185	0.2353	0.0984	45.3000	88.1250	
-0.1183	0.2336	0.0959	46.1250	89.0000	
-0.1183	0.2331	0.0950	46.6500	88.1500	
-0.1186	0.2345	0.0968	46.0000	87.8250	
-0.1182	0.2339	0.0966	46.5500	88.3500	
-0.1186	0.2344	0.0965	46.6000	88.1500	
-0.1188	0.2329	0.0932	47.4250	88.2250	
-0.1187	0.2328	0.0932	46.5750	87.7750	
-0.1186	0.2342	0.0960	46.5250	88.0750	
-0.1188	0.2348	0.0967	47.5000	88.1000	
-0.1188	0.2318	0.0909	48.3250	88.2000	
-0.1187	0.2329	0.0933	47.0000	87.7750	
-0.1187	0.2322	0.0921	48.1000	87.6750	
-0.1186	0.2311	0.0904	48.3000	87.7500	
-0.1186	0.2319	0.0919	47.9000	87.8250	
-0.1185	0.2321	0.0925	47.0250	87.4500	
-0.1188	0.2325	0.0924	48.2500	86.8250	
-0.1184	0.2310	0.0907	48.8250	87.6000	
-0.1185	0.2323	0.0928	47.5000	86.5500	
-0.1184	0.2313	0.0912	48.1000	86.7500	
-0.1185	0.2310	0.0904	48.6000	86.6500	
-0.1184	0.2312	0.0911	48.8500	86.9000	
-0.1185	0.2322	0.0928	48.4750	86.3000	
-0.1182	0.2317	0.0924	48.6500	86.1500	
-0.1178	0.2311	0.0924	49.3250	86.0500	
-0.1178	0.2325	0.0953	50.0500	85.8500	
-0.1179	0.2309	0.0921	50.5750	85.2500	
-0.1179	0.2304	0.0909	50.0000	85.5250	
-0.1179	0.2319	0.0937	50.4250	84.8500	
-0.1176	0.2312	0.0935	50.8500	84.8000	
-0.1178	0.2319	0.0940	50.5000	84.3250	
-0.1179	0.2315	0.0931	50.4250	84.5000	
-0.1178	0.2315	0.0934	50.6250	84.3000	
-0.1177	0.2313	0.0932	51.5250	83.7250	
-0.1177	0.2319	0.0945	51.9250	83.8000	
-0.1178	0.2331	0.0964	50.5500	83.8500	
-0.1176	0.2331	0.0970	51.6500	83.3000	
-0.1176	0.2312	0.0934	52.6500	83.1000	
-0.1175	0.2316	0.0944	52.6750	82.4500	
-0.1175	0.2339	0.0987	51.4250	82.5500	
-0.1175	0.2330	0.0970	52.7750	81.9500	
-0.1174	0.2327	0.0969	52.4000	82.4000	
-0.1174	0.2338	0.0988	52.4000	81.6500	
-0.1171	0.2333	0.0985	53.1000	81.6250	
-0.1174	0.2321	0.0956	53.4500	82.0250	
-0.1173	0.2336	0.0988	53.5750	80.7000	
-0.1171	0.2325	0.0973	54.0500	81.3750	
-0.1173	0.2338	0.0992	53.6750	80.3000	
-0.1173	0.2346	0.1006	53.4500	80.4750	
-0.1171	0.2337	0.0994	54.3000	80.5500	
-0.1172	0.2327	0.0975	54.5500	79.8500	
-0.1171	0.2356	0.1029	53.8500	79.9250	
-0.1172	0.2351	0.1017	54.0000	79.5500	
-0.1173	0.2348	0.1009	54.5750	79.1500	
-0.1172	0.2349	0.1015	54.8250	79.0250	
-0.1170	0.2372	0.1062	53.7750	79.1000	
-0.1171	0.2360	0.1036	54.1750	78.6250	
-0.1175	0.2345	0.0999	55.6500	78.5250	
-0.1172	0.2339	0.0994	55.5500	78.7000	
-0.1171	0.2361	0.1037	54.8500	78.3750	
-0.1173	0.2361	0.1035	54.9500	78.6500	
-0.1174	0.2359	0.1027	55.0250	78.5000	
-0.1175	0.2376	0.1054	54.7000	78.4750	
-0.1176	0.2381	0.1061	54.7250	78.2750	
-0.1178	0.2360	0.1017	55.4750	78.3500	
-0.1179	0.2366	0.1024	54.9000	78.3750	
-0.1177	0.2379	0.1053	55.4500	78.1500	
-0.1175	0.2347	0.1002	56.4000	78.1500	
-0.1175	0.2366	0.1037	55.3250	77.9500	
-0.1175	0.2374	0.1052	55.3500	78.3250	
-0.1174	0.2334	0.0981	56.7250	78.1500	
-0.1176	0.2370	0.1042	55.0250	78.3750	
-0.1176	0.2390	0.1079	54.8000	77.6750	
-0.1177	0.2347	0.0997	56.0500	78.4750	
-0.1173	0.2364	0.1038	55.8750	77.6500	
-0.1176	0.2354	0.1013	56.5750	77.1500	
-0.1177	0.2369	0.1036	55.9250	77.6000	
-0.1177	0.2388	0.1073	56.2250	76.8750	
-0.1180	0.2360	0.1013	56.5750	77.0250	
-0.1178	0.2364	0.1023	56.3250	77.4000	
-0.1179	0.2376	0.1045	55.8250	77.4500	
-0.1177	0.2350	0.1002	56.5250	77.2000	
-0.1178	0.2365	0.1026	56.6500	77.3750	
-0.1178	0.2360	0.1017	56.5500	77.3500	
-0.1178	0.2367	0.1030	56.4750	76.8000	
-0.1175	0.2358	0.1022	56.6000	76.6000	
-0.1181	0.2370	0.1028	56.4250	76.3000	
-0.1182	0.2357	0.1001	57.1000	76.3000	
-0.1178	0.2368	0.1031	56.6000	75.8500	
-0.1178	0.2365	0.1025	56.9500	76.2500	
-0.1179	0.2351	0.0997	56.8000	76.5750	
-0.1181	0.2374	0.1035	56.1000	76.3750	
-0.1178	0.2378	0.1051	55.9000	76.0750	
-0.1177	0.2359	0.1020	56.4250	75.9250	
-0.1176	0.2376	0.1053	56.2500	75.3000	
-0.1177	0.2358	0.1015	56.9000	75.9000	
-0.1182	0.2358	0.1001	56.8500	75.9750	
-0.1182	0.2361	0.1007	56.7250	75.8750	
-0.1182	0.2382	0.1048	56.1000	75.8750	
-0.1178	0.2371	0.1038	55.9000	76.4750	
-0.1176	0.2332	0.0971	57.3250	75.9750	
-0.1181	0.2362	0.1013	56.9750	75.7250	
-0.1181	0.2382	0.1051	56.3250	75.6750	
-0.1180	0.2367	0.1026	57.0750	75.6250	
-0.1182	0.2383	0.1049	55.6750	75.6000	
-0.1180	0.2391	0.1069	55.3500	75.8000	
-0.1182	0.2388	0.1056	56.2750	75.2750	
-0.1183	0.2383	0.1044	55.9500	76.3250	
-0.1183	0.2369	0.1020	56.4000	75.5500	
-0.1183	0.2373	0.1028	56.1750	75.5250	
-0.1184	0.2398	0.1072	54.8000	76.3500	
-0.1183	0.2396	0.1071	55.3500	75.8500	
-0.1184	0.2370	0.1019	56.8000	75.5250	
-0.1185	0.2387	0.1048	56.1000	75.2250	
-0.1184	0.2368	0.1015	55.8000	76.1250	
-0.1183	0.2376	0.1034	56.1250	75.6250	
-0.1185	0.2383	0.1039	56.0250	75.6250	
-0.1185	0.2365	0.1008	56.7250	75.7750	
-0.1185	0.2403	0.1075	54.8500	75.5000	
-0.1185	0.2405	0.1080	54.9000	75.6250	
-0.1184	0.2375	0.1028	55.1750	76.1250	
-0.1185	0.2382	0.1037	56.1750	75.7750	
-0.1185	0.2359	0.0994	56.0000	75.7000	
-0.1185	0.2385	0.1042	54.9750	75.8000	
-0.1185	0.2413	0.1097	54.2500	76.6000	
-0.1186	0.2376	0.1025	55.8750	76.1500	
-0.1184	0.2387	0.1050	55.3000	75.6250	
-0.1183	0.2403	0.1082	54.3250	75.8750	
-0.1185	0.2387	0.1047	55.1000	76.0250	
-0.1187	0.2376	0.1022	55.5000	75.8250	
-0.1186	0.2416	0.1097	54.5250	75.4750	
-0.1185	0.2387	0.1048	54.5750	76.3750	
-0.1185	0.2367	0.1011	55.8750	76.4250	
-0.1187	0.2399	0.1063	54.6500	75.8750	
-0.1187	0.2386	0.1041	54.7500	76.4500	
-0.1188	0.2392	0.1048	54.5500	76.0500	
-0.1187	0.2427	0.1114	53.6000	75.8250	
-0.1188	0.2390	0.1044	54.9000	76.3750	
-0.1185	0.2377	0.1028	55.0750	75.8500	
-0.1183	0.2408	0.1092	53.7000	76.3000	
-0.1186	0.2387	0.1046	54.0750	76.4750	
-0.1189	0.2397	0.1055	54.2500	75.6750	
-0.1188	0.2411	0.1084	53.7000	76.0750	
-0.1187	0.2401	0.1068	54.4500	75.3750	
-0.1188	0.2413	0.1086	53.3500	76.2500	
-0.1188	0.2394	0.1052	54.1000	76.5500	
-0.1190	0.2411	0.1078	53.7250	76.6000	
-0.1191	0.2406	0.1066	54.1250	75.9000	
-0.1188	0.2392	0.1048	54.3750	76.4500	
-0.1190	0.2420	0.1094	53.5500	76.3750	
-0.1191	0.2416	0.1084	53.3500	76.1500	
-0.1191	0.2413	0.1078	53.8500	76.1750	
-0.1189	0.2414	0.1087	53.8250	76.8000	
-0.1190	0.2390	0.1040	54.2500	76.2750	
-0.1190	0.2436	0.1125	52.9250	76.0000	
-0.1192	0.2454	0.1151	52.6250	76.4500	
-0.1193	0.2412	0.1072	53.9250	75.9500	
-0.1193	0.2417	0.1082	54.1750	76.5250	
-0.1193	0.2446	0.1135	53.6500	76.6000	
-0.1192	0.2430	0.1106	53.8750	76.7500	
-0.1197	0.2442	0.1115	54.1250	76.2500	
-0.1199	0.2472	0.1167	53.3250	76.3000	
-0.1201	0.2490	0.1194	52.3250	76.4000	
-0.1203	0.2490	0.1187	52.7750	76.3750	
-0.1208	0.2480	0.1155	54.2750	76.4250	
-0.1213	0.2550	0.1269	53.0250	76.7000	
-0.1225	0.2610	0.1347	52.9750	76.6250	
-0.1244	0.2696	0.1452	53.4500	76.6000	
-0.1277	0.2930	0.1792	54.9500	75.7500	
-0.1325	0.3144	0.2053	55.2750	74.2000	
-0.1349	0.3177	0.2045	55.4500	74.0500	
-0.1346	0.3160	0.2022	53.7500	73.9500	
-0.1324	0.3022	0.1831	53.9250	74.3250	
-0.1303	0.2733	0.1353	59.1000	74.6750	
-0.1287	0.2739	0.1411	58.3000	74.5500	
-0.1268	0.2617	0.1239	60.4500	76.3000	
-0.1242	0.2694	0.1455	55.9750	75.5500	
-0.1222	0.2676	0.1479	54.7000	74.2500	
-0.1198	0.2551	0.1315	57.1000	75.1500	
-0.1186	0.2567	0.1380	54.5250	74.2750	
-0.1185	0.2670	0.1575	50.3250	73.1250	
-0.1201	0.2875	0.1909	45.1750	73.5000	
-0.1271	0.3341	0.2575	36.8250	75.4250	
-0.1384	0.3956	0.3391	31.5500	76.3000	
-0.1465	0.4025	0.3289	28.1500	77.0500	
-0.1424	0.3876	0.3130	32.9500	76.0500	
-0.1339	0.3558	0.2781	43.7250	77.4000	
-0.1257	0.3273	0.2486	46.0500	80.0500	
-0.1208	0.3048	0.2208	47.2250	81.3750	
-0.1227	0.2829	0.1749	49.3500	81.6000	
-0.1232	0.2582	0.1274	49.9250	81.8750	
-0.1205	0.2429	0.1068	50.0000	83.0750	
-0.1181	0.2407	0.1098	49.9500	80.2750	
-0.1166	0.2412	0.1148	50.0000	80.2750	
-0.1158	0.2450	0.1240	50.0000	81.0250	
-0.1160	0.2437	0.1212	50.0000	82.5750	
-0.1171	0.2428	0.1165	50.0000	82.6500	
-0.1194	0.2448	0.1137	50.0000	79.8500	
-0.1216	0.2477	0.1125	50.0000	76.6000	
-0.1234	0.2491	0.1100	50.0000	74.9500	
-0.1249	0.2499	0.1074	50.0000	73.5000	
-0.1258	0.2501	0.1050	50.0000	72.0500	
-0.1265	0.2491	0.1011	50.0000	72.0750	
-0.1270	0.2475	0.0966	50.0000	73.0750	
-0.1273	0.2455	0.0922	50.0000	74.0000	
-0.1271	0.2434	0.0887	50.0000	73.5000	
-0.1264	0.2412	0.0868	50.0000	72.3250	
-0.1251	0.2384	0.0855	50.0000	70.4250	
-0.1230	0.2346	0.0842	51.1250	69.0250	
-0.1208	0.2307	0.0834	61.0000	67.4500	
-0.1185	0.2268	0.0825	70.4750	66.6500	
-0.1165	0.2233	0.0817	72.9000	65.5250	
-0.1148	0.2202	0.0810	72.4500	64.9250	
-0.1131	0.2174	0.0806	72.4000	64.5500	
-0.1114	0.2151	0.0811	72.3000	64.2250	
-0.1100	0.2134	0.0822	70.3000	63.4750	
-0.1087	0.2121	0.0835	66.5000	63.1500	
-0.1076	0.2115	0.0855	66.7250	62.7750	
-0.1067	0.2118	0.0885	68.2500	62.3250	
-0.1061	0.2127	0.0921	69.9000	62.0000	
-0.1056	0.2144	0.0963	70.4500	61.5750	
-0.1053	0.2164	0.1009	69.7500	61.7000	
-0.1052	0.2190	0.1060	68.7000	61.7750	
-0.1052	0.2219	0.1114	67.3000	62.1750	
-0.1053	0.2248	0.1167	66.3250	63.0250	
-0.1054	0.2275	0.1215	64.9000	63.5750	
-0.1054	0.2301	0.1262	63.0000	64.4750	
-0.1055	0.2323	0.1300	61.3500	65.0500	
-0.1056	0.2341	0.1332	60.4000	65.7250	
-0.1056	0.2356	0.1358	59.0250	66.4250	
-0.1057	0.2369	0.1380	58.2500	67.1000	
-0.1058	0.2380	0.1397	57.6500	67.7500	
-0.1059	0.2388	0.1409	57.1250	68.0000	
-0.1060	0.2394	0.1418	56.9750	68.3000	
-0.1061	0.2400	0.1425	56.5500	68.6500	
-0.1063	0.2406	0.1433	56.7750	69.2000	
-0.1064	0.2413	0.1441	56.7000	69.5500	
-0.1065	0.2419	0.1448	56.7500	69.9750	
-0.1067	0.2426	0.1456	56.5250	70.3250	
-0.1069	0.2434	0.1466	56.4000	70.7750	
-0.1071	0.2442	0.1475	55.9500	71.3250	
-0.1073	0.2451	0.1486	55.1250	71.8000	
-0.1075	0.2460	0.1496	53.3000	72.1000	
-0.1078	0.2469	0.1505	51.0500	72.8250	
-0.1081	0.2479	0.1516	48.2750	73.1500	
-0.1084	0.2490	0.1526	46.0250	73.9500	
-0.1088	0.2502	0.1538	44.3250	74.7000	
-0.1093	0.2516	0.1550	43.1250	75.2000	
-0.1099	0.2532	0.1564	41.6250	75.8500	
-0.1105	0.2551	0.1579	40.3000	76.3500	
-0.1114	0.2574	0.1598	38.5000	76.9250	
-0.1126	0.2604	0.1620	36.6500	77.2000	
-0.1141	0.2642	0.1647	35.3250	77.4250	
-0.1161	0.2692	0.1681	33.4500	77.0750	
-0.1190	0.2763	0.1732	32.8750	75.5000	
-0.1221	0.2853	0.1810	31.5750	72.6000	
-0.1245	0.2949	0.1920	30.2250	69.4250	
-0.1251	0.3026	0.2046	38.9750	65.7750	
-0.1238	0.3051	0.2128	42.2500	64.3000	
-0.1217	0.3014	0.2122	43.4250	65.8250	
-0.1194	0.2949	0.2065	44.6000	69.2750	
-0.1170	0.2876	0.1998	47.8500	74.8500	
-0.1146	0.2810	0.1944	64.6500	78.5250	
-0.1126	0.2754	0.1897	64.0500	80.2000	
-0.1107	0.2703	0.1855	61.5250	81.7750	
-0.1091	0.2657	0.1816	58.3750	83.2000	
-0.1084	0.2624	0.1775	57.4250	84.7250	
-0.1089	0.2608	0.1731	57.1250	86.1500	
-0.1094	0.2593	0.1689	57.4250	87.1750	
-0.1100	0.2578	0.1647	57.9000	88.0000	
-0.1106	0.2563	0.1600	57.6000	88.5250	
-0.1114	0.2543	0.1539	56.8500	88.5500	
-0.1124	0.2520	0.1469	55.3500	89.1000	
-0.1134	0.2491	0.1386	52.5500	89.2500	
-0.1141	0.2458	0.1306	44.6750	89.6250	
-0.1168	0.2415	0.1147	32.3500	91.5750	
-0.1222	0.2353	0.0879	30.9750	88.9000	
-0.1253	0.2297	0.0685	31.9000	82.3750	
-0.1259	0.2236	0.0556	33.5750	78.3750	
-0.1256	0.2183	0.0468	34.4250	80.7000	
-0.1241	0.2147	0.0440	36.2000	79.9250	
-0.1222	0.2117	0.0440	39.0750	79.6000	
-0.1196	0.2095	0.0471	44.6500	78.1750	
-0.1181	0.2105	0.0536	49.9750	78.1750	
-0.1182	0.2189	0.0687	50.1000	80.4750	
-0.1184	0.2353	0.0987	50.0250	81.8250	
-0.1185	0.2496	0.1249	50.0000	83.2000	
-0.1170	0.2531	0.1358	50.0000	84.0000	
-0.1137	0.2421	0.1246	50.0000	84.0500	
-0.1110	0.2277	0.1058	50.0000	82.3000	
-0.1091	0.2161	0.0896	50.0000	80.5750	
-0.1073	0.2069	0.0779	50.0000	78.8750	
-0.1050	0.1987	0.0690	50.0000	78.5000	
-0.1029	0.1925	0.0635	50.0000	77.7000	
-0.1008	0.1875	0.0604	50.0000	77.8500	
-0.0988	0.1836	0.0588	50.0000	77.5250	
-0.0971	0.1802	0.0573	50.0000	77.4000	
-0.0957	0.1779	0.0570	50.0000	77.0250	
-0.0945	0.1757	0.0562	50.0000	77.1000	
-0.0936	0.1742	0.0560	50.0000	77.0750	
-0.0930	0.1736	0.0569	50.0000	76.9750	
-0.0927	0.1747	0.0597	50.0000	77.0500	
-0.0927	0.1773	0.0645	50.0000	77.5000	
-0.0932	0.1807	0.0692	50.1250	77.7750	
-0.0945	0.1873	0.0778	50.1250	77.7750	
-0.0974	0.2001	0.0934	52.8750	79.0250	
-0.1009	0.2162	0.1132	58.7500	80.3250	
-0.1042	0.2299	0.1294	58.8250	81.8000	
-0.1065	0.2396	0.1408	56.0750	81.9250	
-0.1085	0.2448	0.1446	55.1000	80.6250	
-0.1099	0.2478	0.1462	54.4000	79.0250	
-0.1106	0.2487	0.1460	53.9000	77.8000	
-0.1110	0.2487	0.1447	53.5500	76.7250	
-0.1113	0.2483	0.1431	53.3500	76.0500	
-0.1114	0.2480	0.1422	53.0250	75.5250	
-0.1114	0.2480	0.1424	53.0000	75.2750	
-0.1113	0.2479	0.1424	52.9000	74.9750	
-0.1113	0.2478	0.1424	52.8250	74.7750	
-0.1112	0.2478	0.1426	52.6500	74.7500	
-0.1111	0.2478	0.1427	52.5750	74.6000	
-0.1110	0.2477	0.1428	52.4000	74.7500	
-0.1110	0.2476	0.1428	52.3250	74.7500	
-0.1109	0.2476	0.1428	52.3000	74.7500	
-0.1108	0.2474	0.1427	52.0500	74.7250	
-0.1108	0.2473	0.1428	52.1250	74.8750	
-0.1107	0.2472	0.1426	52.1000	75.1000	
-0.1107	0.2470	0.1424	52.2250	75.3500	
-0.1106	0.2467	0.1422	52.3500	75.5250	
-0.1106	0.2466	0.1419	52.2000	75.9000	
-0.1106	0.2465	0.1419	52.1750	76.0500	
-0.1105	0.2464	0.1418	52.0750	76.2250	
-0.1104	0.2462	0.1418	52.2250	76.3250	
-0.1104	0.2461	0.1417	52.1500	76.5000	
-0.1103	0.2460	0.1416	52.0500	76.6500	
-0.1103	0.2460	0.1418	52.2500	76.8000	
-0.1102	0.2459	0.1417	52.4250	76.8000	
-0.1102	0.2458	0.1418	52.3000	76.9500	
-0.1101	0.2457	0.1417	52.2500	77.0000	
-0.1101	0.2457	0.1418	52.1500	77.0750	
-0.1101	0.2458	0.1420	52.2750	77.0750	
-0.1100	0.2458	0.1422	52.4500	77.0750	
-0.1100	0.2458	0.1422	52.3250	77.0750	
-0.1099	0.2458	0.1424	52.3000	77.0250	
-0.1099	0.2458	0.1424	52.4500	77.0500	
-0.1099	0.2461	0.1429	52.3000	77.0250	
-0.1099	0.2462	0.1433	52.3250	76.8750	
-0.1099	0.2465	0.1438	52.3500	76.8000	
-0.1099	0.2467	0.1441	52.1500	76.7250	
-0.1099	0.2468	0.1444	52.2500	76.6500	
-0.1099	0.2471	0.1448	52.3000	76.7000	
-0.1099	0.2473	0.1452	52.0250	76.5500	
-0.1100	0.2475	0.1455	52.1000	76.6500	
-0.1100	0.2479	0.1461	52.2000	76.7000	
-0.1100	0.2482	0.1465	52.2000	76.6750	
-0.1100	0.2484	0.1470	52.2000	76.6500	
-0.1101	0.2488	0.1476	52.2500	76.6250	
-0.1101	0.2491	0.1480	52.1000	76.7250	
-0.1102	0.2494	0.1485	52.0750	76.7500	
-0.1102	0.2497	0.1489	51.9250	76.7750	
-0.1102	0.2500	0.1493	52.0750	76.8000	
-0.1103	0.2503	0.1497	52.1250	76.8500	
-0.1103	0.2506	0.1503	52.0750	76.8250	
-0.1104	0.2508	0.1505	52.0750	76.8500	
-0.1104	0.2511	0.1509	51.9750	76.9000	
-0.1105	0.2514	0.1513	51.8750	76.8750	
-0.1105	0.2517	0.1517	51.6500	76.8750	
-0.1106	0.2522	0.1523	51.6750	76.8250	
-0.1107	0.2524	0.1525	51.5750	76.9000	
-0.1107	0.2527	0.1531	51.5750	77.1250	
-0.1108	0.2530	0.1533	51.3750	76.9750	
-0.1108	0.2533	0.1538	51.2250	77.0000	
-0.1109	0.2536	0.1542	50.9750	77.1000	
-0.1109	0.2539	0.1546	50.9750	77.1000	
-0.1110	0.2542	0.1551	50.8750	77.2500	
-0.1110	0.2545	0.1554	50.7500	77.2250	
-0.1111	0.2548	0.1558	50.6250	77.2750	
-0.1112	0.2551	0.1562	50.6000	77.3500	
-0.1112	0.2554	0.1565	50.6750	77.4250	
-0.1113	0.2556	0.1568	50.5250	77.5250	
-0.1114	0.2559	0.1570	50.5250	77.6250	
-0.1115	0.2561	0.1571	50.7750	77.7000	
-0.1117	0.2565	0.1573	50.6250	77.7000	
-0.1118	0.2568	0.1574	50.3750	77.9750	
-0.1120	0.2571	0.1574	50.1500	77.9500	
-0.1123	0.2575	0.1575	49.7500	77.7750	
-0.1126	0.2580	0.1574	49.1750	78.3000	
-0.1131	0.2586	0.1571	48.5500	78.8000	
-0.1137	0.2593	0.1566	47.7500	79.3250	
-0.1145	0.2600	0.1557	46.7750	79.8250	
-0.1156	0.2609	0.1542	45.4500	80.2750	
-0.1171	0.2620	0.1521	44.3750	81.3250	
-0.1192	0.2632	0.1483	42.1000	81.6750	
-0.1216	0.2642	0.1432	39.9250	81.6250	
-0.1240	0.2641	0.1363	37.1500	81.1250	
-0.1261	0.2633	0.1286	35.8750	80.1000	
-0.1280	0.2624	0.1217	34.3250	79.8500	
-0.1297	0.2613	0.1148	33.0250	79.9250	
-0.1309	0.2603	0.1093	31.8750	80.3500	
-0.1318	0.2588	0.1041	30.7250	80.9500	
-0.1325	0.2569	0.0986	29.6250	81.1000	
-0.1329	0.2548	0.0936	29.3000	81.1500	
-0.1331	0.2526	0.0889	28.7500	81.3750	
-0.1331	0.2504	0.0846	28.3000	81.3250	
-0.1331	0.2482	0.0806	28.1500	81.5000	
-0.1329	0.2459	0.0769	27.9750	81.7000	
-0.1327	0.2437	0.0734	27.8250	81.6250	
-0.1326	0.2416	0.0700	27.8250	81.7250	
-0.1325	0.2397	0.0667	27.9000	81.5750	
-0.1325	0.2380	0.0635	28.0500	81.3250	
-0.1327	0.2364	0.0599	28.2500	81.4000	
-0.1334	0.2351	0.0557	28.5250	82.1750	
-0.1343	0.2341	0.0512	28.9750	82.6750	
-0.1352	0.2334	0.0472	29.7250	82.6250	
-0.1361	0.2329	0.0436	30.5000	82.2250	
-0.1370	0.2327	0.0405	31.4750	81.8500	
-0.1378	0.2325	0.0380	32.7500	81.1000	
-0.1385	0.2324	0.0358	33.6250	80.9750	
-0.1391	0.2323	0.0341	34.5000	80.9000	
-0.1395	0.2322	0.0327	35.4000	80.7750	
-0.1398	0.2321	0.0315	36.3000	80.7500	
-0.1400	0.2318	0.0306	37.0500	80.6750	
-0.1399	0.2314	0.0299	38.1250	80.7500	
-0.1397	0.2306	0.0293	39.3250	80.7500	
-0.1391	0.2296	0.0289	40.0750	80.7750	
-0.1384	0.2284	0.0288	41.0500	80.7250	
-0.1372	0.2267	0.0288	41.8500	80.8000	
-0.1360	0.2247	0.0288	42.4500	80.6750	
-0.1345	0.2225	0.0288	42.9000	80.6250	
-0.1331	0.2201	0.0285	43.1250	80.6250	
-0.1316	0.2176	0.0281	43.1500	80.3000	
-0.1302	0.2150	0.0273	43.2250	80.1250	
-0.1290	0.2127	0.0264	43.0250	79.9250	
-0.1281	0.2105	0.0249	43.0000	79.6750	
-0.1276	0.2087	0.0232	42.9250	79.1000	
-0.1275	0.2075	0.0211	42.7500	78.8000	
-0.1279	0.2068	0.0186	43.3000	78.3500	
-0.1287	0.2068	0.0162	43.7500	77.8000	
-0.1299	0.2076	0.0145	44.7000	77.1000	
-0.1312	0.2090	0.0134	45.6750	76.6000	
-0.1325	0.2107	0.0127	46.9250	75.9500	
-0.1336	0.2124	0.0127	47.6500	75.4500	
-0.1343	0.2140	0.0137	47.8500	75.1250	
-0.1345	0.2151	0.0151	47.9500	74.8500	
-0.1346	0.2157	0.0159	48.3000	74.6000	
-0.1346	0.2157	0.0161	48.5250	74.5250	
-0.1346	0.2155	0.0158	48.8750	74.6000	
-0.1344	0.2151	0.0153	49.1500	74.8250	
-0.1343	0.2147	0.0150	49.4500	75.1250	
-0.1343	0.2145	0.0148	49.6000	75.2500	
-0.1342	0.2143	0.0147	49.7500	75.3000	
-0.1341	0.2141	0.0146	49.7750	75.5500	
-0.1339	0.2139	0.0146	49.9000	75.4250	
-0.1339	0.2138	0.0146	49.8750	75.4500	
-0.1337	0.2136	0.0146	49.9500	75.6000	
-0.1336	0.2134	0.0145	49.9500	75.4500	
-0.1335	0.2133	0.0147	49.9500	75.5750	
-0.1333	0.2131	0.0148	49.7500	75.4250	
-0.1333	0.2130	0.0147	49.8750	75.5250	
-0.1332	0.2128	0.0146	49.8500	75.5000	
-0.1331	0.2127	0.0147	49.7750	75.3500	
-0.1330	0.2126	0.0147	49.6500	75.4750	
-0.1329	0.2124	0.0147	49.7250	75.2750	
-0.1328	0.2123	0.0147	49.7250	75.3250	
-0.1328	0.2123	0.0150	49.6250	75.1500	
-0.1327	0.2122	0.0150	49.4000	75.2250	
-0.1326	0.2121	0.0150	49.3750	75.2500	
-0.1325	0.2119	0.0150	49.3750	75.1250	
-0.1324	0.2118	0.0151	49.3250	75.1500	
-0.1323	0.2118	0.0152	49.3000	75.0750	
-0.1323	0.2117	0.0152	49.1000	75.1750	
-0.1322	0.2116	0.0153	49.0000	75.0750	
-0.1321	0.2116	0.0156	49.0250	75.0500	
-0.1321	0.2115	0.0156	48.9750	75.0750	
-0.1319	0.2114	0.0156	48.9000	75.1000	
-0.1319	0.2113	0.0157	48.8750	75.0750	
-0.1318	0.2113	0.0158	48.8500	75.1500	
-0.1318	0.2112	0.0157	48.6000	75.0000	
-0.1317	0.2111	0.0157	48.5000	75.1750	
-0.1317	0.2110	0.0158	48.4500	74.9750	
-0.1316	0.2111	0.0160	48.3500	75.0500	
-0.1315	0.2110	0.0161	48.3500	75.0250	
-0.1314	0.2109	0.0162	48.3250	75.0250	
-0.1314	0.2109	0.0162	48.3750	74.9500	
-0.1313	0.2108	0.0163	48.2750	74.9250	
-0.1312	0.2107	0.0164	48.2250	75.0000	
-0.1312	0.2108	0.0167	47.9500	75.0000	
-0.1311	0.2107	0.0166	47.8500	75.0250	
-0.1310	0.2106	0.0167	48.0500	74.9500	
-0.1310	0.2106	0.0168	48.0500	74.9500	
-0.1308	0.2105	0.0172	47.9500	74.9750	
-0.1308	0.2105	0.0170	47.9250	74.9500	
-0.1308	0.2105	0.0172	47.9000	75.0250	
-0.1308	0.2106	0.0174	47.6500	74.9750	
-0.1307	0.2105	0.0176	47.6750	74.8750	
-0.1307	0.2106	0.0176	47.6500	74.9750	
-0.1306	0.2104	0.0176	47.6250	74.9250	
-0.1304	0.2103	0.0178	47.5000	75.1750	
-0.1304	0.2102	0.0178	47.4000	75.0250	
-0.1304	0.2102	0.0180	47.4750	75.0750	
-0.1302	0.2101	0.0183	47.4500	75.0250	
-0.1303	0.2103	0.0184	47.5250	75.0500	
-0.1302	0.2102	0.0184	47.3750	74.8750	
-0.1301	0.2101	0.0184	47.5000	74.9750	
-0.1302	0.2101	0.0182	47.1500	74.9500	
-0.1300	0.2100	0.0184	47.1250	74.9500	
-0.1300	0.2102	0.0190	47.3250	74.9500	
-0.1299	0.2101	0.0190	47.3000	74.9250	
-0.1297	0.2097	0.0190	47.2250	75.0000	
-0.1298	0.2099	0.0189	47.0250	75.1500	
-0.1298	0.2100	0.0193	47.1250	75.0000	
-0.1297	0.2099	0.0193	47.1500	75.0500	
0.8240	50.0000	0.6496	50.0000	
0.7845	50.0000	0.6168	50.0000	
0.7516	50.0000	0.5867	50.0000	
0.7245	50.0000	0.5583	50.0000	
0.7017	50.0000	0.5316	50.0000	
0.6807	50.0000	0.5062	50.0000	
0.6588	50.0000	0.4816	50.0000	
0.6356	50.0000	0.4573	50.0000	
0.6114	50.0000	0.4333	50.0000	
0.5856	50.0000	0.4102	50.0000	
0.5591	50.0000	0.3881	50.0000	
0.5317	50.0000	0.3663	50.0000	
0.5037	50.0000	0.3453	50.0000	
0.4755	50.0000	0.3256	51.0500	
0.4475	50.0000	0.3075	59.1500	
0.4202	50.0000	0.2920	63.1250	
0.3946	50.0000	0.2779	67.7000	
0.3706	50.0000	0.2664	71.6250	
0.3478	50.0000	0.2569	72.3750	
0.3212	50.0000	0.2491	70.6250	
0.2969	50.0000	0.2424	68.6250	
0.2772	50.0000	0.2362	67.5750	
0.2630	50.0000	0.2298	67.0250	
0.2546	50.0000	0.2231	67.1000	
0.2504	50.0000	0.2159	67.1500	
0.2490	50.4750	0.2084	67.2000	
0.2489	53.4250	0.2006	67.0000	
0.2489	50.3750	0.1928	66.3000	
0.2488	50.0500	0.1858	66.4000	
0.2487	50.7500	0.1791	66.5500	
0.2487	53.2250	0.1726	66.7500	
0.2486	57.8750	0.1665	67.1250	
0.2485	60.3750	0.1613	67.3750	
0.2485	60.6750	0.1569	67.4250	
0.2484	60.4750	0.1536	67.4500	
0.2483	60.2000	0.1513	67.4500	
0.2480	62.7000	0.1498	67.4750	
0.2479	64.0250	0.1489	67.5500	
0.2476	64.9750	0.1483	67.6750	
0.2474	65.8000	0.1480	67.6250	
0.2472	66.3250	0.1477	67.5500	
0.2469	66.7500	0.1474	67.4750	
0.2467	67.1250	0.1472	67.4000	
0.2463	67.8500	0.1469	67.0250	
0.2460	68.5500	0.1467	67.0000	
0.2457	69.1000	0.1464	66.9750	
0.2453	69.7250	0.1462	66.9250	
0.2449	70.1500	0.1461	66.9500	
0.2445	70.6000	0.1459	66.9000	
0.2440	70.9250	0.1458	66.8250	
0.2436	71.2500	0.1456	66.7750	
0.2431	71.6000	0.1455	66.7750	
0.2425	71.8250	0.1454	66.7750	
0.2420	72.2750	0.1452	66.7250	
0.2415	72.5000	0.1451	66.7250	
0.2411	72.5000	0.1450	66.8000	
0.2403	72.8000	0.1449	66.6250	
0.2397	72.8250	0.1447	66.7250	
0.2391	72.9750	0.1446	66.6750	
0.2384	72.9500	0.1445	66.6500	
0.2378	73.0000	0.1444	66.6250	
0.2372	73.3750	0.1442	66.6250	
0.2364	72.9750	0.1441	66.6000	
0.2357	73.2750	0.1440	66.6250	
0.2348	73.6250	0.1438	66.5500	
0.2340	73.6750	0.1437	66.5000	
0.2333	73.6000	0.1436	66.5250	
0.2323	73.9000	0.1434	66.5750	
0.2317	74.0000	0.1432	66.4000	
0.2307	74.0500	0.1431	66.4500	
0.2297	74.2750	0.1429	66.5000	
0.2287	74.1750	0.1427	66.3750	
0.2279	74.3000	0.1426	66.3750	
0.2268	74.5000	0.1424	66.2000	
0.2259	74.5750	0.1422	66.4750	
0.2249	74.4250	0.1420	66.2000	
0.2239	74.6750	0.1418	66.2500	
0.2228	74.6500	0.1416	66.2250	
0.2216	74.6250	0.1414	66.1500	
0.2205	74.6500	0.1412	66.1750	
0.2195	74.3500	0.1409	66.0750	
0.2183	74.7500	0.1407	66.0250	
0.2172	74.5500	0.1404	66.0500	
0.2161	74.7250	0.1402	65.9500	
0.2148	74.4000	0.1399	65.9500	
0.2136	74.5500	0.1396	65.9000	
0.2125	74.5250	0.1393	65.8000	
0.2111	74.6250	0.1390	65.8750	
0.2099	74.6500	0.1386	65.8000	
0.2087	74.7000	0.1383	65.6250	
0.2076	74.7250	0.1379	65.6750	
0.2061	74.5500	0.1375	65.5750	
0.2049	74.6250	0.1372	65.5750	
0.2036	74.8000	0.1367	65.3500	
0.2023	74.5250	0.1363	65.4250	
0.2009	74.7000	0.1358	65.5000	
0.1997	74.7250	0.1353	65.2000	
0.1983	74.5750	0.1348	65.3000	
0.1971	74.3500	0.1342	65.3250	
0.1957	74.7500	0.1337	65.1000	
0.1944	74.4750	0.1331	65.2250	
0.1931	74.4250	0.1324	65.0750	
0.1918	74.6000	0.1317	65.0000	
0.1904	74.5000	0.1310	64.9250	
0.1893	74.7250	0.1302	64.8000	
0.1878	74.4500	0.1294	64.9500	
0.1865	74.7250	0.1285	64.8250	
0.1855	74.9000	0.1277	64.9000	
0.1843	74.4000	0.1266	64.7000	
0.1829	74.4750	0.1256	64.8000	
0.1815	74.5000	0.1246	64.6500	
0.1807	74.1500	0.1234	64.5250	
0.1793	74.4750	0.1222	64.6500	
0.1779	74.4500	0.1210	64.5000	
0.1770	74.5250	0.1197	64.5500	
0.1758	74.6750	0.1183	64.3750	
0.1745	74.6250	0.1168	64.3750	
0.1735	74.5750	0.1153	64.2750	
0.1725	74.4000	0.1137	64.3000	
0.1716	74.1500	0.1122	64.1500	
0.1708	74.4750	0.1105	64.1500	
0.1700	74.6750	0.1087	64.2250	
0.1686	74.5750	0.1070	64.0750	
0.1681	74.7750	0.1052	64.0250	
0.1665	74.7750	0.1032	64.0250	
0.1660	74.6750	0.1012	63.9750	
0.1650	74.5750	0.0991	64.1250	
0.1648	74.0750	0.0970	63.9000	
0.1637	74.3250	0.0950	63.9750	
0.1624	74.6250	0.0928	63.7250	
0.1618	74.5250	0.0906	64.0500	
0.1611	74.9750	0.0884	63.6750	
0.1605	75.0250	0.0862	63.8500	
0.1600	74.5250	0.0839	63.8000	
0.1594	74.7750	0.0816	63.9250	
0.1588	74.7750	0.0793	63.8000	
0.1579	74.7250	0.0773	63.8250	
0.1574	74.8250	0.0747	63.8250	
0.1568	74.7000	0.0725	63.7500	
0.1563	74.4750	0.0701	63.8250	
0.1559	74.8500	0.0673	63.5750	
0.1554	74.5750	0.0648	63.8750	
0.1548	74.9750	0.0623	63.7750	
0.1545	74.8750	0.0599	63.8000	
0.1540	74.7750	0.0575	63.7500	
0.1537	74.8500	0.0548	63.8250	
0.1539	74.2750	0.0520	63.9750	
0.1531	74.6250	0.0492	63.8500	
0.1526	74.8000	0.0462	64.1750	
0.1521	74.7750	0.0433	64.2000	
0.1521	74.7500	0.0404	64.3750	
0.1519	74.7500	0.0377	64.4250	
0.1515	74.6000	0.0343	64.5750	
0.1510	74.6000	0.0313	64.6250	
0.1506	74.7000	0.0286	64.7000	
0.1506	74.7250	0.0262	64.8250	
0.1505	74.6750	0.0241	64.9750	
0.1502	74.8000	0.0221	65.1750	
0.1498	74.9500	0.0202	65.4250	
0.1495	74.9250	0.0184	65.7250	
0.1493	74.7000	0.0169	66.0750	
0.1492	74.7250	0.0155	66.3250	
0.1492	74.7250	0.0141	66.5750	
0.1488	74.9000	0.0129	66.7750	
0.1486	75.0000	0.0118	66.9750	
0.1486	74.8750	0.0109	67.1500	
0.1487	74.8250	0.0101	67.4250	
0.1484	74.6000	0.0093	67.6000	
0.1481	74.8000	0.0086	68.0000	
0.1479	74.7250	0.0080	68.3750	
0.1478	74.8250	0.0076	68.7500	
0.1479	74.7000	0.0071	69.2250	
0.1480	74.6750	0.0067	69.6250	
0.1476	74.6750	0.0063	69.8250	
0.1475	74.4750	0.0061	70.1500	
0.1473	74.5500	0.0058	70.3750	
0.1472	74.5250	0.0055	70.4750	
0.1475	74.8000	0.0053	70.7250	
0.1469	74.6250	0.0051	70.9250	
0.1471	74.9000	0.0050	71.0750	
0.1473	74.6250	0.0048	71.3500	
0.1474	74.6500	0.0047	71.5250	
0.1468	74.6250	0.0046	71.6000	
0.1468	74.3500	0.0044	71.8250	
0.1466	74.5250	0.0044	71.9750	
0.1468	74.8500	0.0043	72.1750	
0.1469	74.5000	0.0042	72.5000	
0.1464	74.6750	0.0041	72.4750	
0.1462	74.5750	0.0041	72.6500	
0.1467	74.4000	0.0040	72.7750	
0.1464	74.5250	0.0039	72.8250	
0.1469	74.4500	0.0039	72.9500	
0.1468	74.5000	0.0038	73.0250	
0.1465	74.5750	0.0038	73.1500	
0.1460	74.4500	0.0037	73.1500	
0.1461	74.7500	0.0037	73.2250	
0.1462	74.4000	0.0037	73.3000	
0.1459	74.7000	0.0036	73.4500	
0.1459	74.4750	0.0036	73.5000	
0.1459	74.6750	0.0036	73.5250	
0.1459	74.4750	0.0035	73.5500	
0.1460	74.7250	0.0035	73.6000	
0.1457	74.7000	0.0034	73.7500	
0.1457	74.7750	0.0034	73.7250	
0.1457	74.5500	0.0034	73.7500	
0.1458	74.6750	0.0033	73.7750	
0.1457	74.8000	0.0033	73.8250	
0.1458	74.7750	0.0033	73.8750	
0.1459	74.6250	0.0032	73.8750	
0.1457	74.8000	0.0032	73.9000	
0.1455	74.5750	0.0032	74.1250	
0.1457	74.3500	0.0032	73.9250	
0.1460	74.8000	0.0031	74.1500	
0.1460	74.6500	0.0031	74.0000	
0.1456	74.7750	0.0030	74.0500	
0.1456	74.6250	0.0030	74.1250	
0.1455	74.6500	0.0030	74.0250	
0.1460	74.6750	0.0030	74.0250	
0.1461	74.6500	0.0029	74.0500	
0.1456	74.7000	0.0029	74.1250	
0.1455	74.6500	0.0029	74.1000	
0.1454	74.7250	0.0029	74.1750	
0.1454	74.7000	0.0028	74.0500	
0.1456	74.5500	0.0028	74.1750	
0.1456	74.4500	0.0028	74.2000	
0.1456	74.6250	0.0028	74.1750	
0.1456	74.7750	0.0027	74.2250	
0.1454	74.4750	0.0027	74.2000	
0.1461	74.5750	0.0027	74.2000	
0.1457	74.3750	0.0027	74.2250	
0.1454	74.7000	0.0027	74.1500	
0.1453	74.5750	0.0026	74.2000	
0.1454	74.5750	0.0026	74.2250	
0.1453	74.6750	0.0026	74.1500	
0.1453	74.4750	0.0026	74.2750	
0.1454	74.5250	0.0026	74.2000	
0.1456	74.6250	0.0026	74.2000	
0.1452	74.7000	0.0026	74.1750	
0.1453	74.7250	0.0025	74.2500	
0.1453	74.6750	0.0025	74.2250	
0.1453	74.7500	0.0025	74.2500	
0.1456	74.6750	0.0025	74.2750	
0.1458	74.6250	0.0025	74.3000	
0.1454	74.7500	0.0025	74.3000	
0.1453	74.5500	0.0025	74.3250	
0.1457	74.5250	0.0025	74.3750	
0.1452	74.6750	0.0025	74.3500	
0.1452	74.6500	0.0025	74.3500	
0.1452	74.5500	0.0025	74.2750	
0.1453	74.4500	0.0024	74.3750	
0.1453	74.5000	0.0024	74.4250	
0.1452	74.4750	0.0024	74.4250	
0.1451	74.3250	0.0024	74.4250	
0.1452	74.3750	0.0024	74.4500	
0.1451	74.1750	0.0024	74.4500	
0.1452	74.1000	0.0024	74.3500	
0.1451	74.0000	0.0024	74.3250	
0.1453	73.9500	0.0024	74.4250	
0.1451	74.0000	0.0024	74.4250	
0.1452	74.0000	0.0024	74.5000	
0.1453	73.9750	0.0024	74.4000	
0.1453	73.9000	0.0023	74.5250	
0.1452	73.8000	0.0023	74.4000	
0.1451	73.6750	0.0023	74.5500	
0.1452	73.7000	0.0023	74.4500	
0.1453	73.5750	0.0023	74.4750	
0.1453	73.4500	0.0023	74.5500	
0.1453	73.4000	0.0023	74.5000	
0.1452	73.3000	0.0023	74.4750	
0.1451	73.0500	0.0023	74.5250	
0.1451	72.5000	0.0023	74.5250	
0.1453	72.5750	0.0023	74.5500	
0.1453	72.7000	0.0022	74.5500	
0.1451	72.8500	0.0022	74.4750	
0.1451	72.5000	0.0022	74.4500	
0.1452	71.6250	0.0022	74.4500	
0.1450	71.1250	0.0021	74.4500	
0.1451	70.8500	0.0021	74.4000	
0.1454	70.7500	0.0021	74.3000	
0.1453	70.6250	0.0021	74.4000	
0.1454	70.0500	0.0020	74.4500	
0.1458	69.7500	0.0020	74.4750	
0.1454	69.8250	0.0020	74.4750	
0.1456	69.7250	0.0020	74.4750	
0.1450	69.5000	0.0019	74.4750	
0.1451	69.3250	0.0019	74.5250	
0.1452	69.1000	0.0019	74.5250	
0.1451	68.6500	0.0019	74.4750	
0.1451	68.4250	0.0019	74.5750	
0.1451	67.8000	0.0019	74.5250	
0.1450	67.4000	0.0018	74.5500	
0.1451	67.1500	0.0018	74.6000	
0.1450	67.4000	0.0018	74.6250	
0.1454	67.6000	0.0018	74.5750	
0.1454	67.0000	0.0018	74.5750	
0.1453	66.4750	0.0018	74.6750	
0.1451	65.6250	0.0018	74.6000	
0.1451	65.3250	0.0018	74.5750	
0.1451	65.6000	0.0017	74.6750	
0.1450	65.5500	0.0017	74.7000	
0.1451	65.1000	0.0017	74.7250	
0.1452	64.9250	0.0017	74.7000	
0.1451	64.8500	0.0017	74.7000	
0.1450	64.0000	0.0017	74.7250	
0.1450	63.7250	0.0017	74.7250	
0.1451	63.4750	0.0017	74.7250	
0.1452	63.2750	0.0016	74.7000	
0.1451	62.7750	0.0016	74.7000	
0.1450	62.5250	0.0016	74.7000	
0.1450	62.3500	0.0016	74.7250	
0.1454	61.4750	0.0016	74.7250	
0.1451	61.8250	0.0016	74.6750	
0.1453	61.3750	0.0016	74.6500	
0.1452	61.5750	0.0016	74.7250	
0.1453	60.8500	0.0016	74.7500	
0.1453	61.2250	0.0016	74.7000	
0.1456	60.0500	0.0016	74.6750	
0.1458	60.5000	0.0016	74.7000	
0.1451	60.0750	0.0016	74.7000	
0.1451	59.7750	0.0016	74.7000	
0.1451	59.4000	0.0016	74.7000	
0.1453	59.3750	0.0016	74.6750	
0.1452	58.3500	0.0016	74.7250	
0.1449	58.5750	0.0015	74.7000	
0.1450	58.6750	0.0015	74.8000	
0.1450	58.4000	0.0015	74.7000	
0.1451	58.2000	0.0015	74.7500	
0.1451	57.4250	0.0015	74.7000	
0.1452	57.9750	0.0015	74.7250	
0.1450	57.6500	0.0015	74.6750	
0.1452	57.5750	0.0015	74.6750	
0.1455	56.8750	0.0015	74.7250	
0.1455	57.7000	0.0015	74.7000	
0.1454	56.6000	0.0015	74.6500	
0.1454	57.4500	0.0015	74.6500	
0.1451	56.7250	0.0015	74.7000	
0.1450	56.9500	0.0015	74.6750	
0.1449	56.6250	0.0015	74.7000	
0.1452	56.9000	0.0015	74.6500	
0.1451	56.0750	0.0015	74.6750	
0.1451	56.5250	0.0015	74.7000	
0.1449	56.4750	0.0015	74.6500	
0.1450	56.1750	0.0015	74.6750	
0.1450	56.2000	0.0015	74.6000	
0.1450	55.8250	0.0015	74.6750	
0.1451	56.0500	0.0015	74.6250	
0.1449	56.1500	0.0014	74.6750	
0.1449	56.1250	0.0014	74.6000	
0.1450	56.6750	0.0014	74.6000	
0.1452	55.7250	0.0014	74.6750	
0.1451	56.5250	0.0014	74.6250	
0.1449	56.0250	0.0014	74.6000	
0.1451	56.5250	0.0014	74.6500	
0.1448	56.4000	0.0014	74.6000	
0.1452	56.4000	0.0014	74.6250	
0.1452	55.7500	0.0014	74.6250	
0.1453	56.1250	0.0014	74.7250	
0.1451	54.9500	0.0014	74.5250	
0.1449	55.9250	0.0014	74.6500	
0.1449	55.5000	0.0014	74.5250	
0.1448	55.5500	0.0014	74.5500	
0.1450	56.1500	0.0014	74.6250	
0.1449	55.8750	0.0014	74.5250	
0.1449	56.2000	0.0014	74.6750	
0.1449	55.5250	0.0014	74.6250	
0.1449	55.3000	0.0014	74.5750	
0.1452	55.4000	0.0014	74.6250	
0.1451	55.8750	0.0014	74.5500	
0.1449	55.4250	0.0014	74.6250	
0.1448	55.6750	0.0014	74.5250	
0.1450	55.6500	0.0014	74.6500	
0.1450	55.8250	0.0014	74.6250	
0.1450	55.8000	0.0014	74.6000	
0.1449	55.5500	0.0014	74.6000	
0.1447	55.7750	0.0014	74.5500	
0.1451	56.1500	0.0014	74.5750	
0.1453	54.7750	0.0014	74.6250	
0.1452	56.2250	0.0014	74.5250	
0.1451	55.3750	0.0014	74.5500	
0.1449	56.0750	0.0014	74.5750	
0.1449	55.4000	0.0014	74.5500	
0.1451	56.1250	0.0014	74.6250	
0.1449	55.6000	0.0014	74.5500	
0.1448	55.5250	0.0013	74.5750	
0.1448	55.5500	0.0013	74.5500	
0.1449	55.8000	0.0013	74.6000	
0.1448	55.3500	0.0013	74.6250	
0.1448	55.7250	0.0013	74.5250	
0.1447	55.6500	0.0013	74.6250	
0.1449	55.1750	0.0013	74.5000	
0.1448	55.9250	0.0013	74.5500	
0.1447	55.7000	0.0013	74.5500	
0.1448	55.5250	0.0013	74.5500	
0.1450	56.2000	0.0013	74.6000	
0.1448	55.3000	0.0013	74.5250	
0.1448	55.6500	0.0013	74.6250	
0.1448	55.4000	0.0013	74.5250	
0.1448	55.5000	0.0013	74.6250	
0.1447	55.6750	0.0013	74.6250	
0.1448	55.8750	0.0013	74.5500	
0.1446	56.1250	0.0013	74.5500	
0.1448	55.6750	0.0013	74.6250	
0.1447	56.3250	0.0013	74.5500	
0.1446	55.7500	0.0013	74.5500	
0.1446	55.9000	0.0013	74.5000	
0.1446	55.9000	0.0013	74.5750	
0.1447	55.5500	0.0013	74.5500	
0.1449	56.3500	0.0013	74.6000	
0.1447	55.6750	0.0013	74.5750	
0.1447	56.0500	0.0013	74.5750	
0.1447	55.9000	0.0013	74.4750	
0.1449	56.4750	0.0013	74.5000	
0.1447	55.7250	0.0013	74.5000	
0.1447	56.0750	0.0013	74.6250	
0.1446	56.0750	0.0013	74.5000	
0.1446	56.0000	0.0013	74.5250	
0.1447	56.1750	0.0013	74.5500	
0.1446	55.8500	0.0013	74.5000	
0.1446	56.2750	0.0013	74.5750	
0.1445	56.2250	0.0013	74.5250	
0.1446	55.9250	0.0013	74.5000	
0.1447	56.7000	0.0012	74.5250	
0.1446	56.3250	0.0012	74.4750	
0.1446	56.1750	0.0013	74.5250	
0.1446	56.4750	0.0012	74.5750	
0.1445	56.5500	0.0012	74.5250	
0.1445	56.5500	0.0012	74.5000	
0.1445	56.4500	0.0012	74.5250	
0.1445	56.5750	0.0012	74.5250	
0.1445	56.6750	0.0012	74.5500	
0.1445	56.5500	0.0012	74.5250	
0.1446	56.5000	0.0012	74.6000	
0.1448	56.6500	0.0012	74.5250	
0.1447	56.8000	0.0012	74.5000	
0.1444	56.8500	0.0012	74.5000	
0.1446	56.1000	0.0012	74.5250	
0.1446	57.1500	0.0012	74.5500	
0.1446	56.4250	0.0012	74.5000	
0.1444	56.9000	0.0012	74.5000	
0.1445	56.7250	0.0012	74.4500	
0.1445	56.8000	0.0012	74.4500	
0.1445	57.5750	0.0012	74.5500	
0.1447	56.9250	0.0012	74.4750	
0.1444	57.1750	0.0012	74.4500	
0.1445	57.7750	0.0012	74.3750	
0.1444	57.6000	0.0012	74.5500	
0.1446	57.2000	0.0012	74.5250	
0.1446	57.6500	0.0012	74.4750	
0.1444	57.5000	0.0012	74.5000	
0.1445	58.0000	0.0012	74.4750	
0.1444	57.7250	0.0012	74.5000	
0.1444	58.3000	0.0012	74.5500	
0.1444	58.1250	0.0012	74.5000	
0.1443	58.3000	0.0012	74.5250	
0.1444	58.1250	0.0012	74.5000	
0.1443	58.7000	0.0012	74.5000	
0.1443	58.7000	0.0012	74.4500	
0.1444	58.6500	0.0012	74.4500	
0.1443	58.3750	0.0012	74.4750	
0.1443	58.6750	0.0012	74.5250	
0.1443	58.9250	0.0012	74.4250	
0.1443	58.7750	0.0012	74.5250	
0.1442	59.3750	0.0012	74.4250	
0.1443	59.2000	0.0012	74.5000	
0.1442	59.1750	0.0012	74.4750	
0.1443	59.7500	0.0012	74.5500	
0.1444	58.8250	0.0012	74.4000	
0.1444	60.1000	0.0012	74.4000	
0.1443	59.0250	0.0012	74.5000	
0.1441	59.4750	0.0011	74.5000	
0.1442	59.6750	0.0011	74.5000	
0.1442	59.7750	0.0011	74.4750	
0.1443	59.5000	0.0011	74.5500	
0.1441	59.9250	0.0011	74.4750	
0.1441	59.8000	0.0011	74.5000	
0.1441	59.5500	0.0011	74.5000	
0.1442	60.0750	0.0011	74.4750	
0.1442	59.9500	0.0011	74.3750	
0.1440	59.8000	0.0011	74.5000	
0.1441	60.0000	0.0011	74.3750	
0.1441	60.1000	0.0011	74.4250	
0.1444	60.1500	0.0011	74.4750	
0.1441	59.9750	0.0011	74.4250	
0.1441	60.0000	0.0011	74.5000	
0.1442	60.3750	0.0011	74.5000	
0.1440	60.2750	0.0011	74.3750	
0.1440	60.4750	0.0011	74.5250	
0.1440	60.9250	0.0011	74.4500	
0.1440	61.2750	0.0011	74.4750	
0.1439	60.9000	0.0011	74.4000	
0.1440	60.9000	0.0011	74.4500	
0.1440	61.0250	0.0011	74.4500	
0.1440	61.8750	0.0011	74.5000	
0.1439	61.3000	0.0011	74.4750	
0.1440	61.6750	0.0011	74.4750	
0.1440	60.9250	0.0011	74.4000	
0.1437	61.0750	0.0011	74.4000	
0.1440	61.7250	0.0011	74.5500	
0.1438	61.6500	0.0011	74.4750	
0.1439	61.3750	0.0011	74.4750	
0.1439	61.7750	0.0011	74.4750	
0.1438	61.3750	0.0011	74.4750	
0.1438	62.2500	0.0011	74.4250	
0.1440	61.6500	0.0011	74.4000	
0.1441	62.7000	0.0011	74.4750	
0.1439	61.4750	0.0011	74.4250	
0.1437	62.2750	0.0011	74.4250	
0.1438	62.1500	0.0011	74.4250	
0.1436	62.1250	0.0011	74.4500	
0.1437	62.4250	0.0011	74.4750	
0.1436	62.4250	0.0011	74.4500	
0.1436	62.6000	0.0011	74.4750	
0.1437	62.1750	0.0011	74.4750	
0.1436	62.6000	0.0011	74.3750	
0.1436	62.4750	0.0011	74.3750	
0.1435	62.8000	0.0011	74.3750	
0.1435	62.6750	0.0011	74.4500	
0.1435	62.4500	0.0011	74.4000	
0.1436	62.9500	0.0011	74.5250	
0.1434	62.6250	0.0011	74.4500	
0.1435	63.2000	0.0011	74.4000	
0.1436	62.8500	0.0010	74.4000	
0.1435	63.0250	0.0010	74.4500	
0.1435	63.4750	0.0010	74.4250	
0.1433	63.1750	0.0011	74.4500	
0.1433	63.0250	0.0011	74.4750	
0.1434	63.4500	0.0010	74.4250	
0.1433	63.3250	0.0010	74.4500	
0.1433	63.3750	0.0010	74.4750	
0.1433	63.4500	0.0010	74.4750	
0.1433	63.6500	0.0010	74.4500	
0.1432	63.4750	0.0010	74.4500	
0.1433	63.7500	0.0010	74.3750	
0.1432	63.7250	0.0010	74.4250	
0.1433	63.9500	0.0010	74.4750	
0.1433	63.4250	0.0010	74.4000	
0.1432	63.9000	0.0010	74.5000	
0.1432	63.7000	0.0010	74.3750	
0.1433	64.0500	0.0010	74.4000	
0.1432	63.6000	0.0010	74.2500	
0.1431	63.9750	0.0010	74.4500	
0.1430	64.3250	0.0010	74.4250	
0.1432	63.8500	0.0010	74.4250	
0.1431	64.3000	0.0010	74.4250	
0.1430	64.0500	0.0010	74.4750	
0.1430	63.9750	0.0010	74.4500	
0.1431	64.4250	0.0010	74.3000	
0.1430	64.0750	0.0010	74.4250	
0.1430	64.6750	0.0010	74.4500	
0.1429	64.2750	0.0010	74.4500	
0.1429	64.4000	0.0010	74.4000	
0.1429	64.7500	0.0010	74.3000	
0.1432	63.9750	0.0010	74.4250	
0.1428	64.7750	0.0010	74.3750	
0.1431	64.5500	0.0010	74.4500	
0.1429	64.7250	0.0010	74.4500	
0.1428	64.7250	0.0010	74.4000	
0.1428	64.8750	0.0010	74.4000	
0.1427	64.9250	0.0010	74.4500	
0.1428	64.7500	0.0010	74.4500	
0.1426	64.8000	0.0010	74.5000	
0.1428	65.2500	0.0010	74.3750	
0.1426	64.7250	0.0010	74.3750	
0.1426	65.2250	0.0010	74.4750	
0.1426	65.6500	0.0010	74.4250	
0.1429	64.9500	0.0010	74.4000	
0.1426	65.9250	0.0010	74.3000	
0.1425	65.2000	0.0010	74.4000	
0.1424	65.2750	0.0010	74.3750	
0.1425	65.9000	0.0010	74.3750	
0.1425	65.1250	0.0010	74.4000	
0.1423	65.1750	0.0010	74.3250	
0.1424	65.5250	0.0010	74.3000	
0.1425	64.9500	0.0010	74.3250	
0.1426	66.1500	0.0010	74.3000	
0.1426	64.9250	0.0010	74.4000	
0.1423	65.7500	0.0010	74.4500	
0.1422	65.6750	0.0010	74.3750	
0.1422	65.4250	0.0010	74.3500	
0.1422	65.7500	0.0010	74.3250	
0.1422	65.1500	0.0010	74.4000	
0.1422	65.2250	0.0010	74.3500	
0.1422	65.4750	0.0010	74.3750	
0.1421	65.3000	0.0010	74.4500	
0.1421	65.4250	0.0010	74.3500	
0.1424	65.8750	0.0009	74.4000	
0.1424	65.2000	0.0009	74.3000	
0.1421	65.8750	0.0009	74.3000	
0.1420	65.7250	0.0009	74.4000	
0.1421	65.2500	0.0009	74.4750	
0.1420	65.7250	0.0009	74.3500	
0.1420	65.6500	0.0009	74.2750	
0.1421	65.0250	0.0009	74.3750	
0.1423	66.1750	0.0009	74.3500	
0.1419	65.5000	0.0009	74.4000	
0.1420	65.4250	0.0009	74.3250	
0.1419	65.9500	0.0009	74.4250	
0.1418	65.5500	0.0009	74.3500	
0.1420	65.2250	0.0009	74.2750	
0.1419	65.9500	0.0009	74.4500	
0.1418	65.2000	0.0009	74.3000	
0.1418	65.3250	0.0009	74.3750	
0.1419	65.6750	0.0009	74.3250	
0.1418	65.2500	0.0009	74.4250	
0.1418	65.4750	0.0009	74.3500	
0.1418	65.2250	0.0009	74.3750	
0.1418	65.2000	0.0009	74.3000	
0.1418	65.4500	0.0009	74.4250	
0.1417	65.4000	0.0009	74.3500	
0.1418	65.2250	0.0009	74.4500	
0.1417	65.4250	0.0009	74.3500	
0.1417	65.3250	0.0009	74.2750	
0.1417	65.0500	0.0009	74.4000	
0.1423	65.7500	0.0009	74.2750	
0.1421	64.9750	0.0009	74.3500	
0.1420	65.7250	0.0009	74.4000	
0.1420	65.0250	0.0009	74.4000	
0.1416	65.3250	0.0009	74.3500	
0.1417	65.8000	0.0009	74.4000	
0.1417	65.0750	0.0009	74.3000	
0.1417	65.8250	0.0009	74.3500	
0.1416	65.4250	0.0009	74.3750	
0.1417	65.3000	0.0009	74.4250	
0.1416	65.3500	0.0009	74.2750	
0.1416	65.6250	0.0009	74.3500	
0.1416	65.1750	0.0009	74.3000	
0.1415	65.1750	0.0009	74.2750	
0.1415	65.5250	0.0009	74.3000	
0.1415	65.1000	0.0009	74.3000	
0.1416	65.9750	0.0009	74.3000	
0.1418	65.1000	0.0009	74.3500	
0.1416	65.6750	0.0009	74.3000	
0.1415	65.4250	0.0009	74.3500	
0.1417	65.3500	0.0009	74.3000	
0.1416	64.7250	0.0009	74.3250	
0.1415	65.6000	0.0009	74.3750	
0.1415	65.0000	0.0009	74.3750	
0.1414	65.5750	0.0009	74.4000	
0.1414	65.3000	0.0009	74.3000	
0.1414	65.0750	0.0009	74.3000	
0.1414	65.7250	0.0009	74.3250	
0.1415	65.2500	0.0009	74.3250	
0.1414	65.6750	0.0009	74.3000	
0.1416	64.8750	0.0009	74.3250	
0.1415	65.4750	0.0009	74.3250	
0.1413	65.1250	0.0009	74.3250	
0.1413	65.0750	0.0009	74.3250	
0.1413	65.5500	0.0009	74.3250	
0.1413	64.6500	0.0009	74.3500	
0.1412	65.2500	0.0009	74.3250	
0.1413	65.4000	0.0009	74.3250	
0.1412	64.9500	0.0009	74.4000	
0.1412	64.9250	0.0009	74.3000	
0.1412	64.9750	0.0009	74.3250	
0.1412	65.1250	0.0009	74.3750	
0.1412	65.3500	0.0009	74.3500	
0.1411	65.0250	0.0009	74.3250	
0.1411	64.9500	0.0009	74.3000	
0.1413	64.4750	0.0009	74.3000	
0.1414	65.8500	0.0009	74.3250	
0.1414	64.3000	0.0009	74.3250	
0.1411	64.9000	0.0008	74.3500	
0.1410	65.0750	0.0009	74.3500	
0.1410	64.5000	0.0008	74.4000	
0.1410	64.4500	0.0008	74.3500	
0.1410	64.5000	0.0008	74.3750	
0.1410	64.6000	0.0008	74.3500	
0.1410	64.4250	0.0009	74.3000	
0.1409	64.6000	0.0008	74.3000	
0.1409	64.2250	0.0008	74.3000	
0.1409	64.5750	0.0008	74.3500	
0.1409	64.1750	0.0008	74.3250	
0.1409	64.2000	0.0008	74.3250	
0.1409	64.5250	0.0008	74.3000	
0.1409	63.5000	0.0008	74.3250	
0.1409	64.4250	0.0008	74.3750	
0.1411	63.5500	0.0008	74.3000	
0.1408	64.0750	0.0008	74.2500	
0.1408	63.8500	0.0008	74.2750	
0.1408	63.6250	0.0008	74.3000	
0.1409	63.7500	0.0008	74.3250	
0.1409	63.1250	0.0008	74.3000	
0.1408	63.4500	0.0008	74.3250	
0.1409	63.3500	0.0008	74.2750	
0.1408	63.1250	0.0008	74.3000	
0.1408	63.1000	0.0008	74.3000	
0.1408	62.6250	0.0008	74.3250	
0.1408	63.1500	0.0008	74.3500	
0.1407	63.0500	0.0008	74.3500	
0.1407	62.4750	0.0008	74.2750	
0.1407	62.4000	0.0008	74.2500	
0.1407	62.4750	0.0008	74.3250	
0.1407	62.2500	0.0008	74.3000	
0.1407	62.4000	0.0008	74.3250	
0.1407	61.9250	0.0008	74.3000	
0.1407	62.1250	0.0008	74.3000	
0.1407	62.3000	0.0008	74.2500	
0.1407	61.5750	0.0008	74.2750	
0.1407	61.7250	0.0008	74.3000	
0.1408	62.4250	0.0008	74.2500	
0.1407	61.1500	0.0008	74.3000	
0.1407	61.5250	0.0008	74.3000	
0.1407	61.4000	0.0008	74.2500	
0.1406	61.0750	0.0008	74.3000	
0.1407	61.5500	0.0008	74.3250	
0.1406	60.6500	0.0008	74.2500	
0.1406	61.0500	0.0008	74.3000	
0.1406	61.0250	0.0008	74.2750	
0.1407	60.3000	0.0008	74.3000	
0.1407	61.0250	0.0008	74.2750	
0.1407	59.9500	0.0008	74.3500	
0.1407	60.8500	0.0008	74.3000	
0.1405	60.6250	0.0008	74.2750	
0.1408	59.3250	0.0008	74.3000	
0.1407	61.1000	0.0008	74.2750	
0.1407	60.1000	0.0008	74.3500	
0.1406	59.8500	0.0008	74.2500	
0.1411	61.0000	0.0008	74.3000	
0.1407	59.0250	0.0008	74.2500	
0.1405	59.7750	0.0008	74.3250	
0.1406	60.3500	0.0008	74.2750	
0.1408	58.9500	0.0008	74.3000	
0.1407	60.0250	0.0008	74.2750	
0.1411	58.8750	0.0008	74.3000	
0.1409	60.3000	0.0008	74.3000	
0.1405	59.4500	0.0008	74.3000	
0.1406	58.9250	0.0008	74.2750	
0.1406	59.4000	0.0008	74.3250	
0.1405	59.1500	0.0008	74.3000	
0.1405	59.3250	0.0008	74.3250	
0.1406	58.5000	0.0008	74.2250	
0.1405	58.5750	0.0008	74.2750	
0.1406	59.6000	0.0008	74.3000	
0.1405	58.7000	0.0008	74.2500	
0.1407	58.3250	0.0008	74.3000	
0.1406	59.2500	0.0008	74.2750	
0.1405	58.4000	0.0008	74.3250	
0.1407	58.0250	0.0008	74.3500	
0.1405	58.1750	0.0008	74.2750	
0.1405	58.2000	0.0008	74.2500	
0.1406	58.5000	0.0008	74.3000	
0.1407	57.6000	0.0008	74.2750	
0.1407	58.6500	0.0008	74.3250	
0.1405	58.0250	0.0008	74.3500	
0.1408	58.0750	0.0008	74.2750	
0.1405	57.7500	0.0008	74.3500	
0.1405	57.4000	0.0008	74.2500	
0.1405	57.7750	0.0008	74.2500	
0.1406	57.9000	0.0008	74.2500	
0.1406	57.4500	0.0008	74.2750	
0.1405	57.9750	0.0008	74.2500	
0.1406	57.0500	0.0008	74.3250	
0.1406	57.6000	0.0008	74.2750	
0.1405	56.9500	0.0008	74.3250	
0.1405	57.4250	0.0008	74.3500	
0.1404	57.2000	0.0008	74.2500	
0.1405	57.1500	0.0008	74.3000	
0.1405	57.0250	0.0008	74.3000	
0.1405	57.4000	0.0008	74.3500	
0.1405	56.9000	0.0008	74.3250	
0.1405	56.9000	0.0008	74.3000	
0.1407	57.4750	0.0008	74.3000	
0.1406	55.7000	0.0008	74.2500	
0.1408	56.4250	0.0008	74.2500	
0.1405	55.9750	0.0008	74.3000	
0.1404	56.0750	0.0008	74.2750	
0.1405	57.0000	0.0008	74.2750	
0.1405	55.7250	0.0008	74.3250	
0.1404	55.8250	0.0008	74.2500	
0.1406	56.9500	0.0007	74.2750	
0.1404	55.7500	0.0007	74.2750	
0.1405	55.0000	0.0008	74.3750	
0.1404	55.6500	0.0008	74.3000	
0.1409	55.5250	0.0007	74.2250	
0.1408	56.3000	0.0007	74.3000	
0.1408	55.1500	0.0007	74.2750	
0.1407	55.7750	0.0008	74.3000	
0.1404	55.0500	0.0008	74.2500	
0.1404	54.8500	0.0007	74.2750	
0.1404	55.0000	0.0007	74.3250	
0.1404	54.9000	0.0007	74.2250	
0.1404	55.1750	0.0007	74.2500	
0.1404	53.9000	0.0007	74.2750	
0.1404	54.8250	0.0007	74.2750	
0.1403	54.9000	0.0007	74.3250	
0.1403	54.0500	0.0007	74.3000	
0.1404	54.2000	0.0007	74.2500	
0.1403	54.4500	0.0007	74.3000	
0.1403	54.0500	0.0007	74.2750	
0.1403	53.6000	0.0007	74.2750	
0.1403	53.1250	0.0007	74.3000	
0.1403	54.0500	0.0007	74.2000	
0.1405	53.0500	0.0007	74.3250	
0.1405	53.9750	0.0007	74.3250	
0.1403	53.0000	0.0007	74.3000	
0.1403	53.1500	0.0007	74.3250	
0.1402	53.4000	0.0007	74.3000	
0.1402	52.6500	0.0007	74.3000	
0.1403	52.6750	0.0007	74.2750	
0.1402	53.0000	0.0007	74.2500	
0.1404	51.7250	0.0007	74.3000	
0.1403	52.8250	0.0007	74.3250	
0.1401	52.2750	0.0007	74.3500	
0.1402	51.2250	0.0007	74.3000	
0.1402	51.6750	0.0007	74.2500	
0.1402	52.5500	0.0007	74.3000	
0.1402	51.8750	0.0007	74.3250	
0.1403	51.7250	0.0007	74.3250	
0.1405	53.0750	0.0007	74.3250	
0.1405	51.4000	0.0007	74.3250	
0.1401	52.0500	0.0007	74.2750	
0.1403	52.8000	0.0007	74.2750	
0.1402	51.0750	0.0007	74.2750	
0.1402	51.7000	0.0007	74.3000	
0.1401	50.8250	0.0007	74.2750	
0.1402	50.6250	0.0007	74.3250	
0.1401	51.2000	0.0007	74.3000	
0.1401	51.2750	0.0007	74.3250	
0.1402	51.3750	0.0007	74.3250	
0.1402	50.7250	0.0007	74.3500	
0.1402	51.4000	0.0007	74.2500	
0.1402	51.3250	0.0007	74.2750	
0.1402	50.7250	0.0007	74.3000	
0.1402	51.2500	0.0007	74.2750	
0.1402	51.0250	0.0007	74.3250	
0.1403	51.8750	0.0007	74.2750	
0.1401	50.7250	0.0007	74.3250	
0.1401	50.8250	0.0007	74.2750	
0.1401	50.5750	0.0007	74.3000	
0.1401	49.7500	0.0007	74.3000	
0.1401	49.9500	0.0007	74.3250	
0.1402	50.8500	0.0007	74.2500	
0.1401	50.9000	0.0007	74.3250	
0.1402	50.3500	0.0007	74.3000	
0.1402	50.5750	0.0007	74.2750	
0.1401	50.1000	0.0007	74.2750	
0.1402	50.2500	0.0007	74.3250	
0.1405	49.1750	0.0007	74.3000	
0.1403	50.7000	0.0007	74.3250	
0.1402	49.6000	0.0007	74.3250	
0.1403	50.3500	0.0007	74.3000	
0.1401	50.6250	0.0007	74.2500	
0.1401	49.7000	0.0007	74.3250	
0.1401	49.2000	0.0007	74.3250	
0.1402	49.4750	0.0007	74.3250	
0.1401	48.4500	0.0007	74.3250	
0.1401	49.4000	0.0007	74.2750	
0.1401	49.6500	0.0007	74.3250	
0.1401	49.5000	0.0007	74.2500	
0.1402	49.4250	0.0007	74.3000	
0.1403	50.3250	0.0007	74.2750	
0.1402	48.6250	0.0007	74.3000	
0.1401	48.8750	0.0007	74.2750	
0.1402	49.6750	0.0007	74.3250	
0.1401	49.3250	0.0007	74.3250	
0.1401	50.1250	0.0007	74.3500	
0.1402	48.6000	0.0007	74.3500	
0.1400	49.2250	0.0007	74.3250	
0.1401	49.2250	0.0007	74.2750	
0.1401	49.5250	0.0007	74.3250	
0.1401	49.2250	0.0007	74.3500	
0.1401	48.6250	0.0007	74.3000	
0.1400	48.8500	0.0007	74.3250	
0.1400	49.0000	0.0007	74.3750	
0.1404	47.7250	0.0007	74.3500	
0.1403	49.3000	0.0007	74.3250	
0.1401	48.0500	0.0007	74.3750	
0.1400	47.7750	0.0007	74.3250	
0.1401	49.4500	0.0007	74.3750	
0.1400	49.0750	0.0007	74.3000	
0.1401	48.7500	0.0007	74.3750	
0.1402	49.3000	0.0007	74.2750	
0.1400	48.0000	0.0007	74.3250	
0.1401	48.3750	0.0007	74.3000	
0.1401	47.9500	0.0007	74.3000	
0.1400	48.6000	0.0007	74.3500	
0.1400	49.0750	0.0007	74.3250	
0.1400	48.7750	0.0007	74.3250	
0.1400	48.3250	0.0007	74.3750	
0.1401	48.9250	0.0007	74.3750	
0.1400	48.6500	0.0007	74.3750	
0.1400	49.2000	0.0007	74.3000	
0.1400	48.7250	0.0007	74.3250	
0.1400	48.2250	0.0007	74.3750	
0.1400	47.9250	0.0007	74.3500	
0.1399	48.0000	0.0007	74.3500	
0.1400	48.3250	0.0007	74.3500	
0.1400	48.9500	0.0007	74.3250	
0.1399	48.4500	0.0007	74.3500	
0.1400	48.7000	0.0007	74.3750	
0.1400	48.6500	0.0007	74.3250	
0.1400	48.8750	0.0007	74.3500	
0.1399	48.7250	0.0007	74.3000	
0.1399	48.2250	0.0007	74.3750	
0.1399	48.5750	0.0007	74.3750	
0.1400	49.0250	0.0007	74.3500	
0.1399	48.9250	0.0007	74.3750	
0.1399	48.6250	0.0007	74.2750	
0.1399	49.0250	0.0007	74.3250	
0.1399	48.7750	0.0007	74.3750	
0.1399	49.0000	0.0007	74.2750	
0.1399	49.0250	0.0007	74.3250	
0.1399	49.4750	0.0007	74.3000	
0.1399	48.9000	0.0007	74.3250	
0.1399	48.4750	0.0007	74.3500	
0.1399	48.0500	0.0007	74.3000	
0.1399	48.3500	0.0007	74.2750	
0.1399	49.0250	0.0007	74.3000	
0.1400	49.0000	0.0007	74.3500	
0.1400	48.3500	0.0007	74.2750	
0.1399	49.0750	0.0007	74.3500	
0.1399	48.8500	0.0007	74.3500	
0.1400	47.8250	0.0007	74.3750	
0.1399	48.4500	0.0007	74.2500	
0.1399	48.2750	0.0007	74.3500	
0.1399	48.5750	0.0007	74.3500	
0.1399	49.1000	0.0007	74.3750	
0.1399	48.3500	0.0007	74.3750	
0.1399	49.3000	0.0007	74.3250	
0.1399	48.3250	0.0007	74.3500	
0.1400	47.4000	0.0007	74.3250	
0.1400	49.0500	0.0007	74.2750	
0.1399	48.2750	0.0007	74.3000	
0.1399	48.5250	0.0007	74.2750	
0.1399	48.2750	0.0007	74.3000	
0.1399	49.0750	0.0007	74.2750	
0.1400	47.4750	0.0007	74.3250	
0.1399	48.2250	0.0007	74.3500	
0.1400	48.1250	0.0007	74.3750	
0.1399	48.3750	0.0007	74.3000	
0.1399	48.5000	0.0007	74.3500	
0.1399	48.6500	0.0007	74.3250	
0.1399	48.3000	0.0007	74.3250	
0.1399	48.6000	0.0007	74.2500	
0.1399	48.5750	0.0007	74.2750	
0.1399	47.8500	0.0007	74.3500	
0.1399	48.0250	0.0007	74.3250	
0.1398	47.5250	0.0007	74.3250	
0.1399	47.9250	0.0007	74.3500	
0.1399	48.4500	0.0006	74.3500	
0.1400	47.9750	0.0006	74.3750	
0.1399	48.8500	0.0006	74.3500	
0.1399	48.3250	0.0006	74.3250	
0.1399	47.7750	0.0007	74.3750	
0.1399	48.4000	0.0006	74.3500	
0.1399	47.9750	0.0007	74.3500	
0.1399	48.1500	0.0007	74.3250	
0.1399	48.8500	0.0007	74.2500	
0.1399	47.8750	0.0006	74.3500	
0.1400	48.4000	0.0006	74.3750	
0.1400	48.5000	0.0006	74.2750	
0.1400	48.7250	0.0006	74.3250	
0.1399	47.2750	0.0006	74.3500	
0.1399	47.2250	0.0006	74.3500	
0.1398	47.9500	0.0006	74.3750	
0.1399	47.9250	0.0006	74.3250	
0.1400	48.2750	0.0006	74.3500	
0.1398	48.2500	0.0006	74.3000	
0.1398	48.2000	0.0006	74.3500	
0.1399	48.2750	0.0006	74.3000	
0.1399	47.5750	0.0006	74.2750	
0.1398	47.6750	0.0006	74.3250	
0.1400	48.3250	0.0006	74.2750	
0.1399	48.3750	0.0006	74.3000	
0.1398	47.9750	0.0006	74.3250	
0.1399	47.3250	0.0006	74.3250	
0.1400	48.1250	0.0006	74.3250	
0.1398	47.2500	0.0006	74.3250	
0.1398	48.1500	0.0006	74.2750	
0.1400	48.5000	0.0006	74.3250	
0.1399	48.8000	0.0006	74.3000	
0.1399	48.0000	0.0006	74.2750	
0.1399	47.8750	0.0006	74.3000	
0.1398	48.0750	0.0006	74.3000	
0.1398	47.3500	0.0006	74.3000	
0.1398	47.3750	0.0006	74.2750	
0.1399	47.7250	0.0006	74.3000	
0.1398	47.8500	0.0006	74.3000	
0.1399	48.1000	0.0006	74.3000	
0.1399	47.8250	0.0006	74.2750	
0.1398	48.3250	0.0006	74.2750	
0.1399	48.0000	0.0006	74.2750	
0.1398	47.4000	0.0006	74.3000	
0.1399	47.6250	0.0006	74.3000	
0.1399	48.7500	0.0006	74.3000	
0.1399	47.6250	0.0006	74.3000	
0.1398	47.6500	0.0006	74.3000	
0.1400	48.2000	0.0006	74.2500	
0.1398	47.1750	0.0006	74.2750	
0.1399	47.3250	0.0006	74.2500	
0.1399	47.6500	0.0006	74.3000	
0.1399	48.0250	0.0006	74.2750	
0.1399	47.6000	0.0006	74.3000	
0.1398	47.5500	0.0006	74.3500	
0.1399	47.4750	0.0006	74.3000	
0.1398	47.7500	0.0006	74.3250	
0.1400	47.2750	0.0006	74.2750	
0.1400	48.4500	0.0006	74.2750	
0.1399	47.4000	0.0006	74.3250	
0.1399	47.7750	0.0006	74.3000	
