Loss_Adversary	Accuracy_Adversary	Loss_Target	Accuracy_Target	
0.4715	0.8926	0.6230	50.0000	50.0000	
0.4313	0.8770	0.5767	50.0000	50.0000	
0.3936	0.8645	0.5334	50.0000	50.0000	
0.3593	0.8523	0.4939	50.0000	50.0000	
0.3297	0.8393	0.4595	50.0000	50.0000	
0.3050	0.8249	0.4305	50.0000	50.0000	
0.2839	0.8090	0.4054	50.0000	50.0000	
0.2653	0.7926	0.3828	50.0000	50.0000	
0.2483	0.7762	0.3621	50.0000	50.0000	
0.2335	0.7599	0.3439	50.0000	50.0000	
0.2212	0.7441	0.3285	50.0000	58.3250	
0.2110	0.7290	0.3154	50.0000	56.5500	
0.2025	0.7148	0.3045	50.0000	50.0000	
0.1951	0.7014	0.2947	50.0000	50.0000	
0.1883	0.6890	0.2858	50.0000	50.0000	
0.1815	0.6778	0.2770	50.0000	50.0000	
0.1746	0.6672	0.2681	50.0000	50.0000	
0.1664	0.6571	0.2579	50.0000	50.0000	
0.1570	0.6475	0.2464	50.0000	50.0000	
0.1463	0.6382	0.2335	50.0000	53.8000	
0.1345	0.6290	0.2194	50.0000	65.9000	
0.1220	0.6199	0.2044	50.0000	69.9000	
0.1089	0.6111	0.1889	50.0000	66.8250	
0.0952	0.6023	0.1727	50.0000	59.3500	
0.0816	0.5936	0.1567	50.0000	56.3000	
0.0691	0.5852	0.1418	50.0000	58.5000	
0.0575	0.5769	0.1280	50.0000	61.8750	
0.0466	0.5688	0.1150	50.0000	64.7750	
0.0367	0.5610	0.1031	45.4500	66.4250	
0.0277	0.5531	0.0923	34.4250	66.7250	
0.0197	0.5430	0.0822	32.4000	67.4250	
0.0130	0.5250	0.0727	30.8250	67.4250	
0.0081	0.4970	0.0643	30.1000	67.4250	
0.0049	0.4619	0.0568	29.6000	68.1750	
0.0030	0.4241	0.0505	29.3500	69.0250	
0.0024	0.3844	0.0453	28.8250	69.4250	
0.0022	0.3467	0.0410	27.8500	69.7000	
0.0024	0.3113	0.0372	26.8000	70.8750	
0.0022	0.2832	0.0340	26.1500	71.6750	
0.0017	0.2613	0.0309	25.4750	71.9250	
0.0012	0.2459	0.0286	24.8000	71.9250	
0.0009	0.2345	0.0271	24.5750	71.9500	
0.0007	0.2250	0.0258	25.0750	71.9500	
0.0005	0.2165	0.0246	25.0250	71.8000	
0.0003	0.2092	0.0236	25.1500	71.9750	
0.0002	0.2023	0.0226	24.9250	72.0500	
-0.0000	0.1959	0.0217	25.0500	72.0750	
-0.0002	0.1901	0.0209	25.0750	72.1750	
-0.0004	0.1848	0.0201	25.1750	72.4500	
-0.0006	0.1797	0.0193	25.2000	72.6250	
-0.0007	0.1753	0.0187	25.1000	72.5000	
-0.0009	0.1710	0.0180	24.9750	72.5000	
-0.0011	0.1679	0.0174	25.1000	72.7000	
-0.0013	0.1642	0.0168	25.1500	73.0500	
-0.0016	0.1615	0.0162	25.1500	72.9500	
-0.0019	0.1590	0.0156	25.1000	73.1250	
-0.0021	0.1568	0.0151	24.9250	73.2000	
-0.0024	0.1549	0.0145	25.0000	73.4000	
-0.0027	0.1529	0.0140	25.0250	73.4000	
-0.0030	0.1516	0.0136	24.9250	73.5750	
-0.0032	0.1502	0.0131	24.9000	73.4000	
-0.0035	0.1490	0.0127	25.0000	73.4750	
-0.0038	0.1481	0.0122	24.9250	73.7750	
-0.0041	0.1472	0.0118	25.0000	73.4750	
-0.0044	0.1465	0.0114	25.0250	73.6500	
-0.0046	0.1458	0.0111	25.1250	73.5250	
-0.0049	0.1453	0.0107	25.1000	73.6000	
-0.0052	0.1448	0.0104	25.1250	73.8750	
-0.0054	0.1444	0.0100	25.2500	73.6500	
-0.0057	0.1441	0.0097	25.2750	73.8750	
-0.0059	0.1438	0.0094	25.3250	73.8250	
-0.0061	0.1436	0.0091	25.3500	73.6750	
-0.0064	0.1435	0.0088	25.3750	73.7250	
-0.0066	0.1431	0.0086	25.4750	73.7500	
-0.0068	0.1431	0.0083	25.5500	73.7500	
-0.0070	0.1429	0.0081	25.7500	73.9500	
-0.0073	0.1428	0.0078	25.7500	74.0000	
-0.0074	0.1427	0.0076	25.9500	74.0250	
-0.0076	0.1426	0.0073	26.0000	73.7750	
-0.0078	0.1424	0.0071	26.1000	73.8500	
-0.0080	0.1424	0.0069	26.2500	74.1500	
-0.0082	0.1423	0.0067	26.3750	74.1000	
-0.0083	0.1422	0.0065	26.4750	74.0500	
-0.0085	0.1422	0.0064	26.6500	74.2750	
-0.0087	0.1420	0.0062	26.8000	74.2500	
-0.0088	0.1421	0.0060	26.8250	74.2500	
-0.0090	0.1420	0.0058	26.7500	74.3250	
-0.0091	0.1419	0.0056	26.9750	74.2000	
-0.0092	0.1420	0.0055	27.0750	74.2750	
-0.0094	0.1419	0.0054	27.1500	74.2750	
-0.0095	0.1418	0.0052	27.4000	74.6250	
-0.0096	0.1418	0.0051	27.8000	74.3250	
-0.0098	0.1418	0.0049	27.9000	74.4750	
-0.0099	0.1418	0.0048	28.1250	74.3000	
-0.0100	0.1418	0.0047	28.2000	74.5000	
-0.0101	0.1417	0.0045	28.5500	74.3000	
-0.0102	0.1418	0.0044	29.2000	74.7750	
-0.0103	0.1418	0.0043	29.4250	74.5250	
-0.0104	0.1417	0.0042	29.5750	74.6000	
-0.0105	0.1417	0.0041	29.6250	74.6250	
-0.0106	0.1417	0.0040	30.1750	74.5750	
-0.0107	0.1417	0.0039	30.7000	74.8250	
-0.0108	0.1417	0.0038	30.9750	74.6500	
-0.0109	0.1417	0.0037	31.6750	74.7000	
-0.0109	0.1416	0.0036	32.2250	74.6500	
-0.0110	0.1418	0.0035	32.5000	75.0000	
-0.0111	0.1417	0.0035	33.4750	74.7250	
-0.0111	0.1417	0.0034	33.8500	74.7000	
-0.0112	0.1417	0.0033	35.0000	75.0500	
-0.0113	0.1416	0.0032	35.3250	74.8750	
-0.0114	0.1416	0.0031	36.1500	75.0250	
-0.0114	0.1416	0.0031	36.8250	74.8500	
-0.0115	0.1416	0.0030	37.7250	75.0500	
-0.0115	0.1416	0.0029	38.3750	74.9500	
-0.0116	0.1416	0.0029	38.3750	75.0000	
-0.0116	0.1416	0.0028	38.2250	74.9500	
-0.0117	0.1416	0.0027	38.8250	75.1500	
-0.0118	0.1416	0.0027	39.1750	75.1000	
-0.0118	0.1416	0.0026	39.2000	75.0500	
-0.0118	0.1416	0.0026	39.3000	75.2000	
-0.0119	0.1416	0.0025	39.8000	75.2250	
-0.0119	0.1416	0.0025	40.1500	75.1750	
-0.0120	0.1417	0.0024	40.5000	75.2750	
-0.0120	0.1415	0.0024	40.2500	75.3000	
-0.0121	0.1416	0.0023	39.6000	75.4250	
-0.0121	0.1416	0.0023	40.4500	75.1750	
-0.0121	0.1416	0.0023	40.7000	75.2250	
-0.0122	0.1415	0.0022	41.0750	75.3000	
-0.0122	0.1416	0.0022	41.3250	75.5000	
-0.0122	0.1416	0.0021	41.1000	75.1500	
-0.0123	0.1416	0.0021	41.1000	75.3500	
-0.0123	0.1415	0.0020	41.1250	75.2500	
-0.0124	0.1415	0.0020	41.2000	75.4500	
-0.0124	0.1415	0.0020	41.1000	75.3000	
-0.0124	0.1415	0.0019	41.5000	75.3750	
-0.0124	0.1416	0.0019	41.8250	74.9250	
-0.0125	0.1416	0.0019	41.1250	75.5250	
-0.0125	0.1415	0.0019	41.7750	74.9750	
-0.0125	0.1416	0.0018	41.9250	75.6000	
-0.0125	0.1416	0.0018	41.5250	75.3250	
-0.0125	0.1415	0.0018	41.4500	75.2000	
-0.0125	0.1417	0.0018	42.2750	75.4250	
-0.0126	0.1415	0.0017	41.9250	75.2500	
-0.0127	0.1418	0.0017	42.8250	75.2750	
-0.0127	0.1415	0.0016	42.6250	75.3750	
-0.0127	0.1416	0.0016	41.3250	75.2250	
-0.0127	0.1415	0.0016	42.6250	75.2500	
-0.0128	0.1415	0.0015	43.5750	75.2750	
-0.0128	0.1415	0.0015	42.9250	75.3000	
-0.0128	0.1415	0.0015	41.9250	75.2000	
-0.0128	0.1415	0.0015	42.9000	75.1000	
-0.0128	0.1413	0.0015	43.4000	75.4250	
-0.0128	0.1413	0.0014	43.5750	74.9750	
-0.0129	0.1414	0.0014	43.0250	75.4000	
-0.0129	0.1413	0.0014	43.3750	75.2500	
-0.0129	0.1413	0.0014	44.0000	75.2250	
-0.0129	0.1413	0.0014	44.0250	75.3750	
-0.0129	0.1413	0.0013	44.4750	75.3000	
-0.0129	0.1413	0.0013	44.3000	75.5000	
-0.0130	0.1412	0.0013	43.9750	75.2000	
-0.0130	0.1412	0.0013	44.3000	75.4250	
-0.0130	0.1412	0.0012	45.1250	75.2750	
-0.0130	0.1412	0.0012	45.3500	75.2750	
-0.0130	0.1412	0.0012	44.6000	75.4000	
-0.0131	0.1412	0.0012	45.3750	75.3500	
-0.0131	0.1413	0.0012	46.4500	75.4000	
-0.0131	0.1411	0.0012	45.1250	75.5500	
-0.0131	0.1411	0.0011	44.8500	75.1750	
-0.0131	0.1411	0.0011	45.7500	75.4250	
-0.0131	0.1411	0.0011	46.4500	75.2500	
-0.0131	0.1411	0.0011	46.3000	75.3500	
-0.0132	0.1412	0.0011	45.2750	75.3500	
-0.0132	0.1411	0.0010	46.2250	75.4250	
-0.0132	0.1411	0.0010	47.7250	75.2500	
-0.0132	0.1411	0.0010	47.0500	75.5000	
-0.0132	0.1411	0.0010	46.4000	75.2250	
-0.0132	0.1411	0.0010	47.3500	75.1500	
-0.0132	0.1411	0.0010	47.1750	75.3500	
-0.0132	0.1410	0.0010	47.2750	75.1000	
-0.0132	0.1410	0.0010	47.5000	75.4500	
-0.0132	0.1410	0.0009	48.0500	75.4250	
-0.0133	0.1410	0.0009	47.1500	75.3500	
-0.0133	0.1410	0.0009	46.9750	75.4250	
-0.0133	0.1409	0.0009	47.8500	75.3000	
-0.0133	0.1410	0.0009	48.5000	75.2250	
-0.0133	0.1409	0.0009	49.2750	75.1500	
-0.0133	0.1410	0.0009	49.3000	75.4250	
-0.0133	0.1409	0.0009	47.8250	75.1500	
-0.0133	0.1408	0.0009	47.8000	75.1000	
-0.0133	0.1408	0.0008	48.4000	75.3500	
-0.0133	0.1409	0.0008	48.8500	75.1750	
-0.0133	0.1409	0.0009	48.6000	75.2500	
-0.0133	0.1409	0.0009	49.4250	74.8750	
-0.0133	0.1408	0.0009	50.0000	75.3000	
-0.0133	0.1408	0.0008	48.9500	75.2750	
-0.0133	0.1408	0.0008	48.2000	74.9750	
-0.0134	0.1408	0.0008	48.8500	75.1500	
-0.0134	0.1408	0.0008	50.4500	75.3500	
-0.0134	0.1408	0.0008	49.6250	75.2000	
-0.0134	0.1408	0.0008	48.2000	75.2750	
-0.0134	0.1407	0.0008	48.9000	75.2250	
-0.0134	0.1407	0.0008	50.0500	75.3000	
-0.0134	0.1408	0.0008	49.2500	75.2500	
-0.0134	0.1407	0.0008	49.7750	75.3250	
-0.0134	0.1407	0.0008	50.0500	75.1000	
-0.0134	0.1407	0.0007	49.6000	75.0750	
-0.0134	0.1407	0.0007	49.8750	75.2500	
-0.0134	0.1406	0.0007	49.1750	74.9750	
-0.0134	0.1407	0.0007	49.4000	75.3000	
-0.0134	0.1406	0.0007	49.6750	75.1750	
-0.0134	0.1407	0.0007	49.5750	75.1000	
-0.0134	0.1407	0.0007	50.7500	75.1250	
-0.0134	0.1407	0.0007	51.7250	75.3250	
-0.0135	0.1406	0.0007	49.3500	75.2250	
-0.0134	0.1406	0.0007	48.4250	75.0750	
-0.0135	0.1406	0.0007	50.0750	75.3250	
-0.0135	0.1406	0.0007	51.1750	75.1000	
-0.0135	0.1406	0.0006	50.2500	75.1750	
-0.0135	0.1406	0.0006	49.0000	75.2250	
-0.0135	0.1406	0.0006	49.5750	75.1750	
-0.0135	0.1405	0.0006	51.0500	75.0500	
-0.0135	0.1405	0.0006	50.8750	75.2250	
-0.0135	0.1405	0.0006	49.7250	75.2000	
-0.0135	0.1405	0.0006	50.2500	75.3250	
-0.0135	0.1405	0.0006	49.9000	75.1500	
-0.0135	0.1405	0.0006	50.1250	75.2250	
-0.0135	0.1405	0.0006	50.3750	75.1750	
-0.0135	0.1404	0.0006	49.9500	75.1250	
-0.0135	0.1405	0.0006	50.6500	75.2000	
-0.0135	0.1405	0.0006	50.0750	75.2000	
-0.0135	0.1404	0.0006	50.2250	74.9500	
-0.0135	0.1405	0.0006	50.9750	75.1500	
-0.0135	0.1405	0.0006	50.2250	75.2500	
-0.0135	0.1404	0.0006	49.6500	75.2250	
-0.0135	0.1404	0.0006	50.0500	75.2000	
-0.0135	0.1404	0.0006	50.6000	75.0750	
-0.0136	0.1404	0.0005	50.9000	75.2000	
-0.0135	0.1404	0.0006	50.9750	75.2750	
-0.0135	0.1404	0.0005	49.8750	75.0000	
-0.0136	0.1404	0.0005	50.5500	75.1500	
-0.0136	0.1404	0.0005	49.4750	75.2000	
-0.0136	0.1403	0.0005	49.9250	75.0500	
-0.0136	0.1403	0.0005	51.6500	75.0750	
-0.0136	0.1403	0.0005	51.2250	75.0750	
-0.0136	0.1403	0.0005	49.8500	75.2500	
-0.0136	0.1403	0.0005	49.7750	75.0500	
-0.0136	0.1404	0.0005	50.5500	75.2250	
-0.0136	0.1403	0.0005	51.3250	75.0000	
-0.0136	0.1403	0.0005	49.2750	75.1000	
-0.0135	0.1403	0.0005	49.0500	75.3250	
-0.0136	0.1403	0.0005	52.1750	75.2500	
-0.0136	0.1403	0.0005	51.7500	74.9250	
-0.0136	0.1403	0.0005	49.4250	75.2000	
-0.0136	0.1402	0.0005	50.5750	75.1000	
-0.0135	0.1403	0.0005	51.0500	75.1250	
-0.0135	0.1403	0.0005	50.0000	75.2750	
-0.0136	0.1403	0.0005	50.7750	75.0750	
-0.0136	0.1402	0.0005	50.9250	75.1750	
-0.0136	0.1402	0.0005	51.0500	75.0250	
-0.0136	0.1403	0.0005	50.9750	75.1750	
-0.0136	0.1401	0.0005	49.0250	75.1750	
-0.0136	0.1402	0.0005	49.4500	75.0500	
-0.0136	0.1402	0.0005	51.4750	75.0250	
-0.0136	0.1402	0.0004	51.7000	75.1000	
-0.0136	0.1401	0.0004	50.9000	75.1750	
-0.0136	0.1401	0.0004	50.5750	74.9750	
-0.0136	0.1402	0.0005	50.1250	75.0750	
-0.0136	0.1401	0.0005	49.8000	74.9750	
-0.0136	0.1402	0.0005	50.8750	75.2750	
-0.0136	0.1402	0.0005	50.8000	75.0500	
-0.0136	0.1401	0.0005	51.1000	75.1000	
-0.0136	0.1402	0.0004	51.6750	75.2000	
-0.0136	0.1401	0.0004	50.6000	74.9250	
-0.0136	0.1401	0.0004	49.7250	75.2500	
-0.0136	0.1401	0.0004	50.5250	75.0000	
-0.0136	0.1401	0.0004	51.0500	75.1250	
-0.0136	0.1401	0.0004	51.2500	74.9750	
-0.0136	0.1401	0.0004	51.0250	75.0000	
-0.0136	0.1401	0.0004	50.1500	75.1500	
-0.0136	0.1401	0.0004	49.7000	75.0000	
-0.0136	0.1401	0.0004	51.0000	75.0500	
-0.0136	0.1401	0.0004	51.7000	75.0750	
-0.0137	0.1401	0.0004	51.7000	75.0000	
-0.0136	0.1400	0.0004	50.5500	75.1000	
-0.0136	0.1400	0.0004	49.0750	75.1500	
-0.0136	0.1401	0.0004	50.5000	75.2000	
-0.0136	0.1401	0.0004	51.6750	75.0000	
-0.0136	0.1400	0.0004	51.5750	75.0750	
-0.0136	0.1400	0.0004	50.4500	75.0250	
-0.0136	0.1400	0.0004	50.3500	75.2000	
-0.0137	0.1401	0.0004	52.0250	75.2000	
-0.0137	0.1400	0.0004	51.7500	74.9000	
-0.0137	0.1400	0.0004	50.2000	75.1250	
-0.0137	0.1400	0.0004	50.5750	74.9750	
-0.0136	0.1400	0.0004	50.6750	75.0500	
-0.0137	0.1401	0.0004	52.5500	75.1500	
-0.0137	0.1400	0.0004	52.1750	75.1000	
-0.0137	0.1400	0.0004	50.1000	75.0750	
-0.0137	0.1401	0.0004	49.3750	74.9000	
-0.0137	0.1399	0.0004	51.4500	75.0500	
-0.0137	0.1400	0.0004	53.4750	75.0250	
-0.0137	0.1399	0.0004	51.9250	75.0250	
-0.0136	0.1399	0.0004	49.5500	75.0000	
-0.0136	0.1400	0.0004	50.3500	75.0500	
-0.0137	0.1400	0.0004	51.6250	75.0000	
-0.0136	0.1399	0.0004	50.9000	75.1000	
-0.0137	0.1399	0.0004	51.4250	75.0750	
-0.0137	0.1399	0.0004	51.7000	75.1250	
-0.0137	0.1399	0.0004	51.2500	74.9250	
-0.0136	0.1398	0.0004	51.7000	74.9000	
-0.0137	0.1399	0.0004	51.0500	75.1500	
-0.0136	0.1399	0.0004	50.6250	74.6750	
-0.0136	0.1399	0.0004	51.3500	75.0500	
-0.0136	0.1399	0.0004	51.8250	74.9000	
-0.0137	0.1398	0.0004	51.2500	74.9750	
-0.0137	0.1399	0.0004	51.2750	75.0500	
-0.0137	0.1399	0.0004	51.3500	75.0500	
-0.0137	0.1399	0.0004	50.3000	74.7750	
-0.0136	0.1399	0.0004	50.4750	74.9000	
-0.0136	0.1399	0.0004	51.4500	74.9750	
-0.0137	0.1398	0.0003	52.4750	74.9500	
-0.0137	0.1398	0.0004	51.3000	74.9250	
-0.0137	0.1398	0.0003	50.5000	75.0500	
-0.0137	0.1398	0.0003	50.7750	75.0000	
-0.0137	0.1398	0.0003	51.3250	74.9250	
-0.0137	0.1399	0.0004	51.9000	74.8500	
-0.0137	0.1398	0.0003	51.3500	74.8750	
-0.0137	0.1398	0.0003	51.7000	74.8750	
-0.0137	0.1398	0.0003	51.7750	75.0000	
-0.0137	0.1398	0.0003	50.4000	74.9500	
-0.0137	0.1398	0.0003	50.1000	75.1000	
-0.0137	0.1398	0.0003	51.6500	75.0000	
-0.0137	0.1399	0.0004	51.6750	74.9750	
-0.0137	0.1397	0.0003	51.7500	75.1500	
-0.0137	0.1398	0.0003	52.0500	75.0500	
-0.0137	0.1397	0.0003	50.7250	74.8750	
-0.0137	0.1398	0.0003	50.4000	75.0250	
-0.0137	0.1397	0.0003	50.5500	75.0000	
-0.0137	0.1397	0.0003	50.4750	74.9000	
-0.0137	0.1398	0.0003	51.9250	74.8000	
-0.0137	0.1398	0.0003	51.9250	74.9750	
-0.0137	0.1397	0.0003	51.3500	74.7500	
-0.0137	0.1397	0.0003	49.7000	75.0750	
-0.0137	0.1397	0.0003	49.8500	74.9500	
-0.0137	0.1397	0.0003	52.2500	74.8750	
-0.0137	0.1397	0.0003	51.4500	74.9750	
-0.0137	0.1397	0.0003	50.2000	74.8750	
-0.0137	0.1397	0.0003	51.7250	75.0000	
-0.0137	0.1397	0.0003	51.7750	74.9250	
-0.0137	0.1398	0.0003	51.1500	74.8750	
-0.0137	0.1396	0.0003	50.7750	74.8750	
-0.0137	0.1397	0.0003	49.9250	74.9000	
-0.0137	0.1397	0.0003	51.1750	75.0750	
-0.0137	0.1397	0.0003	51.9750	74.6000	
-0.0137	0.1397	0.0003	51.3250	74.9750	
-0.0137	0.1397	0.0003	50.1000	75.0000	
-0.0137	0.1396	0.0003	51.0750	75.0750	
-0.0137	0.1397	0.0003	53.0500	74.9500	
-0.0137	0.1396	0.0003	52.0500	74.9250	
-0.0137	0.1396	0.0003	49.7500	74.9500	
-0.0137	0.1396	0.0003	50.1500	74.9000	
-0.0137	0.1396	0.0003	51.1750	74.8000	
-0.0137	0.1396	0.0003	51.7000	75.0750	
-0.0137	0.1396	0.0003	51.3000	74.8750	
-0.0137	0.1396	0.0003	51.8000	75.1000	
-0.0137	0.1396	0.0003	51.5500	75.0500	
-0.0137	0.1396	0.0003	50.5250	75.0500	
-0.0137	0.1395	0.0003	51.5750	75.1500	
-0.0137	0.1396	0.0003	50.9500	74.8250	
-0.0137	0.1396	0.0003	50.3000	75.0750	
-0.0137	0.1396	0.0003	51.8250	75.0250	
-0.0137	0.1395	0.0003	51.7250	75.1250	
-0.0137	0.1395	0.0003	51.0750	74.9250	
-0.0137	0.1396	0.0003	50.0000	75.1000	
-0.0137	0.1395	0.0003	50.6750	74.8000	
-0.0137	0.1395	0.0003	52.3750	74.9000	
-0.0137	0.1395	0.0003	51.0750	74.8750	
-0.0137	0.1395	0.0003	49.6250	74.8750	
-0.0137	0.1395	0.0003	50.9250	74.9500	
-0.0137	0.1395	0.0003	53.0000	74.9500	
-0.0137	0.1396	0.0003	52.6750	75.1750	
-0.0137	0.1396	0.0003	49.6750	75.0500	
-0.0137	0.1396	0.0003	48.6500	75.0000	
-0.0137	0.1395	0.0003	50.3500	74.8750	
-0.0137	0.1395	0.0003	52.9500	74.8250	
-0.0137	0.1395	0.0003	51.9750	74.7750	
-0.0137	0.1395	0.0003	50.4250	75.0500	
-0.0137	0.1395	0.0003	50.7750	74.9000	
-0.0137	0.1395	0.0003	50.8500	74.9500	
-0.0137	0.1395	0.0003	52.1750	74.9000	
-0.0137	0.1396	0.0003	52.2000	74.9500	
-0.0137	0.1395	0.0003	51.0500	74.8500	
-0.0137	0.1395	0.0003	49.3750	75.0250	
-0.0137	0.1395	0.0003	51.4250	74.8750	
-0.0137	0.1395	0.0003	52.9250	74.9250	
-0.0137	0.1395	0.0003	50.0250	74.8250	
-0.0137	0.1395	0.0003	49.9000	74.9500	
-0.0137	0.1394	0.0003	52.0000	75.0000	
-0.0137	0.1394	0.0003	52.6750	74.7750	
-0.0137	0.1395	0.0002	51.9000	75.0000	
-0.0137	0.1394	0.0003	50.2000	74.8000	
-0.0137	0.1394	0.0003	49.5500	74.9500	
-0.0137	0.1394	0.0002	50.7500	75.0500	
-0.0137	0.1395	0.0002	51.7750	74.7750	
-0.0137	0.1394	0.0003	51.6500	75.1000	
-0.0137	0.1395	0.0003	50.5250	74.8000	
-0.0137	0.1394	0.0003	50.7500	74.7250	
-0.0137	0.1395	0.0003	52.2750	74.8000	
-0.0137	0.1395	0.0003	52.6750	74.8500	
-0.0137	0.1394	0.0003	51.3000	74.9000	
-0.0137	0.1395	0.0003	48.5000	75.0500	
-0.0137	0.1394	0.0003	51.4000	74.9500	
-0.0137	0.1394	0.0003	53.8000	74.8250	
-0.0137	0.1394	0.0003	52.2750	74.7500	
-0.0137	0.1394	0.0002	49.5250	75.0750	
-0.0137	0.1395	0.0002	48.6250	74.9750	
-0.0137	0.1395	0.0002	52.1500	74.9000	
-0.0137	0.1394	0.0002	52.6000	74.9000	
-0.0137	0.1394	0.0002	50.1000	74.8250	
-0.0137	0.1394	0.0002	51.1000	75.0000	
-0.0137	0.1394	0.0002	52.4750	74.7750	
-0.0137	0.1394	0.0002	52.3250	75.0000	
-0.0137	0.1394	0.0002	51.1250	74.8500	
-0.0137	0.1394	0.0002	50.6000	74.8750	
-0.0137	0.1394	0.0002	51.3000	74.7500	
-0.0137	0.1393	0.0002	51.9250	74.8000	
-0.0137	0.1394	0.0003	51.5250	75.0750	
-0.0137	0.1393	0.0003	51.5500	74.7500	
-0.0137	0.1394	0.0003	50.9500	74.9500	
-0.0137	0.1393	0.0003	51.1500	74.7750	
-0.0137	0.1393	0.0002	52.2000	74.9500	
-0.0137	0.1393	0.0002	51.6500	74.7750	
-0.0137	0.1394	0.0002	51.4750	74.9250	
-0.0137	0.1393	0.0002	50.9250	74.9500	
-0.0137	0.1393	0.0002	50.5750	74.9000	
-0.0137	0.1393	0.0002	52.3250	75.1000	
-0.0137	0.1393	0.0002	51.6000	74.8500	
-0.0137	0.1393	0.0002	51.7000	74.9000	
-0.0137	0.1393	0.0002	51.3750	74.8750	
-0.0137	0.1393	0.0003	50.8250	74.8000	
-0.0137	0.1393	0.0002	51.9750	74.6500	
-0.0137	0.1393	0.0002	52.0250	74.8750	
-0.0137	0.1393	0.0002	51.1000	74.9250	
-0.0137	0.1394	0.0002	49.7500	74.8500	
-0.0137	0.1393	0.0002	52.0750	74.8750	
-0.0137	0.1393	0.0002	52.6750	74.8250	
-0.0137	0.1393	0.0002	51.9000	74.9750	
-0.0137	0.1393	0.0002	51.5750	74.8000	
-0.0137	0.1393	0.0002	51.0500	74.7750	
-0.0137	0.1393	0.0002	51.9250	74.8500	
-0.0137	0.1392	0.0002	52.1250	74.7750	
-0.0137	0.1392	0.0002	51.5250	74.8750	
-0.0137	0.1393	0.0002	50.6000	74.9500	
-0.0137	0.1392	0.0002	52.0500	74.7750	
-0.0137	0.1393	0.0002	52.8750	75.0000	
-0.0137	0.1393	0.0002	52.4250	74.7500	
-0.0137	0.1392	0.0002	50.1750	74.7500	
-0.0137	0.1393	0.0002	49.2250	74.8250	
-0.0137	0.1392	0.0002	51.9250	74.6750	
-0.0137	0.1392	0.0002	52.9750	74.9250	
-0.0137	0.1392	0.0002	51.8250	74.8250	
-0.0137	0.1392	0.0002	51.1750	74.9250	
-0.0137	0.1392	0.0002	51.3250	74.8250	
-0.0137	0.1392	0.0002	50.0000	74.8500	
-0.0137	0.1392	0.0002	51.2750	74.8750	
-0.0137	0.1393	0.0002	52.9000	74.8500	
-0.0137	0.1392	0.0002	51.1500	74.8250	
-0.0137	0.1392	0.0002	49.8750	74.7500	
-0.0137	0.1392	0.0002	51.2250	74.8500	
-0.0137	0.1392	0.0002	51.1500	74.8250	
-0.0137	0.1392	0.0002	52.4000	74.9000	
-0.0137	0.1393	0.0002	51.4000	74.8250	
-0.0137	0.1392	0.0002	49.3000	74.9000	
-0.0137	0.1392	0.0002	49.9750	74.9250	
-0.0137	0.1392	0.0002	51.0750	74.9250	
-0.0137	0.1392	0.0002	51.5500	74.7000	
-0.0137	0.1392	0.0002	51.8250	74.7750	
-0.0137	0.1392	0.0002	51.5250	74.8250	
-0.0137	0.1392	0.0002	50.0750	74.9000	
-0.0138	0.1392	0.0002	49.1500	74.8250	
-0.0138	0.1392	0.0002	51.4500	74.7750	
-0.0138	0.1392	0.0002	51.5500	74.8750	
-0.0138	0.1392	0.0002	50.6250	74.8000	
-0.0138	0.1392	0.0002	51.0500	74.7750	
-0.0138	0.1392	0.0002	51.3500	74.8250	
-0.0138	0.1392	0.0002	50.7000	74.8000	
-0.0138	0.1392	0.0002	51.0000	74.8500	
-0.0138	0.1393	0.0002	49.8750	74.7750	
-0.0137	0.1392	0.0002	50.5000	74.8750	
-0.0137	0.1392	0.0002	52.2750	74.7250	
-0.0137	0.1392	0.0002	51.4250	74.8000	
-0.0137	0.1392	0.0002	50.4750	74.6000	
-0.0137	0.1392	0.0002	50.5250	74.9250	
-0.0138	0.1392	0.0002	51.1000	74.8500	
-0.0137	0.1392	0.0002	49.6500	74.7250	
-0.0138	0.1392	0.0002	49.1500	74.9750	
-0.0138	0.1392	0.0002	52.8500	74.8250	
-0.0138	0.1392	0.0002	53.3250	74.7750	
-0.0137	0.1392	0.0002	50.6750	74.6750	
-0.0138	0.1392	0.0002	49.7750	74.8000	
-0.0138	0.1392	0.0002	50.2500	74.8000	
-0.0137	0.1391	0.0002	50.6000	74.9750	
-0.0138	0.1391	0.0002	51.4000	74.7250	
-0.0138	0.1392	0.0002	51.5750	74.7500	
-0.0137	0.1391	0.0002	50.7000	74.5500	
-0.0137	0.1392	0.0002	49.5500	74.7000	
-0.0138	0.1392	0.0002	50.2250	74.7250	
-0.0137	0.1391	0.0002	51.8000	74.7750	
-0.0137	0.1392	0.0002	51.3000	74.9000	
-0.0137	0.1391	0.0002	50.7750	74.4750	
-0.0137	0.1391	0.0002	49.8000	74.8500	
-0.0137	0.1391	0.0002	49.9250	74.7500	
-0.0138	0.1391	0.0002	51.2750	74.7000	
-0.0138	0.1391	0.0002	52.1500	74.6750	
-0.0138	0.1391	0.0002	51.2750	74.7250	
-0.0138	0.1391	0.0002	50.2250	74.6750	
-0.0138	0.1392	0.0002	49.6500	74.7500	
-0.0137	0.1391	0.0002	50.6750	74.7000	
-0.0138	0.1391	0.0002	53.0000	74.8000	
-0.0138	0.1391	0.0002	52.9000	74.6500	
-0.0138	0.1391	0.0002	49.0000	74.8000	
-0.0138	0.1391	0.0002	49.0250	74.6000	
-0.0137	0.1391	0.0002	50.9750	74.6000	
-0.0138	0.1392	0.0002	53.3500	74.8750	
-0.0138	0.1391	0.0002	51.7750	74.8750	
-0.0138	0.1391	0.0002	48.3500	74.6750	
-0.0138	0.1391	0.0002	49.9750	74.8000	
-0.0138	0.1391	0.0002	52.4500	74.6750	
-0.0138	0.1391	0.0002	52.7750	74.8250	
-0.0138	0.1391	0.0002	50.5500	74.8000	
-0.0138	0.1391	0.0002	49.1750	74.5250	
-0.0138	0.1391	0.0002	51.0500	74.6250	
-0.0137	0.1391	0.0002	52.3500	74.7500	
-0.0137	0.1391	0.0002	50.6500	74.7500	
-0.0137	0.1391	0.0002	49.3750	74.6750	
-0.0138	0.1390	0.0002	49.9750	74.8500	
-0.0138	0.1390	0.0002	51.6750	74.8250	
-0.0137	0.1391	0.0002	52.4500	74.7250	
-0.0138	0.1391	0.0002	51.0750	74.8000	
-0.0138	0.1391	0.0002	49.4500	74.8000	
-0.0137	0.1390	0.0002	50.4750	74.7250	
-0.0137	0.1390	0.0002	52.6000	74.7250	
-0.0138	0.1390	0.0002	51.3750	74.8250	
-0.0138	0.1390	0.0002	49.3000	74.8000	
-0.0138	0.1390	0.0002	51.1250	74.6000	
-0.0138	0.1390	0.0002	51.0500	74.7750	
-0.0138	0.1390	0.0002	51.5500	74.7250	
-0.0138	0.1390	0.0002	51.6750	74.8250	
-0.0137	0.1390	0.0002	51.3750	74.7000	
-0.0137	0.1390	0.0002	49.2250	74.6500	
-0.0138	0.1390	0.0002	49.4000	74.6500	
-0.0137	0.1390	0.0002	52.5500	74.7000	
-0.0137	0.1390	0.0002	52.6250	74.6000	
-0.0138	0.1390	0.0002	49.9250	74.6500	
-0.0138	0.1390	0.0002	49.7500	74.7250	
-0.0138	0.1390	0.0002	52.4750	74.6250	
-0.0138	0.1390	0.0002	51.8500	74.8250	
-0.0138	0.1390	0.0002	50.1750	74.6500	
-0.0138	0.1390	0.0002	50.0000	74.6500	
-0.0137	0.1390	0.0002	50.5500	74.6750	
-0.0138	0.1390	0.0002	52.3500	74.7750	
-0.0138	0.1390	0.0002	53.0250	74.6500	
-0.0138	0.1390	0.0002	49.5250	74.5750	
-0.0138	0.1390	0.0002	49.7750	74.9000	
-0.0137	0.1390	0.0002	51.6000	74.6000	
-0.0137	0.1390	0.0002	51.6000	74.7000	
-0.0137	0.1389	0.0002	50.1250	74.8000	
-0.0138	0.1390	0.0002	50.2750	74.6750	
-0.0137	0.1390	0.0002	51.1500	74.7500	
-0.0138	0.1390	0.0002	51.5000	74.8000	
-0.0138	0.1391	0.0002	52.2000	74.5500	
-0.0138	0.1392	0.0002	50.6750	74.7500	
-0.0138	0.1394	0.0002	49.3750	74.8500	
-0.0138	0.1395	0.0002	51.1250	74.8000	
-0.0138	0.1394	0.0002	51.8500	74.9000	
-0.0138	0.1394	0.0002	50.1250	74.6250	
-0.0138	0.1394	0.0002	49.8500	74.8250	
-0.0138	0.1393	0.0002	50.8000	74.5750	
-0.0138	0.1394	0.0002	52.0750	74.9500	
-0.0138	0.1394	0.0002	50.3750	74.5750	
-0.0138	0.1394	0.0002	47.2500	74.8250	
-0.0138	0.1394	0.0002	48.9250	74.8500	
-0.0138	0.1394	0.0002	51.3500	74.5500	
-0.0138	0.1394	0.0002	50.2000	74.9000	
-0.0138	0.1394	0.0002	49.2750	74.6250	
-0.0138	0.1394	0.0002	49.7000	74.8250	
-0.0138	0.1394	0.0002	47.7500	74.8000	
-0.0138	0.1394	0.0002	48.3000	74.8750	
-0.0138	0.1394	0.0002	49.2250	74.6500	
-0.0138	0.1394	0.0002	49.1000	74.6000	
-0.0138	0.1394	0.0001	49.8500	74.8750	
-0.0138	0.1394	0.0002	48.0250	74.7750	
-0.0138	0.1394	0.0002	48.5750	74.5750	
-0.0138	0.1394	0.0002	49.3250	74.6750	
-0.0138	0.1395	0.0002	47.1750	74.7750	
-0.0138	0.1394	0.0002	47.8250	74.8500	
-0.0138	0.1395	0.0002	50.2000	74.6500	
-0.0138	0.1395	0.0002	47.7000	74.7000	
-0.0138	0.1394	0.0002	47.9000	74.8000	
-0.0138	0.1395	0.0002	47.7750	74.8250	
-0.0138	0.1394	0.0002	49.2750	74.6250	
-0.0138	0.1395	0.0002	51.7250	74.8000	
-0.0138	0.1395	0.0002	47.9500	74.7250	
-0.0138	0.1394	0.0002	45.1500	74.7250	
-0.0138	0.1394	0.0002	47.4500	74.8000	
-0.0138	0.1394	0.0002	49.2250	74.7250	
-0.0138	0.1394	0.0001	49.8500	74.8250	
-0.0138	0.1394	0.0002	50.6750	74.7000	
-0.0138	0.1395	0.0002	47.3250	74.7500	
-0.0138	0.1394	0.0002	47.9000	74.8000	
-0.0138	0.1394	0.0002	49.9750	74.7000	
-0.0138	0.1394	0.0002	48.6750	74.7750	
-0.0138	0.1395	0.0002	48.2500	74.7500	
-0.0138	0.1394	0.0002	47.6250	74.7750	
-0.0138	0.1394	0.0002	49.0750	74.5250	
-0.0138	0.1395	0.0002	48.3000	74.8250	
-0.0138	0.1395	0.0002	47.4000	74.7000	
-0.0138	0.1394	0.0002	51.1500	74.7250	
-0.0138	0.1394	0.0002	50.6750	74.7250	
-0.0138	0.1394	0.0002	46.6000	74.9250	
-0.0138	0.1394	0.0002	46.4250	74.7000	
-0.0138	0.1394	0.0002	48.9250	74.7750	
-0.0138	0.1394	0.0002	50.3500	74.7750	
-0.0138	0.1395	0.0002	50.6750	74.6750	
-0.0138	0.1394	0.0002	49.2000	74.6250	
-0.0138	0.1394	0.0002	47.6000	74.7750	
-0.0138	0.1395	0.0002	49.9000	74.8000	
-0.0138	0.1395	0.0002	48.5250	74.8000	
-0.0138	0.1394	0.0002	48.5500	74.5000	
-0.0138	0.1395	0.0002	51.4000	75.0250	
-0.0138	0.1394	0.0001	50.5000	74.6750	
-0.0138	0.1394	0.0001	47.9500	74.6750	
-0.0138	0.1394	0.0002	48.9000	74.7250	
-0.0138	0.1394	0.0002	49.2750	74.7500	
-0.0138	0.1394	0.0002	50.4750	74.7000	
-0.0138	0.1394	0.0001	51.7500	74.7500	
-0.0138	0.1394	0.0002	49.9000	74.7500	
-0.0138	0.1394	0.0001	47.9500	74.8000	
-0.0138	0.1394	0.0001	49.8750	74.5750	
-0.0138	0.1394	0.0002	52.7750	74.7000	
-0.0138	0.1394	0.0002	51.4000	74.6750	
-0.0138	0.1394	0.0002	47.1500	74.7250	
-0.0138	0.1394	0.0002	47.9500	74.7750	
-0.0138	0.1393	0.0002	51.0750	74.7250	
-0.0138	0.1394	0.0002	52.9250	74.8250	
-0.0138	0.1394	0.0002	51.2250	74.4750	
-0.0138	0.1394	0.0002	49.1250	74.9000	
-0.0138	0.1393	0.0001	49.5500	74.7750	
-0.0138	0.1394	0.0002	49.7500	74.6250	
-0.0138	0.1394	0.0002	51.0000	74.7250	
-0.0138	0.1394	0.0001	49.6000	74.5750	
-0.0138	0.1394	0.0001	51.2750	74.7250	
-0.0138	0.1394	0.0002	51.5750	74.6500	
-0.0138	0.1394	0.0002	49.6750	74.8750	
-0.0138	0.1394	0.0002	49.9000	74.5000	
-0.0138	0.1393	0.0002	52.6750	74.7250	
-0.0138	0.1393	0.0001	52.2250	74.6500	
-0.0138	0.1394	0.0001	50.5500	74.6250	
-0.0138	0.1393	0.0001	48.6500	74.7500	
-0.0138	0.1393	0.0001	47.8250	74.7250	
-0.0138	0.1393	0.0001	51.5000	74.8250	
-0.0138	0.1393	0.0001	52.0250	74.7250	
-0.0138	0.1393	0.0002	49.9750	74.5500	
-0.0138	0.1393	0.0001	50.4750	74.8250	
-0.0138	0.1393	0.0001	50.8500	74.7250	
-0.0138	0.1393	0.0002	51.6500	74.7500	
-0.0138	0.1393	0.0001	51.2000	74.6750	
-0.0138	0.1393	0.0001	49.7500	74.7250	
-0.0138	0.1393	0.0001	50.6500	74.7000	
-0.0138	0.1393	0.0001	50.4500	74.8250	
-0.0138	0.1393	0.0001	50.0000	74.5750	
-0.0138	0.1393	0.0001	51.6750	74.7750	
-0.0138	0.1392	0.0001	50.9500	74.7250	
-0.0138	0.1393	0.0001	50.0750	74.7000	
-0.0138	0.1393	0.0001	49.4500	74.8250	
-0.0138	0.1392	0.0002	51.1250	74.7750	
-0.0138	0.1393	0.0001	51.2750	74.6000	
-0.0138	0.1393	0.0001	50.8500	74.7750	
-0.0138	0.1393	0.0002	51.7000	74.6750	
-0.0138	0.1393	0.0001	51.1250	74.7500	
-0.0138	0.1393	0.0001	49.4000	74.7500	
-0.0138	0.1392	0.0001	48.9250	74.8000	
-0.0138	0.1392	0.0001	51.8250	74.5750	
-0.0138	0.1393	0.0001	50.8250	74.6750	
-0.0138	0.1392	0.0002	49.8000	74.6250	
-0.0138	0.1392	0.0001	51.9250	74.7250	
-0.0138	0.1392	0.0001	51.5000	74.5000	
-0.0138	0.1393	0.0001	49.5000	74.6500	
-0.0138	0.1392	0.0001	47.7750	74.7250	
-0.0138	0.1392	0.0001	50.4750	74.6250	
-0.0138	0.1393	0.0002	51.5750	74.7500	
-0.0138	0.1393	0.0002	50.3500	74.7250	
-0.0138	0.1392	0.0002	50.1500	74.8000	
-0.0138	0.1393	0.0002	49.5500	74.7250	
-0.0138	0.1392	0.0002	49.1500	74.6500	
-0.0138	0.1393	0.0002	50.9250	74.6000	
-0.0138	0.1392	0.0001	50.3250	74.6000	
-0.0138	0.1392	0.0001	48.6250	74.7500	
-0.0138	0.1392	0.0001	50.6250	74.7000	
-0.0138	0.1392	0.0002	51.4250	74.7250	
0.6463	50.0000	0.7536	50.0000	
0.6197	50.0000	0.6805	50.0000	
0.5894	50.0000	0.6161	50.0000	
0.5574	50.0000	0.5550	50.0000	
0.5254	50.0000	0.4922	50.0000	
0.4937	50.0000	0.4321	50.0000	
0.4623	50.0000	0.3769	50.0000	
0.4316	50.0000	0.3291	50.0000	
0.4012	50.0000	0.2909	50.0750	
0.3717	49.8000	0.2628	56.4500	
0.3448	35.8250	0.2429	83.6000	
0.3208	28.1000	0.2295	96.7250	
0.3004	45.4000	0.2188	95.7500	
0.2844	49.8000	0.2088	92.6500	
0.2720	50.0000	0.1986	89.9000	
0.2623	50.0000	0.1880	89.9750	
0.2550	50.0000	0.1774	89.8500	
0.2482	50.0000	0.1668	90.2250	
0.2416	50.1000	0.1566	91.1500	
0.2346	51.2500	0.1468	90.9500	
0.2273	61.2250	0.1374	90.7250	
0.2200	70.4500	0.1284	91.5500	
0.2132	72.6500	0.1198	91.7250	
0.2070	74.0750	0.1117	91.9000	
0.2012	74.3750	0.1041	91.2750	
0.1958	74.8250	0.0968	90.6500	
0.1906	75.2500	0.0898	90.6250	
0.1859	75.2750	0.0830	89.6500	
0.1814	75.2500	0.0765	88.7250	
0.1773	75.3750	0.0701	87.6500	
0.1734	75.3000	0.0639	86.7250	
0.1699	75.2250	0.0579	85.2500	
0.1666	75.2250	0.0522	83.7750	
0.1637	75.3500	0.0468	82.7000	
0.1610	75.2750	0.0417	81.5500	
0.1586	74.9250	0.0370	80.5250	
0.1565	75.0250	0.0326	79.8250	
0.1547	74.8000	0.0287	79.0500	
0.1531	74.9250	0.0252	78.2000	
0.1518	75.0750	0.0221	77.5000	
0.1506	74.9500	0.0194	76.8000	
0.1496	75.0000	0.0171	76.5250	
0.1488	74.9500	0.0152	76.2750	
0.1481	74.7500	0.0135	76.0000	
0.1475	74.6250	0.0121	75.6750	
0.1470	74.6750	0.0109	75.5250	
0.1466	74.7000	0.0099	75.3500	
0.1461	74.7000	0.0091	75.2750	
0.1459	74.8000	0.0084	75.3000	
0.1455	74.7000	0.0078	75.2000	
0.1453	74.6500	0.0073	74.9500	
0.1451	74.7250	0.0068	74.9750	
0.1448	74.9500	0.0064	75.0500	
0.1446	74.6250	0.0060	74.9000	
0.1445	74.6250	0.0057	74.9250	
0.1443	74.8250	0.0054	74.9500	
0.1441	74.7750	0.0051	75.1000	
0.1440	74.9750	0.0048	75.0000	
0.1438	74.8000	0.0046	75.1750	
0.1437	74.6250	0.0043	75.1500	
0.1436	74.8250	0.0041	75.2000	
0.1434	74.7500	0.0039	75.2500	
0.1433	74.5000	0.0038	75.3250	
0.1432	74.8250	0.0036	75.3000	
0.1431	74.6500	0.0034	75.3000	
0.1430	75.1750	0.0033	75.3250	
0.1429	74.9500	0.0031	75.2750	
0.1428	74.9750	0.0030	75.2500	
0.1426	74.9750	0.0029	75.2750	
0.1425	75.1000	0.0028	75.3250	
0.1424	74.5250	0.0027	75.2750	
0.1424	74.3750	0.0026	75.3000	
0.1422	74.6500	0.0025	75.3250	
0.1421	74.3000	0.0024	75.3250	
0.1420	73.6000	0.0023	75.3500	
0.1419	73.4750	0.0023	75.3500	
0.1418	73.2750	0.0022	75.3250	
0.1417	72.9000	0.0021	75.3250	
0.1417	72.1000	0.0021	75.3250	
0.1415	72.5250	0.0020	75.4000	
0.1415	71.6000	0.0020	75.2250	
0.1414	70.9000	0.0019	75.3750	
0.1413	68.7750	0.0019	75.3000	
0.1412	70.8750	0.0019	75.3500	
0.1411	71.7250	0.0018	75.2750	
0.1410	70.6250	0.0018	75.3000	
0.1409	69.5250	0.0017	75.3250	
0.1408	70.5000	0.0017	75.2250	
0.1408	69.8250	0.0016	75.3000	
0.1406	71.0000	0.0016	75.3000	
0.1406	70.8500	0.0016	75.2000	
0.1405	68.9000	0.0015	75.2500	
0.1405	66.4750	0.0015	75.1750	
0.1404	69.5750	0.0015	75.1500	
0.1403	69.2000	0.0014	75.0250	
0.1403	69.2250	0.0014	75.0250	
0.1402	69.3500	0.0014	75.0750	
0.1401	69.1250	0.0013	75.0750	
0.1401	69.2000	0.0013	75.0250	
0.1400	67.7000	0.0013	75.0250	
0.1400	65.9250	0.0013	74.8750	
0.1399	68.9000	0.0012	74.9000	
0.1399	69.2500	0.0012	75.0000	
0.1398	68.0750	0.0012	74.8000	
0.1398	66.8750	0.0012	74.8500	
0.1397	66.8750	0.0011	74.8500	
0.1397	67.1500	0.0011	74.8250	
0.1397	68.1000	0.0011	74.8250	
0.1397	65.5250	0.0011	74.9000	
0.1396	67.9500	0.0011	74.7250	
0.1395	68.2000	0.0010	74.7250	
0.1395	62.6750	0.0010	74.8500	
0.1394	65.4500	0.0010	74.8250	
0.1394	68.8750	0.0010	74.8500	
0.1393	68.5750	0.0010	74.7500	
0.1393	65.1000	0.0010	74.8250	
0.1393	60.7750	0.0009	74.8500	
0.1393	67.1000	0.0009	74.8500	
0.1392	66.9000	0.0009	74.7500	
0.1392	63.1500	0.0009	74.8000	
0.1391	63.8750	0.0009	74.8250	
0.1391	66.2750	0.0009	74.7750	
0.1391	66.7000	0.0009	74.8250	
0.1390	63.9750	0.0008	74.8500	
0.1390	62.7000	0.0008	74.8500	
0.1390	66.3750	0.0008	74.8500	
0.1390	65.0500	0.0008	74.8000	
0.1390	59.3250	0.0008	74.9000	
0.1389	65.5500	0.0008	74.7750	
0.1389	66.4500	0.0008	74.8000	
0.1389	63.1750	0.0008	74.9000	
0.1389	56.3750	0.0008	74.9250	
0.1388	62.9500	0.0008	74.8250	
0.1388	64.7500	0.0008	74.8250	
0.1387	64.2750	0.0007	74.8000	
0.1387	65.4000	0.0007	74.8750	
0.1387	61.9500	0.0007	74.8500	
0.1387	58.5000	0.0007	74.9500	
0.1387	61.5000	0.0007	74.9500	
0.1387	64.4250	0.0007	74.9000	
0.1386	62.4250	0.0007	74.8500	
0.1386	58.8250	0.0007	74.9000	
0.1386	62.2250	0.0007	74.9500	
0.1386	63.9250	0.0007	74.8500	
0.1386	59.0000	0.0007	74.9500	
0.1385	60.3500	0.0007	74.9500	
0.1385	63.3250	0.0007	74.9750	
0.1385	60.3250	0.0007	74.8500	
0.1386	55.5500	0.0006	74.9500	
0.1384	63.0000	0.0006	74.9000	
0.1385	64.2000	0.0006	74.9500	
0.1385	55.8250	0.0006	74.8750	
0.1386	59.4500	0.0006	74.9000	
0.1384	60.9000	0.0006	75.0000	
0.1384	56.3750	0.0006	74.8750	
0.1384	56.3750	0.0006	74.9250	
0.1384	61.3250	0.0006	74.9250	
0.1383	60.0000	0.0006	74.9250	
0.1383	59.5000	0.0006	74.9750	
0.1384	60.8750	0.0006	74.9750	
0.1383	56.2250	0.0006	74.9750	
0.1383	55.6750	0.0006	74.9250	
0.1382	61.1750	0.0006	74.9750	
0.1382	60.5250	0.0006	74.9250	
0.1382	58.8500	0.0006	74.9750	
0.1382	58.0500	0.0006	75.0000	
0.1382	56.2250	0.0006	74.9500	
0.1382	58.7500	0.0005	74.9250	
0.1381	60.0250	0.0005	75.0250	
0.1381	59.4500	0.0005	74.8750	
0.1382	58.4000	0.0005	74.9750	
0.1381	55.9250	0.0005	74.9500	
0.1381	56.2000	0.0005	74.9250	
0.1381	59.3500	0.0005	75.0000	
0.1381	59.9750	0.0005	74.9750	
0.1381	57.3250	0.0005	74.9500	
0.1381	57.8000	0.0005	74.9250	
0.1380	59.2750	0.0005	74.9500	
0.1381	55.8250	0.0005	74.8750	
0.1381	56.5500	0.0005	74.9500	
0.1380	61.1750	0.0005	74.8750	
0.1382	56.4500	0.0005	74.9500	
0.1380	56.6750	0.0005	74.9750	
0.1381	59.9000	0.0005	74.9500	
0.1380	58.1750	0.0005	74.9500	
0.1380	55.0500	0.0005	74.8750	
0.1379	57.2750	0.0005	74.9000	
0.1379	59.3750	0.0005	74.9000	
0.1379	58.9000	0.0005	74.9500	
0.1379	57.5500	0.0005	74.9500	
0.1379	56.5500	0.0005	74.8750	
0.1379	56.9250	0.0005	74.9500	
0.1379	56.3750	0.0005	74.9500	
0.1379	57.9750	0.0005	75.0250	
0.1378	59.0250	0.0005	74.9750	
0.1378	57.9000	0.0005	74.8000	
0.1378	57.1500	0.0005	74.8750	
0.1378	56.0750	0.0005	74.8750	
0.1378	55.9500	0.0004	75.0000	
0.1378	57.4250	0.0004	74.9500	
0.1378	57.6750	0.0004	74.9500	
0.1378	55.5000	0.0004	74.9500	
0.1378	56.1500	0.0004	75.0000	
0.1378	58.3250	0.0004	74.9000	
0.1378	55.8750	0.0004	74.9000	
0.1378	55.6250	0.0004	74.9250	
0.1378	55.2000	0.0004	74.9500	
0.1377	55.4500	0.0004	74.9500	
0.1378	55.6250	0.0004	74.8750	
0.1378	56.3000	0.0004	74.9000	
0.1377	55.9250	0.0004	75.0000	
0.1377	52.3750	0.0004	74.9250	
0.1377	53.1750	0.0004	74.9500	
0.1377	58.5750	0.0004	74.9500	
0.1377	56.5500	0.0004	74.9000	
0.1376	52.4000	0.0004	74.9250	
0.1377	52.9500	0.0004	74.9000	
0.1376	52.8000	0.0004	74.8500	
0.1377	54.0500	0.0004	74.9250	
0.1376	54.0750	0.0004	74.8500	
0.1377	55.9750	0.0004	74.9250	
0.1376	51.9500	0.0004	74.9250	
0.1376	51.4000	0.0004	74.8750	
0.1376	55.1000	0.0004	74.9250	
0.1375	52.2250	0.0004	74.9500	
0.1376	51.3500	0.0004	74.9000	
0.1375	52.1750	0.0004	74.9000	
0.1375	51.8000	0.0004	74.8250	
0.1375	54.0000	0.0004	74.9000	
0.1376	54.1000	0.0004	74.9500	
0.1375	48.1500	0.0004	74.9500	
0.1375	49.7750	0.0004	74.9500	
0.1374	51.6250	0.0004	74.8500	
0.1375	53.6750	0.0004	74.8750	
0.1374	51.0250	0.0004	74.8500	
0.1375	50.0250	0.0004	74.9250	
0.1374	49.6750	0.0004	74.9750	
0.1374	48.4750	0.0004	74.9750	
0.1374	50.9750	0.0004	74.8750	
0.1375	54.0000	0.0004	74.9500	
0.1374	52.6500	0.0004	75.0000	
0.1374	47.4750	0.0004	75.0250	
0.1375	48.0500	0.0003	75.0250	
0.1373	51.9000	0.0003	75.0500	
0.1374	51.5250	0.0003	75.0000	
0.1375	47.5000	0.0003	75.0000	
0.1373	48.9000	0.0003	74.9250	
0.1374	50.7500	0.0003	75.0250	
0.1373	48.1750	0.0003	75.0000	
0.1373	49.0500	0.0003	75.0750	
0.1373	49.6250	0.0003	74.9250	
0.1373	47.4750	0.0003	75.0500	
0.1372	48.6750	0.0003	75.0000	
0.1372	49.7750	0.0003	74.9500	
0.1373	49.2000	0.0003	74.9500	
0.1372	47.7250	0.0003	74.9750	
0.1372	47.6000	0.0003	75.0000	
0.1372	48.0750	0.0003	74.9750	
0.1372	49.8750	0.0003	75.0000	
0.1372	47.7250	0.0003	75.0250	
0.1372	50.5250	0.0003	75.0250	
0.1373	50.5250	0.0003	75.0250	
0.1373	44.5750	0.0003	74.9750	
0.1372	48.4250	0.0003	74.9500	
0.1372	50.0250	0.0003	75.0000	
0.1371	50.0500	0.0002	75.0250	
0.1371	48.4750	0.0002	74.9500	
0.1371	45.8000	0.0002	75.0750	
0.1371	47.8500	0.0002	75.0000	
0.1370	47.9500	0.0002	75.0000	
0.1371	46.6500	0.0002	75.0250	
0.1371	51.6250	0.0002	74.9250	
0.1371	49.5000	0.0002	75.0000	
0.1372	50.1250	0.0002	75.0750	
0.1370	48.2000	0.0002	75.0250	
0.1370	46.1000	0.0002	74.9750	
0.1370	47.3750	0.0002	75.0500	
0.1369	47.7000	0.0002	74.9500	
0.1369	47.1250	0.0002	75.0500	
0.1370	47.4000	0.0002	75.0250	
0.1369	49.0500	0.0002	74.9750	
0.1369	49.6750	0.0002	75.0000	
0.1369	47.8500	0.0002	75.0000	
0.1369	45.2500	0.0002	74.9750	
0.1369	47.1250	0.0002	75.0000	
0.1369	48.3000	0.0002	75.0500	
0.1369	45.3750	0.0002	74.9750	
0.1368	49.3500	0.0002	75.0250	
0.1368	50.6250	0.0002	74.9250	
0.1368	47.7000	0.0002	74.9750	
0.1368	46.2250	0.0002	75.0000	
0.1369	45.8750	0.0002	74.9500	
0.1368	50.6250	0.0002	75.0000	
0.1368	48.7500	0.0002	75.0000	
0.1367	45.4000	0.0002	75.0000	
0.1367	48.4500	0.0002	74.9750	
0.1367	46.3250	0.0002	74.9500	
0.1367	44.8000	0.0002	75.0750	
0.1367	47.3250	0.0002	75.0250	
0.1367	50.7500	0.0002	74.9500	
0.1367	47.9250	0.0002	75.0250	
0.1367	44.6000	0.0002	75.0250	
0.1366	48.3000	0.0002	74.9250	
0.1366	50.8750	0.0002	75.0500	
0.1366	46.3250	0.0002	74.9500	
0.1366	46.1750	0.0002	74.9500	
0.1366	46.7750	0.0002	75.1000	
0.1365	46.1500	0.0002	75.0250	
0.1365	46.6000	0.0002	75.0500	
0.1365	47.9000	0.0002	75.0250	
0.1365	48.3000	0.0002	75.0500	
0.1365	49.2250	0.0002	74.9000	
0.1365	47.9750	0.0002	74.9500	
0.1365	45.2500	0.0002	75.0000	
0.1364	46.4750	0.0002	75.0000	
0.1364	49.1000	0.0002	75.0250	
0.1364	47.5500	0.0002	74.9750	
0.1364	46.9000	0.0002	75.0000	
0.1364	46.0500	0.0002	74.9750	
0.1364	47.1250	0.0002	74.9000	
0.1363	47.4750	0.0002	75.0500	
0.1364	46.7000	0.0002	75.1000	
0.1363	48.4250	0.0002	74.9500	
0.1363	48.0750	0.0002	75.0000	
0.1363	45.6500	0.0002	75.0500	
0.1363	46.1750	0.0002	75.0000	
0.1362	46.6500	0.0002	75.0000	
0.1362	47.0500	0.0002	75.0250	
0.1362	46.9500	0.0002	74.9750	
0.1364	48.6750	0.0002	75.0500	
0.1363	44.2000	0.0002	75.0250	
0.1362	45.5750	0.0002	75.0000	
0.1361	47.9500	0.0002	75.0250	
0.1362	46.1500	0.0002	75.0000	
0.1361	46.9750	0.0002	74.9250	
0.1361	47.0750	0.0002	74.9750	
0.1361	44.7250	0.0002	75.0000	
0.1361	46.4250	0.0002	74.9500	
0.1360	51.0500	0.0002	74.8250	
0.1360	46.5500	0.0002	75.0500	
0.1360	43.7250	0.0002	75.0250	
0.1360	43.4000	0.0002	75.0250	
0.1360	46.1750	0.0002	75.0250	
0.1360	49.9000	0.0002	74.9500	
0.1360	47.9250	0.0002	74.9750	
0.1359	44.8750	0.0002	75.0250	
0.1359	45.3250	0.0002	75.0000	
0.1359	45.3250	0.0002	74.9750	
0.1359	45.5000	0.0002	75.0000	
0.1358	47.1000	0.0002	74.9500	
0.1358	45.9250	0.0002	75.0500	
0.1358	46.9000	0.0002	75.0000	
0.1358	46.4000	0.0002	75.0000	
0.1358	45.6750	0.0002	74.9750	
0.1357	45.4500	0.0002	74.9750	
0.1357	45.7500	0.0002	74.9750	
0.1357	45.7000	0.0002	74.9750	
0.1357	46.0250	0.0002	75.0000	
0.1358	46.7000	0.0002	74.9250	
0.1357	43.1000	0.0002	75.0000	
0.1357	43.6000	0.0002	75.0000	
0.1356	48.4750	0.0002	74.9250	
0.1356	47.4750	0.0002	75.0500	
0.1356	45.7000	0.0002	75.0000	
0.1356	43.9500	0.0002	74.9750	
0.1358	45.5750	0.0002	74.9500	
0.1356	44.6750	0.0002	75.0250	
0.1356	45.2750	0.0002	74.9750	
0.1355	47.2000	0.0002	74.9250	
0.1355	46.8000	0.0002	75.0500	
0.1355	44.7000	0.0002	74.9250	
0.1355	46.4000	0.0002	74.9000	
0.1354	46.9750	0.0002	75.0250	
0.1354	44.7000	0.0002	75.0000	
0.1356	46.5750	0.0002	75.0000	
0.1354	44.8250	0.0002	74.9750	
0.1355	44.1750	0.0002	74.9250	
0.1354	42.8750	0.0002	75.0750	
0.1354	43.0500	0.0002	75.0250	
0.1354	49.1000	0.0002	75.0000	
0.1353	47.5750	0.0002	75.0000	
0.1353	44.4750	0.0002	74.9250	
0.1353	43.1500	0.0002	74.7750	
0.1352	43.8000	0.0002	75.0500	
0.1352	45.9250	0.0002	74.9500	
0.1352	44.0000	0.0002	74.9500	
0.1352	44.2500	0.0002	75.0000	
0.1352	46.9000	0.0002	74.9250	
0.1351	45.6500	0.0002	74.9750	
0.1351	43.5750	0.0002	75.0000	
0.1352	43.7250	0.0002	74.9250	
0.1351	43.3250	0.0002	75.0250	
0.1351	45.1750	0.0002	74.9750	
0.1350	45.9750	0.0002	74.8750	
0.1350	43.6000	0.0002	74.9000	
0.1350	42.7750	0.0002	75.0250	
0.1350	42.8500	0.0002	75.0250	
0.1350	43.3750	0.0002	75.0250	
0.1349	46.2000	0.0002	75.0250	
0.1349	45.7250	0.0002	75.0250	
0.1349	43.7500	0.0002	74.9750	
0.1349	43.1250	0.0002	74.9750	
0.1349	43.7500	0.0002	74.9250	
0.1350	45.0000	0.0002	74.9500	
0.1350	42.9500	0.0002	74.9250	
0.1348	43.0250	0.0002	74.9750	
0.1349	45.8500	0.0002	74.9500	
0.1350	43.1500	0.0002	74.9750	
0.1350	43.4250	0.0001	74.9750	
0.1349	44.4250	0.0001	74.9750	
0.1347	43.3500	0.0001	74.9750	
0.1347	43.6000	0.0001	75.0000	
0.1347	43.1000	0.0002	74.9750	
0.1347	43.4000	0.0001	74.9000	
0.1346	43.4250	0.0001	74.9500	
0.1346	44.5000	0.0002	74.9750	
0.1348	43.9000	0.0001	74.9500	
0.1346	44.5000	0.0001	74.9250	
0.1346	44.8500	0.0001	75.0250	
0.1345	42.7000	0.0001	74.9250	
0.1345	42.6000	0.0001	75.0000	
0.1345	44.1750	0.0001	74.9500	
0.1345	43.6500	0.0001	74.8750	
0.1345	42.4500	0.0001	74.9250	
0.1344	42.7250	0.0001	74.9750	
0.1344	44.7250	0.0001	75.0500	
0.1344	44.6500	0.0001	74.9250	
0.1344	42.6250	0.0001	75.0000	
0.1343	42.3250	0.0001	74.9750	
0.1343	43.7250	0.0001	75.0000	
0.1343	43.7000	0.0001	74.9000	
0.1343	42.6500	0.0001	74.9500	
0.1342	42.9000	0.0001	74.9500	
0.1342	43.4500	0.0001	74.9750	
0.1341	43.0750	0.0001	74.9750	
0.1342	43.5250	0.0001	74.9500	
0.1341	43.1750	0.0001	74.9750	
0.1341	41.7500	0.0001	74.9500	
0.1341	42.1250	0.0001	74.9000	
0.1341	42.7250	0.0001	74.9250	
0.1341	44.0500	0.0001	74.9750	
0.1342	44.9250	0.0001	74.9750	
0.1340	42.8000	0.0001	74.9750	
0.1340	40.8750	0.0001	74.9250	
0.1339	42.4750	0.0001	74.9000	
0.1340	44.5250	0.0001	74.9250	
0.1338	43.6250	0.0001	74.8000	
0.1338	42.6500	0.0001	74.9500	
0.1338	42.2000	0.0001	75.0000	
0.1338	42.3250	0.0001	74.8750	
0.1339	42.8250	0.0001	74.9250	
0.1337	42.6250	0.0001	74.9750	
0.1338	42.2500	0.0001	75.0000	
0.1336	43.1250	0.0001	74.9500	
0.1336	43.1500	0.0001	74.9500	
0.1336	43.7250	0.0001	74.9500	
0.1336	43.1500	0.0001	74.9750	
0.1335	42.2000	0.0001	75.0000	
0.1335	42.8000	0.0001	74.9500	
0.1335	44.1500	0.0001	74.9750	
0.1335	44.0000	0.0001	74.9250	
0.1334	41.9000	0.0001	74.9500	
0.1333	41.4000	0.0001	74.9500	
0.1333	43.2000	0.0001	74.9750	
0.1333	44.0750	0.0001	74.9500	
0.1331	43.9750	0.0001	74.8250	
0.1332	43.7750	0.0001	74.9500	
0.1331	42.3250	0.0001	74.8750	
0.1331	41.5500	0.0001	74.9250	
0.1330	41.5250	0.0001	75.0000	
0.1331	42.7250	0.0001	74.9750	
0.1330	44.9750	0.0001	74.9500	
0.1330	43.8000	0.0001	75.0500	
0.1330	42.8750	0.0001	74.9250	
0.1329	43.0250	0.0001	75.0000	
0.1328	42.6500	0.0001	74.9250	
0.1329	42.4000	0.0001	74.9750	
0.1329	43.6750	0.0001	75.0000	
0.1329	42.9500	0.0001	74.8750	
0.1327	43.0500	0.0001	74.9500	
0.1327	43.3500	0.0001	75.0000	
0.1326	43.3750	0.0001	74.9750	
0.1326	43.8750	0.0001	74.9250	
0.1326	42.1750	0.0001	74.9500	
0.1325	41.5250	0.0001	74.8250	
0.1325	41.9250	0.0001	74.8750	
0.1325	41.9000	0.0001	74.9250	
0.1325	44.2500	0.0001	75.0500	
0.1324	43.3750	0.0001	74.9750	
0.1323	41.3250	0.0001	74.9000	
0.1324	41.9250	0.0001	75.0000	
0.1323	42.6500	0.0001	74.9000	
0.1325	42.4500	0.0001	74.9000	
0.1322	41.3000	0.0001	74.9750	
0.1323	40.5500	0.0001	74.9000	
0.1323	40.1250	0.0001	74.9500	
0.1322	41.4750	0.0001	75.0000	
0.1322	44.3750	0.0001	74.9000	
0.1321	42.3500	0.0001	74.9250	
0.1322	41.9250	0.0001	75.0000	
0.1320	41.0250	0.0001	74.9500	
0.1320	40.7000	0.0001	74.8500	
0.1320	40.0000	0.0001	74.9750	
0.1320	39.7750	0.0001	74.9500	
0.1320	43.3750	0.0001	75.0000	
0.1320	41.3000	0.0001	74.9750	
0.1320	39.7750	0.0001	74.9250	
0.1319	41.9250	0.0001	74.8500	
0.1318	40.9750	0.0001	74.9500	
0.1320	41.2500	0.0001	74.9250	
0.1318	40.8000	0.0001	75.0000	
0.1318	39.2750	0.0001	74.8250	
0.1319	40.9000	0.0001	75.0500	
0.1319	39.4500	0.0001	75.0250	
0.1317	40.4750	0.0001	74.9750	
0.1317	42.4750	0.0001	74.9500	
0.1317	41.0500	0.0001	74.8750	
0.1317	40.2250	0.0001	74.9000	
0.1316	38.1500	0.0001	74.9500	
0.1316	38.5250	0.0001	75.0000	
0.1316	41.6000	0.0001	74.9000	
0.1315	41.3000	0.0001	75.0000	
0.1315	39.8750	0.0001	74.9500	
0.1315	39.5250	0.0001	74.9000	
0.1315	40.6250	0.0001	75.0000	
0.1315	40.2000	0.0001	74.9500	
0.1315	39.6500	0.0001	74.9250	
0.1314	39.3500	0.0001	74.9500	
0.1314	38.8750	0.0001	74.9250	
0.1314	40.3000	0.0001	74.8500	
0.1314	41.0750	0.0001	74.8500	
0.1314	40.2000	0.0001	74.9750	
0.1314	39.5000	0.0001	74.7750	
0.1314	39.1000	0.0001	75.0000	
0.1313	38.7750	0.0001	74.9750	
0.1313	38.2500	0.0001	74.9500	
0.1313	39.9000	0.0001	74.9500	
0.1313	40.7500	0.0001	74.9000	
0.1313	40.3500	0.0001	74.9750	
0.1312	39.7500	0.0001	74.9500	
0.1312	39.3000	0.0001	75.0000	
0.1312	39.4000	0.0001	74.9000	
0.1312	40.3000	0.0001	74.8750	
0.1312	40.2250	0.0001	74.9250	
0.1311	38.8750	0.0001	74.9500	
0.1311	39.3000	0.0001	75.0000	
0.1311	41.4750	0.0001	74.9250	
0.1310	40.5000	0.0001	75.0000	
0.1310	38.2500	0.0001	75.0000	
0.1310	38.8500	0.0001	74.9750	
0.1310	39.6500	0.0001	74.9500	
0.1309	40.2500	0.0001	74.9000	
0.1309	39.3000	0.0001	74.9750	
0.1309	38.4250	0.0001	74.9500	
0.1310	39.9000	0.0001	74.9000	
0.1310	39.7000	0.0001	75.0500	
0.1308	39.1250	0.0001	74.9750	
0.1308	39.7500	0.0001	74.9500	
0.1309	38.5250	0.0001	74.9500	
0.1308	39.4000	0.0001	74.9500	
0.1308	38.7750	0.0001	74.9750	
0.1307	38.4500	0.0001	74.9250	
0.1307	39.1000	0.0001	74.9500	
0.1307	38.9250	0.0001	74.9750	
0.1306	38.7750	0.0001	74.9000	
0.1306	38.7500	0.0001	74.9500	
0.1306	38.3000	0.0001	74.9500	
0.1306	38.8500	0.0001	74.9000	
0.1306	39.5500	0.0001	74.8750	
0.1307	38.3000	0.0001	74.8750	
0.1305	38.7500	0.0001	75.0000	
0.1306	39.5250	0.0001	74.9000	
0.1305	37.6000	0.0001	74.9250	
0.1305	37.2000	0.0001	74.9750	
0.1305	40.0000	0.0001	74.9250	
0.1304	40.7750	0.0001	74.8750	
0.1304	37.9500	0.0001	74.9750	
0.1304	37.5500	0.0001	74.9500	
0.1304	38.4750	0.0001	74.9250	
0.1304	38.2750	0.0001	74.9750	
0.1303	38.1750	0.0001	74.9250	
0.1303	38.8750	0.0001	74.8500	
0.1303	39.5000	0.0001	74.9500	
0.1303	38.8000	0.0001	74.9000	
0.1303	38.6000	0.0001	74.9250	
0.1303	38.1000	0.0001	74.9750	
0.1303	38.4000	0.0001	74.9000	
0.1302	39.0250	0.0001	75.0000	
0.1302	39.4250	0.0001	74.9250	
0.1302	37.8750	0.0001	74.9750	
0.1302	37.0750	0.0001	75.0000	
0.1301	38.0500	0.0001	74.9750	
0.1302	39.7500	0.0001	74.9500	
0.1301	38.4250	0.0001	74.9000	
0.1302	37.9000	0.0001	74.9500	
0.1301	38.6000	0.0001	74.8750	
0.1302	38.9500	0.0001	74.9000	
0.1302	38.0500	0.0001	74.9250	
0.1301	37.3250	0.0001	74.9000	
0.1301	37.6000	0.0001	74.8750	
0.1300	38.4750	0.0001	74.9500	
0.1300	38.6000	0.0001	75.0000	
0.1300	38.3250	0.0001	74.9500	
0.1300	38.3500	0.0001	74.9250	
0.1300	38.0750	0.0001	75.0000	
0.1300	38.7750	0.0001	74.9250	
0.1300	38.0000	0.0001	74.9500	
0.1299	36.9000	0.0001	74.9500	
0.1299	38.4250	0.0001	74.8750	
0.1299	39.5500	0.0001	74.9750	
0.1299	38.2500	0.0001	74.8500	
0.1299	37.7500	0.0001	74.9500	
0.1299	38.4250	0.0001	74.9750	
0.1299	38.6000	0.0001	74.9750	
0.1299	36.7250	0.0001	74.8750	
0.1301	38.2000	0.0001	74.9250	
0.1301	37.7000	0.0001	74.9250	
0.1298	39.3000	0.0001	74.9000	
0.1298	40.3250	0.0001	74.9500	
0.1299	37.5750	0.0001	74.8250	
0.1299	37.5750	0.0001	74.8500	
0.1298	38.8750	0.0001	74.8750	
0.1298	37.6250	0.0001	74.9500	
0.1298	38.7000	0.0001	74.9000	
0.1299	39.1250	0.0001	74.9500	
0.1297	37.9500	0.0001	74.8250	
0.1297	39.0000	0.0001	74.9500	
0.1297	39.0750	0.0001	74.9250	
0.1297	38.0500	0.0001	74.9250	
0.1297	36.2500	0.0001	74.9250	
0.1297	36.5750	0.0001	74.9500	
0.1297	38.4250	0.0001	74.9500	
0.1297	39.7750	0.0001	74.8750	
0.1296	38.4500	0.0001	74.9250	
0.1297	36.7500	0.0001	74.9250	
0.1297	38.2250	0.0001	74.9250	
0.1296	37.8000	0.0001	74.8500	
0.1296	36.8000	0.0001	74.9500	
0.1297	41.2250	0.0001	74.9250	
0.1295	40.0500	0.0001	75.0250	
0.1297	37.0250	0.0001	75.0000	
0.1296	37.3250	0.0001	74.8750	
0.1296	38.1500	0.0001	74.8750	
0.1295	37.7000	0.0001	74.9750	
0.1295	39.7000	0.0001	74.9500	
0.1295	39.0750	0.0001	74.9750	
0.1296	37.5000	0.0001	74.8750	
0.1295	36.6750	0.0001	75.0000	
0.1296	42.1500	0.0001	74.9750	
0.1295	39.6000	0.0001	74.9500	
0.1295	36.5750	0.0001	74.8750	
0.1295	38.1000	0.0001	74.9750	
0.1295	38.0750	0.0001	75.0250	
0.1295	38.8750	0.0001	74.8500	
0.1295	39.4250	0.0001	74.8000	
0.1294	39.3000	0.0001	74.9000	
0.1294	38.9750	0.0001	74.8500	
0.1295	37.3500	0.0001	74.9250	
0.1294	37.4000	0.0001	75.0250	
0.1294	37.6000	0.0001	74.9000	
0.1294	38.4250	0.0001	74.9750	
0.1294	38.7500	0.0001	74.9250	
0.1294	38.9750	0.0001	74.9500	
0.1294	38.7750	0.0001	74.9750	
0.1293	37.6000	0.0001	74.9750	
0.1294	38.4750	0.0001	74.8500	
0.1294	39.8000	0.0001	74.9750	
0.1294	39.3000	0.0001	74.9500	
0.1294	38.2750	0.0001	74.8250	
0.1293	36.9250	0.0001	74.8750	
0.1293	37.8750	0.0001	75.0250	
0.1295	41.5000	0.0001	74.9750	
0.1293	39.6000	0.0001	74.9250	
0.1294	37.9750	0.0001	74.9250	
0.1293	40.6750	0.0001	74.7250	
0.1293	39.7500	0.0001	74.9000	
0.1293	36.5500	0.0001	75.0500	
0.1293	37.7750	0.0001	74.9750	
0.1292	39.6750	0.0001	74.9500	
0.1293	40.8500	0.0001	74.9250	
0.1293	38.7250	0.0001	74.8000	
0.1292	38.0250	0.0001	74.9250	
0.1293	39.8250	0.0001	74.9500	
0.1292	41.3000	0.0001	74.8500	
0.1292	39.4250	0.0001	75.0250	
0.1292	37.1750	0.0001	74.8750	
0.1292	37.8750	0.0001	74.9750	
0.1292	40.7250	0.0001	74.9750	
0.1291	39.9750	0.0001	74.9500	
0.1293	39.9500	0.0001	74.8500	
0.1292	40.1000	0.0001	74.9000	
0.1292	38.9250	0.0001	74.8250	
0.1292	39.5000	0.0001	74.8500	
0.1292	40.7000	0.0001	74.8500	
0.1291	38.8000	0.0001	74.8750	
0.1291	38.1500	0.0001	75.0000	
0.1291	39.2250	0.0001	74.8750	
0.1291	41.6250	0.0001	74.9250	
0.1291	39.9500	0.0001	74.8500	
0.1291	39.0500	0.0001	75.0250	
0.1291	38.8500	0.0001	74.9500	
0.1291	38.6250	0.0001	74.9750	
0.1291	38.4000	0.0001	74.9000	
0.1291	40.5500	0.0001	74.9750	
0.1292	42.2250	0.0001	75.0250	
0.1291	38.9000	0.0001	74.9000	
0.1291	36.9250	0.0001	74.8500	
0.1291	41.7000	0.0001	74.9000	
0.1291	42.7250	0.0001	74.9250	
0.1291	39.6750	0.0001	74.9750	
0.1291	37.9000	0.0001	74.9750	
0.1290	40.2000	0.0001	74.9000	
0.1291	41.8750	0.0001	74.8500	
0.1291	39.1750	0.0001	74.8500	
0.1290	38.9250	0.0001	74.8500	
0.1291	41.9500	0.0001	74.9750	
0.1290	40.8500	0.0001	74.9500	
0.1290	39.0000	0.0001	74.9000	
0.1290	39.9000	0.0001	74.8750	
0.1290	41.6750	0.0001	75.0000	
0.1291	41.5500	0.0001	74.8750	
0.1290	38.8750	0.0001	74.8750	
0.1290	38.3500	0.0001	74.9250	
0.1290	41.5000	0.0001	74.9000	
0.1289	42.2500	0.0001	74.9500	
0.1290	41.6500	0.0001	74.9750	
0.1289	39.5500	0.0001	74.8500	
0.1290	37.4500	0.0001	74.7750	
0.1289	40.0500	0.0001	74.8000	
0.1290	44.0750	0.0001	75.0000	
0.1289	40.7000	0.0001	74.9000	
0.1289	38.6000	0.0001	74.8750	
0.1289	41.5000	0.0001	74.9500	
0.1289	40.2000	0.0001	75.0000	
0.1289	39.9500	0.0001	74.8250	
0.1290	38.8000	0.0001	74.9750	
0.1290	41.8500	0.0001	74.9500	
0.1290	40.5250	0.0001	74.9000	
0.1289	39.1250	0.0001	74.8750	
0.1290	42.1250	0.0001	74.8500	
0.1289	41.6000	0.0001	74.9000	
0.1289	40.3750	0.0001	74.9250	
0.1290	39.5750	0.0001	74.9500	
0.1288	40.4250	0.0001	74.8500	
0.1290	40.4250	0.0001	74.9000	
0.1289	40.3500	0.0001	74.9250	
0.1289	41.7750	0.0001	74.9000	
0.1288	40.2750	0.0001	74.9000	
0.1288	39.4750	0.0001	74.8750	
0.1289	41.9250	0.0001	74.9000	
0.1288	40.5250	0.0001	74.8750	
0.1288	39.7750	0.0001	74.8000	
0.1288	40.7750	0.0001	74.8750	
0.1288	40.6000	0.0001	74.9250	
0.1288	40.7250	0.0001	74.9750	
0.1288	41.4750	0.0001	74.9000	
0.1287	40.7500	0.0001	74.9000	
0.1288	40.1750	0.0001	74.9000	
0.1288	40.1500	0.0001	74.9250	
0.1288	39.0750	0.0001	74.9500	
0.1288	41.0750	0.0001	74.9250	
0.1288	42.0500	0.0001	74.9500	
0.1287	39.1000	0.0001	74.9250	
0.1287	41.0500	0.0001	74.9750	
0.1288	41.5750	0.0001	74.9250	
0.1287	40.4500	0.0001	74.9250	
0.1287	40.9750	0.0001	74.8500	
0.1287	40.7500	0.0001	74.9250	
0.1288	41.8250	0.0001	74.9250	
0.1287	40.2500	0.0001	74.8250	
0.1287	37.9250	0.0001	74.9250	
0.1287	41.1750	0.0001	74.9000	
0.1287	42.0250	0.0001	74.9250	
0.1287	41.4250	0.0001	74.8750	
0.1287	41.6750	0.0001	74.9250	
0.1287	40.9750	0.0001	74.8750	
0.1287	39.6750	0.0001	74.9000	
0.1287	40.9000	0.0001	74.9250	
0.1287	42.1500	0.0001	74.9000	
0.1286	41.1500	0.0001	74.9250	
0.1287	39.1750	0.0001	74.8750	
0.1286	41.0250	0.0001	74.9500	
0.1286	41.0500	0.0001	74.8750	
0.1286	39.9000	0.0001	74.9250	
0.1286	40.5000	0.0001	75.0250	
0.1286	42.5500	0.0001	74.8750	
0.1287	42.6000	0.0001	74.9250	
0.1287	40.7500	0.0001	74.9000	
0.1286	39.4750	0.0001	74.8250	
0.1286	40.9250	0.0001	74.9000	
0.1286	41.8000	0.0001	74.9500	
0.1287	39.9000	0.0001	74.9500	
0.1288	39.3000	0.0001	75.0000	
0.1286	42.4750	0.0001	74.9250	
0.1287	44.6750	0.0001	74.8750	
0.1287	40.2250	0.0001	74.9750	
0.1286	40.0250	0.0001	75.0250	
0.1286	45.0500	0.0001	74.8250	
0.1286	43.0500	0.0001	74.9250	
0.1286	39.1500	0.0001	74.9250	
0.1287	39.2500	0.0001	74.8750	
0.1285	41.7500	0.0001	74.9250	
0.1287	42.8000	0.0001	74.9000	
0.1286	39.9500	0.0001	74.8500	
0.1286	41.8500	0.0001	74.8500	
0.1285	44.2000	0.0001	74.9500	
0.1285	41.8750	0.0001	74.8500	
0.1286	38.9500	0.0001	74.9250	
0.1285	40.3500	0.0001	74.9250	
0.1285	41.3500	0.0001	74.9250	
0.1285	40.4750	0.0001	74.9750	
0.1285	41.8750	0.0001	74.8750	
0.1285	43.5500	0.0001	74.8750	
0.1285	41.9750	0.0001	74.9250	
0.1285	40.3750	0.0001	74.9250	
0.1285	41.0000	0.0001	74.8750	
0.1285	41.1000	0.0001	74.9000	
0.1285	40.8250	0.0001	74.9750	
0.1285	41.5000	0.0001	74.9500	
0.1285	43.5500	0.0001	74.8750	
0.1285	41.7500	0.0001	74.9750	
0.1285	41.6750	0.0001	74.9250	
0.1285	40.5500	0.0001	75.0000	
0.1285	40.6750	0.0001	74.8250	
0.1285	42.6250	0.0001	75.0250	
0.1286	41.6750	0.0001	74.9250	
0.1285	41.9250	0.0001	74.9000	
0.1285	43.7250	0.0001	74.8750	
0.1287	41.3000	0.0001	74.9000	
0.1286	42.1250	0.0001	74.9250	
0.1285	42.7250	0.0001	74.9250	
0.1285	40.2000	0.0001	74.9250	
0.1285	41.3000	0.0001	74.8750	
0.1285	43.3750	0.0001	74.8500	
0.1284	43.4000	0.0001	74.9750	
0.1285	42.3750	0.0001	74.9250	
0.1284	41.7250	0.0001	74.9500	
0.1285	39.5250	0.0001	74.9250	
0.1285	43.5000	0.0001	74.9250	
0.1284	43.2250	0.0001	74.9000	
0.1284	40.7250	0.0001	74.9500	
0.1284	41.3000	0.0001	74.9000	
0.1285	43.4500	0.0001	74.9250	
0.1284	42.5500	0.0001	74.8750	
0.1285	40.4500	0.0001	74.8750	
0.1284	40.4750	0.0001	74.9000	
0.1284	41.6750	0.0001	74.9000	
0.1284	42.6500	0.0001	74.9000	
0.1284	44.3500	0.0001	74.9000	
0.1284	42.6250	0.0001	74.9250	
0.1285	39.5250	0.0001	74.8750	
0.1284	42.8750	0.0001	74.9250	
0.1284	43.3750	0.0001	74.8250	
0.1284	40.1750	0.0001	74.8500	
0.1284	42.7000	0.0001	75.0000	
0.1284	44.2750	0.0001	74.9000	
0.1284	42.4250	0.0001	74.9500	
0.1285	40.7000	0.0001	74.8750	
0.1284	41.8250	0.0001	74.8000	
0.1284	42.7500	0.0001	74.9250	
0.1284	40.0500	0.0001	74.9500	
0.1284	41.7750	0.0001	74.9250	
0.1284	44.3500	0.0001	74.9000	
0.1283	41.6500	0.0001	74.9250	
0.1284	41.4000	0.0001	74.9500	
0.1283	43.2750	0.0001	74.8250	
0.1283	43.9000	0.0001	74.9250	
0.1284	41.3250	0.0001	74.9500	
0.1283	41.5750	0.0001	74.9500	
0.1283	43.7500	0.0001	74.9250	
0.1283	41.2000	0.0001	74.9000	
0.1283	41.1000	0.0001	74.8750	
0.1283	43.8000	0.0001	74.9500	
0.1283	43.2250	0.0001	74.8500	
0.1283	42.1250	0.0001	74.9000	
0.1283	43.0000	0.0001	74.8250	
0.1283	42.3500	0.0001	74.9250	
0.1283	39.8500	0.0001	74.9750	
0.1283	42.6250	0.0001	74.7750	
0.1283	44.5000	0.0001	75.0250	
0.1283	43.0250	0.0001	74.8750	
0.1283	41.8500	0.0001	74.9500	
0.1283	42.4750	0.0001	74.9000	
0.1283	42.4000	0.0001	74.8500	
0.1283	40.9750	0.0001	74.9250	
0.1283	41.5750	0.0001	74.9000	
0.1283	44.5000	0.0001	74.8250	
0.1283	42.3250	0.0001	74.9250	
0.1283	40.1000	0.0001	74.9000	
0.1283	43.1000	0.0001	74.9250	
0.1283	46.0500	0.0001	74.8750	
0.1283	43.8500	0.0001	75.0250	
0.1283	40.6250	0.0001	74.8250	
0.1283	40.7250	0.0001	74.8750	
0.1282	43.3250	0.0001	74.9500	
0.1283	41.9750	0.0001	74.9000	
0.1282	41.8250	0.0001	74.9500	
0.1283	43.0000	0.0001	74.9500	
0.1282	43.2000	0.0001	74.8750	
0.1283	41.7250	0.0001	74.9250	
0.1283	44.3000	0.0001	74.9750	
0.1283	44.6500	0.0001	74.9000	
0.1282	42.1000	0.0001	74.9500	
0.1282	41.3750	0.0001	74.9500	
0.1283	42.2750	0.0001	74.9000	
0.1283	41.9000	0.0001	74.9000	
0.1283	43.4000	0.0001	74.8500	
0.1282	43.6750	0.0001	74.8500	
0.1283	41.2250	0.0001	75.0250	
0.1283	42.6500	0.0001	74.8250	
0.1282	42.7750	0.0001	74.9250	
0.1282	42.4750	0.0001	74.8500	
0.1282	42.8000	0.0001	74.8500	
0.1282	42.0000	0.0001	74.9250	
0.1282	41.4500	0.0001	74.9250	
0.1283	43.6500	0.0001	74.9750	
0.1283	45.1500	0.0001	74.8500	
0.1282	42.1250	0.0001	74.8750	
0.1282	39.6500	0.0001	74.9750	
0.1282	41.4250	0.0001	74.8750	
0.1282	44.4750	0.0001	75.0250	
0.1282	45.5250	0.0001	74.9000	
0.1282	42.5250	0.0001	74.7750	
0.1282	39.8750	0.0001	74.9250	
0.1282	43.0250	0.0001	74.8750	
0.1282	45.3250	0.0001	74.9000	
0.1282	43.4750	0.0001	74.8500	
0.1282	42.3250	0.0001	74.8750	
0.1281	42.7750	0.0001	74.8250	
0.1282	42.0750	0.0001	74.8750	
0.1282	41.9750	0.0001	74.8500	
0.1281	44.2250	0.0001	74.9750	
0.1282	44.9250	0.0001	74.9500	
0.1282	43.5000	0.0001	74.9250	
0.1281	41.0750	0.0001	74.9500	
0.1282	43.0750	0.0001	74.9000	
0.1281	43.1500	0.0001	75.0000	
0.1282	40.6250	0.0001	74.9000	
0.1282	44.2000	0.0001	74.9000	
0.1281	46.2750	0.0001	74.9250	
0.1282	42.8250	0.0001	74.9500	
0.1281	41.9750	0.0001	74.8250	
0.1282	43.0750	0.0001	74.9500	
0.1281	44.0000	0.0001	74.9000	
0.1281	43.2750	0.0001	75.0000	
0.1282	42.0500	0.0001	74.9000	
0.1281	43.5250	0.0001	74.9500	
0.1281	45.5750	0.0001	74.8750	
0.1281	43.7500	0.0001	74.9500	
0.1281	41.1250	0.0001	74.8500	
0.1281	41.3000	0.0001	74.9500	
0.1281	44.5750	0.0001	74.9000	
0.1281	43.9250	0.0001	74.8750	
0.1281	42.1500	0.0001	74.9750	
0.1281	44.1500	0.0001	74.9750	
0.1280	44.6000	0.0001	74.9750	
0.1282	40.3500	0.0001	74.8750	
0.1281	42.3250	0.0001	74.9250	
0.1281	45.2250	0.0001	74.9500	
0.1281	45.5000	0.0001	74.9000	
0.1281	42.7750	0.0001	74.9000	
0.1281	42.9000	0.0001	74.8250	
0.1281	42.5500	0.0001	74.8750	
0.1281	42.2500	0.0001	74.9000	
0.1281	44.1000	0.0001	74.9250	
0.1281	45.3000	0.0001	74.8500	
0.1280	43.7500	0.0001	74.9250	
0.1281	42.1000	0.0001	74.9500	
0.1281	43.0750	0.0001	74.9000	
0.1281	43.4750	0.0001	74.9000	
0.1281	42.7750	0.0001	74.9000	
0.1281	43.0750	0.0001	74.9500	
0.1280	44.8000	0.0001	74.8500	
0.1280	43.4250	0.0001	74.8750	
0.1280	42.6250	0.0001	74.9500	
0.1281	44.7750	0.0001	74.9000	
0.1281	44.2500	0.0001	75.0000	
0.1281	43.4500	0.0001	74.9250	
0.1280	44.3500	0.0001	74.8750	
0.1280	43.1000	0.0001	74.8750	
0.1280	41.5250	0.0001	74.9500	
0.1281	44.2000	0.0001	74.8750	
0.1280	44.9750	0.0001	74.9000	
0.1280	43.6500	0.0001	74.9500	
0.1280	43.2000	0.0001	74.9000	
0.1280	43.9500	0.0001	74.9500	
0.1280	43.7750	0.0001	74.9250	
0.1280	45.0250	0.0001	75.0250	
0.1280	44.2750	0.0001	74.8750	
0.1280	43.6750	0.0001	74.9750	
0.1280	43.4750	0.0001	74.8250	
0.1280	42.6250	0.0001	74.9250	
0.1280	43.8000	0.0001	74.8500	
0.1280	44.0250	0.0001	74.9250	
0.1280	45.0750	0.0001	74.9250	
0.1280	45.0750	0.0001	74.7750	
0.1280	42.7250	0.0001	74.9750	
0.1280	42.9500	0.0001	74.9250	
0.1280	45.2250	0.0001	75.0000	
0.1280	43.8500	0.0001	74.8750	
