Loss_Adversary	Accuracy_Adversary	Loss_Target	Accuracy_Target	
0.3198	0.8942	0.6233	50.0000	50.0000	
0.2843	0.8806	0.5755	50.0000	50.0000	
0.2507	0.8675	0.5303	50.0000	50.0000	
0.2223	0.8542	0.4914	50.0000	50.0000	
0.1978	0.8402	0.4573	50.0000	50.0000	
0.1772	0.8250	0.4277	50.0000	50.0000	
0.1595	0.8088	0.4016	50.0000	50.0000	
0.1445	0.7922	0.3787	50.0000	50.0000	
0.1311	0.7753	0.3577	50.0000	50.0000	
0.1196	0.7584	0.3391	50.0000	50.0000	
0.1098	0.7421	0.3228	50.0000	52.7500	
0.1016	0.7268	0.3087	50.0000	58.7500	
0.0955	0.7131	0.2976	50.0000	69.7500	
0.0908	0.7005	0.2887	50.0000	64.9750	
0.0868	0.6891	0.2807	50.0000	64.3500	
0.0825	0.6785	0.2728	50.0000	67.1750	
0.0778	0.6684	0.2643	50.0000	69.2250	
0.0721	0.6587	0.2548	50.0000	68.0750	
0.0653	0.6495	0.2441	50.0000	63.3750	
0.0578	0.6405	0.2323	50.0000	56.9500	
0.0495	0.6316	0.2198	50.0000	53.3250	
0.0411	0.6229	0.2071	50.0000	51.7750	
0.0326	0.6143	0.1943	50.0000	50.9500	
0.0239	0.6058	0.1814	50.0000	50.2750	
0.0152	0.5975	0.1684	50.0000	50.2250	
0.0061	0.5892	0.1550	50.0000	50.1750	
-0.0033	0.5811	0.1412	50.0000	50.0000	
-0.0128	0.5730	0.1272	50.0000	50.1750	
-0.0220	0.5650	0.1137	50.0000	50.5500	
-0.0306	0.5572	0.1011	49.2500	51.9500	
-0.0384	0.5493	0.0894	47.3000	54.0750	
-0.0449	0.5393	0.0787	43.7000	56.9250	
-0.0488	0.5209	0.0692	36.3500	59.3750	
-0.0498	0.4925	0.0609	32.4500	61.5250	
-0.0487	0.4587	0.0538	30.0500	63.9000	
-0.0461	0.4221	0.0479	28.8250	66.2250	
-0.0430	0.3866	0.0429	27.7250	67.9500	
-0.0395	0.3526	0.0388	26.6500	70.4000	
-0.0364	0.3238	0.0354	25.9250	72.0500	
-0.0335	0.2977	0.0326	25.3000	73.0250	
-0.0308	0.2762	0.0306	25.0500	73.7500	
-0.0287	0.2590	0.0289	25.1500	73.7500	
-0.0271	0.2452	0.0275	24.9500	73.4250	
-0.0257	0.2333	0.0261	25.2250	73.1500	
-0.0245	0.2230	0.0251	25.3500	73.6250	
-0.0236	0.2140	0.0240	25.1000	73.3500	
-0.0228	0.2059	0.0230	25.1250	73.3500	
-0.0221	0.1990	0.0222	25.0500	73.1500	
-0.0214	0.1930	0.0214	25.5000	73.4250	
-0.0210	0.1873	0.0206	25.3750	73.4250	
-0.0205	0.1825	0.0200	25.3750	73.2000	
-0.0202	0.1779	0.0193	25.6250	73.2500	
-0.0199	0.1745	0.0188	25.6750	73.3250	
-0.0196	0.1703	0.0181	25.5000	73.4750	
-0.0193	0.1672	0.0176	25.5500	73.4250	
-0.0192	0.1642	0.0170	25.3000	73.2250	
-0.0190	0.1615	0.0166	25.1750	73.5750	
-0.0189	0.1594	0.0162	25.1750	73.5000	
-0.0189	0.1567	0.0156	25.0750	73.4750	
-0.0188	0.1548	0.0152	24.9500	73.5500	
-0.0188	0.1531	0.0148	24.8500	73.5250	
-0.0188	0.1513	0.0143	24.8750	73.7500	
-0.0188	0.1501	0.0140	24.9750	73.5250	
-0.0189	0.1488	0.0136	24.9500	73.6750	
-0.0190	0.1476	0.0132	25.0500	73.8500	
-0.0191	0.1466	0.0128	25.3000	73.9750	
-0.0192	0.1459	0.0125	25.0500	73.9750	
-0.0193	0.1451	0.0121	25.1000	74.1250	
-0.0195	0.1444	0.0118	25.2750	74.2000	
-0.0196	0.1441	0.0115	25.1000	74.3000	
-0.0197	0.1435	0.0112	25.3250	74.5000	
-0.0199	0.1432	0.0109	25.2250	74.4500	
-0.0201	0.1430	0.0106	25.2750	74.6250	
-0.0203	0.1427	0.0103	25.1250	74.6000	
-0.0204	0.1425	0.0101	25.3000	74.7750	
-0.0206	0.1424	0.0099	25.1750	74.7500	
-0.0208	0.1423	0.0096	25.1500	74.9750	
-0.0209	0.1421	0.0094	25.1000	74.9250	
-0.0211	0.1421	0.0092	25.1750	75.0500	
-0.0212	0.1420	0.0090	24.9500	75.0250	
-0.0214	0.1420	0.0088	24.9250	75.1750	
-0.0215	0.1419	0.0086	25.2000	75.2000	
-0.0217	0.1419	0.0084	25.2250	75.1000	
-0.0218	0.1419	0.0082	25.1750	75.1750	
-0.0220	0.1420	0.0080	25.3000	75.1000	
-0.0221	0.1420	0.0079	25.2500	75.0500	
-0.0222	0.1419	0.0077	25.2250	75.1750	
-0.0224	0.1419	0.0075	25.5500	75.1500	
-0.0225	0.1419	0.0074	25.6000	75.2250	
-0.0226	0.1420	0.0073	25.5750	75.2000	
-0.0227	0.1419	0.0071	25.8500	75.2000	
-0.0228	0.1420	0.0070	26.9250	75.2250	
-0.0230	0.1420	0.0068	27.5500	75.3500	
-0.0231	0.1420	0.0067	27.9750	75.1500	
-0.0232	0.1420	0.0065	28.5750	75.2500	
-0.0233	0.1421	0.0064	29.3500	75.3000	
-0.0234	0.1421	0.0063	30.2250	75.4250	
-0.0235	0.1421	0.0062	31.4500	75.3750	
-0.0236	0.1421	0.0061	31.5000	75.1750	
-0.0237	0.1421	0.0060	31.8500	75.3250	
-0.0237	0.1422	0.0059	32.5250	75.2750	
-0.0238	0.1422	0.0058	33.4000	75.4250	
-0.0239	0.1422	0.0057	34.3250	75.2500	
-0.0240	0.1423	0.0056	34.7500	75.2000	
-0.0240	0.1423	0.0055	35.0000	75.4500	
-0.0240	0.1422	0.0056	35.3750	75.5250	
-0.0241	0.1424	0.0055	35.8500	75.5750	
-0.0242	0.1423	0.0053	35.9500	75.1500	
-0.0243	0.1423	0.0052	37.5500	75.4250	
-0.0244	0.1424	0.0051	37.3500	75.2500	
-0.0245	0.1423	0.0050	36.6750	75.2750	
-0.0245	0.1424	0.0049	36.8250	75.3500	
-0.0246	0.1424	0.0049	37.4000	75.4000	
-0.0246	0.1425	0.0048	38.4000	75.4250	
-0.0247	0.1424	0.0047	38.3000	75.5500	
-0.0248	0.1425	0.0047	37.6250	75.1750	
-0.0248	0.1425	0.0046	38.1250	75.3750	
-0.0249	0.1425	0.0045	38.6500	75.4500	
-0.0249	0.1425	0.0045	38.4750	75.3750	
-0.0249	0.1425	0.0044	37.8750	75.4750	
-0.0250	0.1425	0.0044	38.2500	75.3500	
-0.0250	0.1426	0.0043	38.9750	75.5000	
-0.0251	0.1426	0.0042	39.4250	75.3250	
-0.0252	0.1425	0.0042	39.1000	75.2000	
-0.0252	0.1427	0.0041	37.2000	75.2250	
-0.0253	0.1426	0.0041	37.3500	75.4250	
-0.0253	0.1427	0.0040	38.1500	75.4000	
-0.0254	0.1426	0.0039	39.3000	75.2750	
-0.0254	0.1427	0.0039	39.5750	75.4750	
-0.0255	0.1427	0.0038	38.5500	75.4000	
-0.0255	0.1426	0.0038	37.7250	75.3500	
-0.0256	0.1427	0.0037	37.5250	75.4250	
-0.0256	0.1427	0.0037	37.8250	75.4000	
-0.0257	0.1427	0.0036	37.6500	75.6000	
-0.0257	0.1427	0.0036	38.0250	75.4000	
-0.0257	0.1427	0.0035	38.7750	75.4250	
-0.0258	0.1428	0.0035	37.7500	75.3750	
-0.0258	0.1427	0.0034	37.4500	75.4750	
-0.0258	0.1427	0.0034	38.2000	75.3000	
-0.0259	0.1428	0.0034	37.9750	75.4750	
-0.0259	0.1428	0.0033	38.0000	75.1000	
-0.0259	0.1428	0.0033	38.3750	75.3750	
-0.0260	0.1428	0.0032	37.7000	75.5750	
-0.0261	0.1430	0.0032	38.8250	75.1750	
-0.0261	0.1429	0.0031	38.3500	75.2250	
-0.0261	0.1429	0.0031	37.7000	75.4500	
-0.0261	0.1430	0.0031	37.4250	75.5500	
-0.0262	0.1428	0.0030	39.1750	75.3750	
-0.0262	0.1428	0.0029	39.1750	75.5000	
-0.0262	0.1430	0.0029	38.6750	75.5750	
-0.0263	0.1430	0.0029	38.5750	75.2500	
-0.0263	0.1429	0.0028	39.0500	75.6500	
-0.0264	0.1429	0.0028	39.8500	75.4250	
-0.0264	0.1429	0.0027	39.2000	75.3250	
-0.0264	0.1429	0.0027	39.0500	75.4000	
-0.0265	0.1429	0.0027	39.7000	75.4250	
-0.0265	0.1430	0.0026	40.0500	75.5500	
-0.0265	0.1430	0.0026	40.8000	75.3750	
-0.0266	0.1429	0.0025	40.3250	75.2250	
-0.0265	0.1429	0.0026	39.5250	75.3250	
-0.0266	0.1429	0.0025	39.6750	75.4500	
-0.0266	0.1429	0.0025	40.4750	75.2250	
-0.0267	0.1430	0.0024	41.5000	75.4000	
-0.0267	0.1431	0.0024	41.4000	75.2750	
-0.0267	0.1430	0.0023	41.2250	75.2750	
-0.0268	0.1430	0.0023	41.9000	75.3750	
-0.0268	0.1430	0.0023	42.3500	75.2500	
-0.0268	0.1429	0.0022	41.9000	75.2750	
-0.0269	0.1430	0.0021	41.7000	75.3500	
-0.0269	0.1429	0.0021	43.0750	75.1000	
-0.0269	0.1429	0.0021	43.4250	75.3250	
-0.0270	0.1429	0.0020	43.4250	75.1500	
-0.0270	0.1429	0.0020	44.0250	75.3000	
-0.0270	0.1429	0.0020	45.0500	75.2500	
-0.0270	0.1430	0.0020	46.4000	75.2500	
-0.0271	0.1429	0.0019	46.2250	75.2250	
-0.0271	0.1429	0.0019	46.8500	75.1250	
-0.0271	0.1430	0.0019	47.2000	75.3500	
-0.0271	0.1429	0.0018	46.8000	75.0750	
-0.0271	0.1430	0.0018	47.6250	75.2750	
-0.0272	0.1430	0.0018	48.1250	75.2000	
-0.0272	0.1428	0.0017	47.6500	75.0500	
-0.0272	0.1429	0.0018	47.1750	75.2250	
-0.0272	0.1429	0.0017	47.8500	75.2250	
-0.0272	0.1429	0.0017	48.6250	75.0750	
-0.0273	0.1430	0.0017	49.3250	75.1250	
-0.0272	0.1429	0.0017	49.5750	75.2000	
-0.0273	0.1429	0.0016	47.7500	75.1750	
-0.0273	0.1429	0.0016	47.6250	75.1500	
-0.0273	0.1429	0.0016	47.3750	75.1500	
-0.0273	0.1429	0.0016	47.9250	75.3500	
-0.0273	0.1429	0.0016	48.4000	75.5250	
-0.0273	0.1429	0.0016	48.3250	75.2000	
-0.0273	0.1429	0.0015	49.2000	75.2250	
-0.0274	0.1429	0.0015	48.4250	75.3000	
-0.0274	0.1428	0.0015	47.2250	75.3000	
-0.0274	0.1429	0.0015	46.8750	75.3000	
-0.0274	0.1429	0.0015	48.3000	75.4000	
-0.0274	0.1429	0.0014	48.7000	75.2250	
-0.0274	0.1429	0.0014	47.4750	75.2000	
-0.0274	0.1428	0.0014	46.9500	75.1750	
-0.0275	0.1428	0.0014	46.4500	75.4000	
-0.0275	0.1428	0.0014	47.2750	75.1500	
-0.0274	0.1428	0.0014	47.9250	75.4500	
-0.0275	0.1428	0.0014	47.7500	75.1750	
-0.0275	0.1428	0.0014	47.6500	75.3750	
-0.0275	0.1429	0.0013	47.7250	75.3750	
-0.0275	0.1428	0.0013	47.0500	75.2500	
-0.0275	0.1427	0.0013	47.4000	75.2500	
-0.0275	0.1428	0.0013	47.8500	75.4250	
-0.0275	0.1429	0.0013	47.5500	75.3750	
-0.0275	0.1429	0.0013	48.4500	75.5500	
-0.0275	0.1428	0.0013	49.3500	75.3500	
-0.0276	0.1429	0.0013	48.5250	75.4500	
-0.0276	0.1428	0.0013	47.4750	75.5500	
-0.0276	0.1428	0.0012	48.8250	75.1750	
-0.0276	0.1429	0.0012	50.1000	75.3250	
-0.0276	0.1428	0.0012	49.8750	75.4500	
-0.0276	0.1428	0.0012	48.3250	75.3750	
-0.0276	0.1428	0.0012	48.5250	75.1250	
-0.0276	0.1428	0.0012	49.5000	75.4000	
-0.0276	0.1428	0.0011	49.7250	75.4750	
-0.0276	0.1427	0.0011	48.9750	75.0750	
-0.0277	0.1428	0.0011	48.3500	75.5000	
-0.0277	0.1428	0.0011	47.7000	75.3750	
-0.0277	0.1427	0.0011	48.4000	75.3750	
-0.0277	0.1428	0.0011	48.7500	75.5750	
-0.0277	0.1428	0.0011	48.0000	75.2500	
-0.0277	0.1428	0.0011	47.6000	75.4500	
-0.0277	0.1428	0.0011	48.1750	75.5750	
-0.0277	0.1427	0.0010	47.9500	75.2500	
-0.0277	0.1428	0.0011	48.4750	75.4750	
-0.0277	0.1427	0.0011	47.8000	75.2000	
-0.0277	0.1428	0.0010	47.7000	75.4500	
-0.0277	0.1428	0.0010	47.9000	75.3500	
-0.0277	0.1427	0.0010	47.9250	75.2750	
-0.0277	0.1427	0.0010	48.3000	75.2000	
-0.0277	0.1427	0.0010	48.3000	75.3250	
-0.0278	0.1428	0.0010	47.9250	75.5500	
-0.0277	0.1427	0.0010	48.1750	75.2250	
-0.0277	0.1428	0.0010	46.9750	75.5750	
-0.0277	0.1427	0.0010	48.3750	75.3000	
-0.0277	0.1428	0.0010	48.9000	75.2750	
-0.0278	0.1427	0.0010	48.9000	75.3750	
-0.0278	0.1427	0.0010	48.6500	75.3750	
-0.0278	0.1428	0.0009	48.3250	75.2500	
-0.0278	0.1428	0.0009	47.8000	75.4000	
-0.0278	0.1427	0.0010	48.0750	75.1500	
-0.0278	0.1429	0.0010	47.3750	75.2750	
-0.0277	0.1428	0.0010	47.2250	75.5500	
-0.0278	0.1428	0.0010	48.8750	75.3500	
-0.0278	0.1428	0.0009	49.2750	75.3250	
-0.0278	0.1427	0.0009	49.6000	75.2750	
-0.0278	0.1427	0.0009	48.8750	75.6000	
-0.0278	0.1427	0.0009	48.8500	75.2000	
-0.0278	0.1428	0.0009	49.2500	75.4250	
-0.0278	0.1427	0.0009	49.5250	75.4250	
-0.0279	0.1428	0.0009	49.0750	75.3500	
-0.0279	0.1427	0.0009	49.1500	75.3250	
-0.0279	0.1428	0.0009	49.1750	75.4500	
-0.0279	0.1427	0.0009	48.0500	75.3500	
-0.0279	0.1428	0.0009	48.6250	75.4500	
-0.0279	0.1427	0.0009	49.3500	75.4500	
-0.0279	0.1427	0.0008	49.9500	75.4750	
-0.0279	0.1427	0.0008	50.4000	75.4750	
-0.0279	0.1428	0.0008	49.5250	75.4750	
-0.0279	0.1427	0.0008	49.4750	75.3250	
-0.0279	0.1427	0.0008	48.7000	75.2250	
-0.0279	0.1427	0.0008	49.4750	75.4250	
-0.0279	0.1428	0.0009	50.0250	75.4000	
-0.0278	0.1427	0.0009	49.7250	75.0750	
-0.0279	0.1427	0.0009	50.6000	75.2250	
-0.0279	0.1427	0.0008	49.6500	75.2750	
-0.0279	0.1427	0.0008	48.3250	75.2750	
-0.0279	0.1427	0.0008	48.7250	75.5000	
-0.0279	0.1427	0.0008	49.3500	75.4000	
-0.0279	0.1427	0.0008	50.0500	75.4000	
-0.0279	0.1427	0.0008	50.0000	75.2750	
-0.0279	0.1427	0.0008	49.1250	75.5250	
-0.0279	0.1428	0.0008	48.5250	75.2000	
-0.0279	0.1428	0.0008	49.5750	75.5250	
-0.0279	0.1428	0.0008	50.8750	75.5250	
-0.0279	0.1429	0.0008	50.3000	75.2000	
-0.0279	0.1427	0.0008	49.2000	75.4250	
-0.0279	0.1427	0.0008	47.5750	75.3000	
-0.0279	0.1427	0.0008	49.4000	75.4500	
-0.0279	0.1427	0.0008	50.4250	75.5000	
-0.0279	0.1427	0.0008	51.3500	75.5250	
-0.0280	0.1427	0.0007	50.4250	75.3250	
-0.0279	0.1427	0.0008	49.6750	75.4250	
-0.0280	0.1428	0.0008	50.6500	75.4250	
-0.0280	0.1427	0.0007	50.1000	75.3250	
-0.0280	0.1427	0.0007	49.2250	75.5500	
-0.0280	0.1427	0.0007	49.1000	75.3000	
-0.0280	0.1427	0.0007	48.7750	75.4000	
-0.0280	0.1428	0.0007	51.3000	75.4000	
-0.0279	0.1427	0.0008	51.9000	75.3000	
-0.0279	0.1428	0.0008	49.3000	75.2500	
-0.0279	0.1429	0.0009	46.7500	75.3750	
-0.0279	0.1427	0.0008	49.9750	75.3750	
-0.0279	0.1428	0.0008	52.6000	75.3750	
-0.0280	0.1427	0.0007	52.6000	75.1750	
-0.0279	0.1427	0.0008	49.7250	75.4000	
-0.0279	0.1428	0.0008	49.4500	75.4500	
-0.0279	0.1427	0.0008	49.7000	75.2000	
-0.0279	0.1428	0.0008	51.1500	75.5500	
-0.0280	0.1427	0.0007	52.2750	75.4500	
-0.0280	0.1427	0.0007	52.8250	75.4000	
-0.0280	0.1428	0.0007	51.9750	75.5750	
-0.0280	0.1428	0.0007	52.2500	75.3000	
-0.0280	0.1427	0.0007	51.3500	75.4750	
-0.0280	0.1428	0.0007	50.3000	75.5000	
-0.0280	0.1427	0.0007	51.3750	75.3250	
-0.0280	0.1428	0.0007	51.5500	75.4500	
-0.0280	0.1428	0.0007	51.5750	75.4250	
-0.0280	0.1428	0.0007	51.4750	75.5250	
-0.0280	0.1428	0.0007	50.7250	75.3000	
-0.0280	0.1428	0.0007	49.6750	75.4250	
-0.0280	0.1429	0.0007	50.9000	75.5250	
-0.0280	0.1428	0.0007	51.8000	75.5000	
-0.0280	0.1428	0.0007	53.6000	75.2500	
-0.0280	0.1428	0.0007	52.8000	75.4500	
-0.0280	0.1428	0.0007	52.2500	75.6250	
-0.0280	0.1428	0.0007	51.0000	75.4000	
-0.0280	0.1428	0.0007	52.1000	75.5000	
-0.0280	0.1427	0.0007	52.2250	75.3750	
-0.0280	0.1428	0.0007	52.8750	75.5750	
-0.0280	0.1428	0.0007	54.1000	75.3750	
-0.0280	0.1428	0.0007	53.5750	75.5250	
-0.0280	0.1428	0.0007	52.6500	75.4250	
-0.0280	0.1429	0.0007	51.7500	75.3750	
-0.0280	0.1428	0.0007	53.1250	75.3750	
-0.0280	0.1429	0.0007	53.6750	75.5250	
-0.0280	0.1428	0.0007	54.5750	75.4000	
-0.0280	0.1429	0.0007	54.7250	75.4250	
-0.0280	0.1428	0.0007	52.7750	75.3250	
-0.0280	0.1429	0.0007	51.5000	75.7250	
-0.0280	0.1429	0.0007	52.0250	75.4500	
-0.0280	0.1429	0.0007	53.1000	75.7000	
-0.0280	0.1430	0.0007	54.0500	75.5500	
-0.0280	0.1429	0.0007	54.1000	75.3250	
-0.0280	0.1429	0.0007	53.6000	75.5250	
-0.0280	0.1428	0.0007	51.3250	75.7250	
-0.0280	0.1429	0.0007	50.5000	75.6500	
-0.0281	0.1429	0.0007	53.5500	75.5250	
-0.0280	0.1429	0.0007	54.1250	75.5000	
-0.0281	0.1428	0.0006	53.8000	75.5000	
-0.0281	0.1428	0.0006	53.6000	75.5000	
-0.0281	0.1429	0.0006	54.0000	75.5750	
-0.0281	0.1429	0.0006	54.3500	75.3250	
-0.0280	0.1429	0.0007	54.3500	75.6500	
-0.0281	0.1428	0.0006	52.9250	75.2750	
-0.0281	0.1428	0.0006	53.2750	75.5250	
-0.0281	0.1429	0.0006	54.6000	75.6500	
-0.0280	0.1428	0.0007	54.7750	75.5000	
-0.0280	0.1429	0.0007	53.8000	75.4250	
-0.0280	0.1429	0.0007	53.0750	75.5750	
-0.0281	0.1429	0.0006	54.7000	75.5250	
-0.0281	0.1428	0.0006	54.1250	75.4750	
-0.0281	0.1428	0.0006	53.3500	75.4000	
-0.0281	0.1429	0.0006	53.8000	75.6250	
-0.0281	0.1429	0.0006	54.0750	75.5000	
-0.0281	0.1429	0.0006	54.7250	75.6750	
-0.0281	0.1429	0.0006	54.7750	75.5250	
-0.0281	0.1429	0.0006	54.7250	75.5000	
-0.0281	0.1428	0.0006	53.9250	75.5500	
-0.0281	0.1429	0.0006	52.9000	75.6250	
-0.0281	0.1429	0.0006	54.0500	75.5250	
-0.0281	0.1429	0.0006	54.2250	75.4250	
-0.0281	0.1429	0.0006	53.4250	75.4000	
-0.0281	0.1429	0.0006	53.8250	75.5750	
-0.0281	0.1429	0.0006	53.0750	75.4250	
-0.0281	0.1429	0.0007	53.5500	75.5000	
-0.0280	0.1428	0.0006	54.1000	75.5500	
-0.0281	0.1429	0.0006	54.4000	75.4500	
-0.0281	0.1429	0.0006	54.1500	75.5000	
-0.0281	0.1429	0.0006	54.0250	75.5250	
-0.0281	0.1429	0.0006	53.9500	75.4500	
-0.0281	0.1429	0.0006	54.5500	75.5500	
-0.0281	0.1429	0.0006	54.5250	75.5750	
-0.0281	0.1430	0.0006	54.5500	75.5750	
-0.0281	0.1429	0.0007	52.6500	75.4750	
-0.0280	0.1429	0.0007	51.4500	75.5750	
-0.0281	0.1429	0.0006	53.7250	75.5250	
-0.0281	0.1429	0.0006	54.4500	75.5500	
-0.0281	0.1429	0.0006	54.9750	75.5500	
-0.0281	0.1429	0.0006	54.8250	75.5500	
-0.0281	0.1429	0.0006	55.7500	75.6250	
-0.0281	0.1428	0.0006	54.9500	75.4500	
-0.0281	0.1428	0.0006	54.1250	75.5750	
-0.0281	0.1430	0.0006	54.4500	75.6000	
-0.0280	0.1429	0.0007	54.4750	75.4250	
-0.0281	0.1429	0.0007	53.6000	75.6000	
-0.0281	0.1429	0.0006	53.4000	75.5000	
-0.0281	0.1430	0.0006	54.2000	75.6000	
-0.0281	0.1430	0.0006	53.0500	75.5750	
-0.0281	0.1430	0.0006	53.9000	75.5500	
-0.0281	0.1429	0.0006	54.4750	75.6500	
-0.0281	0.1429	0.0006	54.8500	75.4500	
-0.0281	0.1429	0.0006	53.9750	75.4750	
-0.0281	0.1430	0.0006	51.8000	75.5750	
-0.0281	0.1429	0.0006	50.1250	75.5250	
-0.0281	0.1430	0.0006	50.6250	75.5500	
-0.0281	0.1430	0.0006	51.9500	75.5250	
-0.0281	0.1430	0.0006	52.4250	75.4750	
-0.0281	0.1430	0.0006	52.5750	75.5250	
-0.0281	0.1430	0.0006	51.5750	75.5500	
-0.0281	0.1430	0.0006	53.1500	75.5750	
-0.0281	0.1432	0.0007	53.6000	75.4750	
-0.0281	0.1429	0.0006	51.3750	75.5000	
-0.0281	0.1432	0.0006	49.1750	75.6000	
-0.0281	0.1430	0.0006	50.6250	75.4500	
-0.0281	0.1430	0.0006	52.6000	75.5500	
-0.0281	0.1430	0.0006	52.1750	75.4250	
-0.0281	0.1430	0.0006	50.0250	75.5500	
-0.0281	0.1431	0.0006	49.5750	75.4500	
-0.0281	0.1431	0.0006	52.1250	75.5500	
-0.0281	0.1430	0.0006	52.1250	75.5000	
-0.0281	0.1431	0.0006	51.0000	75.3750	
-0.0281	0.1430	0.0006	51.2000	75.5750	
-0.0281	0.1430	0.0006	52.4250	75.4000	
-0.0281	0.1430	0.0006	52.2500	75.7250	
-0.0281	0.1430	0.0006	51.4000	75.5750	
-0.0281	0.1429	0.0006	49.7250	75.2250	
-0.0282	0.1430	0.0006	49.4750	75.5750	
-0.0282	0.1430	0.0006	50.4250	75.4500	
-0.0281	0.1430	0.0006	50.7500	75.4750	
-0.0281	0.1431	0.0006	50.6500	75.4250	
-0.0281	0.1430	0.0006	50.4250	75.6000	
-0.0281	0.1430	0.0006	49.6750	75.5250	
-0.0281	0.1430	0.0006	51.1750	75.4250	
-0.0281	0.1430	0.0006	51.0750	75.2750	
-0.0281	0.1431	0.0006	50.1250	75.6500	
-0.0281	0.1430	0.0006	49.2000	75.6000	
-0.0282	0.1430	0.0006	48.2250	75.2500	
-0.0282	0.1431	0.0006	49.9000	75.4250	
-0.0281	0.1431	0.0006	50.1000	75.4000	
-0.0282	0.1431	0.0006	50.6500	75.2750	
-0.0281	0.1431	0.0006	49.6250	75.4250	
-0.0281	0.1430	0.0007	48.9500	75.8000	
-0.0281	0.1431	0.0006	49.8500	75.3750	
-0.0281	0.1430	0.0006	50.8000	75.3750	
-0.0281	0.1430	0.0006	49.7250	75.4750	
-0.0281	0.1432	0.0006	48.9250	75.6000	
-0.0281	0.1431	0.0006	49.0000	75.4000	
-0.0282	0.1430	0.0006	50.5500	75.4250	
-0.0282	0.1430	0.0006	49.8750	75.3250	
-0.0282	0.1430	0.0006	49.1500	75.4750	
-0.0282	0.1431	0.0006	47.5250	75.4000	
-0.0282	0.1430	0.0006	47.7750	75.3000	
-0.0282	0.1430	0.0006	48.6250	75.4750	
-0.0282	0.1430	0.0006	47.7250	75.3000	
-0.0282	0.1431	0.0006	47.0000	75.4500	
-0.0281	0.1430	0.0006	47.9500	75.3750	
-0.0281	0.1430	0.0006	48.7000	75.4750	
-0.0281	0.1431	0.0006	48.6750	75.4250	
-0.0281	0.1430	0.0006	45.4000	75.5500	
-0.0282	0.1431	0.0006	44.5250	75.4750	
-0.0281	0.1430	0.0006	46.5500	75.3500	
-0.0281	0.1431	0.0006	49.1000	75.4750	
-0.0281	0.1431	0.0006	48.5250	75.4500	
-0.0282	0.1430	0.0006	47.7000	75.3500	
-0.0281	0.1430	0.0006	46.6250	75.3750	
-0.0282	0.1430	0.0006	44.6000	75.4500	
-0.0282	0.1430	0.0006	46.1000	75.3500	
-0.0282	0.1430	0.0006	48.5500	75.2750	
-0.0281	0.1430	0.0006	47.9500	75.2750	
-0.0281	0.1430	0.0006	45.9750	75.5250	
-0.0281	0.1431	0.0006	46.2250	75.4500	
-0.0281	0.1430	0.0006	45.9750	75.3250	
-0.0281	0.1430	0.0006	48.1500	75.2500	
-0.0281	0.1430	0.0006	47.0750	75.4500	
-0.0281	0.1431	0.0006	45.4750	75.4750	
-0.0281	0.1430	0.0006	44.9750	75.5000	
-0.0281	0.1430	0.0006	45.9500	75.4250	
-0.0281	0.1429	0.0006	46.7750	75.3500	
-0.0281	0.1429	0.0006	48.0000	75.3500	
-0.0281	0.1430	0.0006	47.8500	75.4750	
-0.0281	0.1430	0.0006	45.6250	75.3250	
-0.0281	0.1430	0.0006	44.4750	75.4500	
-0.0281	0.1429	0.0005	45.9000	75.4250	
-0.0281	0.1430	0.0006	46.5750	75.3750	
-0.0281	0.1430	0.0006	46.2000	75.3000	
-0.0281	0.1430	0.0006	46.7750	75.3000	
-0.0281	0.1430	0.0006	45.8500	75.3500	
-0.0281	0.1429	0.0006	44.8500	75.5250	
-0.0281	0.1429	0.0006	45.3750	75.2250	
-0.0281	0.1431	0.0006	44.9250	75.4750	
-0.0281	0.1429	0.0006	45.1750	75.3500	
-0.0281	0.1429	0.0006	46.8500	75.2750	
-0.0281	0.1429	0.0006	46.3500	75.4250	
-0.0281	0.1429	0.0006	45.5750	75.3750	
-0.0281	0.1428	0.0006	45.2000	75.4750	
-0.0281	0.1429	0.0005	45.2000	75.3500	
-0.0281	0.1429	0.0006	44.2500	75.5000	
-0.0281	0.1429	0.0006	43.9250	75.3000	
-0.0281	0.1429	0.0006	47.1000	75.1500	
-0.0281	0.1428	0.0006	48.2500	75.4750	
-0.0281	0.1428	0.0006	46.7250	75.2500	
-0.0281	0.1428	0.0006	45.8000	75.2750	
-0.0281	0.1429	0.0006	45.2000	75.5000	
-0.0281	0.1428	0.0006	44.5250	75.3250	
-0.0281	0.1428	0.0005	45.7750	75.4500	
-0.0281	0.1429	0.0006	46.8000	75.4500	
-0.0281	0.1428	0.0006	46.4250	75.1750	
-0.0281	0.1428	0.0006	45.2000	75.5000	
-0.0281	0.1428	0.0005	45.2750	75.3250	
-0.0281	0.1428	0.0005	46.6750	75.2500	
-0.0281	0.1428	0.0005	46.8750	75.2500	
-0.0281	0.1428	0.0005	45.5500	75.3000	
-0.0281	0.1428	0.0005	44.7250	75.2500	
-0.0281	0.1428	0.0005	44.2500	75.4250	
-0.0281	0.1428	0.0005	44.8500	75.2000	
-0.0281	0.1429	0.0005	46.1500	75.3750	
-0.0281	0.1428	0.0005	46.1250	75.5500	
-0.0281	0.1429	0.0006	45.6250	75.2500	
-0.0281	0.1431	0.0006	44.3750	75.2000	
-0.0281	0.1428	0.0006	45.3750	75.3750	
-0.0281	0.1428	0.0006	47.8750	75.3500	
-0.0281	0.1429	0.0005	48.4000	75.2500	
-0.0281	0.1428	0.0005	45.2250	75.2250	
-0.0281	0.1429	0.0006	44.0250	75.2000	
-0.0281	0.1428	0.0006	45.2000	75.2250	
-0.0282	0.1430	0.0006	48.4500	75.0750	
-0.0281	0.1428	0.0005	47.7000	75.4500	
-0.0282	0.1429	0.0005	44.6250	75.3500	
-0.0282	0.1429	0.0005	44.9500	75.2250	
-0.0282	0.1429	0.0005	47.0750	75.4000	
-0.0282	0.1430	0.0005	48.2750	75.2750	
-0.0282	0.1429	0.0005	47.2000	75.3000	
-0.0282	0.1429	0.0005	45.3750	75.3250	
-0.0282	0.1429	0.0005	47.0500	75.4250	
-0.0282	0.1429	0.0005	47.9750	75.1500	
-0.0282	0.1429	0.0005	47.3750	75.4750	
-0.0282	0.1430	0.0005	45.8000	75.2500	
-0.0282	0.1430	0.0005	45.3250	75.3750	
-0.0282	0.1430	0.0005	46.8500	75.2500	
-0.0282	0.1430	0.0005	48.3500	75.2250	
-0.0282	0.1430	0.0005	47.8250	75.4000	
-0.0282	0.1431	0.0005	45.0250	75.3750	
-0.0282	0.1431	0.0005	45.9000	75.3250	
-0.0282	0.1431	0.0005	49.2500	75.2500	
-0.0282	0.1431	0.0005	48.9750	75.3000	
-0.0282	0.1431	0.0005	47.1500	75.3000	
-0.0282	0.1431	0.0005	48.5250	75.1250	
-0.0282	0.1432	0.0005	48.5250	75.2500	
-0.0282	0.1432	0.0005	49.7750	75.2250	
-0.0282	0.1432	0.0005	49.9250	75.2500	
-0.0282	0.1432	0.0005	49.0250	75.2500	
-0.0282	0.1432	0.0005	43.7250	75.4000	
-0.0282	0.1433	0.0006	40.6750	75.2500	
-0.0282	0.1433	0.0005	48.6000	75.3250	
-0.0282	0.1433	0.0005	50.9750	75.2250	
-0.0282	0.1433	0.0005	42.8250	75.2250	
-0.0282	0.1432	0.0005	33.6500	75.2250	
-0.0282	0.1434	0.0006	43.6500	75.1250	
-0.0282	0.1433	0.0006	45.9250	75.2750	
-0.0282	0.1432	0.0005	41.4500	75.2250	
-0.0282	0.1433	0.0005	36.3500	75.2250	
-0.0282	0.1433	0.0005	34.7250	75.2250	
-0.0282	0.1432	0.0005	40.5000	75.2750	
-0.0282	0.1433	0.0006	47.2750	75.2250	
-0.0282	0.1433	0.0006	36.0750	75.1250	
-0.0282	0.1432	0.0006	35.5250	75.2250	
-0.0281	0.1430	0.0006	35.6250	75.1750	
-0.0282	0.1430	0.0005	35.7500	75.1750	
-0.0282	0.1429	0.0005	36.0250	75.0750	
-0.0282	0.1429	0.0005	36.4250	75.2250	
-0.0282	0.1428	0.0005	36.7500	75.0750	
-0.0282	0.1429	0.0005	36.7750	75.0500	
-0.0282	0.1430	0.0005	36.6250	74.9750	
-0.0282	0.1431	0.0005	37.0750	75.1750	
-0.0282	0.1431	0.0005	37.9000	75.2500	
-0.0282	0.1433	0.0005	38.9250	75.0000	
-0.0282	0.1433	0.0005	38.6750	75.2500	
-0.0282	0.1434	0.0006	38.4750	75.1250	
-0.0282	0.1433	0.0005	38.5750	75.2750	
-0.0282	0.1433	0.0005	38.8250	74.9500	
-0.0282	0.1434	0.0006	42.6500	75.0250	
-0.0282	0.1433	0.0006	39.3000	74.9500	
-0.0282	0.1434	0.0006	38.9750	74.9500	
-0.0282	0.1434	0.0006	38.9250	75.0500	
-0.0282	0.1435	0.0006	41.4750	75.0000	
-0.0282	0.1434	0.0006	39.7500	75.0750	
-0.0282	0.1434	0.0006	39.6000	74.9250	
-0.0282	0.1434	0.0006	39.8250	74.9250	
-0.0282	0.1433	0.0006	39.9000	75.1750	
-0.0282	0.1434	0.0006	40.4750	74.8500	
-0.0282	0.1434	0.0006	40.9500	75.0250	
-0.0282	0.1434	0.0006	41.4500	75.0000	
-0.0282	0.1434	0.0006	44.3500	74.9750	
-0.0282	0.1434	0.0006	41.6000	75.0500	
-0.0282	0.1434	0.0006	41.5750	74.8750	
-0.0282	0.1434	0.0006	43.2000	74.9000	
-0.0282	0.1434	0.0006	42.3750	75.0250	
-0.0282	0.1434	0.0006	43.4000	75.0250	
-0.0282	0.1436	0.0006	53.5250	74.9750	
-0.0282	0.1435	0.0006	48.1500	74.9750	
-0.0282	0.1435	0.0006	47.4000	75.0500	
-0.0282	0.1435	0.0006	47.7750	74.9500	
-0.0282	0.1435	0.0006	53.9500	74.8500	
-0.0282	0.1435	0.0006	58.9250	74.9500	
-0.0282	0.1434	0.0007	55.7750	75.0000	
-0.0282	0.1435	0.0006	47.0250	74.8500	
-0.0282	0.1435	0.0006	55.9250	74.8500	
-0.0282	0.1435	0.0006	60.7750	75.0250	
-0.0282	0.1435	0.0006	61.3750	74.9500	
-0.0283	0.1435	0.0006	61.2750	74.8500	
-0.0283	0.1436	0.0006	61.4000	74.9750	
-0.0283	0.1435	0.0006	61.4750	74.7750	
-0.0283	0.1435	0.0005	62.6750	74.9250	
-0.0283	0.1436	0.0006	63.2250	75.0000	
-0.0283	0.1436	0.0005	63.8750	74.8250	
-0.0283	0.1436	0.0005	64.2750	75.0250	
-0.0283	0.1436	0.0006	64.6000	75.0000	
-0.0283	0.1437	0.0006	65.3250	74.8000	
-0.0282	0.1436	0.0006	65.6750	74.9000	
-0.0283	0.1438	0.0006	64.5750	75.0250	
-0.0283	0.1436	0.0006	65.4250	74.9250	
-0.0283	0.1436	0.0006	65.2500	75.0000	
-0.0283	0.1436	0.0005	64.7500	74.9500	
-0.0283	0.1436	0.0005	65.8250	74.8750	
-0.0283	0.1436	0.0005	66.5000	74.9500	
-0.0283	0.1437	0.0006	66.0250	74.8750	
-0.0283	0.1437	0.0005	66.5250	74.9500	
-0.0283	0.1437	0.0005	67.1750	75.0500	
-0.0283	0.1437	0.0005	66.9500	74.9250	
-0.0283	0.1437	0.0005	67.2000	75.0250	
-0.0283	0.1438	0.0006	67.5000	74.9500	
-0.0283	0.1437	0.0006	67.3000	74.8750	
-0.0283	0.1437	0.0005	67.6750	74.9250	
-0.0283	0.1437	0.0006	67.1750	75.0000	
-0.0283	0.1437	0.0005	67.3000	74.9000	
-0.0283	0.1438	0.0006	67.6000	75.0000	
-0.0283	0.1438	0.0006	67.8500	75.0250	
-0.0283	0.1438	0.0005	67.8500	74.9000	
-0.0283	0.1437	0.0005	67.4500	74.9250	
-0.0283	0.1438	0.0005	66.9000	75.0500	
-0.0283	0.1438	0.0005	67.3250	75.0250	
-0.0283	0.1438	0.0005	66.9500	74.9000	
-0.0283	0.1438	0.0005	66.4500	74.9500	
-0.0283	0.1438	0.0005	66.1750	74.9500	
-0.0283	0.1438	0.0005	66.0500	74.9500	
-0.0283	0.1438	0.0005	67.2000	74.8750	
-0.0283	0.1438	0.0006	66.3500	75.0000	
-0.0283	0.1438	0.0005	66.0750	74.9500	
-0.0283	0.1438	0.0005	65.6500	75.0000	
-0.0283	0.1438	0.0006	65.0500	75.0500	
-0.0283	0.1438	0.0005	64.8750	74.8500	
-0.0283	0.1438	0.0005	65.3750	74.9750	
-0.0283	0.1439	0.0006	65.2250	74.9750	
-0.0283	0.1439	0.0006	64.8750	74.9750	
-0.0283	0.1437	0.0006	64.4000	74.9750	
-0.0283	0.1437	0.0005	63.7250	75.0750	
-0.0283	0.1437	0.0006	62.9750	74.9000	
-0.0283	0.1437	0.0006	60.8250	74.9000	
-0.0283	0.1436	0.0006	59.5750	74.9500	
-0.0283	0.1436	0.0006	59.1500	75.1250	
-0.0282	0.1434	0.0006	58.7250	75.0000	
-0.0282	0.1435	0.0006	59.4750	75.1250	
-0.0282	0.1434	0.0006	58.3750	75.1250	
-0.0282	0.1434	0.0005	57.6500	75.0250	
-0.0282	0.1432	0.0005	57.2500	75.1000	
-0.0282	0.1432	0.0005	56.3000	75.1250	
-0.0282	0.1432	0.0005	55.5750	75.0750	
-0.0282	0.1431	0.0005	54.6250	75.0750	
-0.0282	0.1430	0.0005	53.0750	75.1250	
-0.0282	0.1430	0.0005	52.7250	75.2500	
-0.0282	0.1430	0.0005	50.5000	75.1250	
-0.0282	0.1430	0.0005	49.6000	75.0500	
-0.0282	0.1430	0.0005	48.9000	75.1000	
-0.0282	0.1430	0.0005	47.4500	75.1250	
-0.0282	0.1430	0.0005	47.2000	75.2000	
-0.0282	0.1430	0.0005	46.1750	75.1000	
-0.0282	0.1430	0.0005	45.2750	75.1500	
-0.0282	0.1431	0.0005	44.5500	75.1500	
-0.0282	0.1433	0.0005	43.4750	75.1500	
-0.0282	0.1433	0.0005	42.2000	75.1750	
-0.0282	0.1434	0.0006	42.3250	75.1250	
-0.0283	0.1434	0.0005	41.2000	75.2500	
-0.0283	0.1436	0.0005	38.2000	74.9750	
-0.0283	0.1438	0.0006	35.6750	75.1750	
-0.0283	0.1439	0.0006	36.7750	75.0000	
-0.0284	0.1441	0.0006	35.8750	75.1250	
-0.0283	0.1442	0.0006	34.3250	75.0250	
-0.0284	0.1444	0.0006	37.1000	75.1500	
-0.0284	0.1447	0.0006	36.3250	75.0500	
-0.0285	0.1449	0.0006	31.7250	74.9500	
-0.0285	0.1451	0.0007	26.1250	75.0500	
-0.0285	0.1453	0.0007	26.2000	74.9500	
-0.0285	0.1456	0.0008	26.1750	74.9250	
-0.0286	0.1458	0.0008	25.5750	74.8750	
-0.0286	0.1460	0.0008	25.3250	74.9000	
-0.0286	0.1463	0.0009	25.4250	74.9750	
-0.0286	0.1465	0.0009	25.3500	74.8000	
-0.0286	0.1467	0.0009	25.6250	74.8750	
-0.0286	0.1469	0.0009	25.6000	74.8500	
-0.0286	0.1471	0.0010	25.6750	74.8500	
-0.0287	0.1472	0.0010	25.9000	74.7250	
-0.0286	0.1475	0.0011	25.9500	75.1000	
0.6357	50.0000	0.7652	50.0000	
0.6165	50.0000	0.6986	50.0000	
0.5982	50.0000	0.6387	50.0000	
0.5796	50.0000	0.5861	50.0000	
0.5601	50.0000	0.5353	50.0000	
0.5397	50.0000	0.4860	50.0000	
0.5181	50.0000	0.4395	50.0000	
0.4956	50.0000	0.3973	50.0000	
0.4721	50.0000	0.3613	50.0000	
0.4476	39.1500	0.3323	50.0000	
0.4230	37.2000	0.3097	50.0000	
0.3981	50.0000	0.2935	50.0000	
0.3708	50.0000	0.2817	50.0000	
0.3395	50.0000	0.2726	50.0000	
0.3099	50.0000	0.2648	50.0000	
0.2841	50.0000	0.2573	50.0000	
0.2645	50.0000	0.2499	52.4000	
0.2487	50.0500	0.2423	50.9500	
0.2373	53.0500	0.2347	52.5500	
0.2279	64.9750	0.2271	57.2000	
0.2200	72.8000	0.2194	60.9250	
0.2124	74.4750	0.2116	61.2250	
0.2052	74.9250	0.2036	61.8250	
0.1981	74.7500	0.1955	61.2250	
0.1913	74.8500	0.1873	61.8500	
0.1849	74.9750	0.1789	61.8750	
0.1789	74.6750	0.1705	60.5000	
0.1738	74.7250	0.1620	60.8250	
0.1694	74.7500	0.1535	60.5500	
0.1660	74.9000	0.1451	60.1000	
0.1631	74.9500	0.1368	59.8000	
0.1609	74.7500	0.1285	59.4250	
0.1590	74.7250	0.1205	58.8250	
0.1575	74.5500	0.1128	57.7750	
0.1562	74.6500	0.1054	57.0000	
0.1549	74.7000	0.0984	57.0500	
0.1533	74.5500	0.0917	57.1750	
0.1517	74.8500	0.0854	56.8250	
0.1497	74.6750	0.0795	56.6750	
0.1480	74.6000	0.0740	56.7500	
0.1465	74.3750	0.0688	56.9000	
0.1454	74.8000	0.0639	57.2000	
0.1447	74.2750	0.0591	57.4750	
0.1444	72.8250	0.0544	57.8500	
0.1441	70.2750	0.0495	58.2500	
0.1441	55.6500	0.0450	58.8250	
0.1440	46.9250	0.0407	59.9500	
0.1439	42.9250	0.0368	60.9000	
0.1439	41.4750	0.0333	61.9500	
0.1438	39.9500	0.0300	63.2000	
0.1437	40.0500	0.0272	64.4000	
0.1438	41.1000	0.0246	65.4000	
0.1437	41.2000	0.0224	66.4750	
0.1436	41.5500	0.0204	67.6000	
0.1436	41.7000	0.0186	68.5250	
0.1436	41.7250	0.0170	69.4750	
0.1435	42.0000	0.0157	70.3250	
0.1435	42.0000	0.0145	70.9500	
0.1435	42.1750	0.0135	71.3250	
0.1434	42.2000	0.0125	71.7250	
0.1434	42.1250	0.0117	71.9250	
0.1434	42.0250	0.0110	72.1000	
0.1434	42.0750	0.0104	72.2750	
0.1433	42.5000	0.0098	72.4750	
0.1433	42.8250	0.0093	72.6750	
0.1433	41.9750	0.0089	72.8250	
0.1433	41.9000	0.0084	73.1250	
0.1432	42.0750	0.0081	73.3250	
0.1432	43.1250	0.0077	73.4250	
0.1432	42.6500	0.0074	73.5000	
0.1431	42.0250	0.0071	73.5250	
0.1431	42.8500	0.0068	73.5500	
0.1431	43.6250	0.0065	73.6500	
0.1431	43.9000	0.0063	73.7250	
0.1430	42.3500	0.0061	73.7750	
0.1430	43.1750	0.0058	73.8000	
0.1430	43.8000	0.0056	73.8250	
0.1429	43.1250	0.0055	73.9250	
0.1429	42.9500	0.0053	73.9500	
0.1429	43.4500	0.0051	74.0000	
0.1429	44.3750	0.0050	74.0000	
0.1428	43.3000	0.0048	74.0250	
0.1429	42.7250	0.0047	74.1000	
0.1428	44.0250	0.0045	74.2000	
0.1429	45.6500	0.0044	74.2000	
0.1428	42.7750	0.0043	74.2750	
0.1428	42.5500	0.0042	74.3250	
0.1428	43.5500	0.0041	74.3250	
0.1427	43.0000	0.0040	74.4750	
0.1427	45.7750	0.0039	74.4750	
0.1426	45.5750	0.0038	74.5500	
0.1426	43.0000	0.0037	74.5250	
0.1426	42.8250	0.0036	74.5500	
0.1427	45.0500	0.0036	74.5500	
0.1426	42.9250	0.0035	74.6000	
0.1426	43.6000	0.0034	74.6000	
0.1426	44.3000	0.0034	74.6500	
0.1425	43.5000	0.0033	74.6000	
0.1424	44.0250	0.0032	74.6500	
0.1424	43.0250	0.0032	74.6500	
0.1425	42.2750	0.0031	74.6500	
0.1424	45.8750	0.0031	74.6750	
0.1424	44.5750	0.0030	74.6750	
0.1423	42.5000	0.0030	74.7000	
0.1424	42.5250	0.0029	74.6500	
0.1423	43.5000	0.0029	74.7000	
0.1423	43.6500	0.0028	74.6000	
0.1423	44.5000	0.0028	74.6750	
0.1424	41.1500	0.0028	74.6250	
0.1423	45.2000	0.0027	74.6250	
0.1422	45.1250	0.0027	74.6750	
0.1422	41.5000	0.0026	74.6750	
0.1421	43.7250	0.0026	74.7500	
0.1421	45.1500	0.0026	74.6250	
0.1421	44.0500	0.0025	74.7500	
0.1421	43.2750	0.0025	74.7250	
0.1421	41.7000	0.0025	74.6500	
0.1421	45.6250	0.0024	74.7000	
0.1420	44.3000	0.0024	74.6500	
0.1420	42.0000	0.0024	74.6250	
0.1420	43.2250	0.0023	74.7000	
0.1420	44.4500	0.0023	74.6750	
0.1419	44.2500	0.0023	74.6250	
0.1419	42.5000	0.0023	74.6750	
0.1419	43.2750	0.0022	74.7000	
0.1419	45.6250	0.0022	74.6750	
0.1418	43.6000	0.0022	74.7500	
0.1419	41.5250	0.0022	74.6500	
0.1418	45.0750	0.0021	74.7250	
0.1418	45.6000	0.0021	74.6250	
0.1417	42.9000	0.0021	74.7250	
0.1418	41.0000	0.0021	74.6500	
0.1417	44.2250	0.0021	74.6750	
0.1418	44.3250	0.0020	74.7000	
0.1416	44.0000	0.0020	74.6750	
0.1416	45.0750	0.0020	74.6750	
0.1416	43.8500	0.0020	74.7250	
0.1416	42.3000	0.0019	74.6500	
0.1416	43.4000	0.0019	74.7250	
0.1415	45.1000	0.0019	74.7000	
0.1415	44.1750	0.0019	74.7250	
0.1415	43.5250	0.0019	74.7500	
0.1415	44.5000	0.0019	74.7750	
0.1414	44.2500	0.0018	74.7000	
0.1414	43.1000	0.0018	74.7750	
0.1414	44.2750	0.0018	74.7000	
0.1414	44.8250	0.0018	74.7500	
0.1413	43.9500	0.0018	74.6500	
0.1415	42.5500	0.0018	74.8000	
0.1413	46.1250	0.0017	74.7500	
0.1414	45.3250	0.0017	74.8000	
0.1413	41.1500	0.0017	74.7500	
0.1414	45.7000	0.0017	74.8250	
0.1412	44.4750	0.0017	74.7500	
0.1413	43.1000	0.0017	74.7500	
0.1412	42.9500	0.0016	74.8000	
0.1412	45.5000	0.0016	74.7500	
0.1411	43.6750	0.0016	74.7250	
0.1411	44.1750	0.0016	74.8250	
0.1412	45.6000	0.0016	74.8250	
0.1410	42.8000	0.0016	74.7500	
0.1411	42.5750	0.0016	74.8250	
0.1409	46.0250	0.0016	74.7500	
0.1409	44.6000	0.0015	74.8250	
0.1409	44.3000	0.0015	74.7750	
0.1408	44.5000	0.0015	74.8000	
0.1408	43.5000	0.0015	74.7500	
0.1408	45.6750	0.0015	74.7750	
0.1407	46.0750	0.0015	74.8000	
0.1407	44.1000	0.0015	74.8750	
0.1408	44.9000	0.0015	74.8250	
0.1406	42.4500	0.0014	74.8000	
0.1406	43.9750	0.0014	74.8000	
0.1405	46.1000	0.0014	74.8500	
0.1405	45.8000	0.0014	74.8500	
0.1405	43.5750	0.0014	74.8750	
0.1404	45.7500	0.0014	74.8000	
0.1403	46.7000	0.0014	74.8500	
0.1404	42.0250	0.0014	74.9250	
0.1403	47.7500	0.0014	74.8750	
0.1402	48.1000	0.0014	74.8750	
0.1404	41.8000	0.0013	74.9250	
0.1400	45.7000	0.0013	74.8250	
0.1401	49.6500	0.0013	74.8250	
0.1401	43.2000	0.0013	74.9250	
0.1399	45.9250	0.0013	74.7750	
0.1398	48.0500	0.0013	74.9500	
0.1398	46.0250	0.0013	74.8500	
0.1398	46.7500	0.0013	74.9000	
0.1398	45.9250	0.0013	74.9500	
0.1397	45.1000	0.0013	74.9000	
0.1397	44.4250	0.0013	74.8750	
0.1396	44.5000	0.0013	74.8750	
0.1396	46.3500	0.0012	74.9000	
0.1395	46.1000	0.0012	74.9250	
0.1395	46.3250	0.0012	74.9250	
0.1395	44.8750	0.0012	74.9000	
0.1394	43.9750	0.0012	74.8000	
0.1394	43.7250	0.0012	74.9500	
0.1394	47.1750	0.0012	74.9750	
0.1393	45.0750	0.0012	74.9750	
0.1393	43.0000	0.0012	74.9000	
0.1392	45.5250	0.0012	74.9250	
0.1393	45.6000	0.0012	74.8500	
0.1392	45.2500	0.0012	74.9500	
0.1392	46.1000	0.0012	74.9250	
0.1391	43.7000	0.0012	74.9750	
0.1390	44.6500	0.0011	74.9250	
0.1392	44.7250	0.0011	74.9000	
0.1391	46.4500	0.0011	74.9500	
0.1389	45.2750	0.0011	74.9500	
0.1390	41.6250	0.0011	75.0000	
0.1388	44.7000	0.0011	75.0250	
0.1388	47.3500	0.0011	74.9750	
0.1388	44.1500	0.0011	74.9500	
0.1388	42.7000	0.0011	74.9500	
0.1388	45.9500	0.0011	74.9750	
0.1387	43.6250	0.0011	75.0000	
0.1387	43.2750	0.0011	74.9000	
0.1387	46.7000	0.0011	75.0000	
0.1387	45.2250	0.0011	75.0000	
0.1386	44.3500	0.0011	74.9500	
0.1386	45.6750	0.0011	75.0500	
0.1385	45.3750	0.0011	74.9750	
0.1384	44.9000	0.0010	75.0000	
0.1385	43.3000	0.0010	74.9500	
0.1384	44.1500	0.0010	75.0750	
0.1384	45.0750	0.0010	75.0500	
0.1383	45.2000	0.0010	74.9500	
0.1383	45.0750	0.0010	75.0000	
0.1382	43.9250	0.0010	75.0500	
0.1382	42.2250	0.0010	75.0000	
0.1381	45.3500	0.0010	75.0500	
0.1381	46.2250	0.0010	75.0250	
0.1381	44.0000	0.0010	75.0250	
0.1382	44.6750	0.0010	75.0750	
0.1381	43.1500	0.0010	75.1000	
0.1380	41.9250	0.0010	75.0250	
0.1380	45.0500	0.0010	75.1000	
0.1381	44.3500	0.0010	75.0250	
0.1380	46.2750	0.0009	75.2000	
0.1380	43.3250	0.0009	75.1750	
0.1380	41.5250	0.0008	75.1000	
0.1378	47.2000	0.0008	75.1000	
0.1379	45.1750	0.0008	75.2000	
0.1379	41.3250	0.0008	75.1750	
0.1377	44.8000	0.0008	75.2000	
0.1378	45.0500	0.0007	75.1750	
0.1377	42.2250	0.0007	75.1750	
0.1377	44.7250	0.0007	75.1000	
0.1376	44.0250	0.0007	75.2500	
0.1376	42.0250	0.0007	75.2250	
0.1375	43.7750	0.0007	75.1750	
0.1375	43.6750	0.0007	75.1750	
0.1375	44.9000	0.0007	75.2500	
0.1374	44.0750	0.0007	75.2250	
0.1374	42.2500	0.0007	75.2000	
0.1374	43.5500	0.0007	75.1750	
0.1373	43.7500	0.0007	75.2500	
0.1373	43.5500	0.0007	75.2250	
0.1373	44.6500	0.0007	75.1250	
0.1373	45.5750	0.0007	75.1750	
0.1373	40.6500	0.0007	75.2750	
0.1372	44.1750	0.0006	75.2250	
0.1373	43.9500	0.0006	75.2500	
0.1372	44.2000	0.0006	75.2000	
0.1370	43.7250	0.0006	75.2000	
0.1370	42.1000	0.0006	75.2000	
0.1370	43.6750	0.0006	75.2000	
0.1370	42.5750	0.0006	75.2500	
0.1369	42.6500	0.0006	75.2750	
0.1369	46.3250	0.0006	75.2500	
0.1370	41.4250	0.0006	75.2500	
0.1371	44.0750	0.0006	75.2500	
0.1368	44.7500	0.0006	75.2500	
0.1368	41.4250	0.0006	75.2750	
0.1368	43.2750	0.0006	75.1500	
0.1367	44.5250	0.0006	75.2500	
0.1366	43.9250	0.0006	75.2500	
0.1366	43.2250	0.0006	75.2250	
0.1366	43.8000	0.0006	75.2500	
0.1365	43.6000	0.0006	75.2250	
0.1365	43.7500	0.0006	75.3000	
0.1365	42.2000	0.0006	75.2250	
0.1366	42.9250	0.0006	75.1750	
0.1365	43.2500	0.0006	75.2500	
0.1365	40.2750	0.0006	75.2750	
0.1363	44.6000	0.0006	75.2500	
0.1364	44.4750	0.0006	75.2500	
0.1363	42.7250	0.0006	75.2250	
0.1363	42.2000	0.0006	75.2000	
0.1364	41.4250	0.0006	75.3000	
0.1363	44.5750	0.0006	75.3500	
0.1362	43.0750	0.0006	75.2500	
0.1362	40.4750	0.0006	75.2250	
0.1362	42.8250	0.0006	75.2750	
0.1362	39.8500	0.0006	75.2500	
0.1361	41.1500	0.0006	75.2250	
0.1361	44.8250	0.0006	75.2500	
0.1360	43.2750	0.0006	75.2000	
0.1361	40.8500	0.0006	75.2250	
0.1360	39.6750	0.0006	75.3000	
0.1360	43.0000	0.0006	75.2250	
0.1360	44.6750	0.0006	75.2000	
0.1359	39.5250	0.0006	75.1750	
0.1360	43.0250	0.0006	75.2500	
0.1358	42.0250	0.0006	75.2500	
0.1358	40.3000	0.0006	75.1750	
0.1358	41.7250	0.0006	75.2000	
0.1357	41.5500	0.0006	75.2250	
0.1358	41.2250	0.0006	75.2500	
0.1357	43.6000	0.0006	75.2500	
0.1357	42.7250	0.0006	75.2500	
0.1357	38.6000	0.0006	75.2000	
0.1356	40.3250	0.0006	75.2750	
0.1357	44.4500	0.0006	75.3250	
0.1356	41.7250	0.0006	75.2250	
0.1356	42.5750	0.0006	75.2500	
0.1355	39.7250	0.0006	75.2250	
0.1355	40.8000	0.0006	75.3000	
0.1355	41.8000	0.0006	75.2750	
0.1355	39.4000	0.0006	75.2500	
0.1354	42.6750	0.0006	75.2500	
0.1354	41.8500	0.0006	75.2250	
0.1354	38.6250	0.0006	75.3000	
0.1354	40.4750	0.0006	75.2250	
0.1354	40.4750	0.0006	75.2000	
0.1353	41.8000	0.0006	75.2750	
0.1354	39.6250	0.0006	75.2750	
0.1355	44.0250	0.0006	75.2500	
0.1354	39.2500	0.0006	75.2250	
0.1352	40.9750	0.0006	75.2000	
0.1352	44.1750	0.0006	75.3000	
0.1352	39.8250	0.0006	75.3000	
0.1352	43.1250	0.0006	75.2000	
0.1351	41.5250	0.0006	75.3250	
0.1351	38.8750	0.0006	75.2750	
0.1351	39.7750	0.0006	75.2000	
0.1351	45.0750	0.0006	75.3000	
0.1350	40.4750	0.0006	75.2000	
0.1350	38.7750	0.0006	75.2750	
0.1350	39.0000	0.0006	75.2500	
0.1350	39.7500	0.0006	75.2500	
0.1350	44.4500	0.0006	75.1750	
0.1351	41.2000	0.0006	75.2500	
0.1349	39.3000	0.0006	75.2250	
0.1349	43.7250	0.0006	75.2500	
0.1349	41.0500	0.0006	75.1750	
0.1349	39.6500	0.0006	75.1750	
0.1348	40.2500	0.0006	75.2750	
0.1348	40.0500	0.0006	75.2250	
0.1348	42.8750	0.0006	75.2500	
0.1347	40.3250	0.0006	75.2500	
0.1348	39.3750	0.0006	75.3750	
0.1347	39.6000	0.0006	75.2250	
0.1347	40.2750	0.0006	75.3000	
0.1347	40.3750	0.0006	75.2250	
0.1347	39.9750	0.0006	75.2750	
0.1348	42.4500	0.0006	75.2250	
0.1347	40.2750	0.0006	75.2500	
0.1347	41.4000	0.0005	75.2250	
0.1346	41.7500	0.0005	75.2250	
0.1346	40.1750	0.0006	75.2250	
0.1345	40.5500	0.0006	75.3000	
0.1346	40.5750	0.0005	75.2750	
0.1347	43.5000	0.0005	75.2250	
0.1345	41.2000	0.0005	75.2500	
0.1345	40.6000	0.0005	75.2750	
0.1344	41.1250	0.0005	75.2250	
0.1344	42.4000	0.0005	75.2500	
0.1345	40.7500	0.0005	75.3250	
0.1344	40.7250	0.0005	75.2250	
0.1344	40.9000	0.0005	75.3000	
0.1344	40.5000	0.0005	75.3250	
0.1346	41.8000	0.0005	75.2750	
0.1344	40.9000	0.0005	75.2750	
0.1346	42.6500	0.0005	75.2750	
0.1344	41.3500	0.0005	75.2250	
0.1343	41.6750	0.0005	75.2500	
0.1344	47.3750	0.0005	75.2750	
0.1343	43.1250	0.0005	75.2250	
0.1343	42.1000	0.0005	75.3250	
0.1342	41.8750	0.0005	75.2500	
0.1341	41.5750	0.0005	75.2500	
0.1341	42.2000	0.0005	75.2250	
0.1342	42.2250	0.0005	75.3250	
0.1341	41.9500	0.0005	75.2250	
0.1342	44.0000	0.0005	75.2500	
0.1341	42.5500	0.0005	75.2250	
0.1341	42.4250	0.0005	75.3000	
0.1341	41.6500	0.0005	75.2750	
0.1340	42.2250	0.0005	75.3000	
0.1341	42.0750	0.0005	75.3250	
0.1340	42.6750	0.0005	75.2500	
0.1340	42.8250	0.0005	75.3250	
0.1340	42.4500	0.0005	75.3250	
0.1339	42.8500	0.0005	75.3000	
0.1339	43.0250	0.0005	75.3500	
0.1339	42.8250	0.0005	75.2750	
0.1339	43.5250	0.0005	75.4000	
0.1339	43.4250	0.0005	75.3500	
0.1339	43.3500	0.0005	75.2500	
0.1339	43.4500	0.0005	75.3000	
0.1340	43.2250	0.0005	75.2750	
0.1340	43.3750	0.0005	75.2750	
0.1338	43.4000	0.0005	75.4250	
0.1339	45.0000	0.0005	75.3250	
0.1340	43.9750	0.0005	75.3250	
0.1341	44.6250	0.0005	75.3000	
0.1339	44.1500	0.0005	75.3500	
0.1337	43.7500	0.0005	75.3250	
0.1337	43.2000	0.0005	75.3750	
0.1337	43.8500	0.0005	75.3250	
0.1337	43.8250	0.0005	75.3500	
0.1336	43.5250	0.0005	75.3000	
0.1336	43.6500	0.0005	75.2750	
0.1339	44.0250	0.0005	75.3250	
0.1337	43.9250	0.0005	75.3250	
0.1337	43.9750	0.0005	75.3500	
0.1336	44.1250	0.0005	75.3500	
0.1335	43.8500	0.0005	75.3250	
0.1336	43.5250	0.0005	75.3000	
0.1335	43.9500	0.0005	75.3250	
0.1335	44.3750	0.0005	75.3250	
0.1335	43.9250	0.0005	75.3250	
0.1335	43.8250	0.0005	75.3500	
0.1334	43.9500	0.0005	75.3000	
0.1335	44.2000	0.0005	75.3250	
0.1334	44.2000	0.0005	75.3750	
0.1334	43.8250	0.0005	75.3000	
0.1335	43.9250	0.0005	75.3000	
0.1334	44.0750	0.0005	75.3250	
0.1334	43.8250	0.0005	75.3500	
0.1334	44.0250	0.0005	75.3500	
0.1333	44.3000	0.0005	75.3250	
0.1333	44.2250	0.0005	75.3250	
0.1333	43.9000	0.0005	75.2750	
0.1334	43.9250	0.0005	75.3500	
0.1333	44.1250	0.0005	75.3250	
0.1334	44.4750	0.0005	75.4000	
0.1333	44.2750	0.0005	75.2750	
0.1335	44.8000	0.0005	75.3250	
0.1332	44.3250	0.0005	75.3250	
0.1332	44.6000	0.0005	75.3500	
0.1332	43.7000	0.0005	75.3000	
0.1333	43.9750	0.0005	75.3750	
0.1332	44.4250	0.0005	75.4250	
0.1331	44.0000	0.0005	75.3000	
0.1332	44.2000	0.0005	75.3500	
0.1332	44.6500	0.0005	75.3500	
0.1332	43.9500	0.0005	75.3250	
0.1330	44.1500	0.0005	75.4250	
0.1332	44.3250	0.0005	75.3500	
0.1331	43.8750	0.0005	75.3500	
0.1331	44.3750	0.0005	75.3500	
0.1331	44.4250	0.0005	75.3000	
0.1331	44.3250	0.0005	75.3000	
0.1330	44.5250	0.0005	75.3500	
0.1330	44.1500	0.0005	75.3750	
0.1331	44.4500	0.0005	75.4000	
0.1331	43.9750	0.0005	75.3500	
0.1330	44.9000	0.0005	75.3500	
0.1329	44.3000	0.0005	75.3250	
0.1330	44.1250	0.0005	75.3250	
0.1329	44.6250	0.0005	75.4250	
0.1329	44.3750	0.0005	75.3750	
0.1329	44.3750	0.0005	75.3750	
0.1328	44.3250	0.0005	75.3500	
0.1329	44.5000	0.0005	75.4000	
0.1328	44.5500	0.0005	75.3000	
0.1328	44.4750	0.0005	75.4000	
0.1328	44.3750	0.0005	75.4000	
0.1328	44.2750	0.0005	75.3500	
0.1329	44.5000	0.0005	75.3000	
0.1328	44.7000	0.0005	75.3750	
0.1327	44.5000	0.0005	75.3250	
0.1328	44.5750	0.0005	75.4000	
0.1329	44.3000	0.0005	75.2750	
0.1329	44.8500	0.0005	75.2750	
0.1327	44.5500	0.0005	75.3500	
0.1327	44.7000	0.0005	75.3750	
0.1327	44.6500	0.0005	75.4000	
0.1326	44.7500	0.0005	75.3250	
0.1327	44.7750	0.0005	75.3000	
0.1326	44.6500	0.0005	75.3000	
0.1326	44.5750	0.0005	75.4000	
0.1327	44.8000	0.0005	75.4000	
0.1326	44.5750	0.0005	75.3000	
0.1327	44.8250	0.0005	75.3750	
0.1325	44.5750	0.0005	75.4250	
0.1326	44.7500	0.0005	75.3000	
0.1325	44.7500	0.0005	75.4500	
0.1327	45.1750	0.0005	75.3000	
0.1325	44.6000	0.0005	75.3750	
0.1325	44.6000	0.0005	75.3250	
0.1326	45.3000	0.0005	75.3250	
0.1325	45.2000	0.0005	75.3500	
0.1325	44.7750	0.0005	75.4000	
0.1325	45.1750	0.0005	75.3500	
0.1326	44.7000	0.0005	75.3500	
0.1324	44.8000	0.0005	75.4250	
0.1324	44.5750	0.0005	75.3750	
0.1324	44.6000	0.0005	75.3500	
0.1324	44.7500	0.0005	75.3750	
0.1324	44.7000	0.0005	75.4000	
0.1325	45.4500	0.0005	75.3750	
0.1324	45.3000	0.0005	75.4000	
0.1324	44.8500	0.0005	75.2750	
0.1323	45.6750	0.0005	75.2750	
0.1325	45.2750	0.0005	75.2500	
0.1323	45.3750	0.0005	75.3250	
0.1323	45.6250	0.0005	75.2750	
0.1324	45.0250	0.0005	75.4500	
0.1324	45.8500	0.0005	75.3750	
0.1322	45.7250	0.0005	75.3750	
0.1323	45.4000	0.0005	75.4000	
0.1322	45.4250	0.0005	75.4000	
0.1322	45.6250	0.0005	75.3500	
0.1322	45.4250	0.0005	75.4000	
0.1322	45.3750	0.0005	75.3500	
0.1322	45.1500	0.0005	75.3750	
0.1321	45.0750	0.0005	75.3750	
0.1321	45.5250	0.0005	75.3750	
0.1321	45.4500	0.0005	75.4250	
0.1322	45.4500	0.0005	75.3500	
0.1321	45.7250	0.0005	75.3250	
0.1322	45.6500	0.0005	75.4250	
0.1321	45.2250	0.0005	75.4000	
0.1321	45.4750	0.0005	75.3750	
0.1321	45.4250	0.0005	75.3250	
0.1320	45.6250	0.0005	75.3500	
0.1320	45.4750	0.0005	75.3750	
0.1321	45.2500	0.0005	75.3250	
0.1321	45.3250	0.0005	75.3500	
0.1320	45.5250	0.0005	75.3250	
0.1320	45.5500	0.0005	75.4000	
0.1320	45.3250	0.0005	75.4000	
0.1320	45.6250	0.0005	75.3500	
0.1320	45.6000	0.0005	75.4000	
0.1319	45.5500	0.0005	75.2500	
0.1319	45.6000	0.0005	75.3750	
0.1319	45.6750	0.0005	75.4000	
0.1319	45.4500	0.0005	75.3750	
0.1320	45.5750	0.0005	75.3750	
0.1319	45.8250	0.0005	75.3750	
0.1319	45.8000	0.0005	75.3500	
0.1319	45.8250	0.0005	75.2500	
0.1319	45.9250	0.0005	75.4250	
0.1318	45.7500	0.0005	75.4000	
0.1319	45.6750	0.0005	75.2500	
0.1318	45.8750	0.0005	75.3250	
0.1318	45.6000	0.0005	75.3500	
0.1318	46.0000	0.0005	75.3750	
0.1318	45.9500	0.0005	75.3750	
0.1320	45.9250	0.0005	75.4250	
0.1320	46.0750	0.0005	75.3500	
0.1317	46.1250	0.0005	75.4000	
0.1318	45.8750	0.0005	75.4250	
0.1319	46.2750	0.0005	75.4750	
0.1319	45.9750	0.0005	75.4000	
0.1318	46.0250	0.0005	75.3750	
0.1317	46.1250	0.0005	75.3750	
0.1317	45.7750	0.0005	75.3000	
0.1317	45.7750	0.0005	75.4000	
0.1317	45.7500	0.0005	75.3750	
0.1316	45.9500	0.0005	75.3250	
0.1317	46.0500	0.0005	75.4000	
0.1316	45.8750	0.0005	75.4250	
0.1316	45.8250	0.0005	75.4000	
0.1318	46.0500	0.0005	75.3250	
0.1315	45.8500	0.0005	75.3500	
0.1317	45.6500	0.0005	75.3750	
0.1316	46.1250	0.0005	75.4500	
0.1316	45.9500	0.0005	75.4500	
0.1316	45.9250	0.0005	75.4000	
0.1315	45.8500	0.0005	75.3500	
0.1316	46.1000	0.0005	75.4250	
0.1315	45.7500	0.0005	75.4250	
0.1315	46.0500	0.0005	75.3750	
0.1316	46.1000	0.0005	75.3250	
0.1315	46.2000	0.0005	75.4000	
0.1315	46.1250	0.0005	75.3500	
0.1315	46.1250	0.0005	75.4250	
0.1315	46.2750	0.0005	75.3500	
0.1315	46.1250	0.0005	75.4000	
0.1315	46.0250	0.0005	75.4000	
0.1315	46.1000	0.0005	75.4500	
0.1314	45.9750	0.0005	75.4500	
0.1314	46.2500	0.0005	75.4500	
0.1314	45.9500	0.0005	75.3750	
0.1314	46.3250	0.0005	75.4000	
0.1314	46.0750	0.0005	75.4500	
0.1314	46.0750	0.0005	75.4000	
0.1313	46.3250	0.0005	75.4000	
0.1315	45.9750	0.0005	75.4000	
0.1314	46.2000	0.0005	75.4000	
0.1314	46.0500	0.0005	75.4250	
0.1314	46.3250	0.0005	75.3750	
0.1314	46.2250	0.0005	75.3750	
0.1313	46.1500	0.0005	75.4250	
0.1313	46.1750	0.0005	75.3250	
0.1313	46.2500	0.0005	75.4500	
0.1313	46.2500	0.0005	75.3000	
0.1312	46.3500	0.0005	75.4000	
0.1313	46.3500	0.0005	75.4000	
0.1313	46.4000	0.0005	75.3250	
0.1313	46.2750	0.0005	75.4000	
0.1312	46.4000	0.0005	75.4500	
0.1312	46.4750	0.0005	75.4500	
0.1312	46.5500	0.0005	75.3500	
0.1312	46.4000	0.0005	75.3750	
0.1312	46.5000	0.0005	75.4250	
0.1312	46.4000	0.0005	75.4000	
0.1312	46.4500	0.0005	75.4250	
0.1312	46.5500	0.0005	75.3750	
0.1313	46.5750	0.0005	75.3250	
0.1314	46.7250	0.0005	75.4250	
0.1311	46.4750	0.0005	75.3500	
0.1311	46.7500	0.0005	75.4000	
0.1313	46.5750	0.0005	75.3750	
0.1312	46.9500	0.0005	75.4250	
0.1311	46.9750	0.0005	75.3250	
0.1312	46.5000	0.0005	75.3750	
0.1313	46.5250	0.0005	75.4500	
0.1312	46.6000	0.0005	75.4250	
0.1311	46.7750	0.0005	75.3750	
0.1311	46.4750	0.0005	75.4000	
0.1310	46.5750	0.0005	75.4000	
0.1310	46.6250	0.0005	75.3750	
0.1310	46.6500	0.0005	75.4250	
0.1310	46.6250	0.0005	75.3750	
0.1310	46.7500	0.0005	75.3750	
0.1310	46.7750	0.0005	75.4250	
0.1310	46.4500	0.0005	75.4750	
0.1311	46.6250	0.0005	75.3750	
0.1310	46.6750	0.0005	75.4000	
0.1309	46.7750	0.0005	75.4500	
0.1309	46.6250	0.0005	75.3750	
0.1310	48.1250	0.0005	75.3250	
0.1308	46.6750	0.0005	75.4750	
0.1311	46.3750	0.0005	75.4000	
0.1309	46.5250	0.0005	75.4000	
0.1310	46.6500	0.0005	75.4250	
0.1309	47.2000	0.0005	75.4250	
0.1309	47.0500	0.0005	75.4000	
0.1309	46.7500	0.0005	75.4250	
0.1309	46.6750	0.0005	75.3250	
0.1308	46.8250	0.0005	75.4000	
0.1309	48.6250	0.0005	75.4000	
0.1310	46.3250	0.0005	75.4250	
0.1309	46.7000	0.0005	75.4500	
0.1308	46.6250	0.0005	75.4250	
0.1309	46.6250	0.0005	75.4000	
0.1309	46.7000	0.0005	75.4500	
0.1309	46.7250	0.0005	75.3500	
0.1307	46.7000	0.0005	75.4000	
0.1308	46.6750	0.0005	75.4000	
0.1308	46.3750	0.0005	75.4000	
0.1307	46.7000	0.0005	75.3500	
0.1308	46.9500	0.0005	75.3250	
0.1307	46.6000	0.0005	75.4000	
0.1307	46.8250	0.0005	75.3500	
0.1307	46.7750	0.0005	75.4000	
0.1307	46.7500	0.0005	75.3500	
0.1307	46.7500	0.0005	75.4000	
0.1307	46.8000	0.0005	75.4000	
0.1307	46.8000	0.0005	75.4500	
0.1307	46.9000	0.0005	75.4000	
0.1307	46.9750	0.0005	75.3250	
0.1307	46.8250	0.0005	75.3750	
0.1306	46.9250	0.0005	75.4500	
0.1308	48.8250	0.0005	75.3250	
0.1306	46.6000	0.0005	75.4000	
0.1307	46.3500	0.0005	75.4750	
0.1306	46.8750	0.0005	75.4250	
0.1306	46.9750	0.0005	75.3750	
0.1306	46.8500	0.0005	75.4500	
0.1306	46.8250	0.0005	75.4250	
0.1306	46.6250	0.0005	75.4500	
0.1306	46.6750	0.0005	75.4250	
0.1306	46.9000	0.0005	75.3500	
0.1306	47.1000	0.0005	75.4000	
0.1306	47.0750	0.0005	75.4250	
0.1305	47.0750	0.0005	75.3500	
0.1305	46.6750	0.0005	75.4250	
0.1305	46.4000	0.0005	75.4500	
0.1305	46.6000	0.0005	75.4000	
0.1306	47.1500	0.0005	75.4000	
0.1305	46.6000	0.0005	75.3500	
0.1307	47.4000	0.0005	75.4500	
0.1305	46.8000	0.0005	75.3250	
0.1305	46.8750	0.0005	75.4250	
0.1305	47.9000	0.0005	75.4250	
0.1305	47.5000	0.0005	75.4000	
0.1304	46.4000	0.0005	75.4000	
0.1305	46.5750	0.0005	75.4000	
0.1304	47.2750	0.0005	75.4000	
0.1304	47.3000	0.0005	75.4250	
0.1304	46.8250	0.0005	75.4500	
0.1304	47.0250	0.0005	75.4250	
0.1304	46.8250	0.0005	75.4500	
0.1304	46.9750	0.0005	75.4500	
0.1304	46.9000	0.0005	75.4500	
0.1304	47.0250	0.0005	75.3500	
0.1305	47.9750	0.0005	75.3750	
0.1304	46.6500	0.0005	75.3750	
0.1304	46.5750	0.0005	75.3750	
0.1304	47.8500	0.0005	75.4500	
0.1304	47.2250	0.0005	75.4250	
0.1304	46.8750	0.0005	75.4250	
0.1304	46.7250	0.0005	75.4000	
0.1303	47.5750	0.0005	75.4500	
0.1304	47.2000	0.0005	75.4500	
0.1304	46.4250	0.0005	75.4000	
0.1303	46.9750	0.0005	75.3750	
0.1303	49.7500	0.0005	75.4250	
0.1302	46.3000	0.0005	75.3250	
0.1303	46.6750	0.0005	75.4000	
0.1303	46.9750	0.0005	75.5500	
0.1303	47.3750	0.0005	75.4250	
0.1304	47.6500	0.0005	75.3250	
0.1303	46.4750	0.0005	75.4250	
0.1302	46.8000	0.0005	75.4500	
0.1302	47.1000	0.0005	75.3750	
0.1303	46.7750	0.0005	75.4000	
0.1304	48.6250	0.0005	75.5000	
0.1302	47.3000	0.0005	75.4500	
0.1303	46.4000	0.0005	75.3250	
0.1302	47.8750	0.0005	75.4250	
0.1303	50.3500	0.0005	75.4250	
0.1303	46.2000	0.0005	75.4250	
0.1302	47.6250	0.0005	75.4750	
0.1302	49.0000	0.0005	75.4500	
0.1302	46.2750	0.0005	75.4500	
0.1302	47.4750	0.0005	75.5000	
0.1302	46.4750	0.0005	75.3750	
0.1302	48.9500	0.0005	75.3500	
0.1303	47.3500	0.0005	75.4500	
0.1301	46.3500	0.0005	75.3750	
0.1302	49.4250	0.0005	75.4250	
0.1302	46.9000	0.0005	75.4250	
0.1301	46.5000	0.0005	75.4250	
0.1303	46.5000	0.0005	75.4750	
0.1301	49.2500	0.0005	75.4000	
0.1303	48.0000	0.0005	75.4000	
0.1302	47.3750	0.0005	75.3500	
0.1301	47.8250	0.0005	75.4750	
0.1301	46.2000	0.0005	75.4000	
0.1300	46.6000	0.0005	75.3750	
0.1302	50.0250	0.0005	75.4500	
0.1300	46.4000	0.0005	75.4500	
0.1300	46.7000	0.0005	75.3250	
0.1300	47.1000	0.0005	75.3750	
0.1300	46.3250	0.0005	75.4250	
0.1300	46.6250	0.0005	75.4750	
0.1300	46.9750	0.0005	75.4500	
0.1300	47.1750	0.0005	75.4000	
0.1300	46.6000	0.0005	75.4500	
0.1300	46.5500	0.0005	75.3500	
0.1300	46.4000	0.0005	75.4500	
0.1301	49.4000	0.0005	75.4000	
0.1302	47.3250	0.0005	75.3750	
0.1299	46.9000	0.0005	75.4500	
0.1300	48.8250	0.0005	75.4000	
0.1301	46.9250	0.0005	75.4500	
0.1300	47.7250	0.0005	75.3500	
0.1299	48.2250	0.0005	75.4250	
0.1299	46.3500	0.0005	75.4500	
0.1300	48.7750	0.0005	75.4750	
0.1299	46.9750	0.0005	75.4250	
0.1300	45.8500	0.0005	75.3500	
0.1300	51.0000	0.0005	75.4250	
0.1299	48.9500	0.0005	75.4500	
0.1299	46.1500	0.0005	75.4500	
0.1299	48.5750	0.0005	75.4750	
0.1299	47.4000	0.0005	75.4500	
0.1299	48.0250	0.0005	75.4500	
0.1299	47.0750	0.0005	75.3750	
0.1299	49.5500	0.0005	75.3250	
0.1298	48.8000	0.0005	75.4500	
0.1299	46.0750	0.0005	75.3750	
0.1299	48.6250	0.0005	75.4750	
0.1298	46.8750	0.0005	75.4250	
0.1298	46.8750	0.0005	75.4250	
0.1298	48.3500	0.0005	75.3500	
0.1298	49.3500	0.0005	75.4750	
0.1299	48.9250	0.0005	75.5000	
0.1298	47.1250	0.0005	75.4750	
0.1298	46.6250	0.0005	75.3750	
0.1298	48.5250	0.0005	75.4250	
0.1298	49.9500	0.0005	75.3250	
0.1298	47.2250	0.0005	75.4500	
0.1299	45.9000	0.0005	75.4500	
0.1298	49.0000	0.0005	75.3750	
0.1299	52.4000	0.0005	75.4250	
0.1301	47.0750	0.0005	75.3750	
0.1297	47.5250	0.0005	75.3500	
0.1299	52.3250	0.0005	75.4250	
0.1297	47.4000	0.0005	75.4750	
0.1298	46.8500	0.0005	75.4750	
0.1300	46.5500	0.0005	75.4500	
0.1297	49.7250	0.0005	75.5000	
0.1299	51.1000	0.0005	75.4250	
0.1297	46.5750	0.0005	75.3500	
0.1298	47.5000	0.0005	75.4750	
0.1297	49.6500	0.0005	75.4250	
0.1297	50.3750	0.0005	75.3750	
0.1298	46.8250	0.0005	75.4000	
0.1297	48.3750	0.0005	75.4250	
0.1297	49.1250	0.0005	75.5000	
0.1297	47.2000	0.0005	75.4250	
0.1297	49.5000	0.0005	75.3500	
0.1297	50.7500	0.0005	75.4500	
0.1297	47.0500	0.0005	75.4750	
0.1296	47.8750	0.0005	75.4250	
0.1297	50.6500	0.0005	75.4750	
0.1297	47.2500	0.0005	75.4750	
0.1297	47.2250	0.0005	75.4000	
0.1296	48.1000	0.0005	75.4750	
0.1297	50.9750	0.0005	75.4500	
0.1297	47.9000	0.0005	75.4500	
0.1296	48.9250	0.0005	75.4500	
0.1297	47.1500	0.0005	75.4000	
0.1297	49.1750	0.0005	75.4250	
0.1296	50.8250	0.0005	75.4250	
0.1299	46.9000	0.0005	75.4250	
0.1297	50.5750	0.0005	75.4000	
0.1296	52.0000	0.0005	75.3500	
0.1299	46.2000	0.0005	75.4000	
0.1299	50.9750	0.0005	75.3250	
0.1296	51.4750	0.0005	75.4750	
0.1296	46.6000	0.0005	75.4250	
0.1296	49.7750	0.0005	75.4500	
0.1296	50.5500	0.0005	75.3000	
0.1296	48.6750	0.0005	75.4000	
0.1296	49.6250	0.0005	75.5250	
0.1295	50.1750	0.0005	75.4500	
0.1297	46.8750	0.0005	75.3750	
0.1297	51.5750	0.0005	75.4250	
0.1296	49.9750	0.0005	75.4250	
0.1296	47.2500	0.0005	75.4500	
0.1295	49.3000	0.0005	75.4500	
0.1296	51.8250	0.0005	75.5000	
0.1295	49.7000	0.0005	75.4000	
0.1297	48.0750	0.0005	75.4500	
0.1295	47.2250	0.0005	75.4500	
0.1295	49.5250	0.0005	75.4750	
0.1295	50.5250	0.0005	75.4250	
0.1296	50.6750	0.0005	75.4750	
0.1295	49.8500	0.0005	75.5000	
0.1296	46.7000	0.0005	75.4250	
0.1295	50.8750	0.0005	75.4500	
0.1295	50.8750	0.0005	75.5250	
0.1295	47.2000	0.0005	75.4250	
0.1295	50.4000	0.0005	75.4250	
0.1295	50.4750	0.0005	75.5000	
0.1295	48.8000	0.0005	75.4750	
0.1297	47.4500	0.0005	75.5000	
0.1295	51.8500	0.0005	75.4000	
0.1295	50.2250	0.0004	75.4500	
0.1295	46.4750	0.0005	75.5000	
0.1294	49.9750	0.0005	75.5000	
0.1295	51.6500	0.0004	75.4000	
0.1295	46.9500	0.0004	75.4250	
0.1295	49.3000	0.0004	75.5250	
0.1294	49.9750	0.0004	75.4500	
0.1294	50.4250	0.0004	75.3250	
0.1295	48.7500	0.0004	75.4000	
0.1294	50.6750	0.0004	75.4500	
0.1294	51.5250	0.0004	75.4750	
0.1294	47.8000	0.0004	75.4750	
0.1295	49.8000	0.0004	75.5000	
0.1294	50.6250	0.0004	75.4500	
0.1294	48.8750	0.0004	75.5500	
0.1294	50.3000	0.0004	75.4750	
0.1294	51.1250	0.0004	75.3500	
0.1294	48.5250	0.0004	75.4500	
0.1294	46.7500	0.0004	75.4750	
0.1293	51.1250	0.0004	75.4750	
0.1294	50.8500	0.0004	75.4250	
0.1294	49.8250	0.0004	75.3500	
0.1293	49.4500	0.0004	75.3500	
0.1294	50.7250	0.0004	75.4000	
0.1293	50.3000	0.0004	75.4250	
0.1294	48.3000	0.0004	75.5250	
0.1294	50.0000	0.0004	75.4500	
0.1294	51.9250	0.0004	75.4750	
0.1293	48.0750	0.0004	75.4500	
0.1293	48.6250	0.0004	75.4750	
0.1293	51.2000	0.0004	75.5000	
0.1293	51.0500	0.0004	75.4500	
0.1293	49.3750	0.0004	75.5000	
0.1293	49.5500	0.0004	75.4250	
0.1293	51.3750	0.0004	75.4500	
0.1293	51.5000	0.0004	75.4750	
0.1293	46.8250	0.0004	75.4500	
0.1293	49.3000	0.0004	75.4500	
0.1293	51.5750	0.0004	75.4750	
0.1293	50.4500	0.0004	75.4750	
0.1294	47.2000	0.0004	75.4750	
0.1293	51.7750	0.0004	75.4750	
0.1294	50.0000	0.0004	75.4500	
0.1293	50.4000	0.0004	75.4250	
0.1293	50.7500	0.0004	75.4250	
0.1294	48.4500	0.0004	75.4000	
0.1293	49.3250	0.0004	75.5000	
0.1293	51.8500	0.0004	75.4750	
0.1292	51.5500	0.0004	75.3750	
0.1293	48.0250	0.0004	75.4500	
0.1293	50.5500	0.0004	75.4250	
0.1293	50.7500	0.0004	75.5000	
0.1292	49.5000	0.0004	75.4500	
0.1292	51.2250	0.0004	75.5000	
0.1292	49.8750	0.0004	75.4750	
0.1293	47.7000	0.0004	75.5000	
0.1292	50.7250	0.0004	75.4250	
0.1293	51.7750	0.0004	75.4500	
0.1292	50.4500	0.0004	75.4500	
0.1292	49.1250	0.0004	75.4500	
0.1292	49.3750	0.0004	75.5000	
0.1292	51.8000	0.0004	75.4250	
0.1292	52.1750	0.0004	75.5000	
0.1292	48.3000	0.0004	75.5000	
0.1292	47.4000	0.0004	75.3750	
0.1292	52.9000	0.0004	75.5250	
0.1291	51.4750	0.0004	75.5000	
0.1292	48.2500	0.0004	75.3750	
0.1292	51.3250	0.0004	75.4250	
0.1291	50.3500	0.0004	75.4750	
0.1291	49.2000	0.0004	75.4000	
0.1292	49.6250	0.0004	75.4000	
0.1292	51.8500	0.0004	75.4250	
0.1292	52.0250	0.0004	75.5250	
0.1292	48.3750	0.0004	75.4500	
0.1292	48.9000	0.0004	75.5000	
0.1292	52.9750	0.0004	75.5500	
0.1291	50.7250	0.0004	75.4750	
0.1293	45.9500	0.0004	75.4500	
0.1292	52.3250	0.0004	75.4750	
0.1291	52.8250	0.0004	75.4500	
0.1292	47.6500	0.0004	75.5000	
0.1292	51.1000	0.0004	75.4500	
0.1291	51.9750	0.0004	75.5000	
0.1291	49.8750	0.0004	75.4750	
0.1291	48.5250	0.0004	75.4250	
0.1292	48.8500	0.0004	75.4750	
0.1291	52.6000	0.0004	75.4250	
0.1291	52.9250	0.0004	75.4250	
0.1291	50.1750	0.0004	75.4250	
0.1291	48.9250	0.0004	75.5250	
0.1291	49.6500	0.0004	75.4250	
0.1291	51.3250	0.0004	75.4500	
0.1291	50.9250	0.0004	75.4500	
0.1291	49.5250	0.0004	75.4500	
0.1291	52.7500	0.0004	75.4750	
0.1290	50.3500	0.0004	75.4500	
0.1292	45.9250	0.0004	75.4750	
0.1290	50.4750	0.0004	75.4500	
0.1291	52.8750	0.0004	75.5000	
0.1291	51.5750	0.0004	75.4750	
0.1291	49.8750	0.0004	75.4500	
0.1291	50.3500	0.0004	75.4250	
0.1291	48.9500	0.0004	75.4500	
0.1290	49.5750	0.0004	75.4750	
0.1291	51.5750	0.0004	75.4250	
0.1290	50.9250	0.0004	75.4750	
0.1290	50.6500	0.0004	75.4500	
0.1290	50.4750	0.0004	75.4500	
0.1290	51.3000	0.0004	75.4750	
0.1290	51.0000	0.0004	75.4000	
0.1290	49.0500	0.0004	75.4500	
0.1291	51.5250	0.0004	75.4750	
0.1290	51.6500	0.0004	75.4750	
0.1290	49.5500	0.0004	75.4750	
0.1290	49.5500	0.0004	75.5000	
0.1291	52.5250	0.0004	75.4750	
0.1291	49.1750	0.0004	75.4000	
0.1290	50.4250	0.0004	75.4500	
0.1290	52.6250	0.0004	75.4750	
0.1290	48.9500	0.0004	75.5000	
0.1290	48.6000	0.0004	75.5000	
0.1291	52.7000	0.0004	75.4500	
0.1290	51.2250	0.0004	75.4000	
0.1290	50.5750	0.0004	75.4000	
0.1290	50.8000	0.0004	75.4500	
0.1290	50.9000	0.0004	75.4750	
0.1290	50.1000	0.0004	75.4500	
0.1290	51.8750	0.0004	75.4750	
0.1290	49.7500	0.0004	75.4500	
0.1290	51.3250	0.0004	75.5000	
0.1290	52.3750	0.0004	75.4500	
0.1289	49.1000	0.0004	75.4250	
0.1289	50.3000	0.0004	75.4750	
0.1289	51.2500	0.0004	75.4500	
0.1290	52.3750	0.0004	75.4750	
0.1289	50.7500	0.0004	75.3750	
0.1290	47.8750	0.0004	75.4250	
0.1289	51.5250	0.0004	75.4000	
0.1290	53.8000	0.0004	75.4250	
0.1291	48.4250	0.0004	75.4750	
