Loss_Adversary	Accuracy_Adversary	Loss_Target	Accuracy_Target	
-0.1372	0.6491	0.8134	50.0000	50.0000	
-0.1281	0.6136	0.7735	50.0000	50.0000	
-0.1201	0.5812	0.7362	50.0000	50.0000	
-0.1137	0.5529	0.7020	50.0000	50.0000	
-0.1105	0.5310	0.6704	50.0000	50.0000	
-0.1098	0.5140	0.6407	50.0000	50.0000	
-0.1090	0.4977	0.6128	50.0000	50.0000	
-0.1078	0.4817	0.5865	50.0000	50.0000	
-0.1063	0.4661	0.5621	50.0000	50.0000	
-0.1046	0.4512	0.5390	50.0000	50.0000	
-0.1027	0.4366	0.5173	50.0000	50.0000	
-0.1006	0.4225	0.4972	50.0000	50.0000	
-0.0976	0.4088	0.4803	50.0000	50.0000	
-0.0941	0.3956	0.4656	50.0000	50.0000	
-0.0897	0.3829	0.4546	50.0000	50.0000	
-0.0852	0.3707	0.4450	50.0000	50.0000	
-0.0810	0.3592	0.4355	50.0000	50.0000	
-0.0771	0.3481	0.4262	50.0000	50.0000	
-0.0736	0.3377	0.4169	50.0000	50.0000	
-0.0705	0.3279	0.4075	50.0000	50.0000	
-0.0677	0.3187	0.3983	50.0000	50.0000	
-0.0653	0.3101	0.3892	50.0000	50.0000	
-0.0634	0.3022	0.3801	50.0000	50.0000	
-0.0620	0.2951	0.3709	50.0000	50.0000	
-0.0611	0.2887	0.3617	50.0000	50.0000	
-0.0607	0.2831	0.3524	50.0000	50.0000	
-0.0601	0.2773	0.3434	50.0000	50.0000	
-0.0599	0.2720	0.3341	50.0000	50.0000	
-0.0599	0.2676	0.3259	50.0000	50.0000	
-0.0600	0.2637	0.3184	50.0000	50.0000	
-0.0606	0.2610	0.3115	50.0000	50.0000	
-0.0614	0.2591	0.3056	50.0000	50.0000	
-0.0626	0.2579	0.3002	50.0000	50.0000	
-0.0639	0.2574	0.2956	50.0000	50.0000	
-0.0651	0.2573	0.2917	50.0000	50.0000	
-0.0664	0.2573	0.2882	50.0000	50.0000	
-0.0675	0.2573	0.2849	51.0500	50.0000	
-0.0686	0.2571	0.2814	72.1000	50.0000	
-0.0697	0.2569	0.2779	74.4000	50.0000	
-0.0708	0.2564	0.2738	74.9500	50.0000	
-0.0720	0.2556	0.2691	75.1000	50.0000	
-0.0731	0.2545	0.2636	75.0000	50.0000	
-0.0743	0.2529	0.2574	74.4250	50.0000	
-0.0754	0.2508	0.2503	74.7000	50.0000	
-0.0764	0.2482	0.2426	74.3750	50.0000	
-0.0774	0.2452	0.2343	74.4500	50.0000	
-0.0783	0.2420	0.2256	74.6250	75.2000	
-0.0791	0.2383	0.2166	74.5000	92.1750	
-0.0797	0.2344	0.2077	74.5500	95.0500	
-0.0803	0.2303	0.1984	72.9750	95.5000	
-0.0809	0.2261	0.1888	57.4500	95.3250	
-0.0809	0.2219	0.1810	55.4750	94.7000	
-0.0805	0.2179	0.1748	54.2500	94.1000	
-0.0799	0.2144	0.1700	54.5000	92.8000	
-0.0794	0.2122	0.1671	55.3750	91.8750	
-0.0792	0.2116	0.1667	60.5500	91.3250	
-0.0792	0.2120	0.1674	64.3500	91.6500	
-0.0791	0.2126	0.1690	67.6000	92.1750	
-0.0787	0.2128	0.1705	68.4500	92.6750	
-0.0782	0.2125	0.1711	65.6500	93.2500	
-0.0778	0.2116	0.1706	57.8500	93.4750	
-0.0774	0.2104	0.1695	50.0000	93.5000	
-0.0770	0.2095	0.1690	50.0000	93.9000	
-0.0767	0.2088	0.1685	50.0000	94.2500	
-0.0764	0.2085	0.1689	50.0000	94.6750	
-0.0762	0.2084	0.1694	50.0250	95.1000	
-0.0760	0.2085	0.1702	50.0750	95.4750	
-0.0759	0.2087	0.1709	55.3250	95.9750	
-0.0758	0.2091	0.1717	62.2250	96.4750	
-0.0758	0.2093	0.1721	68.5500	96.7250	
-0.0759	0.2099	0.1729	70.8750	96.9500	
-0.0760	0.2103	0.1735	72.7750	97.1500	
-0.0762	0.2107	0.1737	73.9500	97.4750	
-0.0763	0.2113	0.1744	74.0000	97.5500	
-0.0765	0.2116	0.1745	74.1500	97.7250	
-0.0766	0.2126	0.1759	74.1000	97.7250	
-0.0768	0.2130	0.1761	74.4750	98.1000	
-0.0770	0.2139	0.1771	73.9000	97.7750	
-0.0773	0.2143	0.1771	74.4500	98.2000	
-0.0775	0.2149	0.1776	73.7000	97.7250	
-0.0778	0.2151	0.1770	73.2500	98.0000	
-0.0782	0.2159	0.1776	71.1500	98.0500	
-0.0785	0.2171	0.1790	71.0250	97.9000	
-0.0788	0.2181	0.1799	71.5750	98.0250	
-0.0791	0.2190	0.1806	71.3250	97.8250	
-0.0795	0.2199	0.1811	73.0000	97.9000	
-0.0799	0.2206	0.1815	73.1000	97.7750	
-0.0803	0.2209	0.1808	71.8250	97.9750	
-0.0807	0.2220	0.1819	69.4000	97.0750	
-0.0812	0.2226	0.1815	69.5750	97.5000	
-0.0816	0.2240	0.1827	68.5000	96.9000	
-0.0822	0.2251	0.1833	69.5750	96.7250	
-0.0828	0.2259	0.1831	70.8250	96.8250	
-0.0834	0.2267	0.1828	70.1000	96.5750	
-0.0841	0.2276	0.1824	70.2500	96.2250	
-0.0849	0.2290	0.1827	70.0750	95.5500	
-0.0858	0.2312	0.1843	71.5250	94.7250	
-0.0868	0.2339	0.1864	72.2250	94.2000	
-0.0880	0.2375	0.1897	70.5000	92.4750	
-0.0892	0.2406	0.1920	63.6000	91.9250	
-0.0905	0.2446	0.1955	56.2750	89.8000	
-0.0920	0.2480	0.1979	50.9000	88.8000	
-0.0936	0.2513	0.1993	49.5750	87.4500	
-0.0956	0.2552	0.2009	49.4250	86.0000	
-0.0986	0.2617	0.2043	49.5750	83.6500	
-0.1037	0.2724	0.2095	50.0250	78.3250	
-0.1090	0.2833	0.2147	50.4500	72.5000	
-0.1120	0.2902	0.2189	50.2500	68.1250	
-0.1132	0.2921	0.2191	50.5000	65.6500	
-0.1131	0.2897	0.2150	49.9750	65.2500	
-0.1124	0.2852	0.2085	49.5500	66.4750	
-0.1116	0.2808	0.2026	48.0250	67.1500	
-0.1106	0.2768	0.1982	41.7250	67.1750	
-0.1092	0.2728	0.1945	32.3000	66.7500	
-0.1078	0.2689	0.1914	31.1250	66.0250	
-0.1064	0.2649	0.1881	40.0250	65.2250	
-0.1054	0.2615	0.1845	46.4250	64.8500	
-0.1049	0.2584	0.1802	48.2750	65.0000	
-0.1049	0.2559	0.1756	49.0750	65.7500	
-0.1052	0.2540	0.1712	50.4000	67.0250	
-0.1056	0.2526	0.1673	51.9000	68.2750	
-0.1063	0.2517	0.1637	52.6250	69.6000	
-0.1072	0.2509	0.1597	54.5250	71.6750	
-0.1100	0.2492	0.1484	57.7000	76.6500	
-0.1147	0.2450	0.1271	60.9250	83.0750	
-0.1156	0.2382	0.1120	66.6250	85.1250	
-0.1158	0.2332	0.1022	74.1250	85.3000	
-0.1160	0.2307	0.0970	75.1250	83.4250	
-0.1156	0.2286	0.0942	74.4500	81.6750	
-0.1151	0.2260	0.0908	74.8250	80.0250	
-0.1148	0.2237	0.0875	75.0000	78.5750	
-0.1146	0.2222	0.0852	75.0000	77.6750	
-0.1149	0.2219	0.0837	74.6500	76.8000	
-0.1156	0.2221	0.0823	74.3000	75.7000	
-0.1164	0.2231	0.0819	74.3500	73.8750	
-0.1172	0.2231	0.0794	74.3500	72.8250	
-0.1180	0.2234	0.0778	74.3750	71.6000	
-0.1184	0.2219	0.0738	74.6000	71.8250	
-0.1187	0.2217	0.0725	74.5000	71.1250	
-0.1187	0.2207	0.0706	74.4750	71.9250	
-0.1187	0.2196	0.0687	74.5750	71.7750	
-0.1186	0.2179	0.0660	74.2250	72.0250	
-0.1184	0.2178	0.0663	74.1750	72.3750	
-0.1180	0.2178	0.0671	74.3500	72.5500	
-0.1178	0.2163	0.0651	74.4000	72.2750	
-0.1175	0.2150	0.0635	74.1750	72.8250	
-0.1172	0.2149	0.0644	74.0500	73.3500	
-0.1168	0.2144	0.0644	74.0250	73.1250	
-0.1164	0.2131	0.0631	74.0250	73.2000	
-0.1160	0.2109	0.0604	73.9000	74.2750	
-0.1156	0.2117	0.0628	73.6000	74.0250	
-0.1153	0.2117	0.0637	73.5000	74.2500	
-0.1148	0.2092	0.0605	74.4250	74.5000	
-0.1145	0.2087	0.0605	74.0500	74.9750	
-0.1140	0.2094	0.0631	73.8750	75.3000	
-0.1137	0.2079	0.0612	74.4500	74.4250	
-0.1134	0.2083	0.0629	73.3500	74.5750	
-0.1129	0.2074	0.0628	73.6500	75.4250	
-0.1126	0.2068	0.0623	73.2750	74.8750	
-0.1124	0.2102	0.0694	72.9000	74.7000	
-0.1120	0.2081	0.0663	74.0250	74.8500	
-0.1118	0.2075	0.0660	72.7250	74.9500	
-0.1116	0.2103	0.0717	72.1500	75.3250	
-0.1114	0.2092	0.0702	73.5500	75.2750	
-0.1112	0.2090	0.0704	71.7750	74.9750	
-0.1108	0.2148	0.0823	69.9250	75.2000	
-0.1109	0.2125	0.0779	72.6250	75.0000	
-0.1107	0.2139	0.0810	69.4250	73.2250	
-0.1106	0.2210	0.0943	66.8250	74.9250	
-0.1111	0.2219	0.0945	68.0500	74.7750	
-0.1103	0.2173	0.0885	68.5250	72.5500	
-0.1126	0.2376	0.1196	60.1500	73.3000	
-0.1391	0.3259	0.2079	46.8250	73.1000	
-0.1627	0.3664	0.2157	31.6500	67.9250	
-0.1568	0.3515	0.2047	25.3500	62.4000	
-0.1422	0.3431	0.2310	25.2500	60.4250	
-0.1228	0.3109	0.2266	25.1000	63.0250	
-0.1147	0.2880	0.2072	27.2500	65.1500	
-0.1172	0.2838	0.1923	42.4000	70.1500	
-0.1199	0.2815	0.1803	44.7500	77.3750	
-0.1239	0.2803	0.1665	33.6250	84.2000	
-0.1286	0.2826	0.1575	28.4500	90.1250	
-0.1295	0.2831	0.1557	27.7500	92.2250	
-0.1289	0.2797	0.1511	29.7000	93.5000	
-0.1283	0.2743	0.1428	35.4000	94.2750	
-0.1278	0.2686	0.1337	41.1750	94.2750	
-0.1272	0.2632	0.1252	43.6750	93.8500	
-0.1267	0.2582	0.1175	45.2750	93.3000	
-0.1262	0.2535	0.1103	46.8750	92.6750	
-0.1258	0.2492	0.1035	47.9250	92.4250	
-0.1253	0.2451	0.0971	48.7000	92.1250	
-0.1248	0.2413	0.0916	50.2500	91.7000	
-0.1242	0.2377	0.0866	54.0500	91.3000	
-0.1235	0.2341	0.0817	57.3000	91.2500	
-0.1229	0.2309	0.0777	59.1500	91.0500	
-0.1221	0.2282	0.0748	60.2750	90.7750	
-0.1214	0.2256	0.0721	62.3250	90.6250	
-0.1206	0.2230	0.0696	64.3750	90.5000	
-0.1199	0.2206	0.0672	65.3750	90.3000	
-0.1192	0.2185	0.0654	65.0500	90.0500	
-0.1185	0.2174	0.0651	65.1000	89.8250	
-0.1179	0.2167	0.0656	67.3250	89.5750	
-0.1173	0.2155	0.0650	68.1500	89.4250	
-0.1168	0.2143	0.0643	68.9000	89.3000	
-0.1165	0.2140	0.0647	68.1750	89.1250	
-0.1162	0.2141	0.0658	68.2250	88.7500	
-0.1161	0.2150	0.0677	68.7750	88.5750	
-0.1161	0.2154	0.0683	69.3000	88.4500	
-0.1163	0.2159	0.0687	68.4750	88.6250	
-0.1166	0.2174	0.0707	65.4000	88.2000	
-0.1168	0.2195	0.0738	64.3250	87.8750	
-0.1170	0.2214	0.0769	64.6750	87.9000	
-0.1171	0.2225	0.0788	63.0250	88.0250	
-0.1168	0.2228	0.0800	60.9000	88.3500	
-0.1163	0.2231	0.0821	59.6250	88.3000	
-0.1159	0.2234	0.0837	60.9750	88.3750	
-0.1154	0.2218	0.0822	60.6000	88.8750	
-0.1153	0.2198	0.0788	60.7250	89.2000	
-0.1157	0.2177	0.0737	64.0000	89.4750	
-0.1164	0.2152	0.0672	67.5500	89.3000	
-0.1174	0.2134	0.0610	70.6000	88.6500	
-0.1190	0.2138	0.0570	72.2000	87.3500	
-0.1208	0.2164	0.0569	73.1500	85.7250	
-0.1223	0.2217	0.0622	72.4250	83.9750	
-0.1240	0.2270	0.0673	73.0750	83.8000	
-0.1247	0.2299	0.0707	73.5250	84.5750	
-0.1252	0.2313	0.0719	72.8500	86.6750	
-0.1257	0.2338	0.0750	69.7000	87.7750	
-0.1254	0.2358	0.0798	63.5500	87.8500	
-0.1241	0.2360	0.0836	56.9000	88.0750	
-0.1224	0.2345	0.0857	53.1000	88.4250	
-0.1214	0.2339	0.0874	52.0500	87.9750	
-0.1211	0.2338	0.0882	52.0500	88.0500	
-0.1212	0.2341	0.0885	51.7750	87.9500	
-0.1212	0.2340	0.0881	51.9750	88.2750	
-0.1214	0.2336	0.0869	52.8000	88.3500	
-0.1214	0.2327	0.0851	53.6250	88.4250	
-0.1215	0.2319	0.0837	53.5250	88.3250	
-0.1211	0.2305	0.0821	53.4750	88.0000	
-0.1211	0.2299	0.0808	53.6750	87.8000	
-0.1209	0.2291	0.0799	53.6250	87.6250	
-0.1207	0.2283	0.0792	53.5000	87.3750	
-0.1204	0.2273	0.0781	53.9000	86.9750	
-0.1198	0.2265	0.0782	54.1000	86.4250	
-0.1192	0.2261	0.0793	54.8250	86.3500	
-0.1185	0.2265	0.0820	54.9250	86.4000	
-0.1179	0.2280	0.0867	54.7000	86.2000	
-0.1170	0.2307	0.0941	53.6250	86.3750	
-0.1169	0.2337	0.1001	51.5000	86.7750	
-0.1176	0.2393	0.1083	50.3250	87.4750	
-0.1190	0.2486	0.1217	46.5250	87.2000	
-0.1208	0.2576	0.1331	42.4000	86.1000	
-0.1184	0.2599	0.1444	36.9750	84.1250	
-0.1138	0.2534	0.1456	39.9500	82.7500	
-0.1159	0.2542	0.1409	49.3000	83.2250	
-0.1183	0.2626	0.1497	50.1500	81.2500	
-0.1153	0.2570	0.1477	50.6500	83.5500	
-0.1125	0.2468	0.1367	53.1500	86.9250	
-0.1107	0.2420	0.1331	53.1500	87.8500	
-0.1090	0.2390	0.1324	51.8250	86.9000	
-0.1081	0.2346	0.1270	51.0250	87.9500	
-0.1073	0.2310	0.1224	50.7500	88.6250	
-0.1067	0.2286	0.1196	50.4750	89.1750	
-0.1063	0.2265	0.1169	49.9000	89.4750	
-0.1060	0.2240	0.1130	49.9000	89.9500	
-0.1060	0.2226	0.1104	50.1000	89.7500	
-0.1061	0.2219	0.1089	50.0750	89.6000	
-0.1063	0.2211	0.1067	50.2500	89.3500	
-0.1066	0.2206	0.1052	50.1250	89.2000	
-0.1070	0.2200	0.1029	50.2000	88.8750	
-0.1078	0.2198	0.1002	50.2000	88.6750	
-0.1087	0.2193	0.0967	50.6500	88.6500	
-0.1098	0.2196	0.0941	51.4750	88.0750	
-0.1109	0.2197	0.0911	52.0750	87.7000	
-0.1119	0.2195	0.0880	53.0750	86.9750	
-0.1130	0.2195	0.0848	53.8500	86.6750	
-0.1139	0.2193	0.0817	54.6750	86.1750	
-0.1146	0.2186	0.0785	55.5000	86.0250	
-0.1152	0.2178	0.0755	56.6250	85.1750	
-0.1155	0.2167	0.0725	57.6750	84.6000	
-0.1155	0.2157	0.0706	58.8000	84.1250	
-0.1154	0.2146	0.0690	59.8750	83.4000	
-0.1151	0.2133	0.0674	61.8500	83.4250	
-0.1150	0.2125	0.0659	62.2250	83.0500	
-0.1151	0.2118	0.0645	62.5750	83.1500	
-0.1150	0.2115	0.0643	63.5000	82.9500	
-0.1149	0.2112	0.0639	64.5500	83.0250	
-0.1150	0.2110	0.0631	65.4250	83.0250	
-0.1152	0.2112	0.0630	65.9250	83.4000	
-0.1155	0.2117	0.0631	66.7500	83.5000	
-0.1160	0.2127	0.0637	66.8000	83.4000	
-0.1167	0.2141	0.0642	67.9250	83.4500	
-0.1173	0.2149	0.0639	69.7000	83.7000	
-0.1182	0.2168	0.0650	70.0000	83.7250	
-0.1187	0.2193	0.0680	69.9500	84.0500	
-0.1190	0.2203	0.0691	71.0000	84.0250	
-0.1193	0.2207	0.0690	71.5750	84.1750	
-0.1195	0.2210	0.0690	71.8750	84.4500	
-0.1196	0.2207	0.0681	72.2750	84.6000	
-0.1198	0.2204	0.0671	72.3750	84.3750	
-0.1198	0.2195	0.0654	72.6000	84.4000	
-0.1198	0.2187	0.0638	72.9750	84.1750	
-0.1198	0.2183	0.0631	73.2750	83.9500	
-0.1199	0.2180	0.0625	73.5000	83.9250	
-0.1197	0.2175	0.0618	73.4500	83.5000	
-0.1199	0.2171	0.0607	73.8250	83.3750	
-0.1197	0.2171	0.0612	73.8000	83.4000	
-0.1198	0.2169	0.0606	73.7250	83.2750	
-0.1197	0.2161	0.0593	73.9500	83.2250	
-0.1197	0.2159	0.0591	73.8250	83.0500	
-0.1197	0.2162	0.0596	74.1250	82.9750	
-0.1196	0.2162	0.0596	74.0000	82.9000	
-0.1197	0.2158	0.0590	74.2750	83.0000	
-0.1195	0.2154	0.0587	74.5750	82.9250	
-0.1193	0.2160	0.0603	74.0500	82.6250	
-0.1192	0.2160	0.0605	74.0750	82.6250	
-0.1195	0.2160	0.0598	74.4250	82.6500	
-0.1195	0.2158	0.0594	74.6250	82.4500	
-0.1195	0.2157	0.0591	74.2750	82.4750	
-0.1195	0.2162	0.0602	74.2250	82.4750	
-0.1194	0.2164	0.0607	74.2250	82.3500	
-0.1194	0.2162	0.0604	74.0750	82.2250	
-0.1193	0.2163	0.0607	73.8500	82.3250	
-0.1194	0.2161	0.0602	74.0750	82.4250	
-0.1193	0.2161	0.0604	74.1250	82.3000	
-0.1192	0.2164	0.0613	74.1750	82.1000	
-0.1192	0.2165	0.0615	73.7500	82.2750	
-0.1191	0.2169	0.0624	73.8500	82.3250	
-0.1190	0.2167	0.0624	73.1750	82.1750	
-0.1191	0.2165	0.0618	73.3500	82.2000	
-0.1190	0.2164	0.0619	73.9500	82.1750	
-0.1189	0.2164	0.0621	73.7000	82.3000	
-0.1190	0.2169	0.0628	73.6500	82.5500	
-0.1191	0.2173	0.0632	73.5000	82.4250	
-0.1191	0.2168	0.0622	73.1500	82.5500	
-0.1191	0.2165	0.0618	73.4000	82.7750	
-0.1191	0.2170	0.0628	73.8250	82.5250	
-0.1191	0.2176	0.0640	73.1000	82.5750	
-0.1187	0.2176	0.0650	72.2250	82.9000	
-0.1185	0.2174	0.0651	73.0000	82.6250	
-0.1191	0.2175	0.0637	73.0500	82.7750	
-0.1192	0.2176	0.0635	73.4250	82.9000	
-0.1192	0.2181	0.0644	72.3000	83.1500	
-0.1193	0.2179	0.0638	72.4750	83.1750	
-0.1192	0.2177	0.0636	73.0750	83.3500	
-0.1193	0.2183	0.0646	72.1500	83.4750	
-0.1193	0.2184	0.0648	72.2000	83.4750	
-0.1194	0.2184	0.0645	73.2000	83.5000	
-0.1193	0.2186	0.0650	72.8750	83.7000	
-0.1193	0.2188	0.0653	71.7500	83.9000	
-0.1191	0.2184	0.0653	72.3750	84.1250	
-0.1192	0.2191	0.0663	72.6000	83.8250	
-0.1192	0.2193	0.0666	72.6250	84.1500	
-0.1191	0.2192	0.0668	72.6000	84.0500	
-0.1191	0.2190	0.0662	72.5750	84.3500	
-0.1192	0.2190	0.0662	72.7000	84.6250	
-0.1194	0.2200	0.0675	72.3000	84.4750	
-0.1194	0.2200	0.0676	69.9000	84.3250	
-0.1193	0.2192	0.0663	71.6250	84.8250	
-0.1194	0.2185	0.0648	73.0750	85.0750	
-0.1193	0.2192	0.0660	73.0500	84.7750	
-0.1193	0.2197	0.0672	72.3750	84.7250	
-0.1194	0.2195	0.0665	71.3500	85.0750	
-0.1193	0.2187	0.0654	72.4500	85.1750	
-0.1193	0.2188	0.0655	73.3250	85.0500	
-0.1194	0.2198	0.0671	72.9250	85.0000	
-0.1192	0.2194	0.0670	71.1500	84.7250	
-0.1190	0.2184	0.0656	72.1500	84.8000	
-0.1192	0.2187	0.0657	73.0250	84.9000	
-0.1192	0.2190	0.0662	72.3750	84.8000	
-0.1190	0.2187	0.0660	71.7750	84.5750	
-0.1188	0.2185	0.0664	72.1750	84.7250	
-0.1187	0.2187	0.0671	71.5500	84.6500	
-0.1189	0.2184	0.0658	72.5250	84.7750	
-0.1191	0.2179	0.0646	72.6500	84.9000	
-0.1192	0.2179	0.0640	72.1250	84.7750	
-0.1191	0.2176	0.0639	72.1750	84.9250	
-0.1193	0.2183	0.0646	72.4750	84.8250	
-0.1192	0.2178	0.0640	72.2000	84.8000	
-0.1191	0.2172	0.0631	71.1750	84.7750	
-0.1192	0.2173	0.0630	71.9000	84.9000	
-0.1191	0.2173	0.0631	72.5250	84.6500	
-0.1190	0.2176	0.0643	72.2750	84.6000	
-0.1186	0.2169	0.0639	71.2750	84.8000	
-0.1188	0.2168	0.0631	72.7000	84.6750	
-0.1191	0.2172	0.0632	72.6750	84.5250	
-0.1190	0.2171	0.0630	71.6750	84.6000	
-0.1191	0.2164	0.0615	72.6250	84.5500	
-0.1193	0.2165	0.0614	72.6250	84.3000	
-0.1192	0.2171	0.0626	71.9250	84.1250	
-0.1192	0.2161	0.0608	71.6250	84.2500	
-0.1191	0.2159	0.0607	72.6000	84.1250	
-0.1191	0.2161	0.0611	72.2000	83.9500	
-0.1192	0.2158	0.0601	72.0000	84.1000	
-0.1192	0.2151	0.0589	72.2250	84.0250	
-0.1192	0.2158	0.0603	72.3750	83.8500	
-0.1191	0.2154	0.0597	71.8000	83.9750	
-0.1192	0.2148	0.0585	72.5500	83.9000	
-0.1189	0.2151	0.0597	72.5000	83.8250	
-0.1191	0.2153	0.0594	72.6250	83.7500	
-0.1192	0.2145	0.0578	72.4750	83.7500	
-0.1191	0.2140	0.0571	72.8500	83.9000	
-0.1192	0.2145	0.0579	72.8250	83.4000	
-0.1192	0.2145	0.0578	72.5250	83.2500	
-0.1192	0.2140	0.0568	72.5500	83.2750	
-0.1192	0.2137	0.0562	72.8500	83.1500	
-0.1189	0.2140	0.0578	72.5750	82.8000	
-0.1189	0.2143	0.0583	72.4500	82.9250	
-0.1191	0.2136	0.0566	73.0000	82.7250	
-0.1192	0.2132	0.0552	72.9000	82.6750	
-0.1192	0.2132	0.0554	72.6750	82.4500	
-0.1195	0.2137	0.0555	72.6000	82.2000	
-0.1193	0.2133	0.0554	72.9750	82.0750	
-0.1193	0.2129	0.0546	72.9750	81.9250	
-0.1194	0.2127	0.0539	72.9250	81.7750	
-0.1190	0.2120	0.0538	72.7750	81.9000	
-0.1189	0.2134	0.0567	72.5500	81.1250	
-0.1194	0.2131	0.0547	72.8250	80.9000	
-0.1194	0.2120	0.0526	73.5250	80.9250	
-0.1195	0.2122	0.0527	72.9500	80.7250	
-0.1197	0.2124	0.0524	73.1250	80.4750	
-0.1194	0.2125	0.0536	73.4750	79.9000	
-0.1197	0.2122	0.0520	72.1500	79.6500	
-0.1198	0.2124	0.0520	73.0500	79.6250	
-0.1198	0.2121	0.0515	73.2500	79.1750	
-0.1198	0.2118	0.0511	73.5000	78.5000	
-0.1199	0.2115	0.0504	73.7250	78.2750	
-0.1197	0.2118	0.0513	73.8500	77.7500	
-0.1197	0.2121	0.0518	73.5750	77.5250	
-0.1199	0.2115	0.0503	74.0750	77.3500	
-0.1196	0.2119	0.0517	73.6500	77.0000	
-0.1199	0.2114	0.0501	73.9500	76.5250	
-0.1198	0.2116	0.0506	73.0750	76.2250	
-0.1200	0.2115	0.0499	73.0750	75.7000	
-0.1203	0.2108	0.0478	72.8500	75.6750	
-0.1203	0.2122	0.0502	72.2500	75.3250	
-0.1207	0.2117	0.0484	72.8500	75.4750	
-0.1204	0.2118	0.0494	71.4500	75.3000	
-0.1207	0.2133	0.0515	71.1500	74.7000	
-0.1205	0.2123	0.0500	71.6500	74.7250	
-0.1208	0.2138	0.0518	70.8000	74.5250	
-0.1207	0.2131	0.0510	70.8750	74.5500	
-0.1207	0.2146	0.0535	69.9500	74.2750	
-0.1205	0.2149	0.0546	70.4000	73.8500	
-0.1200	0.2141	0.0547	68.8250	73.9750	
-0.1204	0.2142	0.0537	70.3750	74.3750	
-0.1203	0.2153	0.0561	69.8000	73.7500	
-0.1209	0.2148	0.0535	67.6750	73.9250	
-0.1212	0.2159	0.0547	69.2750	74.3250	
-0.1205	0.2150	0.0551	68.5250	74.2000	
-0.1202	0.2159	0.0575	68.2250	74.1500	
-0.1207	0.2166	0.0574	68.6250	74.2000	
-0.1213	0.2158	0.0542	67.6750	74.7500	
-0.1208	0.2159	0.0557	68.9250	74.6250	
-0.1212	0.2164	0.0557	69.2750	74.7500	
-0.1207	0.2166	0.0574	66.7750	74.6250	
-0.1211	0.2173	0.0575	66.7500	74.5750	
-0.1212	0.2165	0.0558	67.9000	74.7750	
-0.1211	0.2181	0.0591	66.8000	74.2750	
-0.1211	0.2175	0.0578	66.7500	74.5000	
-0.1216	0.2179	0.0572	67.5000	74.7750	
-0.1216	0.2193	0.0598	64.7500	74.2750	
-0.1213	0.2170	0.0564	67.9500	75.2000	
-0.1214	0.2185	0.0591	67.9250	74.7000	
-0.1214	0.2180	0.0581	66.6500	74.9500	
-0.1218	0.2184	0.0577	64.9750	74.4000	
-0.1219	0.2189	0.0583	66.5750	74.7750	
-0.1218	0.2185	0.0579	66.0250	74.6000	
-0.1216	0.2189	0.0592	66.5250	74.5500	
-0.1220	0.2196	0.0592	64.8750	74.2500	
-0.1222	0.2194	0.0585	65.3250	74.4250	
-0.1222	0.2191	0.0578	66.2000	74.4500	
-0.1223	0.2203	0.0597	63.3750	73.9000	
-0.1223	0.2201	0.0592	65.5000	74.0750	
-0.1227	0.2205	0.0590	64.4250	74.1250	
-0.1224	0.2212	0.0611	65.1000	73.7250	
-0.1222	0.2196	0.0587	64.2750	74.2750	
-0.1223	0.2209	0.0609	63.4750	73.6750	
-0.1225	0.2207	0.0598	63.7750	73.8000	
-0.1226	0.2217	0.0615	64.3000	73.2500	
-0.1226	0.2209	0.0599	63.2000	73.1000	
-0.1228	0.2202	0.0581	64.2750	73.6750	
-0.1229	0.2224	0.0620	61.9250	73.0000	
-0.1229	0.2222	0.0615	63.6500	72.9250	
-0.1229	0.2217	0.0606	63.2500	73.0000	
-0.1229	0.2216	0.0604	62.0500	72.7250	
-0.1231	0.2221	0.0606	62.0500	72.6000	
-0.1233	0.2235	0.0628	62.9500	72.5500	
-0.1233	0.2230	0.0619	62.4000	72.6250	
-0.1232	0.2240	0.0640	59.4250	71.9750	
-0.1230	0.2227	0.0621	62.0250	72.4500	
-0.1232	0.2242	0.0642	61.1750	71.8500	
-0.1235	0.2259	0.0666	58.7500	71.2750	
-0.1238	0.2248	0.0639	60.7250	71.7500	
-0.1240	0.2258	0.0649	59.1000	71.4250	
-0.1241	0.2272	0.0674	58.5000	70.7500	
-0.1238	0.2278	0.0694	58.9000	70.7500	
-0.1232	0.2272	0.0698	59.6250	71.1250	
-0.1245	0.2297	0.0709	56.7250	69.9250	
-0.1249	0.2296	0.0696	59.1000	70.6250	
-0.1257	0.2322	0.0722	57.4250	69.4750	
-0.1266	0.2360	0.0765	56.2000	68.0250	
-0.1271	0.2354	0.0740	57.9250	68.8250	
-0.1285	0.2391	0.0769	56.6250	67.5750	
-0.1300	0.2427	0.0793	56.8500	66.9250	
-0.1317	0.2481	0.0844	57.4250	67.4000	
-0.1327	0.2512	0.0873	57.1750	67.2250	
-0.1330	0.2536	0.0909	56.2250	67.0500	
-0.1318	0.2540	0.0951	57.1000	66.9000	
-0.1303	0.2517	0.0950	57.0750	66.8250	
-0.1290	0.2504	0.0964	56.4750	66.4250	
-0.1276	0.2465	0.0932	57.3250	66.2250	
-0.1269	0.2440	0.0905	57.8500	65.9000	
-0.1261	0.2393	0.0842	59.6250	65.7750	
-0.1254	0.2348	0.0776	61.3500	65.5750	
-0.1249	0.2307	0.0716	63.9000	65.4750	
-0.1245	0.2278	0.0673	65.8750	65.8250	
-0.1244	0.2246	0.0618	63.9000	65.7000	
-0.1243	0.2223	0.0578	58.1250	65.9750	
-0.1237	0.2205	0.0559	57.0250	65.9250	
-0.1231	0.2201	0.0570	61.2000	66.4500	
-0.1231	0.2189	0.0547	62.8500	66.2750	
-0.1233	0.2172	0.0510	64.6500	66.6500	
-0.1230	0.2166	0.0507	61.1000	67.0000	
-0.1226	0.2152	0.0493	63.4750	67.1000	
-0.1223	0.2143	0.0485	68.2250	67.4000	
-0.1221	0.2139	0.0484	63.3000	67.3250	
-0.1220	0.2134	0.0477	58.0500	67.7500	
-0.1218	0.2131	0.0478	61.0750	67.6500	
-0.1215	0.2125	0.0474	60.5250	68.0500	
-0.1214	0.2117	0.0463	66.3000	68.5750	
-0.1212	0.2118	0.0471	62.8750	68.8000	
-0.1213	0.2122	0.0477	61.4000	68.7750	
-0.1213	0.2117	0.0466	60.8750	69.0750	
-0.1211	0.2108	0.0456	60.2500	69.5250	
-0.1210	0.2105	0.0453	59.9000	69.5250	
-0.1208	0.2108	0.0464	59.4500	69.9250	
-0.1206	0.2112	0.0477	58.5500	69.8250	
-0.1206	0.2108	0.0469	59.6000	70.3500	
-0.1199	0.2107	0.0487	59.7000	70.5000	
-0.1198	0.2107	0.0490	57.4250	70.7250	
-0.1198	0.2111	0.0499	57.2750	70.7000	
-0.1200	0.2106	0.0481	57.9500	71.2250	
-0.1202	0.2101	0.0468	56.8250	71.6250	
-0.1201	0.2106	0.0480	55.9500	71.5750	
-0.1201	0.2104	0.0476	55.9750	72.0000	
-0.1199	0.2107	0.0486	57.0250	72.3750	
-0.1197	0.2105	0.0489	55.7000	72.4250	
-0.1195	0.2103	0.0491	54.6250	72.5750	
-0.1196	0.2105	0.0492	55.5250	72.7250	
-0.1195	0.2104	0.0493	57.0250	73.2250	
-0.1192	0.2118	0.0527	55.5500	73.2000	
-0.1196	0.2113	0.0507	55.7250	73.2750	
-0.1193	0.2105	0.0503	56.0250	73.7500	
-0.1190	0.2103	0.0505	55.8750	74.6750	
-0.1193	0.2111	0.0513	56.7500	74.5250	
-0.1197	0.2110	0.0497	54.0750	74.7000	
-0.1196	0.2110	0.0502	54.4750	75.1750	
-0.1196	0.2121	0.0521	55.9750	75.1000	
-0.1195	0.2118	0.0519	55.4250	75.6500	
-0.1197	0.2116	0.0509	53.8000	75.7500	
-0.1200	0.2124	0.0517	55.8000	76.4000	
-0.1199	0.2118	0.0509	54.9000	76.7250	
-0.1200	0.2126	0.0520	54.4250	76.8750	
-0.1196	0.2135	0.0547	55.5250	77.4000	
-0.1196	0.2138	0.0553	55.5000	77.5500	
-0.1199	0.2135	0.0539	54.3250	78.1500	
-0.1201	0.2139	0.0543	55.9000	78.4000	
-0.1201	0.2149	0.0559	55.8250	78.2750	
-0.1203	0.2157	0.0568	54.3750	78.9500	
-0.1204	0.2155	0.0562	55.2000	79.1500	
-0.1205	0.2154	0.0557	56.4500	79.5250	
-0.1205	0.2158	0.0563	55.1000	80.1000	
-0.1207	0.2172	0.0586	55.7500	80.1500	
-0.1206	0.2168	0.0580	55.8250	80.3000	
-0.1208	0.2170	0.0580	54.4750	80.7750	
-0.1208	0.2182	0.0603	56.6500	81.2000	
-0.1203	0.2184	0.0619	55.5250	81.3250	
-0.1205	0.2177	0.0601	56.9500	81.6000	
-0.1210	0.2188	0.0606	56.8250	81.6250	
-0.1206	0.2184	0.0611	55.3250	81.9250	
-0.1208	0.2188	0.0613	54.0750	82.1750	
-0.1207	0.2200	0.0635	58.6000	82.1000	
-0.1208	0.2195	0.0625	56.3750	82.5500	
-0.1209	0.2191	0.0615	55.7500	82.8250	
-0.1209	0.2198	0.0627	56.6250	82.5000	
-0.1207	0.2207	0.0650	55.4500	82.7250	
-0.1206	0.2195	0.0631	57.6000	82.7500	
-0.1209	0.2205	0.0640	56.1000	82.9250	
-0.1209	0.2211	0.0651	55.4250	83.2250	
-0.1209	0.2198	0.0626	58.4750	83.1500	
-0.1208	0.2199	0.0633	56.6500	83.2750	
-0.1208	0.2206	0.0647	55.5750	83.0500	
-0.1208	0.2207	0.0648	56.0750	83.2500	
-0.1211	0.2218	0.0659	60.8500	83.1000	
-0.1212	0.2201	0.0626	54.8000	83.3750	
-0.1206	0.2202	0.0643	56.8000	83.0750	
-0.1209	0.2211	0.0651	60.9000	82.9000	
-0.1210	0.2203	0.0633	56.0250	83.1750	
-0.1211	0.2206	0.0638	58.4000	82.9000	
-0.1209	0.2199	0.0630	59.3750	82.8750	
-0.1210	0.2202	0.0632	55.5250	82.7750	
-0.1208	0.2201	0.0637	58.4750	82.5250	
-0.1206	0.2202	0.0643	61.6500	82.4500	
-0.1208	0.2192	0.0619	59.0750	82.6750	
-0.1206	0.2199	0.0638	59.6750	82.1250	
-0.1209	0.2200	0.0633	60.9250	82.2500	
-0.1207	0.2196	0.0630	59.4250	82.2500	
-0.1208	0.2194	0.0625	58.9750	82.3000	
-0.1206	0.2201	0.0642	62.1500	82.0250	
-0.1205	0.2194	0.0631	60.7750	81.8250	
-0.1208	0.2190	0.0617	60.3000	82.0750	
-0.1209	0.2189	0.0613	61.7000	81.6000	
-0.1209	0.2193	0.0619	61.2250	81.7250	
-0.1209	0.2195	0.0623	60.8500	81.4750	
-0.1206	0.2193	0.0626	62.1750	81.6000	
-0.1204	0.2195	0.0638	62.1750	81.4250	
-0.1206	0.2191	0.0622	62.1250	81.4500	
-0.1207	0.2193	0.0624	61.9750	81.1500	
-0.1209	0.2190	0.0615	62.5750	81.1500	
-0.1208	0.2201	0.0635	61.7000	80.8750	
-0.1207	0.2189	0.0615	62.8750	81.0500	
-0.1211	0.2186	0.0601	63.4750	80.9500	
-0.1210	0.2190	0.0611	61.7500	80.8250	
-0.1210	0.2189	0.0608	63.8500	80.7750	
-0.1209	0.2186	0.0605	62.3000	80.5750	
-0.1210	0.2186	0.0601	61.6750	80.7500	
-0.1210	0.2186	0.0603	62.9250	80.4750	
-0.1211	0.2191	0.0611	62.1000	80.3000	
-0.1210	0.2186	0.0603	64.1000	80.4500	
-0.1211	0.2187	0.0602	64.0750	80.3500	
-0.1210	0.2185	0.0603	63.4000	80.2250	
-0.1208	0.2189	0.0613	63.6500	80.0500	
-0.1211	0.2194	0.0613	64.7500	79.9250	
-0.1211	0.2196	0.0619	61.1750	79.8500	
-0.1210	0.2188	0.0607	62.5000	79.9750	
-0.1212	0.2193	0.0610	65.2500	79.9000	
-0.1209	0.2189	0.0611	63.9250	79.9000	
-0.1209	0.2195	0.0621	61.5250	79.6500	
-0.1209	0.2190	0.0614	64.5500	79.7000	
-0.1212	0.2189	0.0603	64.9750	79.6500	
-0.1209	0.2184	0.0601	64.6750	79.6250	
-0.1211	0.2196	0.0619	63.4500	79.5750	
-0.1208	0.2195	0.0624	62.5250	79.1500	
-0.1208	0.2191	0.0618	64.6000	79.5500	
-0.1210	0.2190	0.0611	64.3250	79.3250	
-0.1213	0.2199	0.0618	62.9250	79.2250	
-0.1214	0.2196	0.0608	66.0250	79.0500	
-0.1214	0.2194	0.0607	65.2250	79.3000	
-0.1214	0.2187	0.0593	62.9000	79.4000	
-0.1215	0.2196	0.0608	65.6750	79.0750	
-0.1214	0.2192	0.0601	66.6000	79.2750	
-0.1207	0.2193	0.0626	62.1000	79.0750	
-0.1209	0.2200	0.0632	63.2000	78.8250	
-0.1214	0.2206	0.0628	64.2000	78.8750	
-0.1215	0.2194	0.0602	65.9000	78.8500	
-0.1217	0.2199	0.0609	66.3750	78.8000	
-0.1214	0.2202	0.0619	63.3250	78.8250	
-0.1214	0.2195	0.0608	64.3750	78.7000	
-0.1215	0.2193	0.0601	65.9500	79.0000	
-0.1215	0.2191	0.0597	65.9000	79.0000	
-0.1215	0.2195	0.0606	63.4750	78.6250	
-0.1215	0.2213	0.0637	66.4250	78.6750	
-0.1211	0.2198	0.0623	65.0500	78.7500	
-0.1210	0.2197	0.0622	63.2000	78.6500	
-0.1207	0.2209	0.0653	63.5000	78.6750	
-0.1215	0.2216	0.0642	66.3250	78.7250	
-0.1215	0.2199	0.0612	64.5000	78.9250	
-0.1217	0.2201	0.0610	64.7500	78.4750	
-0.1213	0.2205	0.0629	66.1750	78.7000	
-0.1213	0.2202	0.0624	64.5750	78.7750	
-0.1217	0.2198	0.0606	65.5500	78.7000	
-0.1216	0.2197	0.0606	66.0250	78.7000	
-0.1215	0.2223	0.0658	63.0500	78.2500	
-0.1212	0.2212	0.0644	65.1000	78.9250	
-0.1215	0.2206	0.0625	67.4000	78.5750	
-0.1218	0.2198	0.0603	66.6500	78.6000	
-0.1219	0.2209	0.0619	64.2500	78.1250	
-0.1218	0.2209	0.0623	66.0500	78.4250	
-0.1217	0.2206	0.0620	66.6000	78.8500	
-0.1219	0.2205	0.0613	66.4500	78.6000	
-0.1217	0.2213	0.0631	66.5250	78.2750	
-0.1214	0.2216	0.0647	65.6250	78.3250	
-0.1214	0.2217	0.0648	65.5500	78.5750	
-0.1219	0.2199	0.0601	67.5000	78.7750	
-0.1219	0.2207	0.0616	66.2000	78.3750	
-0.1220	0.2218	0.0633	66.5000	78.5250	
-0.1222	0.2220	0.0631	66.1250	78.5500	
-0.1220	0.2211	0.0621	66.1250	78.4750	
-0.1221	0.2213	0.0623	67.1750	78.6500	
-0.1219	0.2218	0.0635	66.5250	78.4750	
-0.1220	0.2220	0.0636	66.3500	78.5250	
-0.1216	0.2219	0.0647	67.2500	78.4500	
-0.1216	0.2230	0.0668	65.6000	78.6000	
-0.1212	0.2219	0.0658	65.2000	78.5750	
-0.1218	0.2214	0.0632	67.1250	78.6250	
-0.1221	0.2219	0.0633	67.4000	78.7500	
-0.1220	0.2228	0.0651	66.9750	78.9750	
-0.1222	0.2223	0.0638	66.5250	78.7500	
-0.1221	0.2213	0.0621	67.7500	79.0500	
0.3999	50.1750	0.6221	50.0000	
0.3837	49.9500	0.5957	50.0000	
0.3673	49.7750	0.5704	50.0000	
0.3508	49.6750	0.5456	50.0000	
0.3338	49.6000	0.5207	50.0000	
0.3153	49.3250	0.4970	50.0000	
0.2950	49.7500	0.4752	50.0000	
0.2747	50.1750	0.4545	50.0000	
0.2603	49.9500	0.4340	50.0000	
0.2523	49.4250	0.4141	50.0000	
0.2504	50.0500	0.3946	50.0000	
0.2505	49.6000	0.3764	50.0000	
0.2504	49.9500	0.3590	50.0000	
0.2502	49.8500	0.3430	50.0000	
0.2500	49.9250	0.3281	50.0000	
0.2499	50.0250	0.3147	50.0000	
0.2499	50.1750	0.3025	50.0000	
0.2498	50.0750	0.2918	50.0000	
0.2498	50.1750	0.2819	50.0000	
0.2498	50.7250	0.2731	50.1250	
0.2498	50.7250	0.2647	61.7500	
0.2498	51.5250	0.2570	71.0250	
0.2497	51.3000	0.2498	73.5500	
0.2497	51.4000	0.2430	73.9750	
0.2497	51.4000	0.2362	74.3750	
0.2497	51.6000	0.2297	74.7250	
0.2497	51.4750	0.2231	74.6250	
0.2497	51.6500	0.2163	74.4000	
0.2497	51.5750	0.2094	74.4750	
0.2497	51.8500	0.2025	74.4000	
0.2497	51.5500	0.1956	74.4750	
0.2497	51.6250	0.1891	74.3750	
0.2497	51.3500	0.1831	74.2500	
0.2497	51.3250	0.1777	74.2750	
0.2496	51.4500	0.1727	74.3500	
0.2496	51.3250	0.1684	74.3750	
0.2496	51.2750	0.1647	74.3750	
0.2496	51.3500	0.1617	74.2750	
0.2496	51.3250	0.1594	74.1000	
0.2496	51.2500	0.1575	74.1250	
0.2496	51.2500	0.1563	73.9750	
0.2496	51.1750	0.1554	73.8500	
0.2495	51.1500	0.1547	73.9250	
0.2496	51.3500	0.1542	74.0500	
0.2495	51.0500	0.1538	74.0750	
0.2495	51.0500	0.1535	74.0750	
0.2495	51.0250	0.1532	74.1000	
0.2495	51.2000	0.1529	74.1000	
0.2495	51.1250	0.1527	73.9500	
0.2495	51.1500	0.1525	74.0750	
0.2495	51.2000	0.1523	74.1000	
0.2494	51.0500	0.1521	73.9000	
0.2494	51.1250	0.1519	73.9500	
0.2494	51.2750	0.1518	74.0000	
0.2494	51.2500	0.1516	73.9000	
0.2495	51.2750	0.1515	73.8750	
0.2494	51.3000	0.1513	73.9250	
0.2494	51.3250	0.1512	74.0250	
0.2494	51.2250	0.1511	74.0750	
0.2494	51.3000	0.1509	74.0250	
0.2494	51.3000	0.1508	74.1500	
0.2494	51.3750	0.1507	74.0750	
0.2493	51.1750	0.1506	74.1250	
0.2494	51.3500	0.1505	74.1500	
0.2493	51.0750	0.1503	74.1000	
0.2492	51.2500	0.1502	74.1500	
0.2494	51.1250	0.1502	74.1750	
0.2493	51.1500	0.1501	74.1500	
0.2492	51.4000	0.1500	74.1500	
0.2492	51.3500	0.1498	74.1500	
0.2492	51.2500	0.1498	74.2000	
0.2492	51.2250	0.1497	74.1250	
0.2492	51.5500	0.1496	74.2000	
0.2491	51.3750	0.1495	74.3000	
0.2491	51.6000	0.1494	74.1750	
0.2491	51.4750	0.1493	74.3250	
0.2491	51.4500	0.1492	74.2500	
0.2491	51.4500	0.1492	74.3500	
0.2491	51.5500	0.1491	74.2000	
0.2491	51.2500	0.1490	74.3500	
0.2490	51.5250	0.1489	74.3250	
0.2490	51.5250	0.1489	74.2500	
0.2490	51.5500	0.1488	74.4500	
0.2490	51.5500	0.1487	74.4500	
0.2490	51.4250	0.1487	74.3250	
0.2490	51.5000	0.1486	74.4250	
0.2489	51.6000	0.1485	74.3750	
0.2490	51.4250	0.1485	74.4000	
0.2489	51.3750	0.1484	74.4000	
0.2489	51.5000	0.1483	74.5500	
0.2489	51.5500	0.1483	74.4250	
0.2489	51.5000	0.1482	74.4750	
0.2489	51.5000	0.1482	74.4750	
0.2488	51.4750	0.1481	74.5500	
0.2488	51.4250	0.1480	74.5500	
0.2488	51.5500	0.1480	74.4500	
0.2487	51.1500	0.1479	74.5250	
0.2488	51.4500	0.1479	74.5250	
0.2488	51.3750	0.1479	74.4250	
0.2487	51.5250	0.1478	74.4500	
0.2487	51.5750	0.1477	74.5250	
0.2486	51.2250	0.1476	74.4500	
0.2487	51.1750	0.1476	74.5250	
0.2486	51.5250	0.1475	74.4250	
0.2487	51.7250	0.1475	74.5750	
0.2486	51.6750	0.1474	74.4500	
0.2487	51.3500	0.1474	74.5250	
0.2486	51.1500	0.1474	74.3750	
0.2486	51.5250	0.1472	74.5250	
0.2486	51.2000	0.1472	74.3500	
0.2485	51.4000	0.1471	74.5250	
0.2485	51.5000	0.1470	74.6000	
0.2484	51.5000	0.1470	74.4750	
0.2484	51.5750	0.1469	74.6000	
0.2484	51.5500	0.1469	74.5250	
0.2484	51.3750	0.1468	74.5750	
0.2483	51.3750	0.1467	74.4250	
0.2483	51.3750	0.1466	74.5500	
0.2483	51.5000	0.1466	74.6000	
0.2483	51.5250	0.1465	74.5750	
0.2483	51.5500	0.1464	74.5750	
0.2482	51.6250	0.1464	74.5250	
0.2482	51.6000	0.1463	74.4750	
0.2482	51.4750	0.1462	74.5500	
0.2482	51.5000	0.1461	74.5250	
0.2481	51.6500	0.1460	74.6250	
0.2481	51.6500	0.1460	74.5000	
0.2481	51.5500	0.1459	74.5750	
0.2481	51.6250	0.1458	74.6500	
0.2480	51.5500	0.1457	74.6250	
0.2480	51.6000	0.1456	74.5250	
0.2480	51.4500	0.1456	74.5750	
0.2479	51.4750	0.1455	74.5500	
0.2479	51.5250	0.1454	74.5750	
0.2479	51.9000	0.1454	74.6000	
0.2478	51.8000	0.1452	74.5750	
0.2479	51.5500	0.1452	74.6000	
0.2477	51.5500	0.1449	74.5500	
0.2477	51.8000	0.1450	74.5500	
0.2477	51.8750	0.1448	74.6000	
0.2477	51.7750	0.1447	74.5250	
0.2478	51.6000	0.1446	74.5000	
0.2477	52.4000	0.1445	74.6000	
0.2476	53.0000	0.1443	74.6500	
0.2476	52.1500	0.1443	74.6500	
0.2476	51.9750	0.1442	74.5000	
0.2475	52.4750	0.1440	74.5500	
0.2474	52.9500	0.1439	74.7250	
0.2474	53.2250	0.1437	74.6250	
0.2474	53.1750	0.1436	74.6000	
0.2474	53.7500	0.1435	74.6500	
0.2473	53.7500	0.1435	74.6250	
0.2473	53.6250	0.1432	74.6500	
0.2472	54.0250	0.1432	74.7000	
0.2471	54.0750	0.1430	74.6250	
0.2472	53.5250	0.1429	74.5750	
0.2471	53.3250	0.1426	74.7250	
0.2471	53.3750	0.1426	74.7500	
0.2470	53.5000	0.1424	74.7000	
0.2470	53.5500	0.1424	74.6250	
0.2470	53.3750	0.1423	74.6250	
0.2469	53.2500	0.1420	74.3750	
0.2469	52.9250	0.1418	74.6750	
0.2469	53.1000	0.1416	74.7500	
0.2468	53.1750	0.1415	74.7000	
0.2468	53.0000	0.1414	74.6000	
0.2468	52.7000	0.1412	74.6000	
0.2466	52.9250	0.1409	74.7750	
0.2466	53.5500	0.1408	74.7750	
0.2465	54.0250	0.1407	74.8250	
0.2465	53.3000	0.1406	74.6250	
0.2465	52.8750	0.1403	74.6250	
0.2464	52.2500	0.1401	74.6750	
0.2463	52.2500	0.1399	74.7750	
0.2464	52.9500	0.1398	74.9000	
0.2463	53.2000	0.1395	74.8000	
0.2462	53.0500	0.1393	74.8500	
0.2462	52.2500	0.1391	74.8000	
0.2461	52.1500	0.1388	74.7250	
0.2461	52.7000	0.1386	74.8500	
0.2462	52.4250	0.1385	74.8250	
0.2460	52.5500	0.1384	74.8500	
0.2460	52.8000	0.1382	74.8500	
0.2459	52.2250	0.1378	74.9000	
0.2458	52.0000	0.1375	74.8000	
0.2458	52.2000	0.1373	74.8500	
0.2457	52.3750	0.1370	74.8000	
0.2456	52.5750	0.1368	74.8500	
0.2456	52.1750	0.1366	74.8750	
0.2455	52.0250	0.1362	74.9500	
0.2454	52.0750	0.1360	74.8750	
0.2454	52.3250	0.1358	74.9750	
0.2454	52.0500	0.1356	75.0000	
0.2453	52.1500	0.1354	74.9500	
0.2452	52.1500	0.1350	74.8500	
0.2452	52.1250	0.1347	75.0500	
0.2451	52.0500	0.1344	75.0500	
0.2451	52.0000	0.1342	75.0000	
0.2450	51.9500	0.1341	74.9500	
0.2450	51.9750	0.1338	75.0500	
0.2448	52.0000	0.1334	75.1250	
0.2449	51.9000	0.1330	74.9000	
0.2447	51.7500	0.1327	75.1500	
0.2446	51.7000	0.1325	75.1250	
0.2445	51.8500	0.1322	75.0500	
0.2447	51.8250	0.1321	75.2000	
0.2446	51.7750	0.1316	75.0750	
0.2443	51.7000	0.1313	75.2000	
0.2443	51.6750	0.1308	75.2000	
0.2441	51.6500	0.1304	75.2250	
0.2441	51.7750	0.1301	75.1750	
0.2440	51.6750	0.1298	75.1750	
0.2439	51.8250	0.1295	75.2000	
0.2439	51.6500	0.1292	75.2000	
0.2437	51.8000	0.1286	75.3000	
0.2440	51.6000	0.1285	75.3250	
0.2437	51.4500	0.1284	75.2750	
0.2436	51.6000	0.1277	75.1000	
0.2435	51.7750	0.1274	75.3500	
0.2435	51.7250	0.1269	75.2500	
0.2432	51.6250	0.1264	75.2000	
0.2432	51.5000	0.1260	75.3000	
0.2431	51.4750	0.1257	75.3750	
0.2430	51.5750	0.1254	75.3750	
0.2429	51.5750	0.1249	75.3750	
0.2430	51.3750	0.1245	75.3000	
0.2429	51.5250	0.1240	75.2500	
0.2426	51.7250	0.1237	75.3750	
0.2426	51.6500	0.1233	75.4250	
0.2428	51.4500	0.1229	75.2750	
0.2424	51.4750	0.1225	75.4250	
0.2423	51.3500	0.1222	75.3750	
0.2422	51.6500	0.1217	75.3750	
0.2421	51.6000	0.1212	75.3500	
0.2420	51.4750	0.1212	75.3750	
0.2418	51.6000	0.1209	75.4500	
0.2420	51.5000	0.1200	75.5000	
0.2416	51.4000	0.1197	75.3750	
0.2416	51.4250	0.1190	75.3750	
0.2415	51.2000	0.1187	75.4500	
0.2415	51.4250	0.1181	75.4750	
0.2413	51.3750	0.1175	75.4000	
0.2411	51.2250	0.1172	75.5250	
0.2410	51.2250	0.1169	75.5250	
0.2409	51.0500	0.1162	75.5750	
0.2407	51.2750	0.1157	75.5500	
0.2406	51.2250	0.1154	75.5500	
0.2406	51.0250	0.1151	75.6500	
0.2405	51.1000	0.1149	75.6500	
0.2403	51.4750	0.1141	75.4000	
0.2402	51.2000	0.1134	75.6500	
0.2400	51.0750	0.1129	75.5500	
0.2400	51.0500	0.1125	75.6000	
0.2397	51.3750	0.1121	75.4750	
0.2399	51.4000	0.1116	75.6500	
0.2395	51.4250	0.1111	75.5000	
0.2394	51.4750	0.1106	75.5000	
0.2395	51.3750	0.1100	75.7000	
0.2395	51.1750	0.1095	75.7000	
0.2390	51.5250	0.1090	75.7250	
0.2389	51.3250	0.1084	75.6250	
0.2388	51.1000	0.1079	75.6500	
0.2386	51.3750	0.1074	75.6500	
0.2385	51.0000	0.1069	75.6750	
0.2385	51.1750	0.1065	75.7250	
0.2382	51.3750	0.1060	75.7750	
0.2382	51.2000	0.1053	75.7000	
0.2380	51.0250	0.1049	75.7500	
0.2379	51.2250	0.1042	75.7500	
0.2376	51.0250	0.1037	75.6500	
0.2376	51.2750	0.1034	75.8250	
0.2374	51.2000	0.1028	75.7500	
0.2374	51.2750	0.1023	75.7000	
0.2375	51.1250	0.1017	75.8250	
0.2374	51.2250	0.1013	76.0000	
0.2370	50.7750	0.1007	75.7500	
0.2371	50.9000	0.1000	75.8000	
0.2366	51.0750	0.0996	75.9250	
0.2368	50.9000	0.0992	75.7500	
0.2363	51.2250	0.0989	75.8250	
0.2363	51.1000	0.0983	75.9000	
0.2361	51.2250	0.0974	75.9000	
0.2359	51.0500	0.0969	75.9000	
0.2358	51.2000	0.0964	75.9750	
0.2355	51.0750	0.0958	75.8000	
0.2354	51.0000	0.0955	75.9000	
0.2354	51.1500	0.0951	75.9000	
0.2351	51.1000	0.0944	75.9500	
0.2351	51.0250	0.0942	76.0250	
0.2348	51.2000	0.0936	76.1000	
0.2346	51.1000	0.0927	75.8500	
0.2346	50.8250	0.0922	75.9250	
0.2344	50.9250	0.0917	75.9750	
0.2344	51.2250	0.0913	75.9250	
0.2341	51.1250	0.0909	76.0250	
0.2339	50.9000	0.0901	75.9750	
0.2337	50.8750	0.0902	75.7750	
0.2339	51.1750	0.0892	75.9000	
0.2334	50.7000	0.0886	75.9000	
0.2332	51.0000	0.0888	75.8500	
0.2331	51.0500	0.0881	76.1250	
0.2329	50.9250	0.0875	76.0500	
0.2326	51.1000	0.0869	76.0500	
0.2323	51.2000	0.0869	76.0750	
0.2322	50.7750	0.0858	76.0500	
0.2321	51.1750	0.0858	76.0000	
0.2320	51.0000	0.0852	76.1250	
0.2318	51.2500	0.0845	76.0250	
0.2317	50.6750	0.0841	76.0750	
0.2314	50.8750	0.0835	76.1750	
0.2313	51.1500	0.0829	76.1750	
0.2312	51.2750	0.0825	76.1000	
0.2308	51.0750	0.0821	76.1500	
0.2307	50.8250	0.0814	76.1750	
0.2305	50.9000	0.0811	76.1750	
0.2305	51.2500	0.0806	76.2250	
0.2302	51.4000	0.0803	76.1750	
0.2303	51.2000	0.0802	76.4000	
0.2304	51.0000	0.0795	76.3000	
0.2301	52.0000	0.0791	76.3500	
0.2295	50.9750	0.0784	76.2500	
0.2293	51.2500	0.0781	76.1750	
0.2297	50.9750	0.0775	76.2750	
0.2293	51.2000	0.0772	76.2500	
0.2289	51.0000	0.0767	76.2750	
0.2286	51.7500	0.0762	76.2250	
0.2284	51.5500	0.0766	76.1750	
0.2282	51.3250	0.0755	76.2500	
0.2282	52.0750	0.0753	76.3250	
0.2279	51.3250	0.0743	76.3000	
0.2277	51.9250	0.0740	76.5000	
0.2276	51.9000	0.0738	76.4750	
0.2276	51.9000	0.0733	76.2250	
0.2272	52.2500	0.0731	76.5250	
0.2270	51.2000	0.0724	76.3750	
0.2269	51.1750	0.0717	76.4500	
0.2268	52.8250	0.0716	76.3750	
0.2263	52.6000	0.0711	76.5500	
0.2261	52.1500	0.0707	76.4750	
0.2264	52.6250	0.0703	76.4500	
0.2265	52.0250	0.0704	76.4250	
0.2264	52.4250	0.0695	76.3750	
0.2254	52.8000	0.0696	76.4750	
0.2259	52.1750	0.0692	76.6500	
0.2257	52.4250	0.0681	76.4000	
0.2249	52.2000	0.0681	76.4750	
0.2247	51.7250	0.0675	76.5750	
0.2246	52.6000	0.0672	76.4000	
0.2243	53.0000	0.0669	76.5000	
0.2241	52.6000	0.0661	76.4750	
0.2241	52.5500	0.0658	76.5000	
0.2240	52.6750	0.0664	76.3750	
0.2237	53.1750	0.0653	76.4250	
0.2234	51.8750	0.0647	76.5250	
0.2232	51.4750	0.0643	76.5500	
0.2229	51.4500	0.0640	76.5500	
0.2227	51.3000	0.0639	76.6000	
0.2225	50.9750	0.0634	76.4000	
0.2224	51.6250	0.0633	76.5000	
0.2220	51.2250	0.0631	76.3750	
0.2218	51.6250	0.0626	76.5500	
0.2216	51.5750	0.0626	76.4250	
0.2214	51.6250	0.0625	76.4500	
0.2212	51.6000	0.0616	76.4750	
0.2210	51.6500	0.0616	76.3750	
0.2207	51.2000	0.0611	76.4500	
0.2209	51.7000	0.0609	76.4500	
0.2206	51.3500	0.0604	76.4500	
0.2201	51.9000	0.0602	76.5250	
0.2200	51.6750	0.0603	76.5000	
0.2199	52.2000	0.0602	76.3750	
0.2204	52.0750	0.0592	76.3750	
0.2194	52.0500	0.0594	76.3250	
0.2191	51.9500	0.0587	76.4250	
0.2189	52.1750	0.0586	76.4500	
0.2191	51.9500	0.0584	76.4500	
0.2185	52.2250	0.0589	76.5250	
0.2184	52.5000	0.0582	76.5500	
0.2181	51.9250	0.0577	76.4250	
0.2179	52.1000	0.0573	76.4250	
0.2179	52.1250	0.0571	76.4250	
0.2190	53.1000	0.0570	76.3750	
0.2180	52.3250	0.0570	76.3500	
0.2178	52.9500	0.0566	76.3500	
0.2176	52.9500	0.0562	76.4000	
0.2173	52.4250	0.0559	76.3750	
0.2168	51.9250	0.0557	76.3750	
0.2165	52.4000	0.0555	76.2750	
0.2163	52.4750	0.0552	76.3000	
0.2163	52.3500	0.0551	76.4000	
0.2160	52.6250	0.0550	76.3500	
0.2158	52.4500	0.0549	76.4000	
0.2156	52.3000	0.0544	76.2750	
0.2156	52.2000	0.0542	76.3500	
0.2154	52.9000	0.0539	76.3000	
0.2152	52.6500	0.0537	76.2750	
0.2152	52.4750	0.0536	76.2750	
0.2149	53.2250	0.0534	76.2750	
0.2146	52.6250	0.0532	76.2250	
0.2143	52.3000	0.0529	76.2750	
0.2142	52.8250	0.0529	76.3000	
0.2140	52.7000	0.0526	76.2750	
0.2139	53.0000	0.0524	76.3000	
0.2139	53.0000	0.0522	76.2500	
0.2142	53.1750	0.0520	76.3250	
0.2142	53.2000	0.0518	76.3750	
0.2136	53.3000	0.0517	76.3250	
0.2134	53.1750	0.0514	76.3000	
0.2134	53.7000	0.0514	76.3250	
0.2128	53.3250	0.0511	76.3250	
0.2125	53.1000	0.0511	76.3250	
0.2122	53.0500	0.0512	76.3250	
0.2121	53.0000	0.0513	76.2000	
0.2119	53.1000	0.0506	76.3500	
0.2118	53.4000	0.0504	76.3750	
0.2120	53.0250	0.0502	76.3250	
0.2122	53.2250	0.0508	76.2250	
0.2115	53.2250	0.0505	76.2750	
0.2112	53.1250	0.0500	76.3500	
0.2110	53.4000	0.0500	76.3750	
0.2121	53.6250	0.0503	76.3250	
0.2126	53.4750	0.0498	76.3500	
0.2109	53.6250	0.0498	76.2750	
0.2116	53.3250	0.0490	76.2750	
0.2110	53.4000	0.0490	76.3000	
0.2105	53.6750	0.0491	76.3250	
0.2100	53.5250	0.0491	76.3250	
0.2101	53.4500	0.0487	76.2750	
0.2100	53.4250	0.0485	76.2250	
0.2098	53.2750	0.0483	76.2500	
0.2093	54.0000	0.0482	76.2750	
0.2090	53.7750	0.0481	76.3250	
0.2090	54.1250	0.0481	76.2250	
0.2088	53.3500	0.0481	76.4000	
0.2088	53.8000	0.0477	76.3250	
0.2084	53.5500	0.0477	76.3250	
0.2083	53.4500	0.0475	76.2750	
0.2081	53.8500	0.0473	76.3000	
0.2081	53.4750	0.0472	76.2750	
0.2077	54.1500	0.0471	76.3000	
0.2079	53.9500	0.0473	76.3750	
0.2079	54.0500	0.0473	76.2750	
0.2084	53.6500	0.0475	76.3000	
0.2075	54.4000	0.0470	76.2500	
0.2071	53.9250	0.0467	76.2250	
0.2076	53.4000	0.0465	76.3000	
0.2067	54.0500	0.0470	76.2250	
0.2065	54.1000	0.0466	76.2500	
0.2065	54.7500	0.0463	76.1750	
0.2068	54.0000	0.0462	76.2750	
0.2063	54.5500	0.0463	76.1750	
0.2061	54.3000	0.0462	76.2750	
0.2058	54.5000	0.0461	76.3000	
0.2059	54.5500	0.0458	76.2250	
0.2058	54.4500	0.0457	76.2250	
0.2057	54.1750	0.0455	76.2000	
0.2052	54.7250	0.0455	76.2000	
0.2052	54.6750	0.0453	76.1750	
0.2051	54.6250	0.0453	76.2000	
0.2049	54.5250	0.0452	76.2000	
0.2049	54.4250	0.0452	76.2500	
0.2046	55.1000	0.0451	76.3500	
0.2045	54.8750	0.0452	76.0500	
0.2042	55.1000	0.0449	76.2000	
0.2037	55.0500	0.0450	76.2500	
0.2038	55.1250	0.0450	76.2250	
0.2039	55.0500	0.0447	76.1500	
0.2033	55.2250	0.0447	76.1500	
0.2032	55.1250	0.0445	76.2000	
0.2029	55.3750	0.0443	76.1750	
0.2027	55.7000	0.0444	76.1250	
0.2026	55.4000	0.0445	76.1500	
0.2026	55.5250	0.0445	76.1750	
0.2029	55.4500	0.0443	76.0750	
0.2028	55.8750	0.0444	76.1250	
0.2020	55.7000	0.0445	76.1500	
0.2018	55.7750	0.0445	76.1750	
0.2018	55.8500	0.0440	76.1000	
0.2017	56.1250	0.0439	76.2000	
0.2014	56.0250	0.0440	76.1000	
0.2014	55.7750	0.0444	76.1750	
0.2012	55.4250	0.0443	76.0750	
0.2013	55.5500	0.0436	76.1500	
0.2009	55.5750	0.0435	76.0750	
0.2008	55.7000	0.0434	76.1250	
0.2005	55.7750	0.0435	76.0750	
0.2003	55.8500	0.0434	76.0750	
0.2001	56.1250	0.0435	76.0500	
0.1998	55.9000	0.0430	76.0500	
0.1997	55.6500	0.0431	76.0000	
0.1995	55.6000	0.0434	76.1500	
0.1993	55.7500	0.0431	76.0500	
0.1992	55.8500	0.0430	75.9750	
0.1990	55.5500	0.0428	75.9750	
0.1987	55.7750	0.0429	75.9750	
0.1987	55.7250	0.0427	76.0500	
0.1986	55.9000	0.0426	75.9250	
0.1984	56.1000	0.0425	75.9250	
0.1992	55.7250	0.0430	76.0500	
0.1992	55.7000	0.0429	76.0250	
0.1982	55.8000	0.0428	76.0500	
0.1980	55.7750	0.0423	75.9250	
0.1979	55.7750	0.0425	75.9250	
0.1979	56.0750	0.0427	76.0250	
0.1976	56.0000	0.0426	75.8750	
0.1973	55.8750	0.0424	76.0000	
0.1972	55.7500	0.0424	75.9500	
0.1971	56.0750	0.0423	75.8750	
0.1968	56.2250	0.0421	75.9250	
0.1968	56.0500	0.0419	75.9000	
0.1968	55.9500	0.0420	75.9750	
0.1969	56.3000	0.0419	75.9000	
0.1961	56.3250	0.0420	75.8000	
0.1965	56.2500	0.0418	75.9250	
0.1962	55.9000	0.0419	75.9000	
0.1958	56.0000	0.0420	75.9500	
0.1961	55.9500	0.0419	75.9750	
0.1964	55.8750	0.0421	75.8500	
0.1960	56.2500	0.0415	75.8000	
0.1953	56.3000	0.0413	75.7500	
0.1952	55.9250	0.0413	75.8500	
0.1950	56.3500	0.0412	75.9000	
0.1951	56.4250	0.0412	75.8000	
0.1950	56.3250	0.0412	75.8500	
0.1944	56.2750	0.0413	75.8250	
0.1947	55.8750	0.0411	75.7500	
0.1943	56.1250	0.0411	75.7750	
0.1942	56.4750	0.0409	75.8000	
0.1940	56.1000	0.0408	75.7750	
0.1940	55.9500	0.0409	75.8250	
0.1940	55.9000	0.0408	75.8500	
0.1939	55.9250	0.0408	75.7750	
0.1937	56.0000	0.0409	75.8250	
0.1934	56.3750	0.0406	75.8000	
0.1938	56.1250	0.0406	75.7500	
0.1937	56.3750	0.0406	75.6500	
0.1930	56.0750	0.0406	75.8000	
0.1931	56.2500	0.0405	75.7750	
0.1934	56.0000	0.0405	75.8250	
0.1932	56.3750	0.0403	75.7000	
0.1928	56.3750	0.0402	75.7750	
0.1931	56.4500	0.0403	75.7000	
0.1926	56.0500	0.0402	75.7500	
0.1923	55.9000	0.0403	75.7250	
0.1923	56.1750	0.0401	75.7500	
0.1923	56.1500	0.0400	75.7250	
0.1920	56.1500	0.0401	75.7500	
0.1917	56.1500	0.0400	75.8250	
0.1918	55.9250	0.0399	75.7000	
0.1920	55.9000	0.0400	75.7250	
0.1924	56.0250	0.0401	75.7750	
0.1925	56.3000	0.0399	75.7500	
0.1917	55.9500	0.0402	75.6250	
0.1916	55.7000	0.0397	75.8000	
0.1912	56.0250	0.0396	75.7250	
0.1910	56.1750	0.0396	75.7000	
0.1909	55.7750	0.0397	75.6750	
0.1910	55.9750	0.0395	75.7000	
0.1910	55.9750	0.0393	75.7250	
0.1913	56.1500	0.0393	75.7000	
0.1907	55.8750	0.0393	75.7750	
0.1904	55.9750	0.0393	75.7250	
0.1904	55.8250	0.0391	75.7500	
0.1904	56.1500	0.0389	75.7500	
0.1900	56.0000	0.0389	75.7000	
0.1901	55.8250	0.0389	75.7500	
0.1905	55.8250	0.0390	75.7000	
0.1900	55.8000	0.0388	75.7750	
0.1897	55.7000	0.0391	75.5750	
0.1896	55.6250	0.0387	75.7000	
0.1895	55.7250	0.0385	75.6750	
0.1896	55.7250	0.0387	75.7000	
0.1897	55.2500	0.0383	75.7000	
0.1891	55.5250	0.0388	75.7000	
0.1891	55.4750	0.0388	75.7500	
0.1890	55.8250	0.0381	75.7500	
0.1892	55.4500	0.0380	75.6500	
0.1895	55.1500	0.0379	75.6500	
0.1893	55.3250	0.0379	75.7250	
0.1890	55.9250	0.0377	75.7000	
0.1887	55.5250	0.0375	75.6750	
0.1888	55.5500	0.0374	75.7250	
0.1883	55.5000	0.0374	75.7250	
0.1883	55.3500	0.0373	75.7250	
0.1890	55.6500	0.0375	75.7500	
0.1886	55.3000	0.0375	75.7250	
0.1889	55.1250	0.0373	75.7500	
0.1881	54.6750	0.0371	75.7250	
0.1882	55.0750	0.0369	75.7500	
0.1881	55.2500	0.0368	75.7500	
0.1882	54.7750	0.0368	75.8250	
0.1886	54.8750	0.0366	75.7500	
0.1877	55.0000	0.0366	75.7750	
0.1875	55.2000	0.0368	75.7750	
0.1873	54.9000	0.0365	75.8250	
0.1875	55.0000	0.0363	75.8250	
0.1874	55.0750	0.0362	75.8500	
0.1879	54.6500	0.0365	75.8750	
0.1871	54.8000	0.0362	75.8000	
0.1871	54.4500	0.0359	75.8250	
0.1869	55.1750	0.0359	75.8250	
0.1870	55.1500	0.0358	75.8750	
0.1869	54.8000	0.0357	75.8500	
0.1876	55.4000	0.0357	75.8500	
0.1871	55.0500	0.0356	75.8500	
0.1866	54.1500	0.0355	75.8500	
0.1865	54.6250	0.0355	75.8750	
0.1864	54.3000	0.0355	75.8500	
0.1864	54.6250	0.0354	75.9500	
0.1865	54.0250	0.0353	75.9750	
0.1862	54.9250	0.0352	75.8750	
0.1862	55.4250	0.0353	75.9500	
0.1862	54.6000	0.0352	76.0000	
0.1862	54.0750	0.0351	75.9250	
0.1857	53.7750	0.0349	75.9750	
0.1861	53.9500	0.0348	75.9000	
0.1867	54.2000	0.0347	75.9500	
0.1862	54.0500	0.0347	75.9750	
0.1856	53.7250	0.0346	75.9750	
0.1856	53.6500	0.0346	75.9750	
0.1853	53.8500	0.0345	75.9750	
0.1853	53.6250	0.0345	75.9750	
0.1851	54.0000	0.0343	76.0000	
0.1856	54.0750	0.0343	76.0000	
0.1853	53.4000	0.0342	75.9500	
0.1852	54.2250	0.0344	76.0000	
0.1853	53.4500	0.0341	75.9750	
0.1854	53.5000	0.0340	76.0000	
0.1851	54.1250	0.0339	75.9750	
0.1846	53.6750	0.0338	75.9500	
0.1850	53.1750	0.0339	75.9750	
0.1850	53.9000	0.0338	76.0000	
0.1854	53.5000	0.0338	75.9750	
0.1848	53.4750	0.0336	75.9750	
0.1844	53.6500	0.0335	76.0000	
0.1841	53.4000	0.0334	75.9500	
0.1841	53.5000	0.0333	75.9750	
0.1843	53.5250	0.0332	75.9750	
0.1843	53.0750	0.0333	75.9750	
0.1839	53.5250	0.0332	76.0250	
0.1844	53.6250	0.0331	75.9750	
0.1839	53.1500	0.0332	75.9750	
0.1837	53.2500	0.0331	76.0500	
0.1837	53.5500	0.0331	76.0250	
0.1840	53.8750	0.0330	76.0000	
0.1840	53.3250	0.0332	76.0500	
0.1844	53.9250	0.0327	76.1000	
0.1843	53.1750	0.0326	76.0500	
0.1834	53.3750	0.0326	76.0500	
0.1835	52.8500	0.0325	76.0500	
0.1834	53.4000	0.0326	76.0250	
0.1839	53.1500	0.0324	76.0250	
0.1835	53.1000	0.0324	75.9750	
0.1833	53.3750	0.0324	76.0500	
0.1832	53.1250	0.0323	76.0500	
0.1831	53.0750	0.0327	76.0750	
0.1829	53.1500	0.0325	76.0000	
0.1829	52.8250	0.0322	76.0250	
0.1829	53.0250	0.0321	76.0250	
0.1828	53.1000	0.0321	76.0000	
0.1827	53.0000	0.0319	75.9750	
0.1827	52.7750	0.0318	76.0500	
0.1825	52.8000	0.0318	75.9750	
0.1826	52.8000	0.0317	76.0000	
0.1826	52.8500	0.0317	76.0250	
0.1826	52.6500	0.0317	76.0000	
0.1825	52.5750	0.0317	75.9750	
0.1823	52.9250	0.0315	76.0000	
0.1824	52.8500	0.0315	76.0000	
0.1828	52.9000	0.0314	75.9000	
0.1828	53.2000	0.0314	76.0000	
0.1827	52.9000	0.0316	75.9250	
0.1827	52.6750	0.0316	75.9500	
0.1824	52.5000	0.0314	76.0000	
0.1821	52.9250	0.0312	75.9500	
0.1821	53.2500	0.0311	75.9500	
0.1829	52.8250	0.0311	75.9750	
0.1820	52.7750	0.0311	75.9500	
0.1819	52.6250	0.0309	75.9250	
0.1822	52.7250	0.0309	75.9750	
0.1822	52.7500	0.0313	75.9000	
0.1824	53.1750	0.0311	75.8750	
0.1819	52.5500	0.0309	75.9250	
0.1819	52.5750	0.0307	75.9000	
0.1816	52.4500	0.0306	75.8750	
0.1818	52.3250	0.0306	75.8500	
0.1819	52.5500	0.0305	75.8000	
0.1820	52.7000	0.0305	75.8250	
0.1819	52.9250	0.0305	75.8000	
0.1821	52.9250	0.0304	75.8500	
0.1814	52.3000	0.0303	75.7500	
0.1819	52.3000	0.0303	75.8000	
0.1819	52.4000	0.0302	75.7500	
0.1814	52.5250	0.0301	75.7500	
0.1813	52.3750	0.0301	75.7500	
0.1815	52.4000	0.0301	75.7500	
0.1815	52.3000	0.0300	75.8000	
0.1813	52.2500	0.0299	75.7750	
0.1810	52.3250	0.0299	75.7750	
0.1811	52.1250	0.0298	75.7250	
0.1811	52.2500	0.0299	75.8000	
0.1809	52.4750	0.0297	75.8500	
0.1811	52.6250	0.0298	75.8000	
0.1811	52.1750	0.0301	75.8250	
0.1809	52.3250	0.0298	75.8250	
0.1808	52.2750	0.0297	75.8250	
0.1808	52.3000	0.0297	75.7000	
0.1808	52.1750	0.0296	75.8000	
0.1808	52.2000	0.0296	75.7750	
0.1809	52.3750	0.0295	75.8000	
0.1813	52.0000	0.0297	75.7500	
0.1808	52.2750	0.0297	75.8000	
0.1807	51.8250	0.0293	75.8000	
0.1804	52.1000	0.0294	75.7250	
0.1803	52.2000	0.0291	75.7250	
0.1805	51.7250	0.0291	75.7000	
0.1806	52.2000	0.0291	75.7500	
0.1810	51.9000	0.0293	75.6250	
0.1805	52.3500	0.0297	75.7250	
0.1808	52.0250	0.0292	75.7000	
0.1802	52.2250	0.0291	75.7250	
0.1802	52.0250	0.0288	75.6750	
0.1801	51.7000	0.0288	75.6750	
0.1802	51.6500	0.0287	75.8000	
0.1800	51.7750	0.0286	75.7750	
0.1801	51.5500	0.0286	75.7500	
0.1799	51.9000	0.0284	75.7500	
0.1803	51.7250	0.0285	75.7000	
0.1802	51.7000	0.0286	75.7000	
0.1798	51.5250	0.0283	75.6750	
0.1799	51.5750	0.0282	75.6750	
0.1798	51.4500	0.0280	75.7000	
0.1798	51.4000	0.0279	75.6500	
0.1801	51.5250	0.0280	75.6750	
0.1796	51.6000	0.0283	75.6750	
0.1795	51.3750	0.0281	75.7000	
0.1794	51.5250	0.0278	75.6000	
0.1794	51.3250	0.0277	75.6750	
0.1794	51.4250	0.0276	75.6000	
0.1795	51.1750	0.0275	75.6250	
0.1793	51.0500	0.0275	75.6250	
0.1791	51.2000	0.0274	75.6250	
0.1789	51.1750	0.0274	75.6500	
0.1788	51.4750	0.0274	75.6750	
0.1787	51.0500	0.0272	75.6500	
0.1792	50.8500	0.0273	75.6500	
0.1789	51.0750	0.0273	75.6500	
0.1784	51.3750	0.0271	75.6500	
0.1786	51.1250	0.0270	75.6750	
0.1783	51.0250	0.0271	75.6000	
0.1785	51.3000	0.0270	75.6250	
0.1785	50.7750	0.0269	75.6250	
0.1782	51.1000	0.0270	75.6250	
0.1780	51.2000	0.0269	75.5750	
0.1782	50.9250	0.0269	75.4750	
0.1785	50.9250	0.0269	75.5750	
0.1786	51.0000	0.0270	75.5500	
0.1780	51.1250	0.0270	75.5000	
0.1778	50.8000	0.0267	75.4500	
0.1780	51.1250	0.0266	75.3500	
0.1776	50.7250	0.0265	75.3750	
0.1778	50.9000	0.0268	75.4250	
0.1777	50.8000	0.0266	75.4750	
0.1777	50.6500	0.0266	75.4250	
0.1781	51.3500	0.0265	75.3500	
0.1781	50.9500	0.0265	75.4500	
0.1774	50.8000	0.0264	75.4000	
0.1773	50.7000	0.0264	75.4500	
0.1775	50.8750	0.0265	75.4750	
0.1775	51.1250	0.0265	75.4750	
0.1773	51.0750	0.0264	75.4500	
0.1774	51.3000	0.0262	75.5000	
0.1773	51.1750	0.0263	75.4750	
0.1773	51.4750	0.0262	75.5500	
0.1772	51.2500	0.0262	75.5250	
0.1772	51.5000	0.0261	75.5000	
0.1771	51.1500	0.0262	75.5750	
0.1772	50.9750	0.0262	75.5000	
0.1774	51.1250	0.0260	75.5000	
0.1772	51.3500	0.0260	75.5250	
0.1772	51.1750	0.0260	75.5250	
0.1770	51.2000	0.0260	75.4750	
0.1769	51.0250	0.0259	75.5000	
0.1770	51.3250	0.0259	75.4750	
0.1768	51.5500	0.0260	75.4500	
0.1767	51.3500	0.0259	75.4750	
0.1769	51.3000	0.0258	75.4500	
0.1770	51.5250	0.0259	75.4500	
0.1767	51.9500	0.0258	75.4250	
0.1766	51.9500	0.0258	75.4250	
0.1766	51.9000	0.0259	75.4000	
0.1767	52.2250	0.0258	75.4500	
0.1766	51.8000	0.0259	75.4000	
0.1766	51.6500	0.0258	75.4000	
0.1770	51.7500	0.0260	75.4250	
0.1773	51.9750	0.0260	75.3750	
0.1767	51.5750	0.0258	75.3750	
0.1766	51.6750	0.0257	75.3750	
0.1765	51.5000	0.0258	75.3750	
0.1764	51.4000	0.0257	75.3500	
0.1764	51.9000	0.0256	75.3500	
0.1765	51.4000	0.0256	75.3500	
0.1764	51.5000	0.0255	75.3250	
0.1767	51.7250	0.0256	75.3250	
0.1767	51.6750	0.0258	75.3750	
0.1763	51.9250	0.0257	75.2500	
0.1764	51.9750	0.0255	75.2500	
0.1763	51.8500	0.0255	75.2750	
0.1767	51.9250	0.0256	75.3250	
0.1762	51.9000	0.0256	75.3250	
0.1761	52.2500	0.0255	75.2500	
0.1761	52.1000	0.0254	75.2250	
0.1761	52.0250	0.0254	75.2000	
0.1761	51.9750	0.0254	75.2500	
0.1762	51.9500	0.0254	75.2250	
0.1762	51.9500	0.0254	75.2750	
0.1761	52.0250	0.0254	75.2250	
0.1762	51.9500	0.0253	75.1750	
0.1763	51.8000	0.0253	75.1750	
0.1765	52.3250	0.0253	75.1750	
0.1761	52.1500	0.0253	75.1250	
0.1762	52.0750	0.0255	75.1500	
0.1758	51.9750	0.0252	75.1500	
0.1759	52.2250	0.0253	75.1500	
0.1759	51.9750	0.0253	75.1500	
0.1760	52.0500	0.0254	75.1750	
0.1758	51.9250	0.0251	75.1750	
0.1758	52.0000	0.0253	75.1750	
0.1758	51.8500	0.0251	75.1750	
0.1759	51.8500	0.0251	75.1750	
0.1758	52.1500	0.0251	75.1750	
0.1762	52.0250	0.0252	75.1750	
0.1758	51.8750	0.0251	75.1750	
0.1759	51.9500	0.0251	75.1750	
0.1757	51.8500	0.0250	75.1250	
0.1756	52.0000	0.0250	75.1750	
0.1756	51.8750	0.0250	75.1500	
0.1757	51.8750	0.0250	75.2000	
0.1760	52.0000	0.0252	75.2250	
0.1755	51.9250	0.0251	75.1000	
0.1759	51.8000	0.0252	75.1750	
0.1756	51.8750	0.0253	75.1750	
0.1755	52.1000	0.0249	75.1500	
0.1757	52.0750	0.0249	75.1500	
0.1757	52.2250	0.0248	75.1750	
0.1756	51.8750	0.0249	75.1500	
0.1758	52.1250	0.0250	75.1000	
0.1758	52.1500	0.0249	75.1250	
0.1756	52.0250	0.0250	75.1250	
0.1755	52.0500	0.0251	75.1000	
0.1756	51.9500	0.0248	75.1000	
0.1757	51.7000	0.0247	75.1500	
0.1756	52.1000	0.0248	75.1250	
0.1754	51.8000	0.0248	75.1000	
0.1757	52.0500	0.0246	75.1500	
0.1754	51.8250	0.0246	75.1500	
0.1753	51.9250	0.0247	75.1250	
0.1753	51.8500	0.0247	75.1000	
0.1753	51.7500	0.0246	75.1250	
0.1753	51.7250	0.0247	75.1250	
0.1761	51.9500	0.0248	75.1250	
0.1756	51.8000	0.0247	75.1500	
0.1762	51.6500	0.0246	75.1000	
0.1759	51.5000	0.0246	75.1250	
0.1758	51.7000	0.0246	75.1000	
0.1753	51.3500	0.0245	75.1000	
0.1753	51.7250	0.0246	75.0750	
0.1752	51.7750	0.0246	75.1250	
0.1753	51.7000	0.0247	75.1000	
0.1754	51.7750	0.0249	75.0500	
0.1752	51.2000	0.0244	75.1000	
0.1752	51.6250	0.0244	75.1000	
0.1756	51.3750	0.0244	75.1000	
0.1752	51.5750	0.0244	75.0500	
0.1751	51.8000	0.0244	75.0250	
0.1751	51.4750	0.0245	75.0250	
0.1751	51.4750	0.0244	75.1000	
0.1751	51.5250	0.0246	75.0000	
0.1754	51.6250	0.0244	75.0500	
0.1757	51.5500	0.0248	75.0500	
0.1757	51.7000	0.0245	75.0500	
0.1756	51.1750	0.0245	75.0000	
0.1753	51.5750	0.0245	74.9750	
0.1751	51.6750	0.0243	75.0000	
0.1751	51.4750	0.0242	74.9750	
0.1751	51.4750	0.0242	74.9500	
0.1749	51.2750	0.0242	74.9750	
0.1749	51.3500	0.0242	74.9750	
0.1749	51.5250	0.0242	74.9500	
0.1748	51.4500	0.0242	75.0000	
0.1750	51.4000	0.0241	74.9750	
0.1748	51.4250	0.0241	75.0000	
0.1750	51.6250	0.0241	74.9500	
0.1749	51.5250	0.0242	74.9500	
0.1748	51.5500	0.0241	74.9750	
0.1754	51.6000	0.0240	74.9500	
0.1754	51.7750	0.0241	74.9750	
0.1749	51.2750	0.0240	74.9750	
0.1748	51.4750	0.0241	74.9750	
0.1748	51.3000	0.0241	74.9250	
0.1748	51.4750	0.0239	74.9500	
0.1749	51.3000	0.0240	74.9750	
0.1750	51.5000	0.0240	74.9000	
0.1750	51.3250	0.0241	74.9750	
0.1748	51.5250	0.0240	74.9000	
0.1749	51.4500	0.0240	74.9250	
0.1748	51.3750	0.0240	74.9250	
0.1750	51.2750	0.0241	74.9500	
0.1751	51.8250	0.0241	74.8750	
0.1749	51.4000	0.0241	74.9250	
0.1747	51.4250	0.0238	74.9500	
0.1748	51.6500	0.0238	74.8750	
0.1746	51.2750	0.0239	74.9000	
0.1746	51.3500	0.0238	74.9500	
0.1747	51.3000	0.0240	74.9000	
0.1746	51.6250	0.0239	74.9000	
0.1747	51.8000	0.0237	74.9000	
0.1747	51.5750	0.0238	74.9000	
0.1747	51.5750	0.0239	74.8750	
0.1746	51.5750	0.0239	74.9000	
0.1746	51.7250	0.0238	74.9000	
0.1745	51.8250	0.0238	74.9500	
0.1745	51.8000	0.0237	74.9000	
0.1744	51.7000	0.0238	74.8750	
0.1745	51.4250	0.0236	74.9000	
0.1745	51.5750	0.0237	74.8500	
0.1745	51.4500	0.0236	74.9250	
0.1745	51.4500	0.0237	74.8750	
0.1745	51.5750	0.0239	74.9250	
0.1745	51.7500	0.0237	74.8750	
0.1745	51.7250	0.0236	74.9000	
0.1746	51.9500	0.0236	74.8500	
0.1744	51.6000	0.0235	74.8500	
0.1743	51.6750	0.0236	74.9250	
0.1743	51.6000	0.0236	74.9000	
0.1743	51.6500	0.0235	74.8750	
0.1744	52.0500	0.0235	74.9250	
0.1744	52.1000	0.0235	74.9500	
0.1743	51.8500	0.0236	74.9250	
0.1743	51.9500	0.0236	74.9000	
0.1746	51.8750	0.0235	74.9500	
0.1749	52.3000	0.0236	74.9000	
0.1742	51.7750	0.0236	74.9250	
0.1744	51.7000	0.0235	74.9250	
0.1745	51.6500	0.0235	74.8500	
0.1742	51.7750	0.0235	74.9500	
0.1742	52.1250	0.0234	74.9250	
0.1742	51.9500	0.0234	74.9250	
0.1743	51.9000	0.0234	74.9250	
0.1744	52.0750	0.0234	74.9250	
0.1742	52.0500	0.0234	74.9250	
0.1742	52.2000	0.0233	74.8750	
0.1743	51.9000	0.0233	74.8750	
0.1748	52.0250	0.0233	74.9000	
0.1743	52.1500	0.0233	74.8500	
0.1744	51.8000	0.0234	74.9000	
0.1741	51.9500	0.0233	74.8750	
0.1742	51.9500	0.0233	74.9000	
0.1743	52.0000	0.0233	74.8500	
0.1741	52.0750	0.0233	74.8500	
0.1742	52.2000	0.0233	74.8500	
0.1742	52.1000	0.0233	74.8250	
0.1743	51.8750	0.0233	74.8250	
0.1743	52.1750	0.0232	74.8000	
0.1742	51.9750	0.0232	74.8000	
0.1741	52.0750	0.0232	74.8250	
0.1740	52.0750	0.0232	74.8250	
0.1741	52.1500	0.0232	74.8000	
0.1741	52.1500	0.0231	74.8000	
0.1742	52.0750	0.0232	74.8250	
0.1741	52.0500	0.0232	74.8250	
0.1741	51.9500	0.0233	74.8500	
0.1741	52.0250	0.0231	74.8000	
0.1740	51.8500	0.0232	74.8250	
0.1742	52.0250	0.0233	74.8000	
0.1739	51.8750	0.0231	74.8500	
0.1740	51.9250	0.0231	74.8250	
0.1739	52.0750	0.0231	74.8250	
0.1741	51.8500	0.0234	74.8250	
0.1741	51.8000	0.0232	74.8000	
0.1741	51.6000	0.0230	74.8500	
0.1739	51.5500	0.0230	74.8250	
0.1741	52.1250	0.0231	74.8000	
0.1741	51.7750	0.0231	74.8000	
0.1740	51.7000	0.0230	74.8000	
0.1740	51.8250	0.0231	74.8250	
0.1738	51.8250	0.0230	74.7750	
0.1741	51.7250	0.0230	74.8000	
0.1740	51.6000	0.0230	74.7750	
0.1739	52.0750	0.0229	74.7750	
0.1740	52.1750	0.0230	74.8000	
0.1739	52.4750	0.0229	74.8000	
0.1739	51.8500	0.0230	74.7750	
0.1738	52.0250	0.0230	74.8000	
0.1740	51.8000	0.0230	74.8000	
0.1739	52.0250	0.0229	74.8000	
0.1738	51.8750	0.0229	74.7750	
0.1738	52.2250	0.0229	74.8000	
0.1738	52.1500	0.0230	74.8250	
0.1738	52.1000	0.0231	74.8000	
