Loss_Adversary	Accuracy_Adversary	Loss_Target	Accuracy_Target	
-0.2111	0.4215	0.6303	50.0000	50.0000	
-0.2060	0.4132	0.6230	50.0000	50.0000	
-0.2013	0.4055	0.6155	50.0000	50.0000	
-0.1972	0.3983	0.6074	50.0000	50.0000	
-0.1934	0.3914	0.5986	50.0000	50.0000	
-0.1899	0.3847	0.5895	50.0000	50.0000	
-0.1867	0.3785	0.5804	50.0000	50.0000	
-0.1839	0.3726	0.5709	50.0000	50.0000	
-0.1814	0.3670	0.5610	50.0000	50.0000	
-0.1791	0.3616	0.5506	50.0000	50.0000	
-0.1770	0.3562	0.5396	50.0000	50.0000	
-0.1753	0.3511	0.5279	50.0000	50.0000	
-0.1737	0.3461	0.5157	50.0000	50.0000	
-0.1724	0.3412	0.5028	50.0000	50.0000	
-0.1713	0.3364	0.4893	50.0000	50.0000	
-0.1702	0.3315	0.4754	50.0000	50.0000	
-0.1693	0.3269	0.4609	50.0000	50.0000	
-0.1686	0.3222	0.4458	50.0000	50.0000	
-0.1679	0.3175	0.4304	50.0000	50.0000	
-0.1673	0.3129	0.4149	50.0000	50.0000	
-0.1667	0.3083	0.3997	50.0000	50.0000	
-0.1662	0.3039	0.3847	50.0000	50.0000	
-0.1655	0.2995	0.3703	50.0000	50.0000	
-0.1650	0.2953	0.3565	50.0000	50.0000	
-0.1644	0.2914	0.3438	50.0000	50.0000	
-0.1638	0.2877	0.3320	50.0000	50.0000	
-0.1632	0.2841	0.3205	50.0000	50.0000	
-0.1625	0.2807	0.3103	50.0000	50.0000	
-0.1620	0.2779	0.3017	50.0000	50.0000	
-0.1614	0.2754	0.2945	50.0000	50.0000	
-0.1608	0.2733	0.2890	50.0000	50.0000	
-0.1603	0.2712	0.2833	50.0000	50.0000	
-0.1595	0.2689	0.2779	50.0000	50.0000	
-0.1588	0.2666	0.2726	50.0000	50.0000	
-0.1579	0.2640	0.2666	50.0000	50.0000	
-0.1570	0.2615	0.2613	50.0000	50.0000	
-0.1560	0.2588	0.2552	50.0000	50.0000	
-0.1549	0.2559	0.2491	50.0000	50.0000	
-0.1536	0.2530	0.2440	50.0000	50.0000	
-0.1521	0.2500	0.2395	50.0000	50.0000	
-0.1506	0.2474	0.2367	50.0000	50.0000	
-0.1494	0.2451	0.2336	50.0000	50.0000	
-0.1491	0.2443	0.2316	50.0000	50.0000	
-0.1497	0.2448	0.2311	50.0000	50.0000	
-0.1503	0.2464	0.2341	50.0000	50.0000	
-0.1508	0.2489	0.2417	50.0750	50.0000	
-0.1514	0.2508	0.2460	50.4500	50.0000	
-0.1521	0.2524	0.2493	50.3750	50.2250	
-0.1530	0.2547	0.2541	50.0250	52.5250	
-0.1542	0.2577	0.2601	49.8000	57.9750	
-0.1558	0.2613	0.2662	50.0750	63.1000	
-0.1584	0.2659	0.2717	51.1500	64.9000	
-0.1630	0.2726	0.2755	54.3000	70.1750	
-0.1698	0.2815	0.2770	64.9500	65.5000	
-0.1757	0.2892	0.2783	72.1250	58.5500	
-0.1763	0.2886	0.2728	73.8500	53.6500	
-0.1758	0.2794	0.2387	72.4500	53.4250	
-0.1755	0.2734	0.2161	63.6500	53.5250	
-0.1741	0.2699	0.2091	57.6250	52.4250	
-0.1733	0.2677	0.2042	53.6750	51.0250	
-0.1724	0.2649	0.1976	50.7000	50.5750	
-0.1712	0.2616	0.1906	50.0000	50.3750	
-0.1699	0.2584	0.1840	50.0000	50.6000	
-0.1686	0.2553	0.1782	50.0000	50.8000	
-0.1673	0.2524	0.1733	50.0000	50.9000	
-0.1662	0.2505	0.1706	50.4000	50.9000	
-0.1654	0.2491	0.1696	51.0500	50.6750	
-0.1649	0.2486	0.1701	51.4250	50.5250	
-0.1646	0.2483	0.1705	51.4750	50.8000	
-0.1644	0.2480	0.1701	50.6750	51.0750	
-0.1643	0.2475	0.1688	50.0000	51.3000	
-0.1642	0.2471	0.1672	50.0000	51.5500	
-0.1642	0.2464	0.1646	50.0000	52.0250	
-0.1643	0.2457	0.1614	50.0000	52.2750	
-0.1644	0.2452	0.1589	50.0000	52.4750	
-0.1645	0.2448	0.1566	50.0000	52.8000	
-0.1647	0.2447	0.1556	50.0000	53.0500	
-0.1649	0.2448	0.1549	50.0000	53.9000	
-0.1652	0.2452	0.1551	50.0000	54.1750	
-0.1657	0.2461	0.1560	50.0000	54.5500	
-0.1664	0.2475	0.1578	50.0750	54.8000	
-0.1682	0.2516	0.1654	51.6000	55.4250	
-0.1726	0.2621	0.1854	53.4000	56.4750	
-0.1816	0.2809	0.2156	55.5500	58.4000	
-0.1875	0.2863	0.2079	58.4250	61.3000	
-0.1873	0.2777	0.1740	60.6500	63.4500	
-0.1860	0.2683	0.1432	62.3750	65.2000	
-0.1850	0.2613	0.1200	62.4750	66.9750	
-0.1845	0.2560	0.1016	62.1250	70.6000	
-0.1840	0.2515	0.0856	58.5500	73.8250	
-0.1833	0.2475	0.0736	42.9500	78.1750	
-0.1820	0.2436	0.0644	35.7500	82.0000	
-0.1805	0.2402	0.0585	31.1500	85.0750	
-0.1787	0.2370	0.0546	25.5500	87.0750	
-0.1770	0.2341	0.0515	25.0750	87.8750	
-0.1750	0.2310	0.0489	25.2000	88.1250	
-0.1727	0.2275	0.0467	25.1750	87.9750	
-0.1705	0.2244	0.0454	25.5750	87.3250	
-0.1688	0.2227	0.0471	26.0500	86.7750	
-0.1678	0.2234	0.0549	27.8500	86.2500	
-0.1670	0.2268	0.0719	32.9750	85.2500	
-0.1666	0.2319	0.0944	41.0250	84.3750	
-0.1669	0.2386	0.1195	46.0750	82.7500	
-0.1680	0.2470	0.1478	49.2250	80.6250	
-0.1699	0.2556	0.1731	49.9000	78.9250	
-0.1722	0.2651	0.1995	50.8750	77.4250	
-0.1721	0.2683	0.2129	62.4500	76.8000	
-0.1711	0.2662	0.2094	70.9750	76.7000	
-0.1705	0.2628	0.1984	68.6250	76.7250	
-0.1691	0.2585	0.1889	64.0500	75.2500	
-0.1691	0.2556	0.1771	61.7500	73.4250	
-0.1701	0.2551	0.1700	60.1750	72.5250	
-0.1715	0.2556	0.1650	59.8750	73.1250	
-0.1731	0.2563	0.1596	61.1500	73.2500	
-0.1747	0.2558	0.1497	60.0500	73.5500	
-0.1761	0.2548	0.1387	59.4750	73.8250	
-0.1771	0.2530	0.1266	57.2500	74.3250	
-0.1776	0.2506	0.1147	53.4000	74.9750	
-0.1775	0.2476	0.1029	44.1250	75.8500	
-0.1768	0.2438	0.0910	31.3500	76.9000	
-0.1757	0.2395	0.0795	27.9750	78.3250	
-0.1742	0.2350	0.0691	25.2500	79.4500	
-0.1722	0.2303	0.0604	25.2000	80.1750	
-0.1699	0.2260	0.0544	25.9250	80.6500	
-0.1674	0.2226	0.0531	25.4500	80.4000	
-0.1656	0.2213	0.0573	25.4500	79.1250	
-0.1649	0.2238	0.0706	26.2500	77.4000	
-0.1659	0.2312	0.0954	28.3000	75.8500	
-0.1674	0.2397	0.1216	33.8500	74.0250	
-0.1687	0.2471	0.1449	42.8750	72.0750	
-0.1696	0.2526	0.1622	52.8500	69.3250	
-0.1703	0.2561	0.1727	59.9500	66.3000	
-0.1708	0.2584	0.1796	61.2750	63.2500	
-0.1710	0.2593	0.1822	62.6500	61.3000	
-0.1709	0.2590	0.1813	60.7000	59.7500	
-0.1706	0.2575	0.1766	59.9000	58.5750	
-0.1703	0.2555	0.1703	58.4500	58.1000	
-0.1700	0.2532	0.1626	55.9250	58.0000	
-0.1699	0.2510	0.1549	50.2000	58.0500	
-0.1697	0.2489	0.1473	42.6750	58.3250	
-0.1697	0.2473	0.1408	38.4500	58.7500	
-0.1697	0.2457	0.1343	36.9250	59.6500	
-0.1698	0.2440	0.1271	35.2250	60.3000	
-0.1699	0.2425	0.1203	34.5000	61.3500	
-0.1702	0.2412	0.1138	33.1750	62.9250	
-0.1704	0.2401	0.1081	32.8750	64.4500	
-0.1707	0.2392	0.1031	32.9750	66.5500	
-0.1709	0.2379	0.0972	32.2250	68.8250	
-0.1710	0.2368	0.0923	32.0500	70.4250	
-0.1710	0.2363	0.0902	31.8500	71.5000	
-0.1709	0.2361	0.0898	31.9250	72.2000	
-0.1708	0.2362	0.0907	31.9500	72.3000	
-0.1708	0.2368	0.0930	32.6750	71.6000	
-0.1709	0.2375	0.0956	32.6250	70.2750	
-0.1710	0.2385	0.0991	34.6250	68.8000	
-0.1711	0.2398	0.1036	34.9250	67.3250	
-0.1713	0.2408	0.1069	36.2000	65.7250	
-0.1714	0.2416	0.1096	37.6750	64.8500	
-0.1715	0.2424	0.1122	38.6500	64.0750	
-0.1715	0.2426	0.1127	38.7750	63.4500	
-0.1715	0.2422	0.1110	38.9250	63.1750	
-0.1716	0.2418	0.1093	38.6750	63.1500	
-0.1717	0.2416	0.1082	39.0500	63.3750	
-0.1718	0.2411	0.1057	39.3250	63.6750	
-0.1719	0.2408	0.1040	38.5750	63.5500	
-0.1720	0.2407	0.1029	39.0750	63.6000	
-0.1722	0.2403	0.1004	38.5750	63.1500	
-0.1724	0.2405	0.1002	38.7750	62.4500	
-0.1725	0.2412	0.1022	38.9000	61.7750	
-0.1725	0.2413	0.1025	39.2250	61.1750	
-0.1725	0.2412	0.1021	40.0500	60.7750	
-0.1725	0.2413	0.1027	40.2750	60.2750	
-0.1724	0.2412	0.1027	40.9250	60.1500	
-0.1723	0.2405	0.1005	40.7500	60.1500	
-0.1722	0.2400	0.0989	40.9500	60.3750	
-0.1722	0.2396	0.0973	40.2250	60.9000	
-0.1723	0.2390	0.0947	38.4750	61.5250	
-0.1725	0.2383	0.0909	38.1250	62.2750	
-0.1726	0.2377	0.0879	37.8250	63.1000	
-0.1728	0.2369	0.0838	36.4500	63.8250	
-0.1729	0.2366	0.0815	36.3500	64.9750	
-0.1732	0.2366	0.0803	35.9750	66.1000	
-0.1733	0.2361	0.0781	34.9250	67.5000	
-0.1733	0.2355	0.0756	35.4500	68.6500	
-0.1734	0.2350	0.0732	35.3750	69.3500	
-0.1735	0.2355	0.0743	35.6000	70.8250	
-0.1735	0.2355	0.0746	36.0000	71.4250	
-0.1735	0.2353	0.0735	36.3250	71.7500	
-0.1734	0.2354	0.0744	35.1500	71.7750	
-0.1733	0.2356	0.0759	34.7500	71.4250	
-0.1733	0.2358	0.0770	35.4000	71.2250	
-0.1733	0.2362	0.0785	35.9250	70.4250	
-0.1733	0.2364	0.0792	37.3750	68.8250	
-0.1734	0.2365	0.0791	37.1500	67.8250	
-0.1734	0.2368	0.0802	36.7750	66.9000	
-0.1735	0.2375	0.0823	37.3000	66.0000	
-0.1736	0.2380	0.0843	37.7250	64.9500	
-0.1737	0.2380	0.0837	37.6750	64.3750	
-0.1737	0.2379	0.0827	38.5250	63.8000	
-0.1737	0.2387	0.0862	38.6750	63.7250	
-0.1738	0.2387	0.0855	37.1250	63.0500	
-0.1739	0.2382	0.0834	35.6500	62.4750	
-0.1738	0.2386	0.0855	35.6500	62.4750	
-0.1739	0.2389	0.0858	37.2000	62.5250	
-0.1740	0.2386	0.0842	36.0000	61.3750	
-0.1741	0.2385	0.0836	36.1000	61.1500	
-0.1743	0.2394	0.0858	35.8000	60.8750	
-0.1744	0.2395	0.0859	35.6500	60.3750	
-0.1746	0.2394	0.0849	36.2250	59.6000	
-0.1746	0.2400	0.0870	36.7750	59.1500	
-0.1748	0.2400	0.0860	34.8750	58.4250	
-0.1749	0.2401	0.0856	33.3000	57.9750	
-0.1751	0.2404	0.0862	34.3500	57.5250	
-0.1752	0.2410	0.0880	35.9250	57.1000	
-0.1752	0.2408	0.0868	34.1000	56.5000	
-0.1753	0.2411	0.0880	33.4500	56.3000	
-0.1754	0.2413	0.0878	31.9500	55.8250	
-0.1755	0.2408	0.0860	32.0250	55.2250	
-0.1754	0.2414	0.0884	33.3250	55.2750	
-0.1755	0.2412	0.0875	33.8500	55.1500	
-0.1754	0.2408	0.0860	33.0250	54.7000	
-0.1753	0.2407	0.0860	32.4000	54.5500	
-0.1754	0.2407	0.0859	30.7750	54.4500	
-0.1754	0.2405	0.0850	30.9750	54.3000	
-0.1753	0.2399	0.0828	30.1250	54.2750	
-0.1753	0.2399	0.0831	32.0500	54.3500	
-0.1753	0.2396	0.0820	30.8250	54.1750	
-0.1753	0.2391	0.0799	29.3000	54.2000	
-0.1752	0.2390	0.0798	29.5250	54.7250	
-0.1751	0.2387	0.0792	32.5000	55.0250	
-0.1753	0.2379	0.0752	30.7000	55.1250	
-0.1753	0.2375	0.0735	29.8500	55.9250	
-0.1754	0.2374	0.0723	28.4000	56.7250	
-0.1754	0.2367	0.0698	29.0250	56.9500	
-0.1757	0.2364	0.0671	30.5250	58.3750	
-0.1758	0.2362	0.0657	29.3750	59.3000	
-0.1761	0.2357	0.0623	29.1000	60.7250	
-0.1763	0.2357	0.0615	30.9250	62.4750	
-0.1762	0.2352	0.0596	32.2250	63.9250	
-0.1764	0.2354	0.0597	30.3250	65.9250	
-0.1764	0.2358	0.0612	30.9750	67.1500	
-0.1766	0.2356	0.0594	32.5250	67.9250	
-0.1766	0.2358	0.0603	33.0750	68.1500	
-0.1764	0.2361	0.0625	34.2000	68.7500	
-0.1764	0.2359	0.0613	36.6250	68.7500	
-0.1764	0.2359	0.0616	36.0250	68.5750	
-0.1762	0.2363	0.0639	34.8000	68.3250	
-0.1760	0.2365	0.0659	35.4250	67.6250	
-0.1759	0.2364	0.0659	36.3750	66.6750	
-0.1759	0.2368	0.0678	37.8250	65.6750	
-0.1759	0.2371	0.0691	38.2500	65.0250	
-0.1759	0.2374	0.0700	37.6750	64.1750	
-0.1760	0.2374	0.0698	37.5500	63.7500	
-0.1758	0.2377	0.0714	38.5500	62.9000	
-0.1757	0.2383	0.0744	38.5000	62.4250	
-0.1760	0.2381	0.0724	36.6750	61.8250	
-0.1762	0.2388	0.0743	38.3250	61.1500	
-0.1760	0.2387	0.0751	38.5750	60.6250	
-0.1760	0.2385	0.0742	33.6500	59.9250	
-0.1761	0.2389	0.0752	32.9750	60.0500	
-0.1763	0.2393	0.0759	35.3000	59.5750	
-0.1764	0.2387	0.0728	36.7750	59.3250	
-0.1764	0.2387	0.0730	34.8000	59.0750	
-0.1763	0.2384	0.0718	30.7000	59.0000	
-0.1763	0.2382	0.0711	30.2750	59.0250	
-0.1763	0.2384	0.0724	32.7500	58.9500	
-0.1762	0.2383	0.0721	32.6500	58.9750	
-0.1763	0.2374	0.0681	30.7500	59.1250	
-0.1763	0.2374	0.0677	32.0750	59.3250	
-0.1763	0.2375	0.0686	31.8750	59.5500	
-0.1763	0.2372	0.0677	32.1750	59.7500	
-0.1762	0.2366	0.0654	30.8750	59.9000	
-0.1763	0.2365	0.0649	27.9750	60.1750	
-0.1763	0.2369	0.0660	30.9250	60.3750	
-0.1763	0.2368	0.0657	30.7750	60.7000	
-0.1763	0.2362	0.0636	27.1500	60.7250	
-0.1761	0.2364	0.0651	31.4500	61.4000	
-0.1762	0.2364	0.0643	33.0000	61.3500	
-0.1761	0.2358	0.0628	31.3500	61.7500	
-0.1763	0.2362	0.0633	28.8250	61.7500	
-0.1762	0.2366	0.0653	29.1250	61.9500	
-0.1763	0.2363	0.0639	33.7000	62.0250	
-0.1763	0.2362	0.0631	34.7000	62.0500	
-0.1762	0.2362	0.0636	31.2000	62.2750	
-0.1763	0.2362	0.0635	28.1000	62.4250	
-0.1763	0.2366	0.0649	31.1750	62.4000	
-0.1763	0.2365	0.0646	32.3500	62.3750	
-0.1762	0.2363	0.0641	31.2000	62.2750	
-0.1761	0.2369	0.0671	33.6250	62.3500	
-0.1762	0.2369	0.0666	32.5750	62.1250	
-0.1763	0.2366	0.0648	30.0750	62.1750	
-0.1763	0.2368	0.0657	30.1250	62.2500	
-0.1763	0.2369	0.0662	33.1250	62.1250	
-0.1763	0.2365	0.0645	32.2500	61.9750	
-0.1761	0.2367	0.0660	28.7000	61.9500	
-0.1761	0.2370	0.0675	29.7750	62.0500	
-0.1756	0.2369	0.0695	33.5500	62.1250	
-0.1760	0.2367	0.0667	31.4250	61.8750	
-0.1758	0.2371	0.0691	30.7000	62.1500	
-0.1758	0.2367	0.0680	29.7000	61.8750	
-0.1759	0.2367	0.0675	28.8250	61.8250	
-0.1761	0.2369	0.0671	30.3750	62.0250	
-0.1761	0.2362	0.0641	29.2750	61.7500	
-0.1761	0.2362	0.0643	27.4750	61.7500	
-0.1760	0.2366	0.0662	28.7750	62.1250	
-0.1760	0.2365	0.0661	29.5500	61.9500	
-0.1760	0.2360	0.0639	28.0500	61.9250	
-0.1760	0.2358	0.0633	26.8000	61.9250	
-0.1761	0.2363	0.0650	25.7000	62.2750	
-0.1759	0.2362	0.0656	26.9750	62.4000	
-0.1757	0.2360	0.0655	30.0500	62.3000	
-0.1758	0.2356	0.0632	26.8500	62.2500	
-0.1758	0.2360	0.0649	25.6250	62.4500	
-0.1759	0.2359	0.0643	25.7750	62.5250	
-0.1759	0.2355	0.0626	26.3250	62.3750	
-0.1758	0.2356	0.0634	26.0750	62.8000	
-0.1757	0.2356	0.0637	25.5500	62.6250	
-0.1758	0.2354	0.0626	25.3500	62.6750	
-0.1758	0.2358	0.0643	25.3500	62.9500	
-0.1757	0.2351	0.0620	25.4000	62.9750	
-0.1756	0.2351	0.0623	25.7000	63.0500	
-0.1757	0.2352	0.0623	24.7750	62.9000	
-0.1757	0.2354	0.0633	25.7000	63.3250	
-0.1753	0.2354	0.0653	27.1500	62.9500	
-0.1750	0.2345	0.0630	25.9500	62.9250	
-0.1755	0.2352	0.0636	25.0750	63.5000	
-0.1755	0.2358	0.0653	25.9000	63.7500	
-0.1756	0.2348	0.0616	25.5250	63.6000	
-0.1756	0.2347	0.0607	24.4750	63.5500	
-0.1756	0.2354	0.0636	25.5000	64.0750	
-0.1756	0.2352	0.0625	24.9000	64.2000	
-0.1757	0.2351	0.0618	25.5500	64.3000	
-0.1756	0.2351	0.0623	25.5250	64.5750	
-0.1756	0.2353	0.0630	25.2500	64.6750	
-0.1756	0.2352	0.0627	25.1000	64.9500	
-0.1756	0.2351	0.0625	24.5250	65.0000	
-0.1756	0.2353	0.0632	24.8250	65.3500	
-0.1757	0.2351	0.0619	24.9250	65.2500	
-0.1757	0.2351	0.0619	25.1500	65.4750	
-0.1757	0.2352	0.0623	24.8500	65.5750	
-0.1757	0.2352	0.0625	24.8750	65.6250	
-0.1756	0.2352	0.0628	24.7500	66.1250	
-0.1757	0.2352	0.0621	24.9250	65.7750	
-0.1757	0.2353	0.0625	25.0500	66.2750	
-0.1757	0.2352	0.0623	24.7500	66.2000	
-0.1757	0.2353	0.0628	24.8500	66.1250	
-0.1757	0.2354	0.0629	24.9500	66.3750	
-0.1757	0.2353	0.0625	24.7500	66.3750	
-0.1757	0.2352	0.0626	24.8000	66.4500	
-0.1758	0.2354	0.0626	25.3250	66.4000	
-0.1754	0.2352	0.0636	25.4750	66.3000	
-0.1752	0.2355	0.0661	25.1250	66.3750	
-0.1757	0.2360	0.0656	25.2500	66.6000	
-0.1758	0.2356	0.0636	25.8750	66.4250	
-0.1757	0.2357	0.0641	24.5750	66.4250	
-0.1757	0.2355	0.0635	24.8250	66.4500	
-0.1756	0.2360	0.0662	24.9500	66.5000	
-0.1758	0.2368	0.0686	26.5250	66.7250	
-0.1756	0.2359	0.0655	25.0000	66.3500	
-0.1757	0.2362	0.0661	25.1000	66.7250	
-0.1757	0.2371	0.0698	26.2750	66.5250	
-0.1757	0.2368	0.0689	25.9750	66.2250	
-0.1757	0.2366	0.0676	24.7750	66.5000	
-0.1759	0.2374	0.0701	25.6000	66.5250	
-0.1758	0.2372	0.0697	24.9500	66.5000	
-0.1758	0.2370	0.0688	25.1250	66.4500	
-0.1757	0.2372	0.0706	25.1250	66.6500	
-0.1758	0.2380	0.0728	25.9250	66.5750	
-0.1760	0.2376	0.0707	26.0750	66.6250	
-0.1760	0.2376	0.0703	24.7000	66.5250	
-0.1761	0.2384	0.0728	24.8750	66.6000	
-0.1762	0.2389	0.0748	25.1500	66.5500	
-0.1763	0.2400	0.0784	25.3500	66.3750	
-0.1769	0.2418	0.0826	25.4000	65.9750	
-0.1781	0.2458	0.0926	26.7500	65.3750	
-0.1822	0.2555	0.1111	30.0750	64.0750	
-0.1916	0.2768	0.1488	41.2750	61.5250	
-0.2143	0.3207	0.2110	44.5000	58.2750	
-0.2435	0.3729	0.2740	43.6250	58.1500	
-0.2655	0.4040	0.2884	46.0000	65.1750	
-0.2536	0.3861	0.2766	46.9750	69.8500	
-0.2220	0.3449	0.2699	47.6500	69.1750	
-0.2010	0.3150	0.2547	48.2250	69.0000	
-0.1884	0.2961	0.2428	48.6500	68.9250	
-0.1816	0.2856	0.2344	48.9250	68.9250	
-0.1775	0.2786	0.2270	49.1500	68.9500	
-0.1751	0.2741	0.2207	49.4500	68.8250	
-0.1731	0.2702	0.2152	49.4250	68.3750	
-0.1717	0.2672	0.2101	49.5500	67.8750	
-0.1705	0.2645	0.2056	49.6000	66.8250	
-0.1696	0.2623	0.2014	49.5750	65.1250	
-0.1689	0.2605	0.1975	49.8000	63.1250	
-0.1684	0.2590	0.1939	49.7750	61.5500	
-0.1680	0.2577	0.1906	49.8750	59.5500	
-0.1678	0.2566	0.1874	49.9000	58.3250	
-0.1676	0.2557	0.1845	50.0250	57.5750	
-0.1675	0.2548	0.1817	50.0250	57.2750	
-0.1676	0.2542	0.1790	49.8500	56.7500	
-0.1676	0.2536	0.1765	49.8250	56.5000	
-0.1677	0.2531	0.1740	49.8500	56.0250	
-0.1678	0.2527	0.1716	49.8750	55.4000	
-0.1680	0.2524	0.1693	49.8750	55.3750	
-0.1683	0.2521	0.1670	49.8750	55.3500	
-0.1685	0.2518	0.1649	49.9000	55.4250	
-0.1687	0.2516	0.1628	49.9500	55.7000	
-0.1690	0.2514	0.1609	49.9250	56.2250	
-0.1693	0.2513	0.1589	49.9000	56.2250	
-0.1695	0.2512	0.1569	49.9500	56.4250	
-0.1698	0.2510	0.1551	49.9500	56.8500	
-0.1701	0.2509	0.1532	49.9250	57.2750	
-0.1704	0.2509	0.1515	49.9500	57.7250	
-0.1707	0.2508	0.1498	49.9750	58.1750	
-0.1710	0.2507	0.1481	49.9250	58.4000	
-0.1712	0.2507	0.1465	49.8500	58.7500	
-0.1715	0.2506	0.1449	49.9500	59.1250	
-0.1718	0.2506	0.1434	49.8750	59.3250	
-0.1721	0.2506	0.1418	50.1000	59.7500	
-0.1723	0.2505	0.1404	49.9750	59.9750	
-0.1726	0.2505	0.1389	49.9500	60.3500	
-0.1728	0.2504	0.1375	50.0750	60.6750	
-0.1731	0.2504	0.1362	50.0750	60.9750	
-0.1733	0.2504	0.1349	50.1500	61.2250	
-0.1736	0.2504	0.1337	50.2000	61.4750	
-0.1738	0.2504	0.1324	50.1000	61.6750	
-0.1740	0.2504	0.1313	50.1000	62.1500	
-0.1742	0.2503	0.1302	49.9500	62.2750	
-0.1744	0.2503	0.1291	49.9000	62.4750	
-0.1746	0.2503	0.1281	50.0000	62.7000	
-0.1748	0.2503	0.1270	49.9250	62.9250	
-0.1750	0.2503	0.1261	49.9250	62.9250	
-0.1752	0.2502	0.1251	49.9750	63.0500	
-0.1753	0.2502	0.1242	49.9750	63.2250	
-0.1755	0.2502	0.1233	50.0250	63.3250	
-0.1757	0.2502	0.1224	50.0000	63.4750	
-0.1758	0.2501	0.1216	49.8000	63.6500	
-0.1759	0.2501	0.1208	49.7750	63.7250	
-0.1761	0.2501	0.1199	49.8000	63.8000	
-0.1762	0.2501	0.1192	49.6750	63.8250	
-0.1764	0.2501	0.1184	49.5750	63.7000	
-0.1765	0.2500	0.1177	49.5500	63.6500	
-0.1766	0.2500	0.1169	49.5500	63.6250	
-0.1768	0.2500	0.1162	49.5000	63.6750	
-0.1769	0.2500	0.1155	49.4500	63.7750	
-0.1770	0.2500	0.1148	49.5250	63.6250	
-0.1772	0.2500	0.1141	49.3500	63.7500	
-0.1773	0.2499	0.1133	49.2750	63.8750	
-0.1774	0.2499	0.1126	49.2750	63.7000	
-0.1776	0.2499	0.1118	49.4500	63.8000	
-0.1777	0.2499	0.1110	49.5750	63.9000	
-0.1779	0.2499	0.1101	49.5000	63.8000	
-0.1780	0.2499	0.1094	49.7250	64.0000	
-0.1782	0.2498	0.1085	49.7750	63.9750	
-0.1783	0.2498	0.1076	49.7250	63.9500	
-0.1785	0.2498	0.1067	49.6750	64.2000	
-0.1786	0.2498	0.1059	49.6000	64.1250	
-0.1787	0.2497	0.1053	49.4750	64.0750	
-0.1789	0.2497	0.1046	49.5500	64.2500	
-0.1790	0.2497	0.1040	49.5500	64.2750	
-0.1791	0.2497	0.1033	49.3250	64.3500	
-0.1792	0.2497	0.1027	49.3750	64.4750	
-0.1794	0.2497	0.1018	49.3750	64.4000	
-0.1795	0.2497	0.1010	49.4500	64.4750	
-0.1797	0.2496	0.1002	49.5000	64.5750	
-0.1798	0.2496	0.0994	49.5500	64.6500	
-0.1800	0.2496	0.0985	49.4000	64.7750	
-0.1802	0.2496	0.0976	49.5000	64.6000	
-0.1804	0.2496	0.0967	49.5750	64.7500	
-0.1806	0.2496	0.0958	49.5750	64.7750	
-0.1808	0.2497	0.0946	49.6500	64.7250	
-0.1811	0.2497	0.0934	49.9750	64.8250	
-0.1814	0.2498	0.0922	50.0250	64.8750	
-0.1816	0.2498	0.0910	50.0000	65.0000	
-0.1819	0.2498	0.0900	50.0000	64.8750	
-0.1821	0.2498	0.0888	50.1250	65.0750	
-0.1824	0.2499	0.0876	50.1500	65.2000	
-0.1826	0.2499	0.0864	50.2000	65.2750	
-0.1829	0.2499	0.0849	50.3000	65.2250	
-0.1833	0.2499	0.0830	50.1500	65.2500	
-0.1838	0.2500	0.0808	50.6000	65.4500	
-0.1844	0.2500	0.0780	50.5000	65.1000	
-0.1850	0.2500	0.0754	50.3000	65.1000	
-0.1856	0.2501	0.0724	50.3250	65.3500	
-0.1863	0.2502	0.0691	50.4000	65.3500	
-0.1871	0.2502	0.0653	50.4500	65.1250	
-0.1879	0.2503	0.0615	50.4000	65.4750	
-0.1887	0.2503	0.0577	50.3000	65.7000	
-0.1896	0.2503	0.0532	50.2500	65.6500	
-0.1905	0.2503	0.0488	50.2500	65.6250	
-0.1914	0.2503	0.0443	50.2500	65.4250	
-0.1922	0.2503	0.0401	50.2750	66.0250	
-0.1932	0.2503	0.0355	50.3250	66.1000	
-0.1940	0.2503	0.0312	50.3000	66.0250	
-0.1947	0.2503	0.0275	50.2500	66.3750	
-0.1953	0.2503	0.0246	50.1750	66.5750	
-0.1957	0.2503	0.0225	50.2000	65.6250	
-0.1960	0.2502	0.0210	50.2250	65.4500	
-0.1962	0.2502	0.0199	50.2750	64.7500	
-0.1964	0.2502	0.0189	50.3000	64.8500	
-0.1965	0.2502	0.0182	50.2250	64.5250	
-0.1967	0.2502	0.0175	50.2250	64.7000	
-0.1968	0.2502	0.0169	50.1750	64.7000	
-0.1969	0.2502	0.0164	50.2000	64.6500	
-0.1970	0.2502	0.0159	50.2000	64.7750	
-0.1971	0.2502	0.0154	50.1500	64.7500	
-0.1972	0.2502	0.0150	50.1500	65.0250	
-0.1973	0.2502	0.0145	50.1500	65.2500	
-0.1973	0.2502	0.0141	50.1250	65.2750	
-0.1974	0.2502	0.0138	50.1250	65.5250	
-0.1975	0.2502	0.0134	50.1250	65.6500	
-0.1976	0.2502	0.0130	50.1250	65.9000	
-0.1976	0.2502	0.0127	50.1250	66.1250	
-0.1977	0.2502	0.0124	50.1500	66.3250	
-0.1977	0.2502	0.0121	50.1250	66.4250	
-0.1978	0.2502	0.0118	50.1000	66.8750	
-0.1979	0.2502	0.0115	50.1000	66.9750	
-0.1979	0.2502	0.0113	50.1000	67.2500	
-0.1980	0.2502	0.0110	50.1000	67.2750	
-0.1980	0.2502	0.0108	50.1250	67.5500	
-0.1980	0.2502	0.0106	50.1250	67.5000	
-0.1981	0.2502	0.0103	50.1500	67.7000	
-0.1981	0.2502	0.0101	50.1500	67.7500	
-0.1982	0.2502	0.0099	50.1500	67.9750	
-0.1982	0.2502	0.0097	50.1750	68.1500	
-0.1982	0.2502	0.0095	50.1500	68.2750	
-0.1983	0.2502	0.0094	50.1500	68.3500	
-0.1983	0.2502	0.0092	50.1500	68.5250	
-0.1983	0.2502	0.0090	50.1500	68.6000	
-0.1984	0.2502	0.0088	50.2250	68.6750	
-0.1984	0.2502	0.0087	50.2000	68.8500	
-0.1984	0.2502	0.0085	50.2750	69.0000	
-0.1985	0.2502	0.0084	50.2750	68.9000	
-0.1985	0.2502	0.0082	50.2500	69.0250	
-0.1985	0.2502	0.0081	50.2250	69.4500	
-0.1985	0.2501	0.0080	50.2250	69.5000	
-0.1985	0.2501	0.0078	50.2500	69.6500	
-0.1986	0.2501	0.0077	50.2500	69.8500	
-0.1986	0.2501	0.0076	50.2250	69.9000	
-0.1986	0.2501	0.0075	50.2250	70.0250	
-0.1986	0.2501	0.0074	50.2250	70.3250	
-0.1986	0.2501	0.0073	50.2250	70.4500	
-0.1986	0.2501	0.0072	50.2500	70.4000	
-0.1987	0.2501	0.0071	50.2750	70.7250	
-0.1987	0.2501	0.0070	50.2250	70.7500	
-0.1987	0.2501	0.0069	50.2500	70.9750	
-0.1987	0.2501	0.0068	50.1500	71.0500	
-0.1987	0.2501	0.0067	50.1250	71.0750	
-0.1987	0.2501	0.0066	50.0500	71.2750	
-0.1987	0.2501	0.0065	50.0750	71.4250	
-0.1988	0.2500	0.0064	50.1000	71.2500	
-0.1988	0.2500	0.0063	50.0750	71.4250	
-0.1988	0.2500	0.0062	50.0750	71.6000	
-0.1988	0.2500	0.0061	50.0500	71.5750	
-0.1988	0.2500	0.0061	50.0250	71.6000	
-0.1988	0.2500	0.0060	50.0250	71.8000	
-0.1988	0.2500	0.0059	50.0250	71.7000	
-0.1989	0.2500	0.0058	50.0000	71.8500	
-0.1989	0.2500	0.0057	50.0250	71.9250	
-0.1989	0.2500	0.0057	50.0250	71.9250	
-0.1989	0.2500	0.0056	50.0000	72.0500	
-0.1989	0.2500	0.0055	50.0000	72.0000	
-0.1989	0.2500	0.0055	50.0000	72.0500	
-0.1989	0.2500	0.0054	50.0000	72.3000	
-0.1989	0.2500	0.0053	50.0500	72.2250	
-0.1990	0.2500	0.0053	50.0500	72.2750	
-0.1990	0.2500	0.0052	50.0500	72.3750	
-0.1990	0.2500	0.0052	50.0500	72.3000	
-0.1990	0.2500	0.0051	50.1000	72.2500	
-0.1990	0.2500	0.0051	50.1000	72.4500	
-0.1990	0.2500	0.0050	50.1250	72.4250	
-0.1990	0.2500	0.0050	50.1000	72.4250	
-0.1990	0.2500	0.0049	50.0750	72.4750	
-0.1990	0.2500	0.0049	50.0250	72.5250	
-0.1990	0.2500	0.0048	50.0000	72.5500	
-0.1990	0.2500	0.0048	50.0000	72.5250	
-0.1990	0.2500	0.0048	49.9250	72.5500	
-0.1991	0.2500	0.0047	49.9500	72.5250	
-0.1991	0.2500	0.0047	49.9500	72.6000	
-0.1991	0.2500	0.0046	49.9500	72.6750	
-0.1991	0.2500	0.0046	49.9500	72.7500	
-0.1991	0.2500	0.0045	49.9500	72.7000	
-0.1991	0.2500	0.0045	49.9500	72.7750	
-0.1991	0.2500	0.0045	50.0000	72.8000	
-0.1991	0.2500	0.0044	50.0000	72.8000	
-0.1991	0.2500	0.0044	50.0000	72.8750	
-0.1991	0.2500	0.0043	49.9750	72.9000	
-0.1991	0.2500	0.0043	49.9750	72.9000	
-0.1991	0.2500	0.0043	49.9750	72.9250	
-0.1991	0.2500	0.0042	49.9750	72.7750	
-0.1992	0.2500	0.0042	49.9750	72.9750	
-0.1992	0.2500	0.0042	49.9750	72.9250	
-0.1992	0.2500	0.0042	49.9750	73.0500	
-0.1992	0.2500	0.0041	49.9750	73.0750	
-0.1992	0.2500	0.0041	50.0000	73.0250	
-0.1992	0.2500	0.0041	50.0000	73.0000	
-0.1992	0.2500	0.0040	50.0000	73.1000	
-0.1992	0.2500	0.0040	50.0000	73.1000	
-0.1992	0.2500	0.0040	50.0000	73.0000	
-0.1992	0.2500	0.0039	50.0000	73.1000	
-0.1992	0.2500	0.0039	50.0000	73.0500	
-0.1992	0.2500	0.0039	50.0000	73.1000	
-0.1992	0.2500	0.0039	50.0000	73.0750	
-0.1992	0.2500	0.0038	50.0000	73.1250	
-0.1992	0.2500	0.0038	50.0250	73.0250	
-0.1992	0.2500	0.0038	50.0250	73.1000	
-0.1992	0.2500	0.0038	50.0250	73.1250	
-0.1992	0.2500	0.0037	50.0250	73.2000	
-0.1992	0.2500	0.0037	50.0000	73.2250	
-0.1993	0.2500	0.0037	50.0000	73.1750	
-0.1993	0.2500	0.0037	50.0000	73.2750	
-0.1993	0.2500	0.0036	50.0000	73.1500	
-0.1993	0.2500	0.0036	50.0000	73.2250	
-0.1993	0.2500	0.0036	50.0000	73.3000	
-0.1993	0.2500	0.0036	50.0000	73.2750	
-0.1993	0.2500	0.0036	49.9750	73.3250	
-0.1993	0.2500	0.0035	49.9250	73.2750	
-0.1993	0.2500	0.0035	49.9250	73.2500	
-0.1993	0.2500	0.0035	49.9250	73.3750	
-0.1993	0.2500	0.0035	49.9250	73.3250	
-0.1993	0.2500	0.0034	49.9250	73.4000	
-0.1993	0.2500	0.0034	49.9500	73.2750	
-0.1993	0.2500	0.0034	49.9500	73.3750	
-0.1993	0.2500	0.0034	49.9250	73.4000	
-0.1993	0.2500	0.0033	49.9250	73.4500	
-0.1993	0.2500	0.0033	49.9250	73.4750	
-0.1993	0.2500	0.0033	49.9250	73.5000	
-0.1993	0.2500	0.0033	49.9500	73.4750	
-0.1993	0.2500	0.0033	49.9500	73.5000	
-0.1993	0.2500	0.0032	50.0000	73.5500	
-0.1993	0.2500	0.0032	50.0000	73.4750	
-0.1993	0.2500	0.0032	49.9750	73.6250	
-0.1993	0.2500	0.0032	49.9750	73.6250	
-0.1994	0.2500	0.0031	49.9500	73.6000	
-0.1994	0.2500	0.0031	49.9500	73.6500	
-0.1994	0.2500	0.0031	49.9750	73.6250	
-0.1994	0.2500	0.0031	50.0000	73.7000	
-0.1994	0.2500	0.0030	49.9750	73.7000	
-0.1994	0.2500	0.0030	49.9750	73.7500	
-0.1994	0.2500	0.0030	50.0000	73.7750	
-0.1994	0.2500	0.0030	50.0000	73.8500	
-0.1994	0.2500	0.0029	50.0000	73.9000	
-0.1994	0.2500	0.0029	50.0000	73.8500	
-0.1994	0.2500	0.0029	50.0250	73.9000	
-0.1994	0.2500	0.0029	50.0000	73.8750	
-0.1994	0.2500	0.0029	50.0000	73.9250	
-0.1994	0.2500	0.0029	49.9750	74.0000	
-0.1994	0.2500	0.0028	49.9500	73.9500	
-0.1994	0.2500	0.0028	49.9250	74.0250	
-0.1994	0.2500	0.0028	49.9000	74.0500	
-0.1994	0.2500	0.0028	49.9250	74.0500	
-0.1994	0.2500	0.0028	49.9250	74.0750	
-0.1994	0.2500	0.0027	49.9250	74.1500	
-0.1994	0.2500	0.0027	49.9250	74.1500	
-0.1994	0.2500	0.0027	49.9250	74.1250	
-0.1994	0.2500	0.0027	49.9000	74.2250	
-0.1995	0.2500	0.0027	49.9000	74.1750	
-0.1995	0.2500	0.0027	49.9250	74.3250	
-0.1995	0.2500	0.0026	49.9250	74.2250	
-0.1995	0.2500	0.0026	49.9250	74.4000	
-0.1995	0.2500	0.0026	49.9250	74.3000	
-0.1995	0.2500	0.0026	49.9500	74.4250	
-0.1995	0.2500	0.0026	49.9250	74.4250	
-0.1995	0.2500	0.0026	49.9250	74.4500	
-0.1995	0.2500	0.0025	49.9000	74.4250	
-0.1995	0.2500	0.0025	49.9000	74.4500	
-0.1995	0.2500	0.0025	49.9000	74.4500	
-0.1995	0.2500	0.0025	49.9000	74.5500	
-0.1995	0.2500	0.0025	49.9000	74.5000	
-0.1995	0.2500	0.0025	49.9000	74.5250	
-0.1995	0.2500	0.0024	49.9000	74.5250	
-0.1995	0.2500	0.0024	49.9250	74.6250	
-0.1995	0.2500	0.0024	49.9250	74.6000	
-0.1995	0.2500	0.0024	49.9250	74.7000	
-0.1995	0.2500	0.0024	49.9250	74.6250	
-0.1995	0.2500	0.0024	49.9000	74.6250	
-0.1995	0.2500	0.0024	49.9000	74.5250	
-0.1995	0.2500	0.0023	49.9000	74.5500	
-0.1995	0.2500	0.0023	49.9250	74.6000	
-0.1995	0.2500	0.0023	49.9250	74.6250	
-0.1995	0.2500	0.0023	49.9250	74.6000	
-0.1995	0.2500	0.0023	49.9250	74.6000	
-0.1995	0.2500	0.0023	49.9250	74.6000	
-0.1995	0.2500	0.0023	50.7250	74.7000	
-0.1995	0.2500	0.0023	49.9250	74.7250	
-0.1996	0.2500	0.0022	49.9250	74.6500	
-0.1996	0.2500	0.0022	49.9250	74.6750	
-0.1996	0.2500	0.0022	49.9250	74.7000	
-0.1996	0.2500	0.0022	49.9500	74.7000	
-0.1996	0.2500	0.0022	49.9500	74.7250	
-0.1996	0.2500	0.0022	49.9500	74.7250	
-0.1996	0.2500	0.0022	49.9500	74.7000	
-0.1996	0.2500	0.0022	49.9500	74.7000	
-0.1996	0.2500	0.0021	49.9500	74.8250	
-0.1996	0.2500	0.0021	49.9500	74.8250	
-0.1996	0.2500	0.0021	49.9250	74.8000	
-0.1996	0.2500	0.0021	49.9250	74.8250	
-0.1996	0.2500	0.0021	49.9250	74.9000	
-0.1996	0.2500	0.0021	49.9500	74.8750	
-0.1996	0.2500	0.0021	49.9500	74.8250	
-0.1996	0.2500	0.0021	49.9500	74.9750	
-0.1996	0.2500	0.0021	49.9500	74.8750	
0.4035	45.8250	0.4403	50.0000	
0.3872	50.1500	0.4176	50.0000	
0.3718	52.6500	0.3943	50.0000	
0.3563	62.6000	0.3725	50.0000	
0.3417	69.7000	0.3527	50.0000	
0.3272	56.3000	0.3344	50.0000	
0.3136	50.0000	0.3176	50.0000	
0.3003	50.0000	0.3036	47.6750	
0.2878	50.0000	0.2924	42.6500	
0.2765	50.0000	0.2841	50.0250	
0.2672	50.0000	0.2778	56.6250	
0.2590	50.0000	0.2732	58.0500	
0.2533	50.0000	0.2690	61.4750	
0.2491	50.0000	0.2648	66.8000	
0.2460	50.0000	0.2601	71.1000	
0.2431	50.0000	0.2550	74.2000	
0.2408	38.4000	0.2495	79.0000	
0.2388	36.1750	0.2435	81.9250	
0.2369	43.9250	0.2369	82.9500	
0.2349	44.1250	0.2304	83.2000	
0.2330	40.3500	0.2236	81.8750	
0.2308	37.2250	0.2170	80.9000	
0.2286	36.7500	0.2104	80.7500	
0.2264	38.5750	0.2039	81.3500	
0.2242	43.4250	0.1976	82.3000	
0.2218	46.4750	0.1915	83.5250	
0.2195	47.7250	0.1855	84.7250	
0.2173	49.1750	0.1797	85.8750	
0.2148	50.0000	0.1741	86.5000	
0.2124	49.9750	0.1687	87.3000	
0.2099	50.1500	0.1636	87.8250	
0.2073	50.0750	0.1588	88.2000	
0.2047	50.0250	0.1543	88.5000	
0.2021	49.9750	0.1501	88.9250	
0.1993	49.7750	0.1463	89.1500	
0.1965	49.3500	0.1427	89.2500	
0.1937	49.1500	0.1395	89.4000	
0.1907	49.0500	0.1364	89.4500	
0.1877	48.0750	0.1335	89.5000	
0.1848	47.8250	0.1309	89.4750	
0.1818	47.7500	0.1287	89.5250	
0.1790	47.6250	0.1267	89.5500	
0.1761	47.5250	0.1249	89.5000	
0.1734	47.6250	0.1232	89.4750	
0.1710	47.6000	0.1216	89.4500	
0.1683	47.9500	0.1200	89.4250	
0.1663	47.9000	0.1185	89.3500	
0.1640	47.9000	0.1169	89.2000	
0.1619	47.7250	0.1154	89.0500	
0.1602	47.7000	0.1138	88.8750	
0.1585	47.4250	0.1122	88.8250	
0.1569	46.6000	0.1106	88.7000	
0.1556	45.9500	0.1089	88.5750	
0.1544	45.1000	0.1072	88.4750	
0.1534	44.4750	0.1054	88.3500	
0.1525	43.9250	0.1036	88.1750	
0.1516	43.1250	0.1017	88.0750	
0.1509	42.3250	0.0997	88.0000	
0.1503	41.8750	0.0977	87.8250	
0.1497	41.3750	0.0955	87.6000	
0.1492	40.7000	0.0933	87.3500	
0.1489	40.7750	0.0910	87.1500	
0.1485	40.6250	0.0886	86.9250	
0.1479	40.3750	0.0862	86.7000	
0.1477	40.3500	0.0836	86.4500	
0.1474	39.9000	0.0809	86.0250	
0.1473	40.0250	0.0781	85.7000	
0.1468	39.7000	0.0751	85.3750	
0.1465	39.5000	0.0714	85.0000	
0.1462	39.1500	0.0671	84.6750	
0.1459	38.9000	0.0621	84.3750	
0.1457	38.8000	0.0567	83.7000	
0.1454	38.6250	0.0509	83.3750	
0.1453	38.0500	0.0451	82.7000	
0.1450	38.4500	0.0393	82.3250	
0.1447	38.4500	0.0336	81.9750	
0.1446	38.1000	0.0283	81.4250	
0.1443	38.3250	0.0235	80.8250	
0.1441	38.2250	0.0191	80.4000	
0.1440	38.2500	0.0153	79.9750	
0.1438	37.7500	0.0121	79.5500	
0.1435	38.0750	0.0095	79.2250	
0.1433	38.7500	0.0074	78.8250	
0.1433	38.0250	0.0058	78.4500	
0.1430	38.5500	0.0046	78.3000	
0.1429	37.8500	0.0037	78.0250	
0.1426	37.4000	0.0031	77.7000	
0.1425	37.6750	0.0026	77.6000	
0.1423	37.3750	0.0023	77.4250	
0.1422	37.4250	0.0021	77.2250	
0.1421	37.5750	0.0019	77.0250	
0.1419	37.6250	0.0018	76.9000	
0.1419	37.9500	0.0017	76.7500	
0.1417	37.6750	0.0016	76.6250	
0.1416	37.6250	0.0015	76.6000	
0.1415	38.0500	0.0014	76.5000	
0.1414	38.1500	0.0014	76.5500	
0.1414	38.5750	0.0013	76.4500	
0.1412	38.2250	0.0013	76.5250	
0.1412	38.5000	0.0013	76.5000	
0.1411	38.8500	0.0013	76.6750	
0.1410	38.3000	0.0012	76.4750	
0.1409	38.8500	0.0012	76.6000	
0.1408	38.9500	0.0012	76.5750	
0.1407	39.0500	0.0012	76.6250	
0.1406	39.1000	0.0012	76.5750	
0.1405	39.3250	0.0012	76.5250	
0.1406	39.1500	0.0012	76.6000	
0.1403	39.2500	0.0012	76.6250	
0.1405	39.6000	0.0012	76.6500	
0.1401	39.8750	0.0012	76.6500	
0.1402	40.5750	0.0012	76.5750	
0.1401	39.7750	0.0011	76.5750	
0.1400	40.4000	0.0011	76.6250	
0.1399	40.4500	0.0011	76.6250	
0.1398	40.7500	0.0011	76.6000	
0.1398	40.7500	0.0011	76.5750	
0.1397	40.2250	0.0011	76.6750	
0.1396	41.0250	0.0011	76.6000	
0.1396	40.9000	0.0011	76.5750	
0.1395	41.3250	0.0011	76.6000	
0.1394	41.3500	0.0011	76.5750	
0.1394	41.7000	0.0011	76.6000	
0.1394	41.6000	0.0011	76.7000	
0.1392	42.1750	0.0011	76.6000	
0.1392	42.2500	0.0011	76.6250	
0.1390	42.1250	0.0011	76.5750	
0.1390	42.6250	0.0011	76.5000	
0.1389	42.3000	0.0011	76.5750	
0.1388	42.9000	0.0011	76.5250	
0.1387	42.8750	0.0011	76.5250	
0.1387	42.3500	0.0011	76.6250	
0.1386	43.4750	0.0011	76.4500	
0.1385	44.0500	0.0011	76.6500	
0.1385	44.0250	0.0011	76.4500	
0.1384	43.4500	0.0011	76.6250	
0.1384	43.6750	0.0011	76.5500	
0.1383	44.3250	0.0010	76.6250	
0.1382	44.5750	0.0010	76.6000	
0.1382	44.3250	0.0010	76.5750	
0.1382	44.5500	0.0010	76.6250	
0.1381	44.2750	0.0010	76.6250	
0.1381	45.0750	0.0010	76.6000	
0.1380	45.2750	0.0010	76.6500	
0.1379	44.9000	0.0010	76.6500	
0.1378	45.0500	0.0010	76.6250	
0.1378	44.8250	0.0010	76.6250	
0.1378	45.6750	0.0010	76.6250	
0.1378	45.7250	0.0010	76.6250	
0.1376	45.2000	0.0010	76.6250	
0.1376	45.1000	0.0010	76.6000	
0.1376	45.9250	0.0010	76.6000	
0.1375	45.7500	0.0010	76.5750	
0.1375	45.5500	0.0010	76.5750	
0.1374	46.0500	0.0010	76.5750	
0.1374	46.1500	0.0010	76.5750	
0.1374	46.3250	0.0010	76.5750	
0.1374	45.9750	0.0010	76.5750	
0.1373	46.4000	0.0010	76.5750	
0.1372	46.0250	0.0010	76.5750	
0.1373	45.8750	0.0010	76.6000	
0.1373	46.6500	0.0010	76.5500	
0.1371	46.3500	0.0010	76.5750	
0.1371	46.3000	0.0010	76.5500	
0.1370	46.2500	0.0010	76.6000	
0.1370	46.3500	0.0010	76.5750	
0.1370	46.3500	0.0010	76.6000	
0.1369	46.5250	0.0010	76.5500	
0.1370	46.1000	0.0010	76.6000	
0.1369	46.5000	0.0010	76.5000	
0.1368	46.4500	0.0010	76.5500	
0.1368	46.5000	0.0010	76.5500	
0.1367	46.4000	0.0010	76.5500	
0.1368	46.4000	0.0010	76.6250	
0.1366	46.3750	0.0010	76.6000	
0.1367	46.3500	0.0010	76.6000	
0.1366	46.5500	0.0010	76.6000	
0.1365	46.6000	0.0010	76.6000	
0.1365	46.3750	0.0010	76.6500	
0.1367	46.9000	0.0010	76.5750	
0.1365	46.4250	0.0010	76.6000	
0.1364	46.6250	0.0010	76.5750	
0.1363	46.9000	0.0010	76.5500	
0.1364	46.6000	0.0010	76.6250	
0.1363	47.0750	0.0009	76.5000	
0.1364	46.9000	0.0009	76.5750	
0.1362	47.3000	0.0009	76.4750	
0.1362	47.3250	0.0009	76.5500	
0.1361	47.2500	0.0009	76.5750	
0.1361	47.3000	0.0009	76.6000	
0.1360	47.3000	0.0009	76.5000	
0.1360	47.1750	0.0009	76.6250	
0.1360	47.6250	0.0009	76.5750	
0.1360	46.9500	0.0009	76.5500	
0.1359	47.2000	0.0009	76.5500	
0.1359	47.6750	0.0009	76.5500	
0.1358	47.1500	0.0009	76.6000	
0.1358	46.8750	0.0009	76.5500	
0.1358	47.4250	0.0009	76.5500	
0.1357	47.5000	0.0009	76.5250	
0.1357	47.0000	0.0009	76.6250	
0.1357	47.2000	0.0009	76.5500	
0.1356	47.3000	0.0009	76.6000	
0.1356	47.2750	0.0009	76.5250	
0.1356	47.1500	0.0009	76.6000	
0.1355	47.3500	0.0009	76.5250	
0.1355	47.2250	0.0009	76.5500	
0.1356	47.6500	0.0009	76.5500	
0.1355	47.1500	0.0009	76.6250	
0.1355	47.2500	0.0009	76.5250	
0.1355	47.1000	0.0009	76.6500	
0.1355	47.5750	0.0009	76.4750	
0.1354	47.0750	0.0009	76.5750	
0.1353	47.0500	0.0009	76.5750	
0.1353	47.3500	0.0009	76.5250	
0.1352	47.2750	0.0009	76.6000	
0.1354	47.4500	0.0009	76.5500	
0.1353	46.9750	0.0009	76.5500	
0.1351	47.4500	0.0009	76.4750	
0.1352	47.6750	0.0009	76.4750	
0.1351	47.2000	0.0009	76.5500	
0.1351	47.2000	0.0009	76.5250	
0.1351	47.6250	0.0009	76.5000	
0.1351	47.0250	0.0009	76.5000	
0.1350	47.2500	0.0009	76.5750	
0.1351	47.7750	0.0009	76.6250	
0.1350	47.1000	0.0009	76.4750	
0.1350	47.5500	0.0009	76.5000	
0.1349	47.7250	0.0009	76.5500	
0.1349	47.3000	0.0009	76.6000	
0.1349	47.2250	0.0009	76.4250	
0.1350	47.0750	0.0009	76.5750	
0.1349	48.0000	0.0009	76.4750	
0.1348	47.2250	0.0009	76.5000	
0.1348	46.7750	0.0009	76.5750	
0.1348	47.4250	0.0009	76.4500	
0.1348	47.5250	0.0009	76.5750	
0.1349	47.1750	0.0009	76.4250	
0.1348	47.2750	0.0009	76.5250	
0.1347	47.2000	0.0009	76.4500	
0.1348	47.8250	0.0009	76.5000	
0.1347	46.9000	0.0009	76.4750	
0.1349	47.3500	0.0009	76.4750	
0.1347	47.2500	0.0009	76.5250	
0.1347	46.9750	0.0009	76.5000	
0.1346	47.7250	0.0009	76.5500	
0.1345	47.5750	0.0009	76.4750	
0.1345	47.2750	0.0009	76.4750	
0.1346	47.6750	0.0009	76.5250	
0.1345	47.1250	0.0009	76.5000	
0.1345	47.4000	0.0009	76.5000	
0.1345	47.7750	0.0009	76.3750	
0.1345	46.7500	0.0009	76.5750	
0.1345	47.8250	0.0009	76.5250	
0.1344	47.3250	0.0009	76.4500	
0.1344	46.8000	0.0008	76.4750	
0.1344	47.8250	0.0008	76.4250	
0.1344	47.0250	0.0008	76.4750	
0.1344	47.3500	0.0008	76.4750	
0.1343	47.9500	0.0008	76.5000	
0.1343	47.3250	0.0008	76.4500	
0.1343	47.7000	0.0008	76.4000	
0.1344	46.8000	0.0008	76.5250	
0.1343	47.5500	0.0008	76.4000	
0.1343	47.4750	0.0008	76.4750	
0.1342	47.9250	0.0008	76.4500	
0.1342	47.1500	0.0008	76.4250	
0.1342	47.0000	0.0008	76.4000	
0.1342	47.7250	0.0008	76.4250	
0.1342	46.9750	0.0008	76.4750	
0.1342	46.8750	0.0008	76.4500	
0.1344	47.9000	0.0008	76.4500	
0.1342	46.4500	0.0008	76.4000	
0.1341	47.2000	0.0008	76.5000	
0.1342	47.8250	0.0008	76.4250	
0.1341	47.6500	0.0008	76.4750	
0.1341	47.5500	0.0008	76.4250	
0.1341	47.0750	0.0008	76.4250	
0.1341	47.0250	0.0008	76.4500	
0.1340	47.3500	0.0008	76.3750	
0.1340	47.6500	0.0008	76.4250	
0.1340	47.7250	0.0008	76.4500	
0.1340	47.2500	0.0008	76.2000	
0.1339	47.5500	0.0008	76.4750	
0.1340	46.9750	0.0008	76.1000	
0.1340	47.5500	0.0008	76.4750	
0.1340	47.0250	0.0008	76.2750	
0.1339	47.3000	0.0008	76.4000	
0.1339	46.8250	0.0008	76.4500	
0.1339	47.4250	0.0008	76.4500	
0.1339	47.5750	0.0008	76.1750	
0.1339	46.7500	0.0008	76.4500	
0.1339	47.2500	0.0008	76.3750	
0.1339	47.5250	0.0008	76.5000	
0.1339	47.8750	0.0008	76.2000	
0.1338	46.9250	0.0008	76.4750	
0.1339	46.8500	0.0008	76.2000	
0.1338	46.9000	0.0008	76.4750	
0.1338	47.4000	0.0008	76.3000	
0.1339	47.6500	0.0008	76.1750	
0.1338	46.7500	0.0008	76.4750	
0.1338	47.2000	0.0008	76.3250	
0.1338	47.1500	0.0008	76.4500	
0.1338	47.2500	0.0008	76.2750	
0.1338	47.4750	0.0008	76.4750	
0.1339	46.9750	0.0008	76.2250	
0.1337	47.2000	0.0008	76.3750	
0.1339	47.2750	0.0008	76.3000	
0.1338	47.5000	0.0008	76.4750	
0.1337	47.2750	0.0008	76.2750	
0.1337	46.3500	0.0008	76.3250	
0.1336	47.1000	0.0008	76.3750	
0.1337	47.0000	0.0008	76.4000	
0.1337	46.9000	0.0008	76.4250	
0.1336	47.0250	0.0008	76.3750	
0.1337	47.2750	0.0008	76.3000	
0.1336	46.6000	0.0008	76.3250	
0.1336	46.9250	0.0008	76.4250	
0.1336	47.1500	0.0008	76.2250	
0.1337	46.4750	0.0008	76.3000	
0.1336	47.1750	0.0008	76.2500	
0.1336	47.3000	0.0008	76.4000	
0.1335	46.8000	0.0008	76.2250	
0.1335	46.7750	0.0008	76.3250	
0.1336	47.0500	0.0008	76.2000	
0.1336	46.4250	0.0008	76.2500	
0.1335	46.7750	0.0008	76.3250	
0.1335	47.2250	0.0008	76.2750	
0.1335	46.9500	0.0008	76.3000	
0.1335	47.1750	0.0008	76.2000	
0.1335	47.0500	0.0008	76.2500	
0.1335	46.5250	0.0008	76.3250	
0.1335	46.6500	0.0008	76.1250	
0.1335	46.9000	0.0008	76.3750	
0.1334	46.5250	0.0008	76.1750	
0.1334	46.9750	0.0008	76.3500	
0.1334	46.8500	0.0008	76.3500	
0.1334	47.4250	0.0008	76.0750	
0.1334	46.4750	0.0008	76.3250	
0.1334	46.1500	0.0008	76.1250	
0.1334	47.0500	0.0007	76.3250	
0.1334	47.4000	0.0007	76.2500	
0.1336	45.9000	0.0007	76.1500	
0.1336	47.2750	0.0007	76.2500	
0.1334	46.4000	0.0007	76.2500	
0.1334	45.3750	0.0007	76.3000	
0.1334	47.1500	0.0007	76.1000	
0.1333	47.0250	0.0007	76.2750	
0.1333	46.4750	0.0007	76.0500	
0.1334	46.3750	0.0007	76.2750	
0.1335	47.7000	0.0007	76.1250	
0.1333	46.7250	0.0007	76.1250	
0.1333	46.2750	0.0007	76.1250	
0.1333	46.9250	0.0007	76.3250	
0.1333	46.5250	0.0007	76.1250	
0.1333	46.1750	0.0007	76.1500	
0.1333	47.4000	0.0007	76.2000	
0.1333	46.4750	0.0007	76.0750	
0.1333	45.8500	0.0007	76.2000	
0.1333	46.9500	0.0007	76.1250	
0.1332	46.8750	0.0007	76.2750	
0.1333	46.1500	0.0007	76.0000	
0.1333	46.8000	0.0007	76.1500	
0.1332	46.4500	0.0007	76.0250	
0.1332	45.7000	0.0007	76.1500	
0.1333	46.8750	0.0007	76.0750	
0.1332	46.3250	0.0007	76.1500	
0.1332	46.3500	0.0007	76.1500	
0.1332	46.7000	0.0007	75.9500	
0.1332	46.4250	0.0007	76.2000	
0.1332	46.8750	0.0007	76.1250	
0.1332	46.3750	0.0007	75.9250	
0.1332	46.1500	0.0007	76.1750	
0.1332	47.4000	0.0007	76.2250	
0.1331	45.9000	0.0007	76.1750	
0.1332	45.4250	0.0007	76.0000	
0.1332	46.9750	0.0007	76.2000	
0.1331	45.8250	0.0007	76.1500	
0.1332	45.6750	0.0007	76.1750	
0.1333	47.7500	0.0007	76.1250	
0.1332	45.5250	0.0007	76.0250	
0.1331	46.4000	0.0007	76.1500	
0.1331	46.9000	0.0007	76.1500	
0.1331	45.7750	0.0007	75.9500	
0.1332	47.1500	0.0007	76.1000	
0.1330	46.2000	0.0007	76.0750	
0.1331	46.3000	0.0007	76.0000	
0.1330	46.5000	0.0007	76.2500	
0.1330	46.1750	0.0007	76.0000	
0.1330	45.9250	0.0007	76.0500	
0.1331	46.8500	0.0007	76.1250	
0.1331	46.6750	0.0007	76.1750	
0.1331	46.5250	0.0007	75.9500	
0.1330	46.0250	0.0007	76.2000	
0.1330	46.3000	0.0007	76.1250	
0.1330	46.2750	0.0007	75.9500	
0.1330	45.8500	0.0007	76.0250	
0.1329	46.7000	0.0007	76.0250	
0.1330	46.9500	0.0007	76.0250	
0.1330	45.8500	0.0007	75.9250	
0.1329	46.3750	0.0007	75.9500	
0.1330	47.2000	0.0007	76.0250	
0.1329	45.8250	0.0007	75.9500	
0.1330	44.7500	0.0007	76.0250	
0.1330	46.7750	0.0007	76.0000	
0.1329	46.6000	0.0006	75.9250	
0.1329	45.4000	0.0006	75.9500	
0.1329	46.4750	0.0006	76.0500	
0.1329	46.5500	0.0006	75.9750	
0.1329	46.5000	0.0006	75.9250	
0.1330	44.4500	0.0006	75.9250	
0.1328	46.2250	0.0006	75.9750	
0.1329	47.2000	0.0006	75.9250	
0.1329	45.8750	0.0006	75.9000	
0.1329	46.7000	0.0006	75.9000	
0.1329	46.4000	0.0006	75.9750	
0.1328	46.7750	0.0006	75.9500	
0.1329	45.9500	0.0006	75.9500	
0.1329	46.6000	0.0006	75.9250	
0.1329	45.5000	0.0006	75.9000	
0.1328	46.2750	0.0006	75.8500	
0.1328	46.8250	0.0006	76.0000	
0.1328	45.9500	0.0006	75.8500	
0.1329	46.7250	0.0006	75.7750	
0.1329	47.5500	0.0006	75.8750	
0.1330	45.6750	0.0006	75.9000	
0.1329	46.3750	0.0006	75.9000	
0.1329	45.6500	0.0006	75.9500	
0.1328	45.5250	0.0006	75.9000	
0.1330	47.7750	0.0006	75.9000	
0.1328	46.2500	0.0006	75.8000	
0.1328	45.5250	0.0006	75.9000	
0.1328	47.6250	0.0006	75.9000	
0.1328	46.7500	0.0006	75.8250	
0.1328	46.7000	0.0006	75.8000	
0.1328	45.7500	0.0006	75.8000	
0.1328	46.5500	0.0006	75.8500	
0.1328	46.8750	0.0006	75.8500	
0.1327	46.6250	0.0006	75.8000	
0.1328	47.4750	0.0006	75.7250	
0.1327	45.9500	0.0006	75.9000	
0.1328	46.2000	0.0006	75.8750	
0.1327	47.0750	0.0006	75.7500	
0.1327	46.6250	0.0006	75.7750	
0.1327	45.5750	0.0006	75.8000	
0.1327	47.1500	0.0006	75.8000	
0.1327	47.1500	0.0006	75.7750	
0.1327	46.6250	0.0006	75.7750	
0.1326	46.8000	0.0006	75.7750	
0.1327	47.2000	0.0006	75.7500	
0.1327	45.9000	0.0006	75.8000	
0.1328	45.9000	0.0006	75.7250	
0.1328	47.8250	0.0006	75.7500	
0.1328	45.9500	0.0006	75.7500	
0.1326	46.5250	0.0006	75.7750	
0.1328	47.7000	0.0006	75.7750	
0.1327	45.8250	0.0006	75.7500	
0.1326	46.1500	0.0006	75.7500	
0.1326	45.9750	0.0006	75.8500	
0.1326	46.3250	0.0006	75.8250	
0.1327	46.7250	0.0006	75.8500	
0.1326	47.5750	0.0006	75.7750	
0.1326	47.2750	0.0006	75.8000	
0.1326	46.2750	0.0006	75.8500	
0.1326	45.8250	0.0006	75.7750	
0.1326	47.5500	0.0006	75.8000	
0.1326	46.7000	0.0006	75.7500	
0.1326	46.1000	0.0006	75.7500	
0.1326	47.1750	0.0006	75.7000	
0.1325	46.8750	0.0006	75.7500	
0.1327	45.3750	0.0006	75.7500	
0.1326	47.7000	0.0006	75.7750	
0.1326	47.2500	0.0006	75.8000	
0.1325	46.1500	0.0006	75.8000	
0.1325	45.9250	0.0006	75.7750	
0.1325	46.1000	0.0006	75.7750	
0.1326	47.6500	0.0006	75.8250	
0.1327	45.6250	0.0006	75.8000	
0.1325	47.3250	0.0006	75.7750	
0.1325	47.4750	0.0006	75.7500	
0.1325	45.6500	0.0005	75.8000	
0.1326	47.2000	0.0006	75.7500	
0.1325	46.7500	0.0005	75.7250	
0.1325	46.0750	0.0005	75.7500	
0.1326	47.3000	0.0005	75.8000	
0.1325	46.2500	0.0005	75.7250	
0.1325	45.9750	0.0005	75.7250	
0.1325	46.9500	0.0005	75.8000	
0.1325	47.4250	0.0005	75.7500	
0.1325	46.2000	0.0005	75.7500	
0.1324	46.4000	0.0005	75.6750	
0.1325	47.7250	0.0005	75.7750	
0.1324	46.7500	0.0005	75.7500	
0.1324	45.8000	0.0005	75.7500	
0.1324	47.2000	0.0005	75.7500	
0.1324	46.8500	0.0005	75.7500	
0.1325	45.6500	0.0005	75.7500	
0.1326	47.8750	0.0005	75.7500	
0.1324	46.8500	0.0005	75.8250	
0.1326	46.3750	0.0005	75.7000	
0.1324	47.1250	0.0005	75.8250	
0.1325	47.1250	0.0005	75.7500	
0.1324	46.3750	0.0005	75.7500	
0.1324	46.6250	0.0005	75.7000	
0.1325	47.8000	0.0005	75.7500	
0.1326	44.9500	0.0005	75.7500	
0.1325	47.4250	0.0005	75.8000	
0.1325	47.0250	0.0005	75.7500	
0.1323	46.0500	0.0005	75.7250	
0.1323	47.7000	0.0005	75.7000	
0.1323	46.4500	0.0005	75.7750	
0.1324	45.7750	0.0005	75.6750	
0.1324	46.5250	0.0005	75.7250	
0.1324	47.5250	0.0005	75.7750	
0.1325	46.3250	0.0005	75.7250	
0.1324	47.6500	0.0005	75.8000	
0.1324	46.0500	0.0005	75.8000	
0.1326	46.8250	0.0005	75.7500	
0.1324	46.2250	0.0005	75.7500	
0.1323	46.3000	0.0005	75.7000	
0.1325	48.4250	0.0005	75.8250	
0.1323	45.8750	0.0005	75.6750	
0.1324	44.8000	0.0005	75.7250	
0.1323	47.5750	0.0005	75.7500	
0.1324	47.3250	0.0005	75.7500	
0.1323	47.3000	0.0005	75.6250	
0.1323	46.2500	0.0005	75.7000	
0.1323	46.3750	0.0005	75.7000	
0.1323	46.9000	0.0005	75.7000	
0.1323	46.2000	0.0005	75.7250	
0.1323	46.4750	0.0005	75.6750	
0.1324	46.4750	0.0005	75.7000	
0.1322	47.0750	0.0005	75.6750	
0.1323	47.6000	0.0005	75.7250	
0.1322	45.6750	0.0005	75.7500	
0.1323	45.7250	0.0005	75.7250	
0.1322	46.8500	0.0005	75.6750	
0.1323	46.5750	0.0005	75.7250	
0.1322	46.5750	0.0005	75.7000	
0.1323	46.6000	0.0005	75.7250	
0.1322	46.9500	0.0005	75.8000	
0.1322	47.0500	0.0005	75.6500	
0.1323	45.7000	0.0005	75.6250	
0.1322	46.9500	0.0005	75.7000	
0.1323	46.4000	0.0005	75.6500	
0.1322	46.0500	0.0005	75.6250	
0.1322	46.7250	0.0005	75.6750	
0.1322	46.5250	0.0005	75.7500	
0.1322	46.3500	0.0005	75.6250	
0.1322	46.8000	0.0005	75.7250	
0.1322	45.8750	0.0005	75.6750	
0.1322	45.8250	0.0005	75.7000	
0.1322	47.6500	0.0005	75.6000	
0.1322	46.9750	0.0005	75.5750	
0.1322	45.8250	0.0005	75.6750	
0.1322	45.9750	0.0005	75.7000	
0.1323	47.3500	0.0005	75.7000	
0.1323	45.8500	0.0005	75.5250	
0.1322	46.9500	0.0005	75.6500	
0.1322	47.0750	0.0005	75.6000	
0.1322	46.0250	0.0005	75.6500	
0.1321	46.9000	0.0005	75.7000	
0.1321	46.5500	0.0005	75.7250	
0.1322	45.5000	0.0005	75.6500	
0.1322	47.4000	0.0005	75.6750	
0.1321	47.2750	0.0005	75.7250	
0.1322	45.6000	0.0005	75.6750	
0.1321	46.6500	0.0005	75.6750	
0.1322	46.9250	0.0005	75.6250	
0.1321	46.2500	0.0005	75.6250	
0.1322	47.3250	0.0005	75.6250	
0.1321	46.2750	0.0005	75.6000	
0.1321	45.2500	0.0005	75.6250	
0.1321	46.8250	0.0005	75.6500	
0.1321	46.7250	0.0005	75.6000	
0.1321	46.8750	0.0005	75.6250	
0.1321	46.3750	0.0005	75.7000	
0.1321	46.4500	0.0005	75.6750	
0.1322	47.2000	0.0005	75.6250	
0.1321	46.6250	0.0005	75.6000	
0.1321	46.6250	0.0005	75.6500	
0.1321	46.5500	0.0005	75.7750	
0.1321	46.8000	0.0005	75.6250	
0.1320	46.6500	0.0005	75.6250	
0.1321	46.6000	0.0005	75.6500	
0.1321	46.4750	0.0005	75.6500	
0.1320	46.7000	0.0005	75.7250	
0.1321	46.9750	0.0005	75.6250	
0.1321	47.2250	0.0005	75.7000	
0.1320	45.7750	0.0005	75.6250	
0.1320	46.1750	0.0005	75.7750	
0.1320	46.7500	0.0005	75.6000	
0.1321	46.7750	0.0005	75.6250	
0.1321	47.1750	0.0005	75.6250	
0.1321	46.5500	0.0005	75.6000	
0.1320	46.3750	0.0005	75.6500	
0.1320	46.4750	0.0005	75.5750	
0.1320	47.2000	0.0005	75.6250	
0.1320	45.9250	0.0005	75.6000	
0.1320	45.9750	0.0005	75.6250	
0.1321	47.6500	0.0005	75.7000	
0.1322	46.0250	0.0005	75.5500	
0.1320	45.8000	0.0005	75.6500	
0.1321	47.7500	0.0005	75.5750	
0.1320	46.4750	0.0005	75.6000	
0.1320	46.2250	0.0005	75.5750	
0.1320	46.6500	0.0005	75.6750	
0.1320	46.8500	0.0005	75.5750	
0.1320	46.3500	0.0005	75.6250	
0.1320	46.2000	0.0005	75.6750	
0.1319	46.7250	0.0005	75.5750	
0.1320	47.0750	0.0005	75.5750	
0.1320	46.5250	0.0005	75.5500	
0.1320	47.0000	0.0005	75.6500	
0.1319	46.7250	0.0005	75.6000	
0.1320	46.0750	0.0005	75.6000	
0.1320	46.5000	0.0005	75.5750	
0.1320	46.7750	0.0005	75.6500	
0.1321	45.8000	0.0005	75.6000	
0.1319	46.6250	0.0005	75.5750	
0.1320	46.8250	0.0005	75.5250	
0.1319	46.9000	0.0005	75.6500	
0.1319	46.8000	0.0005	75.6250	
0.1320	46.4750	0.0005	75.5500	
0.1319	45.4500	0.0005	75.7250	
0.1320	46.4250	0.0005	75.6000	
0.1319	47.0000	0.0005	75.5750	
0.1320	46.6500	0.0005	75.5750	
0.1319	46.3500	0.0005	75.6000	
0.1319	46.7000	0.0005	75.7000	
0.1320	47.0000	0.0005	75.6000	
0.1321	45.4500	0.0005	75.6750	
0.1319	46.9750	0.0005	75.5750	
0.1319	46.6500	0.0005	75.6250	
0.1320	46.4250	0.0005	75.6000	
0.1320	45.9500	0.0005	75.5250	
0.1320	47.0250	0.0005	75.5250	
0.1319	46.6750	0.0005	75.6250	
0.1319	45.8000	0.0005	75.5500	
0.1320	47.1750	0.0005	75.5250	
0.1319	46.2250	0.0005	75.6000	
0.1319	46.6500	0.0005	75.5750	
0.1319	46.8500	0.0005	75.6000	
0.1319	46.1000	0.0005	75.5750	
0.1319	46.5500	0.0005	75.5750	
0.1319	46.7000	0.0005	75.5500	
0.1319	47.1500	0.0005	75.5250	
0.1318	46.9000	0.0005	75.6000	
0.1320	44.8750	0.0005	75.6250	
0.1321	46.9000	0.0005	75.5500	
0.1319	46.7000	0.0005	75.6000	
0.1320	45.3000	0.0005	75.5500	
0.1319	46.7000	0.0005	75.6000	
0.1318	46.9250	0.0005	75.5750	
0.1319	45.8750	0.0005	75.6000	
0.1318	46.3500	0.0005	75.6250	
0.1319	47.3000	0.0005	75.5500	
0.1318	45.8750	0.0005	75.5750	
0.1319	45.3000	0.0005	75.5500	
0.1320	47.4500	0.0005	75.5500	
0.1321	45.5500	0.0005	75.5750	
0.1321	46.9000	0.0005	75.5750	
0.1318	46.7250	0.0005	75.5750	
0.1320	45.1750	0.0005	75.5500	
0.1318	46.3500	0.0005	75.5750	
0.1319	47.3000	0.0005	75.5750	
0.1318	46.3500	0.0005	75.6000	
0.1320	46.1250	0.0005	75.5750	
0.1318	46.7250	0.0005	75.5000	
0.1319	45.7250	0.0005	75.5750	
0.1317	46.6500	0.0005	75.6250	
0.1318	46.7000	0.0005	75.6500	
0.1319	46.8750	0.0005	75.5750	
0.1318	46.0500	0.0005	75.5000	
0.1318	45.7000	0.0005	75.5500	
0.1319	47.2250	0.0005	75.6500	
0.1318	46.4750	0.0005	75.5500	
0.1318	46.3500	0.0005	75.5750	
0.1318	46.8750	0.0005	75.6500	
0.1318	46.6250	0.0005	75.6000	
0.1318	46.2250	0.0005	75.6250	
0.1318	46.5250	0.0005	75.5250	
0.1318	46.8000	0.0005	75.5500	
0.1317	46.3250	0.0005	75.5250	
0.1318	46.3000	0.0005	75.6250	
0.1318	46.4000	0.0005	75.5750	
0.1317	46.6500	0.0005	75.6250	
0.1318	46.8000	0.0005	75.6250	
0.1318	46.3750	0.0005	75.6500	
0.1318	45.5750	0.0005	75.5000	
0.1319	47.3250	0.0005	75.5500	
0.1317	46.7250	0.0005	75.5000	
0.1318	45.6000	0.0005	75.7000	
0.1317	46.4750	0.0005	75.4750	
0.1318	47.0500	0.0005	75.5500	
0.1318	46.1750	0.0005	75.5500	
0.1318	46.5250	0.0005	75.5750	
0.1317	46.3500	0.0005	75.5750	
0.1318	46.5500	0.0005	75.6000	
0.1317	46.7250	0.0005	75.5750	
0.1317	45.9750	0.0005	75.5500	
0.1317	46.6250	0.0005	75.5000	
0.1318	46.2500	0.0005	75.5250	
0.1319	47.0750	0.0005	75.5500	
0.1317	46.8750	0.0005	75.5250	
0.1318	46.6250	0.0005	75.6250	
0.1317	46.8500	0.0005	75.5750	
0.1317	46.4750	0.0005	75.5000	
0.1318	45.8500	0.0005	75.5000	
0.1317	46.5750	0.0005	75.5500	
0.1317	46.6750	0.0005	75.5500	
0.1318	46.4750	0.0005	75.5750	
0.1319	47.1500	0.0005	75.5500	
0.1316	46.5250	0.0005	75.6250	
0.1318	44.8500	0.0005	75.6250	
0.1317	46.5250	0.0005	75.5750	
0.1317	46.8000	0.0005	75.4500	
0.1317	46.5500	0.0005	75.5750	
0.1317	46.2750	0.0005	75.6250	
0.1317	46.4250	0.0005	75.6000	
0.1317	46.8000	0.0005	75.4750	
0.1318	45.6000	0.0005	75.5750	
0.1317	46.4500	0.0005	75.5500	
0.1317	46.7250	0.0005	75.5000	
0.1317	46.2000	0.0005	75.5750	
0.1318	46.8250	0.0005	75.6750	
0.1317	45.9750	0.0005	75.5750	
0.1318	46.3250	0.0005	75.5750	
0.1317	46.7750	0.0005	75.6250	
0.1316	45.8000	0.0005	75.6250	
0.1316	46.5250	0.0005	75.4750	
0.1317	46.5750	0.0005	75.5750	
0.1316	46.7750	0.0005	75.5000	
0.1317	46.8750	0.0005	75.5000	
0.1316	45.9500	0.0005	75.5000	
0.1316	46.0000	0.0005	75.6000	
0.1318	47.1000	0.0005	75.5500	
0.1317	46.0250	0.0005	75.4750	
0.1316	45.9500	0.0005	75.5250	
0.1317	47.4750	0.0005	75.4750	
0.1316	46.5250	0.0005	75.5750	
0.1316	45.5500	0.0005	75.5750	
0.1316	46.3500	0.0005	75.6000	
0.1316	46.8750	0.0005	75.4500	
0.1317	46.0500	0.0005	75.5500	
0.1316	46.5000	0.0005	75.5750	
0.1316	46.8000	0.0005	75.4500	
0.1316	46.3000	0.0005	75.4750	
0.1316	46.6000	0.0005	75.5750	
0.1316	46.7000	0.0005	75.6000	
0.1316	45.6750	0.0005	75.5000	
0.1316	46.3500	0.0005	75.5500	
0.1317	46.9500	0.0005	75.6000	
0.1316	46.4000	0.0005	75.5500	
0.1316	46.3250	0.0005	75.5000	
0.1316	46.8000	0.0005	75.5500	
0.1316	46.5000	0.0005	75.5750	
0.1316	46.7500	0.0005	75.5250	
0.1316	46.4500	0.0005	75.5000	
0.1316	46.4750	0.0005	75.5750	
0.1316	45.6750	0.0005	75.5500	
0.1316	46.7250	0.0005	75.5750	
0.1316	46.7750	0.0005	75.4750	
0.1316	45.8500	0.0005	75.5250	
0.1316	46.9000	0.0005	75.5250	
0.1316	46.7750	0.0005	75.5250	
0.1316	45.2500	0.0005	75.5250	
0.1316	45.6500	0.0005	75.5500	
0.1316	47.3000	0.0005	75.5000	
0.1316	45.9000	0.0005	75.5250	
0.1316	46.3000	0.0005	75.5250	
0.1315	46.7750	0.0005	75.5500	
0.1316	47.0500	0.0005	75.6000	
0.1317	44.9500	0.0005	75.5000	
0.1316	46.2000	0.0005	75.5750	
0.1316	47.0250	0.0005	75.5500	
0.1316	43.7250	0.0005	75.5000	
0.1315	46.7750	0.0005	75.4500	
0.1315	47.4500	0.0005	75.5000	
0.1315	46.9500	0.0005	75.5500	
0.1315	46.5000	0.0005	75.4750	
0.1317	47.0500	0.0005	75.5000	
0.1315	46.2000	0.0005	75.5500	
0.1316	44.7250	0.0004	75.5500	
0.1315	46.4000	0.0005	75.6000	
0.1317	47.2500	0.0005	75.4250	
0.1315	46.3500	0.0005	75.6000	
0.1315	45.7000	0.0005	75.4750	
0.1316	46.8000	0.0005	75.5000	
0.1315	45.4500	0.0005	75.4250	
0.1315	46.2750	0.0004	75.5750	
0.1315	47.0500	0.0005	75.5250	
0.1315	46.5250	0.0005	75.5500	
0.1315	46.0500	0.0005	75.5000	
0.1315	46.4750	0.0004	75.5500	
0.1315	46.4000	0.0004	75.5250	
0.1316	46.8500	0.0004	75.5500	
0.1316	45.8750	0.0004	75.6000	
0.1315	46.1750	0.0004	75.5500	
0.1315	46.9250	0.0004	75.5000	
0.1315	46.1250	0.0004	75.5000	
0.1315	46.2250	0.0005	75.6000	
0.1315	46.5500	0.0005	75.6000	
0.1315	46.5500	0.0005	75.4750	
0.1314	46.8750	0.0005	75.5000	
0.1315	46.6000	0.0005	75.7000	
0.1315	46.0250	0.0004	75.4750	
0.1315	46.8000	0.0004	75.5250	
0.1315	46.5000	0.0005	75.6000	
0.1315	46.3750	0.0004	75.5500	
0.1314	46.6750	0.0005	75.5500	
0.1315	46.3500	0.0004	75.5500	
0.1315	46.3750	0.0004	75.5500	
0.1315	46.5250	0.0004	75.6000	
0.1316	46.0000	0.0004	75.6000	
0.1314	46.2750	0.0004	75.5000	
0.1314	46.7000	0.0004	75.5000	
0.1315	46.3750	0.0004	75.5500	
0.1314	46.8000	0.0004	75.6000	
0.1314	46.5500	0.0004	75.4500	
0.1314	46.3000	0.0004	75.4500	
0.1314	46.4500	0.0004	75.5500	
0.1314	46.7750	0.0004	75.4750	
0.1314	46.6500	0.0004	75.4750	
0.1314	46.2500	0.0004	75.5000	
0.1315	46.2750	0.0004	75.4750	
0.1315	46.6750	0.0004	75.5500	
0.1314	46.5500	0.0004	75.6000	
0.1314	45.4750	0.0004	75.5250	
0.1315	46.4500	0.0004	75.5000	
0.1314	46.7750	0.0004	75.5500	
0.1314	46.2750	0.0004	75.4500	
0.1314	46.1250	0.0004	75.5250	
0.1315	46.8000	0.0004	75.5250	
0.1316	45.4500	0.0004	75.5750	
0.1314	46.5250	0.0004	75.5500	
0.1315	47.2500	0.0004	75.5750	
0.1314	46.3000	0.0004	75.5250	
0.1314	46.3750	0.0004	75.5000	
0.1314	46.7750	0.0004	75.5000	
0.1314	46.2500	0.0004	75.4500	
0.1315	46.6750	0.0004	75.6250	
0.1314	46.6250	0.0004	75.6000	
0.1314	46.0750	0.0004	75.5500	
0.1314	46.9500	0.0004	75.4500	
0.1314	46.8500	0.0004	75.5000	
0.1314	46.4750	0.0004	75.5000	
0.1314	46.1000	0.0004	75.5000	
0.1314	46.1000	0.0004	75.5250	
0.1314	46.8000	0.0004	75.4250	
0.1314	46.8750	0.0004	75.5250	
0.1314	45.7000	0.0004	75.5000	
0.1314	45.7000	0.0004	75.5500	
0.1314	46.9500	0.0004	75.4750	
0.1314	46.7250	0.0004	75.5250	
0.1314	46.2250	0.0004	75.5500	
0.1314	46.8000	0.0004	75.4500	
0.1314	46.2750	0.0004	75.5000	
0.1314	46.1250	0.0004	75.4750	
0.1314	46.5750	0.0004	75.5750	
0.1313	46.7250	0.0004	75.5000	
0.1313	46.8250	0.0004	75.4750	
0.1314	46.9250	0.0004	75.5250	
0.1313	46.7500	0.0004	75.5750	
0.1314	46.1500	0.0004	75.5250	
0.1314	46.4750	0.0004	75.5250	
0.1315	45.9500	0.0004	75.5000	
0.1314	46.3000	0.0004	75.5250	
0.1313	46.6750	0.0004	75.6000	
0.1313	46.5250	0.0004	75.3500	
0.1313	46.2250	0.0004	75.5000	
0.1313	46.7250	0.0004	75.5750	
0.1313	46.7250	0.0004	75.5750	
0.1313	46.7000	0.0004	75.5000	
0.1314	46.3500	0.0004	75.5750	
0.1314	45.4500	0.0004	75.5500	
0.1313	46.6750	0.0004	75.5250	
0.1313	46.8000	0.0004	75.5500	
0.1314	46.9250	0.0004	75.4500	
0.1314	46.0250	0.0004	75.5250	
0.1313	46.5000	0.0004	75.5250	
0.1313	46.8000	0.0004	75.4750	
0.1313	46.1750	0.0004	75.5000	
0.1313	46.7250	0.0004	75.5250	
0.1313	46.8000	0.0004	75.4750	
0.1314	45.4000	0.0004	75.5000	
0.1313	46.1000	0.0004	75.5000	
0.1314	47.3500	0.0004	75.4750	
0.1313	46.0000	0.0004	75.4500	
0.1314	45.9000	0.0004	75.5750	
0.1313	46.6750	0.0004	75.4500	
0.1313	46.8250	0.0004	75.5000	
0.1314	46.4000	0.0004	75.5500	
0.1313	46.0750	0.0004	75.5250	
0.1313	46.7000	0.0004	75.4500	
0.1314	46.4750	0.0004	75.5000	
0.1314	45.4500	0.0004	75.5750	
0.1313	46.3750	0.0004	75.5000	
0.1313	46.9250	0.0004	75.5000	
0.1313	46.5500	0.0004	75.4750	
0.1313	46.4000	0.0004	75.5000	
0.1313	45.8500	0.0004	75.4750	
0.1313	46.3250	0.0004	75.5000	
0.1313	46.7000	0.0004	75.4500	
0.1313	45.8250	0.0004	75.5000	
0.1313	46.7000	0.0004	75.4250	
0.1313	46.7250	0.0004	75.4500	
0.1312	45.9000	0.0004	75.4000	
0.1313	45.9250	0.0004	75.5000	
0.1313	46.6500	0.0004	75.5500	
0.1313	46.8250	0.0004	75.5750	
0.1313	46.6000	0.0004	75.5250	
0.1313	46.5500	0.0004	75.4250	
0.1313	46.6750	0.0004	75.5000	
0.1312	46.6250	0.0004	75.4500	
0.1312	45.8750	0.0004	75.5250	
0.1312	46.1500	0.0004	75.4750	
0.1313	46.8000	0.0004	75.5250	
0.1315	45.7250	0.0004	75.5000	
0.1313	46.9250	0.0004	75.5500	
0.1312	46.8250	0.0004	75.5000	
0.1312	45.4500	0.0004	75.5250	
0.1313	46.2000	0.0004	75.5250	
0.1312	46.9250	0.0004	75.5500	
0.1313	45.5000	0.0004	75.5000	
0.1312	46.2000	0.0004	75.5250	
0.1312	46.8250	0.0004	75.4250	
0.1312	46.2500	0.0004	75.5500	
0.1312	46.3250	0.0004	75.5750	
0.1313	45.8250	0.0004	75.5500	
0.1312	46.3750	0.0004	75.5000	
0.1312	46.8250	0.0004	75.5000	
0.1312	46.1500	0.0004	75.4750	
0.1312	46.3000	0.0004	75.4500	
0.1312	46.7500	0.0004	75.5500	
0.1312	46.5500	0.0004	75.5750	
0.1312	46.5250	0.0004	75.4750	
0.1312	45.9750	0.0004	75.4500	
0.1313	46.9000	0.0004	75.3750	
0.1312	46.4750	0.0004	75.5000	
0.1312	45.5250	0.0004	75.4750	
0.1312	46.7000	0.0004	75.5000	
0.1312	46.6250	0.0004	75.5000	
0.1313	46.9500	0.0004	75.6250	
0.1313	45.9250	0.0004	75.5500	
0.1312	45.9250	0.0004	75.6000	
0.1313	46.3000	0.0004	75.4750	
0.1312	46.4000	0.0004	75.5500	
0.1312	46.7000	0.0004	75.5250	
0.1313	46.7750	0.0004	75.5250	
0.1312	45.6750	0.0004	75.5250	
0.1313	46.0500	0.0004	75.4250	
0.1312	46.5250	0.0004	75.5000	
0.1312	46.0500	0.0004	75.5250	
0.1312	46.7000	0.0004	75.5250	
0.1312	46.7250	0.0004	75.4750	
0.1312	46.4750	0.0004	75.4500	
0.1312	45.9750	0.0004	75.5250	
0.1312	46.2500	0.0004	75.5500	
0.1312	46.7250	0.0004	75.5250	
0.1312	46.4500	0.0004	75.4500	
0.1312	45.9250	0.0004	75.4750	
0.1312	46.2500	0.0004	75.4500	
0.1313	47.2250	0.0004	75.5750	
0.1314	45.5000	0.0004	75.5500	
0.1312	45.8500	0.0004	75.4000	
0.1312	46.9500	0.0004	75.5000	
0.1311	46.2750	0.0004	75.4750	
0.1312	45.6500	0.0004	75.4000	
0.1312	46.7500	0.0004	75.4500	
0.1312	46.7000	0.0004	75.5250	
0.1312	46.0250	0.0004	75.5750	
0.1312	45.5250	0.0004	75.4500	
0.1312	46.7250	0.0004	75.4750	
0.1312	46.5250	0.0004	75.4250	
0.1313	45.5250	0.0004	75.5000	
0.1311	46.7000	0.0004	75.4750	
0.1312	46.9750	0.0004	75.4750	
0.1313	45.5250	0.0004	75.5500	
0.1311	45.9000	0.0004	75.5250	
0.1312	46.8750	0.0004	75.4500	
0.1312	46.5000	0.0004	75.5250	
0.1312	45.3250	0.0004	75.5000	
0.1312	46.1250	0.0004	75.4250	
0.1312	46.2500	0.0004	75.5000	
0.1311	46.6000	0.0004	75.4500	
0.1311	46.2750	0.0004	75.6250	
0.1311	46.0500	0.0004	75.4250	
0.1311	46.5250	0.0004	75.4250	
0.1312	46.2750	0.0004	75.4750	
0.1311	46.5250	0.0004	75.3500	
0.1311	46.2000	0.0004	75.4750	
0.1311	46.0500	0.0004	75.5250	
0.1311	46.4750	0.0004	75.5000	
0.1312	46.0500	0.0004	75.5250	
0.1311	46.4750	0.0004	75.4500	
0.1311	46.3000	0.0004	75.4750	
0.1311	46.1750	0.0004	75.5250	
0.1312	46.5500	0.0004	75.5000	
0.1312	46.2500	0.0004	75.5500	
