Loss_Adversary	Accuracy_Adversary	Loss_Target	Accuracy_Target	
0.3393	0.3385	0.7911	50.0000	50.0000	
0.3196	0.3351	0.7560	50.0000	50.0000	
0.3002	0.3319	0.7216	50.0000	50.0000	
0.2812	0.3288	0.6879	50.0000	50.0000	
0.2625	0.3257	0.6546	50.0000	50.0000	
0.2437	0.3227	0.6212	50.0000	50.0000	
0.2250	0.3198	0.5881	50.0000	50.0000	
0.2062	0.3170	0.5550	50.0000	50.0000	
0.1875	0.3143	0.5221	50.0000	50.0000	
0.1692	0.3117	0.4898	50.0000	50.0000	
0.1512	0.3091	0.4582	50.0000	50.0000	
0.1340	0.3067	0.4277	50.0000	50.0000	
0.1173	0.3043	0.3983	50.0000	50.0000	
0.1018	0.3020	0.3709	50.0000	50.0000	
0.0871	0.2998	0.3450	50.0000	50.0000	
0.0725	0.2975	0.3192	50.0000	50.0000	
0.0594	0.2941	0.2951	50.0000	50.0000	
0.0483	0.2886	0.2730	50.0000	50.0000	
0.0391	0.2826	0.2535	50.0000	50.0000	
0.0308	0.2767	0.2359	50.0000	58.0250	
0.0242	0.2704	0.2205	50.0000	85.3500	
0.0189	0.2638	0.2073	50.0000	87.7750	
0.0150	0.2568	0.1961	50.0000	89.0250	
0.0125	0.2493	0.1870	50.0000	88.7250	
0.0114	0.2419	0.1802	50.0000	88.2000	
0.0115	0.2344	0.1755	64.4250	87.8500	
0.0130	0.2264	0.1725	74.5750	87.8750	
0.0149	0.2188	0.1706	74.9250	87.7000	
0.0169	0.2116	0.1692	74.9250	87.9750	
0.0188	0.2052	0.1681	75.2000	88.1250	
0.0204	0.1999	0.1672	75.1250	88.3000	
0.0219	0.1945	0.1661	75.0500	89.0000	
0.0228	0.1909	0.1653	75.1250	89.4250	
0.0232	0.1882	0.1642	75.1500	89.9000	
0.0237	0.1864	0.1637	75.2500	89.7500	
0.0239	0.1842	0.1627	75.3750	90.6250	
0.0242	0.1829	0.1623	75.4750	90.9500	
0.0243	0.1816	0.1616	75.4000	92.0250	
0.0245	0.1798	0.1607	75.2500	92.6000	
0.0247	0.1777	0.1597	74.9500	93.2250	
0.0250	0.1750	0.1583	75.0750	93.8000	
0.0249	0.1719	0.1561	75.2000	94.4000	
0.0245	0.1682	0.1529	75.1500	95.0000	
0.0231	0.1640	0.1478	74.7750	96.2750	
0.0203	0.1601	0.1405	74.9250	97.0750	
0.0160	0.1557	0.1304	74.8250	97.2500	
0.0098	0.1524	0.1179	75.2250	96.0750	
0.0021	0.1511	0.1043	75.0000	94.0750	
-0.0057	0.1497	0.0902	74.7750	92.1750	
-0.0131	0.1479	0.0768	74.5500	89.3250	
-0.0193	0.1468	0.0656	74.8750	88.6750	
-0.0242	0.1454	0.0565	74.6500	85.7500	
-0.0282	0.1446	0.0494	74.7000	84.2750	
-0.0315	0.1455	0.0445	74.8500	81.5250	
-0.0344	0.1455	0.0397	74.8500	77.7000	
-0.0367	0.1449	0.0354	74.3750	78.6750	
-0.0387	0.1449	0.0320	59.4500	78.6500	
-0.0403	0.1446	0.0292	52.6250	76.8500	
-0.0419	0.1442	0.0263	52.1000	75.7250	
-0.0432	0.1429	0.0233	53.8500	76.9000	
-0.0444	0.1428	0.0212	55.2250	77.6000	
-0.0452	0.1416	0.0190	56.6250	76.0250	
-0.0460	0.1412	0.0174	57.3000	76.0000	
-0.0467	0.1409	0.0161	55.6000	75.8750	
-0.0472	0.1408	0.0152	53.3500	75.5250	
-0.0476	0.1402	0.0141	53.8500	75.0750	
-0.0482	0.1404	0.0132	52.8000	75.3250	
-0.0485	0.1407	0.0130	50.9500	75.4000	
-0.0489	0.1400	0.0118	52.1000	75.0250	
-0.0491	0.1396	0.0112	52.7750	75.5250	
-0.0495	0.1400	0.0108	51.1000	74.9000	
-0.0498	0.1395	0.0101	50.3500	75.0000	
-0.0500	0.1394	0.0095	50.4250	75.5250	
-0.0503	0.1391	0.0090	50.1750	74.6750	
-0.0506	0.1392	0.0085	49.3000	75.0750	
-0.0507	0.1397	0.0086	47.6250	75.5000	
-0.0510	0.1393	0.0078	49.1000	75.2000	
-0.0511	0.1391	0.0075	48.2250	75.2500	
-0.0513	0.1392	0.0072	46.9750	74.6250	
-0.0516	0.1391	0.0068	46.8250	75.3000	
-0.0517	0.1391	0.0066	47.2250	74.8250	
-0.0518	0.1391	0.0064	45.8750	75.1250	
-0.0520	0.1389	0.0059	46.4000	74.9250	
-0.0521	0.1389	0.0057	46.2750	74.8750	
-0.0523	0.1390	0.0055	46.3500	74.4500	
-0.0524	0.1390	0.0053	46.8000	74.7750	
-0.0525	0.1391	0.0052	45.7000	74.4750	
-0.0527	0.1389	0.0048	46.6500	74.7750	
-0.0528	0.1393	0.0049	45.8250	74.9000	
-0.0528	0.1391	0.0047	47.7500	74.2750	
-0.0530	0.1396	0.0047	46.0250	74.7750	
-0.0532	0.1393	0.0043	46.9750	74.4500	
-0.0532	0.1394	0.0043	47.9750	74.7750	
-0.0533	0.1395	0.0042	46.3000	74.5000	
-0.0534	0.1393	0.0039	47.7500	74.5000	
-0.0535	0.1394	0.0039	48.1250	74.6000	
-0.0535	0.1394	0.0037	47.1250	74.1250	
-0.0536	0.1393	0.0035	48.1000	74.8750	
-0.0537	0.1394	0.0034	48.0750	74.3750	
-0.0538	0.1394	0.0033	47.8750	74.4750	
-0.0538	0.1395	0.0033	48.5500	74.7250	
-0.0539	0.1397	0.0032	48.4250	74.7000	
-0.0540	0.1397	0.0031	49.1000	74.6750	
-0.0541	0.1399	0.0031	49.2500	74.5000	
-0.0542	0.1399	0.0030	49.0750	75.1250	
-0.0543	0.1401	0.0029	48.9250	74.8000	
-0.0543	0.1402	0.0030	49.4250	74.7500	
-0.0543	0.1404	0.0032	48.5500	75.3250	
-0.0544	0.1407	0.0032	50.6250	74.7250	
-0.0543	0.1408	0.0033	48.7750	75.4750	
-0.0544	0.1407	0.0031	51.7750	74.8250	
-0.0546	0.1409	0.0030	50.6250	75.4000	
-0.0546	0.1410	0.0030	49.8500	75.0750	
-0.0547	0.1411	0.0029	51.7750	76.0000	
-0.0547	0.1412	0.0029	52.0250	75.3250	
-0.0548	0.1412	0.0029	51.4500	75.2000	
-0.0549	0.1416	0.0030	51.2250	75.7000	
-0.0549	0.1418	0.0031	51.2000	75.7250	
-0.0549	0.1420	0.0031	50.5000	75.7500	
-0.0549	0.1421	0.0032	52.1250	75.4250	
-0.0550	0.1423	0.0033	51.3750	76.2250	
-0.0550	0.1424	0.0033	52.6750	74.8500	
-0.0551	0.1426	0.0033	51.8750	76.3750	
-0.0551	0.1427	0.0033	52.1000	75.1000	
-0.0551	0.1428	0.0033	52.1000	76.1250	
-0.0551	0.1429	0.0034	52.4750	75.3750	
-0.0552	0.1432	0.0035	51.1250	76.2000	
-0.0552	0.1432	0.0035	51.3750	75.5750	
-0.0552	0.1434	0.0035	52.5500	75.8500	
-0.0552	0.1432	0.0034	51.6500	75.7250	
-0.0553	0.1432	0.0033	52.5000	75.5000	
-0.0553	0.1431	0.0032	51.6250	76.0000	
-0.0554	0.1431	0.0031	52.1000	74.9500	
-0.0554	0.1432	0.0032	51.5000	75.6500	
-0.0554	0.1431	0.0030	51.7750	75.3750	
-0.0554	0.1430	0.0029	51.6500	76.0500	
-0.0555	0.1431	0.0029	52.0500	75.1750	
-0.0555	0.1432	0.0030	50.6500	75.8000	
-0.0556	0.1432	0.0029	51.4250	75.3000	
-0.0556	0.1430	0.0027	50.4000	75.2500	
-0.0556	0.1431	0.0026	50.5500	75.7250	
-0.0557	0.1431	0.0026	51.9750	75.1750	
-0.0557	0.1432	0.0026	50.7750	75.5500	
-0.0557	0.1432	0.0026	52.3000	75.0000	
-0.0556	0.1433	0.0029	50.0000	75.6500	
-0.0557	0.1432	0.0026	52.4750	75.0750	
-0.0557	0.1433	0.0027	50.4750	75.5000	
-0.0557	0.1432	0.0027	51.5500	74.8500	
-0.0558	0.1437	0.0029	49.6750	75.7250	
-0.0558	0.1433	0.0026	51.1500	75.1000	
-0.0558	0.1434	0.0026	50.6750	75.4000	
-0.0559	0.1435	0.0025	50.5000	75.2250	
-0.0559	0.1433	0.0024	51.0750	75.4250	
-0.0559	0.1436	0.0025	50.2750	75.0250	
-0.0559	0.1435	0.0024	50.1250	75.1750	
-0.0560	0.1435	0.0024	50.0750	75.1500	
-0.0560	0.1438	0.0025	50.8750	75.0750	
-0.0560	0.1440	0.0027	49.6750	75.2500	
-0.0560	0.1439	0.0026	50.4000	75.3250	
-0.0561	0.1442	0.0027	50.4500	74.7750	
-0.0562	0.1441	0.0025	50.0250	75.5500	
-0.0562	0.1444	0.0026	50.2250	74.9250	
-0.0563	0.1451	0.0030	49.8500	75.2750	
-0.0564	0.1450	0.0028	51.9000	75.4000	
-0.0565	0.1457	0.0030	52.1500	75.0000	
-0.0566	0.1461	0.0030	52.6250	75.8750	
-0.0567	0.1464	0.0031	52.4250	75.0000	
-0.0567	0.1468	0.0033	50.9750	75.2500	
-0.0568	0.1472	0.0034	49.8000	75.9000	
-0.0569	0.1478	0.0037	48.3750	74.6500	
-0.0570	0.1481	0.0038	48.9500	76.0750	
-0.0569	0.1482	0.0039	48.9000	75.0500	
-0.0569	0.1486	0.0042	50.2750	75.5750	
-0.0570	0.1491	0.0045	50.4750	74.6500	
-0.0569	0.1491	0.0045	51.0750	75.1000	
-0.0571	0.1494	0.0043	50.0000	74.9000	
-0.0571	0.1493	0.0044	49.2750	74.2750	
-0.0572	0.1496	0.0044	50.1500	74.6000	
-0.0572	0.1496	0.0043	49.9750	74.2250	
-0.0572	0.1495	0.0044	49.4500	73.6750	
-0.0572	0.1494	0.0042	51.4250	73.8000	
-0.0572	0.1493	0.0042	52.8500	73.7250	
-0.0572	0.1494	0.0043	51.0500	73.7250	
-0.0572	0.1495	0.0044	51.9250	73.3000	
-0.0572	0.1498	0.0045	52.7250	74.3250	
-0.0571	0.1493	0.0045	48.6000	72.9250	
-0.0570	0.1488	0.0042	50.8000	74.3250	
-0.0571	0.1488	0.0040	50.1750	73.7000	
-0.0572	0.1490	0.0041	48.2750	73.2500	
-0.0571	0.1486	0.0039	49.6000	73.7750	
-0.0571	0.1484	0.0038	50.8500	73.8500	
-0.0571	0.1484	0.0038	49.3000	73.4750	
-0.0570	0.1482	0.0038	47.8000	73.2750	
-0.0570	0.1482	0.0037	49.5500	74.3000	
-0.0571	0.1481	0.0036	47.6000	72.9750	
-0.0570	0.1480	0.0036	49.0250	73.9000	
-0.0570	0.1477	0.0035	48.6250	73.1500	
-0.0569	0.1479	0.0037	49.2500	74.1250	
-0.0570	0.1477	0.0035	47.3750	72.9250	
-0.0570	0.1477	0.0034	49.9500	74.0500	
-0.0569	0.1476	0.0035	48.8750	73.8000	
-0.0570	0.1476	0.0034	46.4250	73.9250	
-0.0569	0.1473	0.0034	45.4750	73.3500	
-0.0570	0.1475	0.0034	46.8500	74.0250	
-0.0569	0.1476	0.0035	46.4000	74.0250	
-0.0569	0.1474	0.0034	43.7250	73.4750	
-0.0569	0.1473	0.0034	45.3750	73.7500	
-0.0569	0.1473	0.0034	45.0500	73.9250	
-0.0569	0.1473	0.0034	46.1750	74.0000	
-0.0569	0.1472	0.0033	45.3000	73.3250	
-0.0569	0.1473	0.0034	46.8750	74.4000	
-0.0569	0.1473	0.0034	45.1000	73.7500	
-0.0568	0.1472	0.0035	46.0750	73.5250	
-0.0568	0.1473	0.0035	46.4000	74.4250	
-0.0568	0.1471	0.0034	44.0000	73.7250	
-0.0568	0.1471	0.0034	44.0000	73.5250	
-0.0568	0.1470	0.0033	45.9750	74.3250	
-0.0568	0.1470	0.0034	44.3250	73.6000	
-0.0568	0.1471	0.0034	44.0500	74.0250	
-0.0568	0.1471	0.0034	43.6000	73.8750	
-0.0567	0.1469	0.0034	44.7750	73.9500	
-0.0568	0.1470	0.0034	45.0750	73.9750	
-0.0567	0.1469	0.0034	44.1750	74.2500	
-0.0567	0.1468	0.0033	43.9000	73.7500	
-0.0567	0.1468	0.0033	44.9750	73.8750	
-0.0567	0.1468	0.0034	44.7500	74.0500	
-0.0567	0.1467	0.0033	44.6000	73.9000	
-0.0567	0.1468	0.0034	44.8000	73.8750	
-0.0566	0.1467	0.0034	46.3750	74.5500	
-0.0566	0.1467	0.0034	44.3750	73.7000	
-0.0566	0.1466	0.0034	44.1250	74.0250	
-0.0566	0.1466	0.0034	44.7000	73.7250	
-0.0566	0.1466	0.0034	46.0750	74.6000	
-0.0565	0.1465	0.0034	44.5250	73.9250	
-0.0566	0.1466	0.0034	44.1500	74.1250	
-0.0565	0.1465	0.0035	44.2000	73.6750	
-0.0565	0.1466	0.0035	46.3250	74.3000	
-0.0565	0.1465	0.0034	44.5500	74.0750	
-0.0564	0.1463	0.0035	44.2000	73.6500	
-0.0564	0.1463	0.0035	44.7500	73.9750	
-0.0564	0.1463	0.0035	45.7250	74.1250	
-0.0564	0.1463	0.0035	45.5000	74.0500	
-0.0564	0.1463	0.0036	44.3500	73.8000	
-0.0562	0.1460	0.0036	44.4000	74.1500	
-0.0562	0.1458	0.0036	44.5750	73.9500	
-0.0562	0.1458	0.0035	44.7500	73.9000	
-0.0562	0.1457	0.0034	44.6000	73.4250	
-0.0563	0.1458	0.0034	44.7250	74.2000	
-0.0563	0.1458	0.0034	44.8250	74.0250	
-0.0562	0.1457	0.0035	44.6000	73.3250	
-0.0562	0.1457	0.0035	44.8500	74.0750	
-0.0562	0.1456	0.0034	44.7000	73.8250	
-0.0562	0.1456	0.0035	44.8500	73.2500	
-0.0561	0.1459	0.0037	45.7500	74.5250	
-0.0562	0.1461	0.0037	44.3250	73.1000	
-0.0562	0.1462	0.0038	45.5750	74.6250	
-0.0562	0.1458	0.0036	44.1750	72.7500	
-0.0561	0.1457	0.0036	45.0000	74.5000	
-0.0562	0.1457	0.0035	44.9250	73.3750	
-0.0561	0.1456	0.0035	44.9750	74.2500	
-0.0562	0.1455	0.0033	44.8250	73.4000	
-0.0562	0.1453	0.0032	45.0250	74.0000	
-0.0562	0.1453	0.0032	45.5750	73.9250	
-0.0562	0.1452	0.0031	45.9000	73.6250	
-0.0562	0.1453	0.0032	46.0000	74.1500	
-0.0561	0.1452	0.0032	47.5500	73.4750	
-0.0562	0.1450	0.0030	46.2500	73.7750	
-0.0562	0.1451	0.0031	46.9000	74.0250	
-0.0561	0.1449	0.0031	49.2000	73.4500	
-0.0561	0.1448	0.0031	49.3750	74.0000	
-0.0561	0.1446	0.0030	50.4250	73.4250	
-0.0561	0.1448	0.0030	49.5250	74.0000	
-0.0561	0.1446	0.0030	50.0250	73.6000	
-0.0560	0.1448	0.0032	51.5000	74.0000	
-0.0560	0.1447	0.0030	52.4000	73.2500	
-0.0560	0.1445	0.0030	51.5750	73.9000	
-0.0560	0.1444	0.0029	51.7250	73.7500	
-0.0561	0.1445	0.0028	52.1000	73.2000	
-0.0561	0.1445	0.0028	51.3500	73.9000	
-0.0561	0.1445	0.0028	51.6750	73.6250	
-0.0561	0.1445	0.0027	51.0250	73.4750	
-0.0561	0.1445	0.0028	50.8000	73.7000	
-0.0561	0.1444	0.0028	50.9250	73.5250	
-0.0561	0.1445	0.0029	50.5750	74.0000	
-0.0561	0.1444	0.0028	50.7500	73.3500	
-0.0561	0.1445	0.0028	50.2750	73.3750	
-0.0561	0.1446	0.0028	50.3250	73.9250	
-0.0561	0.1446	0.0028	51.1000	73.3750	
-0.0561	0.1447	0.0029	51.5250	73.7000	
-0.0561	0.1447	0.0029	50.9750	73.2500	
-0.0562	0.1450	0.0030	51.6750	73.8750	
-0.0562	0.1449	0.0029	51.9500	73.4250	
-0.0562	0.1450	0.0029	52.6250	73.5500	
-0.0563	0.1451	0.0029	52.2750	73.3000	
-0.0563	0.1453	0.0031	53.3250	73.5250	
-0.0563	0.1453	0.0030	52.4250	73.4500	
-0.0564	0.1457	0.0031	53.1750	73.4750	
-0.0565	0.1459	0.0030	53.5250	73.3000	
-0.0566	0.1464	0.0032	53.9250	73.5000	
-0.0567	0.1468	0.0033	54.0500	73.3750	
-0.0569	0.1475	0.0036	54.3750	73.5000	
-0.0570	0.1479	0.0035	54.5500	73.6500	
-0.0572	0.1486	0.0038	55.4250	73.2750	
-0.0574	0.1494	0.0039	55.4750	73.7500	
-0.0576	0.1499	0.0040	56.0250	73.7250	
-0.0578	0.1508	0.0042	56.9000	73.8250	
-0.0580	0.1522	0.0047	57.1500	73.8750	
-0.0582	0.1531	0.0050	56.9000	74.2500	
-0.0584	0.1539	0.0052	57.3500	74.2000	
-0.0587	0.1544	0.0052	56.9250	74.5500	
-0.0588	0.1544	0.0050	56.8500	74.5250	
-0.0589	0.1547	0.0050	57.4500	74.1250	
-0.0589	0.1552	0.0053	56.4750	74.6250	
-0.0590	0.1557	0.0056	53.5750	74.7750	
-0.0589	0.1553	0.0054	52.0250	74.7750	
-0.0588	0.1552	0.0055	51.3500	74.7750	
-0.0586	0.1550	0.0056	50.6250	74.5750	
-0.0586	0.1549	0.0057	49.7000	74.6000	
-0.0585	0.1551	0.0060	47.8250	74.3250	
-0.0584	0.1547	0.0058	46.2750	74.9750	
-0.0584	0.1545	0.0056	45.6250	74.3000	
-0.0584	0.1544	0.0056	45.3750	74.6500	
-0.0584	0.1542	0.0054	44.8750	74.4500	
-0.0584	0.1541	0.0053	43.5750	74.2500	
-0.0585	0.1543	0.0054	43.6750	74.3750	
-0.0586	0.1545	0.0054	43.6500	74.1750	
-0.0587	0.1545	0.0053	43.0250	74.6000	
-0.0586	0.1548	0.0055	44.0000	73.7500	
-0.0585	0.1544	0.0055	46.7250	74.1750	
-0.0584	0.1539	0.0053	48.9500	74.5750	
-0.0582	0.1527	0.0049	49.0500	74.2250	
-0.0580	0.1518	0.0046	50.9500	74.9250	
-0.0581	0.1517	0.0043	60.4500	74.3750	
-0.0584	0.1525	0.0044	60.8500	75.1500	
-0.0585	0.1531	0.0045	56.5500	74.2750	
-0.0586	0.1535	0.0046	54.8000	74.8000	
-0.0587	0.1539	0.0049	53.7500	74.3500	
-0.0587	0.1540	0.0048	53.9500	74.7250	
-0.0587	0.1542	0.0050	54.4250	74.3000	
-0.0588	0.1545	0.0051	51.9250	74.6000	
-0.0588	0.1553	0.0055	47.7000	74.2500	
-0.0587	0.1553	0.0057	45.0500	74.8750	
-0.0586	0.1557	0.0061	43.7000	74.4000	
-0.0586	0.1563	0.0064	44.5250	74.6000	
-0.0587	0.1562	0.0063	46.1750	75.0500	
-0.0588	0.1563	0.0063	45.9250	74.8000	
-0.0589	0.1568	0.0063	45.2750	75.1500	
-0.0592	0.1575	0.0064	45.7500	74.9500	
-0.0593	0.1580	0.0064	46.0500	75.8250	
-0.0595	0.1582	0.0063	45.2500	75.5000	
-0.0595	0.1586	0.0066	44.7750	75.1250	
-0.0596	0.1589	0.0066	44.7000	75.7750	
-0.0597	0.1587	0.0063	45.2000	76.6750	
-0.0597	0.1584	0.0061	44.9000	75.8000	
-0.0597	0.1586	0.0062	44.8750	76.0000	
-0.0597	0.1583	0.0060	45.8250	76.5250	
-0.0598	0.1584	0.0060	46.5000	76.4250	
-0.0598	0.1586	0.0060	47.3500	76.2000	
-0.0600	0.1592	0.0061	51.0750	76.4000	
-0.0602	0.1598	0.0062	57.9000	76.6000	
-0.0604	0.1608	0.0065	65.0750	76.2250	
-0.0606	0.1616	0.0068	67.1000	75.3500	
-0.0607	0.1625	0.0071	67.2500	75.2250	
-0.0607	0.1631	0.0075	66.6250	74.5750	
-0.0607	0.1629	0.0074	64.0750	75.5000	
-0.0608	0.1633	0.0075	62.9000	75.2500	
-0.0608	0.1637	0.0078	61.0750	75.2250	
-0.0609	0.1635	0.0076	56.6250	74.7500	
-0.0611	0.1635	0.0072	53.0250	75.5750	
-0.0611	0.1641	0.0075	50.8750	75.7500	
-0.0612	0.1643	0.0075	51.1000	75.8250	
-0.0614	0.1644	0.0072	50.4750	76.4750	
-0.0615	0.1655	0.0079	48.8500	76.0750	
-0.0616	0.1656	0.0078	48.2750	76.3250	
-0.0617	0.1662	0.0080	47.5250	76.4250	
-0.0615	0.1664	0.0084	47.8250	76.4000	
-0.0616	0.1658	0.0079	48.6500	77.0750	
-0.0619	0.1669	0.0082	48.3500	76.5750	
-0.0619	0.1671	0.0083	48.3000	76.5500	
-0.0620	0.1665	0.0078	49.5000	76.5250	
-0.0621	0.1673	0.0080	50.1500	76.5750	
-0.0622	0.1677	0.0082	51.6750	76.2750	
-0.0622	0.1679	0.0083	52.3750	76.2750	
-0.0622	0.1687	0.0088	52.8000	76.2000	
-0.0623	0.1685	0.0085	52.8750	76.0000	
-0.0623	0.1688	0.0087	53.1000	75.8750	
-0.0625	0.1684	0.0081	53.0000	76.2500	
-0.0626	0.1686	0.0081	52.6250	75.8750	
-0.0626	0.1690	0.0083	52.4750	75.7250	
-0.0625	0.1690	0.0086	52.5250	75.5000	
-0.0626	0.1686	0.0080	52.8500	75.3750	
-0.0627	0.1691	0.0082	52.3250	76.0500	
-0.0628	0.1691	0.0081	52.6000	75.5750	
-0.0628	0.1690	0.0080	52.5250	75.5750	
-0.0629	0.1694	0.0081	53.2000	75.6750	
-0.0628	0.1690	0.0080	53.4250	75.6750	
-0.0629	0.1696	0.0082	52.5750	75.5000	
-0.0629	0.1691	0.0079	52.3250	75.2250	
-0.0628	0.1689	0.0079	53.1000	75.2000	
-0.0628	0.1684	0.0077	53.6250	75.1750	
-0.0627	0.1688	0.0081	54.4250	75.2250	
-0.0626	0.1686	0.0081	54.6250	74.8750	
-0.0625	0.1668	0.0071	55.6250	75.3500	
-0.0624	0.1681	0.0080	55.1000	74.8000	
-0.0624	0.1669	0.0072	55.3500	74.9750	
-0.0622	0.1658	0.0069	56.5000	75.0000	
-0.0619	0.1664	0.0077	56.2250	74.9750	
-0.0619	0.1657	0.0073	55.9250	74.5250	
-0.0618	0.1649	0.0070	56.6750	74.1750	
-0.0617	0.1650	0.0072	56.4000	74.5250	
-0.0615	0.1644	0.0071	56.7250	74.5750	
-0.0614	0.1639	0.0070	56.2500	74.4000	
-0.0613	0.1635	0.0069	56.5500	74.1750	
-0.0611	0.1631	0.0069	56.8000	74.1000	
-0.0610	0.1624	0.0067	56.7500	74.4000	
-0.0608	0.1624	0.0069	56.0250	74.3750	
-0.0607	0.1621	0.0069	56.0500	74.1000	
-0.0605	0.1614	0.0067	55.7750	74.3750	
-0.0604	0.1615	0.0069	55.8750	73.9000	
-0.0603	0.1606	0.0067	56.0500	74.4250	
-0.0602	0.1607	0.0068	55.9250	74.2250	
-0.0600	0.1599	0.0065	55.8500	74.1000	
-0.0598	0.1596	0.0068	55.3500	74.2750	
-0.0597	0.1593	0.0066	55.8250	74.8250	
-0.0597	0.1590	0.0066	56.0500	74.4250	
-0.0595	0.1587	0.0067	56.3000	74.2000	
-0.0594	0.1582	0.0064	55.7000	74.4500	
-0.0593	0.1584	0.0068	55.7000	74.4250	
-0.0590	0.1585	0.0073	55.5250	74.1750	
-0.0589	0.1578	0.0070	55.6250	74.4500	
-0.0591	0.1573	0.0065	55.6750	74.6500	
-0.0589	0.1574	0.0068	55.7750	74.7250	
-0.0588	0.1567	0.0064	55.2500	74.8250	
-0.0587	0.1564	0.0064	55.0000	74.9750	
-0.0586	0.1563	0.0064	54.6250	74.9500	
-0.0585	0.1559	0.0064	55.3000	74.7500	
-0.0584	0.1560	0.0067	55.0750	75.1250	
-0.0583	0.1559	0.0067	54.8750	74.9000	
-0.0583	0.1554	0.0064	55.3500	75.1000	
-0.0582	0.1555	0.0066	55.0750	75.0000	
-0.0581	0.1553	0.0066	54.9000	75.1250	
-0.0581	0.1548	0.0064	55.2000	75.1250	
-0.0579	0.1552	0.0069	54.9000	74.7500	
-0.0579	0.1541	0.0063	55.4000	75.3250	
-0.0578	0.1546	0.0068	55.0000	75.0750	
-0.0578	0.1539	0.0063	55.1250	75.5500	
-0.0577	0.1539	0.0064	54.9500	75.5000	
-0.0577	0.1541	0.0066	54.7750	75.3500	
-0.0576	0.1532	0.0062	55.4000	75.2750	
-0.0574	0.1541	0.0070	54.7250	75.3750	
-0.0574	0.1522	0.0058	54.8000	75.8000	
-0.0574	0.1532	0.0064	54.1750	75.5750	
-0.0573	0.1525	0.0061	54.6000	75.6750	
-0.0573	0.1523	0.0061	55.0500	75.5000	
-0.0572	0.1526	0.0064	55.2250	75.6500	
-0.0570	0.1527	0.0068	55.2750	75.9000	
-0.0569	0.1526	0.0068	55.6500	75.9250	
-0.0568	0.1526	0.0070	54.7000	75.6750	
-0.0569	0.1520	0.0066	54.7250	75.9750	
-0.0569	0.1520	0.0065	55.3500	76.1250	
-0.0569	0.1520	0.0066	55.8000	75.9750	
-0.0568	0.1528	0.0071	55.4250	75.9500	
-0.0567	0.1526	0.0073	54.6250	75.9750	
-0.0567	0.1516	0.0065	55.0500	76.4000	
-0.0566	0.1521	0.0071	55.7250	76.3500	
-0.0565	0.1523	0.0073	54.8750	76.7250	
-0.0566	0.1522	0.0072	53.8000	76.2250	
-0.0565	0.1519	0.0071	53.3750	76.6500	
-0.0565	0.1516	0.0069	53.1750	76.4500	
-0.0565	0.1514	0.0069	53.6750	76.6250	
-0.0564	0.1522	0.0075	53.5750	77.2000	
-0.0564	0.1521	0.0075	53.4250	76.9250	
-0.0563	0.1526	0.0079	52.3750	77.0250	
-0.0562	0.1522	0.0078	51.1500	76.7500	
-0.0562	0.1516	0.0074	51.3500	76.8750	
-0.0563	0.1522	0.0076	50.4750	77.1000	
-0.0565	0.1524	0.0074	50.9000	77.3500	
-0.0566	0.1537	0.0082	50.2500	77.3250	
-0.0566	0.1537	0.0082	49.4500	77.1500	
-0.0569	0.1548	0.0084	48.4250	77.4250	
-0.0572	0.1556	0.0083	48.0250	77.5000	
-0.0579	0.1575	0.0085	47.2500	76.9750	
-0.0588	0.1624	0.0102	46.5750	77.5500	
-0.0604	0.1678	0.0112	45.6250	78.3500	
-0.0621	0.1740	0.0126	43.2750	79.0500	
-0.0635	0.1782	0.0130	41.1500	80.8750	
-0.0644	0.1831	0.0148	39.7250	82.1500	
-0.0643	0.1839	0.0154	39.2750	82.1250	
-0.0630	0.1778	0.0135	38.0750	81.2750	
-0.0609	0.1693	0.0113	37.8000	80.1000	
-0.0598	0.1648	0.0102	40.2000	78.6000	
-0.0598	0.1636	0.0094	44.1750	77.4500	
-0.0602	0.1660	0.0103	45.9500	77.6500	
-0.0611	0.1707	0.0119	46.9750	78.9250	
-0.0617	0.1755	0.0142	48.0250	79.2750	
-0.0625	0.1799	0.0158	50.4750	79.1250	
-0.0627	0.1812	0.0163	53.6000	78.9000	
-0.0622	0.1806	0.0167	55.9000	79.2500	
-0.0614	0.1767	0.0155	56.5250	79.8750	
-0.0606	0.1732	0.0145	55.6500	79.6250	
-0.0601	0.1701	0.0132	54.7750	79.3500	
-0.0599	0.1685	0.0125	53.8000	79.5750	
-0.0600	0.1681	0.0121	52.0000	79.5250	
-0.0602	0.1678	0.0114	50.5250	79.3500	
-0.0602	0.1676	0.0114	49.4750	79.0000	
-0.0601	0.1672	0.0114	48.7000	78.9500	
-0.0597	0.1660	0.0111	47.4000	78.6500	
-0.0591	0.1644	0.0111	47.0250	78.6750	
-0.0585	0.1629	0.0111	47.1500	78.6750	
-0.0579	0.1614	0.0112	47.3000	78.4750	
-0.0575	0.1606	0.0112	46.6750	78.2000	
-0.0576	0.1594	0.0102	47.0000	77.9250	
-0.0576	0.1597	0.0105	47.5500	77.8250	
-0.0577	0.1606	0.0109	48.3750	78.2250	
-0.0578	0.1605	0.0107	50.0250	78.2000	
-0.0577	0.1615	0.0116	51.5500	77.9000	
-0.0575	0.1617	0.0119	52.0250	77.6750	
-0.0576	0.1603	0.0109	52.7250	77.6500	
-0.0575	0.1611	0.0115	53.6500	77.7750	
-0.0574	0.1609	0.0116	54.2750	77.5500	
-0.0577	0.1606	0.0110	54.5250	77.7000	
-0.0580	0.1612	0.0109	56.2000	77.5250	
-0.0581	0.1611	0.0105	56.5000	77.1750	
-0.0583	0.1624	0.0111	55.8000	76.9500	
-0.0585	0.1631	0.0113	57.2000	76.9500	
-0.0586	0.1630	0.0110	56.8250	77.0750	
-0.0585	0.1645	0.0121	57.5500	77.0750	
-0.0583	0.1646	0.0125	58.2750	77.1750	
-0.0583	0.1655	0.0132	58.3500	77.1500	
-0.0583	0.1654	0.0130	57.6500	77.5250	
-0.0583	0.1650	0.0128	57.9500	77.6000	
-0.0582	0.1644	0.0126	57.7250	77.2500	
-0.0581	0.1636	0.0123	58.1250	77.3750	
-0.0580	0.1632	0.0121	57.8000	77.5000	
-0.0580	0.1630	0.0120	57.3750	77.5750	
-0.0580	0.1632	0.0122	57.0000	77.7000	
-0.0579	0.1628	0.0121	56.1750	77.8250	
-0.0578	0.1632	0.0125	56.0500	77.7500	
-0.0580	0.1632	0.0122	54.4250	77.8750	
-0.0582	0.1631	0.0117	54.3500	78.0250	
-0.0583	0.1633	0.0118	53.8500	77.9750	
-0.0583	0.1638	0.0120	53.0500	78.0250	
-0.0584	0.1635	0.0117	52.2250	78.0000	
-0.0583	0.1631	0.0115	51.5250	78.1250	
-0.0581	0.1632	0.0120	51.6000	77.9500	
-0.0580	0.1630	0.0120	51.1500	78.0500	
-0.0580	0.1626	0.0117	50.5500	77.9750	
-0.0580	0.1628	0.0119	51.4250	77.8250	
-0.0579	0.1630	0.0121	51.0250	77.3500	
-0.0580	0.1633	0.0122	51.2000	77.5000	
-0.0579	0.1632	0.0122	51.4000	77.0750	
-0.0579	0.1633	0.0123	52.0500	77.2500	
-0.0579	0.1628	0.0120	52.2250	77.2250	
-0.0578	0.1627	0.0120	52.5500	77.0500	
-0.0579	0.1631	0.0123	52.5750	77.0750	
-0.0579	0.1631	0.0122	52.4750	77.0750	
-0.0579	0.1623	0.0116	53.6500	77.3250	
-0.0578	0.1623	0.0118	54.1250	77.2750	
-0.0578	0.1629	0.0122	54.1750	76.9000	
-0.0578	0.1626	0.0121	53.7500	77.0500	
-0.0578	0.1627	0.0120	54.5000	77.1750	
-0.0577	0.1626	0.0122	54.1500	76.9250	
-0.0577	0.1631	0.0125	54.2250	77.1750	
-0.0576	0.1624	0.0122	54.7000	77.0500	
-0.0577	0.1621	0.0119	54.4500	77.1500	
-0.0578	0.1622	0.0118	53.8500	77.3500	
-0.0578	0.1620	0.0117	54.1000	77.1250	
-0.0577	0.1618	0.0116	53.9500	77.1500	
-0.0576	0.1628	0.0125	53.4000	77.1500	
-0.0576	0.1621	0.0121	53.5000	77.4250	
-0.0577	0.1618	0.0116	52.9250	77.3250	
-0.0578	0.1623	0.0119	52.7250	77.2000	
-0.0578	0.1618	0.0115	52.6250	77.3750	
-0.0578	0.1619	0.0115	52.5000	77.4000	
-0.0578	0.1626	0.0121	52.5500	77.4500	
-0.0578	0.1621	0.0118	52.2250	77.5000	
-0.0577	0.1622	0.0120	52.1500	77.2500	
-0.0577	0.1623	0.0121	51.8500	77.1250	
-0.0577	0.1619	0.0117	51.6500	77.1250	
-0.0577	0.1624	0.0122	51.9750	77.1750	
-0.0576	0.1618	0.0118	51.7000	77.3250	
-0.0576	0.1616	0.0117	52.0000	77.2500	
-0.0576	0.1618	0.0119	51.4500	77.1000	
-0.0577	0.1612	0.0114	51.6000	77.2750	
-0.0576	0.1617	0.0117	51.7750	77.4750	
-0.0575	0.1613	0.0117	52.6000	77.0250	
-0.0576	0.1619	0.0119	52.4500	77.3000	
-0.0577	0.1631	0.0125	52.0000	77.2750	
-0.0577	0.1637	0.0130	51.2250	77.5500	
-0.0580	0.1636	0.0124	51.1250	77.5750	
-0.0582	0.1637	0.0121	52.1250	77.7250	
-0.0586	0.1646	0.0121	52.5500	77.5500	
-0.0589	0.1659	0.0124	53.7250	77.5750	
-0.0593	0.1668	0.0123	53.1000	77.9000	
-0.0597	0.1679	0.0125	53.4750	78.3750	
-0.0600	0.1683	0.0122	55.4500	78.6250	
-0.0603	0.1692	0.0124	57.2750	78.9000	
-0.0604	0.1701	0.0127	58.5750	78.7000	
-0.0604	0.1698	0.0125	58.6500	78.6500	
-0.0605	0.1700	0.0125	58.8000	78.9000	
-0.0604	0.1702	0.0128	60.1250	79.2250	
-0.0604	0.1708	0.0133	60.2500	78.8500	
-0.0602	0.1698	0.0129	59.9000	78.9000	
-0.0602	0.1699	0.0130	60.5250	78.8750	
-0.0602	0.1701	0.0130	60.2750	78.9500	
-0.0602	0.1692	0.0125	60.5000	78.7500	
-0.0601	0.1687	0.0123	60.8500	78.7250	
-0.0600	0.1691	0.0127	60.8750	78.5750	
-0.0599	0.1691	0.0129	60.7000	78.6000	
-0.0598	0.1685	0.0127	60.4000	78.3750	
-0.0599	0.1684	0.0125	59.7000	78.4750	
-0.0598	0.1679	0.0122	60.4750	78.4500	
-0.0598	0.1678	0.0123	60.5250	78.3750	
-0.0597	0.1675	0.0122	60.3250	78.6750	
-0.0597	0.1676	0.0122	60.5500	78.4750	
-0.0596	0.1676	0.0124	60.1000	78.2000	
-0.0595	0.1678	0.0126	59.9750	78.1750	
-0.0596	0.1676	0.0124	59.9500	77.8750	
-0.0595	0.1683	0.0130	60.4000	78.1500	
-0.0596	0.1675	0.0123	59.9500	77.8500	
-0.0596	0.1672	0.0122	59.9250	77.7500	
-0.0593	0.1673	0.0127	59.8500	78.0500	
-0.0594	0.1670	0.0123	59.5750	77.8750	
-0.0595	0.1667	0.0120	59.3250	78.0000	
-0.0595	0.1668	0.0120	59.7000	77.6750	
-0.0592	0.1668	0.0125	59.7250	77.7750	
-0.0593	0.1668	0.0123	59.1750	77.6250	
-0.0594	0.1669	0.0123	59.7250	78.0000	
-0.0594	0.1668	0.0122	59.8750	77.8000	
-0.0592	0.1664	0.0122	59.8500	77.8000	
-0.0592	0.1669	0.0126	58.8500	77.5250	
-0.0592	0.1670	0.0126	59.3250	77.6000	
-0.0590	0.1657	0.0121	59.7000	77.1500	
-0.0589	0.1656	0.0122	59.3750	77.1750	
-0.0588	0.1653	0.0122	59.8250	77.2500	
-0.0589	0.1660	0.0125	59.5500	77.4500	
-0.0590	0.1652	0.0119	59.6250	77.5750	
-0.0589	0.1650	0.0118	60.2250	77.2750	
-0.0589	0.1653	0.0119	59.7500	77.1750	
-0.0589	0.1653	0.0120	59.2500	77.1500	
-0.0590	0.1649	0.0117	59.9250	77.4250	
-0.0590	0.1648	0.0116	59.5750	77.1500	
-0.0589	0.1650	0.0117	59.5250	77.3500	
-0.0589	0.1652	0.0120	59.9750	77.1750	
-0.0587	0.1654	0.0124	59.8250	77.4000	
-0.0588	0.1649	0.0119	59.8750	77.2500	
-0.0588	0.1646	0.0118	59.9000	77.0750	
-0.0588	0.1642	0.0114	59.5000	77.0250	
-0.0588	0.1646	0.0118	59.9500	77.2500	
-0.0588	0.1649	0.0120	59.2500	77.4500	
-0.0587	0.1643	0.0117	59.8750	77.0000	
-0.0587	0.1644	0.0117	59.7250	77.1250	
-0.0588	0.1647	0.0119	60.5750	77.3000	
-0.0587	0.1644	0.0118	60.0750	77.1000	
-0.0586	0.1648	0.0121	59.4000	76.7250	
-0.0585	0.1644	0.0121	60.6500	77.0500	
-0.0587	0.1643	0.0118	59.5750	77.0000	
-0.0586	0.1640	0.0116	60.2250	76.9500	
-0.0586	0.1643	0.0118	60.2500	77.1000	
-0.0586	0.1643	0.0118	59.9750	76.8500	
-0.0585	0.1643	0.0121	59.5500	76.8750	
-0.0584	0.1643	0.0123	59.7000	76.8250	
-0.0581	0.1640	0.0124	60.2000	76.8500	
-0.0584	0.1637	0.0118	59.7750	76.9750	
-0.0584	0.1635	0.0116	60.8250	77.1250	
-0.0585	0.1643	0.0120	60.2500	77.0250	
-0.0585	0.1638	0.0117	60.2250	76.8250	
-0.0585	0.1637	0.0116	61.1750	77.1750	
-0.0586	0.1642	0.0118	59.6750	76.8500	
-0.0585	0.1638	0.0117	60.3500	77.2000	
-0.0585	0.1639	0.0117	60.7500	77.0250	
-0.0585	0.1636	0.0116	60.6750	77.0000	
-0.0586	0.1636	0.0115	60.6000	77.1750	
-0.0585	0.1639	0.0118	60.4250	77.1000	
-0.0585	0.1637	0.0117	60.5500	76.8750	
-0.0585	0.1633	0.0114	60.5500	76.8750	
-0.0585	0.1637	0.0117	60.5500	77.0500	
-0.0584	0.1636	0.0117	60.4000	76.9750	
-0.0584	0.1638	0.0118	60.9500	76.9750	
-0.0584	0.1635	0.0117	60.9250	76.8250	
-0.0584	0.1634	0.0116	60.9750	76.6250	
-0.0584	0.1635	0.0117	61.1500	76.7500	
-0.0584	0.1635	0.0117	60.5500	76.7250	
-0.0585	0.1643	0.0119	59.9750	76.9750	
-0.0584	0.1632	0.0115	60.0500	76.7500	
-0.0584	0.1630	0.0114	60.4750	76.6500	
-0.0583	0.1628	0.0113	60.5000	76.8750	
-0.0584	0.1628	0.0112	60.3000	76.6250	
-0.0584	0.1632	0.0115	60.8000	76.9000	
-0.0583	0.1630	0.0115	61.1250	76.8000	
-0.0583	0.1635	0.0118	60.8750	76.7000	
-0.0582	0.1636	0.0121	60.4750	76.5500	
-0.0583	0.1631	0.0116	60.6250	76.6000	
-0.0582	0.1631	0.0116	61.0250	76.7250	
-0.0582	0.1633	0.0118	60.9250	77.0000	
-0.0583	0.1629	0.0115	60.4750	76.5500	
-0.0583	0.1630	0.0115	60.4250	76.7500	
-0.0583	0.1631	0.0115	61.1750	76.9250	
-0.0583	0.1630	0.0116	60.6000	76.8500	
-0.0583	0.1630	0.0115	60.9250	76.8500	
0.8371	50.0000	0.5823	50.0000	
0.7872	50.0000	0.5685	50.0000	
0.7384	50.0000	0.5539	50.0000	
0.6974	50.0000	0.5378	50.0000	
0.6697	50.0000	0.5203	50.0000	
0.6429	50.0000	0.5015	50.0000	
0.6145	50.0000	0.4813	50.0000	
0.5845	50.0000	0.4598	50.0000	
0.5537	50.0000	0.4373	50.0000	
0.5216	50.0000	0.4144	50.0000	
0.4893	50.0000	0.3916	50.0000	
0.4569	50.0000	0.3696	50.0000	
0.4250	50.0000	0.3495	50.0000	
0.3945	50.0000	0.3321	50.0000	
0.3663	60.6500	0.3176	54.7250	
0.3403	50.7250	0.3065	50.0000	
0.3179	50.0000	0.2971	50.0000	
0.2985	49.9750	0.2917	50.0000	
0.2835	50.0000	0.2880	50.0000	
0.2718	50.0000	0.2854	50.0000	
0.2632	50.0000	0.2833	50.0000	
0.2570	50.0000	0.2813	50.0250	
0.2526	50.0000	0.2792	54.0750	
0.2499	50.0000	0.2770	58.6000	
0.2479	50.0000	0.2745	62.3000	
0.2465	50.0000	0.2714	64.1750	
0.2454	50.0000	0.2683	64.6750	
0.2445	50.0250	0.2651	65.7750	
0.2437	50.0750	0.2618	66.3250	
0.2430	50.1000	0.2583	66.1000	
0.2424	50.2250	0.2546	66.5500	
0.2418	50.5000	0.2504	66.9750	
0.2413	51.0250	0.2457	66.5000	
0.2408	51.8000	0.2407	66.3000	
0.2404	52.6000	0.2356	65.5250	
0.2400	54.2500	0.2300	65.3750	
0.2396	55.4750	0.2241	65.4000	
0.2392	56.8750	0.2181	64.5250	
0.2388	58.6000	0.2121	64.1250	
0.2384	60.7500	0.2060	63.6250	
0.2380	62.0000	0.1997	63.1750	
0.2376	63.7750	0.1934	62.5000	
0.2372	65.0750	0.1871	62.1000	
0.2368	66.3750	0.1809	61.8000	
0.2364	67.2500	0.1749	61.7250	
0.2359	67.9250	0.1691	61.1000	
0.2355	68.5750	0.1636	60.9500	
0.2351	69.2750	0.1584	60.8000	
0.2346	69.9250	0.1536	60.5500	
0.2342	70.5500	0.1492	60.4750	
0.2337	70.8250	0.1452	60.4250	
0.2333	71.0500	0.1416	60.3500	
0.2328	71.1750	0.1383	60.2750	
0.2323	71.3000	0.1353	60.4500	
0.2318	71.3750	0.1326	60.4000	
0.2313	71.7000	0.1302	60.4000	
0.2308	71.8000	0.1279	60.4750	
0.2302	71.6500	0.1257	60.6250	
0.2297	71.7250	0.1237	60.6750	
0.2292	71.8250	0.1215	60.7250	
0.2286	71.9750	0.1193	60.9250	
0.2281	71.8750	0.1169	61.3000	
0.2275	72.1000	0.1143	61.3250	
0.2270	72.1250	0.1108	61.4000	
0.2264	72.1750	0.1065	61.6250	
0.2258	72.2250	0.1018	61.9000	
0.2252	72.3500	0.0968	62.2750	
0.2246	72.3500	0.0914	62.6000	
0.2240	72.5250	0.0860	63.2000	
0.2234	72.2750	0.0806	63.2000	
0.2228	72.1250	0.0754	63.7750	
0.2222	72.1500	0.0701	64.2500	
0.2216	72.4250	0.0646	64.6750	
0.2209	72.3750	0.0591	66.1500	
0.2202	72.3750	0.0536	66.5000	
0.2193	72.2500	0.0488	67.6500	
0.2181	72.5750	0.0446	68.3000	
0.2166	72.6250	0.0413	69.2000	
0.2149	72.3000	0.0388	69.8000	
0.2130	72.0250	0.0371	70.9250	
0.2111	71.9000	0.0359	71.9250	
0.2092	71.8500	0.0351	72.9000	
0.2073	71.7750	0.0345	73.5000	
0.2055	71.6750	0.0341	73.8250	
0.2037	71.6000	0.0339	74.4250	
0.2021	71.7500	0.0337	74.6250	
0.2004	71.5250	0.0334	74.8500	
0.1990	70.9250	0.0333	74.9500	
0.1976	71.5000	0.0331	75.2250	
0.1962	71.5000	0.0329	75.1250	
0.1951	71.2500	0.0326	75.3750	
0.1941	71.6250	0.0323	75.4250	
0.1930	71.6250	0.0319	75.2000	
0.1922	71.2750	0.0317	75.4500	
0.1913	71.8250	0.0309	75.4000	
0.1906	71.9000	0.0303	75.7000	
0.1899	71.9500	0.0294	75.7250	
0.1894	72.1000	0.0288	75.6500	
0.1889	72.0000	0.0284	75.8750	
0.1883	72.3000	0.0280	75.9750	
0.1879	72.2250	0.0277	76.2250	
0.1875	72.3000	0.0274	76.7250	
0.1872	72.2500	0.0272	76.8500	
0.1869	72.2000	0.0270	77.0750	
0.1867	72.3250	0.0269	77.3500	
0.1864	72.1750	0.0267	77.4000	
0.1862	72.2000	0.0266	77.5500	
0.1861	72.3500	0.0265	77.6000	
0.1859	72.3750	0.0264	77.6750	
0.1857	72.4750	0.0263	77.7500	
0.1856	72.5250	0.0263	77.8250	
0.1855	72.5250	0.0262	77.7750	
0.1853	72.5750	0.0260	77.9000	
0.1853	72.5250	0.0259	77.8750	
0.1853	72.4250	0.0259	78.0500	
0.1850	72.5500	0.0258	78.1000	
0.1850	72.5250	0.0257	78.0250	
0.1849	72.6750	0.0257	78.1000	
0.1850	72.7250	0.0256	78.2750	
0.1848	72.8250	0.0256	78.0500	
0.1848	73.0750	0.0255	78.2000	
0.1847	73.0000	0.0254	78.2000	
0.1846	73.0500	0.0253	78.2500	
0.1846	72.9250	0.0253	78.3500	
0.1846	72.8750	0.0253	78.2500	
0.1845	72.7750	0.0252	78.2750	
0.1846	72.7250	0.0251	78.2250	
0.1845	72.8250	0.0250	78.2750	
0.1845	72.9250	0.0250	78.4250	
0.1843	72.8500	0.0249	78.4000	
0.1844	72.9500	0.0249	78.4500	
0.1844	73.0000	0.0248	78.4500	
0.1843	72.8250	0.0248	78.4500	
0.1843	72.6500	0.0247	78.3750	
0.1843	72.6250	0.0246	78.4500	
0.1843	72.4500	0.0246	78.4750	
0.1842	72.2250	0.0246	78.4750	
0.1843	71.4500	0.0245	78.4500	
0.1842	71.6250	0.0244	78.6000	
0.1842	71.1750	0.0243	78.4500	
0.1842	70.7500	0.0243	78.5500	
0.1842	70.7750	0.0243	78.5750	
0.1842	70.3000	0.0243	78.3500	
0.1841	70.3250	0.0241	78.6000	
0.1841	69.0750	0.0241	78.4750	
0.1841	68.5000	0.0240	78.4750	
0.1842	68.1750	0.0240	78.4250	
0.1840	67.1750	0.0240	78.6000	
0.1841	67.1750	0.0239	78.5750	
0.1840	66.8250	0.0239	78.5250	
0.1842	66.7000	0.0238	78.5500	
0.1841	66.7250	0.0237	78.5500	
0.1840	66.4000	0.0237	78.5500	
0.1840	65.9250	0.0236	78.5750	
0.1840	66.1000	0.0236	78.6250	
0.1840	65.7500	0.0235	78.5500	
0.1839	65.7250	0.0235	78.6000	
0.1840	65.7250	0.0235	78.5500	
0.1839	65.6750	0.0235	78.5500	
0.1839	65.1750	0.0234	78.6750	
0.1839	65.2250	0.0234	78.6250	
0.1839	65.0750	0.0233	78.7500	
0.1839	64.9750	0.0232	78.7000	
0.1839	64.5750	0.0232	78.6500	
0.1839	64.4250	0.0232	78.5500	
0.1839	64.1250	0.0231	78.6500	
0.1840	63.8250	0.0231	78.6000	
0.1838	63.8250	0.0232	78.5750	
0.1839	63.6000	0.0231	78.6500	
0.1838	62.9500	0.0230	78.6250	
0.1838	62.9750	0.0229	78.6250	
0.1839	62.8750	0.0229	78.6000	
0.1838	62.5000	0.0228	78.6750	
0.1838	61.4000	0.0228	78.7000	
0.1838	60.5250	0.0228	78.6250	
0.1839	61.4000	0.0227	78.6250	
0.1838	60.8000	0.0227	78.6750	
0.1838	58.5750	0.0226	78.6750	
0.1838	58.4000	0.0226	78.6500	
0.1838	58.1250	0.0226	78.7750	
0.1838	58.6250	0.0226	78.6750	
0.1838	57.8750	0.0225	78.6250	
0.1838	57.4750	0.0225	78.7250	
0.1838	57.1250	0.0225	78.7000	
0.1839	58.4750	0.0225	78.5000	
0.1840	55.6250	0.0225	78.6500	
0.1839	54.7500	0.0224	78.6000	
0.1839	56.5000	0.0223	78.6750	
0.1838	52.8750	0.0223	78.5250	
0.1838	53.6750	0.0223	78.7250	
0.1838	55.1500	0.0222	78.5750	
0.1840	53.1500	0.0222	78.6250	
0.1837	53.1000	0.0222	78.7500	
0.1839	54.9750	0.0222	78.6750	
0.1838	51.9000	0.0221	78.5500	
0.1838	52.3750	0.0221	78.8000	
0.1838	53.2000	0.0221	78.6500	
0.1838	52.4500	0.0220	78.6500	
0.1837	52.5000	0.0220	78.5250	
0.1837	52.0250	0.0220	78.5750	
0.1837	51.4000	0.0219	78.5250	
0.1837	51.7500	0.0220	78.6000	
0.1837	51.7750	0.0219	78.6000	
0.1837	51.1000	0.0219	78.7750	
0.1837	50.4250	0.0218	78.5000	
0.1837	50.5500	0.0218	78.4500	
0.1837	50.0250	0.0218	78.5000	
0.1839	51.4250	0.0217	78.4500	
0.1837	50.3250	0.0217	78.5250	
0.1837	49.6000	0.0217	78.4250	
0.1837	49.6000	0.0217	78.5000	
0.1837	50.1500	0.0217	78.4250	
0.1839	51.3500	0.0216	78.4250	
0.1836	49.7250	0.0216	78.3750	
0.1838	48.9500	0.0215	78.5500	
0.1837	49.9250	0.0215	78.4750	
0.1837	50.0750	0.0215	78.5250	
0.1838	48.0500	0.0215	78.5500	
0.1837	48.9750	0.0214	78.5500	
0.1837	50.6250	0.0214	78.5500	
0.1837	49.3000	0.0214	78.6750	
0.1837	49.1500	0.0214	78.6000	
0.1837	49.9750	0.0214	78.6000	
0.1837	49.0250	0.0214	78.6000	
0.1837	48.6750	0.0214	78.6000	
0.1837	49.0250	0.0214	78.6500	
0.1837	48.6250	0.0213	78.7000	
0.1838	48.7500	0.0212	78.6250	
0.1837	48.8250	0.0212	78.6250	
0.1837	48.3500	0.0212	78.7500	
0.1837	49.3250	0.0211	78.7250	
0.1836	49.1000	0.0211	78.7250	
0.1836	48.0750	0.0211	78.8250	
0.1837	46.9250	0.0211	78.7000	
0.1836	47.8250	0.0211	78.7750	
0.1837	48.2750	0.0210	78.7750	
0.1837	48.7250	0.0210	78.8750	
0.1837	48.2000	0.0210	78.9000	
0.1836	47.9250	0.0210	78.7750	
0.1837	48.7500	0.0211	79.2000	
0.1838	46.9500	0.0209	78.8500	
0.1838	47.9500	0.0209	78.9500	
0.1837	47.9250	0.0209	79.0000	
0.1836	47.7250	0.0208	78.9750	
0.1836	47.8750	0.0207	79.3750	
0.1837	47.4000	0.0207	79.3250	
0.1836	47.4000	0.0207	79.3500	
0.1836	47.8000	0.0206	79.6500	
0.1836	47.6000	0.0206	79.3750	
0.1836	47.0500	0.0206	79.7000	
0.1836	46.8250	0.0205	79.7000	
0.1836	47.1000	0.0205	79.9000	
0.1836	47.4000	0.0204	80.0000	
0.1836	46.6750	0.0203	80.0500	
0.1836	46.6250	0.0203	80.0250	
0.1836	47.9750	0.0202	80.1250	
0.1836	48.2500	0.0201	80.2500	
0.1836	46.7250	0.0201	80.2500	
0.1836	47.0500	0.0200	80.4000	
0.1836	46.7750	0.0199	80.4750	
0.1836	47.4500	0.0198	80.5500	
0.1836	47.6750	0.0198	80.6250	
0.1836	46.1000	0.0197	80.5250	
0.1836	46.1500	0.0196	80.7750	
0.1836	46.5000	0.0195	80.5500	
0.1836	46.4000	0.0194	80.6500	
0.1836	46.8750	0.0193	80.6500	
0.1836	46.6250	0.0193	80.6000	
0.1836	46.8000	0.0191	80.5750	
0.1836	46.2750	0.0191	80.6000	
0.1836	46.9250	0.0190	80.7000	
0.1836	47.4500	0.0189	80.6000	
0.1836	46.4750	0.0189	80.7250	
0.1837	45.1750	0.0188	80.7000	
0.1836	46.2750	0.0187	80.6500	
0.1836	46.6750	0.0186	80.7250	
0.1836	46.2000	0.0185	80.5750	
0.1836	45.6500	0.0184	80.6500	
0.1836	45.9250	0.0183	80.6750	
0.1836	47.1250	0.0182	80.5500	
0.1839	48.4000	0.0181	80.6250	
0.1837	45.6250	0.0180	80.7250	
0.1837	45.7750	0.0179	80.6750	
0.1836	47.6750	0.0179	80.6750	
0.1835	46.7750	0.0178	80.6750	
0.1836	46.0500	0.0177	80.5500	
0.1835	46.1500	0.0176	80.6000	
0.1836	46.6500	0.0175	80.7000	
0.1836	45.7750	0.0174	80.5500	
0.1835	45.1000	0.0174	80.3500	
0.1835	46.0000	0.0172	80.3500	
0.1836	46.3250	0.0172	80.5500	
0.1835	46.0000	0.0171	80.5250	
0.1836	45.3500	0.0170	80.4750	
0.1836	45.9750	0.0169	80.5500	
0.1836	46.0250	0.0168	80.4000	
0.1836	45.4500	0.0168	80.4250	
0.1835	46.1000	0.0167	80.3500	
0.1835	45.8250	0.0166	80.3500	
0.1837	46.8250	0.0165	80.4500	
0.1835	46.0250	0.0164	80.3750	
0.1836	44.6750	0.0163	80.3750	
0.1835	45.6500	0.0162	80.3500	
0.1835	46.7000	0.0162	80.2000	
0.1836	45.4750	0.0161	80.3000	
0.1836	46.1500	0.0160	80.2750	
0.1836	46.0500	0.0159	80.4000	
0.1835	45.8500	0.0158	80.2750	
0.1835	46.1500	0.0157	80.2250	
0.1835	44.7250	0.0157	80.2750	
0.1836	45.8000	0.0156	80.2750	
0.1835	46.1000	0.0155	80.1750	
0.1835	45.8750	0.0154	80.1000	
0.1835	46.0000	0.0153	80.1500	
0.1835	45.5000	0.0153	80.1500	
0.1835	45.4000	0.0152	80.1000	
0.1836	46.6750	0.0151	80.1750	
0.1834	45.1750	0.0151	80.1750	
0.1835	44.4250	0.0150	80.0750	
0.1835	45.9250	0.0149	80.0000	
0.1835	47.0250	0.0149	80.0500	
0.1837	44.7000	0.0148	80.0500	
0.1835	45.7500	0.0147	80.0750	
0.1836	47.4500	0.0147	80.0250	
0.1835	45.4000	0.0146	80.0000	
0.1835	44.3000	0.0145	80.0250	
0.1834	45.8500	0.0145	80.0250	
0.1834	46.2500	0.0145	79.9500	
0.1834	45.5250	0.0144	79.7750	
0.1835	44.4750	0.0143	79.8500	
0.1834	44.8750	0.0142	79.7750	
0.1836	46.3000	0.0142	79.7750	
0.1834	45.7000	0.0141	79.8750	
0.1834	45.1750	0.0140	79.9750	
0.1833	45.8000	0.0140	79.9250	
0.1833	45.6750	0.0139	79.7500	
0.1833	45.3000	0.0138	79.6500	
0.1833	44.7250	0.0138	79.7500	
0.1833	44.2000	0.0138	79.7000	
0.1832	45.3750	0.0136	79.7250	
0.1833	46.2250	0.0136	79.6750	
0.1832	44.0000	0.0135	79.5250	
0.1832	43.7750	0.0135	79.5750	
0.1832	44.6250	0.0134	79.6250	
0.1832	44.4000	0.0133	79.6000	
0.1832	45.1500	0.0133	79.4500	
0.1832	44.1250	0.0132	79.4750	
0.1832	44.0000	0.0132	79.4500	
0.1832	43.9000	0.0131	79.3750	
0.1833	44.1750	0.0130	79.4000	
0.1831	45.1500	0.0130	79.3000	
0.1832	43.8000	0.0129	79.3250	
0.1831	44.6250	0.0128	79.2500	
0.1831	45.1750	0.0128	79.3000	
0.1832	44.5000	0.0127	79.3000	
0.1832	44.1250	0.0127	79.2250	
0.1832	43.8500	0.0126	79.1750	
0.1831	44.4000	0.0125	79.1500	
0.1831	44.5750	0.0125	79.1750	
0.1831	44.3750	0.0125	79.1000	
0.1831	45.3250	0.0124	79.0500	
0.1830	44.6750	0.0123	79.1500	
0.1831	44.9500	0.0123	79.0250	
0.1831	44.8250	0.0122	79.1500	
0.1830	44.8500	0.0122	79.0250	
0.1831	45.7250	0.0122	78.9250	
0.1830	44.6250	0.0121	78.8750	
0.1831	44.1500	0.0121	78.8500	
0.1830	44.7000	0.0120	78.7500	
0.1831	45.8750	0.0120	78.8500	
0.1829	44.4500	0.0119	78.7250	
0.1830	44.4750	0.0119	78.7500	
0.1830	45.1250	0.0118	78.6750	
0.1830	45.8000	0.0119	78.6000	
0.1829	45.8250	0.0118	78.5750	
0.1831	44.3500	0.0118	78.5000	
0.1831	45.1250	0.0117	78.5500	
0.1830	45.2000	0.0116	78.4500	
0.1829	44.3250	0.0116	78.4750	
0.1829	44.7000	0.0115	78.4000	
0.1829	45.3000	0.0115	78.3750	
0.1830	45.4000	0.0115	78.2500	
0.1829	44.6250	0.0114	78.2500	
0.1829	44.8250	0.0114	78.2250	
0.1830	45.0250	0.0114	78.3250	
0.1830	44.6250	0.0114	78.1750	
0.1829	44.5250	0.0113	78.2750	
0.1829	45.4750	0.0113	78.1500	
0.1828	45.2000	0.0113	78.1000	
0.1829	45.0750	0.0112	78.0500	
0.1828	44.9750	0.0113	78.1500	
0.1828	44.7000	0.0112	78.2000	
0.1829	45.1500	0.0112	78.0750	
0.1829	44.8500	0.0112	77.9000	
0.1828	44.4500	0.0112	78.0250	
0.1828	45.4750	0.0112	78.0000	
0.1828	45.6000	0.0110	77.9000	
0.1829	44.6250	0.0110	77.9750	
0.1828	44.8250	0.0111	77.8750	
0.1828	45.1000	0.0110	77.8250	
0.1828	45.1250	0.0109	77.8750	
0.1828	45.2000	0.0109	77.7750	
0.1827	45.2500	0.0109	77.8750	
0.1827	44.8000	0.0109	77.7500	
0.1827	45.2500	0.0108	77.7500	
0.1827	45.4500	0.0108	77.7500	
0.1827	45.0500	0.0108	77.6250	
0.1827	45.4250	0.0109	77.7500	
0.1827	45.6750	0.0107	77.5250	
0.1827	45.5000	0.0107	77.6000	
0.1827	45.2250	0.0106	77.6500	
0.1828	44.2750	0.0106	77.5000	
0.1826	44.5750	0.0106	77.5250	
0.1827	45.4000	0.0106	77.5000	
0.1827	44.7000	0.0105	77.3500	
0.1826	44.7500	0.0105	77.5750	
0.1826	45.2250	0.0105	77.3000	
0.1827	45.8000	0.0105	77.4500	
0.1827	45.1750	0.0104	77.3750	
0.1826	45.2000	0.0104	77.4000	
0.1827	45.5500	0.0104	77.3250	
0.1826	45.2250	0.0104	77.3500	
0.1826	45.1500	0.0103	77.3000	
0.1826	45.4250	0.0103	77.2250	
0.1826	46.0000	0.0103	77.3000	
0.1826	45.7750	0.0103	77.2750	
0.1825	45.8500	0.0102	77.3250	
0.1826	46.0750	0.0102	77.2500	
0.1825	45.8500	0.0101	77.2000	
0.1825	44.8500	0.0101	77.2250	
0.1825	45.3000	0.0101	77.1750	
0.1826	45.9500	0.0101	77.1750	
0.1825	45.2000	0.0100	77.1750	
0.1825	45.1000	0.0100	77.2250	
0.1825	45.1750	0.0100	77.1750	
0.1825	45.4000	0.0100	77.1500	
0.1825	45.2750	0.0100	77.1500	
0.1825	45.4000	0.0100	77.1750	
0.1824	45.5250	0.0099	77.1500	
0.1824	45.1250	0.0099	77.1750	
0.1826	45.5000	0.0098	77.1250	
0.1825	44.8250	0.0098	77.1250	
0.1825	44.8000	0.0098	77.1750	
0.1824	45.4250	0.0097	77.1250	
0.1824	45.3750	0.0097	77.1250	
0.1824	44.9500	0.0097	77.1000	
0.1824	45.7250	0.0097	77.0750	
0.1824	45.9500	0.0097	77.0750	
0.1824	45.3000	0.0096	77.0500	
0.1824	45.4000	0.0096	77.0250	
0.1823	45.6750	0.0096	76.9250	
0.1823	45.6000	0.0096	77.0250	
0.1823	45.4250	0.0095	77.0000	
0.1823	45.2250	0.0095	77.0750	
0.1823	45.7000	0.0095	76.9750	
0.1822	45.4750	0.0095	76.9750	
0.1822	45.4000	0.0095	77.0250	
0.1823	45.2000	0.0095	76.9500	
0.1823	45.9750	0.0094	77.0000	
0.1823	46.0250	0.0094	76.9750	
0.1823	44.6000	0.0094	77.0000	
0.1822	45.4250	0.0094	76.8750	
0.1823	45.2750	0.0094	76.9250	
0.1822	44.7250	0.0093	76.9500	
0.1822	45.4500	0.0093	76.9500	
0.1821	45.5500	0.0093	76.9750	
0.1822	45.5250	0.0093	76.9000	
0.1822	45.0750	0.0093	76.8500	
0.1821	44.6750	0.0093	76.9250	
0.1821	45.1750	0.0092	76.8000	
0.1821	45.4250	0.0092	76.8500	
0.1821	45.0750	0.0092	76.8500	
0.1821	45.1750	0.0092	76.8000	
0.1820	45.5250	0.0092	76.9000	
0.1820	44.9250	0.0092	76.7750	
0.1820	45.2500	0.0092	76.8250	
0.1820	45.3750	0.0091	76.7750	
0.1820	45.1000	0.0091	76.7500	
0.1820	44.8000	0.0091	76.8500	
0.1819	44.8250	0.0091	76.7750	
0.1819	44.9000	0.0091	76.7000	
0.1820	44.7500	0.0091	76.9000	
0.1819	45.2250	0.0091	76.8250	
0.1819	45.3250	0.0090	76.6000	
0.1819	44.9250	0.0091	76.7250	
0.1819	45.2250	0.0091	76.7000	
0.1819	45.3000	0.0092	76.6250	
0.1818	44.8250	0.0090	76.7750	
0.1819	44.5000	0.0090	76.6500	
0.1818	44.6000	0.0090	76.6000	
0.1818	45.2000	0.0089	76.7500	
0.1818	45.5000	0.0090	76.7000	
0.1818	44.5500	0.0089	76.7000	
0.1818	44.7750	0.0089	76.6750	
0.1817	45.0500	0.0089	76.6500	
0.1817	44.9250	0.0089	76.7250	
0.1817	45.0500	0.0089	76.6750	
0.1817	44.1250	0.0089	76.5750	
0.1817	44.0750	0.0089	76.5500	
0.1817	44.8250	0.0088	76.6750	
0.1817	45.2000	0.0088	76.6000	
0.1816	45.1000	0.0088	76.5750	
0.1816	45.0000	0.0088	76.5000	
0.1817	45.2500	0.0088	76.6750	
0.1817	44.7750	0.0088	76.5250	
0.1817	45.3000	0.0088	76.6500	
0.1816	45.0750	0.0088	76.6000	
0.1815	45.0000	0.0088	76.6500	
0.1815	45.2000	0.0088	76.6250	
0.1815	45.3000	0.0088	76.5500	
0.1815	45.1500	0.0088	76.5250	
0.1815	44.8750	0.0087	76.4750	
0.1815	45.3500	0.0087	76.4750	
0.1815	45.1250	0.0087	76.5500	
0.1815	45.1000	0.0087	76.6000	
0.1814	44.9250	0.0087	76.4000	
0.1814	45.0250	0.0087	76.5000	
0.1814	45.5500	0.0087	76.4250	
0.1814	45.5250	0.0087	76.3750	
0.1814	45.4000	0.0086	76.5250	
0.1813	45.3750	0.0086	76.5750	
0.1814	45.2250	0.0086	76.5250	
0.1814	45.5250	0.0086	76.5750	
0.1813	45.4750	0.0086	76.4000	
0.1813	45.4500	0.0086	76.3500	
0.1813	46.1250	0.0086	76.4000	
0.1813	45.6000	0.0086	76.4750	
0.1813	45.1000	0.0086	76.5250	
0.1812	45.4500	0.0086	76.4000	
0.1812	45.5250	0.0086	76.4250	
0.1812	45.5250	0.0085	76.4000	
0.1812	45.8250	0.0085	76.4250	
0.1813	45.4000	0.0085	76.4250	
0.1812	45.5000	0.0085	76.3750	
0.1812	45.9000	0.0085	76.3500	
0.1812	46.1250	0.0085	76.4750	
0.1811	46.2500	0.0085	76.3500	
0.1811	46.1250	0.0085	76.3250	
0.1811	46.1000	0.0085	76.4000	
0.1811	46.2250	0.0085	76.3750	
0.1811	46.4000	0.0085	76.4500	
0.1810	46.3750	0.0085	76.2250	
0.1810	46.3250	0.0085	76.3250	
0.1810	46.4500	0.0084	76.3750	
0.1810	46.2250	0.0084	76.3250	
0.1810	46.4250	0.0084	76.3250	
0.1809	46.3000	0.0084	76.4250	
0.1809	46.6500	0.0084	76.3250	
0.1809	46.9250	0.0084	76.3750	
0.1809	46.9250	0.0084	76.3500	
0.1809	46.7250	0.0084	76.2750	
0.1809	46.3250	0.0084	76.4750	
0.1809	46.7000	0.0084	76.3500	
0.1808	46.9000	0.0084	76.4000	
0.1808	46.9000	0.0084	76.3250	
0.1809	46.4250	0.0084	76.3750	
0.1808	47.1500	0.0084	76.3500	
0.1808	47.6500	0.0084	76.2000	
0.1807	47.2500	0.0084	76.3000	
0.1808	47.2500	0.0084	76.4500	
0.1808	47.7750	0.0084	76.3250	
0.1808	46.8750	0.0083	76.3500	
0.1807	46.7500	0.0083	76.2500	
0.1807	47.3500	0.0083	76.3250	
0.1807	47.1750	0.0083	76.2500	
0.1807	47.4500	0.0083	76.4000	
0.1807	47.5750	0.0083	76.3750	
0.1806	47.7250	0.0083	76.3500	
0.1805	48.1000	0.0083	76.3000	
0.1806	48.0250	0.0083	76.4750	
0.1805	48.1250	0.0083	76.3000	
0.1805	48.4250	0.0083	76.4750	
0.1806	48.3000	0.0083	76.3500	
0.1805	48.0000	0.0083	76.3250	
0.1805	48.0500	0.0083	76.1750	
0.1805	48.5500	0.0083	76.3500	
0.1804	48.4500	0.0083	76.3250	
0.1804	48.6000	0.0083	76.2250	
0.1804	48.9250	0.0083	76.2500	
0.1804	48.9250	0.0083	76.3750	
0.1803	48.9000	0.0083	76.3250	
0.1804	48.8750	0.0083	76.3000	
0.1803	49.0250	0.0083	76.3250	
0.1803	48.9750	0.0083	76.3500	
0.1803	48.9750	0.0082	76.3750	
0.1803	48.9500	0.0082	76.3250	
0.1803	49.3750	0.0082	76.3000	
0.1802	49.3500	0.0082	76.3500	
0.1802	49.2500	0.0082	76.3000	
0.1802	49.4000	0.0082	76.2500	
0.1802	49.6000	0.0083	76.4250	
0.1803	49.3250	0.0082	76.3000	
0.1802	49.8000	0.0082	76.3250	
0.1802	49.8250	0.0082	76.3500	
0.1801	49.8750	0.0082	76.2000	
0.1801	50.1750	0.0082	76.3750	
0.1800	50.1000	0.0082	76.2000	
0.1800	49.9750	0.0082	76.3000	
0.1801	50.4000	0.0082	76.4000	
0.1801	50.1000	0.0082	76.2500	
0.1799	50.0000	0.0082	76.4750	
0.1800	50.9250	0.0082	76.4500	
0.1799	50.8250	0.0082	76.3750	
0.1799	50.6500	0.0082	76.3250	
0.1799	50.7250	0.0082	76.2750	
0.1798	50.7500	0.0082	76.0750	
0.1799	50.7250	0.0082	76.4250	
0.1798	50.7000	0.0082	76.2250	
0.1798	50.7500	0.0082	76.2500	
0.1798	50.8250	0.0082	76.2750	
0.1798	51.1000	0.0081	76.2750	
0.1797	51.0250	0.0081	76.2750	
0.1797	51.0500	0.0082	76.4250	
0.1799	50.9750	0.0082	76.2000	
0.1797	51.2250	0.0081	76.3000	
0.1797	51.4000	0.0081	76.3000	
0.1796	51.1000	0.0081	76.2500	
0.1796	51.0000	0.0081	76.3000	
0.1796	51.1250	0.0081	76.2250	
0.1796	51.4250	0.0081	76.2750	
0.1795	51.4250	0.0082	76.3500	
0.1795	51.3750	0.0082	76.1500	
0.1795	51.4750	0.0081	76.2750	
0.1795	51.5000	0.0081	76.4250	
0.1795	51.5250	0.0081	76.2500	
0.1794	51.6250	0.0082	76.3500	
0.1795	51.9250	0.0082	76.2000	
0.1794	51.8500	0.0081	76.4000	
0.1795	51.9750	0.0081	76.2500	
0.1793	52.0750	0.0081	76.2500	
0.1793	52.0000	0.0081	76.3000	
0.1793	52.0750	0.0081	76.2500	
0.1793	52.3500	0.0081	76.4000	
0.1793	52.7000	0.0081	76.3000	
0.1792	52.9000	0.0081	76.2750	
0.1792	52.8250	0.0081	76.2500	
0.1792	53.1500	0.0081	76.3250	
0.1791	53.2500	0.0081	76.3500	
0.1791	53.1750	0.0081	76.4000	
0.1790	53.3000	0.0081	76.3000	
0.1790	52.9250	0.0081	76.3500	
0.1789	53.3500	0.0081	76.3000	
0.1789	53.2500	0.0081	76.2000	
0.1791	53.8500	0.0081	76.3250	
0.1789	53.5750	0.0081	76.3250	
0.1788	53.5500	0.0081	76.2750	
0.1787	53.9250	0.0081	76.3500	
0.1787	53.8250	0.0081	76.1000	
0.1786	53.7500	0.0081	76.4000	
0.1786	53.7500	0.0081	76.2000	
0.1785	53.9500	0.0081	76.2500	
0.1785	54.1500	0.0081	76.3000	
0.1784	54.4750	0.0081	76.3500	
0.1783	54.1250	0.0081	76.3250	
0.1783	54.3500	0.0081	76.2250	
0.1782	54.4250	0.0081	76.4000	
0.1781	54.6500	0.0081	76.1250	
0.1781	54.7000	0.0081	76.3750	
0.1781	55.0000	0.0081	76.3500	
0.1779	54.5000	0.0081	76.2500	
0.1779	54.8250	0.0081	76.3000	
0.1777	54.9500	0.0081	76.4500	
0.1777	54.6000	0.0081	76.2500	
0.1775	54.6250	0.0081	76.4000	
0.1774	54.7500	0.0080	76.1750	
0.1773	54.7750	0.0080	76.2500	
0.1771	54.6500	0.0081	76.3250	
0.1770	54.2750	0.0080	76.3250	
0.1768	54.4250	0.0080	76.2750	
0.1768	54.5000	0.0080	76.3500	
0.1766	53.9000	0.0081	76.2250	
0.1764	53.6250	0.0081	76.3750	
0.1763	53.7750	0.0080	76.4000	
0.1762	53.3750	0.0080	76.1750	
0.1761	54.5500	0.0080	76.3750	
0.1759	53.6250	0.0080	76.2250	
0.1758	53.4750	0.0080	76.2750	
0.1756	53.4000	0.0080	76.2250	
0.1755	53.2500	0.0080	76.1750	
0.1754	53.1750	0.0080	76.3250	
0.1752	53.0750	0.0080	76.3250	
0.1751	53.2750	0.0080	76.3000	
0.1750	53.3750	0.0080	76.2000	
0.1749	53.2000	0.0080	76.3500	
0.1747	53.2750	0.0080	76.2000	
0.1746	53.6500	0.0080	76.1500	
0.1745	54.0250	0.0080	76.4000	
0.1744	53.8750	0.0080	76.2750	
0.1743	53.0750	0.0080	76.2500	
0.1742	53.4500	0.0080	76.3250	
0.1741	53.9750	0.0080	76.3500	
0.1740	53.1750	0.0081	76.2250	
0.1739	52.8250	0.0080	76.2250	
0.1738	52.7500	0.0080	76.2000	
0.1737	53.9750	0.0080	76.3000	
0.1736	53.2250	0.0080	76.4000	
0.1736	51.9500	0.0080	76.2250	
0.1735	54.6250	0.0080	76.3250	
0.1733	53.2750	0.0080	76.2250	
0.1734	51.1750	0.0080	76.2250	
0.1732	54.4000	0.0080	76.3250	
0.1731	56.7750	0.0080	76.3250	
0.1730	53.7000	0.0080	76.2250	
0.1730	53.3750	0.0080	76.2000	
0.1729	54.8250	0.0080	76.3250	
0.1728	52.8500	0.0080	76.2000	
0.1728	52.3000	0.0080	76.2500	
0.1727	53.7500	0.0080	76.3500	
0.1726	55.6750	0.0080	76.2250	
0.1725	52.5000	0.0080	76.3000	
0.1725	52.9500	0.0080	76.3000	
0.1725	55.1000	0.0080	76.3000	
0.1724	53.2000	0.0080	76.2500	
0.1725	57.3250	0.0080	76.4000	
0.1722	55.1000	0.0080	76.2000	
0.1722	52.4750	0.0080	76.4000	
0.1721	54.6750	0.0080	76.3500	
0.1723	52.8250	0.0080	76.2250	
0.1720	54.3250	0.0080	76.3250	
0.1720	55.0750	0.0080	76.1750	
0.1719	51.2500	0.0080	76.2250	
0.1719	54.6000	0.0080	76.3000	
0.1718	54.3500	0.0080	76.2250	
0.1720	55.4500	0.0080	76.2750	
0.1717	52.4750	0.0080	76.3500	
0.1716	52.6000	0.0080	76.1500	
0.1715	56.9750	0.0080	76.2750	
0.1715	56.7500	0.0080	76.2500	
0.1714	51.9750	0.0080	76.2500	
0.1714	50.6000	0.0080	76.2500	
0.1713	52.6500	0.0080	76.3500	
0.1713	53.9750	0.0080	76.3500	
0.1712	52.3000	0.0080	76.2250	
0.1711	52.9000	0.0080	76.2000	
0.1712	55.0750	0.0080	76.3750	
0.1711	51.2500	0.0080	76.2750	
0.1711	51.5750	0.0080	76.2000	
0.1710	54.5000	0.0080	76.3000	
0.1709	53.2000	0.0080	76.2000	
0.1708	51.1000	0.0080	76.3000	
0.1708	50.1750	0.0080	76.2500	
0.1709	53.4250	0.0079	76.2750	
0.1708	50.1750	0.0080	76.2000	
0.1707	50.0250	0.0080	76.3250	
0.1706	53.6500	0.0080	76.1750	
0.1705	53.3500	0.0080	76.2250	
0.1705	51.7250	0.0080	76.2750	
0.1704	51.7000	0.0080	76.3500	
0.1704	50.5250	0.0080	76.2500	
0.1703	50.9500	0.0079	76.2750	
0.1704	50.3750	0.0080	76.3250	
0.1703	52.5500	0.0080	76.2250	
0.1702	50.9000	0.0080	76.2500	
0.1701	50.2750	0.0080	76.3000	
0.1700	50.2500	0.0079	76.4000	
0.1700	50.2000	0.0079	76.2250	
0.1700	50.1750	0.0080	76.3250	
0.1699	50.6000	0.0080	76.4000	
0.1699	49.3000	0.0079	76.2500	
0.1698	50.6750	0.0079	76.3250	
0.1698	50.2750	0.0080	76.3750	
0.1700	47.6000	0.0080	76.1750	
0.1697	50.0750	0.0080	76.3000	
0.1697	50.8500	0.0079	76.2250	
0.1695	49.6250	0.0079	76.2250	
0.1695	49.6750	0.0079	76.1500	
0.1695	47.2750	0.0080	76.3750	
0.1694	47.3250	0.0080	76.2750	
0.1695	50.0000	0.0079	76.2000	
0.1694	47.3500	0.0079	76.2000	
0.1693	46.2000	0.0080	76.3750	
0.1693	49.2250	0.0079	76.2500	
0.1692	49.5000	0.0080	76.3500	
0.1693	48.1750	0.0080	76.2750	
0.1692	45.7750	0.0081	76.1500	
0.1691	46.2750	0.0079	76.4250	
0.1690	48.8250	0.0079	76.2750	
0.1689	47.5250	0.0079	76.1500	
0.1689	47.4000	0.0079	76.2500	
0.1689	47.7500	0.0079	76.2250	
0.1688	47.5500	0.0079	76.3250	
0.1688	45.4500	0.0079	76.3500	
0.1688	47.2250	0.0079	76.2250	
0.1687	46.9500	0.0079	76.3000	
0.1686	45.0000	0.0079	76.2750	
0.1685	45.7250	0.0079	76.2750	
0.1686	47.4500	0.0079	76.3000	
0.1684	45.2500	0.0079	76.1750	
0.1684	44.5500	0.0079	76.3250	
0.1684	46.7750	0.0080	76.3500	
0.1683	47.4000	0.0079	76.1750	
0.1683	45.3000	0.0080	76.3750	
0.1683	44.9750	0.0080	76.3250	
0.1682	45.4750	0.0080	76.2750	
0.1681	44.6750	0.0079	76.2250	
0.1681	45.9500	0.0080	76.3250	
0.1681	45.6500	0.0079	76.3000	
0.1680	44.1750	0.0080	76.2750	
0.1680	45.8250	0.0079	76.3250	
0.1679	44.9250	0.0079	76.1750	
0.1679	45.0250	0.0079	76.1750	
0.1678	44.0500	0.0079	76.2500	
0.1678	43.1750	0.0079	76.2250	
0.1677	45.2750	0.0079	76.4250	
0.1678	45.7000	0.0079	76.2000	
0.1676	42.9250	0.0079	76.3750	
0.1676	43.4250	0.0079	76.3250	
0.1676	45.2500	0.0080	76.2500	
0.1676	43.8250	0.0079	76.1500	
0.1675	44.3500	0.0079	76.3500	
0.1674	44.7500	0.0080	76.2750	
0.1674	43.0250	0.0080	76.3000	
0.1673	43.6000	0.0080	76.2250	
0.1673	44.3750	0.0080	76.2000	
0.1673	43.4500	0.0079	76.4750	
0.1671	43.7250	0.0079	76.3000	
0.1672	44.2250	0.0079	76.2750	
0.1670	43.2250	0.0079	76.1250	
0.1671	42.3500	0.0079	76.3000	
0.1670	44.3500	0.0079	76.2750	
0.1669	44.0500	0.0079	76.2250	
0.1669	43.1000	0.0079	76.2500	
0.1668	43.4250	0.0079	76.1750	
0.1668	43.8750	0.0079	76.2500	
0.1668	42.5500	0.0079	76.1750	
0.1668	42.5000	0.0079	76.1500	
0.1667	43.6500	0.0079	76.2000	
0.1667	43.7000	0.0079	76.2000	
0.1667	42.9000	0.0080	76.2750	
0.1666	43.5750	0.0080	76.2250	
0.1666	44.1000	0.0080	76.2000	
0.1664	42.3500	0.0080	76.2500	
0.1664	41.6500	0.0079	76.2000	
0.1664	43.3250	0.0079	76.1750	
0.1663	43.2250	0.0079	76.3750	
0.1663	42.2250	0.0079	76.2500	
0.1663	42.0500	0.0080	76.3250	
0.1665	44.0000	0.0080	76.1750	
0.1661	43.2750	0.0080	76.4250	
0.1661	42.2250	0.0079	76.3250	
0.1661	42.6000	0.0079	76.2000	
0.1660	42.1750	0.0079	76.2500	
0.1660	42.4000	0.0079	76.4000	
0.1659	43.0750	0.0079	76.2000	
0.1660	41.9750	0.0079	76.3000	
0.1659	42.4500	0.0079	76.2500	
0.1658	43.1250	0.0079	76.2250	
0.1658	42.0000	0.0079	76.2750	
0.1658	42.5500	0.0079	76.2250	
0.1657	43.2000	0.0079	76.2750	
0.1657	42.0750	0.0079	76.2250	
0.1656	41.7500	0.0079	76.2250	
0.1656	42.3750	0.0079	76.3000	
0.1656	42.0750	0.0079	76.1750	
0.1655	41.6250	0.0079	76.2750	
0.1655	41.3750	0.0079	76.2750	
0.1654	42.4250	0.0079	76.2000	
0.1654	43.0000	0.0079	76.2750	
0.1653	42.3250	0.0079	76.3000	
0.1653	40.9750	0.0079	76.2750	
0.1652	41.9500	0.0079	76.2250	
0.1652	42.5750	0.0079	76.3000	
0.1651	41.6750	0.0079	76.2000	
0.1651	41.5750	0.0079	76.2500	
0.1652	42.1500	0.0079	76.2250	
0.1651	41.1500	0.0079	76.3750	
0.1650	41.3750	0.0079	76.2250	
0.1650	42.4250	0.0079	76.1000	
0.1649	41.5500	0.0079	76.3250	
0.1649	40.5250	0.0079	76.2250	
0.1649	41.0250	0.0080	76.3000	
0.1649	41.4750	0.0079	76.2750	
0.1648	42.1000	0.0079	76.2500	
0.1648	41.6250	0.0079	76.3500	
0.1647	41.7250	0.0079	76.3000	
0.1647	42.1750	0.0079	76.2500	
0.1646	40.8000	0.0079	76.3250	
0.1646	40.6500	0.0079	76.1500	
0.1646	42.0500	0.0079	76.2000	
0.1645	41.5000	0.0079	76.2750	
0.1644	40.6500	0.0079	76.2500	
0.1644	40.4000	0.0079	76.2250	
0.1644	40.6750	0.0079	76.2500	
0.1644	40.5500	0.0080	76.3000	
0.1643	41.1000	0.0079	76.0750	
0.1643	41.8500	0.0079	76.2500	
0.1642	41.3250	0.0079	76.2750	
0.1642	41.0000	0.0079	76.2500	
0.1642	42.0250	0.0079	76.2500	
0.1641	41.7000	0.0079	76.2250	
0.1641	40.9750	0.0079	76.2500	
0.1641	40.2250	0.0079	76.3250	
0.1640	40.7000	0.0079	76.2750	
0.1640	40.1000	0.0079	76.2250	
0.1639	38.7750	0.0079	76.3000	
0.1639	39.6250	0.0079	76.2000	
0.1639	38.6000	0.0079	76.3750	
0.1638	39.7500	0.0079	76.2750	
0.1638	39.4000	0.0079	76.1500	
0.1637	38.3250	0.0079	76.1250	
0.1637	38.9500	0.0079	76.2250	
0.1636	39.5250	0.0079	76.3000	
0.1637	38.4250	0.0079	76.2500	
0.1637	38.9000	0.0079	76.1750	
0.1636	38.6250	0.0079	76.2250	
0.1635	38.6000	0.0079	76.2250	
0.1635	38.9000	0.0079	76.3500	
0.1634	39.3750	0.0079	76.1500	
0.1634	38.5250	0.0079	76.2750	
0.1634	38.6250	0.0079	76.2250	
0.1633	39.1750	0.0079	76.2500	
0.1633	39.6000	0.0079	76.2000	
0.1632	38.1000	0.0079	76.3500	
0.1633	38.1750	0.0079	76.4000	
0.1632	38.6000	0.0079	76.2500	
0.1631	39.4000	0.0079	76.2500	
0.1631	40.1000	0.0079	76.2250	
0.1631	39.3750	0.0079	76.2750	
0.1630	38.0500	0.0079	76.3250	
0.1630	38.4000	0.0079	76.1750	
0.1630	38.9500	0.0079	76.2000	
0.1630	39.4750	0.0079	76.2750	
0.1629	39.0000	0.0079	76.3250	
0.1629	38.7000	0.0079	76.2000	
0.1629	38.5750	0.0079	76.1750	
0.1628	38.7500	0.0079	76.1000	
0.1628	38.4750	0.0079	76.3500	
0.1627	38.8750	0.0079	76.2250	
0.1627	39.1000	0.0079	76.1750	
0.1626	39.0250	0.0079	76.2000	
0.1626	38.7000	0.0079	76.1750	
0.1626	37.9750	0.0079	76.2250	
0.1625	38.2000	0.0079	76.1250	
0.1625	38.8000	0.0079	76.3500	
0.1625	39.0750	0.0079	76.2250	
0.1624	39.6750	0.0079	76.2250	
0.1625	39.9250	0.0079	76.2500	
0.1623	38.6000	0.0079	76.2000	
0.1623	38.2250	0.0079	76.1250	
0.1623	38.8750	0.0079	76.2750	
0.1622	39.0250	0.0079	76.2500	
0.1622	38.7500	0.0079	76.1500	
0.1622	39.2000	0.0079	76.4250	
0.1621	40.1750	0.0079	76.2750	
0.1621	39.4750	0.0079	76.2250	
0.1621	38.8750	0.0079	76.3250	
0.1621	38.8500	0.0079	76.2250	
0.1620	39.2250	0.0079	76.2000	
0.1620	39.3750	0.0079	76.2250	
0.1620	38.7750	0.0079	76.1500	
0.1619	38.7750	0.0079	76.2250	
0.1619	38.9500	0.0079	76.2000	
0.1618	39.2250	0.0079	76.2250	
0.1618	39.9250	0.0079	76.1750	
0.1618	39.1500	0.0079	76.3000	
0.1618	38.7250	0.0079	76.2250	
0.1617	38.9250	0.0079	76.2250	
0.1617	38.7500	0.0079	76.1500	
0.1616	39.0500	0.0079	76.2250	
0.1616	39.6500	0.0079	76.1750	
0.1616	39.6500	0.0079	76.2250	
0.1615	39.3250	0.0079	76.2750	
0.1616	38.8000	0.0079	76.2500	
0.1615	39.3000	0.0079	76.1500	
0.1615	39.2250	0.0079	76.2000	
0.1615	38.6250	0.0079	76.2000	
0.1614	39.2000	0.0079	76.2250	
0.1613	39.1500	0.0079	76.1250	
0.1614	38.9250	0.0079	76.1500	
0.1612	39.0250	0.0079	76.2000	
0.1613	39.4000	0.0079	76.2500	
0.1612	39.6000	0.0079	76.2250	
0.1612	39.4500	0.0079	76.2000	
0.1611	39.2750	0.0079	76.2500	
0.1611	39.3750	0.0079	76.2000	
0.1611	39.8000	0.0079	76.2250	
0.1611	39.3750	0.0079	76.1250	
0.1610	39.0500	0.0079	76.3000	
0.1610	39.1250	0.0079	76.1250	
0.1610	38.8250	0.0079	76.3000	
0.1609	38.8250	0.0079	76.3750	
0.1609	39.3000	0.0079	76.2500	
0.1609	39.4750	0.0079	76.2250	
0.1610	38.6000	0.0079	76.3000	
0.1609	39.7750	0.0079	76.2000	
0.1608	40.7000	0.0079	76.2750	
0.1608	39.4250	0.0079	76.0500	
0.1608	39.0500	0.0079	76.3250	
0.1607	39.3500	0.0079	76.1750	
0.1607	39.6750	0.0079	76.2250	
0.1607	39.4750	0.0079	76.2750	
0.1607	40.7500	0.0079	76.2500	
0.1605	40.7000	0.0079	76.2750	
0.1606	39.7500	0.0079	76.1500	
0.1605	39.5500	0.0079	76.2250	
0.1605	40.0500	0.0079	76.2000	
0.1606	39.2750	0.0079	76.1500	
0.1605	40.5250	0.0079	76.1250	
0.1604	39.9500	0.0079	76.2500	
0.1604	39.6750	0.0079	76.2250	
