Loss_Adversary	Accuracy_Adversary	Loss_Target	Accuracy_Target	
0.6667	0.6436	0.8122	50.0000	50.0000	
0.6328	0.5958	0.7693	50.0000	50.0000	
0.5995	0.5618	0.7285	50.0000	50.0000	
0.5672	0.5414	0.6904	50.0000	50.0000	
0.5371	0.5225	0.6549	50.0000	50.0000	
0.5091	0.5043	0.6218	50.0000	50.0000	
0.4830	0.4871	0.5908	50.0000	50.0000	
0.4585	0.4704	0.5617	50.0000	50.0000	
0.4343	0.4542	0.5330	50.0000	50.0000	
0.4109	0.4387	0.5053	50.0000	50.0000	
0.3946	0.4238	0.4855	50.0000	50.0000	
0.3850	0.4096	0.4733	50.0000	50.0000	
0.3766	0.3961	0.4624	50.0000	50.0000	
0.3681	0.3830	0.4516	50.0000	50.0000	
0.3596	0.3704	0.4407	50.0000	50.0000	
0.3509	0.3583	0.4297	50.0000	50.0000	
0.3421	0.3466	0.4186	50.0000	50.0000	
0.3331	0.3354	0.4073	50.0000	50.0000	
0.3237	0.3249	0.3957	50.0000	50.0000	
0.3139	0.3150	0.3838	50.0000	50.0000	
0.3043	0.3057	0.3721	50.0000	50.0000	
0.2947	0.2972	0.3604	50.0000	50.0000	
0.2854	0.2896	0.3493	50.0000	50.0000	
0.2766	0.2827	0.3387	50.0000	50.0000	
0.2682	0.2765	0.3288	50.0000	50.0000	
0.2606	0.2709	0.3196	50.0000	50.0000	
0.2539	0.2657	0.3116	50.0000	50.0000	
0.2479	0.2612	0.3044	50.0000	50.0000	
0.2424	0.2573	0.2979	50.0000	50.0000	
0.2376	0.2537	0.2922	50.0000	50.0000	
0.2328	0.2507	0.2865	50.0000	50.0000	
0.2280	0.2481	0.2809	50.0000	50.0000	
0.2227	0.2459	0.2748	50.0000	50.0000	
0.2168	0.2441	0.2680	50.0000	50.0000	
0.2102	0.2426	0.2605	50.0000	50.0000	
0.2027	0.2411	0.2520	50.0000	42.3500	
0.1949	0.2393	0.2431	50.0000	41.5000	
0.1872	0.2374	0.2343	50.0000	45.4250	
0.1792	0.2354	0.2253	50.0000	47.8500	
0.1707	0.2337	0.2156	50.0000	48.5000	
0.1615	0.2321	0.2052	50.0000	48.8750	
0.1528	0.2302	0.1954	50.0000	48.9000	
0.1453	0.2280	0.1868	50.0000	49.0000	
0.1392	0.2257	0.1798	50.1500	48.9500	
0.1352	0.2233	0.1751	50.3250	48.7750	
0.1326	0.2209	0.1718	50.5750	48.5500	
0.1305	0.2188	0.1694	50.6500	48.3250	
0.1290	0.2167	0.1674	51.0500	48.0250	
0.1278	0.2147	0.1659	51.9750	47.8250	
0.1268	0.2127	0.1646	53.2250	47.7250	
0.1260	0.2107	0.1635	60.1000	47.6750	
0.1254	0.2086	0.1625	67.7750	47.6500	
0.1248	0.2066	0.1617	72.3750	47.5750	
0.1243	0.2045	0.1608	73.7750	47.5500	
0.1236	0.2023	0.1599	73.8750	47.5250	
0.1228	0.2000	0.1587	73.8750	47.5000	
0.1220	0.1976	0.1575	73.6000	47.4250	
0.1210	0.1952	0.1562	73.4000	47.2250	
0.1202	0.1930	0.1550	73.5000	46.9500	
0.1193	0.1908	0.1537	73.5500	46.7250	
0.1184	0.1889	0.1526	73.6250	46.6250	
0.1176	0.1871	0.1514	73.6250	46.5500	
0.1167	0.1862	0.1503	73.6000	46.6500	
0.1158	0.1855	0.1493	73.4250	46.9500	
0.1150	0.1844	0.1483	73.4250	47.2750	
0.1143	0.1833	0.1473	73.6000	47.3750	
0.1135	0.1823	0.1464	73.9500	47.3500	
0.1129	0.1813	0.1456	74.1000	47.5500	
0.1124	0.1805	0.1450	74.0750	47.5750	
0.1120	0.1798	0.1444	74.0250	47.5250	
0.1117	0.1793	0.1440	73.9750	47.6250	
0.1113	0.1787	0.1436	73.6500	47.6750	
0.1110	0.1785	0.1432	73.6750	47.7500	
0.1108	0.1781	0.1429	73.8500	47.7500	
0.1105	0.1776	0.1425	73.9500	47.7750	
0.1102	0.1774	0.1422	74.0250	47.7750	
0.1099	0.1769	0.1418	73.9000	47.7750	
0.1097	0.1767	0.1415	73.8000	47.8750	
0.1094	0.1765	0.1412	73.7500	47.9750	
0.1092	0.1761	0.1409	73.8000	48.0000	
0.1089	0.1760	0.1406	73.8750	48.0250	
0.1087	0.1759	0.1403	73.8750	48.0500	
0.1084	0.1757	0.1400	73.4500	48.0000	
0.1082	0.1754	0.1397	73.5000	47.9000	
0.1079	0.1752	0.1394	73.5250	48.0000	
0.1077	0.1752	0.1391	72.9250	48.0250	
0.1074	0.1752	0.1388	72.9250	48.0000	
0.1071	0.1750	0.1385	72.7250	48.0250	
0.1069	0.1748	0.1382	72.5500	48.0250	
0.1066	0.1748	0.1379	72.1500	48.0500	
0.1064	0.1748	0.1376	71.6750	48.0750	
0.1061	0.1746	0.1373	71.6500	48.1000	
0.1058	0.1743	0.1370	71.1250	48.1500	
0.1056	0.1744	0.1367	71.0250	48.1250	
0.1053	0.1744	0.1363	70.7250	48.1500	
0.1050	0.1742	0.1360	70.3250	48.2250	
0.1047	0.1741	0.1356	69.2000	48.1750	
0.1044	0.1739	0.1353	68.8250	48.2500	
0.1040	0.1739	0.1349	68.7000	48.2500	
0.1037	0.1738	0.1345	68.7500	48.3000	
0.1033	0.1735	0.1341	68.2250	48.2750	
0.1030	0.1735	0.1337	67.4250	48.3000	
0.1026	0.1734	0.1333	66.6750	48.3250	
0.1022	0.1732	0.1328	66.5250	48.3500	
0.1018	0.1730	0.1324	66.7500	48.3250	
0.1014	0.1729	0.1319	66.5000	48.3500	
0.1010	0.1727	0.1314	65.9500	48.3750	
0.1005	0.1725	0.1309	65.4500	48.4000	
0.1001	0.1724	0.1304	64.9750	48.4250	
0.0996	0.1721	0.1298	64.8500	48.4500	
0.0991	0.1719	0.1292	64.8500	48.5500	
0.0986	0.1716	0.1286	64.7250	48.5250	
0.0981	0.1714	0.1280	64.0000	48.6000	
0.0975	0.1712	0.1274	63.8000	48.7000	
0.0970	0.1709	0.1267	63.4500	48.8250	
0.0964	0.1705	0.1261	63.8750	48.8000	
0.0959	0.1700	0.1254	63.9750	48.9000	
0.0953	0.1691	0.1247	63.3000	49.2000	
0.0948	0.1682	0.1240	64.0250	49.1750	
0.0942	0.1671	0.1232	65.1000	49.3000	
0.0936	0.1659	0.1225	65.6750	49.4000	
0.0930	0.1649	0.1217	66.6000	49.4500	
0.0924	0.1641	0.1209	67.4500	49.5750	
0.0918	0.1634	0.1201	67.8250	49.6500	
0.0911	0.1629	0.1193	68.8500	49.7000	
0.0904	0.1626	0.1185	69.6250	49.7000	
0.0896	0.1626	0.1177	69.7000	49.8000	
0.0889	0.1625	0.1168	68.5500	49.8750	
0.0881	0.1626	0.1159	68.5500	49.9250	
0.0873	0.1627	0.1151	68.5250	49.9250	
0.0864	0.1631	0.1142	68.6750	49.9500	
0.0856	0.1632	0.1133	67.0250	50.0000	
0.0847	0.1634	0.1123	66.8750	50.1000	
0.0839	0.1636	0.1114	68.1250	50.1500	
0.0829	0.1638	0.1103	67.2500	50.1500	
0.0818	0.1645	0.1092	67.5750	50.3250	
0.0806	0.1649	0.1079	67.4250	50.3500	
0.0794	0.1655	0.1066	67.5750	50.7250	
0.0780	0.1661	0.1051	68.3500	51.9500	
0.0767	0.1665	0.1037	69.1000	53.5000	
0.0752	0.1675	0.1022	69.9500	55.1750	
0.0738	0.1678	0.1006	70.8250	56.6000	
0.0724	0.1684	0.0991	71.7000	57.4500	
0.0709	0.1693	0.0976	71.6500	58.3750	
0.0695	0.1694	0.0960	72.0000	59.0000	
0.0680	0.1689	0.0944	72.2750	59.7250	
0.0667	0.1690	0.0929	72.9500	60.2000	
0.0653	0.1691	0.0913	72.8250	60.9500	
0.0638	0.1687	0.0896	73.2500	61.3250	
0.0620	0.1666	0.0875	73.5500	61.8750	
0.0590	0.1637	0.0838	73.6750	62.3750	
0.0515	0.1592	0.0750	70.8000	62.4000	
0.0369	0.1519	0.0579	55.6250	62.0000	
0.0242	0.1480	0.0433	53.2000	64.0750	
0.0130	0.1486	0.0309	58.9250	64.7250	
0.0050	0.1485	0.0221	64.2000	65.7500	
-0.0009	0.1472	0.0154	60.6750	68.1500	
-0.0044	0.1453	0.0113	61.1500	70.5250	
-0.0066	0.1453	0.0088	62.8250	71.5250	
-0.0079	0.1447	0.0072	61.3750	72.2500	
-0.0089	0.1443	0.0062	59.5250	73.6500	
-0.0096	0.1438	0.0053	59.8000	73.6500	
-0.0101	0.1434	0.0047	59.1000	73.6750	
-0.0105	0.1431	0.0042	59.2000	73.1000	
-0.0108	0.1427	0.0039	59.6250	73.2750	
-0.0111	0.1424	0.0035	59.9250	73.2250	
-0.0112	0.1421	0.0033	60.3750	73.4750	
-0.0114	0.1418	0.0031	60.6500	73.4500	
-0.0115	0.1414	0.0029	61.0250	73.4250	
-0.0117	0.1412	0.0027	61.5750	73.4250	
-0.0118	0.1410	0.0026	61.7000	73.4500	
-0.0119	0.1407	0.0025	61.6500	73.3500	
-0.0120	0.1406	0.0023	61.8000	73.6750	
-0.0121	0.1404	0.0022	61.9500	73.6250	
-0.0121	0.1403	0.0021	61.3750	73.5750	
-0.0122	0.1404	0.0020	61.2250	73.6750	
-0.0123	0.1401	0.0019	60.1250	73.8750	
-0.0123	0.1401	0.0019	58.0750	73.7250	
-0.0124	0.1400	0.0018	58.7750	73.8750	
-0.0124	0.1401	0.0017	59.9750	73.9750	
-0.0125	0.1400	0.0017	54.0500	73.8250	
-0.0126	0.1400	0.0016	47.9250	74.1000	
-0.0126	0.1400	0.0015	48.9500	73.9000	
-0.0127	0.1400	0.0015	46.1250	73.9750	
-0.0127	0.1400	0.0014	43.1250	74.1250	
-0.0127	0.1400	0.0014	46.1250	74.0000	
-0.0128	0.1400	0.0014	42.1250	74.0250	
-0.0128	0.1400	0.0013	40.1750	74.0500	
-0.0128	0.1400	0.0013	39.9000	73.8250	
-0.0129	0.1399	0.0013	39.7000	74.2000	
-0.0128	0.1399	0.0013	40.3000	74.1500	
-0.0129	0.1399	0.0012	39.0250	74.0250	
-0.0129	0.1400	0.0012	40.0000	74.1250	
-0.0130	0.1399	0.0011	40.1000	74.0250	
-0.0130	0.1399	0.0011	38.6000	74.1750	
-0.0130	0.1398	0.0011	38.5000	74.2250	
-0.0130	0.1398	0.0010	39.4750	74.1500	
-0.0131	0.1398	0.0010	39.1250	74.1500	
-0.0131	0.1398	0.0010	38.9750	74.0750	
-0.0131	0.1398	0.0010	39.7750	74.1500	
-0.0131	0.1398	0.0010	39.0250	74.2250	
-0.0131	0.1399	0.0009	37.9000	74.3750	
-0.0131	0.1398	0.0009	39.0500	74.2500	
-0.0132	0.1399	0.0009	39.6500	74.2250	
-0.0132	0.1398	0.0009	39.2000	74.2500	
-0.0132	0.1398	0.0009	39.0250	74.4250	
-0.0132	0.1398	0.0008	39.5000	74.3750	
-0.0132	0.1398	0.0008	39.3250	74.3750	
-0.0132	0.1398	0.0008	39.5000	74.3750	
-0.0133	0.1398	0.0008	41.4000	74.4000	
-0.0133	0.1398	0.0008	40.5000	74.3750	
-0.0133	0.1398	0.0008	39.9000	74.3500	
-0.0133	0.1398	0.0008	40.0250	74.4750	
-0.0133	0.1398	0.0008	40.7750	74.3500	
-0.0133	0.1398	0.0008	40.9250	74.5250	
-0.0133	0.1399	0.0007	39.4500	74.3750	
-0.0133	0.1398	0.0007	40.9500	74.5500	
-0.0133	0.1398	0.0007	43.5250	74.4250	
-0.0133	0.1398	0.0007	42.6500	74.3750	
-0.0134	0.1398	0.0007	40.7500	74.4250	
-0.0134	0.1398	0.0007	40.0750	74.4750	
-0.0134	0.1398	0.0007	41.7250	74.5250	
-0.0134	0.1398	0.0007	41.6750	74.4750	
-0.0134	0.1397	0.0007	41.5750	74.4750	
-0.0134	0.1397	0.0006	42.7500	74.4500	
-0.0134	0.1397	0.0006	42.6250	74.4500	
-0.0134	0.1397	0.0006	41.6500	74.5250	
-0.0134	0.1397	0.0006	41.7500	74.7500	
-0.0134	0.1397	0.0006	43.1000	74.4750	
-0.0134	0.1397	0.0006	43.7000	74.5000	
-0.0134	0.1397	0.0006	42.2000	74.6000	
-0.0134	0.1398	0.0006	41.9250	74.5250	
-0.0134	0.1397	0.0006	43.0500	74.4750	
-0.0135	0.1398	0.0006	44.6750	74.5000	
-0.0135	0.1397	0.0006	43.9000	74.4750	
-0.0135	0.1397	0.0006	41.5250	74.2750	
-0.0135	0.1397	0.0006	42.6500	74.6250	
-0.0135	0.1397	0.0006	44.9500	74.4000	
-0.0135	0.1397	0.0006	45.3000	74.5250	
-0.0135	0.1397	0.0006	44.1750	74.3750	
-0.0135	0.1396	0.0005	42.9000	74.4000	
-0.0135	0.1397	0.0005	43.7000	74.4000	
-0.0135	0.1397	0.0005	45.2000	74.4750	
-0.0135	0.1397	0.0005	45.1000	74.3500	
-0.0135	0.1397	0.0005	42.7250	74.4750	
-0.0135	0.1397	0.0005	43.8250	74.5000	
-0.0135	0.1397	0.0005	45.9000	74.3750	
-0.0135	0.1397	0.0005	44.1000	74.4750	
-0.0135	0.1397	0.0005	43.3750	74.4500	
-0.0135	0.1397	0.0005	45.2750	74.6250	
-0.0135	0.1397	0.0005	46.7750	74.4750	
-0.0135	0.1397	0.0005	46.1500	74.5500	
-0.0135	0.1397	0.0005	44.7250	74.6000	
-0.0135	0.1397	0.0005	44.0250	74.6750	
-0.0135	0.1396	0.0005	44.2250	74.4250	
-0.0136	0.1397	0.0005	47.0750	74.4250	
-0.0136	0.1397	0.0005	46.5500	74.4750	
-0.0136	0.1397	0.0005	44.5000	74.5250	
-0.0136	0.1397	0.0005	46.6000	74.4500	
-0.0136	0.1397	0.0005	46.4750	74.5250	
-0.0136	0.1397	0.0005	43.7250	74.4000	
-0.0136	0.1397	0.0005	45.0250	74.4000	
-0.0136	0.1397	0.0004	48.0750	74.5000	
-0.0136	0.1397	0.0004	45.7750	74.3250	
-0.0136	0.1396	0.0004	44.7000	74.5000	
-0.0136	0.1397	0.0004	48.4250	74.4750	
-0.0136	0.1396	0.0004	46.7000	74.4750	
-0.0136	0.1397	0.0004	44.0500	74.5250	
-0.0136	0.1397	0.0004	46.9250	74.4750	
-0.0136	0.1396	0.0004	47.6000	74.4250	
-0.0136	0.1397	0.0004	45.7250	74.4750	
-0.0136	0.1396	0.0004	45.5250	74.4000	
-0.0136	0.1396	0.0004	47.3500	74.3750	
-0.0136	0.1397	0.0004	47.9250	74.4250	
-0.0136	0.1396	0.0004	46.5500	74.5500	
-0.0136	0.1396	0.0004	46.0000	74.4500	
-0.0136	0.1397	0.0004	44.4750	74.4750	
-0.0136	0.1397	0.0004	48.4250	74.5500	
-0.0136	0.1397	0.0004	50.6250	74.4500	
-0.0136	0.1397	0.0004	44.7750	74.5000	
-0.0136	0.1397	0.0004	45.5000	74.5500	
-0.0136	0.1397	0.0004	48.6750	74.5500	
-0.0136	0.1396	0.0004	47.0500	74.4500	
-0.0136	0.1396	0.0004	47.0250	74.5750	
-0.0136	0.1397	0.0004	49.8000	74.5250	
-0.0136	0.1396	0.0004	47.8500	74.4250	
-0.0136	0.1397	0.0004	45.8250	74.5250	
-0.0136	0.1396	0.0004	44.3500	74.5500	
-0.0136	0.1396	0.0004	46.8000	74.4250	
-0.0136	0.1396	0.0004	51.1250	74.4750	
-0.0136	0.1396	0.0004	50.4250	74.4750	
-0.0136	0.1396	0.0004	46.3750	74.4250	
-0.0136	0.1396	0.0004	45.8750	74.3750	
-0.0136	0.1396	0.0004	48.1750	74.6500	
-0.0136	0.1396	0.0004	47.6500	74.5000	
-0.0136	0.1396	0.0004	46.5500	74.4750	
-0.0136	0.1396	0.0004	48.6250	74.5250	
-0.0136	0.1396	0.0003	48.5500	74.5250	
-0.0136	0.1396	0.0003	46.4750	74.5000	
-0.0136	0.1396	0.0004	48.5250	74.5750	
-0.0136	0.1396	0.0004	50.3000	74.4500	
-0.0136	0.1396	0.0004	48.3000	74.5500	
-0.0136	0.1396	0.0004	46.3500	74.4000	
-0.0137	0.1396	0.0003	46.7750	74.6000	
-0.0136	0.1396	0.0003	49.4250	74.4500	
-0.0137	0.1397	0.0003	52.1750	74.4750	
-0.0137	0.1396	0.0003	48.1750	74.4750	
-0.0137	0.1396	0.0003	45.0250	74.4750	
-0.0137	0.1396	0.0003	47.4750	74.5000	
-0.0137	0.1396	0.0003	51.7750	74.5500	
-0.0137	0.1396	0.0003	50.6000	74.4000	
-0.0137	0.1396	0.0003	46.0750	74.5500	
-0.0137	0.1396	0.0003	48.6500	74.4000	
-0.0137	0.1396	0.0003	49.3750	74.5500	
-0.0137	0.1396	0.0003	46.0500	74.5000	
-0.0137	0.1396	0.0003	46.4250	74.6000	
-0.0137	0.1396	0.0003	51.5000	74.4750	
-0.0137	0.1396	0.0003	49.2750	74.4500	
-0.0137	0.1396	0.0003	47.3750	74.5250	
-0.0137	0.1396	0.0003	48.0500	74.4750	
-0.0137	0.1396	0.0003	48.7000	74.5500	
-0.0137	0.1396	0.0003	49.4250	74.5250	
-0.0137	0.1396	0.0003	49.6000	74.4750	
-0.0137	0.1396	0.0003	46.6000	74.4750	
-0.0137	0.1396	0.0003	47.6500	74.5500	
-0.0137	0.1396	0.0003	52.4750	74.4750	
-0.0137	0.1396	0.0003	47.8250	74.5250	
-0.0137	0.1397	0.0003	48.5750	74.4000	
-0.0137	0.1396	0.0003	47.9750	74.6250	
-0.0137	0.1396	0.0003	48.9250	74.4250	
-0.0137	0.1396	0.0003	50.1000	74.4750	
-0.0137	0.1396	0.0003	49.4250	74.6750	
-0.0137	0.1396	0.0003	49.8500	74.5500	
-0.0137	0.1396	0.0003	48.5250	74.4250	
-0.0137	0.1396	0.0003	46.5750	74.5250	
-0.0137	0.1396	0.0003	49.4000	74.5250	
-0.0137	0.1396	0.0003	52.3500	74.5750	
-0.0137	0.1396	0.0003	49.7250	74.5000	
-0.0137	0.1396	0.0003	47.2500	74.5750	
-0.0137	0.1396	0.0003	50.9000	74.3500	
-0.0137	0.1396	0.0003	51.6750	74.7250	
-0.0137	0.1396	0.0003	49.4750	74.5750	
-0.0137	0.1395	0.0003	47.6250	74.5750	
-0.0137	0.1396	0.0003	48.1750	74.5000	
-0.0137	0.1395	0.0003	48.5000	74.5500	
-0.0137	0.1395	0.0003	49.0250	74.4250	
-0.0137	0.1395	0.0003	49.9000	74.4750	
-0.0137	0.1396	0.0003	52.2500	74.7250	
-0.0137	0.1396	0.0003	51.2250	74.4500	
-0.0137	0.1395	0.0003	47.0000	74.4750	
-0.0137	0.1396	0.0003	48.2250	74.5250	
-0.0137	0.1395	0.0003	51.0500	74.5750	
-0.0137	0.1395	0.0003	50.5000	74.4500	
-0.0137	0.1395	0.0003	49.0750	74.5750	
-0.0137	0.1395	0.0003	47.4750	74.6000	
-0.0137	0.1396	0.0003	50.2250	74.3750	
-0.0137	0.1396	0.0003	53.5250	74.4750	
-0.0137	0.1396	0.0003	47.2750	74.4250	
-0.0137	0.1396	0.0003	45.5000	74.5500	
-0.0137	0.1395	0.0003	51.9750	74.5000	
-0.0137	0.1395	0.0003	55.9250	74.5000	
-0.0137	0.1395	0.0003	51.5250	74.5500	
-0.0137	0.1395	0.0003	46.3500	74.4500	
-0.0137	0.1395	0.0003	46.6750	74.6750	
-0.0137	0.1395	0.0003	51.4500	74.5750	
-0.0137	0.1395	0.0003	54.5000	74.4750	
-0.0137	0.1395	0.0003	51.6750	74.4500	
-0.0137	0.1395	0.0003	47.8000	74.4250	
-0.0137	0.1395	0.0003	48.5750	74.6500	
-0.0137	0.1396	0.0003	50.3750	74.5500	
-0.0137	0.1395	0.0003	48.9750	74.6000	
-0.0137	0.1395	0.0003	50.6500	74.5500	
-0.0137	0.1395	0.0003	53.7750	74.5000	
-0.0137	0.1395	0.0003	52.3000	74.5250	
-0.0137	0.1395	0.0003	48.1500	74.5500	
-0.0137	0.1395	0.0003	46.8250	74.5750	
-0.0137	0.1395	0.0003	49.2000	74.5750	
-0.0137	0.1396	0.0003	57.7750	74.4750	
-0.0137	0.1395	0.0003	53.4500	74.4250	
-0.0137	0.1395	0.0003	47.8500	74.4500	
-0.0137	0.1395	0.0003	46.1500	74.6000	
-0.0137	0.1394	0.0003	50.2500	74.5250	
-0.0137	0.1395	0.0003	54.9750	74.5750	
-0.0137	0.1395	0.0003	52.0000	74.5000	
-0.0137	0.1394	0.0003	53.7750	74.5750	
-0.0137	0.1395	0.0003	54.1750	74.7000	
-0.0137	0.1395	0.0003	49.2750	74.6000	
-0.0137	0.1394	0.0003	47.3500	74.4000	
-0.0137	0.1395	0.0003	51.4000	74.3750	
-0.0137	0.1395	0.0003	52.2000	74.6250	
-0.0137	0.1394	0.0003	51.1000	74.6750	
-0.0137	0.1394	0.0003	53.8500	74.5000	
-0.0137	0.1394	0.0003	52.8000	74.4750	
-0.0137	0.1395	0.0003	50.0250	74.5500	
-0.0137	0.1394	0.0002	51.3000	74.5500	
-0.0137	0.1394	0.0002	54.4500	74.5000	
-0.0137	0.1394	0.0003	51.0000	74.4750	
-0.0137	0.1394	0.0002	49.6750	74.5000	
-0.0137	0.1394	0.0002	52.7500	74.4750	
-0.0137	0.1394	0.0003	54.0250	74.5250	
-0.0137	0.1394	0.0002	52.3250	74.5000	
-0.0137	0.1394	0.0002	50.2500	74.4750	
-0.0137	0.1394	0.0002	52.3250	74.4750	
-0.0137	0.1393	0.0002	54.8500	74.5500	
-0.0137	0.1393	0.0002	54.0500	74.4500	
-0.0137	0.1394	0.0002	54.9000	74.4500	
-0.0137	0.1393	0.0002	51.8500	74.4000	
-0.0137	0.1393	0.0003	49.9250	74.7750	
-0.0137	0.1394	0.0003	53.4750	74.4250	
-0.0137	0.1393	0.0002	51.4750	74.4500	
-0.0137	0.1393	0.0002	53.0750	74.4750	
-0.0137	0.1394	0.0002	51.6500	74.4750	
-0.0137	0.1393	0.0003	54.4750	74.6250	
-0.0137	0.1393	0.0002	56.0750	74.4500	
-0.0137	0.1393	0.0002	52.8000	74.6750	
-0.0137	0.1393	0.0002	52.3750	74.5750	
-0.0137	0.1393	0.0003	53.1250	74.4250	
-0.0137	0.1393	0.0003	51.2500	74.7250	
-0.0137	0.1393	0.0002	51.6500	74.4250	
-0.0137	0.1393	0.0002	48.8750	74.5250	
-0.0137	0.1393	0.0002	55.6750	74.6500	
-0.0137	0.1393	0.0002	57.2750	74.5500	
-0.0137	0.1395	0.0002	48.2250	74.5000	
-0.0137	0.1396	0.0002	51.5750	74.6250	
-0.0137	0.1396	0.0002	53.0750	74.4500	
-0.0138	0.1397	0.0002	50.5500	74.7000	
-0.0138	0.1397	0.0002	49.0250	74.3750	
-0.0138	0.1397	0.0002	48.9750	74.5000	
-0.0138	0.1397	0.0002	50.1750	74.4750	
-0.0138	0.1397	0.0002	51.1750	74.5750	
-0.0138	0.1397	0.0002	53.1500	74.5750	
-0.0138	0.1397	0.0002	49.0750	74.5000	
-0.0138	0.1397	0.0002	50.0500	74.5500	
-0.0138	0.1398	0.0002	55.1500	74.6250	
-0.0138	0.1396	0.0002	55.3500	74.4750	
-0.0138	0.1396	0.0002	52.3500	74.5250	
-0.0138	0.1396	0.0002	51.8250	74.7250	
-0.0137	0.1396	0.0002	49.7750	74.5250	
-0.0137	0.1395	0.0002	49.3000	74.6250	
-0.0137	0.1395	0.0002	51.4500	74.7250	
-0.0137	0.1395	0.0002	51.3750	74.5750	
-0.0137	0.1394	0.0002	52.6500	74.6500	
-0.0137	0.1395	0.0002	50.7250	74.7250	
-0.0137	0.1394	0.0002	52.2250	74.6000	
-0.0137	0.1394	0.0002	56.4750	74.5500	
-0.0137	0.1393	0.0002	53.1750	74.6000	
-0.0137	0.1393	0.0002	52.6500	74.5250	
-0.0137	0.1394	0.0002	57.4000	74.6500	
-0.0137	0.1393	0.0002	51.6750	74.6250	
-0.0137	0.1392	0.0002	50.8000	74.6500	
-0.0137	0.1392	0.0002	54.5000	74.6500	
-0.0137	0.1392	0.0002	56.4250	74.6000	
-0.0137	0.1392	0.0002	57.5750	74.7250	
-0.0137	0.1391	0.0002	53.6000	74.6250	
-0.0137	0.1391	0.0002	51.1250	74.6000	
-0.0137	0.1390	0.0002	57.8250	74.6250	
-0.0137	0.1390	0.0002	59.1500	74.5000	
-0.0137	0.1390	0.0002	56.5000	74.6250	
-0.0137	0.1390	0.0002	55.8750	74.5250	
-0.0137	0.1389	0.0002	56.1250	74.4750	
-0.0137	0.1389	0.0002	54.7500	74.6250	
-0.0137	0.1389	0.0002	57.8000	74.7750	
-0.0137	0.1389	0.0002	57.1250	74.5250	
-0.0137	0.1388	0.0002	55.9750	74.4750	
-0.0137	0.1388	0.0002	56.6250	74.6750	
-0.0137	0.1387	0.0002	57.8250	74.6500	
-0.0137	0.1387	0.0002	56.5750	74.5000	
-0.0137	0.1387	0.0002	57.5500	74.6750	
-0.0137	0.1387	0.0002	57.2750	74.5250	
-0.0137	0.1386	0.0002	58.9500	74.6000	
-0.0137	0.1386	0.0002	58.7000	74.4750	
-0.0137	0.1386	0.0002	56.6750	74.5250	
-0.0137	0.1385	0.0002	57.6750	74.7000	
-0.0137	0.1385	0.0002	57.9250	74.3750	
-0.0137	0.1386	0.0002	57.8000	74.6500	
-0.0137	0.1385	0.0002	56.1750	74.5750	
-0.0137	0.1384	0.0002	56.9750	74.5250	
-0.0137	0.1384	0.0002	59.0250	74.5750	
-0.0137	0.1384	0.0002	58.4500	74.6250	
-0.0137	0.1383	0.0002	58.3750	74.5500	
-0.0137	0.1383	0.0002	59.3000	74.6500	
-0.0137	0.1383	0.0002	57.5250	74.8250	
-0.0137	0.1383	0.0002	58.0500	74.5000	
-0.0137	0.1382	0.0002	56.7750	74.6250	
-0.0137	0.1382	0.0002	56.3750	74.6750	
-0.0136	0.1382	0.0002	59.2750	74.6000	
-0.0136	0.1381	0.0002	59.9000	74.5000	
-0.0136	0.1381	0.0002	56.5500	74.6250	
-0.0136	0.1381	0.0002	56.1000	74.6250	
-0.0136	0.1381	0.0002	59.7750	74.6500	
-0.0136	0.1381	0.0002	58.5000	74.5250	
-0.0136	0.1380	0.0002	58.0000	74.7000	
-0.0136	0.1380	0.0002	59.1500	74.6000	
-0.0136	0.1380	0.0002	56.9000	74.5750	
-0.0136	0.1381	0.0002	58.5500	74.7250	
-0.0136	0.1380	0.0002	58.0500	74.6000	
-0.0136	0.1379	0.0002	56.7000	74.7000	
-0.0136	0.1379	0.0002	58.2500	74.6750	
-0.0136	0.1378	0.0002	59.7750	74.5250	
-0.0136	0.1378	0.0002	57.8750	74.8000	
-0.0136	0.1378	0.0002	57.6000	74.6000	
-0.0136	0.1378	0.0002	58.2000	74.6250	
-0.0136	0.1378	0.0002	58.4000	74.6750	
-0.0136	0.1377	0.0002	59.3750	74.6500	
-0.0136	0.1377	0.0002	59.3000	74.6250	
-0.0136	0.1378	0.0002	56.5750	74.8500	
-0.0136	0.1377	0.0002	58.3500	74.7250	
-0.0136	0.1377	0.0002	59.5500	74.6500	
-0.0136	0.1376	0.0002	56.9250	74.7000	
-0.0136	0.1376	0.0002	56.7000	74.8500	
-0.0136	0.1376	0.0002	59.7750	74.7250	
-0.0136	0.1376	0.0002	58.5000	74.7000	
-0.0136	0.1376	0.0002	57.3250	74.8250	
-0.0136	0.1375	0.0002	57.8750	74.7750	
-0.0136	0.1375	0.0002	59.1750	74.7250	
-0.0136	0.1375	0.0002	58.5750	74.7500	
-0.0136	0.1375	0.0002	58.1000	74.7500	
-0.0136	0.1374	0.0002	58.1250	74.7000	
-0.0136	0.1375	0.0002	58.4750	74.8000	
-0.0136	0.1375	0.0002	59.3750	74.7250	
-0.0136	0.1374	0.0002	56.5000	74.6750	
-0.0136	0.1374	0.0002	56.5250	74.8000	
-0.0136	0.1374	0.0002	58.1000	74.8000	
-0.0136	0.1375	0.0002	60.0500	74.7250	
-0.0136	0.1373	0.0002	59.0000	74.7000	
-0.0136	0.1373	0.0002	55.4000	74.8500	
-0.0136	0.1373	0.0002	56.5500	74.7750	
-0.0136	0.1373	0.0002	59.3000	74.7250	
-0.0136	0.1373	0.0002	58.9750	74.7500	
-0.0136	0.1373	0.0002	57.2000	74.7000	
-0.0136	0.1372	0.0002	55.2500	74.8000	
-0.0136	0.1373	0.0002	58.7500	74.7500	
-0.0136	0.1373	0.0002	58.2250	74.7000	
-0.0136	0.1372	0.0002	57.3750	74.8500	
-0.0136	0.1372	0.0002	57.2000	74.7250	
-0.0136	0.1372	0.0002	57.4500	74.7250	
-0.0136	0.1372	0.0002	57.3500	74.8250	
-0.0136	0.1371	0.0002	57.6500	74.8000	
-0.0136	0.1372	0.0002	57.4250	74.7000	
-0.0136	0.1372	0.0002	57.3750	74.8500	
-0.0136	0.1371	0.0002	58.7750	74.7750	
-0.0135	0.1371	0.0002	58.5250	74.7000	
-0.0136	0.1371	0.0002	55.9500	74.9000	
-0.0136	0.1371	0.0002	55.5750	74.7250	
-0.0136	0.1370	0.0002	57.7500	74.7000	
-0.0136	0.1370	0.0002	57.8500	74.8000	
-0.0136	0.1370	0.0002	56.6750	74.9000	
-0.0136	0.1370	0.0002	56.8750	74.7750	
-0.0136	0.1370	0.0002	57.6250	74.9000	
-0.0136	0.1370	0.0002	57.6500	74.7750	
-0.0135	0.1370	0.0002	56.3500	74.8250	
-0.0135	0.1370	0.0002	55.8500	74.8000	
-0.0135	0.1369	0.0002	56.1250	74.7750	
-0.0135	0.1369	0.0002	56.9250	74.8500	
-0.0135	0.1369	0.0002	57.9000	74.8250	
-0.0135	0.1370	0.0002	56.1250	74.7500	
-0.0135	0.1369	0.0002	56.2000	74.8250	
-0.0135	0.1369	0.0002	57.1000	74.7250	
-0.0135	0.1369	0.0002	57.0000	74.8250	
-0.0135	0.1369	0.0002	56.6250	74.8000	
-0.0135	0.1368	0.0002	56.7500	74.8000	
-0.0135	0.1368	0.0002	55.8500	74.8750	
-0.0135	0.1368	0.0002	56.0000	74.9250	
-0.0135	0.1368	0.0002	57.1000	74.8250	
-0.0135	0.1368	0.0002	57.3500	74.8250	
-0.0135	0.1368	0.0002	56.8500	74.8750	
-0.0135	0.1368	0.0002	55.9500	74.7250	
-0.0135	0.1368	0.0002	55.5750	74.7250	
-0.0135	0.1368	0.0002	56.3500	74.9000	
-0.0135	0.1367	0.0002	57.1000	74.8250	
-0.0135	0.1367	0.0002	57.3500	74.7750	
-0.0135	0.1367	0.0002	55.9500	74.9000	
-0.0135	0.1367	0.0002	56.1750	74.8750	
-0.0135	0.1367	0.0002	56.5750	74.9000	
-0.0135	0.1367	0.0002	56.8750	74.8250	
-0.0135	0.1367	0.0002	56.6000	74.8750	
-0.0135	0.1367	0.0002	55.3750	74.8500	
-0.0135	0.1366	0.0002	56.7000	74.9000	
-0.0135	0.1366	0.0002	56.3250	74.8250	
-0.0135	0.1366	0.0002	55.4750	74.9250	
-0.0135	0.1366	0.0002	57.0000	74.8750	
-0.0135	0.1367	0.0002	58.3500	74.9500	
-0.0135	0.1366	0.0002	56.4000	74.7750	
-0.0135	0.1366	0.0002	55.5500	74.9250	
-0.0135	0.1365	0.0002	56.3750	74.8750	
-0.0135	0.1366	0.0002	56.4500	74.8750	
-0.0135	0.1366	0.0002	57.1750	74.9250	
-0.0135	0.1365	0.0002	56.6250	74.9500	
-0.0135	0.1365	0.0002	56.3750	74.8000	
-0.0135	0.1365	0.0002	55.4500	74.9750	
-0.0135	0.1365	0.0002	55.4250	74.8250	
-0.0135	0.1365	0.0002	57.2500	74.9500	
-0.0135	0.1365	0.0002	57.9250	74.8000	
-0.0135	0.1365	0.0002	56.9500	74.9750	
-0.0135	0.1365	0.0002	53.6500	74.8250	
-0.0135	0.1365	0.0002	56.5250	75.0750	
-0.0135	0.1364	0.0002	57.7250	74.7500	
-0.0135	0.1364	0.0002	55.7500	74.9750	
-0.0135	0.1364	0.0002	55.6000	74.9500	
-0.0135	0.1364	0.0002	56.1250	74.9000	
-0.0135	0.1364	0.0002	56.0000	74.8750	
-0.0135	0.1364	0.0002	57.4000	74.9250	
-0.0135	0.1364	0.0002	56.8750	74.7750	
-0.0135	0.1363	0.0002	54.6500	75.0500	
-0.0135	0.1364	0.0002	55.8250	74.7000	
-0.0135	0.1363	0.0002	56.5500	74.9500	
-0.0135	0.1363	0.0002	56.5250	74.9500	
-0.0135	0.1363	0.0002	56.1250	74.9000	
-0.0135	0.1363	0.0002	56.8000	74.9500	
-0.0135	0.1363	0.0002	55.9250	74.9500	
-0.0135	0.1363	0.0002	55.1500	74.9250	
-0.0135	0.1363	0.0002	55.8000	74.8500	
-0.0135	0.1363	0.0002	56.4500	74.8250	
-0.0135	0.1362	0.0002	56.5250	74.9500	
-0.0135	0.1363	0.0002	56.6000	74.9500	
-0.0135	0.1363	0.0002	56.0250	74.8000	
-0.0135	0.1363	0.0002	55.5000	74.8750	
-0.0135	0.1362	0.0002	56.1250	74.9500	
-0.0135	0.1362	0.0002	56.1750	74.9250	
-0.0135	0.1362	0.0002	54.9500	74.8250	
-0.0135	0.1363	0.0002	55.9000	74.9750	
-0.0135	0.1362	0.0002	56.3750	74.8250	
-0.0135	0.1362	0.0002	55.9750	74.9000	
-0.0135	0.1362	0.0002	56.2250	74.9500	
-0.0135	0.1362	0.0002	55.0250	74.9750	
-0.0135	0.1361	0.0002	55.7250	74.9750	
-0.0135	0.1362	0.0002	57.1750	74.9000	
-0.0135	0.1361	0.0001	55.8500	74.8250	
-0.0135	0.1361	0.0002	55.3500	74.8750	
-0.0135	0.1361	0.0002	55.3500	74.9500	
-0.0135	0.1361	0.0002	56.2000	74.9500	
-0.0135	0.1361	0.0002	55.7750	74.9500	
-0.0135	0.1361	0.0002	55.0000	74.9250	
-0.0135	0.1362	0.0002	54.6250	74.9500	
-0.0135	0.1362	0.0002	56.0250	74.9750	
-0.0135	0.1361	0.0002	57.7000	74.8000	
-0.0135	0.1362	0.0002	55.9500	74.8750	
-0.0135	0.1361	0.0002	54.7750	74.9500	
-0.0135	0.1361	0.0002	56.4750	75.1000	
-0.0135	0.1361	0.0002	57.0750	74.8750	
-0.0135	0.1361	0.0002	54.8750	74.8000	
-0.0135	0.1361	0.0002	54.6250	74.8000	
-0.0135	0.1361	0.0002	55.3000	74.8750	
-0.0135	0.1361	0.0002	56.8750	74.9500	
-0.0135	0.1361	0.0002	56.4000	74.8750	
-0.0135	0.1362	0.0002	55.2250	74.9000	
-0.0135	0.1363	0.0002	56.2000	74.9000	
-0.0135	0.1362	0.0002	56.4000	74.7750	
-0.0135	0.1362	0.0002	55.6750	74.9000	
-0.0135	0.1363	0.0002	56.7000	74.8750	
-0.0135	0.1363	0.0002	56.2250	74.7250	
-0.0135	0.1363	0.0002	54.8250	74.8750	
-0.0135	0.1363	0.0002	57.1250	74.8500	
-0.0135	0.1363	0.0002	57.4500	74.6500	
-0.0135	0.1363	0.0002	57.3500	74.9750	
-0.0135	0.1363	0.0002	56.3250	74.8500	
-0.0135	0.1364	0.0002	54.1000	74.9000	
-0.0135	0.1363	0.0002	56.5750	74.8000	
-0.0135	0.1362	0.0002	57.6500	74.8750	
-0.0135	0.1362	0.0002	56.6750	74.9250	
-0.0135	0.1362	0.0002	55.7500	74.9500	
-0.0135	0.1362	0.0002	56.9000	74.9250	
-0.0135	0.1362	0.0002	55.5750	74.8750	
-0.0135	0.1362	0.0002	56.7250	74.8750	
-0.0135	0.1362	0.0002	57.9500	74.7500	
-0.0135	0.1361	0.0002	57.3250	74.7000	
-0.0135	0.1362	0.0002	54.8500	74.5500	
-0.0135	0.1362	0.0002	56.1250	74.8250	
-0.0135	0.1361	0.0002	57.3250	74.7000	
-0.0135	0.1361	0.0002	56.5500	74.7000	
-0.0135	0.1361	0.0002	57.0250	74.7750	
-0.0135	0.1361	0.0002	57.0000	74.7500	
-0.0135	0.1361	0.0001	56.6500	74.6250	
-0.0135	0.1361	0.0001	57.1750	74.8000	
-0.0135	0.1360	0.0001	57.8250	74.6750	
-0.0135	0.1361	0.0001	56.2750	74.6750	
-0.0135	0.1360	0.0001	56.4000	74.6500	
-0.0135	0.1360	0.0001	58.3250	74.8000	
-0.0135	0.1360	0.0001	58.4000	74.7250	
-0.0135	0.1360	0.0001	56.9500	74.6250	
-0.0135	0.1360	0.0001	57.1750	74.7500	
-0.0135	0.1360	0.0001	58.1500	74.5500	
-0.0135	0.1360	0.0001	57.8500	74.5250	
-0.0135	0.1359	0.0001	57.4250	74.7250	
-0.0135	0.1359	0.0001	56.8750	74.7000	
-0.0135	0.1359	0.0001	57.7500	74.6000	
-0.0135	0.1359	0.0001	57.4500	74.6250	
-0.0135	0.1360	0.0001	57.7000	74.7000	
-0.0135	0.1359	0.0001	57.6500	74.5250	
-0.0135	0.1359	0.0001	56.5000	74.6500	
-0.0135	0.1359	0.0001	56.8750	74.6500	
-0.0135	0.1359	0.0001	57.4000	74.5500	
-0.0135	0.1359	0.0001	57.5250	74.6000	
-0.0135	0.1360	0.0001	56.6750	74.5750	
-0.0135	0.1359	0.0001	57.2500	74.5750	
-0.0135	0.1359	0.0001	58.0000	74.6500	
-0.0135	0.1359	0.0001	57.2750	74.6250	
-0.0135	0.1359	0.0001	55.8750	74.6500	
-0.0135	0.1359	0.0001	56.6000	74.6750	
-0.0135	0.1358	0.0001	57.5250	74.6000	
0.4048	50.0000	0.5876	50.0000	
0.3912	50.0000	0.5599	50.0000	
0.3775	50.0000	0.5324	50.0000	
0.3636	50.0000	0.5050	50.0000	
0.3489	50.0000	0.4770	50.0000	
0.3331	50.0000	0.4495	50.0000	
0.3172	50.0000	0.4219	50.0000	
0.3010	50.0000	0.3954	50.0000	
0.2853	50.0000	0.3706	50.0000	
0.2697	50.0000	0.3487	50.0000	
0.2550	50.0000	0.3295	50.0000	
0.2423	48.5500	0.3150	50.0000	
0.2328	35.1250	0.3040	50.0000	
0.2256	26.0500	0.2967	50.0000	
0.2193	25.0250	0.2918	50.0000	
0.2131	24.9250	0.2882	50.0000	
0.2071	25.1250	0.2852	50.0000	
0.2013	25.1250	0.2823	50.0000	
0.1959	25.4250	0.2793	50.0000	
0.1904	25.5750	0.2762	50.0000	
0.1850	25.6750	0.2731	50.1000	
0.1795	26.2000	0.2700	52.8750	
0.1743	36.1750	0.2668	59.3500	
0.1692	49.6500	0.2635	62.9000	
0.1646	49.9000	0.2600	63.5250	
0.1603	50.4500	0.2564	63.0500	
0.1565	55.0750	0.2527	61.4000	
0.1533	56.8000	0.2487	59.4500	
0.1506	57.9500	0.2446	58.1750	
0.1484	61.3000	0.2403	57.7000	
0.1466	65.9750	0.2358	57.3250	
0.1452	70.4250	0.2311	56.8250	
0.1440	73.4250	0.2262	56.6000	
0.1432	74.1250	0.2210	56.2250	
0.1425	74.5500	0.2156	56.2500	
0.1419	74.6750	0.2098	56.4250	
0.1415	74.8250	0.2032	56.2000	
0.1411	74.8000	0.1957	56.1000	
0.1408	74.6250	0.1874	56.2500	
0.1408	74.6000	0.1782	57.1750	
0.1408	74.9000	0.1687	57.9250	
0.1404	74.2250	0.1589	58.9750	
0.1402	73.4750	0.1491	60.0500	
0.1400	72.2250	0.1394	61.0000	
0.1398	71.6250	0.1301	61.9000	
0.1398	70.6000	0.1211	62.9750	
0.1396	68.1750	0.1125	64.0250	
0.1396	63.2500	0.1042	64.7250	
0.1396	59.9500	0.0963	65.5500	
0.1396	53.8750	0.0887	66.3500	
0.1394	51.3750	0.0814	67.2000	
0.1394	49.5500	0.0745	68.0750	
0.1394	49.5750	0.0678	68.9750	
0.1393	45.7500	0.0615	69.9500	
0.1393	44.2000	0.0555	70.7250	
0.1392	44.9250	0.0499	71.5750	
0.1393	44.0000	0.0445	72.2250	
0.1392	42.0750	0.0394	73.2250	
0.1392	41.9250	0.0348	73.7750	
0.1391	42.0250	0.0306	74.2750	
0.1391	41.2000	0.0267	74.9250	
0.1391	40.3500	0.0233	75.5750	
0.1390	40.3250	0.0203	76.1000	
0.1390	41.1750	0.0176	76.6500	
0.1390	41.0500	0.0152	77.1750	
0.1389	40.5750	0.0132	77.6250	
0.1390	39.9000	0.0114	77.9000	
0.1389	39.4750	0.0099	78.0500	
0.1389	40.0000	0.0087	78.2250	
0.1389	40.2000	0.0078	78.3500	
0.1388	40.0000	0.0070	78.1500	
0.1388	39.7250	0.0064	78.0000	
0.1388	39.3750	0.0059	77.8000	
0.1387	39.2750	0.0056	77.5750	
0.1387	39.5750	0.0052	77.3750	
0.1387	39.5250	0.0050	77.2750	
0.1387	39.4250	0.0048	77.1250	
0.1386	39.5750	0.0046	76.9500	
0.1386	39.8000	0.0044	76.8750	
0.1386	39.5750	0.0043	76.7500	
0.1386	39.1250	0.0041	76.7000	
0.1386	39.2000	0.0040	76.6500	
0.1385	39.9000	0.0039	76.6500	
0.1386	39.8750	0.0038	76.5750	
0.1384	39.7000	0.0037	76.5500	
0.1384	39.2000	0.0036	76.5250	
0.1384	39.1250	0.0035	76.4250	
0.1384	39.4750	0.0034	76.4500	
0.1384	39.7750	0.0033	76.4750	
0.1383	39.7250	0.0032	76.4750	
0.1384	39.2250	0.0032	76.4250	
0.1383	39.5500	0.0031	76.3750	
0.1383	39.9250	0.0030	76.3500	
0.1383	39.7500	0.0030	76.3250	
0.1382	39.7750	0.0029	76.4000	
0.1382	39.4000	0.0028	76.2500	
0.1382	39.6000	0.0028	76.2750	
0.1381	40.0750	0.0027	76.2500	
0.1381	39.5750	0.0027	76.3000	
0.1382	39.5500	0.0026	76.2500	
0.1380	40.2250	0.0025	76.1750	
0.1381	39.3000	0.0025	76.1500	
0.1380	39.2500	0.0024	76.1250	
0.1380	39.3000	0.0024	76.0500	
0.1380	40.0750	0.0023	76.0750	
0.1379	40.2500	0.0023	75.9750	
0.1379	39.5500	0.0023	76.0250	
0.1379	39.2500	0.0022	76.0000	
0.1378	40.0750	0.0022	76.0250	
0.1381	39.7750	0.0021	75.9500	
0.1379	39.6000	0.0021	75.9000	
0.1379	38.5750	0.0021	75.8250	
0.1378	39.0500	0.0020	75.8500	
0.1378	39.8750	0.0020	75.7750	
0.1378	40.3750	0.0019	75.8250	
0.1377	39.9750	0.0019	75.8250	
0.1377	39.4000	0.0019	75.7500	
0.1377	39.6250	0.0018	75.7000	
0.1377	40.1500	0.0018	75.6750	
0.1376	39.6500	0.0018	75.6500	
0.1378	39.7500	0.0018	75.6000	
0.1378	39.5000	0.0017	75.6000	
0.1375	39.3000	0.0017	75.5750	
0.1376	39.3750	0.0017	75.4750	
0.1376	40.1750	0.0016	75.5250	
0.1375	39.8250	0.0016	75.4750	
0.1375	39.5500	0.0016	75.5000	
0.1375	39.8750	0.0016	75.4500	
0.1374	40.4500	0.0015	75.4500	
0.1375	40.3000	0.0015	75.4500	
0.1374	40.1250	0.0015	75.3750	
0.1374	39.3750	0.0015	75.3750	
0.1374	38.9500	0.0015	75.4000	
0.1373	39.3250	0.0014	75.3750	
0.1373	40.1250	0.0014	75.3250	
0.1373	40.2250	0.0014	75.3750	
0.1372	39.9250	0.0014	75.3000	
0.1372	39.5750	0.0014	75.2750	
0.1372	39.1500	0.0013	75.3000	
0.1372	39.7000	0.0013	75.2750	
0.1372	39.7000	0.0013	75.2750	
0.1373	39.6000	0.0013	75.2750	
0.1373	39.6000	0.0013	75.2750	
0.1371	40.0250	0.0012	75.2500	
0.1372	40.2500	0.0012	75.2000	
0.1371	39.6250	0.0012	75.1750	
0.1371	39.0500	0.0012	75.1750	
0.1370	39.9750	0.0012	75.1750	
0.1371	39.7000	0.0012	75.1500	
0.1373	39.1000	0.0011	75.1250	
0.1371	39.1750	0.0011	75.1250	
0.1370	39.7250	0.0011	75.1250	
0.1371	40.1750	0.0011	75.1000	
0.1370	39.6000	0.0011	75.0750	
0.1369	39.7250	0.0011	75.0750	
0.1370	40.0000	0.0011	75.0750	
0.1369	39.9750	0.0011	75.0250	
0.1369	39.6000	0.0010	75.0500	
0.1368	39.6750	0.0010	75.0500	
0.1368	39.7250	0.0010	75.0000	
0.1368	39.8250	0.0010	75.0500	
0.1368	39.9250	0.0010	75.0250	
0.1368	39.8500	0.0010	75.0500	
0.1369	39.7500	0.0010	75.0500	
0.1367	40.1500	0.0010	75.0000	
0.1368	39.1750	0.0009	75.0000	
0.1369	38.8250	0.0009	75.0250	
0.1367	39.4000	0.0009	75.0250	
0.1367	40.1750	0.0009	75.0000	
0.1367	40.4000	0.0009	74.9750	
0.1368	40.1250	0.0009	74.9750	
0.1368	39.2500	0.0009	74.9500	
0.1366	39.7750	0.0009	74.9750	
0.1366	40.4250	0.0009	74.9750	
0.1366	39.6750	0.0009	74.9500	
0.1365	39.3750	0.0009	74.9250	
0.1365	39.6750	0.0008	74.9250	
0.1367	39.9250	0.0008	74.9000	
0.1366	40.1750	0.0008	74.9250	
0.1365	38.8250	0.0008	74.9000	
0.1365	38.9500	0.0008	74.9250	
0.1364	40.0500	0.0008	74.8500	
0.1365	40.1750	0.0008	74.8500	
0.1364	40.3750	0.0008	74.8500	
0.1364	40.4250	0.0008	74.8500	
0.1363	40.2000	0.0008	74.9000	
0.1363	40.5250	0.0008	74.8750	
0.1363	39.7500	0.0008	74.8500	
0.1363	39.5750	0.0007	74.8500	
0.1363	41.0250	0.0007	74.8500	
0.1363	40.7750	0.0007	74.8250	
0.1363	39.8250	0.0007	74.8500	
0.1363	39.1500	0.0007	74.8250	
0.1362	40.1750	0.0007	74.8250	
0.1363	41.0000	0.0007	74.8250	
0.1362	39.9000	0.0007	74.8250	
0.1361	40.0250	0.0007	74.8500	
0.1361	40.4250	0.0007	74.8750	
0.1361	40.1000	0.0007	74.8500	
0.1361	41.0750	0.0007	74.8750	
0.1361	40.6500	0.0007	74.8250	
0.1361	40.2000	0.0007	74.8000	
0.1361	39.7750	0.0007	74.8000	
0.1361	40.5250	0.0007	74.8250	
0.1360	41.1500	0.0006	74.8250	
0.1361	40.6250	0.0006	74.7750	
0.1362	41.3250	0.0006	74.7750	
0.1359	39.1500	0.0006	74.7750	
0.1360	39.7750	0.0006	74.7750	
0.1359	41.5750	0.0006	74.8000	
0.1359	41.0750	0.0006	74.8250	
0.1358	39.5000	0.0006	74.8250	
0.1359	39.9750	0.0006	74.8000	
0.1358	40.1750	0.0006	74.7750	
0.1358	40.9750	0.0006	74.8000	
0.1358	40.6500	0.0006	74.7750	
0.1359	40.3750	0.0006	74.8250	
0.1360	41.6500	0.0006	74.8000	
0.1357	40.6500	0.0006	74.8000	
0.1361	39.5250	0.0006	74.8000	
0.1356	41.2500	0.0006	74.7750	
0.1358	40.7750	0.0006	74.7750	
0.1357	39.2250	0.0006	74.7750	
0.1357	39.1750	0.0006	74.8250	
0.1356	40.9500	0.0006	74.8250	
0.1357	41.3750	0.0005	74.8500	
0.1357	39.4000	0.0005	74.8250	
0.1356	40.3500	0.0005	74.8250	
0.1357	41.4500	0.0005	74.7500	
0.1359	39.5000	0.0004	74.7250	
0.1356	40.8750	0.0004	74.5250	
0.1356	41.2000	0.0004	74.5500	
0.1356	39.4250	0.0004	74.6500	
0.1355	40.3500	0.0003	74.6750	
0.1355	41.4000	0.0003	74.6000	
0.1355	40.7750	0.0003	74.5500	
0.1354	39.6250	0.0003	74.6250	
0.1354	40.1750	0.0003	74.6000	
0.1354	41.2750	0.0003	74.6000	
0.1353	41.1750	0.0003	74.5750	
0.1354	40.4750	0.0003	74.6000	
0.1354	41.0750	0.0003	74.6000	
0.1353	39.5000	0.0003	74.6000	
0.1353	39.6500	0.0003	74.6000	
0.1354	41.2250	0.0003	74.5500	
0.1353	40.7750	0.0003	74.6000	
0.1353	40.5750	0.0003	74.5750	
0.1353	40.0750	0.0003	74.6750	
0.1353	40.2000	0.0003	74.5750	
0.1353	40.2750	0.0003	74.5750	
0.1353	40.3750	0.0003	74.6500	
0.1353	39.7000	0.0003	74.6000	
0.1353	40.5000	0.0003	74.6250	
0.1352	40.3750	0.0003	74.5250	
0.1353	40.1250	0.0002	74.6000	
0.1351	42.7000	0.0002	74.6500	
0.1352	41.5500	0.0002	74.5750	
0.1353	39.2250	0.0002	74.6000	
0.1353	40.0750	0.0002	74.6500	
0.1351	40.5000	0.0002	74.6250	
0.1351	39.4750	0.0002	74.6250	
0.1351	41.3250	0.0002	74.5750	
0.1351	41.5500	0.0002	74.6250	
0.1351	40.5000	0.0002	74.6000	
0.1351	39.9250	0.0002	74.6250	
0.1350	39.4500	0.0002	74.6000	
0.1351	39.6500	0.0002	74.5500	
0.1350	41.7250	0.0002	74.6250	
0.1351	41.0250	0.0002	74.6250	
0.1350	40.2500	0.0002	74.5750	
0.1350	40.4000	0.0002	74.6500	
0.1349	39.8000	0.0002	74.6250	
0.1349	39.8500	0.0002	74.6500	
0.1350	40.9750	0.0002	74.5750	
0.1349	39.3500	0.0002	74.6000	
0.1349	39.1000	0.0002	74.6250	
0.1349	41.1500	0.0002	74.6250	
0.1349	42.2750	0.0002	74.6250	
0.1349	39.8250	0.0002	74.5750	
0.1348	38.9250	0.0002	74.6500	
0.1349	41.0250	0.0002	74.6250	
0.1348	39.9250	0.0002	74.5750	
0.1348	40.4500	0.0002	74.6000	
0.1348	41.1000	0.0002	74.6250	
0.1348	40.2500	0.0002	74.5750	
0.1348	40.5750	0.0002	74.6250	
0.1348	39.0000	0.0002	74.6250	
0.1348	40.2500	0.0002	74.5750	
0.1349	40.9500	0.0002	74.6000	
0.1348	38.8500	0.0002	74.6250	
0.1347	40.3000	0.0002	74.5750	
0.1346	42.8000	0.0002	74.5750	
0.1348	40.2250	0.0002	74.5750	
0.1346	39.2250	0.0002	74.6000	
0.1348	40.1750	0.0002	74.6000	
0.1346	38.5500	0.0002	74.6000	
0.1347	40.0750	0.0002	74.6000	
0.1347	42.3500	0.0002	74.5750	
0.1346	41.1750	0.0002	74.6250	
0.1346	39.1500	0.0002	74.5750	
0.1347	39.0500	0.0002	74.6000	
0.1346	40.6250	0.0002	74.6000	
0.1345	41.2500	0.0002	74.6250	
0.1345	39.1750	0.0002	74.6250	
0.1346	40.8250	0.0002	74.5750	
0.1346	40.2250	0.0002	74.6500	
0.1347	40.3750	0.0002	74.6250	
0.1345	39.2000	0.0002	74.6000	
0.1345	39.7250	0.0002	74.6000	
0.1345	41.4750	0.0002	74.6250	
0.1346	39.2750	0.0002	74.6000	
0.1346	39.6500	0.0002	74.6250	
0.1345	39.4500	0.0002	74.6000	
0.1345	41.7000	0.0002	74.6750	
0.1344	39.7000	0.0002	74.6750	
0.1345	38.6750	0.0002	74.6000	
0.1344	42.0000	0.0002	74.5750	
0.1344	41.2500	0.0002	74.6250	
0.1345	40.0500	0.0002	74.6000	
0.1343	38.9000	0.0002	74.6000	
0.1344	38.7000	0.0002	74.6000	
0.1344	42.7500	0.0002	74.6500	
0.1343	40.3000	0.0002	74.6250	
0.1344	38.8000	0.0002	74.5750	
0.1343	41.7500	0.0002	74.5750	
0.1344	40.5750	0.0002	74.6000	
0.1343	38.9000	0.0002	74.6000	
0.1343	38.8750	0.0002	74.6250	
0.1343	38.4000	0.0002	74.6750	
0.1343	39.9500	0.0002	74.5750	
0.1342	41.1000	0.0002	74.6000	
0.1343	39.5000	0.0002	74.6000	
0.1342	41.3750	0.0002	74.6000	
0.1343	40.0500	0.0002	74.6250	
0.1344	38.5500	0.0002	74.5750	
0.1345	41.6500	0.0002	74.6000	
0.1342	40.2750	0.0002	74.6000	
0.1342	38.7000	0.0002	74.6500	
0.1343	41.0750	0.0002	74.6000	
0.1344	38.7000	0.0002	74.6250	
0.1343	41.0500	0.0002	74.6250	
0.1342	39.4000	0.0002	74.6250	
0.1341	38.7750	0.0002	74.5750	
0.1342	39.8250	0.0002	74.6000	
0.1341	42.4250	0.0002	74.5750	
0.1341	40.4250	0.0002	74.6000	
0.1341	38.4250	0.0002	74.6500	
0.1342	38.2250	0.0002	74.5750	
0.1340	40.1000	0.0002	74.6000	
0.1341	40.6000	0.0002	74.5750	
0.1341	39.0750	0.0002	74.6000	
0.1341	38.9500	0.0002	74.6500	
0.1341	40.6500	0.0002	74.6000	
0.1340	41.8750	0.0002	74.6250	
0.1340	38.1000	0.0002	74.6250	
0.1341	39.7750	0.0002	74.5750	
0.1340	41.4750	0.0002	74.6250	
0.1340	39.7250	0.0002	74.6750	
0.1340	40.8250	0.0002	74.6000	
0.1340	39.1500	0.0002	74.6000	
0.1340	38.1250	0.0002	74.5750	
0.1339	40.1250	0.0002	74.5750	
0.1340	41.0000	0.0002	74.6250	
0.1340	38.9250	0.0002	74.6000	
0.1340	38.5750	0.0002	74.6000	
0.1340	40.5500	0.0002	74.6000	
0.1339	39.5000	0.0002	74.6000	
0.1340	38.7750	0.0002	74.6000	
0.1339	40.8750	0.0002	74.5500	
0.1339	41.3500	0.0002	74.6250	
0.1341	38.5000	0.0002	74.6250	
0.1338	40.5250	0.0002	74.6000	
0.1339	41.6250	0.0002	74.6000	
0.1338	38.5750	0.0002	74.5750	
0.1338	38.6000	0.0002	74.6250	
0.1339	40.3000	0.0002	74.6250	
0.1338	38.6000	0.0002	74.6000	
0.1338	38.8250	0.0002	74.6000	
0.1338	41.5750	0.0002	74.6000	
0.1339	38.9000	0.0002	74.5750	
0.1341	40.3750	0.0002	74.5750	
0.1338	38.6250	0.0002	74.6000	
0.1339	38.3250	0.0002	74.6000	
0.1338	40.3250	0.0002	74.5500	
0.1337	41.5750	0.0002	74.6250	
0.1337	39.4000	0.0002	74.5750	
0.1337	38.5250	0.0002	74.6000	
0.1337	39.2500	0.0002	74.6000	
0.1338	40.4750	0.0002	74.6000	
0.1337	38.6750	0.0002	74.6000	
0.1337	39.0000	0.0002	74.5250	
0.1337	39.2250	0.0002	74.6000	
0.1337	39.5000	0.0002	74.5500	
0.1338	38.8250	0.0002	74.6000	
0.1338	39.7750	0.0002	74.6000	
0.1337	38.4750	0.0002	74.5750	
0.1336	39.8750	0.0002	74.6000	
0.1337	41.3750	0.0002	74.6000	
0.1336	38.8250	0.0002	74.5750	
0.1337	39.1250	0.0002	74.6500	
0.1336	39.6500	0.0002	74.6250	
0.1336	38.8000	0.0001	74.5750	
0.1336	38.6250	0.0001	74.5750	
0.1336	39.9750	0.0001	74.6000	
0.1339	42.6250	0.0002	74.6250	
0.1336	39.1000	0.0001	74.5750	
0.1336	38.7750	0.0001	74.6250	
0.1337	41.1500	0.0001	74.6000	
0.1337	38.5000	0.0001	74.6500	
0.1336	39.7750	0.0001	74.5750	
0.1335	40.5500	0.0001	74.6250	
0.1336	38.7500	0.0001	74.6000	
0.1335	39.6000	0.0001	74.6750	
0.1335	39.8250	0.0001	74.6250	
0.1335	38.8000	0.0001	74.6250	
0.1335	38.8750	0.0001	74.6250	
0.1336	39.6500	0.0001	74.5750	
0.1335	40.6250	0.0001	74.6000	
0.1336	39.9000	0.0001	74.5750	
0.1335	38.8000	0.0001	74.6250	
0.1337	39.8250	0.0001	74.6000	
0.1334	39.1000	0.0001	74.5750	
0.1335	38.8500	0.0001	74.6000	
0.1336	40.9250	0.0001	74.6250	
0.1334	39.2750	0.0001	74.5750	
0.1334	39.4750	0.0001	74.6500	
0.1335	40.7750	0.0001	74.6000	
0.1334	38.3500	0.0001	74.6000	
0.1335	38.9000	0.0001	74.6000	
0.1334	39.4250	0.0001	74.5750	
0.1334	38.7500	0.0001	74.6250	
0.1333	40.2750	0.0001	74.6500	
0.1334	41.0750	0.0001	74.6500	
0.1334	39.1500	0.0001	74.5750	
0.1334	38.8500	0.0001	74.6000	
0.1334	39.1500	0.0001	74.6000	
0.1333	39.5750	0.0001	74.6250	
0.1333	40.0750	0.0001	74.6000	
0.1334	39.3000	0.0001	74.6000	
0.1333	39.1750	0.0001	74.6000	
0.1334	39.2000	0.0001	74.6000	
0.1335	39.4000	0.0001	74.5750	
0.1334	41.1250	0.0001	74.6000	
0.1333	39.1750	0.0001	74.5750	
0.1333	38.7500	0.0001	74.6250	
0.1333	38.9000	0.0001	74.6250	
0.1333	40.5000	0.0001	74.6000	
0.1333	39.2000	0.0001	74.6250	
0.1333	39.3000	0.0001	74.6000	
0.1333	40.5250	0.0001	74.5250	
0.1333	38.8000	0.0001	74.6000	
0.1334	38.3500	0.0001	74.6000	
0.1332	39.2000	0.0001	74.6000	
0.1333	39.1000	0.0001	74.5500	
0.1333	40.9250	0.0001	74.5750	
0.1333	39.9750	0.0001	74.5500	
0.1333	39.8500	0.0001	74.5750	
0.1332	38.4250	0.0001	74.6000	
0.1332	38.8500	0.0001	74.5750	
0.1332	39.3500	0.0001	74.5750	
0.1332	40.4500	0.0001	74.5750	
0.1331	39.5000	0.0001	74.5750	
0.1332	39.2000	0.0001	74.5750	
0.1332	40.1000	0.0001	74.5750	
0.1331	40.1000	0.0001	74.5750	
0.1331	39.0250	0.0001	74.5750	
0.1332	39.3250	0.0001	74.6000	
0.1331	40.6500	0.0001	74.6000	
0.1332	40.6750	0.0001	74.5750	
0.1331	39.2250	0.0001	74.5500	
0.1332	39.1500	0.0001	74.6250	
0.1331	39.1500	0.0001	74.5750	
0.1331	39.8750	0.0001	74.6250	
0.1333	42.0750	0.0001	74.6250	
0.1333	39.8250	0.0001	74.5500	
0.1331	39.6250	0.0001	74.6750	
0.1331	39.0250	0.0001	74.7000	
0.1331	39.1750	0.0001	74.5750	
0.1331	39.5000	0.0001	74.5750	
0.1330	39.7500	0.0001	74.6500	
0.1331	40.8000	0.0001	74.6000	
0.1330	39.6500	0.0001	74.6000	
0.1331	39.1500	0.0001	74.5750	
0.1331	39.5500	0.0001	74.6250	
0.1330	40.7500	0.0001	74.6000	
0.1330	39.4750	0.0001	74.6250	
0.1330	38.9750	0.0001	74.6000	
0.1330	39.1750	0.0001	74.6000	
0.1330	39.9500	0.0001	74.5750	
0.1330	40.8000	0.0001	74.6000	
0.1330	41.3750	0.0001	74.6250	
0.1329	39.5000	0.0001	74.6250	
0.1330	39.4500	0.0001	74.6000	
0.1330	39.9000	0.0001	74.5750	
0.1330	40.0000	0.0001	74.6000	
0.1329	41.6250	0.0001	74.5750	
0.1330	42.0750	0.0001	74.6000	
0.1330	38.5750	0.0001	74.6000	
0.1330	39.2250	0.0001	74.6000	
0.1330	42.5500	0.0001	74.6000	
0.1329	40.2500	0.0001	74.5750	
0.1329	39.8750	0.0001	74.6500	
0.1330	39.7750	0.0001	74.6000	
0.1330	39.7000	0.0001	74.6250	
0.1329	40.0000	0.0001	74.5500	
0.1330	39.8250	0.0001	74.6000	
0.1329	39.8750	0.0001	74.6000	
0.1329	39.9250	0.0001	74.5750	
0.1328	39.7250	0.0001	74.6000	
0.1329	39.8000	0.0001	74.6000	
0.1328	39.5250	0.0001	74.5750	
0.1329	40.0250	0.0001	74.6000	
0.1328	41.1500	0.0001	74.6000	
0.1329	40.6250	0.0001	74.6000	
0.1329	39.8750	0.0001	74.5750	
0.1328	39.7750	0.0001	74.6000	
0.1329	40.4250	0.0001	74.6500	
0.1328	40.3500	0.0001	74.5500	
0.1329	40.0500	0.0001	74.6500	
0.1328	40.3500	0.0001	74.5500	
0.1328	40.3500	0.0001	74.6500	
0.1329	40.0750	0.0001	74.5250	
0.1327	40.4750	0.0001	74.5250	
0.1328	40.3000	0.0001	74.6000	
0.1328	39.5000	0.0001	74.6500	
0.1328	40.0750	0.0001	74.5500	
0.1327	40.2750	0.0001	74.6250	
0.1328	40.3500	0.0001	74.6500	
0.1327	41.5000	0.0001	74.6250	
0.1328	39.8500	0.0001	74.5750	
0.1327	39.8250	0.0001	74.6250	
0.1327	39.9750	0.0001	74.5750	
0.1328	40.7000	0.0001	74.5750	
0.1328	40.3000	0.0001	74.5750	
0.1327	39.9000	0.0001	74.6000	
0.1329	40.8000	0.0001	74.6000	
0.1327	40.3000	0.0001	74.6500	
0.1328	41.2250	0.0001	74.5750	
0.1327	40.0500	0.0001	74.6000	
0.1328	39.9750	0.0001	74.6250	
0.1327	41.3750	0.0001	74.6750	
0.1327	42.4500	0.0001	74.6000	
0.1327	40.0500	0.0001	74.6000	
0.1326	40.2250	0.0001	74.6000	
0.1327	41.7000	0.0001	74.5750	
0.1326	40.5500	0.0001	74.5750	
0.1328	40.2500	0.0001	74.5750	
0.1328	41.1500	0.0001	74.6000	
0.1326	40.4500	0.0001	74.5750	
0.1327	40.3000	0.0001	74.6500	
0.1326	40.4250	0.0001	74.6250	
0.1327	41.4250	0.0001	74.6250	
0.1327	40.2750	0.0001	74.5250	
0.1326	40.0000	0.0001	74.6000	
0.1327	41.3500	0.0001	74.5750	
0.1326	40.0500	0.0001	74.5750	
0.1326	40.1500	0.0001	74.5750	
0.1325	40.2500	0.0001	74.6250	
0.1326	41.4750	0.0001	74.6000	
0.1326	40.2000	0.0001	74.5750	
0.1328	40.0250	0.0001	74.5750	
0.1326	40.8000	0.0001	74.6000	
0.1326	42.0250	0.0001	74.6000	
0.1325	40.0750	0.0001	74.6500	
0.1326	40.0750	0.0001	74.6500	
0.1326	40.6750	0.0001	74.6000	
0.1326	40.8500	0.0001	74.5750	
0.1326	40.6500	0.0001	74.6250	
0.1325	40.2250	0.0001	74.6250	
0.1326	40.4500	0.0001	74.6250	
0.1326	40.9000	0.0001	74.6000	
0.1326	40.9250	0.0001	74.6000	
0.1325	41.0500	0.0001	74.5250	
0.1325	40.9000	0.0001	74.5750	
0.1325	39.7750	0.0001	74.6500	
0.1325	39.8500	0.0001	74.6750	
0.1324	40.6500	0.0001	74.6750	
0.1325	42.1000	0.0001	74.5500	
0.1325	40.5750	0.0001	74.6250	
0.1324	41.5250	0.0001	74.5500	
0.1325	41.9500	0.0001	74.5750	
0.1326	40.1750	0.0001	74.6250	
0.1326	41.2500	0.0001	74.6000	
0.1325	41.2250	0.0001	74.6500	
0.1325	40.6500	0.0001	74.5500	
0.1325	41.2500	0.0001	74.5750	
0.1324	41.0250	0.0001	74.6000	
0.1326	40.9000	0.0001	74.6000	
0.1326	41.4750	0.0001	74.6000	
0.1324	40.9500	0.0001	74.5500	
0.1326	40.8000	0.0001	74.6250	
0.1323	42.6750	0.0001	74.6250	
0.1324	43.3750	0.0001	74.6750	
0.1324	39.9750	0.0001	74.5250	
0.1324	40.2750	0.0001	74.5750	
0.1324	40.6500	0.0001	74.6000	
0.1325	41.6750	0.0001	74.6000	
0.1325	40.8750	0.0001	74.6250	
0.1324	40.4500	0.0001	74.5500	
0.1325	40.7000	0.0001	74.5750	
0.1323	40.9500	0.0001	74.6250	
0.1324	41.3500	0.0001	74.5750	
0.1324	41.0000	0.0001	74.6500	
0.1323	41.3250	0.0001	74.5750	
0.1324	41.1000	0.0001	74.5750	
0.1323	40.4000	0.0001	74.6500	
0.1323	40.3000	0.0001	74.5500	
0.1323	40.4750	0.0001	74.6000	
0.1324	41.2250	0.0001	74.5750	
0.1325	41.2000	0.0001	74.6250	
0.1323	41.8500	0.0001	74.5500	
0.1324	41.7250	0.0001	74.6250	
0.1323	40.3000	0.0001	74.5500	
0.1324	40.0000	0.0001	74.5750	
0.1323	40.4750	0.0001	74.6250	
0.1324	41.2500	0.0001	74.6000	
0.1323	40.8750	0.0001	74.5750	
0.1322	41.0250	0.0001	74.6250	
0.1323	40.9250	0.0001	74.6000	
0.1323	40.6000	0.0001	74.6000	
0.1323	40.5500	0.0001	74.5750	
0.1322	41.5500	0.0001	74.6250	
0.1322	41.8250	0.0001	74.6250	
0.1323	40.8250	0.0001	74.6000	
0.1323	40.4500	0.0001	74.6000	
0.1322	40.3500	0.0001	74.6000	
0.1324	40.8250	0.0001	74.6000	
0.1324	44.0250	0.0001	74.5750	
0.1323	42.6500	0.0001	74.6000	
0.1324	40.5750	0.0001	74.6250	
0.1325	40.7250	0.0001	74.6250	
0.1322	41.2750	0.0001	74.6000	
0.1322	40.7750	0.0001	74.5750	
0.1323	41.0250	0.0001	74.5750	
0.1322	40.8250	0.0001	74.5750	
0.1322	40.7250	0.0001	74.5500	
0.1322	40.7000	0.0001	74.6000	
0.1322	41.2500	0.0001	74.5750	
0.1322	41.4000	0.0001	74.5500	
0.1322	41.0500	0.0001	74.5750	
0.1322	40.6750	0.0001	74.5750	
0.1322	40.2500	0.0001	74.5500	
0.1322	40.6000	0.0001	74.5500	
0.1321	41.0000	0.0001	74.6500	
0.1322	40.6500	0.0001	74.6000	
0.1322	40.6750	0.0001	74.5750	
0.1321	41.2750	0.0001	74.5250	
0.1322	41.6750	0.0001	74.6500	
0.1322	41.8750	0.0001	74.5500	
0.1322	40.6250	0.0001	74.5500	
0.1322	40.4750	0.0001	74.6000	
0.1321	41.3500	0.0001	74.6000	
0.1322	42.3750	0.0001	74.5250	
0.1321	40.9500	0.0001	74.6250	
0.1322	40.7000	0.0001	74.5750	
0.1322	41.9500	0.0001	74.6000	
0.1321	41.7000	0.0001	74.6000	
0.1322	41.0000	0.0001	74.5500	
0.1321	41.3000	0.0001	74.7000	
0.1321	41.3750	0.0001	74.6250	
0.1321	41.4250	0.0001	74.5750	
0.1321	41.2750	0.0001	74.6000	
0.1322	40.7750	0.0001	74.6750	
0.1321	41.3000	0.0001	74.5750	
0.1321	41.5500	0.0001	74.5750	
0.1321	42.4500	0.0001	74.5750	
0.1321	41.0750	0.0001	74.6250	
0.1321	40.5000	0.0001	74.6250	
0.1321	40.6750	0.0001	74.5250	
0.1321	41.0000	0.0001	74.6000	
0.1322	41.2000	0.0001	74.6250	
0.1321	42.3000	0.0001	74.6250	
0.1321	42.5000	0.0001	74.6500	
0.1321	41.5750	0.0001	74.6250	
0.1320	41.4250	0.0001	74.6000	
0.1322	41.2250	0.0001	74.5750	
0.1320	41.1500	0.0001	74.5250	
0.1320	40.9500	0.0001	74.6000	
0.1320	40.8000	0.0001	74.5500	
0.1321	41.2750	0.0001	74.5750	
0.1320	41.3750	0.0001	74.6500	
0.1321	41.0000	0.0001	74.5750	
0.1320	41.7750	0.0001	74.5750	
0.1320	41.5750	0.0001	74.5750	
0.1320	41.1750	0.0001	74.6000	
0.1320	41.3000	0.0001	74.6250	
0.1321	40.8750	0.0001	74.6000	
0.1320	40.8500	0.0001	74.5750	
0.1320	41.2750	0.0001	74.5750	
0.1320	41.5500	0.0001	74.5500	
0.1320	41.4000	0.0001	74.5250	
0.1320	41.2500	0.0001	74.6000	
0.1320	41.6750	0.0001	74.6000	
0.1321	42.5500	0.0001	74.5500	
0.1323	41.2000	0.0001	74.5750	
0.1321	41.1500	0.0001	74.6250	
0.1320	41.3750	0.0001	74.6000	
0.1320	41.7500	0.0001	74.5750	
0.1319	41.9250	0.0001	74.5750	
0.1320	42.0750	0.0001	74.5250	
0.1321	41.3250	0.0001	74.5750	
0.1320	41.3500	0.0001	74.6750	
0.1320	40.9250	0.0001	74.5750	
0.1319	41.2000	0.0001	74.5500	
0.1319	41.8250	0.0001	74.6500	
0.1320	41.9750	0.0001	74.6250	
0.1320	41.6500	0.0001	74.6000	
0.1319	41.5500	0.0001	74.6500	
0.1319	41.4500	0.0001	74.5500	
0.1319	41.7500	0.0001	74.7000	
0.1319	41.3500	0.0001	74.6250	
0.1319	41.1750	0.0001	74.6250	
0.1320	41.6000	0.0001	74.6000	
0.1319	41.7250	0.0001	74.5750	
0.1319	41.9500	0.0001	74.6250	
0.1320	41.9000	0.0001	74.5750	
0.1319	41.5500	0.0001	74.5250	
0.1320	41.5750	0.0001	74.5500	
0.1319	41.4500	0.0001	74.6250	
0.1319	41.5000	0.0001	74.5500	
0.1318	41.6750	0.0001	74.6000	
0.1319	41.8750	0.0001	74.5750	
0.1319	41.2000	0.0001	74.6500	
0.1319	41.6000	0.0001	74.6000	
0.1319	41.7750	0.0001	74.6500	
0.1319	41.9000	0.0001	74.5750	
0.1319	41.9250	0.0001	74.5500	
0.1319	41.6250	0.0001	74.6000	
0.1318	41.7500	0.0001	74.5500	
0.1319	41.6000	0.0001	74.5750	
0.1319	41.6750	0.0001	74.5750	
0.1319	41.5000	0.0001	74.6000	
0.1319	41.3500	0.0001	74.5750	
0.1318	41.9750	0.0001	74.6000	
0.1318	41.7500	0.0001	74.6250	
0.1318	41.6500	0.0001	74.6500	
0.1318	42.0000	0.0001	74.5750	
0.1319	42.1500	0.0001	74.6000	
0.1319	42.7750	0.0001	74.6000	
0.1318	42.0750	0.0001	74.6000	
0.1319	41.6250	0.0001	74.6500	
0.1320	41.9500	0.0001	74.5500	
0.1318	41.4000	0.0001	74.5750	
0.1319	41.5000	0.0001	74.6500	
0.1318	42.0250	0.0001	74.5000	
0.1319	42.2500	0.0001	74.7250	
0.1319	42.5000	0.0001	74.5750	
0.1318	41.8000	0.0001	74.6500	
0.1318	42.2000	0.0001	74.5250	
0.1319	41.8250	0.0001	74.6500	
0.1318	41.5500	0.0001	74.6500	
0.1318	42.2250	0.0001	74.6250	
0.1317	42.6000	0.0001	74.6500	
0.1318	42.4750	0.0001	74.5500	
0.1318	41.3750	0.0001	74.5500	
0.1319	41.5000	0.0001	74.6250	
0.1318	41.8250	0.0001	74.6250	
0.1318	42.2750	0.0001	74.6250	
0.1318	42.0000	0.0001	74.5500	
0.1318	42.2000	0.0001	74.6250	
0.1318	41.9250	0.0001	74.5750	
0.1317	41.8000	0.0001	74.7000	
0.1318	42.2000	0.0001	74.6250	
0.1317	42.4000	0.0001	74.5750	
0.1318	42.0250	0.0001	74.5500	
0.1317	41.8000	0.0001	74.5500	
0.1318	41.7500	0.0001	74.6750	
0.1317	41.9750	0.0001	74.6000	
0.1318	42.7750	0.0001	74.6000	
0.1318	42.9500	0.0001	74.6500	
0.1317	42.1250	0.0001	74.5750	
0.1317	42.0750	0.0001	74.6250	
0.1317	42.0000	0.0001	74.6000	
0.1317	42.3750	0.0001	74.5750	
0.1317	42.0000	0.0001	74.5750	
0.1317	42.1250	0.0001	74.6250	
0.1317	41.9250	0.0001	74.5750	
0.1318	42.2750	0.0001	74.6750	
0.1317	42.1500	0.0001	74.6250	
0.1318	41.9500	0.0001	74.5500	
0.1317	41.9750	0.0001	74.6500	
0.1317	42.1500	0.0001	74.6000	
0.1317	42.4250	0.0001	74.6250	
0.1318	43.0000	0.0001	74.5250	
0.1317	42.8000	0.0001	74.5750	
0.1317	42.0750	0.0001	74.6000	
0.1316	42.9250	0.0001	74.6000	
0.1318	43.3250	0.0001	74.5750	
0.1318	42.2500	0.0001	74.6000	
0.1317	42.5500	0.0001	74.5750	
0.1317	42.4250	0.0001	74.6250	
0.1317	42.0750	0.0001	74.6250	
0.1316	42.1000	0.0001	74.6000	
0.1317	42.0750	0.0001	74.6250	
0.1317	42.2250	0.0001	74.6500	
0.1317	42.9000	0.0001	74.5750	
0.1317	42.6750	0.0001	74.6750	
0.1316	42.2250	0.0001	74.5000	
0.1317	42.1000	0.0001	74.5500	
0.1317	42.3000	0.0001	74.5750	
0.1317	42.0000	0.0001	74.5750	
0.1317	42.3250	0.0001	74.6250	
0.1317	42.8000	0.0001	74.5750	
0.1317	42.8250	0.0001	74.7000	
0.1318	41.8750	0.0001	74.6500	
0.1317	42.5250	0.0001	74.6500	
0.1317	42.9000	0.0001	74.6250	
0.1317	42.3250	0.0001	74.6500	
0.1318	42.5250	0.0001	74.6500	
0.1316	42.7750	0.0001	74.6250	
0.1317	42.5000	0.0001	74.6250	
0.1316	42.2000	0.0001	74.6250	
0.1316	42.4500	0.0001	74.6500	
0.1316	42.1750	0.0001	74.6500	
0.1316	42.8500	0.0001	74.6500	
0.1316	42.7750	0.0001	74.6000	
0.1317	42.0500	0.0001	74.5750	
0.1316	41.9000	0.0001	74.7250	
0.1316	42.8250	0.0001	74.6500	
0.1316	43.4250	0.0001	74.6000	
0.1316	42.6250	0.0001	74.6750	
0.1316	42.7000	0.0001	74.5500	
0.1316	42.5750	0.0001	74.6500	
0.1316	42.5250	0.0001	74.6000	
0.1316	41.9750	0.0001	74.6000	
0.1316	42.4750	0.0001	74.6500	
0.1316	42.6500	0.0001	74.6000	
0.1316	42.6250	0.0001	74.6500	
0.1316	42.6500	0.0001	74.6500	
0.1316	42.7000	0.0001	74.6250	
0.1315	42.7000	0.0001	74.6250	
0.1316	42.4250	0.0001	74.6500	
0.1316	42.4500	0.0001	74.6250	
0.1316	42.4500	0.0001	74.6250	
0.1316	42.7750	0.0001	74.6250	
0.1316	42.7250	0.0001	74.5500	
0.1316	42.8500	0.0001	74.5750	
0.1315	42.7250	0.0001	74.5750	
0.1316	42.8500	0.0001	74.6500	
0.1315	42.6750	0.0001	74.6000	
0.1316	42.6000	0.0001	74.6250	
0.1315	42.6000	0.0001	74.5750	
0.1316	42.3250	0.0001	74.6000	
0.1316	43.0750	0.0001	74.6000	
0.1316	42.6250	0.0001	74.6250	
0.1316	42.7500	0.0001	74.6500	
0.1316	42.8250	0.0001	74.6500	
0.1315	42.2500	0.0001	74.6500	
0.1316	42.0500	0.0001	74.6250	
0.1315	43.0000	0.0001	74.6750	
0.1316	42.7250	0.0001	74.6750	
0.1316	43.1000	0.0001	74.6250	
0.1316	43.1250	0.0001	74.5750	
0.1315	42.9500	0.0001	74.6000	
0.1316	42.6000	0.0001	74.6500	
0.1315	42.6750	0.0001	74.6500	
0.1315	42.9500	0.0001	74.6500	
0.1315	42.7250	0.0001	74.6250	
0.1316	42.8250	0.0001	74.7000	
0.1315	43.1000	0.0001	74.6000	
0.1317	42.4000	0.0001	74.6250	
0.1317	41.9750	0.0001	74.5750	
0.1315	42.4500	0.0001	74.6250	
0.1316	43.0500	0.0001	74.6500	
0.1316	42.8250	0.0001	74.6000	
0.1316	42.8750	0.0001	74.6250	
0.1315	42.9000	0.0001	74.6250	
0.1315	42.9500	0.0001	74.7000	
0.1315	42.9500	0.0001	74.6000	
0.1315	42.7750	0.0001	74.6000	
0.1315	43.1000	0.0001	74.5500	
0.1316	42.5750	0.0001	74.6500	
0.1315	42.9000	0.0001	74.7000	
0.1315	43.5250	0.0001	74.6000	
0.1315	43.6250	0.0001	74.6000	
0.1315	43.1000	0.0001	74.6250	
0.1315	42.8000	0.0001	74.6250	
0.1315	42.2250	0.0001	74.6250	
0.1315	42.7750	0.0001	74.6250	
0.1315	43.4000	0.0001	74.6250	
0.1315	43.2000	0.0001	74.6000	
0.1314	43.5000	0.0001	74.6000	
0.1315	43.8000	0.0001	74.6750	
0.1315	42.9250	0.0001	74.6250	
0.1315	42.6750	0.0001	74.6250	
0.1315	42.3250	0.0001	74.6250	
0.1315	42.7250	0.0001	74.6250	
0.1315	44.0000	0.0001	74.6000	
0.1315	43.6500	0.0001	74.5250	
0.1315	42.7500	0.0001	74.6250	
0.1315	42.5500	0.0001	74.6750	
0.1314	42.9000	0.0001	74.6500	
0.1315	42.7000	0.0001	74.6500	
0.1314	43.4000	0.0001	74.6250	
0.1315	43.7500	0.0001	74.6250	
0.1316	43.8500	0.0001	74.6000	
0.1315	43.2000	0.0001	74.6500	
0.1314	42.7750	0.0001	74.6000	
0.1314	42.8750	0.0001	74.6500	
0.1314	43.4500	0.0001	74.5500	
0.1314	42.4750	0.0001	74.6500	
0.1315	42.8250	0.0001	74.6000	
0.1315	43.8250	0.0001	74.6500	
0.1314	43.8000	0.0001	74.6000	
0.1314	43.6250	0.0001	74.5750	
0.1314	42.7000	0.0001	74.6500	
0.1314	42.6750	0.0001	74.6500	
0.1314	42.8250	0.0001	74.6500	
0.1315	43.7000	0.0001	74.6000	
0.1314	43.9250	0.0001	74.6750	
0.1314	43.5000	0.0001	74.6750	
0.1314	42.8750	0.0001	74.5500	
0.1314	42.5000	0.0001	74.6000	
0.1315	43.5750	0.0001	74.7000	
0.1314	43.8500	0.0001	74.6250	
0.1314	43.3750	0.0001	74.6500	
0.1314	43.9500	0.0001	74.7000	
0.1314	43.0500	0.0001	74.6750	
0.1314	42.9250	0.0001	74.5500	
0.1314	43.1000	0.0001	74.6250	
0.1314	43.4250	0.0001	74.6250	
0.1314	43.3750	0.0001	74.7250	
0.1314	43.1250	0.0001	74.6500	
0.1314	43.3500	0.0001	74.6500	
0.1314	43.4000	0.0001	74.6500	
0.1314	43.7000	0.0001	74.6750	
0.1314	43.6000	0.0001	74.5750	
0.1314	43.5750	0.0001	74.6500	
0.1314	43.0250	0.0001	74.6250	
0.1316	43.2750	0.0001	74.6750	
0.1314	43.7500	0.0001	74.6250	
0.1314	43.7250	0.0001	74.7000	
0.1314	42.8500	0.0001	74.6500	
0.1314	43.1250	0.0001	74.6500	
0.1314	43.6750	0.0001	74.6500	
0.1314	43.5000	0.0001	74.6500	
0.1314	43.1500	0.0001	74.6250	
0.1314	43.0000	0.0001	74.6000	
0.1314	43.4000	0.0001	74.6750	
0.1313	43.8000	0.0001	74.6750	
0.1314	43.9000	0.0001	74.6250	
0.1313	43.7250	0.0001	74.6500	
0.1313	42.7000	0.0001	74.6000	
0.1315	42.5750	0.0001	74.6250	
0.1314	43.6000	0.0001	74.6250	
0.1314	44.0000	0.0001	74.6250	
0.1313	43.8000	0.0001	74.6500	
0.1313	43.6500	0.0001	74.6500	
0.1314	43.5250	0.0001	74.6250	
0.1314	43.7250	0.0001	74.6000	
0.1313	43.4000	0.0001	74.6750	
0.1313	43.3250	0.0001	74.6500	
0.1314	43.4500	0.0001	74.6000	
0.1314	43.4750	0.0001	74.6500	
0.1314	43.6000	0.0001	74.6750	
0.1313	43.7000	0.0001	74.6750	
0.1313	43.8000	0.0001	74.6500	
0.1314	43.4500	0.0001	74.6750	
0.1313	42.8750	0.0001	74.6500	
0.1313	43.0500	0.0001	74.6250	
0.1314	43.7000	0.0001	74.6250	
0.1313	44.4250	0.0001	74.6250	
0.1314	44.5250	0.0001	74.6500	
0.1314	44.1000	0.0001	74.6000	
0.1314	43.6000	0.0001	74.6500	
0.1314	43.2000	0.0001	74.6750	
0.1313	43.6250	0.0001	74.6250	
0.1313	44.0500	0.0001	74.6750	
0.1313	43.9000	0.0001	74.6500	
0.1313	43.9000	0.0001	74.6500	
0.1313	44.0750	0.0001	74.7250	
0.1313	43.7250	0.0001	74.7250	
0.1313	43.6250	0.0001	74.6000	
0.1313	43.6250	0.0001	74.6500	
0.1313	43.3750	0.0001	74.5750	
0.1313	43.5000	0.0001	74.6250	
0.1313	43.5750	0.0001	74.7000	
0.1313	44.0750	0.0001	74.6500	
0.1313	43.6000	0.0001	74.7000	
0.1313	43.5500	0.0001	74.6500	
0.1313	43.5750	0.0001	74.6250	
0.1313	43.9750	0.0001	74.6000	
0.1313	43.8500	0.0001	74.6250	
0.1313	43.9250	0.0001	74.7000	
0.1313	43.7000	0.0001	74.6000	
0.1313	43.9000	0.0001	74.6250	
0.1313	43.8500	0.0001	74.6500	
0.1313	42.9750	0.0001	74.7000	
0.1313	43.6250	0.0001	74.6250	
0.1313	43.8750	0.0001	74.6750	
0.1312	44.1000	0.0001	74.6000	
0.1313	44.0000	0.0001	74.6000	
0.1313	43.6250	0.0001	74.7000	
0.1313	43.4750	0.0001	74.7250	
0.1313	44.0000	0.0001	74.7250	
0.1313	44.0000	0.0001	74.6250	
0.1313	43.8000	0.0001	74.6500	
0.1312	43.4250	0.0001	74.6500	
0.1313	43.4000	0.0001	74.6250	
0.1313	43.7500	0.0001	74.6500	
