Loss_Adversary	Accuracy_Adversary	Loss_Target	Accuracy_Target	
-0.1545	0.4037	0.4270	50.0000	50.0000	
-0.1545	0.3993	0.4167	50.0000	50.0000	
-0.1543	0.3949	0.4070	50.0000	50.0000	
-0.1543	0.3907	0.3975	50.0000	50.0000	
-0.1540	0.3865	0.3886	50.0000	50.0000	
-0.1539	0.3825	0.3796	50.0000	50.0000	
-0.1537	0.3786	0.3710	50.0000	50.0000	
-0.1536	0.3747	0.3624	50.0000	50.0000	
-0.1549	0.3709	0.3492	50.0000	50.0000	
-0.1566	0.3673	0.3349	50.0000	50.0000	
-0.1580	0.3637	0.3219	50.0000	50.0000	
-0.1587	0.3602	0.3112	50.0000	50.0000	
-0.1588	0.3568	0.3031	50.0000	50.0000	
-0.1581	0.3534	0.2978	50.0000	50.0000	
-0.1567	0.3502	0.2947	50.0000	50.0000	
-0.1550	0.3470	0.2931	50.0000	50.0000	
-0.1531	0.3439	0.2920	50.0000	59.4250	
-0.1514	0.3409	0.2908	50.0000	80.8000	
-0.1494	0.3374	0.2891	50.0000	82.3750	
-0.1450	0.3301	0.2870	50.0000	81.3500	
-0.1393	0.3210	0.2846	50.0000	79.7250	
-0.1334	0.3113	0.2816	50.0000	76.3250	
-0.1275	0.3008	0.2769	50.0000	72.2000	
-0.1225	0.2908	0.2704	50.0000	68.4000	
-0.1186	0.2815	0.2615	50.0000	62.9000	
-0.1163	0.2735	0.2507	50.0000	57.8750	
-0.1160	0.2673	0.2373	50.0000	56.1500	
-0.1173	0.2628	0.2221	50.0000	54.4500	
-0.1201	0.2601	0.2064	50.0000	53.7250	
-0.1237	0.2585	0.1908	50.0000	52.7500	
-0.1270	0.2575	0.1777	50.0000	52.0000	
-0.1292	0.2567	0.1685	49.9250	51.1250	
-0.1298	0.2558	0.1641	29.1250	50.7000	
-0.1298	0.2549	0.1619	26.2500	50.8000	
-0.1297	0.2539	0.1599	25.9500	50.6500	
-0.1297	0.2530	0.1580	26.9000	50.6500	
-0.1298	0.2521	0.1555	31.2750	50.6250	
-0.1302	0.2514	0.1528	46.4750	50.5750	
-0.1308	0.2508	0.1491	52.3000	50.5500	
-0.1319	0.2502	0.1440	54.2250	50.5500	
-0.1331	0.2497	0.1390	54.0500	50.5500	
-0.1345	0.2488	0.1321	55.9750	50.5250	
-0.1360	0.2478	0.1249	58.7750	50.6250	
-0.1373	0.2473	0.1194	57.5750	55.6000	
-0.1381	0.2457	0.1131	61.4750	57.5500	
-0.1391	0.2444	0.1068	64.1000	60.0750	
-0.1398	0.2422	0.0991	68.5000	62.2750	
-0.1396	0.2397	0.0940	71.4250	63.1500	
-0.1385	0.2361	0.0894	71.5500	63.6250	
-0.1372	0.2333	0.0870	71.4750	62.8750	
-0.1363	0.2317	0.0863	71.9750	63.0750	
-0.1355	0.2299	0.0849	71.4250	59.3750	
-0.1349	0.2284	0.0832	70.9750	61.9000	
-0.1349	0.2269	0.0798	70.5250	64.0500	
-0.1351	0.2256	0.0762	69.5250	65.9000	
-0.1354	0.2238	0.0709	70.3000	70.1500	
-0.1350	0.2219	0.0680	71.8250	73.6000	
-0.1347	0.2225	0.0702	73.0750	76.2250	
-0.1344	0.2206	0.0668	73.7500	73.3750	
-0.1344	0.2190	0.0630	74.2750	69.9250	
-0.1346	0.2211	0.0672	74.3500	67.5500	
-0.1345	0.2213	0.0682	74.4250	65.1750	
-0.1342	0.2198	0.0657	73.8750	66.0500	
-0.1341	0.2198	0.0659	72.9750	69.8750	
-0.1346	0.2209	0.0668	71.9500	74.0500	
-0.1348	0.2211	0.0667	71.6000	77.8500	
-0.1344	0.2200	0.0653	71.9750	79.2750	
-0.1342	0.2189	0.0636	72.7250	78.4250	
-0.1344	0.2195	0.0642	74.2750	74.8750	
-0.1349	0.2190	0.0611	74.7750	70.8250	
-0.1354	0.2192	0.0600	75.1000	68.3500	
-0.1354	0.2207	0.0636	74.7000	68.6750	
-0.1356	0.2213	0.0643	74.7250	72.2750	
-0.1361	0.2199	0.0594	74.7000	77.7250	
-0.1360	0.2183	0.0560	74.9250	80.9000	
-0.1358	0.2199	0.0607	74.8750	80.8750	
-0.1356	0.2192	0.0593	74.9250	78.5750	
-0.1357	0.2186	0.0580	74.7000	75.9500	
-0.1357	0.2190	0.0586	74.7500	74.3250	
-0.1357	0.2182	0.0570	74.7000	72.9500	
-0.1357	0.2188	0.0583	74.7000	73.5000	
-0.1355	0.2190	0.0596	74.6000	74.9000	
-0.1354	0.2188	0.0591	74.6500	76.4750	
-0.1354	0.2166	0.0541	74.9500	77.2000	
-0.1356	0.2185	0.0577	74.6250	77.6250	
-0.1353	0.2187	0.0594	75.0000	77.1000	
-0.1354	0.2183	0.0580	74.6500	76.2000	
-0.1352	0.2186	0.0593	74.2500	75.6000	
-0.1352	0.2193	0.0612	74.1750	75.4750	
-0.1351	0.2185	0.0595	74.2250	75.1500	
-0.1352	0.2190	0.0602	73.9500	75.4750	
-0.1353	0.2185	0.0590	74.4250	75.6250	
-0.1353	0.2189	0.0598	74.7250	76.0000	
-0.1354	0.2190	0.0599	74.4250	76.0750	
-0.1353	0.2187	0.0593	74.5750	76.2000	
-0.1353	0.2191	0.0603	74.1000	76.2000	
-0.1352	0.2194	0.0613	73.8250	75.6250	
-0.1352	0.2195	0.0617	74.2000	75.5500	
-0.1350	0.2213	0.0663	73.5750	76.0000	
-0.1351	0.2197	0.0623	73.0500	75.4750	
-0.1348	0.2205	0.0653	73.1500	75.9000	
-0.1348	0.2211	0.0664	72.6000	75.5250	
-0.1350	0.2205	0.0645	73.0250	75.6500	
-0.1351	0.2213	0.0661	73.5750	75.5250	
-0.1352	0.2204	0.0637	73.6250	75.4250	
-0.1350	0.2219	0.0680	72.8250	76.0250	
-0.1351	0.2209	0.0652	73.4250	75.6750	
-0.1351	0.2216	0.0667	73.2750	75.7000	
-0.1350	0.2222	0.0685	73.2250	75.2750	
-0.1349	0.2231	0.0710	72.1750	75.3250	
-0.1347	0.2221	0.0694	72.5250	75.1750	
-0.1347	0.2217	0.0683	72.1750	75.0500	
-0.1348	0.2230	0.0712	71.8000	75.5000	
-0.1347	0.2226	0.0702	72.0000	75.6250	
-0.1348	0.2218	0.0684	72.3000	75.2750	
-0.1349	0.2235	0.0719	71.7500	75.0750	
-0.1349	0.2223	0.0691	72.1250	75.2500	
-0.1349	0.2235	0.0717	72.2750	75.4250	
-0.1346	0.2219	0.0689	72.3750	75.0500	
-0.1349	0.2233	0.0712	70.3250	75.4000	
-0.1346	0.2240	0.0741	70.4750	75.1250	
-0.1347	0.2239	0.0736	71.5250	75.0750	
-0.1343	0.2228	0.0722	71.1000	75.1500	
-0.1345	0.2238	0.0737	70.2750	75.5500	
-0.1345	0.2241	0.0746	70.0500	75.3750	
-0.1344	0.2242	0.0750	70.6500	75.1000	
-0.1344	0.2239	0.0745	70.4500	75.2250	
-0.1346	0.2234	0.0727	71.2500	74.8000	
-0.1348	0.2254	0.0765	71.1750	74.7250	
-0.1345	0.2252	0.0772	70.6000	75.1000	
-0.1348	0.2253	0.0764	69.7500	74.7500	
-0.1346	0.2233	0.0722	71.6000	74.9500	
-0.1345	0.2235	0.0732	70.4000	75.0000	
-0.1345	0.2256	0.0783	70.4250	74.7000	
-0.1344	0.2262	0.0797	70.3000	74.8000	
-0.1342	0.2251	0.0777	69.5750	74.9000	
-0.1342	0.2253	0.0784	68.6500	75.1250	
-0.1341	0.2254	0.0787	68.5000	75.6750	
-0.1345	0.2274	0.0823	67.0500	75.2250	
-0.1345	0.2243	0.0749	70.9750	75.1000	
-0.1346	0.2264	0.0794	70.0000	75.1000	
-0.1345	0.2268	0.0808	69.0250	74.8750	
-0.1344	0.2267	0.0808	70.1000	74.9500	
-0.1344	0.2265	0.0806	69.8500	74.9250	
-0.1345	0.2272	0.0817	69.5250	75.0000	
-0.1345	0.2263	0.0798	70.1000	74.8250	
-0.1345	0.2265	0.0804	68.6250	74.9750	
-0.1345	0.2265	0.0801	70.3500	75.2500	
-0.1346	0.2270	0.0809	69.4750	74.9500	
-0.1345	0.2274	0.0823	68.7750	74.9750	
-0.1345	0.2276	0.0828	69.4000	74.5500	
-0.1345	0.2279	0.0833	68.6000	74.7250	
-0.1346	0.2275	0.0822	68.2500	74.4500	
-0.1344	0.2272	0.0822	69.0250	74.2500	
-0.1346	0.2284	0.0843	68.0500	74.2250	
-0.1346	0.2293	0.0863	67.1000	74.2000	
-0.1345	0.2286	0.0852	68.1000	73.9500	
-0.1346	0.2285	0.0846	67.6500	73.9500	
-0.1346	0.2285	0.0846	67.6000	74.0000	
-0.1343	0.2296	0.0882	66.3500	73.3750	
-0.1343	0.2302	0.0895	65.3750	73.5000	
-0.1346	0.2303	0.0885	65.4250	73.6500	
-0.1345	0.2302	0.0886	65.4750	73.3750	
-0.1350	0.2301	0.0870	65.2500	72.8000	
-0.1349	0.2299	0.0869	66.3750	72.5750	
-0.1352	0.2321	0.0911	64.3250	72.0750	
-0.1352	0.2318	0.0902	64.0250	71.7750	
-0.1351	0.2327	0.0924	63.4000	71.3000	
-0.1355	0.2329	0.0917	62.9750	71.0500	
-0.1357	0.2340	0.0936	61.6500	70.4750	
-0.1362	0.2344	0.0929	62.4000	70.4000	
-0.1366	0.2368	0.0971	60.4750	69.3000	
-0.1375	0.2385	0.0982	60.3250	68.3000	
-0.1392	0.2427	0.1021	59.8750	68.0000	
-0.1514	0.2710	0.1277	63.2250	66.9500	
-0.3240	0.5948	0.3078	58.6000	64.8500	
-0.9011	1.6123	0.7581	50.0000	50.0000	
-1.1870	2.0796	0.8956	50.0000	50.3750	
-0.5570	1.0541	0.6027	50.0000	73.2250	
-0.1240	0.3710	0.4523	50.0000	50.3500	
-0.0569	0.2503	0.3942	50.0000	50.0000	
-0.0813	0.2689	0.3562	50.0000	50.0000	
-0.0916	0.2709	0.3268	50.0000	50.0000	
-0.0905	0.2587	0.3019	50.0000	50.0750	
-0.0921	0.2524	0.2820	50.0000	58.9500	
-0.0968	0.2525	0.2666	50.0000	68.3500	
-0.1056	0.2569	0.2474	50.0000	73.6750	
-0.1175	0.2666	0.2301	49.9750	75.7750	
-0.1221	0.2771	0.2398	49.9000	80.1000	
-0.1254	0.2803	0.2359	50.3250	79.4500	
-0.1309	0.2801	0.2173	50.2750	77.2500	
-0.1356	0.2832	0.2089	50.2000	76.4000	
-0.1409	0.2891	0.2047	50.3500	76.5000	
-0.1464	0.2952	0.2009	50.5500	76.8000	
-0.1514	0.2998	0.1948	50.4000	76.9500	
-0.1561	0.3036	0.1879	50.2000	77.1250	
-0.1604	0.3073	0.1825	50.2250	77.4750	
-0.1644	0.3111	0.1781	50.0750	78.1750	
-0.1685	0.3153	0.1740	49.6250	78.9000	
-0.1726	0.3195	0.1699	49.2000	79.8250	
-0.1769	0.3240	0.1661	48.6500	80.7750	
-0.1811	0.3284	0.1624	48.2500	81.7000	
-0.1854	0.3332	0.1594	47.5000	82.9500	
-0.1897	0.3381	0.1567	46.7000	84.3000	
-0.1939	0.3431	0.1541	45.6750	85.1750	
-0.1982	0.3482	0.1519	44.1500	85.9750	
-0.2024	0.3534	0.1501	42.6500	87.0750	
-0.2065	0.3587	0.1487	40.9250	88.0250	
-0.2103	0.3636	0.1472	39.2500	89.2000	
-0.2138	0.3680	0.1459	38.1000	89.9250	
-0.2170	0.3720	0.1449	36.7000	90.8750	
-0.2196	0.3756	0.1445	34.7750	92.1250	
-0.2218	0.3787	0.1442	32.6750	93.0250	
-0.2236	0.3810	0.1438	30.4750	93.6250	
-0.2245	0.3822	0.1434	28.8000	93.9750	
-0.2247	0.3824	0.1432	28.0250	94.5250	
-0.2245	0.3819	0.1427	27.5500	94.9250	
-0.2235	0.3801	0.1420	27.1250	95.2250	
-0.2219	0.3774	0.1410	26.6750	95.3250	
-0.2198	0.3741	0.1402	26.7250	95.3750	
-0.2173	0.3701	0.1394	26.7250	95.4500	
-0.2141	0.3652	0.1384	26.9500	95.7250	
-0.2102	0.3591	0.1372	27.3750	95.9250	
-0.2056	0.3519	0.1358	28.6000	96.0750	
-0.2009	0.3445	0.1342	29.9250	96.2000	
-0.1962	0.3370	0.1324	30.7750	96.4000	
-0.1917	0.3298	0.1304	30.1250	96.5750	
-0.1875	0.3229	0.1284	28.3500	96.6750	
-0.1835	0.3164	0.1267	27.4250	96.8750	
-0.1793	0.3097	0.1250	26.7500	96.9250	
-0.1748	0.3026	0.1234	26.6000	96.9500	
-0.1706	0.2960	0.1217	26.6000	96.9000	
-0.1678	0.2912	0.1201	26.8500	96.9000	
-0.1651	0.2868	0.1188	27.6000	96.8500	
-0.1627	0.2828	0.1176	28.2000	96.8750	
-0.1605	0.2792	0.1166	28.9250	96.8250	
-0.1584	0.2758	0.1156	29.7250	96.6750	
-0.1565	0.2727	0.1148	30.4750	96.6750	
-0.1546	0.2697	0.1141	31.3250	96.6250	
-0.1529	0.2670	0.1134	32.2250	96.4750	
-0.1512	0.2644	0.1127	33.1000	96.4750	
-0.1497	0.2619	0.1123	34.4250	96.4750	
-0.1481	0.2595	0.1119	35.3750	96.4250	
-0.1466	0.2572	0.1115	36.9250	96.1750	
-0.1451	0.2549	0.1112	38.6000	96.0000	
-0.1436	0.2528	0.1110	40.2250	95.9750	
-0.1422	0.2507	0.1109	42.4750	95.9000	
-0.1409	0.2488	0.1109	44.3750	95.4500	
-0.1395	0.2468	0.1108	46.3500	95.1500	
-0.1382	0.2450	0.1108	47.9000	94.9500	
-0.1370	0.2433	0.1110	48.9750	94.7250	
-0.1358	0.2416	0.1112	50.1000	94.4250	
-0.1346	0.2401	0.1114	51.3500	94.0750	
-0.1335	0.2386	0.1117	51.9500	93.6000	
-0.1325	0.2373	0.1121	52.3250	93.2500	
-0.1315	0.2360	0.1124	52.6250	92.8750	
-0.1306	0.2349	0.1129	53.0750	92.4750	
-0.1297	0.2339	0.1134	53.4000	91.9750	
-0.1289	0.2329	0.1138	54.4000	91.1750	
-0.1281	0.2320	0.1143	55.3500	90.7000	
-0.1273	0.2311	0.1148	55.3000	90.3500	
-0.1266	0.2303	0.1152	55.2250	89.8000	
-0.1260	0.2296	0.1157	55.9750	89.4000	
-0.1254	0.2290	0.1164	55.8250	89.1250	
-0.1248	0.2284	0.1169	56.1750	88.8500	
-0.1243	0.2279	0.1175	56.6750	88.5750	
-0.1238	0.2275	0.1182	57.0750	88.5250	
-0.1234	0.2272	0.1189	57.0500	88.3750	
-0.1230	0.2269	0.1195	56.7000	88.2000	
-0.1226	0.2267	0.1203	56.9000	88.0000	
-0.1223	0.2266	0.1211	56.7750	87.7750	
-0.1220	0.2266	0.1220	57.7250	87.6500	
-0.1218	0.2267	0.1229	57.9000	87.5750	
-0.1216	0.2268	0.1239	57.3750	87.4250	
-0.1215	0.2271	0.1247	57.5000	87.2500	
-0.1214	0.2273	0.1257	57.2500	87.1250	
-0.1214	0.2278	0.1267	55.8250	87.1000	
-0.1215	0.2283	0.1278	56.4750	86.7500	
-0.1216	0.2290	0.1289	56.8500	86.4000	
-0.1217	0.2297	0.1302	56.7750	86.0000	
-0.1219	0.2306	0.1316	56.2000	85.3750	
-0.1222	0.2316	0.1331	55.4500	84.7750	
-0.1225	0.2329	0.1351	54.9500	84.3250	
-0.1229	0.2343	0.1371	54.8500	83.9000	
-0.1234	0.2359	0.1391	55.6250	82.9250	
-0.1239	0.2376	0.1412	55.8250	82.3000	
-0.1247	0.2394	0.1430	55.4000	81.8250	
-0.1255	0.2411	0.1441	55.4000	80.8750	
-0.1263	0.2424	0.1446	55.9250	80.3000	
-0.1271	0.2431	0.1437	56.8250	79.8000	
-0.1280	0.2433	0.1413	58.2500	79.0250	
-0.1290	0.2432	0.1374	60.1000	78.5500	
-0.1303	0.2429	0.1325	62.8500	77.6500	
-0.1316	0.2422	0.1264	64.9750	76.7000	
-0.1330	0.2412	0.1193	66.1000	76.0250	
-0.1347	0.2399	0.1106	67.1000	75.5000	
-0.1371	0.2387	0.1000	67.2000	75.3250	
-0.1396	0.2376	0.0889	67.5250	74.9500	
-0.1422	0.2365	0.0777	66.7500	75.0750	
-0.1446	0.2356	0.0678	65.7250	75.4500	
-0.1465	0.2349	0.0596	65.9250	76.2750	
-0.1480	0.2343	0.0536	65.5250	76.9250	
-0.1491	0.2339	0.0490	65.9250	78.0750	
-0.1499	0.2337	0.0455	66.2250	78.6250	
-0.1506	0.2334	0.0426	66.9000	78.9750	
-0.1512	0.2333	0.0405	67.4500	79.2000	
-0.1516	0.2332	0.0386	68.0000	79.3000	
-0.1521	0.2330	0.0369	68.8750	79.1000	
-0.1524	0.2330	0.0355	69.4000	79.0000	
-0.1527	0.2330	0.0344	69.8250	78.9500	
-0.1530	0.2329	0.0334	70.4250	78.5750	
-0.1533	0.2329	0.0325	70.5250	78.3250	
-0.1535	0.2329	0.0316	70.8750	78.1250	
-0.1538	0.2329	0.0308	71.1500	77.8750	
-0.1540	0.2330	0.0302	71.2000	77.4750	
-0.1543	0.2330	0.0294	71.5750	77.3250	
-0.1545	0.2331	0.0289	71.6000	77.1250	
-0.1547	0.2331	0.0284	71.7500	76.9000	
-0.1548	0.2332	0.0280	71.6500	76.6500	
-0.1550	0.2333	0.0275	71.5750	76.2000	
-0.1552	0.2333	0.0271	71.8250	75.7500	
-0.1554	0.2336	0.0269	71.5750	75.4250	
-0.1557	0.2337	0.0264	71.9000	75.1250	
-0.1560	0.2340	0.0260	71.6750	74.9750	
-0.1564	0.2343	0.0254	71.5250	74.8250	
-0.1568	0.2346	0.0248	71.5750	74.7250	
-0.1572	0.2350	0.0244	71.4000	74.7500	
-0.1576	0.2354	0.0239	71.0000	74.6500	
-0.1581	0.2359	0.0235	70.9250	74.6250	
-0.1584	0.2362	0.0231	70.8000	74.5250	
-0.1588	0.2367	0.0230	70.3500	74.5000	
-0.1592	0.2371	0.0226	70.5250	74.3500	
-0.1595	0.2375	0.0225	70.2500	74.3750	
-0.1598	0.2379	0.0224	69.9750	74.1250	
-0.1603	0.2385	0.0222	69.6250	74.1500	
-0.1609	0.2395	0.0226	68.5750	73.6750	
-0.1616	0.2409	0.0234	67.6500	72.8250	
-0.1624	0.2422	0.0238	67.6250	71.6500	
-0.1631	0.2434	0.0243	68.6000	70.5250	
-0.1636	0.2446	0.0253	69.4000	69.6750	
-0.1639	0.2454	0.0262	70.5500	68.6750	
-0.1638	0.2452	0.0259	71.8000	68.2750	
-0.1637	0.2444	0.0247	73.0750	68.2750	
-0.1637	0.2436	0.0228	73.8500	68.7750	
-0.1638	0.2431	0.0211	74.2250	69.8250	
-0.1641	0.2429	0.0199	74.4750	70.5000	
-0.1643	0.2428	0.0189	74.5250	71.4500	
-0.1645	0.2426	0.0176	74.4000	72.6500	
-0.1647	0.2425	0.0167	74.3500	73.8500	
-0.1649	0.2425	0.0161	74.2750	74.3250	
-0.1651	0.2425	0.0156	74.1750	74.7750	
-0.1652	0.2425	0.0151	74.2250	74.8750	
-0.1653	0.2424	0.0146	74.3500	75.0000	
-0.1655	0.2424	0.0140	74.3750	75.1000	
-0.1656	0.2424	0.0136	74.4250	75.0000	
-0.1657	0.2424	0.0131	74.5750	74.9000	
-0.1658	0.2423	0.0127	74.6250	74.8750	
-0.1659	0.2423	0.0123	74.6250	74.8250	
-0.1660	0.2423	0.0120	74.7250	74.6500	
-0.1660	0.2422	0.0117	74.8000	74.7500	
-0.1661	0.2422	0.0114	74.8500	74.5250	
-0.1662	0.2421	0.0110	74.9000	74.6250	
-0.1662	0.2421	0.0108	75.0500	74.8000	
-0.1663	0.2421	0.0105	75.2750	74.7250	
-0.1663	0.2420	0.0102	75.1000	74.8500	
-0.1664	0.2420	0.0099	75.1500	74.9750	
-0.1664	0.2419	0.0097	75.1750	74.9000	
-0.1665	0.2419	0.0095	75.1000	74.7250	
-0.1665	0.2419	0.0092	75.1750	74.7750	
-0.1666	0.2418	0.0090	74.7500	74.8500	
-0.1666	0.2418	0.0088	74.8500	75.0250	
-0.1667	0.2417	0.0086	74.9750	74.7750	
-0.1667	0.2417	0.0083	74.9500	75.1500	
-0.1668	0.2417	0.0081	74.9500	74.7750	
-0.1668	0.2417	0.0079	75.0750	74.8500	
-0.1668	0.2416	0.0077	75.0750	74.9500	
-0.1669	0.2416	0.0075	75.0000	74.8500	
-0.1669	0.2416	0.0073	75.2000	74.7750	
-0.1669	0.2416	0.0072	75.2750	74.7750	
-0.1670	0.2415	0.0070	75.2500	74.7750	
-0.1670	0.2415	0.0068	75.2750	74.7000	
-0.1671	0.2415	0.0066	75.2750	74.6750	
-0.1671	0.2415	0.0065	75.2000	74.6500	
-0.1671	0.2415	0.0063	75.1750	74.5000	
-0.1671	0.2414	0.0062	75.2750	74.5250	
-0.1672	0.2414	0.0060	75.3000	74.5500	
-0.1672	0.2414	0.0059	75.2750	74.4750	
-0.1672	0.2414	0.0058	75.3500	74.3500	
-0.1672	0.2414	0.0057	75.2750	74.2000	
-0.1672	0.2413	0.0056	75.5000	74.2500	
-0.1673	0.2413	0.0055	75.5000	74.4000	
-0.1673	0.2413	0.0054	75.5000	74.2250	
-0.1673	0.2412	0.0053	75.5750	74.2750	
-0.1673	0.2412	0.0052	75.6250	74.1500	
-0.1673	0.2412	0.0051	75.4000	74.1500	
-0.1673	0.2412	0.0050	75.3750	74.1000	
-0.1673	0.2412	0.0050	75.5000	73.9500	
-0.1674	0.2412	0.0049	75.3000	74.0000	
-0.1674	0.2412	0.0048	75.2750	73.8250	
-0.1674	0.2412	0.0048	75.1750	73.9500	
-0.1674	0.2411	0.0047	75.1500	73.7250	
-0.1674	0.2411	0.0047	75.0750	73.7500	
-0.1674	0.2411	0.0046	75.1750	73.7000	
-0.1674	0.2411	0.0045	75.0750	73.6500	
-0.1675	0.2411	0.0045	75.1500	73.5500	
-0.1675	0.2411	0.0044	75.0750	73.5500	
-0.1675	0.2411	0.0043	74.9500	73.5000	
-0.1675	0.2411	0.0042	75.3250	73.5750	
-0.1676	0.2411	0.0040	75.5250	73.5250	
-0.1677	0.2411	0.0038	75.3500	73.5250	
-0.1677	0.2412	0.0038	75.3750	73.4250	
-0.1677	0.2412	0.0037	75.3500	73.5500	
-0.1677	0.2412	0.0037	75.5000	73.3750	
-0.1677	0.2412	0.0036	75.1750	73.6250	
-0.1678	0.2412	0.0036	75.1250	73.3000	
-0.1678	0.2412	0.0035	75.1500	73.5000	
-0.1678	0.2412	0.0035	75.0750	73.1500	
-0.1678	0.2412	0.0035	75.0750	73.3750	
-0.1678	0.2412	0.0035	75.1000	73.1750	
-0.1678	0.2412	0.0034	75.1500	73.2000	
-0.1678	0.2412	0.0034	75.2750	73.0750	
-0.1678	0.2412	0.0034	75.3250	73.0250	
-0.1679	0.2412	0.0033	75.3750	73.1500	
-0.1679	0.2412	0.0033	75.4250	72.8750	
-0.1679	0.2413	0.0033	75.4750	73.0250	
-0.1679	0.2412	0.0033	75.3750	72.9750	
-0.1679	0.2413	0.0034	75.3250	72.9250	
-0.1679	0.2413	0.0033	75.4250	72.8500	
-0.1679	0.2413	0.0032	75.4000	72.8250	
-0.1679	0.2413	0.0032	75.2750	72.8250	
-0.1679	0.2413	0.0032	75.3500	72.8500	
-0.1679	0.2413	0.0032	75.3250	72.8250	
-0.1680	0.2413	0.0032	75.4500	72.8000	
-0.1679	0.2413	0.0032	75.3000	72.8000	
-0.1680	0.2413	0.0032	75.3250	72.8000	
-0.1680	0.2413	0.0031	75.2750	72.8000	
-0.1680	0.2413	0.0031	75.2500	72.7750	
-0.1680	0.2413	0.0031	75.2500	72.7750	
-0.1680	0.2413	0.0031	75.2000	72.7000	
-0.1680	0.2413	0.0031	75.1750	72.7500	
-0.1680	0.2413	0.0031	75.1250	72.7500	
-0.1680	0.2413	0.0030	75.1750	72.6750	
-0.1680	0.2413	0.0031	75.1250	72.5750	
-0.1680	0.2413	0.0030	75.1750	72.6750	
-0.1680	0.2413	0.0030	75.1750	72.6000	
-0.1680	0.2413	0.0030	75.1250	72.6250	
-0.1680	0.2413	0.0030	75.1500	72.5750	
-0.1680	0.2413	0.0030	75.1750	72.6250	
-0.1680	0.2413	0.0030	75.1500	72.5500	
-0.1680	0.2413	0.0029	75.1250	72.5750	
-0.1680	0.2413	0.0029	75.1000	72.5750	
-0.1681	0.2413	0.0029	75.0250	72.5250	
-0.1681	0.2414	0.0030	75.0250	72.4750	
-0.1681	0.2413	0.0029	75.1000	72.5000	
-0.1681	0.2414	0.0029	75.0250	72.3750	
-0.1681	0.2414	0.0029	75.0750	72.4000	
-0.1681	0.2413	0.0029	75.1000	72.4500	
-0.1681	0.2414	0.0029	75.0750	72.4250	
-0.1681	0.2414	0.0029	75.0000	72.4000	
-0.1681	0.2414	0.0029	75.0250	72.4000	
-0.1681	0.2414	0.0029	75.1000	72.3250	
-0.1681	0.2414	0.0029	74.9750	72.3000	
-0.1681	0.2414	0.0029	75.0250	72.2250	
-0.1681	0.2414	0.0029	74.9500	72.2500	
-0.1681	0.2414	0.0029	74.9250	72.2750	
-0.1681	0.2414	0.0029	74.9750	72.2750	
-0.1681	0.2414	0.0030	74.9250	72.0250	
-0.1681	0.2414	0.0029	74.9000	72.1750	
-0.1681	0.2414	0.0029	74.9000	72.1750	
-0.1682	0.2415	0.0029	74.9000	72.0500	
-0.1682	0.2415	0.0028	74.9250	72.1000	
-0.1682	0.2415	0.0028	74.8750	72.0500	
-0.1682	0.2415	0.0028	74.9000	71.9750	
-0.1682	0.2415	0.0028	74.9000	72.0000	
-0.1682	0.2415	0.0028	74.8250	71.9500	
-0.1682	0.2415	0.0029	74.8750	71.9500	
-0.1682	0.2415	0.0029	74.8750	71.8500	
-0.1682	0.2415	0.0029	74.8500	71.8500	
-0.1682	0.2415	0.0029	74.8750	71.8750	
-0.1682	0.2415	0.0028	74.8750	71.7750	
-0.1682	0.2415	0.0028	74.9500	71.8750	
-0.1683	0.2416	0.0028	74.9750	71.8000	
-0.1683	0.2416	0.0028	74.9250	71.7250	
-0.1683	0.2416	0.0029	74.8250	71.6500	
-0.1683	0.2416	0.0028	74.8750	71.7250	
-0.1683	0.2416	0.0029	74.9250	71.6750	
-0.1683	0.2416	0.0029	74.9250	71.6000	
-0.1683	0.2416	0.0029	74.8250	71.5750	
-0.1683	0.2416	0.0028	74.9750	71.5750	
-0.1683	0.2417	0.0028	74.8250	71.5000	
-0.1683	0.2417	0.0028	74.8500	71.7000	
-0.1683	0.2417	0.0027	74.9750	71.4500	
-0.1683	0.2417	0.0028	74.9000	71.5500	
-0.1683	0.2417	0.0028	74.8500	71.5250	
-0.1684	0.2417	0.0028	74.9250	71.4250	
-0.1684	0.2417	0.0028	74.9250	71.4250	
-0.1684	0.2417	0.0027	74.8750	71.4750	
-0.1684	0.2417	0.0028	74.8750	71.3000	
-0.1684	0.2418	0.0028	74.8500	71.2000	
-0.1684	0.2418	0.0028	74.8500	71.4250	
-0.1684	0.2418	0.0027	74.8750	71.2750	
-0.1684	0.2418	0.0028	74.9000	71.3000	
-0.1684	0.2418	0.0027	74.8500	71.3000	
-0.1684	0.2418	0.0027	74.8250	71.3000	
-0.1685	0.2419	0.0028	74.7500	71.1250	
-0.1685	0.2418	0.0027	74.9000	71.3000	
-0.1685	0.2419	0.0028	74.8500	71.1000	
-0.1685	0.2419	0.0028	74.8500	71.1250	
-0.1685	0.2419	0.0027	74.9000	71.1000	
-0.1685	0.2419	0.0027	74.8000	71.1500	
-0.1685	0.2419	0.0027	74.8000	71.1250	
-0.1685	0.2419	0.0027	74.8250	71.1250	
-0.1685	0.2419	0.0027	74.8250	71.0750	
-0.1685	0.2419	0.0027	74.7750	71.1000	
-0.1685	0.2419	0.0027	74.7250	71.1500	
-0.1685	0.2419	0.0027	74.7250	71.0750	
-0.1686	0.2419	0.0027	74.8000	71.0750	
-0.1686	0.2419	0.0026	74.8500	71.0250	
-0.1686	0.2420	0.0027	74.7250	71.0500	
-0.1686	0.2420	0.0027	74.8250	71.1250	
-0.1686	0.2420	0.0027	74.7750	71.0500	
-0.1686	0.2420	0.0026	74.7750	70.9250	
-0.1686	0.2420	0.0027	74.7750	71.0250	
-0.1686	0.2420	0.0026	74.7250	70.9750	
-0.1686	0.2420	0.0026	74.7750	71.0750	
-0.1686	0.2420	0.0026	74.7500	71.0750	
-0.1686	0.2420	0.0026	74.7000	71.0250	
-0.1686	0.2420	0.0025	74.7500	71.0750	
-0.1687	0.2420	0.0026	74.6500	71.0250	
-0.1687	0.2420	0.0026	74.6000	71.0750	
-0.1686	0.2420	0.0026	74.6000	71.1500	
-0.1686	0.2420	0.0026	74.6250	71.1250	
-0.1686	0.2420	0.0027	74.6750	71.1250	
-0.1686	0.2421	0.0028	74.6250	71.0250	
-0.1686	0.2420	0.0026	74.7750	71.1250	
-0.1687	0.2421	0.0026	74.8000	71.0750	
-0.1687	0.2421	0.0026	74.7500	71.1500	
-0.1687	0.2421	0.0024	74.7750	71.0250	
-0.1687	0.2421	0.0025	74.8250	71.2250	
-0.1687	0.2421	0.0025	74.8750	71.1500	
-0.1687	0.2421	0.0025	74.8750	71.1250	
-0.1687	0.2421	0.0025	74.7750	71.1500	
-0.1687	0.2420	0.0024	74.8250	71.2750	
-0.1686	0.2419	0.0024	74.7500	71.3000	
-0.1685	0.2418	0.0024	74.7500	71.5000	
-0.1684	0.2416	0.0024	74.9750	71.4750	
-0.1683	0.2414	0.0024	74.9000	71.6000	
-0.1681	0.2412	0.0024	74.9500	71.6250	
-0.1680	0.2410	0.0024	75.0000	71.8500	
-0.1678	0.2407	0.0024	75.0250	71.9750	
-0.1676	0.2405	0.0025	74.8750	72.0250	
-0.1675	0.2403	0.0025	74.7750	72.2250	
-0.1673	0.2400	0.0024	74.6500	72.3000	
-0.1671	0.2398	0.0025	74.7750	72.4250	
-0.1669	0.2396	0.0026	74.6500	72.4500	
-0.1668	0.2393	0.0025	74.6000	72.7000	
-0.1666	0.2391	0.0026	74.3500	72.7750	
-0.1663	0.2388	0.0027	74.2500	72.9000	
-0.1661	0.2385	0.0028	74.0500	73.0750	
-0.1658	0.2381	0.0027	74.0500	73.2250	
-0.1656	0.2378	0.0028	73.9000	73.3500	
-0.1652	0.2372	0.0028	73.8500	73.5750	
-0.1648	0.2368	0.0030	73.3500	73.9000	
-0.1645	0.2362	0.0028	73.1750	74.7250	
-0.1641	0.2358	0.0031	72.7500	75.5500	
-0.1639	0.2356	0.0034	72.4750	76.6750	
-0.1637	0.2354	0.0037	71.8000	77.9000	
-0.1635	0.2353	0.0040	71.1250	79.1500	
-0.1633	0.2352	0.0044	70.6750	79.8000	
-0.1631	0.2351	0.0049	70.2500	80.3000	
-0.1628	0.2349	0.0054	68.9750	80.7250	
-0.1626	0.2346	0.0055	68.3000	81.1500	
-0.1623	0.2344	0.0058	67.8000	80.9250	
-0.1621	0.2341	0.0058	68.0750	80.4750	
-0.1619	0.2339	0.0059	67.7750	80.2500	
-0.1617	0.2335	0.0057	67.5500	79.9500	
-0.1615	0.2331	0.0056	67.8250	79.8250	
-0.1614	0.2330	0.0056	69.5000	79.4000	
-0.1611	0.2326	0.0057	69.2500	79.1750	
-0.1610	0.2324	0.0056	67.0500	78.9750	
-0.1607	0.2320	0.0056	67.3250	78.7500	
-0.1606	0.2318	0.0056	69.0500	78.6250	
-0.1605	0.2318	0.0060	68.8250	78.5750	
-0.1602	0.2313	0.0059	68.2500	78.5750	
-0.1600	0.2311	0.0060	69.4750	78.5000	
-0.1598	0.2310	0.0062	69.2750	78.2250	
-0.1597	0.2307	0.0061	68.6250	78.0500	
-0.1595	0.2305	0.0063	68.3250	77.9500	
-0.1593	0.2304	0.0065	69.7000	77.8750	
-0.1591	0.2302	0.0066	70.2500	78.0250	
-0.1589	0.2298	0.0065	69.2250	78.2250	
-0.1588	0.2299	0.0071	68.6500	78.2000	
-0.1587	0.2296	0.0068	69.7500	78.2750	
-0.1592	0.2300	0.0061	69.3000	77.7750	
-0.1599	0.2312	0.0065	67.2750	77.2750	
-0.1599	0.2314	0.0068	68.0250	77.1750	
-0.1599	0.2308	0.0057	70.1500	77.5000	
-0.1598	0.2308	0.0061	70.5750	77.8250	
-0.1597	0.2310	0.0066	70.3000	78.2000	
-0.1595	0.2306	0.0064	70.8250	78.5000	
-0.1594	0.2305	0.0065	70.1000	78.6500	
-0.1593	0.2304	0.0069	69.0750	78.4500	
-0.1590	0.2305	0.0079	69.2250	78.0250	
-0.1589	0.2301	0.0071	68.9750	77.3750	
-0.1590	0.2300	0.0068	69.4500	76.9750	
-0.1589	0.2299	0.0068	67.4250	76.5500	
-0.1587	0.2294	0.0063	68.4000	76.8500	
-0.1586	0.2296	0.0071	70.4250	77.1250	
-0.1584	0.2294	0.0072	69.7250	77.7250	
-0.1582	0.2292	0.0075	69.5500	78.1000	
-0.1582	0.2293	0.0079	66.8750	77.9750	
-0.1580	0.2290	0.0076	66.4750	77.6500	
-0.1579	0.2290	0.0078	65.2750	76.9500	
-0.1578	0.2288	0.0078	64.7500	75.8250	
-0.1576	0.2286	0.0079	65.1000	75.2500	
-0.1575	0.2283	0.0078	64.8000	74.9750	
-0.1574	0.2281	0.0076	63.5000	75.0250	
-0.1573	0.2279	0.0076	63.7750	75.7250	
-0.1570	0.2279	0.0085	63.7500	76.2000	
-0.1569	0.2279	0.0087	64.8750	76.5250	
-0.1569	0.2278	0.0086	61.1250	76.4000	
-0.1566	0.2274	0.0086	60.2500	76.2500	
-0.1565	0.2274	0.0090	61.6250	75.7000	
-0.1564	0.2274	0.0093	60.4000	75.1000	
-0.1562	0.2271	0.0090	58.1500	74.7750	
-0.1559	0.2272	0.0104	61.9250	74.5250	
-0.1558	0.2265	0.0092	61.4000	74.7500	
-0.1559	0.2267	0.0094	58.0250	75.4250	
-0.1556	0.2265	0.0100	60.8250	76.1000	
-0.1554	0.2264	0.0102	60.8500	76.1000	
-0.1553	0.2263	0.0102	58.5000	76.3500	
-0.1553	0.2262	0.0101	58.6250	76.0000	
-0.1550	0.2260	0.0107	59.2750	75.6000	
-0.1548	0.2259	0.0111	58.9500	75.3000	
-0.1546	0.2257	0.0113	58.7000	75.0250	
-0.1545	0.2253	0.0105	58.6250	74.8750	
-0.1546	0.2257	0.0113	59.7000	74.7000	
-0.1541	0.2251	0.0115	58.6000	74.8250	
-0.1541	0.2249	0.0111	58.1000	74.9000	
-0.1540	0.2249	0.0113	59.6500	74.8750	
-0.1538	0.2247	0.0118	59.4750	74.9000	
-0.1534	0.2246	0.0127	58.1500	75.0250	
-0.1534	0.2243	0.0119	59.5500	75.0250	
-0.1533	0.2245	0.0126	59.2000	74.9250	
-0.1531	0.2241	0.0125	58.6750	74.9750	
-0.1528	0.2240	0.0132	60.1750	74.8250	
-0.1528	0.2239	0.0130	59.7000	75.0500	
-0.1523	0.2240	0.0148	59.8000	74.9250	
-0.1524	0.2238	0.0142	60.5250	74.9250	
-0.1522	0.2235	0.0141	60.5500	74.8750	
-0.1520	0.2234	0.0147	60.0500	74.7750	
-0.1521	0.2233	0.0143	59.3500	74.8000	
-0.1517	0.2231	0.0149	60.9250	74.6500	
-0.1518	0.2232	0.0150	61.0750	74.1750	
-0.1516	0.2230	0.0149	61.3250	73.9750	
-0.1515	0.2230	0.0155	60.3500	73.7500	
-0.1514	0.2226	0.0149	61.0500	73.5000	
-0.1511	0.2225	0.0156	61.7000	73.3000	
-0.1511	0.2227	0.0159	61.8500	72.9750	
-0.1509	0.2227	0.0166	61.7250	72.7000	
-0.1508	0.2223	0.0160	62.3500	72.5250	
-0.1509	0.2226	0.0164	60.2250	72.3250	
-0.1506	0.2223	0.0167	62.1500	72.3500	
-0.1504	0.2224	0.0175	62.7750	72.1500	
-0.1505	0.2222	0.0168	60.8500	72.3500	
-0.1502	0.2219	0.0170	62.8250	72.4500	
-0.1501	0.2221	0.0179	62.4500	72.6500	
-0.1500	0.2218	0.0176	62.1000	72.8500	
-0.1498	0.2214	0.0172	62.3000	73.0750	
-0.1500	0.2222	0.0187	62.3500	73.0250	
-0.1499	0.2216	0.0173	61.5750	73.2000	
-0.1500	0.2215	0.0169	63.4000	73.1500	
-0.1496	0.2218	0.0187	62.6250	72.9000	
-0.1496	0.2215	0.0182	61.7000	72.6000	
-0.1492	0.2213	0.0190	63.3000	72.3000	
-0.1493	0.2217	0.0194	62.2000	72.1000	
-0.1494	0.2218	0.0198	63.7750	71.9750	
-0.1491	0.2216	0.0199	62.0750	71.9750	
-0.1492	0.2210	0.0184	62.2250	71.9250	
-0.1490	0.2213	0.0198	64.0500	72.0500	
-0.1490	0.2215	0.0200	63.6250	72.0250	
-0.1488	0.2210	0.0197	62.1000	72.3250	
-0.1485	0.2207	0.0200	63.5000	72.3000	
-0.1486	0.2213	0.0211	64.2500	72.3750	
-0.1485	0.2212	0.0210	62.6500	72.6500	
-0.1485	0.2203	0.0191	64.0500	72.5750	
-0.1482	0.2212	0.0220	64.6500	72.5250	
-0.1483	0.2209	0.0211	64.3250	72.5250	
-0.1485	0.2208	0.0202	64.3000	72.2750	
-0.1484	0.2208	0.0203	62.8750	72.3500	
-0.1481	0.2207	0.0215	64.4750	72.3000	
-0.1483	0.2207	0.0207	64.0250	72.3000	
-0.1482	0.2206	0.0208	64.7750	72.3750	
-0.1481	0.2208	0.0216	66.6750	72.4000	
-0.1476	0.2206	0.0229	63.8250	72.7500	
-0.1474	0.2201	0.0223	64.4500	72.7500	
-0.1475	0.2205	0.0228	66.1500	72.7500	
-0.1472	0.2206	0.0241	65.4250	72.7000	
-0.1476	0.2205	0.0223	63.8250	72.8750	
-0.1477	0.2203	0.0217	67.3000	72.9000	
0.4830	50.0000	0.5334	50.0000	
0.4620	50.0000	0.5103	50.0000	
0.4417	50.0000	0.4894	50.0000	
0.4220	50.0000	0.4707	50.0000	
0.4030	50.0000	0.4532	50.0000	
0.3843	50.0000	0.4371	50.0000	
0.3658	50.0000	0.4226	50.0000	
0.3481	50.0000	0.4097	50.0000	
0.3309	50.0000	0.3976	50.0000	
0.3145	50.0000	0.3865	50.0000	
0.2998	50.0000	0.3760	50.0000	
0.2870	50.0000	0.3661	50.0000	
0.2760	50.0000	0.3572	50.0000	
0.2673	50.0000	0.3487	50.0000	
0.2611	50.0000	0.3408	50.0000	
0.2565	50.0000	0.3328	50.0000	
0.2538	50.0000	0.3248	50.0000	
0.2521	50.0000	0.3171	50.0000	
0.2512	50.0000	0.3093	50.0000	
0.2507	50.0000	0.3016	50.0000	
0.2504	49.9000	0.2940	50.0000	
0.2503	49.7000	0.2858	50.0000	
0.2502	48.8750	0.2775	50.0000	
0.2502	47.6750	0.2688	50.0000	
0.2502	46.7250	0.2600	50.0000	
0.2502	46.5250	0.2513	66.1000	
0.2502	45.6000	0.2424	72.7000	
0.2502	45.3750	0.2335	73.1000	
0.2501	45.4500	0.2248	72.3000	
0.2501	45.8000	0.2162	71.6250	
0.2501	46.0250	0.2080	70.8750	
0.2501	46.0250	0.2001	70.5750	
0.2501	46.0250	0.1926	70.6750	
0.2501	45.8750	0.1857	70.4250	
0.2501	46.5000	0.1794	70.7000	
0.2501	46.3250	0.1738	71.3000	
0.2501	46.2250	0.1689	71.6500	
0.2501	46.2250	0.1647	71.9500	
0.2501	45.9000	0.1613	72.1000	
0.2500	45.8500	0.1585	72.1250	
0.2501	45.8000	0.1564	72.1250	
0.2500	45.6750	0.1546	72.1000	
0.2500	46.3500	0.1533	72.0250	
0.2500	45.8750	0.1524	72.1500	
0.2500	45.1250	0.1517	72.2000	
0.2500	45.0000	0.1511	72.0250	
0.2500	45.0500	0.1508	72.0000	
0.2499	45.1000	0.1505	71.9750	
0.2499	45.2000	0.1503	72.0250	
0.2500	45.2250	0.1501	71.9250	
0.2499	44.9750	0.1499	72.0250	
0.2499	45.0000	0.1498	72.0750	
0.2499	44.9500	0.1497	72.0750	
0.2499	44.9500	0.1496	72.0500	
0.2499	44.8750	0.1496	72.1250	
0.2499	45.0000	0.1495	72.0500	
0.2499	44.8500	0.1494	72.1000	
0.2498	44.8750	0.1493	72.0250	
0.2498	44.7250	0.1493	72.1000	
0.2498	45.1500	0.1492	72.1250	
0.2498	45.0750	0.1491	72.1000	
0.2498	45.0500	0.1490	72.0500	
0.2498	45.0000	0.1489	72.1250	
0.2498	45.0500	0.1489	72.0500	
0.2498	45.0500	0.1487	72.1250	
0.2498	45.1000	0.1487	71.9500	
0.2498	45.1250	0.1486	72.0000	
0.2498	45.1500	0.1485	71.9750	
0.2498	45.2250	0.1484	71.9500	
0.2497	45.3250	0.1483	71.9750	
0.2497	45.1000	0.1482	72.0500	
0.2497	45.2250	0.1481	71.8750	
0.2497	45.2250	0.1481	72.0250	
0.2497	45.2750	0.1480	72.1000	
0.2497	45.5750	0.1479	71.9500	
0.2497	45.5000	0.1479	71.9750	
0.2497	45.4750	0.1477	72.0500	
0.2497	45.2500	0.1476	72.0250	
0.2497	45.0250	0.1476	72.0000	
0.2497	45.2750	0.1475	72.0500	
0.2497	44.9750	0.1475	72.0000	
0.2497	45.2000	0.1474	71.9750	
0.2497	45.4500	0.1473	72.0250	
0.2497	45.2250	0.1473	72.1250	
0.2496	45.0000	0.1472	72.0500	
0.2497	45.0750	0.1472	72.0000	
0.2496	44.9250	0.1471	72.0500	
0.2496	44.8750	0.1471	72.0250	
0.2496	44.8750	0.1471	72.1000	
0.2496	44.8500	0.1470	72.1000	
0.2496	44.9250	0.1470	72.0250	
0.2496	44.9500	0.1469	72.1000	
0.2496	45.1750	0.1469	72.1250	
0.2496	45.5250	0.1468	72.1000	
0.2496	45.6500	0.1469	72.0500	
0.2496	46.0000	0.1468	72.1250	
0.2496	45.7250	0.1468	72.0000	
0.2495	46.2750	0.1467	72.1000	
0.2496	46.8500	0.1467	72.0500	
0.2495	46.6000	0.1467	72.0250	
0.2496	46.9500	0.1467	72.1250	
0.2495	48.5250	0.1466	72.0750	
0.2495	51.0750	0.1466	72.0000	
0.2495	52.9750	0.1466	72.0750	
0.2495	51.2000	0.1465	72.1000	
0.2495	52.9500	0.1465	72.0000	
0.2495	53.2750	0.1465	72.0500	
0.2495	58.2750	0.1464	72.1250	
0.2495	58.5500	0.1464	72.0750	
0.2495	60.1000	0.1464	72.1250	
0.2495	60.6500	0.1463	72.1250	
0.2495	58.9250	0.1463	72.0000	
0.2494	57.7000	0.1463	72.0500	
0.2494	58.7750	0.1462	72.0250	
0.2494	59.8000	0.1462	71.9750	
0.2494	51.0750	0.1462	71.9750	
0.2494	49.5500	0.1462	72.0500	
0.2494	49.1000	0.1461	72.0000	
0.2494	48.1250	0.1462	72.0500	
0.2494	47.4750	0.1461	72.0500	
0.2494	45.5750	0.1460	71.9750	
0.2494	47.0750	0.1460	72.1000	
0.2494	46.4250	0.1460	72.0000	
0.2493	48.7250	0.1459	72.1000	
0.2493	45.9250	0.1459	71.9750	
0.2493	45.0250	0.1458	71.9500	
0.2493	46.2250	0.1458	71.9750	
0.2493	43.4750	0.1458	72.0000	
0.2493	43.6250	0.1457	72.0250	
0.2493	44.9500	0.1457	71.9750	
0.2493	45.1250	0.1456	72.0250	
0.2492	44.7750	0.1456	72.0000	
0.2493	44.0500	0.1456	71.9750	
0.2492	45.2000	0.1455	71.8750	
0.2492	44.8000	0.1454	71.9750	
0.2492	46.6750	0.1454	72.0500	
0.2492	44.7750	0.1454	72.0250	
0.2492	45.5750	0.1453	72.0000	
0.2492	48.4000	0.1453	72.0500	
0.2492	45.8250	0.1452	72.0000	
0.2492	48.7750	0.1452	71.9750	
0.2492	47.3000	0.1451	71.9750	
0.2492	47.6500	0.1452	71.9750	
0.2491	47.9250	0.1450	71.9750	
0.2491	44.3500	0.1450	71.9750	
0.2491	47.6750	0.1449	71.9250	
0.2491	45.2000	0.1449	72.0000	
0.2491	44.0500	0.1448	71.9250	
0.2491	43.9250	0.1448	71.9250	
0.2491	48.1250	0.1448	71.8000	
0.2491	46.9500	0.1447	71.8250	
0.2490	46.9250	0.1446	71.9750	
0.2490	44.4000	0.1445	71.9250	
0.2490	44.2500	0.1445	71.9250	
0.2490	45.5750	0.1444	72.0000	
0.2490	44.9500	0.1443	71.8750	
0.2490	46.2000	0.1443	71.9500	
0.2490	44.6500	0.1443	71.9000	
0.2489	44.2500	0.1442	71.8500	
0.2490	46.1000	0.1443	72.0000	
0.2489	46.7500	0.1442	71.7750	
0.2489	46.8250	0.1440	71.7000	
0.2489	46.0000	0.1439	71.7000	
0.2489	48.8500	0.1439	71.7750	
0.2489	46.8500	0.1438	71.8000	
0.2488	47.2250	0.1437	71.9250	
0.2488	43.7500	0.1436	71.9000	
0.2488	44.1750	0.1436	71.8500	
0.2488	44.2000	0.1435	71.9250	
0.2488	43.9500	0.1435	71.8000	
0.2487	45.6000	0.1433	71.8250	
0.2488	47.7750	0.1433	71.8500	
0.2487	46.2500	0.1432	71.9250	
0.2487	48.1000	0.1431	71.9000	
0.2487	45.5750	0.1431	71.8750	
0.2487	46.3000	0.1429	71.9000	
0.2486	44.0250	0.1428	71.8750	
0.2487	44.8750	0.1428	71.8250	
0.2486	44.5500	0.1428	71.8250	
0.2486	45.6250	0.1427	71.7750	
0.2486	43.8750	0.1425	71.9250	
0.2486	45.3500	0.1425	71.7500	
0.2486	45.0750	0.1423	71.8000	
0.2485	43.5750	0.1423	71.9750	
0.2485	44.3750	0.1421	71.7500	
0.2485	43.9500	0.1421	71.8250	
0.2485	45.9750	0.1420	71.7750	
0.2485	46.9000	0.1420	71.7000	
0.2484	47.2750	0.1417	71.8000	
0.2484	45.6250	0.1417	71.8250	
0.2484	44.3250	0.1416	71.7250	
0.2484	45.2250	0.1415	71.7000	
0.2483	43.5000	0.1413	71.8000	
0.2483	45.7750	0.1412	71.7250	
0.2484	46.8000	0.1411	71.7750	
0.2483	45.1250	0.1410	71.8000	
0.2483	43.1250	0.1409	71.7250	
0.2482	45.3750	0.1408	71.6500	
0.2482	43.5750	0.1407	71.6500	
0.2482	45.6500	0.1406	71.7250	
0.2482	44.1250	0.1404	71.6750	
0.2482	43.9000	0.1403	71.5750	
0.2481	42.6500	0.1401	71.6000	
0.2483	41.9000	0.1402	71.5500	
0.2481	49.1750	0.1399	71.6500	
0.2481	47.9750	0.1398	71.5250	
0.2480	46.4500	0.1396	71.6250	
0.2480	49.5750	0.1395	71.5500	
0.2480	45.4750	0.1394	71.5750	
0.2480	47.3000	0.1392	71.6250	
0.2479	43.8750	0.1391	71.5000	
0.2479	43.0000	0.1389	71.5250	
0.2479	48.5000	0.1388	71.4500	
0.2479	45.2000	0.1386	71.6250	
0.2478	47.3250	0.1384	71.5250	
0.2478	43.9250	0.1383	71.4250	
0.2479	40.8750	0.1384	71.5000	
0.2478	46.7250	0.1381	71.2250	
0.2478	44.8000	0.1379	71.2250	
0.2477	46.8750	0.1377	71.3250	
0.2476	42.2750	0.1375	71.2500	
0.2477	46.9250	0.1374	71.3500	
0.2476	43.5250	0.1371	71.2000	
0.2475	46.9500	0.1370	71.3250	
0.2475	38.6500	0.1368	71.5250	
0.2475	44.7000	0.1366	71.4750	
0.2475	40.4250	0.1364	71.4750	
0.2474	39.9500	0.1362	71.3750	
0.2474	39.6750	0.1363	71.2500	
0.2474	42.4250	0.1361	71.0750	
0.2473	39.3250	0.1362	71.0750	
0.2473	38.3750	0.1357	71.4500	
0.2472	39.9500	0.1353	71.1000	
0.2472	41.0750	0.1351	71.3750	
0.2472	44.2500	0.1349	71.2000	
0.2471	41.0500	0.1347	71.3500	
0.2471	48.3250	0.1345	71.3000	
0.2471	39.9250	0.1343	71.1500	
0.2470	39.4750	0.1340	71.1500	
0.2469	36.6000	0.1338	71.3000	
0.2469	35.5250	0.1336	71.1750	
0.2469	35.7250	0.1334	71.2250	
0.2468	46.0500	0.1333	71.2250	
0.2468	38.9750	0.1329	71.0500	
0.2468	43.8000	0.1327	71.1750	
0.2467	42.5500	0.1324	71.0750	
0.2466	43.9000	0.1322	71.1500	
0.2466	40.5250	0.1319	71.1750	
0.2466	40.8250	0.1318	71.1000	
0.2466	37.2750	0.1316	71.0000	
0.2465	34.6000	0.1313	71.1250	
0.2464	34.2000	0.1312	70.7750	
0.2463	39.0250	0.1308	71.2500	
0.2463	32.7500	0.1305	71.0750	
0.2462	33.8000	0.1302	70.9750	
0.2462	32.9000	0.1299	70.8250	
0.2462	36.2000	0.1297	70.8500	
0.2461	37.9750	0.1294	70.9750	
0.2461	47.7250	0.1291	71.0750	
0.2459	40.4000	0.1287	70.8250	
0.2459	43.5250	0.1285	70.9000	
0.2458	35.2500	0.1282	70.7250	
0.2458	30.4500	0.1279	70.7750	
0.2457	29.6500	0.1274	70.7250	
0.2456	38.1250	0.1271	70.9000	
0.2456	34.1500	0.1268	70.6000	
0.2455	36.2000	0.1265	70.7500	
0.2454	30.0500	0.1264	70.8250	
0.2453	29.9750	0.1258	70.5500	
0.2453	39.3250	0.1253	70.8000	
0.2452	31.8000	0.1250	70.4500	
0.2452	35.3750	0.1247	70.5250	
0.2451	39.7250	0.1243	70.6000	
0.2451	37.8750	0.1239	70.6500	
0.2449	38.9000	0.1235	70.3750	
0.2449	33.5500	0.1231	70.3750	
0.2448	36.6750	0.1227	70.4250	
0.2447	33.2500	0.1225	70.4000	
0.2445	31.2250	0.1220	70.4250	
0.2446	34.3000	0.1217	70.5250	
0.2445	39.7000	0.1215	70.2250	
0.2443	34.6250	0.1213	70.5250	
0.2442	40.8250	0.1209	70.1500	
0.2442	38.4000	0.1201	70.1750	
0.2441	33.9500	0.1197	70.2500	
0.2439	31.0750	0.1192	70.0750	
0.2438	40.8750	0.1189	70.0750	
0.2437	28.3500	0.1187	70.0750	
0.2436	28.0250	0.1181	70.1000	
0.2436	33.0250	0.1177	69.9250	
0.2434	27.8000	0.1173	70.1000	
0.2433	30.2500	0.1168	69.8750	
0.2432	27.1500	0.1165	70.0750	
0.2431	29.3750	0.1160	69.9500	
0.2430	32.1750	0.1155	69.9000	
0.2429	32.9000	0.1151	69.8000	
0.2430	38.1000	0.1148	69.8500	
0.2428	36.6750	0.1143	69.8000	
0.2426	35.6250	0.1138	69.8250	
0.2424	34.0500	0.1134	69.7250	
0.2422	26.4750	0.1129	69.9000	
0.2422	29.3750	0.1124	69.6750	
0.2421	28.7500	0.1120	69.7250	
0.2421	33.8500	0.1116	69.7000	
0.2420	30.3500	0.1112	69.7000	
0.2416	25.3000	0.1107	69.7250	
0.2416	31.4750	0.1103	69.6750	
0.2413	30.1750	0.1099	69.7250	
0.2412	26.2750	0.1093	69.5000	
0.2412	26.5250	0.1091	69.5250	
0.2410	39.1500	0.1083	69.3750	
0.2407	30.8500	0.1079	69.4250	
0.2407	29.4000	0.1077	69.2750	
0.2404	28.3500	0.1071	69.3500	
0.2403	26.4250	0.1064	69.4750	
0.2401	27.5000	0.1060	69.3000	
0.2400	26.5250	0.1053	69.3500	
0.2398	27.8750	0.1049	69.3000	
0.2397	26.2000	0.1046	69.4250	
0.2395	25.6750	0.1041	69.1000	
0.2394	27.5750	0.1035	69.4000	
0.2391	26.0750	0.1030	69.3250	
0.2389	26.2750	0.1025	69.3000	
0.2387	25.2500	0.1019	69.2000	
0.2390	28.5750	0.1014	69.2750	
0.2386	37.1750	0.1009	69.1500	
0.2383	32.6000	0.1003	69.1750	
0.2381	26.8500	0.1000	69.3250	
0.2378	26.0250	0.0995	68.9000	
0.2377	26.0500	0.0990	69.2500	
0.2375	25.2750	0.0983	69.0250	
0.2374	30.5750	0.0982	69.0500	
0.2370	25.8000	0.0978	69.0250	
0.2368	25.3500	0.0969	69.0250	
0.2371	26.7000	0.0966	69.0250	
0.2365	33.1000	0.0958	68.9750	
0.2363	26.3000	0.0953	68.6750	
0.2361	25.6500	0.0946	69.0000	
0.2357	25.4250	0.0947	68.9750	
0.2356	25.9750	0.0937	68.9500	
0.2353	26.0000	0.0931	68.7000	
0.2351	25.7500	0.0928	68.8500	
0.2349	25.9250	0.0925	68.8250	
0.2346	25.4250	0.0917	68.7250	
0.2344	25.3250	0.0911	68.8250	
0.2342	25.4250	0.0904	68.7500	
0.2339	25.4750	0.0899	68.8250	
0.2339	26.9500	0.0894	68.7000	
0.2334	25.3750	0.0890	68.5750	
0.2333	26.0750	0.0885	68.5250	
0.2331	25.8750	0.0877	68.7000	
0.2327	25.4750	0.0872	68.5750	
0.2328	26.6500	0.0866	68.6500	
0.2322	25.7000	0.0865	68.7000	
0.2319	25.2500	0.0857	68.5000	
0.2317	24.8000	0.0851	68.5250	
0.2313	24.7250	0.0847	68.4000	
0.2311	25.0250	0.0839	68.5750	
0.2309	25.0500	0.0834	68.4500	
0.2306	25.7250	0.0830	68.5750	
0.2302	25.1250	0.0823	68.4000	
0.2300	25.4750	0.0820	68.5250	
0.2297	25.0500	0.0814	68.3000	
0.2294	25.3750	0.0807	68.4750	
0.2293	25.0000	0.0801	68.4000	
0.2290	25.2250	0.0797	68.3750	
0.2286	25.0250	0.0791	68.3500	
0.2282	24.9500	0.0786	68.2500	
0.2280	25.0500	0.0780	68.3750	
0.2278	25.3250	0.0778	68.2500	
0.2273	24.8250	0.0771	68.3750	
0.2271	24.6000	0.0763	68.2000	
0.2270	26.5750	0.0759	68.1250	
0.2266	25.5750	0.0751	68.3000	
0.2265	26.7250	0.0747	68.0500	
0.2258	25.0000	0.0743	68.0750	
0.2257	25.4000	0.0736	68.1000	
0.2253	25.4750	0.0730	68.1000	
0.2249	25.1750	0.0725	68.0250	
0.2247	24.6500	0.0721	68.0250	
0.2241	25.2000	0.0714	68.0750	
0.2238	24.6000	0.0708	68.0000	
0.2235	25.2750	0.0702	67.9750	
0.2233	24.8000	0.0700	68.0250	
0.2232	26.0500	0.0690	68.1500	
0.2227	25.8500	0.0687	67.8750	
0.2225	25.7000	0.0683	68.1000	
0.2221	24.8750	0.0677	67.8500	
0.2217	26.5000	0.0673	68.0000	
0.2219	26.3750	0.0668	67.8750	
0.2208	24.9250	0.0659	67.8500	
0.2208	25.2500	0.0656	67.8500	
0.2207	25.9750	0.0649	67.8250	
0.2205	26.3000	0.0646	67.8250	
0.2200	25.3000	0.0639	67.8000	
0.2195	25.4750	0.0632	67.9000	
0.2189	24.6250	0.0627	67.7250	
0.2186	25.1000	0.0622	67.7250	
0.2181	25.0000	0.0618	67.8250	
0.2177	24.7000	0.0613	67.7250	
0.2174	24.7000	0.0606	67.7250	
0.2171	24.6500	0.0601	67.7750	
0.2168	25.0750	0.0598	67.6500	
0.2164	24.9750	0.0591	67.7250	
0.2160	24.7750	0.0589	67.7250	
0.2155	24.9250	0.0581	67.6250	
0.2151	24.6500	0.0576	67.7250	
0.2149	24.9500	0.0573	67.7000	
0.2143	24.4000	0.0568	67.7250	
0.2143	25.1500	0.0563	67.5250	
0.2138	24.7000	0.0558	67.6250	
0.2133	25.2000	0.0551	67.5500	
0.2129	24.6500	0.0545	67.5750	
0.2126	24.6750	0.0541	67.6250	
0.2123	25.2250	0.0536	67.5000	
0.2117	24.3500	0.0536	67.6750	
0.2118	24.6500	0.0528	67.5750	
0.2113	25.0500	0.0521	67.5500	
0.2106	24.6250	0.0519	67.6500	
0.2102	24.7500	0.0515	67.4500	
0.2101	24.8250	0.0510	67.4500	
0.2098	24.9500	0.0512	67.3750	
0.2096	24.9000	0.0500	67.4250	
0.2103	26.6500	0.0496	67.2500	
0.2097	25.3250	0.0490	67.2000	
0.2086	25.8250	0.0488	67.3250	
0.2078	24.8500	0.0481	67.2750	
0.2074	24.9750	0.0483	67.3500	
0.2075	25.0500	0.0479	67.3500	
0.2063	24.7750	0.0474	67.2750	
0.2060	24.7750	0.0465	67.2500	
0.2064	25.8250	0.0459	67.1750	
0.2059	24.9750	0.0456	67.2500	
0.2056	25.2500	0.0451	67.3500	
0.2049	25.3250	0.0446	67.2250	
0.2046	24.5500	0.0442	67.2750	
0.2041	24.9750	0.0437	67.3000	
0.2036	24.8000	0.0434	67.2750	
0.2038	25.4500	0.0430	67.3000	
0.2031	25.1500	0.0426	67.2500	
0.2026	25.2250	0.0424	67.4000	
0.2020	25.0250	0.0420	67.4000	
0.2016	25.3250	0.0413	67.4000	
0.2018	24.6250	0.0414	67.5250	
0.2009	24.7750	0.0406	67.5000	
0.2006	24.8750	0.0402	67.5500	
0.2002	24.8000	0.0399	67.5250	
0.1998	25.2500	0.0394	67.7500	
0.1994	25.4000	0.0390	67.8000	
0.1989	24.8500	0.0385	67.9250	
0.1996	25.0000	0.0382	67.9750	
0.1983	24.5250	0.0378	68.1500	
0.1980	24.7250	0.0374	68.3500	
0.1981	24.8000	0.0373	68.4500	
0.1976	24.6250	0.0368	68.7000	
0.1982	25.0250	0.0363	68.9500	
0.1967	24.6500	0.0359	69.1500	
0.1969	25.0250	0.0356	69.2750	
0.1957	24.4500	0.0354	69.4250	
0.1957	25.0750	0.0349	69.5500	
0.1954	25.5500	0.0347	69.4250	
0.1945	24.5750	0.0342	69.5000	
0.1945	24.7750	0.0338	69.5250	
0.1941	24.9750	0.0335	69.5250	
0.1937	24.4500	0.0330	69.5000	
0.1933	25.0750	0.0329	69.6750	
0.1928	24.7500	0.0323	69.4750	
0.1925	24.4750	0.0320	69.6750	
0.1920	25.1000	0.0316	69.6250	
0.1918	24.2250	0.0313	69.6500	
0.1913	25.1500	0.0311	69.7750	
0.1910	24.6000	0.0307	69.8000	
0.1906	24.6250	0.0303	69.7500	
0.1901	24.7250	0.0300	69.8000	
0.1898	24.9000	0.0297	69.7250	
0.1896	24.8250	0.0294	69.8000	
0.1893	24.6750	0.0291	69.8750	
0.1889	24.8750	0.0286	69.8000	
0.1885	24.8500	0.0284	69.8500	
0.1882	25.1500	0.0279	69.8500	
0.1878	24.7000	0.0275	69.8500	
0.1877	24.8500	0.0273	69.8000	
0.1870	24.8500	0.0271	69.8750	
0.1866	24.6500	0.0267	70.0000	
0.1866	24.5500	0.0262	69.9500	
0.1866	25.1750	0.0259	70.0000	
0.1859	24.5000	0.0255	70.0750	
0.1855	24.6500	0.0253	70.0500	
0.1855	25.0000	0.0249	70.1000	
0.1849	24.9000	0.0246	70.0750	
0.1846	24.8500	0.0242	70.1000	
0.1839	24.6250	0.0239	70.1500	
0.1838	24.8750	0.0236	70.0500	
0.1831	24.7250	0.0233	70.1750	
0.1832	24.7250	0.0230	70.0750	
0.1829	25.0500	0.0227	70.1250	
0.1833	25.2250	0.0225	70.2000	
0.1823	24.7500	0.0223	70.2000	
0.1828	25.1750	0.0222	70.2000	
0.1818	24.6750	0.0218	70.2250	
0.1814	25.0500	0.0212	70.2000	
0.1806	24.5500	0.0209	70.2750	
0.1803	24.6250	0.0207	70.2500	
0.1801	24.7000	0.0206	70.3000	
0.1797	24.7250	0.0202	70.2750	
0.1796	25.0750	0.0200	70.3750	
0.1791	25.0250	0.0198	70.4500	
0.1788	24.8000	0.0193	70.3250	
0.1793	25.2250	0.0191	70.4500	
0.1788	24.6250	0.0187	70.4000	
0.1787	24.8750	0.0185	70.4750	
0.1774	24.6750	0.0182	70.4750	
0.1780	25.2000	0.0181	70.7000	
0.1773	24.6250	0.0177	70.5750	
0.1770	24.5000	0.0174	70.5500	
0.1772	24.7000	0.0172	70.7000	
0.1766	24.6250	0.0169	70.5500	
0.1759	24.8000	0.0167	70.7500	
0.1755	24.7250	0.0166	70.7500	
0.1754	24.8250	0.0163	70.7500	
0.1752	24.3250	0.0161	70.9000	
0.1755	25.2250	0.0158	70.8750	
0.1748	25.2250	0.0154	70.8500	
0.1741	24.6000	0.0152	70.8750	
0.1739	25.0500	0.0149	70.9000	
0.1736	25.0000	0.0147	70.9250	
0.1734	24.6500	0.0145	70.9250	
0.1732	24.8000	0.0144	70.9250	
0.1729	24.6750	0.0142	70.9000	
0.1729	24.5000	0.0142	71.0250	
0.1725	24.7250	0.0140	70.9250	
0.1726	24.7750	0.0137	71.0250	
0.1720	25.1500	0.0132	71.0000	
0.1716	24.9750	0.0130	71.0000	
0.1712	24.9750	0.0128	71.0500	
0.1710	24.6000	0.0127	71.0000	
0.1707	24.7500	0.0124	71.0250	
0.1704	24.7250	0.0122	71.1000	
0.1704	24.4750	0.0120	71.1000	
0.1701	24.8750	0.0119	71.1000	
0.1697	24.8000	0.0117	71.1250	
0.1695	24.5750	0.0115	71.1250	
0.1694	24.8500	0.0113	71.1500	
0.1689	24.8250	0.0112	71.1750	
0.1687	24.6750	0.0110	71.3000	
0.1684	24.7500	0.0108	71.2250	
0.1685	24.8250	0.0107	71.2750	
0.1680	24.8250	0.0105	71.3250	
0.1679	24.5750	0.0104	71.3000	
0.1676	24.6000	0.0102	71.3500	
0.1673	24.8500	0.0101	71.4250	
0.1675	24.8500	0.0099	71.3500	
0.1674	24.9000	0.0098	71.4500	
0.1677	25.0750	0.0096	71.5000	
0.1677	24.9000	0.0095	71.4250	
0.1668	25.0750	0.0094	71.5000	
0.1665	24.5750	0.0092	71.5500	
0.1667	24.7750	0.0091	71.5250	
0.1658	25.0500	0.0089	71.5000	
0.1655	24.6750	0.0088	71.6000	
0.1652	24.8000	0.0087	71.5750	
0.1649	24.5750	0.0086	71.6000	
0.1647	24.5500	0.0084	71.6500	
0.1649	24.3000	0.0083	71.6750	
0.1646	25.0500	0.0083	71.7500	
0.1651	24.4750	0.0081	71.7000	
0.1643	24.7000	0.0080	71.7500	
0.1640	24.7250	0.0079	71.7750	
0.1635	24.8500	0.0078	71.7500	
0.1632	24.6500	0.0076	71.8750	
0.1630	24.9250	0.0076	71.7750	
0.1631	24.7500	0.0075	71.8500	
0.1628	24.5000	0.0074	71.8000	
0.1626	24.5000	0.0073	71.9000	
0.1624	24.7500	0.0073	71.8500	
0.1622	24.7250	0.0074	71.9500	
0.1620	24.7250	0.0073	71.9000	
0.1619	24.7750	0.0071	72.0750	
0.1619	24.8500	0.0070	71.9000	
0.1615	24.3000	0.0068	71.9250	
0.1614	24.8250	0.0067	71.9750	
0.1610	24.6750	0.0066	71.9750	
0.1611	24.7750	0.0065	72.0500	
0.1608	24.8250	0.0065	72.0000	
0.1604	24.6250	0.0064	72.0250	
0.1604	24.8000	0.0063	72.1000	
0.1603	24.8500	0.0064	72.0750	
0.1603	24.4500	0.0063	72.1000	
0.1599	24.4000	0.0061	72.2000	
0.1597	24.5750	0.0061	72.0500	
0.1595	24.8000	0.0060	72.1250	
0.1597	24.5250	0.0060	72.0250	
0.1597	24.8250	0.0061	72.2750	
0.1591	24.8250	0.0059	72.2000	
0.1587	24.6750	0.0058	72.1750	
0.1588	24.7250	0.0057	72.2250	
0.1595	25.2500	0.0057	72.2750	
0.1591	24.8500	0.0056	72.2250	
0.1586	25.3250	0.0056	72.2500	
0.1585	24.5250	0.0055	72.2750	
0.1581	24.6500	0.0055	72.3250	
0.1582	24.5000	0.0054	72.3000	
0.1586	24.5000	0.0054	72.2750	
0.1578	24.7500	0.0053	72.3750	
0.1574	24.9500	0.0054	72.3750	
0.1577	24.8500	0.0054	72.4000	
0.1572	24.8750	0.0053	72.4500	
0.1576	24.4250	0.0052	72.4500	
0.1572	24.5500	0.0052	72.4500	
0.1572	24.7000	0.0052	72.4750	
0.1568	24.8500	0.0052	72.4750	
0.1566	24.7750	0.0051	72.5000	
0.1561	24.8000	0.0050	72.5250	
0.1562	24.6750	0.0050	72.5750	
0.1562	24.7500	0.0049	72.5250	
0.1561	24.9250	0.0049	72.5250	
0.1558	24.5500	0.0049	72.5750	
0.1562	24.6750	0.0048	72.6000	
0.1564	25.2250	0.0048	72.5750	
0.1554	24.7500	0.0048	72.5750	
0.1553	24.4250	0.0047	72.7000	
0.1550	24.7500	0.0047	72.7500	
0.1549	24.7750	0.0047	72.7250	
0.1548	24.7750	0.0047	72.7500	
0.1548	24.6500	0.0046	72.7500	
0.1545	24.9250	0.0046	72.7750	
0.1548	24.8000	0.0046	72.8000	
0.1545	24.4000	0.0046	72.8250	
0.1543	24.6750	0.0046	72.8500	
0.1540	24.7750	0.0045	72.8250	
0.1541	24.7250	0.0045	72.9000	
0.1538	24.5500	0.0044	72.8250	
0.1539	24.6750	0.0044	72.8750	
0.1537	24.9250	0.0044	72.9250	
0.1540	25.1000	0.0044	72.9250	
0.1539	25.0750	0.0044	73.0500	
0.1535	25.0250	0.0044	73.0000	
0.1536	24.7000	0.0043	73.0750	
0.1534	24.5250	0.0044	73.0000	
0.1532	24.5750	0.0043	72.9750	
0.1531	24.8000	0.0043	73.1250	
0.1540	24.8250	0.0043	73.0500	
0.1532	24.6750	0.0042	73.1000	
0.1541	24.8000	0.0042	73.1750	
0.1540	24.6250	0.0042	73.1250	
0.1528	24.4750	0.0042	73.1500	
0.1525	24.6250	0.0042	73.1750	
0.1523	24.6000	0.0041	73.2250	
0.1521	24.8000	0.0041	73.2500	
0.1524	24.7750	0.0041	73.3000	
0.1519	24.5750	0.0041	73.2000	
0.1522	24.7750	0.0042	73.3000	
0.1522	24.6250	0.0041	73.2250	
0.1520	24.6000	0.0041	73.2750	
0.1521	25.0500	0.0041	73.2000	
0.1522	25.0500	0.0041	73.3000	
0.1518	24.7250	0.0040	73.1500	
0.1514	24.6250	0.0040	73.3750	
0.1514	24.7000	0.0040	73.3500	
0.1511	24.9500	0.0040	73.3500	
0.1511	24.9250	0.0040	73.3750	
0.1511	25.0000	0.0039	73.3250	
0.1514	24.9000	0.0040	73.3250	
0.1510	24.7000	0.0040	73.3500	
0.1511	24.7250	0.0039	73.3500	
0.1509	24.7500	0.0039	73.3500	
0.1507	24.6750	0.0039	73.4250	
0.1506	24.8500	0.0039	73.3250	
0.1505	24.8500	0.0039	73.4000	
0.1505	24.7000	0.0039	73.3750	
0.1503	25.0500	0.0038	73.3500	
0.1502	24.9250	0.0038	73.4000	
0.1503	24.8000	0.0039	73.3500	
0.1503	24.6750	0.0038	73.3750	
0.1508	24.8000	0.0038	73.4500	
0.1506	24.7000	0.0038	73.4250	
0.1504	24.6000	0.0039	73.4750	
0.1501	24.8750	0.0038	73.4500	
0.1500	24.7000	0.0038	73.5000	
0.1496	24.6500	0.0038	73.5500	
0.1503	24.5750	0.0037	73.5250	
0.1498	24.9500	0.0038	73.5250	
0.1499	24.9250	0.0037	73.5250	
0.1497	24.7250	0.0039	73.5250	
0.1497	24.6500	0.0038	73.5750	
0.1494	24.9500	0.0038	73.6000	
0.1499	24.9750	0.0037	73.5500	
0.1498	25.1250	0.0037	73.5500	
0.1499	24.9750	0.0037	73.6250	
0.1491	25.0000	0.0037	73.5750	
0.1491	25.0000	0.0037	73.5250	
0.1491	24.9500	0.0037	73.6000	
0.1490	24.7250	0.0036	73.6250	
0.1493	24.8000	0.0036	73.5750	
0.1495	24.7750	0.0036	73.6250	
0.1492	25.1250	0.0036	73.6500	
0.1493	24.8500	0.0036	73.6000	
0.1491	25.1250	0.0035	73.6250	
0.1492	24.7750	0.0035	73.6750	
0.1487	24.9250	0.0035	73.6750	
0.1491	25.0500	0.0035	73.6750	
0.1485	24.9500	0.0035	73.6000	
0.1483	25.0250	0.0036	73.6500	
0.1485	24.9000	0.0036	73.7000	
0.1486	25.0500	0.0035	73.6500	
0.1482	25.0750	0.0035	73.6500	
0.1484	25.0250	0.0034	73.7250	
0.1482	24.9750	0.0034	73.6500	
0.1482	25.0250	0.0034	73.7250	
0.1482	24.7500	0.0034	73.7000	
0.1482	24.7500	0.0034	73.7000	
0.1489	25.2750	0.0034	73.7000	
0.1478	24.9750	0.0034	73.6750	
0.1484	24.9000	0.0034	73.7500	
0.1482	24.8250	0.0034	73.6750	
0.1477	24.7000	0.0034	73.7750	
0.1479	24.9250	0.0034	73.7500	
0.1478	25.1750	0.0033	73.8000	
0.1476	24.9000	0.0033	73.7750	
0.1475	24.7750	0.0033	73.7750	
0.1476	25.1500	0.0033	73.7500	
0.1475	25.0000	0.0033	73.8000	
0.1478	24.9750	0.0033	73.7750	
0.1477	24.7750	0.0033	73.8000	
0.1480	25.0500	0.0033	73.7500	
0.1478	25.0500	0.0033	73.7750	
0.1479	24.9000	0.0033	73.8000	
0.1474	25.0500	0.0033	73.8000	
0.1473	25.0000	0.0032	73.8250	
0.1474	25.0000	0.0032	73.8000	
0.1472	24.7750	0.0032	73.8250	
0.1471	25.0500	0.0032	73.8000	
0.1470	24.9000	0.0032	73.8250	
0.1470	24.9000	0.0032	73.8500	
0.1469	25.0000	0.0032	73.8500	
0.1469	24.9000	0.0032	73.8000	
0.1469	24.9500	0.0032	73.8250	
0.1469	24.9250	0.0032	73.8250	
0.1470	24.7750	0.0032	73.8000	
0.1471	24.7500	0.0032	73.8500	
0.1469	25.1250	0.0032	73.8000	
0.1468	24.8500	0.0032	73.8500	
0.1467	24.9000	0.0032	73.8500	
0.1467	24.7000	0.0032	73.8500	
0.1468	24.9000	0.0032	73.8750	
0.1466	24.9500	0.0032	73.8750	
0.1467	25.1000	0.0032	73.8750	
0.1475	25.3000	0.0032	73.9000	
0.1472	24.9500	0.0032	73.8500	
0.1468	25.0750	0.0031	73.8750	
0.1465	24.9500	0.0031	73.8750	
0.1465	24.9000	0.0031	73.8750	
0.1466	24.8250	0.0031	73.8750	
0.1469	25.1250	0.0031	73.9500	
0.1464	24.8750	0.0031	73.9000	
0.1465	25.0000	0.0031	73.9000	
0.1467	25.1250	0.0032	73.9500	
0.1470	25.1000	0.0032	73.9000	
0.1462	25.0750	0.0032	73.9500	
0.1461	24.8750	0.0032	73.9000	
0.1461	25.0500	0.0031	73.9250	
0.1462	24.8000	0.0031	73.9500	
0.1464	24.7750	0.0031	73.9250	
0.1462	24.9500	0.0031	73.9250	
0.1464	24.7750	0.0031	73.9500	
0.1461	24.8750	0.0031	73.9500	
0.1462	24.7000	0.0031	73.9000	
0.1467	25.3000	0.0031	73.9000	
0.1459	24.8250	0.0031	73.9750	
0.1458	24.9000	0.0031	73.9750	
0.1461	24.7500	0.0031	73.9500	
0.1463	25.0000	0.0031	73.9500	
0.1464	25.1500	0.0031	73.9250	
0.1466	25.2000	0.0031	73.9750	
0.1460	24.7750	0.0031	73.9500	
0.1460	25.1250	0.0030	73.9750	
0.1459	24.8000	0.0030	74.0250	
0.1457	24.6750	0.0030	73.9750	
0.1456	24.6250	0.0030	73.9750	
0.1458	24.7500	0.0030	74.0000	
0.1457	24.8250	0.0030	74.0000	
0.1457	24.9500	0.0030	73.9500	
0.1456	24.9000	0.0031	74.0000	
0.1455	25.0000	0.0030	74.0000	
0.1456	24.8500	0.0030	73.9500	
0.1456	24.7750	0.0030	74.0000	
0.1456	24.7500	0.0030	73.9750	
0.1460	24.9000	0.0030	73.9750	
0.1461	25.2250	0.0030	73.9750	
0.1454	24.8750	0.0030	74.0500	
0.1453	24.6500	0.0030	73.9250	
0.1455	24.7000	0.0030	74.0500	
0.1454	24.8500	0.0030	74.0000	
0.1453	24.8250	0.0030	73.9750	
0.1456	24.8750	0.0030	74.0250	
0.1455	24.9500	0.0030	74.0250	
0.1458	24.8500	0.0030	74.0000	
0.1455	24.9250	0.0030	74.0000	
0.1453	24.9750	0.0030	74.0000	
0.1458	25.2250	0.0030	74.0000	
0.1457	24.8250	0.0030	74.0000	
0.1457	25.0750	0.0030	74.0250	
0.1452	24.9750	0.0030	74.0000	
0.1455	25.1250	0.0030	74.0250	
0.1462	25.0750	0.0030	74.0250	
0.1457	25.4000	0.0030	74.0000	
0.1452	24.7250	0.0030	74.0250	
0.1454	25.3250	0.0030	74.0500	
0.1460	25.5000	0.0030	74.0250	
0.1452	24.9750	0.0030	73.9750	
0.1451	25.0500	0.0030	74.0250	
0.1453	25.2000	0.0030	74.0000	
0.1453	24.7000	0.0030	74.0000	
0.1456	25.1250	0.0030	74.0000	
0.1454	25.1750	0.0030	74.0500	
0.1454	25.0250	0.0030	74.0000	
0.1452	25.1250	0.0030	74.0250	
0.1451	25.0750	0.0029	74.0500	
0.1449	24.9750	0.0029	74.0500	
0.1449	25.1250	0.0030	74.0500	
0.1453	24.9500	0.0030	74.0250	
0.1450	24.8750	0.0029	74.0000	
0.1448	25.0500	0.0029	74.0250	
0.1451	25.1500	0.0029	74.0750	
0.1450	25.0250	0.0029	74.0000	
0.1449	24.9500	0.0029	74.1000	
0.1449	25.1750	0.0029	74.0500	
0.1450	25.1250	0.0029	74.0250	
0.1448	24.9500	0.0029	74.0750	
0.1450	25.0500	0.0029	74.0500	
0.1447	25.2000	0.0030	74.0500	
0.1449	25.0750	0.0029	74.0750	
0.1448	25.0000	0.0029	74.0750	
0.1452	25.0250	0.0029	74.0250	
0.1451	24.9750	0.0029	74.0750	
0.1450	25.2000	0.0029	74.1250	
0.1450	24.9500	0.0029	74.0750	
0.1454	25.2000	0.0029	74.1000	
0.1454	24.9750	0.0029	74.0500	
0.1449	25.0750	0.0029	74.0500	
0.1453	25.0000	0.0029	74.1250	
0.1460	25.1000	0.0029	74.1000	
0.1445	25.3000	0.0029	74.1250	
0.1447	24.9000	0.0029	74.1000	
0.1449	25.0500	0.0029	74.0750	
0.1449	25.1000	0.0029	74.1000	
0.1448	25.0000	0.0029	74.0500	
0.1455	25.0250	0.0029	74.1000	
0.1458	25.0000	0.0029	74.1000	
0.1459	24.9250	0.0029	74.0750	
0.1455	25.3000	0.0029	74.0250	
0.1460	25.2250	0.0029	74.1000	
0.1448	25.0750	0.0028	74.1500	
0.1448	25.0750	0.0029	74.1000	
0.1451	25.0500	0.0029	74.1250	
0.1448	25.0250	0.0029	74.0750	
0.1445	25.0750	0.0028	74.1000	
0.1444	25.0750	0.0029	74.1000	
0.1445	25.1500	0.0029	74.0750	
0.1444	25.0500	0.0028	74.1250	
0.1447	24.9750	0.0028	74.1000	
0.1451	25.1750	0.0028	74.1000	
0.1448	24.7750	0.0028	74.1250	
0.1446	25.2250	0.0028	74.1000	
0.1447	24.9750	0.0028	74.1500	
0.1446	24.9250	0.0028	74.0750	
0.1445	25.0750	0.0028	74.0750	
0.1445	24.8500	0.0028	74.1250	
0.1447	25.0500	0.0028	74.1000	
0.1444	25.2000	0.0028	74.1000	
0.1445	24.9750	0.0028	74.1000	
0.1446	25.1250	0.0028	74.1000	
0.1444	25.3250	0.0028	74.1250	
0.1443	24.9000	0.0028	74.1000	
0.1444	25.2250	0.0028	74.1000	
0.1444	24.9500	0.0028	74.1250	
0.1444	25.0750	0.0029	74.1500	
0.1443	25.1000	0.0028	74.1000	
0.1442	25.2500	0.0028	74.1250	
0.1443	25.1250	0.0028	74.1000	
0.1443	25.3250	0.0028	74.1250	
0.1446	24.8500	0.0028	74.1000	
0.1442	25.0250	0.0028	74.0750	
0.1444	24.9750	0.0028	74.0750	
0.1444	24.8500	0.0028	74.1000	
0.1442	25.1000	0.0028	74.1000	
0.1442	25.0250	0.0028	74.0750	
0.1444	25.0500	0.0028	74.0500	
0.1442	25.0500	0.0028	74.1250	
0.1444	24.8750	0.0028	74.1000	
0.1442	25.0500	0.0028	74.1000	
0.1446	25.0250	0.0028	74.0750	
0.1446	25.2000	0.0028	74.1250	
0.1441	25.1250	0.0028	74.1000	
0.1443	25.1250	0.0027	74.0750	
0.1441	25.0250	0.0027	74.1250	
0.1443	24.9750	0.0027	74.0750	
0.1442	25.2250	0.0027	74.0750	
0.1442	25.0250	0.0027	74.1000	
0.1444	25.0750	0.0027	74.1250	
0.1443	25.2500	0.0027	74.0500	
0.1441	24.9500	0.0027	74.1750	
0.1443	24.7250	0.0027	74.0750	
0.1441	25.0500	0.0027	74.1500	
0.1443	25.1000	0.0027	74.1250	
0.1442	25.1750	0.0027	74.0750	
0.1441	24.9000	0.0027	74.1500	
0.1441	25.1000	0.0027	74.1250	
0.1442	25.0500	0.0027	74.1750	
0.1441	25.1000	0.0027	74.1000	
0.1444	24.8750	0.0027	74.1000	
0.1448	25.5750	0.0027	74.1750	
0.1449	25.0500	0.0027	74.1500	
0.1441	25.3500	0.0027	74.1250	
0.1440	24.9250	0.0027	74.1750	
0.1446	25.5000	0.0027	74.2250	
0.1443	24.9000	0.0027	74.1750	
0.1441	25.2000	0.0027	74.1250	
0.1444	24.9500	0.0026	74.1500	
0.1446	24.8500	0.0026	74.1250	
0.1444	25.0250	0.0026	74.1750	
0.1442	24.9500	0.0026	74.1250	
0.1440	25.3000	0.0026	74.1500	
0.1442	25.0750	0.0026	74.1500	
0.1443	25.1750	0.0026	74.1500	
0.1439	25.0250	0.0026	74.1500	
0.1441	25.0750	0.0026	74.1250	
0.1440	24.8750	0.0026	74.1250	
0.1440	25.0000	0.0026	74.1000	
0.1440	25.0750	0.0026	74.1250	
0.1441	24.9000	0.0026	74.2000	
0.1442	25.3500	0.0026	74.1500	
0.1442	24.9750	0.0026	74.1000	
0.1440	25.1250	0.0026	74.1250	
0.1439	25.0500	0.0026	74.1500	
0.1445	24.9500	0.0026	74.1000	
0.1443	25.0500	0.0026	74.1500	
0.1441	25.1250	0.0025	74.1500	
0.1441	24.9000	0.0026	74.1250	
0.1440	25.2000	0.0025	74.1250	
0.1440	25.0500	0.0025	74.1250	
0.1439	24.9750	0.0026	74.1000	
0.1438	24.9750	0.0026	74.1250	
0.1441	24.9250	0.0026	74.1250	
0.1444	25.3500	0.0025	74.1500	
0.1439	24.9500	0.0025	74.1000	
0.1441	25.0500	0.0025	74.1500	
0.1440	25.0500	0.0025	74.1250	
0.1439	25.1000	0.0025	74.1250	
0.1439	25.0750	0.0025	74.1250	
0.1440	25.0500	0.0025	74.1000	
0.1440	25.2000	0.0025	74.1000	
0.1439	25.0000	0.0025	74.1500	
0.1438	25.1250	0.0025	74.2000	
0.1441	25.0250	0.0025	74.1250	
0.1439	25.0750	0.0025	74.1500	
0.1441	25.2750	0.0025	74.1500	
0.1440	25.0250	0.0025	74.1000	
0.1439	25.1500	0.0025	74.1500	
0.1437	25.1000	0.0025	74.1000	
0.1438	25.0250	0.0025	74.1250	
0.1440	25.0500	0.0025	74.1250	
0.1439	25.0250	0.0025	74.1250	
0.1439	25.0500	0.0025	74.2000	
0.1438	25.1000	0.0025	74.0500	
0.1440	25.2000	0.0025	74.1500	
0.1441	25.0000	0.0025	74.0250	
0.1444	25.1250	0.0025	74.1000	
0.1440	25.1500	0.0025	74.1750	
0.1438	25.1000	0.0025	74.1000	
0.1438	25.0500	0.0025	74.1250	
0.1438	25.1250	0.0025	74.1250	
0.1438	25.1250	0.0025	74.1500	
0.1440	25.1250	0.0025	74.1500	
0.1444	25.5250	0.0024	74.1250	
0.1440	25.2500	0.0025	74.0750	
0.1440	25.2500	0.0025	74.1250	
0.1439	25.2000	0.0024	74.1500	
0.1439	25.0500	0.0024	74.1500	
0.1438	25.1250	0.0024	74.1750	
0.1438	25.1500	0.0024	74.1500	
0.1438	25.0750	0.0024	74.1500	
0.1438	25.3000	0.0024	74.1500	
0.1437	25.1250	0.0024	74.1750	
0.1438	25.1500	0.0024	74.1500	
0.1443	25.3000	0.0024	74.1500	
0.1444	25.0500	0.0024	74.1500	
0.1440	25.4000	0.0025	74.1750	
0.1440	25.3000	0.0024	74.1500	
0.1437	25.1250	0.0024	74.1750	
0.1436	25.1500	0.0024	74.2000	
0.1439	25.1750	0.0024	74.1750	
0.1442	25.1500	0.0024	74.2000	
0.1439	25.2000	0.0024	74.2000	
0.1438	25.2750	0.0024	74.1250	
0.1438	25.0750	0.0024	74.1750	
0.1439	25.2250	0.0024	74.1750	
0.1436	25.2000	0.0024	74.2000	
0.1437	25.1500	0.0024	74.1750	
0.1436	25.1250	0.0024	74.1750	
