Loss_Adversary	Accuracy_Adversary	Loss_Target	Accuracy_Target	
-0.1059	0.4214	0.6303	50.0000	50.0000	
-0.1024	0.4132	0.6230	50.0000	50.0000	
-0.0992	0.4055	0.6153	50.0000	50.0000	
-0.0967	0.3983	0.6070	50.0000	50.0000	
-0.0946	0.3914	0.5980	50.0000	50.0000	
-0.0926	0.3847	0.5889	50.0000	50.0000	
-0.0910	0.3785	0.5797	50.0000	50.0000	
-0.0898	0.3726	0.5701	50.0000	50.0000	
-0.0890	0.3671	0.5598	50.0000	50.0000	
-0.0884	0.3616	0.5490	50.0000	50.0000	
-0.0881	0.3563	0.5375	50.0000	50.0000	
-0.0883	0.3512	0.5252	50.0000	50.0000	
-0.0885	0.3461	0.5125	50.0000	50.0000	
-0.0891	0.3412	0.4990	50.0000	50.0000	
-0.0899	0.3363	0.4850	50.0000	50.0000	
-0.0908	0.3314	0.4706	50.0000	50.0000	
-0.0919	0.3266	0.4558	50.0000	50.0000	
-0.0931	0.3219	0.4407	50.0000	50.0000	
-0.0944	0.3172	0.4256	50.0000	50.0000	
-0.0956	0.3125	0.4105	50.0000	50.0000	
-0.0968	0.3079	0.3958	50.0000	50.0000	
-0.0980	0.3035	0.3813	50.0000	50.0000	
-0.0991	0.2990	0.3673	50.0000	50.0000	
-0.1001	0.2946	0.3537	50.0000	50.0000	
-0.1010	0.2904	0.3409	50.0000	50.0000	
-0.1017	0.2863	0.3289	50.0000	50.0000	
-0.1025	0.2825	0.3174	50.0000	50.0000	
-0.1031	0.2786	0.3065	50.0000	50.0000	
-0.1035	0.2748	0.2961	50.0000	50.0000	
-0.1038	0.2711	0.2865	50.0000	50.0000	
-0.1040	0.2677	0.2777	50.0000	50.0000	
-0.1042	0.2644	0.2696	50.0000	50.0000	
-0.1042	0.2613	0.2623	50.0000	50.0000	
-0.1042	0.2584	0.2555	50.0000	50.0000	
-0.1041	0.2557	0.2497	50.0000	50.0000	
-0.1039	0.2532	0.2446	50.0000	50.0000	
-0.1035	0.2507	0.2399	50.0000	50.0000	
-0.1031	0.2483	0.2357	50.0000	50.0000	
-0.1025	0.2457	0.2318	50.0000	50.0000	
-0.1018	0.2429	0.2276	50.0000	50.0000	
-0.1009	0.2403	0.2244	50.0000	50.0000	
-0.0999	0.2364	0.2186	50.0000	50.0000	
-0.0991	0.2328	0.2130	50.0000	50.0000	
-0.0986	0.2293	0.2064	50.0000	50.0000	
-0.0984	0.2242	0.1951	50.0000	50.0000	
-0.0984	0.2192	0.1837	50.0000	50.0000	
-0.0974	0.2145	0.1758	49.1500	50.0000	
-0.0958	0.2098	0.1702	50.0000	71.0250	
-0.0939	0.2053	0.1659	50.0000	78.4500	
-0.0921	0.2016	0.1635	50.0000	80.1500	
-0.0923	0.2024	0.1646	48.4250	82.8000	
-0.0960	0.2164	0.1848	49.6750	87.9250	
-0.0964	0.2205	0.1932	50.0250	85.4500	
-0.0965	0.2192	0.1898	50.0250	80.4000	
-0.0970	0.2207	0.1917	50.1000	84.8500	
-0.0977	0.2228	0.1941	50.0500	93.7500	
-0.0987	0.2237	0.1930	50.0250	97.1750	
-0.1001	0.2246	0.1903	50.1000	98.3500	
-0.1017	0.2275	0.1916	50.0500	98.1000	
-0.1039	0.2300	0.1902	50.0250	97.8000	
-0.1064	0.2322	0.1870	49.9750	97.4750	
-0.1092	0.2366	0.1883	49.9750	93.8500	
-0.1119	0.2407	0.1884	50.0750	92.2250	
-0.1147	0.2439	0.1868	50.1750	91.4250	
-0.1172	0.2463	0.1840	49.3250	90.6750	
-0.1190	0.2497	0.1858	48.7750	88.6250	
-0.1199	0.2515	0.1871	48.8000	87.1250	
-0.1208	0.2504	0.1814	47.5000	87.2750	
-0.1216	0.2492	0.1760	47.1000	87.0250	
-0.1226	0.2471	0.1680	46.6750	86.9250	
-0.1235	0.2457	0.1615	46.5000	87.0250	
-0.1250	0.2452	0.1555	47.0750	89.5750	
-0.1269	0.2480	0.1558	48.0750	89.9750	
-0.1291	0.2483	0.1492	48.3750	91.0250	
-0.1312	0.2505	0.1470	48.4500	90.7500	
-0.1335	0.2512	0.1412	48.5750	92.1250	
-0.1357	0.2526	0.1371	48.9750	93.3500	
-0.1380	0.2536	0.1317	48.8250	94.1000	
-0.1402	0.2534	0.1239	48.3500	94.4000	
-0.1427	0.2524	0.1133	48.1500	94.3250	
-0.1452	0.2522	0.1044	48.3500	95.2250	
-0.1478	0.2538	0.0993	48.9500	95.3000	
-0.1504	0.2553	0.0942	49.3250	95.2250	
-0.1528	0.2572	0.0907	51.0500	95.6250	
-0.1551	0.2603	0.0903	53.9750	95.9750	
-0.1572	0.2635	0.0909	57.3750	96.0250	
-0.1585	0.2654	0.0908	60.3750	96.4500	
-0.1593	0.2659	0.0894	62.7500	96.8250	
-0.1597	0.2658	0.0879	64.8250	96.7500	
-0.1591	0.2638	0.0851	65.7500	97.0250	
-0.1581	0.2604	0.0806	65.9500	97.3500	
-0.1571	0.2564	0.0747	64.0750	97.5750	
-0.1565	0.2523	0.0672	59.3000	97.5250	
-0.1560	0.2485	0.0598	47.1000	96.8500	
-0.1556	0.2447	0.0522	31.9250	96.1500	
-0.1551	0.2411	0.0454	27.5000	94.6250	
-0.1546	0.2376	0.0390	25.7250	92.5500	
-0.1541	0.2345	0.0334	25.7500	90.4500	
-0.1537	0.2323	0.0297	25.6000	88.6000	
-0.1532	0.2302	0.0264	25.5000	86.2500	
-0.1527	0.2283	0.0236	25.2250	83.7750	
-0.1522	0.2267	0.0215	25.1750	81.4750	
-0.1517	0.2254	0.0202	25.3250	79.1000	
-0.1511	0.2243	0.0196	25.4500	77.5250	
-0.1506	0.2236	0.0197	25.2500	76.3500	
-0.1501	0.2227	0.0195	25.5250	75.0750	
-0.1495	0.2222	0.0199	25.6750	74.4750	
-0.1491	0.2219	0.0208	25.6250	73.2250	
-0.1487	0.2215	0.0213	25.8250	72.7500	
-0.1482	0.2208	0.0212	25.6750	71.9000	
-0.1478	0.2208	0.0224	25.5750	71.7000	
-0.1474	0.2204	0.0229	25.3750	71.2250	
-0.1470	0.2203	0.0240	25.7250	70.8750	
-0.1468	0.2201	0.0244	25.5500	70.2500	
-0.1465	0.2199	0.0248	25.6500	70.2750	
-0.1462	0.2197	0.0254	25.4500	69.8250	
-0.1459	0.2196	0.0262	25.3000	69.8000	
-0.1456	0.2196	0.0269	25.2000	69.8500	
-0.1453	0.2197	0.0281	25.4250	69.4500	
-0.1451	0.2195	0.0286	25.3000	69.8250	
-0.1449	0.2193	0.0288	25.1750	69.7750	
-0.1447	0.2192	0.0291	25.4000	69.3750	
-0.1444	0.2192	0.0303	25.7000	69.7500	
-0.1443	0.2194	0.0309	25.4000	69.3250	
-0.1441	0.2193	0.0314	25.9750	69.3500	
-0.1440	0.2189	0.0308	25.4250	69.2250	
-0.1438	0.2190	0.0316	25.5750	69.4500	
-0.1436	0.2190	0.0322	25.4000	69.0000	
-0.1434	0.2192	0.0335	25.2750	69.2500	
-0.1433	0.2191	0.0336	25.5000	68.9000	
-0.1431	0.2192	0.0343	25.8000	68.8500	
-0.1429	0.2189	0.0345	25.4000	68.7250	
-0.1429	0.2192	0.0350	25.1000	69.4250	
-0.1428	0.2192	0.0353	25.9250	69.1750	
-0.1427	0.2193	0.0359	26.0750	69.5500	
-0.1426	0.2193	0.0364	25.8500	69.4750	
-0.1423	0.2194	0.0376	25.7500	69.1250	
-0.1425	0.2198	0.0380	26.2750	69.2250	
-0.1425	0.2200	0.0385	26.0250	68.9500	
-0.1424	0.2203	0.0393	26.1500	68.8750	
-0.1424	0.2205	0.0398	27.2000	68.8250	
-0.1423	0.2208	0.0410	27.2000	68.5500	
-0.1420	0.2211	0.0424	27.3750	68.2000	
-0.1420	0.2213	0.0429	27.2500	68.3750	
-0.1421	0.2213	0.0428	27.5000	67.7750	
-0.1419	0.2212	0.0433	27.6000	67.5000	
-0.1414	0.2215	0.0455	28.1750	66.8250	
-0.1418	0.2220	0.0455	27.3250	66.8500	
-0.1417	0.2215	0.0446	27.7000	66.1500	
-0.1416	0.2217	0.0451	27.8000	65.8000	
-0.1417	0.2219	0.0456	28.0500	65.8750	
-0.1416	0.2222	0.0465	28.2750	65.4250	
-0.1415	0.2221	0.0466	28.7000	65.2500	
-0.1414	0.2218	0.0461	28.1750	65.1000	
-0.1413	0.2219	0.0465	28.4250	65.1500	
-0.1414	0.2221	0.0470	28.4750	65.2500	
-0.1416	0.2224	0.0470	28.5750	65.1250	
-0.1415	0.2225	0.0475	28.9000	65.2250	
-0.1415	0.2228	0.0480	28.1500	64.8000	
-0.1415	0.2227	0.0481	28.4500	65.1000	
-0.1415	0.2226	0.0478	28.6500	64.9500	
-0.1413	0.2232	0.0498	28.5750	64.7250	
-0.1415	0.2237	0.0503	29.1000	64.6000	
-0.1413	0.2235	0.0505	29.2750	64.4250	
-0.1416	0.2238	0.0504	29.4750	64.1750	
-0.1417	0.2240	0.0502	29.6250	63.9500	
-0.1418	0.2245	0.0512	29.1500	64.0500	
-0.1416	0.2244	0.0516	29.7500	63.7250	
-0.1420	0.2254	0.0525	30.5500	63.7250	
-0.1419	0.2260	0.0542	30.7250	63.1250	
-0.1424	0.2261	0.0529	31.0500	63.4000	
-0.1426	0.2272	0.0548	31.8000	63.2250	
-0.1429	0.2275	0.0544	31.8000	63.0250	
-0.1433	0.2282	0.0550	32.4000	62.8000	
-0.1434	0.2295	0.0573	33.2000	62.9250	
-0.1437	0.2308	0.0596	33.6250	62.4500	
-0.1442	0.2312	0.0588	34.2500	62.3500	
-0.1449	0.2320	0.0584	34.7000	62.0750	
-0.1452	0.2343	0.0626	36.3000	61.5750	
-0.1460	0.2352	0.0620	36.4000	61.4000	
-0.1467	0.2367	0.0633	37.9000	61.2250	
-0.1475	0.2379	0.0637	37.7250	60.9000	
-0.1479	0.2396	0.0660	39.5000	60.9000	
-0.1487	0.2414	0.0677	41.4250	60.3250	
-0.1494	0.2422	0.0673	42.5000	60.3250	
-0.1500	0.2433	0.0678	42.2250	60.0250	
-0.1507	0.2441	0.0674	43.0000	59.6750	
-0.1516	0.2449	0.0661	43.7750	59.4250	
-0.1520	0.2456	0.0663	43.5750	59.1250	
-0.1526	0.2460	0.0652	43.8000	59.0000	
-0.1531	0.2465	0.0648	44.6000	58.7250	
-0.1534	0.2463	0.0633	45.4000	58.5750	
-0.1538	0.2463	0.0622	45.6750	58.1000	
-0.1539	0.2458	0.0605	45.0250	57.9250	
-0.1541	0.2456	0.0595	44.9250	57.8750	
-0.1541	0.2453	0.0588	45.5000	57.5250	
-0.1540	0.2448	0.0580	45.2500	57.1000	
-0.1539	0.2443	0.0571	44.7750	56.7500	
-0.1538	0.2435	0.0554	44.5750	56.6250	
-0.1537	0.2427	0.0540	44.0000	56.4750	
-0.1536	0.2419	0.0523	43.3500	56.4250	
-0.1537	0.2409	0.0500	42.2750	56.4750	
-0.1537	0.2402	0.0481	41.8750	56.4500	
-0.1539	0.2393	0.0455	41.3750	56.6250	
-0.1540	0.2384	0.0430	40.0500	56.7750	
-0.1543	0.2382	0.0415	39.0250	57.0000	
-0.1545	0.2382	0.0407	38.4750	57.3000	
-0.1547	0.2385	0.0408	38.9000	57.2500	
-0.1549	0.2390	0.0412	39.9000	57.3250	
-0.1551	0.2395	0.0417	40.0000	56.9250	
-0.1554	0.2400	0.0420	39.5500	56.9000	
-0.1556	0.2405	0.0424	39.4500	56.8250	
-0.1558	0.2408	0.0424	39.9000	56.7500	
-0.1561	0.2411	0.0423	40.3250	56.5500	
-0.1563	0.2414	0.0422	39.7750	56.6500	
-0.1565	0.2417	0.0422	39.6500	56.3000	
-0.1567	0.2421	0.0426	39.0750	56.1250	
-0.1570	0.2420	0.0414	39.4500	56.0250	
-0.1572	0.2421	0.0409	39.6000	56.1000	
-0.1575	0.2423	0.0406	40.0500	56.0750	
-0.1576	0.2428	0.0410	40.1250	56.0500	
-0.1579	0.2433	0.0413	40.1000	55.9750	
-0.1582	0.2438	0.0416	40.2000	55.8000	
-0.1585	0.2439	0.0409	40.3250	55.6500	
-0.1587	0.2442	0.0407	40.4500	55.7250	
-0.1590	0.2446	0.0407	40.7000	55.6250	
-0.1592	0.2450	0.0408	40.4250	55.6250	
-0.1595	0.2450	0.0400	40.4500	55.6250	
-0.1597	0.2453	0.0399	40.7000	55.4250	
-0.1601	0.2460	0.0406	41.4250	55.5750	
-0.1603	0.2461	0.0399	41.5250	55.4000	
-0.1605	0.2460	0.0388	41.0000	55.3250	
-0.1608	0.2465	0.0390	40.8500	55.3750	
-0.1611	0.2466	0.0385	41.0250	55.3000	
-0.1613	0.2467	0.0379	41.3750	55.3000	
-0.1616	0.2471	0.0380	41.1750	55.5250	
-0.1618	0.2470	0.0371	40.9750	55.3250	
-0.1620	0.2473	0.0370	41.3500	55.3750	
-0.1622	0.2473	0.0363	41.5000	55.3000	
-0.1625	0.2478	0.0365	41.0250	55.5000	
-0.1626	0.2479	0.0364	40.7500	55.6250	
-0.1629	0.2477	0.0350	40.8000	55.5500	
-0.1631	0.2481	0.0351	40.9000	55.8500	
-0.1633	0.2482	0.0347	41.1750	55.8250	
-0.1635	0.2481	0.0337	41.5750	55.8000	
-0.1637	0.2483	0.0337	41.0500	56.1000	
-0.1639	0.2483	0.0330	40.8250	56.1000	
-0.1640	0.2485	0.0330	40.8250	56.2500	
-0.1641	0.2486	0.0331	41.1250	56.2750	
-0.1643	0.2486	0.0322	41.2250	56.3000	
-0.1644	0.2488	0.0324	41.2750	56.5500	
-0.1646	0.2489	0.0321	41.2750	56.6750	
-0.1648	0.2485	0.0306	41.2750	56.6000	
-0.1649	0.2488	0.0311	41.3250	56.9750	
-0.1649	0.2489	0.0309	41.1500	56.8500	
-0.1651	0.2487	0.0301	41.1250	56.8750	
-0.1652	0.2489	0.0300	41.5000	57.3500	
-0.1652	0.2486	0.0294	41.6250	57.0000	
-0.1653	0.2487	0.0292	41.1000	57.2750	
-0.1654	0.2486	0.0289	41.2500	57.5000	
-0.1654	0.2486	0.0286	41.5250	57.5250	
-0.1655	0.2486	0.0285	41.8000	57.6500	
-0.1655	0.2485	0.0281	41.8250	57.3250	
-0.1656	0.2485	0.0279	41.6750	57.5250	
-0.1656	0.2485	0.0278	41.7500	57.4500	
-0.1657	0.2485	0.0276	41.7500	57.6750	
-0.1657	0.2486	0.0276	41.8750	57.4250	
-0.1657	0.2484	0.0272	41.9500	57.4750	
-0.1658	0.2483	0.0268	42.3500	57.4750	
-0.1658	0.2483	0.0267	42.6500	57.6000	
-0.1659	0.2484	0.0268	43.0000	57.6250	
-0.1659	0.2482	0.0263	42.9250	57.6750	
-0.1659	0.2481	0.0258	42.5750	57.3000	
-0.1659	0.2482	0.0259	42.8000	57.3500	
-0.1660	0.2482	0.0260	42.6750	57.6750	
-0.1660	0.2480	0.0253	42.6500	57.2500	
-0.1660	0.2479	0.0251	43.6250	57.4750	
-0.1660	0.2479	0.0250	44.0500	57.5000	
-0.1661	0.2478	0.0247	44.1000	57.8000	
-0.1661	0.2476	0.0241	43.7250	57.5000	
-0.1662	0.2481	0.0251	43.9250	57.5250	
-0.1662	0.2477	0.0239	44.6000	57.4500	
-0.1664	0.2480	0.0240	44.9750	57.8500	
-0.1665	0.2480	0.0238	44.7750	57.2000	
-0.1667	0.2485	0.0239	44.6500	57.2250	
-0.1671	0.2489	0.0240	45.1250	57.4000	
-0.1675	0.2493	0.0234	45.1750	56.8250	
-0.1681	0.2504	0.0239	45.5750	56.4500	
-0.1687	0.2514	0.0242	45.8500	56.1000	
-0.1694	0.2525	0.0246	46.0000	55.6000	
-0.1701	0.2539	0.0254	46.1500	55.5750	
-0.1708	0.2550	0.0257	46.2500	55.0750	
-0.1714	0.2563	0.0267	46.5000	54.6000	
-0.1721	0.2578	0.0279	46.5750	54.3000	
-0.1727	0.2588	0.0283	46.8500	53.9250	
-0.1732	0.2601	0.0294	47.1250	53.7000	
-0.1739	0.2612	0.0298	47.2250	53.5500	
-0.1746	0.2622	0.0300	47.5250	53.4000	
-0.1752	0.2634	0.0306	47.8000	53.1250	
-0.1759	0.2646	0.0309	47.9500	52.9750	
-0.1763	0.2657	0.0322	47.8750	52.9250	
-0.1766	0.2666	0.0333	48.0000	52.8750	
-0.1773	0.2668	0.0318	48.1250	52.5500	
-0.1775	0.2674	0.0321	48.2250	52.5250	
-0.1775	0.2675	0.0324	48.4000	52.3250	
-0.1774	0.2674	0.0326	48.4750	52.2000	
-0.1774	0.2669	0.0314	48.5750	52.0000	
-0.1770	0.2668	0.0326	51.1000	51.8000	
-0.1766	0.2661	0.0323	55.0500	51.8000	
-0.1760	0.2652	0.0321	55.2500	51.8000	
-0.1755	0.2643	0.0316	53.6500	51.8750	
-0.1746	0.2628	0.0310	50.0250	51.7500	
-0.1708	0.2577	0.0319	54.0500	51.3000	
-0.1642	0.2472	0.0295	27.8500	51.3500	
-0.1594	0.2394	0.0274	26.0750	51.4500	
-0.1591	0.2378	0.0247	25.9750	52.0500	
-0.1592	0.2370	0.0225	26.0250	53.1500	
-0.1598	0.2373	0.0209	29.2000	54.0250	
-0.1607	0.2381	0.0198	31.7000	55.6250	
-0.1617	0.2388	0.0182	31.8250	56.7000	
-0.1629	0.2398	0.0167	32.2000	59.5500	
-0.1641	0.2411	0.0156	32.6000	71.5250	
-0.1651	0.2422	0.0147	34.1750	81.5500	
-0.1659	0.2430	0.0138	36.9000	82.1500	
-0.1664	0.2433	0.0131	43.2000	82.8250	
-0.1668	0.2438	0.0129	47.0000	83.9250	
-0.1671	0.2443	0.0129	45.6750	84.1250	
-0.1680	0.2452	0.0123	42.9000	83.7250	
-0.1677	0.2456	0.0141	41.9000	83.5000	
-0.1658	0.2435	0.0155	42.4500	84.4500	
-0.1648	0.2409	0.0128	43.5750	83.6250	
-0.1644	0.2404	0.0128	44.1000	80.2000	
-0.1650	0.2421	0.0147	44.4000	76.6000	
-0.1664	0.2449	0.0169	44.5250	72.5000	
-0.1685	0.2484	0.0179	45.3250	69.5750	
-0.1701	0.2517	0.0204	46.2250	64.8000	
-0.1708	0.2533	0.0215	46.6250	62.8000	
-0.1712	0.2533	0.0203	46.0750	61.7750	
-0.1714	0.2535	0.0202	46.7750	61.3000	
-0.1715	0.2532	0.0192	46.6000	60.8250	
-0.1714	0.2527	0.0182	46.1500	60.5500	
-0.1712	0.2522	0.0179	45.7750	60.4000	
-0.1708	0.2514	0.0173	45.0750	60.1500	
-0.1701	0.2500	0.0163	44.8750	60.2500	
-0.1689	0.2479	0.0155	43.9250	60.3500	
-0.1673	0.2453	0.0147	38.6000	60.9750	
-0.1654	0.2422	0.0136	28.0500	61.7500	
-0.1639	0.2397	0.0128	26.4250	62.9750	
-0.1636	0.2385	0.0111	26.8250	65.1250	
-0.1654	0.2405	0.0099	31.6250	69.1750	
-0.1689	0.2460	0.0112	40.3000	76.4500	
-0.1733	0.2533	0.0133	50.5250	86.4750	
-0.1753	0.2577	0.0170	62.6000	93.2750	
-0.1746	0.2574	0.0185	56.7250	94.5000	
-0.1727	0.2551	0.0194	49.9250	94.7500	
-0.1709	0.2523	0.0190	49.7750	94.4250	
-0.1693	0.2492	0.0173	49.2500	94.0750	
-0.1680	0.2469	0.0159	48.9750	93.0750	
-0.1669	0.2447	0.0149	47.5750	91.9500	
-0.1659	0.2432	0.0144	46.7250	89.8750	
-0.1651	0.2420	0.0144	46.7500	87.0250	
-0.1644	0.2412	0.0149	46.4750	83.1000	
-0.1638	0.2404	0.0151	46.6000	80.1000	
-0.1636	0.2401	0.0149	46.0000	76.8500	
-0.1640	0.2408	0.0153	46.0250	72.3750	
-0.1647	0.2420	0.0156	46.1250	67.5000	
-0.1659	0.2435	0.0154	46.5000	64.2000	
-0.1677	0.2458	0.0143	47.9250	61.3750	
-0.1701	0.2496	0.0153	49.1500	59.2750	
-0.1721	0.2532	0.0171	48.6250	58.3250	
-0.1727	0.2546	0.0182	47.1000	58.1500	
-0.1726	0.2545	0.0185	47.5250	58.2500	
-0.1723	0.2540	0.0184	47.4000	58.2750	
-0.1718	0.2530	0.0176	47.5250	58.2250	
-0.1712	0.2520	0.0172	47.5250	58.1250	
-0.1705	0.2509	0.0169	47.3250	58.1500	
-0.1698	0.2497	0.0167	46.6750	58.3000	
-0.1690	0.2483	0.0161	45.8250	58.3250	
-0.1679	0.2467	0.0160	44.4500	58.4250	
-0.1667	0.2450	0.0160	41.9750	58.8000	
-0.1655	0.2429	0.0151	33.1750	59.4750	
-0.1643	0.2408	0.0142	26.7750	60.0250	
-0.1634	0.2392	0.0135	26.3000	60.7500	
-0.1634	0.2388	0.0125	27.0000	61.8250	
-0.1645	0.2399	0.0114	29.4500	64.4750	
-0.1667	0.2428	0.0110	32.5750	69.3250	
-0.1701	0.2478	0.0111	38.8500	78.6000	
-0.1735	0.2531	0.0123	48.6750	88.5750	
-0.1747	0.2559	0.0147	60.1250	90.5500	
-0.1738	0.2558	0.0174	59.1000	92.5000	
-0.1722	0.2538	0.0181	50.2250	93.3000	
-0.1703	0.2510	0.0178	48.9500	92.9750	
-0.1688	0.2484	0.0171	48.9750	92.3000	
-0.1677	0.2463	0.0157	48.7500	90.8250	
-0.1670	0.2445	0.0141	48.0250	88.6000	
-0.1662	0.2434	0.0139	47.6750	85.7750	
-0.1654	0.2422	0.0139	47.2500	82.9250	
-0.1645	0.2410	0.0142	46.9250	81.2250	
-0.1637	0.2401	0.0145	46.2500	80.3000	
-0.1632	0.2395	0.0150	45.2500	80.1750	
-0.1630	0.2392	0.0149	43.8000	79.4000	
-0.1631	0.2394	0.0150	42.4000	77.9250	
-0.1633	0.2398	0.0152	40.2250	75.9750	
-0.1635	0.2400	0.0151	39.9750	74.1000	
-0.1637	0.2401	0.0146	40.5250	72.3500	
-0.1639	0.2405	0.0148	42.3750	71.6500	
-0.1642	0.2408	0.0145	44.2250	70.6000	
-0.1646	0.2413	0.0144	45.6500	69.7250	
-0.1649	0.2418	0.0143	46.3000	69.0250	
-0.1653	0.2422	0.0139	46.5750	67.6500	
-0.1659	0.2430	0.0137	46.9250	66.2750	
-0.1668	0.2440	0.0135	47.2500	64.9750	
-0.1677	0.2454	0.0136	46.8000	63.7000	
-0.1682	0.2463	0.0141	46.7500	60.3500	
-0.1683	0.2465	0.0144	46.7500	58.9500	
-0.1681	0.2463	0.0145	47.5250	59.6750	
-0.1677	0.2458	0.0145	47.7000	59.8750	
-0.1673	0.2452	0.0146	48.0000	59.9250	
-0.1668	0.2445	0.0147	47.9000	59.9250	
-0.1663	0.2438	0.0145	47.2000	59.6750	
-0.1659	0.2430	0.0142	45.6750	59.7500	
-0.1655	0.2425	0.0142	42.7250	59.9750	
-0.1652	0.2419	0.0140	40.1250	59.9750	
-0.1648	0.2414	0.0139	38.1750	60.2250	
-0.1646	0.2410	0.0138	35.5000	60.6250	
-0.1644	0.2406	0.0133	32.1000	61.5750	
-0.1644	0.2404	0.0129	29.9500	63.0750	
-0.1646	0.2404	0.0123	29.2500	65.3000	
-0.1647	0.2403	0.0115	28.5500	68.7500	
-0.1649	0.2404	0.0112	28.4500	70.2000	
-0.1651	0.2406	0.0109	28.6000	70.5250	
-0.1653	0.2406	0.0104	28.8500	70.5750	
-0.1655	0.2407	0.0101	29.5000	72.2250	
-0.1655	0.2408	0.0101	30.0750	73.2500	
-0.1655	0.2408	0.0103	31.3250	74.2250	
-0.1655	0.2408	0.0101	32.3250	75.1000	
-0.1655	0.2407	0.0098	32.4750	75.7750	
-0.1655	0.2405	0.0096	34.8250	75.9750	
-0.1654	0.2404	0.0096	37.5250	76.0750	
-0.1654	0.2404	0.0097	38.4500	76.2250	
-0.1654	0.2403	0.0095	38.1250	75.9500	
-0.1653	0.2402	0.0094	39.0250	76.0250	
-0.1652	0.2400	0.0093	40.4750	75.9750	
-0.1652	0.2401	0.0096	42.8500	75.9000	
-0.1652	0.2400	0.0094	42.9250	75.9500	
-0.1652	0.2399	0.0091	42.3750	75.5250	
-0.1652	0.2399	0.0091	42.4000	75.3750	
-0.1652	0.2398	0.0090	42.6750	75.0500	
-0.1651	0.2398	0.0090	43.1500	74.6500	
-0.1651	0.2397	0.0089	43.4000	74.0000	
-0.1652	0.2398	0.0089	42.3000	73.5250	
-0.1653	0.2398	0.0087	42.4000	72.9250	
-0.1653	0.2398	0.0086	42.8500	72.3000	
-0.1653	0.2398	0.0086	42.6750	72.1000	
-0.1653	0.2398	0.0085	43.3750	72.2500	
-0.1653	0.2398	0.0084	43.7750	71.0000	
-0.1653	0.2398	0.0083	42.8250	70.3750	
-0.1654	0.2398	0.0083	43.6000	70.1750	
-0.1653	0.2396	0.0081	43.1500	69.9250	
-0.1653	0.2396	0.0082	41.4750	69.8750	
-0.1652	0.2395	0.0082	39.6250	70.0000	
-0.1652	0.2394	0.0079	39.4750	70.1000	
-0.1652	0.2394	0.0080	40.3500	70.3500	
-0.1651	0.2393	0.0081	38.9750	70.8000	
-0.1651	0.2393	0.0081	37.7500	71.3500	
-0.1651	0.2393	0.0079	35.7250	71.7500	
-0.1652	0.2392	0.0075	34.3500	72.0500	
-0.1651	0.2392	0.0077	35.1000	72.2500	
-0.1651	0.2391	0.0077	37.2000	72.6250	
-0.1651	0.2391	0.0076	38.2000	72.7250	
-0.1651	0.2390	0.0076	37.7500	72.7000	
-0.1650	0.2390	0.0075	36.2500	72.6500	
-0.1650	0.2390	0.0075	36.3500	72.7000	
-0.1650	0.2389	0.0073	36.5500	72.7500	
-0.1650	0.2388	0.0074	36.2750	72.9000	
-0.1649	0.2388	0.0075	36.9000	72.9250	
-0.1649	0.2387	0.0072	37.2000	72.8000	
-0.1649	0.2387	0.0073	37.1750	72.7000	
-0.1649	0.2387	0.0073	36.2250	72.3750	
-0.1648	0.2387	0.0074	35.3250	72.3250	
-0.1648	0.2386	0.0074	36.5750	72.3250	
-0.1648	0.2386	0.0074	37.2250	72.1250	
-0.1648	0.2385	0.0073	37.2500	71.9750	
-0.1647	0.2384	0.0073	36.7500	71.9750	
-0.1647	0.2384	0.0072	37.5250	71.9750	
-0.1647	0.2384	0.0072	35.7000	72.0250	
-0.1647	0.2384	0.0073	35.7500	72.1000	
-0.1647	0.2384	0.0072	38.1750	72.0250	
-0.1646	0.2383	0.0073	35.9500	71.9750	
-0.1646	0.2382	0.0073	32.8000	72.0250	
-0.1646	0.2381	0.0070	34.0500	72.1500	
-0.1645	0.2380	0.0070	34.6000	72.5000	
-0.1644	0.2379	0.0071	33.9500	72.6000	
-0.1643	0.2378	0.0072	33.1500	72.7500	
-0.1642	0.2376	0.0072	30.8000	73.1000	
-0.1640	0.2375	0.0075	29.5000	73.4000	
-0.1639	0.2372	0.0073	29.0750	73.5500	
-0.1639	0.2373	0.0073	31.1250	73.6000	
-0.1638	0.2370	0.0069	32.2500	73.6750	
-0.1636	0.2369	0.0072	31.3500	73.9250	
-0.1636	0.2368	0.0073	29.5000	73.9250	
-0.1634	0.2366	0.0073	31.0000	73.8000	
-0.1633	0.2363	0.0072	32.6000	73.5750	
-0.1631	0.2362	0.0076	31.8500	73.4000	
-0.1629	0.2360	0.0076	32.0250	73.2500	
-0.1628	0.2359	0.0078	33.1750	73.0500	
-0.1627	0.2358	0.0077	32.5250	72.8750	
-0.1626	0.2356	0.0078	33.7500	72.8000	
-0.1624	0.2354	0.0080	34.0250	72.5500	
-0.1622	0.2352	0.0081	33.2250	72.5750	
-0.1621	0.2350	0.0081	34.0000	72.5000	
-0.1620	0.2350	0.0083	32.9250	72.3750	
-0.1618	0.2347	0.0082	32.4000	72.2500	
-0.1616	0.2346	0.0085	34.3250	72.3000	
-0.1615	0.2344	0.0085	35.4250	72.4750	
-0.1614	0.2342	0.0085	35.1750	72.4750	
-0.1612	0.2341	0.0088	34.4750	72.6000	
-0.1611	0.2338	0.0086	35.4000	72.6500	
-0.1610	0.2338	0.0089	35.2750	72.6500	
-0.1608	0.2335	0.0089	35.8750	72.7500	
-0.1606	0.2335	0.0094	35.7000	72.5500	
-0.1605	0.2332	0.0092	35.0250	72.3500	
-0.1604	0.2333	0.0097	36.4250	72.3250	
-0.1602	0.2330	0.0096	37.7500	72.2250	
-0.1601	0.2329	0.0098	37.0000	71.8250	
-0.1600	0.2329	0.0101	36.7500	71.6250	
-0.1599	0.2327	0.0099	37.4750	71.4500	
-0.1598	0.2326	0.0100	38.6500	71.2250	
-0.1596	0.2325	0.0102	37.9500	70.9500	
-0.1595	0.2323	0.0105	36.5500	70.6500	
-0.1594	0.2323	0.0105	36.6250	70.5750	
-0.1593	0.2321	0.0106	37.3250	70.6750	
-0.1594	0.2324	0.0110	39.2500	70.8500	
-0.1592	0.2320	0.0108	37.6750	71.5250	
-0.1591	0.2321	0.0113	36.4500	71.9250	
-0.1591	0.2319	0.0109	36.7750	72.1250	
-0.1590	0.2319	0.0111	37.9500	72.7250	
-0.1588	0.2318	0.0115	38.3500	73.6250	
-0.1587	0.2319	0.0120	38.9750	74.7000	
-0.1588	0.2321	0.0122	40.0500	75.4750	
-0.1587	0.2323	0.0131	41.0250	75.5500	
-0.1587	0.2322	0.0128	41.8250	75.3500	
-0.1588	0.2329	0.0141	42.4000	75.4000	
-0.1588	0.2332	0.0147	42.6500	75.3000	
-0.1590	0.2330	0.0139	42.8500	75.5750	
-0.1591	0.2340	0.0157	44.5250	76.0500	
-0.1592	0.2340	0.0154	44.5000	76.7250	
-0.1596	0.2349	0.0162	44.8250	77.2250	
-0.1600	0.2354	0.0160	45.2500	78.3000	
-0.1602	0.2361	0.0169	45.5750	79.2250	
-0.1605	0.2365	0.0170	46.1500	80.4250	
-0.1609	0.2377	0.0183	46.6250	81.7000	
-0.1615	0.2386	0.0183	46.9250	84.3250	
-0.1619	0.2394	0.0190	48.2000	87.7500	
-0.1625	0.2404	0.0191	48.6000	89.1250	
-0.1630	0.2412	0.0195	49.3250	89.8750	
-0.1635	0.2419	0.0194	49.6250	90.5000	
-0.1641	0.2423	0.0183	50.2250	91.0250	
-0.1647	0.2432	0.0186	51.3750	91.5500	
-0.1650	0.2443	0.0203	51.7750	92.0500	
-0.1656	0.2451	0.0202	52.2250	92.2750	
-0.1660	0.2460	0.0207	52.8500	92.4750	
-0.1662	0.2463	0.0205	52.7000	92.6000	
-0.1665	0.2464	0.0200	52.8500	92.7000	
-0.1665	0.2463	0.0195	52.4250	92.6500	
-0.1665	0.2460	0.0190	52.0250	92.5250	
-0.1664	0.2457	0.0186	52.4500	92.4750	
-0.1664	0.2454	0.0179	52.0500	92.3250	
-0.1662	0.2449	0.0174	51.5750	92.2250	
-0.1663	0.2448	0.0170	51.6000	92.1000	
-0.1663	0.2444	0.0160	51.1750	92.1000	
-0.1663	0.2442	0.0156	50.6000	91.9250	
-0.1662	0.2441	0.0156	50.5250	91.9000	
-0.1662	0.2438	0.0147	49.9500	91.8500	
-0.1662	0.2437	0.0147	49.6000	91.8500	
-0.1662	0.2436	0.0144	49.1750	91.8250	
-0.1661	0.2434	0.0144	48.7000	91.7250	
-0.1662	0.2433	0.0136	48.4250	91.7000	
-0.1661	0.2431	0.0138	48.1500	91.6000	
-0.1661	0.2430	0.0133	47.4000	91.6000	
-0.1662	0.2428	0.0126	46.6250	91.5250	
-0.1661	0.2427	0.0126	46.8250	91.4250	
-0.1662	0.2428	0.0124	46.8750	91.3250	
-0.1662	0.2425	0.0121	45.7750	91.2750	
-0.1662	0.2424	0.0117	45.3750	91.2000	
-0.1662	0.2424	0.0115	45.0750	91.1250	
-0.1662	0.2423	0.0114	44.8250	91.0000	
-0.1662	0.2422	0.0110	44.6250	90.8250	
-0.1662	0.2421	0.0109	44.4000	90.5500	
-0.1661	0.2420	0.0111	44.6000	90.3000	
-0.1661	0.2422	0.0115	44.0750	90.0500	
-0.1660	0.2419	0.0112	44.2250	90.1750	
-0.1661	0.2418	0.0106	44.3250	90.0000	
-0.1662	0.2417	0.0101	44.4500	89.8250	
-0.1661	0.2416	0.0101	44.3250	89.8000	
-0.1660	0.2416	0.0103	44.2500	89.7500	
-0.1659	0.2413	0.0100	44.1250	89.6250	
-0.1660	0.2413	0.0098	44.0750	89.6000	
-0.1659	0.2412	0.0097	44.1500	89.3750	
-0.1659	0.2410	0.0093	44.0500	89.2250	
-0.1657	0.2409	0.0095	43.8250	89.1500	
-0.1656	0.2409	0.0100	43.9000	89.0750	
-0.1656	0.2407	0.0094	44.2250	88.9250	
-0.1654	0.2405	0.0096	44.2000	88.8750	
-0.1655	0.2404	0.0094	44.5500	88.8250	
-0.1654	0.2402	0.0093	44.2250	88.6750	
-0.1654	0.2402	0.0092	43.5750	88.5750	
-0.1653	0.2401	0.0094	44.4000	88.4500	
-0.1652	0.2400	0.0092	44.5000	88.3750	
-0.1652	0.2398	0.0091	44.1500	88.2500	
-0.1651	0.2397	0.0091	44.1000	88.1500	
-0.1650	0.2396	0.0091	44.7750	88.0500	
-0.1649	0.2394	0.0090	44.6250	88.1000	
-0.1649	0.2393	0.0089	44.1250	88.0250	
-0.1648	0.2394	0.0092	44.5250	88.0500	
-0.1647	0.2391	0.0088	44.1000	87.9750	
-0.1645	0.2390	0.0092	44.1250	87.8250	
-0.1645	0.2389	0.0093	44.2250	87.7000	
-0.1645	0.2387	0.0086	44.3000	87.5750	
-0.1645	0.2386	0.0085	43.9750	87.5000	
-0.1644	0.2386	0.0088	44.4000	87.2750	
-0.1643	0.2383	0.0085	44.4500	87.1750	
-0.1643	0.2383	0.0085	44.1500	87.0500	
-0.1642	0.2382	0.0087	44.3250	87.0500	
-0.1641	0.2380	0.0083	44.1250	86.9500	
-0.1641	0.2380	0.0084	44.4500	86.8250	
-0.1639	0.2378	0.0085	44.3500	86.6750	
-0.1638	0.2377	0.0085	44.3250	86.5250	
-0.1638	0.2377	0.0085	44.2500	86.3500	
-0.1637	0.2375	0.0084	44.3250	86.2500	
-0.1636	0.2374	0.0087	44.1750	86.2250	
-0.1636	0.2374	0.0088	43.7750	86.1250	
-0.1632	0.2372	0.0094	43.9750	86.0250	
-0.1634	0.2371	0.0087	45.1000	85.9500	
-0.1633	0.2371	0.0088	45.0250	85.7500	
-0.1633	0.2369	0.0086	43.9500	85.6500	
-0.1632	0.2369	0.0087	43.7250	85.4500	
-0.1630	0.2367	0.0090	44.7500	85.2500	
-0.1628	0.2367	0.0095	44.4000	85.0750	
-0.1631	0.2365	0.0083	44.4000	85.0000	
-0.1629	0.2364	0.0084	44.3500	84.9500	
-0.1628	0.2362	0.0086	43.9500	84.9250	
-0.1626	0.2362	0.0091	44.6000	84.8000	
-0.1626	0.2360	0.0088	44.5750	84.7000	
-0.1625	0.2358	0.0087	44.9750	84.7000	
-0.1623	0.2356	0.0089	44.7750	84.6250	
-0.1622	0.2354	0.0087	44.3500	84.6000	
-0.1620	0.2352	0.0089	43.9250	84.5500	
-0.1618	0.2349	0.0087	44.3000	84.4750	
-0.1616	0.2346	0.0088	45.0250	84.4000	
-0.1613	0.2343	0.0090	44.7750	84.3250	
-0.1610	0.2340	0.0092	44.7750	84.3000	
-0.1608	0.2338	0.0094	44.1500	84.2250	
-0.1607	0.2334	0.0091	44.1500	84.2000	
-0.1604	0.2331	0.0091	43.8750	84.1750	
-0.1602	0.2328	0.0091	44.1500	84.0500	
-0.1599	0.2325	0.0094	43.7750	83.9000	
-0.1597	0.2323	0.0097	44.5500	83.9000	
-0.1594	0.2318	0.0096	44.1000	83.7000	
-0.1592	0.2316	0.0098	43.8250	83.6000	
-0.1589	0.2314	0.0103	43.9500	83.5000	
-0.1586	0.2312	0.0107	43.4750	83.4250	
-0.1584	0.2308	0.0107	43.5000	83.3250	
-0.1582	0.2307	0.0111	44.4000	83.2750	
-0.1580	0.2303	0.0107	44.1000	83.1750	
-0.1580	0.2303	0.0108	44.9500	83.1500	
-0.1577	0.2300	0.0109	43.9250	83.0000	
-0.1576	0.2300	0.0113	44.2750	82.9000	
-0.1573	0.2295	0.0110	44.5000	82.8250	
-0.1571	0.2291	0.0111	44.1250	82.6000	
-0.1569	0.2290	0.0113	43.9500	82.5750	
-0.1569	0.2289	0.0113	45.0750	82.4500	
-0.1567	0.2288	0.0115	42.8250	82.3250	
-0.1564	0.2287	0.0123	44.5250	82.3750	
-0.1563	0.2282	0.0116	45.0500	82.2250	
-0.1560	0.2279	0.0116	43.4000	82.1750	
-0.1557	0.2278	0.0127	44.4000	82.1000	
-0.1557	0.2276	0.0122	44.1000	81.9000	
-0.1555	0.2275	0.0123	43.9250	81.7750	
-0.1555	0.2276	0.0127	43.8250	81.5250	
-0.1554	0.2277	0.0132	45.5000	81.4250	
-0.1551	0.2269	0.0124	44.9500	81.2750	
-0.1550	0.2270	0.0129	42.5000	80.9750	
-0.1550	0.2273	0.0137	44.9250	80.9500	
-0.1549	0.2268	0.0128	45.8750	80.7750	
-0.1547	0.2266	0.0130	43.8500	80.8000	
-0.1547	0.2272	0.0143	45.3750	80.6000	
-0.1543	0.2266	0.0144	45.0500	80.5000	
-0.1542	0.2265	0.0144	43.4000	80.3250	
-0.1542	0.2265	0.0145	43.4500	80.3000	
-0.1540	0.2263	0.0146	44.1500	79.9000	
-0.1541	0.2264	0.0146	46.2500	79.4250	
-0.1542	0.2265	0.0145	45.9750	79.2000	
-0.1540	0.2263	0.0147	45.1250	79.1250	
-0.1538	0.2263	0.0155	46.6250	78.9000	
-0.1538	0.2266	0.0158	45.0000	78.7750	
-0.1538	0.2262	0.0152	45.7000	78.4250	
-0.1538	0.2263	0.0155	46.6000	78.3250	
-0.1533	0.2264	0.0172	45.1250	78.2500	
-0.1534	0.2261	0.0164	46.0250	78.1500	
0.3939	49.9750	0.4787	50.0000	
0.3671	50.1500	0.4638	50.0000	
0.3423	50.4000	0.4471	50.0000	
0.3180	50.3250	0.4275	50.0000	
0.2974	49.6000	0.4072	50.0000	
0.2799	49.7250	0.3875	50.7750	
0.2672	49.4250	0.3681	55.2500	
0.2585	49.8500	0.3506	55.0750	
0.2538	49.4000	0.3352	54.4000	
0.2520	43.7000	0.3221	55.6750	
0.2517	35.6250	0.3112	53.9250	
0.2513	36.4500	0.3029	55.3750	
0.2510	44.3750	0.2963	56.9000	
0.2508	51.1500	0.2913	58.9500	
0.2506	51.6750	0.2869	62.8500	
0.2505	51.1500	0.2832	67.6750	
0.2504	48.0250	0.2798	71.4750	
0.2503	41.7750	0.2759	74.0000	
0.2502	39.9500	0.2711	75.2500	
0.2501	40.5750	0.2665	75.6250	
0.2500	44.4500	0.2621	75.8250	
0.2500	48.3250	0.2578	76.5750	
0.2499	49.1750	0.2533	76.6750	
0.2498	46.1750	0.2487	76.5750	
0.2497	44.0500	0.2439	76.6750	
0.2496	44.5750	0.2391	76.7750	
0.2496	47.0000	0.2341	76.8000	
0.2495	44.6000	0.2292	77.1500	
0.2494	45.8500	0.2244	77.2000	
0.2493	47.8500	0.2199	77.1750	
0.2493	47.0500	0.2159	77.4250	
0.2492	43.5750	0.2126	77.5250	
0.2491	44.1000	0.2095	77.4750	
0.2491	42.2000	0.2067	77.7000	
0.2490	44.0000	0.2041	77.9500	
0.2489	47.7750	0.2015	78.1250	
0.2489	46.4250	0.1991	78.3500	
0.2488	45.0000	0.1969	78.6250	
0.2487	43.0500	0.1947	78.8000	
0.2487	45.5500	0.1927	79.1250	
0.2486	45.5250	0.1908	79.7000	
0.2486	47.6250	0.1892	79.9000	
0.2484	45.8250	0.1874	79.8250	
0.2484	43.1000	0.1860	80.3000	
0.2484	47.4500	0.1846	80.3000	
0.2483	48.3500	0.1834	80.3500	
0.2482	47.0500	0.1822	80.3000	
0.2481	44.3500	0.1810	80.3250	
0.2480	45.5750	0.1799	80.3750	
0.2480	48.8000	0.1788	80.2500	
0.2479	49.0000	0.1778	80.3750	
0.2478	48.0750	0.1768	80.2750	
0.2477	49.0250	0.1754	80.3750	
0.2476	49.8250	0.1731	80.2750	
0.2475	49.4750	0.1698	80.4250	
0.2475	47.3000	0.1660	80.4000	
0.2474	47.3000	0.1622	80.4250	
0.2473	48.4250	0.1587	80.2250	
0.2472	49.3500	0.1561	80.1500	
0.2471	49.5000	0.1542	80.3750	
0.2470	48.5750	0.1529	80.3500	
0.2470	48.2250	0.1521	80.2750	
0.2468	47.9500	0.1515	80.2750	
0.2468	48.3750	0.1511	80.2750	
0.2467	48.5250	0.1508	80.2750	
0.2466	49.0000	0.1506	80.2250	
0.2465	49.4000	0.1504	80.2500	
0.2464	48.6250	0.1502	80.3000	
0.2463	47.8500	0.1500	80.3500	
0.2462	47.3000	0.1499	80.4250	
0.2461	47.9250	0.1497	80.2750	
0.2460	47.9500	0.1496	80.1750	
0.2459	48.5500	0.1494	80.2250	
0.2459	47.4500	0.1493	79.9750	
0.2457	47.3500	0.1491	80.0500	
0.2456	47.6750	0.1490	80.1250	
0.2455	47.1000	0.1489	80.1750	
0.2454	46.5000	0.1488	80.1750	
0.2452	44.2500	0.1487	79.9500	
0.2451	45.2000	0.1486	80.1250	
0.2451	46.5250	0.1485	80.0500	
0.2449	46.7250	0.1483	80.1000	
0.2448	45.7250	0.1482	80.0250	
0.2447	46.5000	0.1481	80.1000	
0.2445	45.5000	0.1480	79.9000	
0.2444	43.5750	0.1478	79.8500	
0.2442	44.0750	0.1477	79.8500	
0.2441	45.1000	0.1475	79.9000	
0.2440	43.7000	0.1474	79.9000	
0.2438	44.0250	0.1473	79.8500	
0.2436	49.8750	0.1471	79.8000	
0.2434	53.2750	0.1470	79.9250	
0.2432	53.4000	0.1469	79.9250	
0.2431	58.1750	0.1467	79.9250	
0.2429	51.0750	0.1466	79.9250	
0.2427	54.9250	0.1465	79.9250	
0.2425	53.2500	0.1463	79.9500	
0.2424	52.6250	0.1462	79.9500	
0.2421	59.6500	0.1461	79.9500	
0.2419	60.2000	0.1459	80.0000	
0.2418	63.6750	0.1458	79.9250	
0.2415	64.9500	0.1457	80.0500	
0.2413	59.7000	0.1455	80.0500	
0.2411	62.6000	0.1454	80.0000	
0.2409	69.3500	0.1453	80.0750	
0.2407	69.7250	0.1451	80.1000	
0.2405	69.0750	0.1450	80.1750	
0.2403	53.3750	0.1449	80.1000	
0.2399	61.7250	0.1447	80.1500	
0.2398	69.2500	0.1446	80.1750	
0.2395	69.3250	0.1444	80.2000	
0.2393	69.6250	0.1443	80.2750	
0.2390	52.2500	0.1441	80.2250	
0.2388	62.4000	0.1440	80.2750	
0.2384	70.0250	0.1438	80.2500	
0.2381	65.4750	0.1436	80.2500	
0.2379	70.8250	0.1435	80.3000	
0.2376	60.1500	0.1433	80.2750	
0.2373	68.9750	0.1431	80.3250	
0.2370	67.0250	0.1430	80.3750	
0.2366	58.5250	0.1428	80.3500	
0.2364	70.3500	0.1426	80.3750	
0.2360	70.4750	0.1424	80.4000	
0.2356	71.7750	0.1422	80.4000	
0.2354	70.0250	0.1420	80.4250	
0.2350	55.2750	0.1417	80.4250	
0.2346	69.3250	0.1415	80.4750	
0.2344	71.3500	0.1414	80.5750	
0.2339	63.6500	0.1411	80.4750	
0.2335	69.5500	0.1408	80.5250	
0.2331	66.2000	0.1406	80.5500	
0.2328	67.7500	0.1403	80.6000	
0.2323	71.9000	0.1400	80.5750	
0.2319	70.7250	0.1398	80.6750	
0.2314	61.4250	0.1395	80.6250	
0.2310	69.9250	0.1392	80.6250	
0.2305	68.9000	0.1389	80.6750	
0.2300	70.2500	0.1385	80.8000	
0.2295	71.3500	0.1382	80.7750	
0.2290	66.0000	0.1379	80.7250	
0.2286	72.7500	0.1376	80.9500	
0.2281	55.2250	0.1371	80.9000	
0.2274	68.2750	0.1368	80.9500	
0.2269	72.1750	0.1364	80.9250	
0.2262	71.3500	0.1359	81.1250	
0.2256	59.4750	0.1355	80.9750	
0.2251	64.8000	0.1350	81.0500	
0.2244	71.0750	0.1346	81.2250	
0.2238	70.1500	0.1341	81.1750	
0.2232	55.8750	0.1336	81.3500	
0.2225	63.8750	0.1331	81.4000	
0.2218	65.1250	0.1326	81.5250	
0.2211	56.4250	0.1320	81.5250	
0.2204	52.3750	0.1315	81.3500	
0.2197	60.1000	0.1309	81.6000	
0.2190	59.9750	0.1303	81.5750	
0.2184	53.8000	0.1297	81.7500	
0.2178	52.0000	0.1291	81.5250	
0.2169	54.6000	0.1284	81.7250	
0.2162	52.0250	0.1277	81.8750	
0.2155	51.9500	0.1270	81.9500	
0.2147	51.9750	0.1263	81.7750	
0.2139	52.2500	0.1256	81.9750	
0.2132	52.1500	0.1248	82.0500	
0.2124	52.0500	0.1240	82.1500	
0.2115	52.4500	0.1231	82.3000	
0.2108	51.8500	0.1224	82.3000	
0.2099	52.1750	0.1214	82.4250	
0.2093	51.7500	0.1208	82.4250	
0.2085	52.3750	0.1197	82.6750	
0.2076	51.9250	0.1188	82.5500	
0.2068	51.8500	0.1177	82.7250	
0.2060	51.8750	0.1168	82.7250	
0.2054	51.7250	0.1159	82.9500	
0.2045	52.2500	0.1149	82.9250	
0.2037	52.1000	0.1139	83.0000	
0.2030	51.7750	0.1130	83.1000	
0.2022	51.8250	0.1119	83.1250	
0.2015	51.6000	0.1109	83.3000	
0.2007	51.9250	0.1098	83.2750	
0.1999	51.7000	0.1089	83.4000	
0.1993	51.5250	0.1078	83.4750	
0.1986	51.5750	0.1067	83.5000	
0.1979	51.7000	0.1056	83.5500	
0.1969	51.6000	0.1047	83.7750	
0.1964	51.6750	0.1034	83.7250	
0.1956	51.8250	0.1023	83.7000	
0.1949	51.7000	0.1012	83.7750	
0.1941	51.7750	0.1000	83.9000	
0.1934	51.6500	0.0988	84.0250	
0.1928	51.4750	0.0978	84.1750	
0.1922	51.8000	0.0966	84.0500	
0.1915	51.6750	0.0953	84.2250	
0.1909	51.7750	0.0941	84.4250	
0.1902	51.3250	0.0928	84.5500	
0.1897	51.6500	0.0917	84.4750	
0.1890	51.7500	0.0905	84.6500	
0.1889	51.6500	0.0896	84.7750	
0.1878	51.6750	0.0884	84.9250	
0.1874	51.5250	0.0872	84.8750	
0.1868	51.7000	0.0860	85.0750	
0.1861	51.7750	0.0850	85.2750	
0.1854	51.5000	0.0839	85.1250	
0.1848	51.6500	0.0827	85.3250	
0.1843	51.7500	0.0816	85.6500	
0.1838	51.3000	0.0805	85.6000	
0.1834	51.3750	0.0795	85.6750	
0.1831	51.5250	0.0785	85.8000	
0.1823	50.7500	0.0774	85.8500	
0.1817	50.7250	0.0763	85.9500	
0.1811	49.0250	0.0754	85.9750	
0.1805	48.0250	0.0744	86.0250	
0.1799	46.1000	0.0735	86.0500	
0.1793	45.2500	0.0726	86.1000	
0.1787	44.0250	0.0717	86.2000	
0.1783	44.2750	0.0709	86.0500	
0.1778	43.8250	0.0699	86.2250	
0.1772	43.2750	0.0690	86.3250	
0.1766	43.1750	0.0683	86.3750	
0.1760	43.2500	0.0674	86.3250	
0.1756	43.2000	0.0665	86.4250	
0.1750	42.5000	0.0658	86.4000	
0.1745	42.9750	0.0651	86.3750	
0.1741	43.4500	0.0643	86.3750	
0.1736	42.9750	0.0636	86.4000	
0.1731	43.3250	0.0631	86.3000	
0.1727	43.5250	0.0623	86.4250	
0.1722	43.2250	0.0618	86.3750	
0.1718	44.5250	0.0612	86.4000	
0.1714	45.6000	0.0606	86.2250	
0.1710	43.9250	0.0600	86.2000	
0.1707	43.8750	0.0594	86.1000	
0.1704	45.4500	0.0589	86.2250	
0.1699	45.1250	0.0584	86.2000	
0.1697	42.7750	0.0579	86.0000	
0.1693	43.6500	0.0574	85.9000	
0.1690	45.1500	0.0570	86.0000	
0.1685	43.3500	0.0564	85.9000	
0.1686	43.1000	0.0560	85.7750	
0.1678	44.1500	0.0556	85.7250	
0.1675	44.7750	0.0552	85.7000	
0.1672	43.9250	0.0549	85.5750	
0.1671	43.7250	0.0545	85.3500	
0.1666	44.2750	0.0541	85.3750	
0.1665	44.4250	0.0537	85.3500	
0.1660	44.8500	0.0534	85.1750	
0.1658	44.9500	0.0531	84.9250	
0.1656	44.4250	0.0528	84.8500	
0.1653	45.2750	0.0524	84.7750	
0.1650	44.7250	0.0520	84.5500	
0.1650	44.6250	0.0518	84.5500	
0.1646	45.2250	0.0515	84.4500	
0.1644	45.4000	0.0512	84.2000	
0.1641	45.8500	0.0509	84.2000	
0.1643	44.9250	0.0507	84.1250	
0.1638	44.4000	0.0504	83.8750	
0.1635	45.6500	0.0502	83.9000	
0.1632	46.2500	0.0499	83.7500	
0.1630	46.3750	0.0496	83.5750	
0.1629	44.8750	0.0493	83.5250	
0.1628	45.1000	0.0493	83.3000	
0.1625	45.9750	0.0490	83.1500	
0.1625	45.7000	0.0489	83.1250	
0.1623	45.4500	0.0485	82.9750	
0.1619	44.5250	0.0484	82.6750	
0.1618	45.4000	0.0482	82.5500	
0.1616	45.9750	0.0478	82.5750	
0.1615	45.5750	0.0476	82.2250	
0.1614	44.9250	0.0474	82.1750	
0.1612	44.6250	0.0472	82.1750	
0.1611	43.7750	0.0470	81.9500	
0.1610	45.2750	0.0468	81.9250	
0.1610	44.4000	0.0466	81.6500	
0.1605	43.6500	0.0463	81.6000	
0.1604	45.4250	0.0460	81.3250	
0.1602	45.5500	0.0458	81.2750	
0.1601	44.9250	0.0457	81.1250	
0.1601	45.2500	0.0453	80.9250	
0.1598	44.0750	0.0451	80.8000	
0.1597	45.1500	0.0449	80.7500	
0.1596	45.9250	0.0447	80.5500	
0.1594	46.3500	0.0445	80.5250	
0.1594	45.1500	0.0443	80.2250	
0.1593	45.0000	0.0441	80.4000	
0.1591	45.5250	0.0439	80.0250	
0.1591	46.7500	0.0436	79.8250	
0.1590	46.4500	0.0433	79.7500	
0.1588	46.2750	0.0431	79.7000	
0.1587	46.4500	0.0429	79.6250	
0.1587	46.1250	0.0427	79.5500	
0.1589	46.5250	0.0426	79.4750	
0.1586	48.0500	0.0424	79.3250	
0.1589	47.9250	0.0421	79.3750	
0.1587	46.9500	0.0419	78.9750	
0.1582	47.7000	0.0418	79.1750	
0.1582	47.8000	0.0415	78.9000	
0.1582	46.7750	0.0413	78.7250	
0.1580	47.7750	0.0411	78.6250	
0.1579	48.3250	0.0409	78.6750	
0.1579	48.6750	0.0408	78.6750	
0.1578	48.0250	0.0406	78.4250	
0.1577	48.2250	0.0404	78.3500	
0.1575	48.1500	0.0403	78.3250	
0.1575	48.3500	0.0401	78.2500	
0.1576	48.3750	0.0399	78.3500	
0.1578	48.5500	0.0398	78.1750	
0.1576	48.1250	0.0396	78.1000	
0.1574	48.3750	0.0395	78.0500	
0.1573	48.4500	0.0393	78.1000	
0.1573	48.3500	0.0392	77.9500	
0.1571	47.8250	0.0391	78.0750	
0.1572	48.0750	0.0389	77.9500	
0.1572	48.2250	0.0387	77.7500	
0.1569	48.3750	0.0386	77.7250	
0.1568	48.2250	0.0384	77.8000	
0.1569	47.8750	0.0383	77.7250	
0.1570	48.1500	0.0382	77.6750	
0.1568	48.6000	0.0382	77.5000	
0.1566	48.6000	0.0380	77.5000	
0.1566	47.9500	0.0378	77.5250	
0.1565	48.0000	0.0377	77.3500	
0.1564	48.4250	0.0376	77.3250	
0.1563	48.1750	0.0374	77.4250	
0.1562	48.1750	0.0373	77.3750	
0.1563	49.0250	0.0371	77.0750	
0.1563	48.3500	0.0370	77.0500	
0.1562	48.1000	0.0369	77.2500	
0.1561	48.4250	0.0368	77.0500	
0.1561	48.4750	0.0366	77.2000	
0.1560	48.2500	0.0365	77.0000	
0.1560	48.2250	0.0363	76.9500	
0.1559	48.1000	0.0362	76.8750	
0.1558	48.3750	0.0361	76.8500	
0.1559	48.5750	0.0360	77.0500	
0.1558	48.0000	0.0358	76.6750	
0.1559	47.9000	0.0356	76.6250	
0.1558	48.2500	0.0355	76.6000	
0.1557	47.9750	0.0354	76.7250	
0.1556	48.0250	0.0353	76.7750	
0.1557	47.1500	0.0351	76.5000	
0.1556	47.2000	0.0350	76.6000	
0.1557	48.1250	0.0351	76.6000	
0.1558	48.0000	0.0348	76.6250	
0.1557	47.9750	0.0347	76.2250	
0.1555	47.8250	0.0345	76.5250	
0.1553	47.7250	0.0345	76.4750	
0.1554	47.8000	0.0344	76.3000	
0.1553	47.6000	0.0342	76.4250	
0.1553	47.3500	0.0341	76.4750	
0.1553	47.5250	0.0341	76.3500	
0.1553	47.8750	0.0339	76.3500	
0.1552	47.2750	0.0338	76.1750	
0.1551	47.2250	0.0337	76.3250	
0.1552	46.9750	0.0337	76.1500	
0.1552	47.2500	0.0334	76.3000	
0.1551	46.9000	0.0333	76.3750	
0.1551	46.7500	0.0332	76.1500	
0.1550	46.7250	0.0331	76.2500	
0.1550	47.1750	0.0330	76.1250	
0.1550	46.9750	0.0329	76.2000	
0.1550	46.4000	0.0328	76.2000	
0.1550	45.9500	0.0327	76.1250	
0.1549	46.7250	0.0325	76.1250	
0.1548	46.6750	0.0324	76.2000	
0.1548	46.5500	0.0323	76.1250	
0.1548	46.0500	0.0322	76.1000	
0.1548	45.9250	0.0322	75.9750	
0.1548	46.2000	0.0321	76.1500	
0.1548	46.4500	0.0319	76.1250	
0.1546	46.5500	0.0318	76.0000	
0.1546	45.8000	0.0317	76.0750	
0.1546	45.5500	0.0315	76.1500	
0.1547	45.5000	0.0315	76.0250	
0.1547	46.3000	0.0314	76.1250	
0.1545	45.5250	0.0313	76.0000	
0.1545	45.5500	0.0312	76.0000	
0.1547	46.3750	0.0312	76.2500	
0.1546	45.6500	0.0310	76.0750	
0.1546	45.8750	0.0309	76.0250	
0.1545	45.4750	0.0308	76.0250	
0.1544	45.4000	0.0307	76.0750	
0.1543	45.4000	0.0306	76.1250	
0.1542	44.9500	0.0305	76.0250	
0.1543	44.9750	0.0305	75.9500	
0.1544	46.0250	0.0305	76.3000	
0.1542	45.5000	0.0303	76.0000	
0.1542	44.9000	0.0302	75.9000	
0.1543	45.0500	0.0301	76.0750	
0.1543	45.5500	0.0300	76.0500	
0.1542	44.9750	0.0299	76.0000	
0.1544	45.2500	0.0298	76.0000	
0.1543	45.4000	0.0297	75.9750	
0.1541	45.2250	0.0296	76.0250	
0.1540	44.9000	0.0295	76.2750	
0.1540	45.0250	0.0295	75.8000	
0.1540	44.7500	0.0293	75.9250	
0.1540	44.9250	0.0292	76.0000	
0.1539	44.7750	0.0291	75.9000	
0.1539	44.5000	0.0291	75.8250	
0.1539	44.9000	0.0290	75.9500	
0.1540	44.9000	0.0289	76.0250	
0.1540	45.5750	0.0288	75.9000	
0.1541	44.6250	0.0288	75.7500	
0.1539	45.1750	0.0287	76.1000	
0.1539	44.6500	0.0285	76.0000	
0.1538	45.1500	0.0285	75.7500	
0.1539	44.8250	0.0284	75.8000	
0.1539	45.3500	0.0283	75.9500	
0.1540	45.1000	0.0283	75.7500	
0.1538	45.1500	0.0282	75.8000	
0.1536	45.4000	0.0281	75.9500	
0.1538	45.1250	0.0280	75.7500	
0.1539	45.7500	0.0279	75.8750	
0.1537	45.8500	0.0278	75.7250	
0.1536	45.1000	0.0277	75.7000	
0.1536	45.3250	0.0276	75.7750	
0.1535	44.9250	0.0276	75.8500	
0.1536	45.4000	0.0275	75.7500	
0.1537	45.6250	0.0274	75.7500	
0.1536	45.1750	0.0273	75.9000	
0.1535	45.3250	0.0272	75.8000	
0.1534	45.6250	0.0271	75.7000	
0.1534	45.5750	0.0271	75.8750	
0.1536	46.2000	0.0270	75.8500	
0.1535	45.1750	0.0269	75.6750	
0.1537	45.8000	0.0268	75.7250	
0.1535	45.5250	0.0267	75.8000	
0.1535	45.5250	0.0267	75.8000	
0.1535	45.5000	0.0266	75.7500	
0.1534	45.9750	0.0265	75.7000	
0.1534	45.4500	0.0264	75.7250	
0.1534	44.9250	0.0263	75.6750	
0.1534	46.0500	0.0263	75.7000	
0.1534	46.2500	0.0262	75.7750	
0.1533	46.2500	0.0261	75.6500	
0.1533	45.7500	0.0260	75.6750	
0.1532	45.7250	0.0260	75.7250	
0.1533	46.3000	0.0261	75.6750	
0.1533	45.6750	0.0258	75.6250	
0.1531	45.9000	0.0258	75.9500	
0.1531	45.8250	0.0258	75.6500	
0.1531	46.1000	0.0256	75.5500	
0.1530	46.0000	0.0255	75.7250	
0.1531	45.8750	0.0255	75.6750	
0.1529	46.0750	0.0254	75.6000	
0.1530	46.1000	0.0254	75.7250	
0.1529	46.2750	0.0252	75.6750	
0.1531	46.0750	0.0252	75.5750	
0.1530	46.0500	0.0251	75.6000	
0.1531	45.9750	0.0251	75.6500	
0.1531	46.5000	0.0249	75.5750	
0.1530	46.1750	0.0248	75.5750	
0.1528	46.6250	0.0248	75.6750	
0.1529	46.5500	0.0248	75.5750	
0.1528	46.7000	0.0247	75.7000	
0.1529	46.7000	0.0246	75.5750	
0.1530	45.9250	0.0245	75.5500	
0.1528	46.7000	0.0244	75.5750	
0.1529	46.4750	0.0243	75.5750	
0.1527	46.6000	0.0242	75.5500	
0.1527	46.0000	0.0242	75.5750	
0.1527	46.3750	0.0241	75.4250	
0.1529	46.4000	0.0241	75.5750	
0.1527	47.1500	0.0240	75.5500	
0.1527	46.5750	0.0238	75.4750	
0.1526	46.6000	0.0239	75.5250	
0.1526	46.8000	0.0238	75.5250	
0.1526	46.7250	0.0236	75.4750	
0.1526	46.7500	0.0236	75.5250	
0.1525	47.1250	0.0236	75.4250	
0.1527	47.7000	0.0235	75.5000	
0.1527	47.0500	0.0234	75.4000	
0.1525	47.2250	0.0233	75.4500	
0.1525	47.1750	0.0232	75.4250	
0.1526	46.6500	0.0232	75.4750	
0.1524	47.6500	0.0231	75.3500	
0.1527	47.2250	0.0230	75.3500	
0.1527	47.7500	0.0230	75.4250	
0.1524	47.3500	0.0229	75.4250	
0.1524	47.2500	0.0228	75.3000	
0.1523	47.6250	0.0227	75.3500	
0.1525	46.9750	0.0227	75.4750	
0.1525	48.2250	0.0226	75.4000	
0.1523	46.9750	0.0226	75.3500	
0.1523	47.7750	0.0225	75.4750	
0.1523	47.2500	0.0224	75.4500	
0.1523	47.8250	0.0224	75.3000	
0.1523	47.1750	0.0224	75.3750	
0.1523	47.9750	0.0222	75.4000	
0.1522	47.2250	0.0222	75.3000	
0.1522	47.4750	0.0220	75.3500	
0.1522	47.3250	0.0219	75.3250	
0.1522	48.3500	0.0219	75.5000	
0.1522	47.4000	0.0219	75.4250	
0.1521	48.0750	0.0217	75.4250	
0.1521	47.7250	0.0216	75.3250	
0.1522	48.4000	0.0216	75.4250	
0.1523	47.6750	0.0216	75.3250	
0.1521	48.2250	0.0215	75.3000	
0.1525	47.5250	0.0216	75.4250	
0.1521	48.2750	0.0213	75.4750	
0.1523	47.4500	0.0212	75.3250	
0.1521	48.3750	0.0212	75.3250	
0.1521	47.6750	0.0211	75.3250	
0.1520	47.9000	0.0210	75.2500	
0.1520	48.4500	0.0210	75.4250	
0.1520	47.4750	0.0209	75.2750	
0.1522	49.1000	0.0209	75.2250	
0.1520	47.1750	0.0208	75.3250	
0.1519	48.4500	0.0207	75.2750	
0.1519	48.4500	0.0207	75.2750	
0.1518	48.0500	0.0206	75.3500	
0.1521	48.7250	0.0205	75.3500	
0.1518	48.2000	0.0204	75.2500	
0.1519	48.6250	0.0204	75.3000	
0.1519	48.2000	0.0203	75.3500	
0.1518	48.9750	0.0203	75.2750	
0.1520	47.8250	0.0202	75.3500	
0.1521	49.5750	0.0201	75.3000	
0.1519	47.5750	0.0200	75.3250	
0.1520	48.5500	0.0200	75.3500	
0.1518	48.1000	0.0200	75.2250	
0.1518	48.7250	0.0198	75.3000	
0.1519	47.9500	0.0199	75.3250	
0.1516	48.5500	0.0197	75.3250	
0.1517	48.1500	0.0197	75.3000	
0.1516	48.7000	0.0196	75.2500	
0.1516	48.4750	0.0196	75.3000	
0.1517	48.7250	0.0196	75.3250	
0.1517	48.5500	0.0195	75.2750	
0.1516	48.2250	0.0195	75.3000	
0.1518	49.6750	0.0193	75.4000	
0.1518	47.3250	0.0192	75.3750	
0.1516	49.3250	0.0191	75.3000	
0.1515	48.4500	0.0191	75.3000	
0.1516	48.5750	0.0190	75.3250	
0.1516	49.0750	0.0190	75.4500	
0.1515	48.0250	0.0189	75.2750	
0.1515	48.8500	0.0188	75.3500	
0.1515	49.1500	0.0188	75.3000	
0.1514	48.5250	0.0187	75.4000	
0.1515	48.5250	0.0186	75.4500	
0.1515	48.5000	0.0186	75.2750	
0.1514	48.4750	0.0186	75.4000	
0.1514	49.3250	0.0185	75.4750	
0.1514	48.4750	0.0184	75.3250	
0.1514	49.2250	0.0183	75.3500	
0.1513	48.8250	0.0183	75.5000	
0.1514	49.2500	0.0182	75.3750	
0.1513	48.4000	0.0181	75.4250	
0.1513	49.2000	0.0181	75.5000	
0.1513	49.0250	0.0180	75.4750	
0.1513	49.4000	0.0180	75.4000	
0.1513	48.6000	0.0179	75.4000	
0.1513	48.6750	0.0178	75.4750	
0.1513	49.4000	0.0178	75.4500	
0.1513	48.5000	0.0178	75.3750	
0.1514	50.0250	0.0177	75.5250	
0.1516	48.0250	0.0176	75.4500	
0.1513	49.3500	0.0176	75.3750	
0.1512	49.1750	0.0175	75.5250	
0.1511	48.9750	0.0174	75.4750	
0.1511	48.7500	0.0174	75.5250	
0.1511	49.3250	0.0173	75.4500	
0.1511	48.5500	0.0173	75.3750	
0.1511	49.1500	0.0173	75.4250	
0.1510	49.3500	0.0172	75.4750	
0.1512	49.5250	0.0172	75.4250	
0.1510	49.2000	0.0171	75.4750	
0.1510	49.3750	0.0171	75.5500	
0.1511	48.6500	0.0170	75.4750	
0.1510	49.2750	0.0169	75.5000	
0.1510	49.8750	0.0168	75.5750	
0.1510	49.4000	0.0168	75.5750	
0.1510	49.5000	0.0167	75.5250	
0.1510	48.9250	0.0166	75.5750	
0.1510	49.8250	0.0166	75.6500	
0.1509	49.3000	0.0165	75.5250	
0.1510	49.5000	0.0165	75.6000	
0.1509	49.6250	0.0164	75.6000	
0.1509	49.4500	0.0164	75.6500	
0.1509	49.7000	0.0163	75.5500	
0.1509	49.2000	0.0163	75.6000	
0.1509	50.3000	0.0162	75.6250	
0.1508	49.3750	0.0161	75.6250	
0.1509	50.4000	0.0161	75.6500	
0.1508	49.3750	0.0161	75.6000	
0.1509	50.3500	0.0160	75.6250	
0.1509	49.2750	0.0159	75.6500	
0.1508	50.9750	0.0159	75.6500	
0.1508	50.0000	0.0158	75.6750	
0.1507	50.3750	0.0158	75.6500	
0.1507	50.0250	0.0158	75.6500	
0.1507	50.0750	0.0157	75.6250	
0.1508	50.5750	0.0156	75.6750	
0.1507	50.0250	0.0156	75.6750	
0.1506	49.8750	0.0155	75.6500	
0.1506	50.2500	0.0155	75.6750	
0.1506	50.3250	0.0154	75.6750	
0.1507	50.2750	0.0154	75.6750	
0.1507	49.8000	0.0154	75.6250	
0.1507	50.5750	0.0153	75.7000	
0.1506	50.1750	0.0153	75.6500	
0.1506	50.4500	0.0153	75.6500	
0.1505	50.2000	0.0152	75.6750	
0.1505	50.9000	0.0151	75.6500	
0.1506	51.1500	0.0150	75.6750	
0.1507	50.7000	0.0150	75.7000	
0.1505	51.5000	0.0150	75.6500	
0.1505	50.4000	0.0149	75.6750	
0.1504	51.4000	0.0148	75.6500	
0.1505	50.8750	0.0148	75.6250	
0.1505	51.1250	0.0148	75.8000	
0.1505	51.2750	0.0147	75.7250	
0.1506	51.8250	0.0148	75.7250	
0.1508	50.5750	0.0148	75.8000	
0.1504	52.2750	0.0146	75.8000	
0.1505	50.8750	0.0145	75.7250	
0.1506	51.9250	0.0144	75.7500	
0.1505	51.2000	0.0144	75.7250	
0.1504	51.6500	0.0143	75.8000	
0.1502	51.5000	0.0143	75.8000	
0.1503	51.3250	0.0142	75.8000	
0.1504	51.6500	0.0141	75.7750	
0.1503	51.5000	0.0141	75.8500	
0.1502	51.9000	0.0141	75.8250	
0.1502	52.1500	0.0140	75.8500	
0.1502	52.0000	0.0139	75.8250	
0.1502	52.2500	0.0139	75.8750	
0.1502	51.1750	0.0138	75.8500	
0.1503	51.5000	0.0138	75.8750	
0.1502	52.0250	0.0137	75.8750	
0.1501	51.1250	0.0137	75.8750	
0.1501	51.5000	0.0136	75.8500	
0.1503	50.6750	0.0136	75.9000	
0.1505	52.1000	0.0136	75.9250	
0.1504	50.3000	0.0135	75.9250	
0.1502	51.8000	0.0134	75.9250	
0.1501	51.1000	0.0134	75.8750	
0.1501	51.1750	0.0133	75.8750	
0.1500	51.4500	0.0133	75.8750	
0.1502	50.7250	0.0134	76.0250	
0.1501	51.7500	0.0132	75.9500	
0.1501	50.9000	0.0131	75.9750	
0.1501	51.3250	0.0131	75.9500	
0.1499	51.0000	0.0130	75.9250	
0.1499	50.6250	0.0130	75.9750	
0.1500	50.9250	0.0130	75.9000	
0.1500	51.3500	0.0129	76.0000	
0.1501	51.2500	0.0129	76.0000	
0.1499	51.7000	0.0129	75.9500	
0.1499	51.4250	0.0128	76.0750	
0.1498	50.6250	0.0127	75.9750	
0.1498	50.9000	0.0127	75.9750	
0.1499	50.9000	0.0126	76.1000	
0.1498	51.2000	0.0125	76.0500	
0.1498	51.1750	0.0125	76.0750	
0.1498	50.5250	0.0124	76.0250	
0.1499	51.0750	0.0124	76.0500	
0.1499	50.7750	0.0123	76.0750	
0.1501	51.2250	0.0123	76.0750	
0.1502	49.2500	0.0122	76.1000	
0.1499	52.0000	0.0122	76.0750	
0.1498	50.6000	0.0121	76.0500	
0.1498	51.2250	0.0121	76.0750	
0.1498	50.0250	0.0121	76.0750	
0.1496	51.2250	0.0120	76.0750	
0.1501	50.7750	0.0120	76.1000	
0.1497	51.4250	0.0120	76.1000	
0.1496	50.9250	0.0119	76.1000	
0.1497	51.1250	0.0118	76.0750	
0.1496	50.3750	0.0118	76.1000	
0.1497	50.8250	0.0118	76.0750	
0.1496	51.1500	0.0117	76.0500	
0.1496	51.1500	0.0117	76.1000	
0.1495	51.0000	0.0116	76.0500	
0.1496	50.7750	0.0116	76.0500	
0.1495	50.2750	0.0115	76.0750	
0.1495	51.3750	0.0115	76.1250	
0.1495	51.2000	0.0115	75.9750	
0.1495	51.1750	0.0114	76.1250	
0.1494	50.6250	0.0113	76.1250	
0.1495	50.7750	0.0112	76.0250	
0.1494	50.7250	0.0112	76.0250	
0.1494	51.3000	0.0113	75.9750	
0.1495	51.2000	0.0113	76.1250	
0.1493	51.0250	0.0111	76.0000	
0.1494	50.6000	0.0111	76.0500	
0.1494	51.1750	0.0110	76.1000	
0.1493	50.8750	0.0109	76.0750	
0.1493	50.7250	0.0110	76.0250	
0.1493	51.3750	0.0108	76.0750	
0.1492	50.7000	0.0108	76.0750	
0.1494	51.3250	0.0107	76.1000	
0.1493	50.5250	0.0107	76.0250	
0.1493	51.2000	0.0107	76.0500	
0.1493	50.8500	0.0106	76.0750	
0.1492	51.6500	0.0106	76.0750	
0.1494	50.6000	0.0105	76.0500	
0.1492	51.7250	0.0105	76.0750	
0.1491	51.3000	0.0104	76.1000	
0.1492	50.8500	0.0105	76.1000	
0.1493	52.0250	0.0105	76.1000	
0.1494	50.0250	0.0103	76.0750	
0.1493	51.6250	0.0103	76.1750	
0.1492	50.9000	0.0103	76.1000	
0.1491	51.7000	0.0103	76.1000	
0.1491	51.3500	0.0102	76.1500	
0.1492	51.7000	0.0102	76.1000	
0.1491	50.9000	0.0101	76.1000	
0.1491	51.6000	0.0101	76.1500	
0.1490	51.1500	0.0100	76.1250	
0.1491	51.0500	0.0100	76.1250	
0.1490	51.6000	0.0100	76.0750	
0.1491	52.0000	0.0099	76.1500	
0.1490	51.3000	0.0099	76.1500	
0.1490	51.5000	0.0099	76.1250	
0.1489	51.1000	0.0097	76.1750	
0.1489	51.6000	0.0098	76.1500	
0.1489	51.2000	0.0097	76.1500	
0.1488	51.5250	0.0097	76.1750	
0.1489	51.7250	0.0096	76.1750	
0.1489	51.3250	0.0096	76.1750	
0.1488	51.4250	0.0096	76.1750	
0.1489	51.7750	0.0095	76.1500	
0.1489	51.2500	0.0096	76.1750	
0.1489	51.6750	0.0095	76.2000	
0.1488	51.4750	0.0095	76.1750	
0.1488	51.6000	0.0095	76.2250	
0.1487	51.0500	0.0094	76.2000	
0.1488	51.5750	0.0093	76.2250	
0.1487	50.9750	0.0093	76.2250	
0.1488	51.0000	0.0093	76.2000	
0.1487	51.3250	0.0092	76.2250	
0.1487	51.6500	0.0092	76.2000	
0.1486	51.7500	0.0092	76.2000	
0.1488	50.3000	0.0091	76.2500	
0.1489	51.9500	0.0091	76.2500	
0.1488	50.6000	0.0091	76.3000	
0.1485	51.4250	0.0090	76.2500	
0.1486	51.5000	0.0090	76.3000	
0.1487	51.1000	0.0090	76.3250	
0.1486	51.9250	0.0090	76.2750	
0.1486	51.2500	0.0089	76.3000	
0.1487	51.6750	0.0089	76.3000	
0.1488	50.6500	0.0089	76.3000	
0.1488	51.7750	0.0088	76.2500	
0.1485	50.9750	0.0088	76.2750	
0.1486	51.7000	0.0087	76.3000	
0.1484	51.2000	0.0087	76.3500	
0.1484	51.6000	0.0087	76.3250	
0.1484	51.2500	0.0086	76.3000	
0.1484	51.5250	0.0086	76.2750	
0.1484	51.5750	0.0086	76.5000	
0.1484	51.0500	0.0086	76.4000	
0.1485	51.5750	0.0086	76.4250	
0.1484	51.2250	0.0085	76.3750	
0.1483	51.6750	0.0085	76.4500	
0.1483	51.3000	0.0084	76.4000	
0.1483	51.2000	0.0084	76.4500	
0.1483	51.1750	0.0085	76.4250	
0.1483	51.0750	0.0084	76.6500	
0.1484	51.2000	0.0084	76.4750	
0.1482	50.9250	0.0083	76.5000	
0.1482	50.6750	0.0083	76.7000	
0.1484	51.8000	0.0082	76.5000	
0.1482	51.3250	0.0082	76.4750	
0.1482	51.4000	0.0082	76.6750	
0.1482	51.4500	0.0082	76.7000	
0.1482	51.8000	0.0082	76.6750	
0.1483	50.5500	0.0081	76.7250	
0.1482	51.2750	0.0081	76.5750	
0.1483	50.5500	0.0081	76.5750	
0.1485	51.9250	0.0081	76.7250	
0.1484	50.5750	0.0081	76.7750	
0.1480	51.4250	0.0080	76.4000	
0.1481	51.6750	0.0080	76.2000	
0.1480	51.2500	0.0079	76.3750	
0.1481	51.3250	0.0079	76.0000	
0.1480	51.3250	0.0079	76.2000	
0.1481	51.8000	0.0079	76.1000	
0.1482	50.8500	0.0079	76.1000	
0.1480	51.6750	0.0078	76.1750	
0.1482	51.1750	0.0079	76.1000	
0.1482	51.8500	0.0078	76.1250	
0.1482	50.4000	0.0077	76.0500	
0.1479	50.9750	0.0077	76.0750	
0.1479	51.4000	0.0077	76.1250	
0.1481	50.1000	0.0077	76.2000	
0.1481	51.7750	0.0077	76.1000	
0.1479	50.6500	0.0076	76.0500	
0.1479	51.2000	0.0076	76.1250	
0.1479	51.1250	0.0076	76.1000	
0.1479	51.4250	0.0075	76.0750	
0.1478	51.5000	0.0075	76.0750	
0.1478	51.1000	0.0075	76.1000	
0.1479	51.2250	0.0075	76.1000	
0.1479	51.5000	0.0075	76.0250	
0.1478	50.6000	0.0074	76.0750	
0.1478	51.5500	0.0074	76.1000	
0.1477	51.1750	0.0074	76.0750	
0.1477	51.1000	0.0073	76.0750	
0.1479	51.4500	0.0073	76.1000	
0.1478	50.7750	0.0073	76.0750	
0.1477	51.0750	0.0073	76.0750	
0.1476	50.9750	0.0073	76.0250	
0.1477	51.2250	0.0072	76.0500	
0.1478	50.6500	0.0072	76.0750	
0.1477	51.4250	0.0072	76.0250	
0.1476	50.9250	0.0072	76.0250	
0.1476	51.2250	0.0072	76.0250	
0.1477	50.9750	0.0071	76.0250	
0.1476	51.2000	0.0071	76.0000	
0.1476	50.9000	0.0071	75.9750	
0.1478	51.2750	0.0072	76.0000	
0.1475	51.2000	0.0071	76.0250	
0.1475	51.1750	0.0071	75.9500	
0.1475	51.5250	0.0070	75.9500	
0.1475	51.2250	0.0070	76.0000	
0.1474	51.4000	0.0071	75.9750	
0.1474	51.5500	0.0070	75.9500	
0.1474	51.5500	0.0070	76.0000	
0.1474	51.5750	0.0069	75.9750	
0.1473	51.4000	0.0069	75.9500	
0.1473	51.6750	0.0069	75.9500	
0.1474	51.5500	0.0069	75.9500	
0.1474	51.7750	0.0069	75.9500	
0.1473	51.7250	0.0068	75.9250	
0.1474	51.4500	0.0068	75.8750	
0.1474	51.1250	0.0068	75.9750	
0.1472	51.3000	0.0068	75.9500	
0.1473	51.3750	0.0068	75.9500	
0.1474	51.4250	0.0068	75.9750	
0.1473	50.9000	0.0068	75.9250	
0.1478	52.2500	0.0067	75.9250	
0.1475	49.7500	0.0068	75.9500	
0.1472	50.9250	0.0067	75.9000	
0.1473	51.2500	0.0067	75.9250	
0.1471	50.8000	0.0066	75.8750	
0.1472	50.7750	0.0066	75.9250	
0.1471	50.9750	0.0066	75.9250	
0.1472	50.2250	0.0066	75.7250	
0.1471	50.8750	0.0066	75.9000	
0.1471	50.7750	0.0066	75.9250	
0.1471	50.4750	0.0066	75.9250	
0.1471	51.2750	0.0065	75.8000	
0.1471	50.2750	0.0065	75.7750	
0.1470	51.0250	0.0065	75.8750	
0.1470	51.1500	0.0065	75.8500	
0.1471	50.5500	0.0064	75.8250	
0.1470	50.6750	0.0064	75.7750	
0.1469	50.5750	0.0064	75.8250	
0.1469	50.1750	0.0064	75.7500	
0.1470	50.0000	0.0063	75.7750	
0.1469	50.7000	0.0064	75.7250	
0.1469	50.3000	0.0063	75.8250	
0.1470	49.9250	0.0064	75.8750	
0.1470	50.7750	0.0063	75.7500	
0.1469	50.7000	0.0063	75.7000	
0.1469	50.5500	0.0063	75.7500	
0.1468	50.2500	0.0062	75.7250	
0.1467	49.5750	0.0062	75.7000	
0.1468	50.1750	0.0062	75.7500	
0.1469	49.4750	0.0063	75.8250	
0.1470	50.9750	0.0063	75.7250	
0.1468	50.3000	0.0062	75.6750	
0.1469	50.5500	0.0061	75.7000	
0.1469	49.7000	0.0061	75.6750	
0.1467	49.6500	0.0061	75.6250	
0.1466	49.6000	0.0061	75.7750	
0.1467	50.6000	0.0061	75.6500	
0.1467	49.5000	0.0061	75.6250	
0.1467	50.4500	0.0061	75.6250	
0.1467	49.0500	0.0060	75.6750	
0.1466	49.8500	0.0060	75.6500	
0.1467	50.0000	0.0060	75.6500	
0.1466	49.9750	0.0060	75.6000	
0.1465	49.3500	0.0060	75.7250	
0.1467	48.9000	0.0060	75.6750	
0.1467	50.2000	0.0060	75.6500	
0.1465	48.9250	0.0059	75.6000	
0.1465	49.2750	0.0059	75.6250	
0.1465	49.1750	0.0059	75.6500	
0.1464	48.7500	0.0059	75.6250	
0.1465	49.8000	0.0060	75.6000	
0.1465	49.3000	0.0059	75.5750	
0.1464	49.0500	0.0060	75.6250	
0.1464	48.6000	0.0059	75.5750	
0.1464	48.9000	0.0058	75.6000	
0.1464	48.7000	0.0058	75.5750	
0.1463	49.4750	0.0058	75.6000	
0.1463	48.2250	0.0058	75.5750	
0.1463	48.9000	0.0058	75.6000	
0.1462	48.8000	0.0058	75.6250	
0.1463	48.4750	0.0057	75.6000	
0.1463	48.4750	0.0057	75.6000	
0.1462	48.3500	0.0057	75.5750	
0.1463	48.5750	0.0057	75.5500	
0.1461	48.2250	0.0057	75.6000	
0.1461	48.1250	0.0057	75.6000	
0.1462	48.6500	0.0057	75.6250	
0.1461	48.3250	0.0057	75.6250	
0.1461	48.1500	0.0057	75.6000	
0.1462	49.1000	0.0056	75.6000	
0.1460	48.5250	0.0056	75.6000	
0.1460	48.3000	0.0056	75.6250	
0.1460	48.2250	0.0056	75.6500	
0.1459	48.3000	0.0056	75.6750	
0.1460	48.7250	0.0056	75.6000	
0.1459	48.6500	0.0056	75.6750	
0.1459	48.5750	0.0056	75.6500	
0.1459	48.6500	0.0056	75.6500	
0.1459	48.3500	0.0055	75.6500	
0.1458	48.3750	0.0055	75.6750	
0.1458	48.4000	0.0055	75.6750	
0.1458	48.5500	0.0056	75.6500	
0.1458	48.4750	0.0055	75.6500	
0.1458	48.5250	0.0055	75.6750	
0.1461	49.2000	0.0055	75.6750	
0.1462	47.9000	0.0055	75.7000	
0.1458	48.9250	0.0055	75.6000	
0.1457	48.5000	0.0055	75.6250	
0.1457	48.4000	0.0055	75.6500	
0.1456	48.3000	0.0054	75.6750	
0.1457	49.3500	0.0054	75.6250	
0.1458	47.8750	0.0054	75.6500	
0.1457	48.7250	0.0054	75.6250	
0.1457	48.3500	0.0054	75.6000	
0.1455	48.1250	0.0054	75.6250	
0.1457	48.8000	0.0054	75.5750	
0.1455	48.4250	0.0054	75.6500	
0.1455	48.4000	0.0054	75.5750	
0.1454	48.3250	0.0054	75.6250	
0.1455	47.9750	0.0053	75.6000	
0.1455	48.1000	0.0053	75.6000	
0.1454	48.3750	0.0053	75.5500	
0.1454	48.2750	0.0053	75.5750	
0.1454	48.1250	0.0053	75.6500	
0.1453	47.9500	0.0053	75.6000	
0.1454	48.4750	0.0052	75.5250	
0.1454	48.3750	0.0052	75.5750	
0.1454	48.6250	0.0052	75.6250	
0.1453	48.4500	0.0053	75.5750	
0.1453	48.0000	0.0052	75.5750	
0.1454	49.1750	0.0052	75.5750	
0.1453	48.3250	0.0052	75.6000	
0.1455	49.3250	0.0052	75.5500	
0.1452	48.6500	0.0052	75.5750	
0.1451	48.5500	0.0052	75.6000	
0.1453	48.5750	0.0051	75.5750	
0.1451	48.6750	0.0051	75.5750	
0.1452	48.3250	0.0051	75.5500	
0.1453	48.5500	0.0051	75.6000	
0.1451	47.6250	0.0051	75.5750	
0.1451	47.7750	0.0051	75.5750	
0.1450	48.0000	0.0051	75.6250	
0.1449	47.8250	0.0051	75.5750	
0.1450	48.6500	0.0051	75.5250	
0.1449	48.0000	0.0051	75.5750	
0.1449	48.0250	0.0051	75.5750	
0.1448	48.0000	0.0051	75.5750	
0.1450	48.2500	0.0051	75.5500	
0.1448	47.8000	0.0050	75.5750	
0.1448	47.4250	0.0050	75.6000	
0.1450	48.5000	0.0050	75.6000	
0.1448	47.4250	0.0050	75.6000	
0.1446	47.6250	0.0050	75.6000	
0.1447	47.6500	0.0050	75.6000	
0.1446	48.3000	0.0050	75.5500	
0.1445	47.8750	0.0050	75.6250	
0.1445	48.0000	0.0050	75.6250	
0.1446	47.9750	0.0050	75.5750	
0.1445	48.0750	0.0050	75.6000	
0.1444	47.9250	0.0049	75.5750	
0.1444	47.8500	0.0049	75.5500	
0.1445	48.3250	0.0049	75.6250	
0.1445	47.4250	0.0049	75.6250	
0.1443	47.8500	0.0049	75.5000	
0.1443	48.0500	0.0049	75.5750	
0.1442	47.9750	0.0049	75.6000	
0.1442	47.9500	0.0049	75.6000	
0.1443	47.6750	0.0049	75.5750	
0.1442	48.1000	0.0049	75.5750	
0.1442	47.5000	0.0049	75.6000	
0.1442	48.3000	0.0049	75.6250	
0.1440	47.4750	0.0048	75.6250	
0.1440	47.7000	0.0048	75.6250	
0.1439	47.7750	0.0048	75.6500	
0.1439	47.6250	0.0048	75.6500	
0.1439	47.8000	0.0048	75.7000	
0.1439	47.8000	0.0047	75.6750	
0.1438	47.8500	0.0047	75.7000	
0.1437	48.0750	0.0047	75.6750	
0.1438	47.8500	0.0047	75.6500	
0.1439	47.8000	0.0047	75.6750	
0.1438	47.5250	0.0047	75.6750	
0.1438	47.5000	0.0047	75.6750	
0.1438	47.6000	0.0047	75.6500	
0.1439	48.3000	0.0047	75.6750	
0.1436	47.7250	0.0047	75.7000	
