Loss_Adversary	Accuracy_Adversary	Loss_Target	Accuracy_Target	
-0.0434	0.6824	0.5955	50.0000	50.0000	
-0.0468	0.6651	0.5715	50.0000	50.0000	
-0.0490	0.6481	0.5501	50.0000	50.0000	
-0.0501	0.6310	0.5309	50.0000	50.0000	
-0.0504	0.6140	0.5133	50.0000	50.0000	
-0.0501	0.5973	0.4970	50.0000	50.0000	
-0.0495	0.5806	0.4816	50.0000	50.0000	
-0.0485	0.5644	0.4673	50.0000	50.0000	
-0.0458	0.5483	0.4568	50.0000	50.0000	
-0.0412	0.5331	0.4507	50.0000	50.0000	
-0.0367	0.5178	0.4444	50.0000	50.0000	
-0.0321	0.5015	0.4372	50.0000	50.0000	
-0.0277	0.4849	0.4295	50.0000	50.0000	
-0.0231	0.4674	0.4212	50.0000	50.0000	
-0.0181	0.4489	0.4126	50.0000	50.0000	
-0.0133	0.4303	0.4036	50.0000	50.0000	
-0.0087	0.4118	0.3944	50.0000	50.0000	
-0.0051	0.3949	0.3846	50.0000	50.0000	
-0.0020	0.3786	0.3746	50.0000	50.0000	
0.0003	0.3639	0.3645	50.0000	50.0000	
0.0021	0.3500	0.3543	50.0000	50.0000	
0.0036	0.3371	0.3442	50.0000	50.0000	
0.0048	0.3251	0.3346	50.0000	50.0000	
0.0057	0.3142	0.3256	50.0000	50.0000	
0.0065	0.3043	0.3173	50.0000	50.0000	
0.0070	0.2958	0.3097	50.0000	50.0000	
0.0074	0.2883	0.3031	50.0000	50.0000	
0.0076	0.2821	0.2972	50.0000	50.0000	
0.0075	0.2768	0.2919	50.0000	50.0000	
0.0074	0.2723	0.2870	50.0000	50.0000	
0.0070	0.2683	0.2823	50.0000	50.0000	
0.0065	0.2643	0.2773	50.0000	50.0000	
0.0058	0.2599	0.2714	50.0000	50.0000	
0.0045	0.2545	0.2636	50.0000	50.0000	
0.0025	0.2485	0.2535	50.0000	50.0000	
-0.0011	0.2448	0.2427	50.0000	50.0000	
-0.0044	0.2496	0.2407	46.7000	50.0000	
-0.0064	0.2500	0.2373	50.7000	50.0000	
-0.0075	0.2441	0.2290	59.5750	50.0000	
-0.0085	0.2419	0.2249	56.7750	50.0000	
-0.0099	0.2386	0.2188	58.3000	47.4750	
-0.0116	0.2352	0.2120	61.3750	39.7000	
-0.0134	0.2295	0.2028	66.3750	39.6000	
-0.0150	0.2295	0.1994	65.7500	43.1000	
-0.0168	0.2269	0.1933	67.6250	45.7250	
-0.0185	0.2278	0.1907	66.5500	47.8500	
-0.0204	0.2294	0.1886	66.0500	49.5000	
-0.0221	0.2308	0.1866	66.3500	50.4750	
-0.0240	0.2331	0.1852	65.8750	50.9250	
-0.0257	0.2364	0.1849	65.0000	51.0500	
-0.0273	0.2392	0.1847	64.2500	51.1250	
-0.0287	0.2406	0.1832	63.8000	51.4000	
-0.0299	0.2408	0.1809	64.1250	51.5250	
-0.0311	0.2403	0.1782	64.5250	51.6500	
-0.0318	0.2409	0.1773	64.3000	51.8500	
-0.0323	0.2407	0.1761	64.5500	51.7750	
-0.0327	0.2392	0.1738	65.3500	51.7750	
-0.0330	0.2388	0.1728	65.5750	52.1500	
-0.0331	0.2382	0.1721	66.3000	52.2000	
-0.0329	0.2365	0.1707	67.3000	52.1500	
-0.0324	0.2350	0.1701	67.7500	52.4250	
-0.0317	0.2324	0.1690	68.9000	52.5250	
-0.0310	0.2302	0.1682	69.7250	52.5250	
-0.0306	0.2289	0.1677	70.2000	53.0250	
-0.0322	0.2311	0.1666	69.5500	53.3000	
-0.0348	0.2366	0.1670	67.8250	53.6500	
-0.0360	0.2376	0.1657	67.5000	53.4000	
-0.0367	0.2393	0.1658	66.8000	53.9000	
-0.0374	0.2409	0.1661	66.0500	53.9500	
-0.0380	0.2405	0.1644	66.0750	53.7000	
-0.0382	0.2405	0.1640	65.8500	53.6250	
-0.0380	0.2399	0.1639	65.7500	53.5750	
-0.0378	0.2394	0.1638	65.7500	54.0500	
-0.0377	0.2396	0.1642	65.5250	54.3000	
-0.0378	0.2406	0.1650	65.3000	55.0250	
-0.0380	0.2419	0.1659	64.7500	55.9500	
-0.0383	0.2425	0.1660	64.5500	56.9750	
-0.0387	0.2424	0.1650	65.1250	57.2500	
-0.0392	0.2422	0.1638	65.7250	57.2000	
-0.0398	0.2428	0.1632	65.8250	57.2000	
-0.0406	0.2432	0.1621	66.6750	57.3500	
-0.0412	0.2431	0.1608	67.5000	57.0250	
-0.0418	0.2435	0.1598	68.0250	57.0500	
-0.0426	0.2447	0.1594	67.1750	57.4250	
-0.0437	0.2463	0.1590	66.4750	58.3500	
-0.0447	0.2471	0.1577	66.3500	59.0500	
-0.0453	0.2455	0.1549	67.8750	58.9750	
-0.0454	0.2426	0.1518	69.5750	58.8500	
-0.0453	0.2396	0.1489	71.3250	59.2000	
-0.0454	0.2374	0.1466	71.6500	59.7500	
-0.0457	0.2361	0.1448	71.6000	60.2000	
-0.0462	0.2356	0.1432	71.4750	60.8500	
-0.0469	0.2355	0.1418	71.3000	61.2500	
-0.0476	0.2355	0.1402	71.3750	61.5750	
-0.0486	0.2349	0.1378	71.7500	61.9500	
-0.0497	0.2329	0.1336	72.4250	62.2750	
-0.0511	0.2299	0.1277	72.8750	62.5500	
-0.0529	0.2253	0.1195	73.2500	62.7750	
-0.0552	0.2192	0.1088	73.4750	62.9250	
-0.0583	0.2138	0.0973	73.7250	63.0500	
-0.0620	0.2105	0.0865	74.0250	63.4750	
-0.0660	0.2068	0.0747	73.6750	65.3750	
-0.0700	0.2044	0.0643	73.4000	67.1000	
-0.0739	0.2024	0.0546	73.0500	68.4750	
-0.0772	0.2017	0.0473	72.9500	70.5500	
-0.0798	0.2016	0.0420	72.9000	72.5000	
-0.0820	0.2023	0.0384	73.1250	73.9750	
-0.0842	0.2065	0.0382	73.4250	75.8750	
-0.0865	0.2127	0.0397	72.7750	78.5750	
-0.0876	0.2156	0.0404	71.8750	80.2750	
-0.0884	0.2154	0.0385	71.5750	81.4250	
-0.0888	0.2116	0.0340	72.2500	80.5000	
-0.0888	0.2091	0.0314	72.7750	80.6000	
-0.0887	0.2078	0.0305	73.0500	80.5750	
-0.0884	0.2064	0.0297	73.5750	80.4000	
-0.0881	0.2056	0.0294	73.9000	80.6000	
-0.0877	0.2026	0.0273	74.4500	80.0500	
-0.0875	0.2000	0.0251	74.8250	78.8250	
-0.0872	0.1981	0.0236	75.1000	78.4750	
-0.0871	0.1956	0.0213	75.2750	77.8000	
-0.0871	0.1950	0.0208	75.2000	77.1250	
-0.0872	0.1942	0.0197	75.1000	76.2000	
-0.0874	0.1937	0.0189	75.2250	75.8000	
-0.0875	0.1939	0.0189	74.9250	75.7750	
-0.0875	0.1936	0.0185	74.7000	75.3000	
-0.0876	0.1933	0.0181	74.6750	75.1250	
-0.0877	0.1929	0.0175	74.6250	74.8250	
-0.0877	0.1922	0.0168	74.7500	74.8000	
-0.0878	0.1924	0.0168	75.0250	74.5000	
-0.0878	0.1915	0.0159	75.0500	74.5250	
-0.0878	0.1918	0.0162	75.3750	74.4250	
-0.0879	0.1911	0.0153	75.2250	74.5000	
-0.0879	0.1913	0.0154	75.2500	74.1750	
-0.0881	0.1907	0.0146	75.1000	74.2000	
-0.0882	0.1908	0.0145	74.9500	74.2750	
-0.0882	0.1902	0.0139	75.0500	73.7500	
-0.0882	0.1903	0.0139	75.0250	73.6250	
-0.0882	0.1907	0.0142	75.0500	73.6250	
-0.0883	0.1896	0.0131	74.9250	73.6000	
-0.0884	0.1907	0.0139	74.7250	73.2500	
-0.0884	0.1897	0.0128	74.6500	73.2750	
-0.0885	0.1898	0.0128	74.5250	73.1750	
-0.0885	0.1893	0.0124	74.2750	72.9750	
-0.0885	0.1904	0.0134	73.7500	72.6250	
-0.0886	0.1898	0.0127	73.3250	72.7500	
-0.0886	0.1895	0.0124	72.9750	72.7000	
-0.0885	0.1903	0.0133	72.3250	72.5250	
-0.0885	0.1898	0.0129	71.3250	72.5750	
-0.0886	0.1898	0.0126	70.9000	72.3500	
-0.0886	0.1902	0.0130	70.8250	72.6250	
-0.0886	0.1904	0.0131	70.4500	72.5250	
-0.0887	0.1907	0.0133	70.2500	72.5000	
-0.0887	0.1907	0.0134	69.4000	72.5000	
-0.0889	0.1911	0.0134	68.5500	72.3500	
-0.0888	0.1910	0.0133	67.8500	72.2750	
-0.0888	0.1928	0.0152	67.8000	72.2000	
-0.0889	0.1926	0.0148	67.9250	72.6000	
-0.0891	0.1938	0.0157	67.2500	72.4000	
-0.0895	0.1946	0.0155	66.7750	72.1750	
-0.0900	0.1958	0.0158	66.3750	72.3250	
-0.0904	0.1984	0.0176	66.4250	72.5750	
-0.0913	0.2009	0.0183	65.8500	72.6500	
-0.0923	0.2064	0.0218	66.3750	72.9500	
-0.0945	0.2150	0.0260	67.8750	73.1750	
-0.0974	0.2239	0.0291	67.9750	73.8250	
-0.1002	0.2316	0.0312	70.1250	74.6000	
-0.1011	0.2340	0.0318	68.8000	74.2250	
-0.1017	0.2332	0.0298	67.3750	73.0750	
-0.1018	0.2288	0.0253	65.8750	72.2750	
-0.1017	0.2273	0.0240	63.5250	72.2750	
-0.1014	0.2244	0.0215	62.9250	72.2000	
-0.1011	0.2249	0.0226	62.3250	71.8000	
-0.1007	0.2230	0.0215	63.5250	71.7500	
-0.1003	0.2221	0.0214	64.6000	71.7000	
-0.0999	0.2207	0.0210	65.4500	71.4750	
-0.0993	0.2194	0.0207	66.3250	71.4250	
-0.0990	0.2181	0.0202	67.1500	71.3250	
-0.0984	0.2178	0.0210	67.0750	71.0250	
-0.0981	0.2160	0.0199	68.0500	71.0750	
-0.0981	0.2159	0.0196	68.6750	70.9000	
-0.0980	0.2152	0.0192	68.4250	70.6250	
-0.0977	0.2140	0.0186	68.5250	70.4250	
-0.0976	0.2140	0.0187	68.6000	70.2250	
-0.0977	0.2140	0.0187	68.8250	69.7250	
-0.0976	0.2130	0.0178	68.3500	69.6500	
-0.0975	0.2141	0.0190	68.5000	69.3000	
-0.0979	0.2133	0.0175	67.7250	69.1500	
-0.0980	0.2138	0.0179	67.4250	68.7000	
-0.0981	0.2139	0.0177	66.9500	68.4250	
-0.0984	0.2144	0.0175	66.5000	68.0250	
-0.0985	0.2149	0.0179	66.4250	68.0250	
-0.0989	0.2158	0.0180	65.9500	67.4000	
-0.0990	0.2154	0.0175	65.7500	67.2000	
-0.0992	0.2165	0.0182	64.9250	67.0500	
-0.0997	0.2178	0.0183	64.9750	66.5750	
-0.1001	0.2178	0.0176	64.1750	66.1750	
-0.1005	0.2190	0.0180	64.0000	65.8750	
-0.1009	0.2197	0.0178	63.8500	65.5000	
-0.1013	0.2212	0.0185	63.1500	65.2000	
-0.1017	0.2216	0.0182	62.7750	64.9750	
-0.1021	0.2236	0.0194	62.3000	64.6250	
-0.1025	0.2240	0.0191	61.8750	64.3250	
-0.1030	0.2258	0.0198	61.5000	64.0250	
-0.1036	0.2267	0.0194	60.9250	63.6000	
-0.1042	0.2286	0.0202	60.2750	63.3250	
-0.1048	0.2295	0.0198	60.0000	63.2000	
-0.1054	0.2318	0.0210	59.1500	62.8500	
-0.1062	0.2331	0.0208	58.4250	62.6000	
-0.1068	0.2352	0.0216	57.4500	62.3000	
-0.1076	0.2367	0.0216	56.4750	62.0500	
-0.1083	0.2389	0.0224	55.8250	61.7250	
-0.1088	0.2415	0.0239	54.0000	61.4750	
-0.1097	0.2427	0.0233	53.5250	60.9750	
-0.1108	0.2457	0.0242	51.8250	60.7750	
-0.1117	0.2472	0.0238	51.5250	60.6000	
-0.1128	0.2506	0.0251	49.5750	60.0750	
-0.1138	0.2523	0.0247	48.9750	59.9250	
-0.1149	0.2546	0.0249	47.1750	59.7000	
-0.1159	0.2570	0.0253	46.2500	59.4250	
-0.1167	0.2581	0.0246	46.0250	59.2000	
-0.1173	0.2598	0.0253	45.3500	58.7750	
-0.1178	0.2616	0.0261	44.4500	58.6750	
-0.1180	0.2620	0.0259	45.1000	58.2500	
-0.1185	0.2623	0.0252	45.9500	58.1000	
-0.1184	0.2630	0.0262	45.7750	57.8250	
-0.1177	0.2609	0.0254	46.2750	57.9500	
-0.1175	0.2597	0.0247	45.4000	57.7500	
-0.1173	0.2593	0.0248	45.1500	57.8000	
-0.1170	0.2580	0.0240	45.3500	57.9500	
-0.1167	0.2572	0.0238	45.6500	58.1750	
-0.1162	0.2558	0.0234	48.4500	58.4750	
-0.1160	0.2550	0.0231	49.3250	58.7750	
-0.1158	0.2540	0.0224	51.7250	59.1000	
-0.1157	0.2536	0.0222	52.8000	59.3000	
-0.1155	0.2523	0.0214	55.8250	59.8250	
-0.1152	0.2520	0.0215	58.0500	60.2500	
-0.1153	0.2517	0.0211	59.8500	60.5750	
-0.1152	0.2511	0.0207	61.2750	61.0750	
-0.1152	0.2504	0.0200	62.6000	61.2000	
-0.1152	0.2499	0.0196	63.9500	61.7750	
-0.1152	0.2498	0.0193	64.8000	62.0250	
-0.1151	0.2490	0.0188	65.9750	62.5500	
-0.1150	0.2482	0.0182	66.7000	62.8000	
-0.1150	0.2476	0.0176	67.3500	63.2000	
-0.1149	0.2467	0.0169	68.4250	63.6000	
-0.1148	0.2468	0.0173	68.6000	63.7250	
-0.1146	0.2456	0.0163	69.3500	64.3000	
-0.1145	0.2451	0.0162	69.2250	64.6500	
-0.1143	0.2446	0.0159	69.1250	64.9750	
-0.1142	0.2437	0.0153	69.7500	65.3000	
-0.1141	0.2431	0.0148	69.5500	65.6250	
-0.1140	0.2425	0.0145	69.8750	66.0500	
-0.1138	0.2421	0.0144	70.0000	66.5250	
-0.1137	0.2418	0.0143	70.1750	66.4750	
-0.1136	0.2408	0.0136	71.0750	67.0250	
-0.1136	0.2404	0.0133	70.6500	67.4750	
-0.1135	0.2401	0.0132	71.0750	67.7500	
-0.1133	0.2397	0.0131	71.4000	67.9000	
-0.1133	0.2389	0.0123	71.8250	68.5250	
-0.1133	0.2390	0.0125	72.2250	68.6250	
-0.1132	0.2384	0.0120	73.0750	68.9500	
-0.1132	0.2383	0.0119	73.4500	69.2000	
-0.1131	0.2381	0.0118	73.7250	69.3000	
-0.1131	0.2377	0.0114	74.1500	69.8500	
-0.1131	0.2375	0.0113	74.3250	69.9500	
-0.1130	0.2375	0.0114	74.4750	70.0500	
-0.1130	0.2371	0.0111	74.4750	70.4750	
-0.1131	0.2371	0.0109	74.4250	70.5750	
-0.1130	0.2367	0.0106	74.1750	71.2500	
-0.1131	0.2369	0.0108	74.1500	70.8750	
-0.1130	0.2362	0.0102	74.0000	71.4250	
-0.1131	0.2364	0.0102	73.8250	71.6000	
-0.1131	0.2362	0.0100	73.6250	71.7750	
-0.1131	0.2359	0.0098	73.4250	72.0500	
-0.1131	0.2361	0.0099	73.4250	72.0000	
-0.1131	0.2359	0.0097	73.2250	72.3750	
-0.1131	0.2357	0.0095	73.1250	72.3750	
-0.1131	0.2358	0.0096	73.0750	72.3750	
-0.1131	0.2357	0.0094	72.9250	72.7000	
-0.1132	0.2356	0.0092	72.8500	72.8250	
-0.1132	0.2356	0.0092	72.7250	72.9000	
-0.1133	0.2356	0.0090	72.6750	73.0250	
-0.1133	0.2355	0.0089	72.5500	73.0500	
-0.1133	0.2355	0.0089	72.4750	73.1000	
-0.1133	0.2356	0.0089	72.4250	73.1500	
-0.1134	0.2354	0.0086	72.3750	73.4250	
-0.1134	0.2354	0.0086	72.3500	73.1750	
-0.1134	0.2356	0.0087	72.2750	73.1000	
-0.1135	0.2356	0.0086	72.4000	73.3500	
-0.1137	0.2354	0.0081	72.4500	73.5000	
-0.1138	0.2357	0.0081	72.4250	73.4500	
-0.1138	0.2356	0.0080	72.2750	73.8750	
-0.1139	0.2356	0.0078	72.0500	74.2500	
-0.1140	0.2358	0.0079	71.8750	74.4250	
-0.1140	0.2358	0.0077	71.6750	74.4000	
-0.1141	0.2358	0.0075	71.7250	74.4500	
-0.1141	0.2359	0.0076	71.6750	74.4500	
-0.1142	0.2356	0.0073	71.6250	75.0250	
-0.1142	0.2359	0.0076	71.5000	74.6000	
-0.1142	0.2358	0.0073	71.5000	74.8500	
-0.1143	0.2358	0.0073	71.4000	74.9750	
-0.1143	0.2360	0.0073	71.4250	74.6750	
-0.1144	0.2358	0.0071	71.3750	74.8750	
-0.1144	0.2360	0.0071	71.2000	74.7500	
-0.1145	0.2359	0.0069	70.9250	74.8250	
-0.1146	0.2361	0.0069	70.9500	74.9500	
-0.1146	0.2361	0.0070	70.8250	75.0500	
-0.1145	0.2361	0.0070	70.6500	75.2500	
-0.1145	0.2362	0.0071	70.6500	75.1250	
-0.1146	0.2362	0.0070	70.6750	75.1750	
-0.1146	0.2362	0.0069	70.7000	75.2750	
-0.1147	0.2363	0.0068	70.4750	75.0750	
-0.1148	0.2363	0.0068	70.5250	75.0750	
-0.1148	0.2363	0.0066	70.5500	75.0750	
-0.1149	0.2363	0.0066	70.3250	75.1500	
-0.1149	0.2363	0.0065	70.5500	74.8750	
-0.1149	0.2364	0.0065	70.5000	74.9250	
-0.1150	0.2364	0.0065	70.2750	75.0000	
-0.1151	0.2365	0.0064	70.2250	74.8750	
-0.1150	0.2365	0.0064	70.2750	74.9250	
-0.1150	0.2364	0.0065	70.4500	74.8750	
-0.1151	0.2365	0.0064	70.4000	74.7750	
-0.1151	0.2365	0.0063	70.3750	74.7000	
-0.1151	0.2365	0.0062	70.1750	74.6500	
-0.1151	0.2367	0.0064	70.2250	74.6000	
-0.1152	0.2365	0.0062	70.0250	74.6500	
-0.1152	0.2367	0.0062	70.2250	74.6750	
-0.1152	0.2367	0.0062	70.2750	74.6500	
-0.1152	0.2365	0.0062	70.2000	74.5750	
-0.1152	0.2368	0.0064	69.9000	74.4000	
-0.1152	0.2368	0.0063	69.9250	74.5000	
-0.1152	0.2366	0.0063	70.1000	74.5750	
-0.1153	0.2368	0.0063	69.9500	74.4000	
-0.1153	0.2367	0.0061	69.8250	74.4000	
-0.1152	0.2368	0.0063	69.8750	74.4250	
-0.1153	0.2368	0.0062	69.9000	74.4000	
-0.1153	0.2367	0.0061	69.7500	74.3500	
-0.1154	0.2368	0.0061	69.9500	74.1750	
-0.1154	0.2367	0.0059	69.9500	74.1500	
-0.1155	0.2368	0.0059	69.8250	74.1000	
-0.1155	0.2368	0.0058	69.6250	73.9250	
-0.1155	0.2369	0.0059	69.9750	73.8750	
-0.1155	0.2368	0.0058	69.6250	73.8250	
-0.1155	0.2369	0.0059	69.4750	73.8500	
-0.1155	0.2369	0.0059	69.5750	73.8000	
-0.1155	0.2369	0.0058	69.6000	73.9750	
-0.1155	0.2368	0.0058	69.7250	73.7500	
-0.1156	0.2370	0.0057	69.5000	73.6500	
-0.1156	0.2368	0.0056	69.4250	73.6750	
-0.1156	0.2369	0.0056	69.1750	73.6250	
-0.1156	0.2370	0.0057	69.3750	73.5500	
-0.1157	0.2369	0.0055	69.4500	73.5250	
-0.1157	0.2370	0.0056	69.1250	73.5250	
-0.1157	0.2369	0.0055	68.7500	73.7000	
-0.1157	0.2370	0.0057	68.7750	73.4000	
-0.1157	0.2369	0.0055	68.8500	73.6250	
-0.1157	0.2370	0.0055	69.0000	73.4250	
-0.1158	0.2371	0.0055	69.2000	73.4250	
-0.1158	0.2370	0.0053	69.1750	73.4250	
-0.1158	0.2371	0.0054	69.0750	73.4500	
-0.1158	0.2370	0.0054	69.0750	73.4000	
-0.1158	0.2372	0.0056	69.2750	73.3250	
-0.1158	0.2371	0.0054	69.1500	73.2500	
-0.1159	0.2371	0.0054	69.0250	73.3000	
-0.1159	0.2372	0.0054	68.6500	73.2250	
-0.1159	0.2371	0.0054	68.7500	73.1750	
-0.1159	0.2372	0.0053	68.4750	73.2250	
-0.1159	0.2371	0.0053	69.0000	73.0750	
-0.1159	0.2372	0.0053	68.9750	72.9500	
-0.1160	0.2372	0.0053	68.4250	73.0750	
-0.1159	0.2371	0.0053	68.4500	73.0250	
-0.1159	0.2371	0.0052	68.1500	72.9750	
-0.1159	0.2372	0.0054	68.2250	73.0250	
-0.1158	0.2374	0.0057	68.2250	73.1000	
-0.1159	0.2371	0.0052	68.2750	73.1250	
-0.1160	0.2373	0.0053	67.8750	73.0000	
-0.1160	0.2372	0.0052	67.8500	73.1500	
-0.1160	0.2372	0.0052	67.9500	72.9500	
-0.1160	0.2373	0.0052	68.4500	72.7750	
-0.1160	0.2373	0.0052	68.3500	72.8500	
-0.1160	0.2372	0.0052	68.4750	72.7500	
-0.1160	0.2373	0.0053	67.7000	72.6250	
-0.1161	0.2372	0.0051	67.7000	72.7000	
-0.1161	0.2374	0.0052	67.1000	72.5250	
-0.1161	0.2372	0.0050	66.5750	72.7500	
-0.1162	0.2374	0.0051	66.3500	72.6750	
-0.1162	0.2373	0.0050	66.5750	72.5750	
-0.1162	0.2374	0.0050	66.3250	72.7750	
-0.1162	0.2375	0.0051	66.0500	72.5500	
-0.1162	0.2374	0.0050	65.8250	72.7250	
-0.1163	0.2375	0.0049	66.0750	72.7250	
-0.1163	0.2376	0.0050	66.0750	72.6500	
-0.1163	0.2375	0.0050	65.7750	72.8750	
-0.1163	0.2376	0.0051	65.5500	72.4500	
-0.1163	0.2375	0.0050	65.6000	72.7250	
-0.1164	0.2376	0.0049	65.1750	72.6250	
-0.1165	0.2378	0.0048	65.4000	72.6750	
-0.1164	0.2377	0.0049	65.3000	72.5000	
-0.1164	0.2376	0.0048	65.2500	72.6250	
-0.1164	0.2378	0.0050	65.0500	72.5750	
-0.1164	0.2377	0.0048	65.2000	72.6000	
-0.1164	0.2379	0.0050	64.9500	72.6000	
-0.1165	0.2379	0.0049	65.3250	72.5250	
-0.1165	0.2380	0.0050	64.4500	72.5500	
-0.1165	0.2378	0.0049	64.1750	72.6750	
-0.1165	0.2378	0.0049	64.5750	72.5750	
-0.1165	0.2380	0.0050	64.9750	72.6000	
-0.1165	0.2379	0.0049	64.7750	72.6750	
-0.1165	0.2380	0.0050	64.9000	72.5500	
-0.1165	0.2379	0.0049	64.9250	72.4250	
-0.1165	0.2379	0.0048	64.7750	72.6250	
-0.1165	0.2379	0.0050	64.7750	72.4000	
-0.1165	0.2380	0.0050	64.9750	72.3750	
-0.1166	0.2378	0.0047	64.9000	72.5000	
-0.1166	0.2380	0.0048	64.4750	72.3250	
-0.1167	0.2380	0.0047	64.0500	72.4250	
-0.1167	0.2380	0.0046	63.9250	72.5000	
-0.1167	0.2380	0.0046	64.0750	72.4500	
-0.1167	0.2381	0.0047	64.7500	72.3500	
-0.1167	0.2380	0.0046	64.7500	72.4250	
-0.1167	0.2382	0.0047	64.7750	72.2000	
-0.1167	0.2384	0.0050	64.6250	71.8250	
-0.1167	0.2384	0.0050	64.0750	71.9250	
-0.1168	0.2387	0.0050	64.1500	71.7750	
-0.1170	0.2387	0.0048	64.2500	71.8500	
-0.1170	0.2387	0.0048	64.1000	71.8250	
-0.1169	0.2391	0.0052	64.5500	71.5250	
-0.1171	0.2391	0.0049	64.3000	71.5750	
-0.1171	0.2391	0.0050	64.3500	71.7000	
-0.1171	0.2393	0.0051	64.1500	71.6500	
-0.1172	0.2393	0.0050	64.8250	71.6500	
-0.1172	0.2394	0.0049	64.8250	71.7750	
-0.1172	0.2393	0.0048	64.8500	71.8750	
-0.1172	0.2393	0.0048	65.1250	71.8000	
-0.1172	0.2393	0.0049	65.1000	71.8250	
-0.1172	0.2393	0.0049	65.2000	71.7750	
-0.1172	0.2393	0.0049	65.2000	71.7000	
-0.1173	0.2394	0.0048	65.0000	71.8750	
-0.1171	0.2393	0.0050	65.1000	71.8250	
-0.1170	0.2393	0.0053	65.6000	71.8750	
-0.1171	0.2392	0.0049	65.3750	71.8500	
-0.1173	0.2392	0.0047	65.3000	71.7500	
-0.1174	0.2393	0.0045	65.1750	71.8250	
-0.1172	0.2391	0.0046	65.1000	71.8250	
-0.1172	0.2390	0.0046	64.9000	72.1250	
-0.1173	0.2390	0.0043	64.3250	72.1750	
-0.1173	0.2388	0.0042	63.8000	72.6250	
-0.1173	0.2388	0.0041	63.1000	72.8000	
-0.1172	0.2388	0.0043	62.4250	73.0250	
-0.1172	0.2386	0.0042	61.7750	73.1750	
-0.1171	0.2386	0.0044	61.6250	73.2500	
-0.1173	0.2386	0.0040	61.6500	73.1750	
-0.1173	0.2385	0.0040	62.0000	73.4000	
-0.1171	0.2385	0.0043	62.2000	73.3250	
-0.1172	0.2384	0.0039	62.3000	73.2750	
-0.1173	0.2384	0.0038	62.0000	73.4750	
-0.1173	0.2384	0.0038	61.8250	73.5250	
-0.1173	0.2383	0.0037	61.8000	73.5250	
-0.1173	0.2382	0.0036	61.3000	73.7750	
-0.1173	0.2384	0.0037	60.9500	73.7250	
-0.1173	0.2383	0.0036	60.6000	73.8750	
-0.1172	0.2383	0.0040	60.4750	73.8750	
-0.1173	0.2382	0.0036	60.1500	74.0000	
-0.1173	0.2383	0.0037	60.0500	74.0000	
-0.1174	0.2382	0.0035	59.5000	73.9250	
-0.1174	0.2382	0.0035	59.0250	73.8750	
-0.1174	0.2380	0.0032	58.9750	73.9250	
-0.1174	0.2382	0.0035	58.3750	74.0750	
-0.1174	0.2380	0.0032	58.0750	74.3000	
-0.1174	0.2382	0.0034	57.6750	74.3500	
-0.1174	0.2380	0.0032	57.4250	74.5500	
-0.1174	0.2381	0.0033	57.1250	74.4000	
-0.1174	0.2381	0.0033	57.2500	74.5750	
-0.1174	0.2381	0.0033	57.2750	74.5000	
-0.1174	0.2381	0.0032	57.4750	74.3750	
-0.1175	0.2381	0.0032	57.6250	74.4500	
-0.1174	0.2380	0.0032	57.6000	74.3000	
-0.1174	0.2380	0.0032	57.4500	74.4000	
-0.1174	0.2381	0.0033	57.3000	74.2750	
-0.1174	0.2380	0.0032	57.1500	74.4250	
-0.1174	0.2382	0.0034	56.7250	74.4250	
-0.1174	0.2381	0.0032	56.5250	74.4750	
-0.1174	0.2380	0.0033	56.4500	74.5250	
-0.1174	0.2380	0.0031	56.5750	74.5500	
-0.1174	0.2380	0.0033	56.7500	74.3750	
-0.1174	0.2380	0.0031	57.0000	74.4750	
-0.1174	0.2380	0.0032	57.1750	74.3750	
-0.1174	0.2380	0.0032	57.3500	74.2750	
-0.1174	0.2380	0.0031	57.2750	74.3000	
-0.1174	0.2380	0.0031	56.8750	74.3000	
-0.1173	0.2379	0.0033	56.8500	74.3000	
-0.1174	0.2379	0.0032	56.5500	74.4000	
-0.1174	0.2379	0.0031	56.6500	74.3000	
-0.1174	0.2378	0.0030	56.7750	74.4250	
-0.1174	0.2380	0.0033	56.9500	74.3750	
-0.1173	0.2380	0.0033	57.0000	74.3250	
-0.1174	0.2379	0.0032	56.9000	74.2500	
-0.1174	0.2379	0.0031	57.2500	74.3000	
-0.1174	0.2379	0.0031	57.2750	74.2750	
-0.1174	0.2379	0.0031	57.3750	74.2250	
-0.1174	0.2378	0.0031	57.3750	74.2000	
-0.1174	0.2378	0.0030	56.9000	74.3000	
-0.1174	0.2379	0.0031	56.9750	74.2250	
-0.1174	0.2377	0.0029	57.1250	74.3500	
-0.1174	0.2379	0.0032	57.0750	74.2250	
-0.1173	0.2378	0.0031	57.1250	74.3750	
-0.1173	0.2378	0.0032	56.8750	74.2750	
-0.1172	0.2377	0.0033	57.0250	74.4250	
-0.1172	0.2377	0.0033	57.0250	74.4500	
-0.1174	0.2377	0.0030	56.8500	74.3750	
-0.1173	0.2378	0.0031	57.4250	74.4500	
-0.1173	0.2378	0.0031	57.9250	74.3500	
-0.1172	0.2376	0.0031	58.1000	74.4500	
-0.1172	0.2378	0.0033	58.0000	74.3250	
-0.1171	0.2376	0.0033	58.0250	74.3250	
-0.1171	0.2378	0.0036	57.9000	74.2250	
-0.1171	0.2376	0.0034	57.7000	74.3250	
-0.1172	0.2377	0.0032	57.7250	74.3250	
-0.1172	0.2375	0.0031	58.0000	74.3500	
-0.1172	0.2376	0.0032	57.8000	74.2750	
-0.1172	0.2375	0.0031	58.0250	74.3000	
-0.1172	0.2375	0.0031	58.0500	74.2750	
-0.1171	0.2374	0.0032	58.2750	74.3000	
-0.1171	0.2376	0.0033	58.1500	74.2500	
-0.1170	0.2374	0.0033	58.2250	74.3750	
-0.1170	0.2375	0.0036	58.4000	74.4250	
-0.1170	0.2373	0.0033	58.5000	74.3750	
-0.1170	0.2373	0.0033	58.5250	74.4250	
-0.1171	0.2373	0.0031	58.4750	74.4250	
-0.1170	0.2372	0.0032	58.6250	74.3000	
-0.1170	0.2372	0.0031	58.9000	74.4000	
-0.1170	0.2372	0.0033	59.1250	74.4000	
-0.1169	0.2372	0.0034	59.0750	74.2500	
-0.1169	0.2371	0.0033	59.3750	74.3750	
-0.1169	0.2371	0.0032	59.5750	74.3250	
-0.1168	0.2369	0.0033	59.7250	74.3500	
-0.1168	0.2370	0.0034	59.6250	74.3000	
-0.1167	0.2369	0.0034	59.7750	74.3000	
-0.1168	0.2368	0.0033	59.9000	74.2500	
-0.1168	0.2368	0.0032	60.0750	74.3250	
-0.1168	0.2367	0.0031	60.1250	74.3500	
-0.1167	0.2366	0.0033	60.1000	74.3750	
-0.1166	0.2367	0.0035	60.2750	74.2750	
-0.1165	0.2365	0.0035	60.5250	74.3000	
-0.1165	0.2365	0.0034	60.8250	74.2750	
-0.1166	0.2365	0.0034	60.7500	74.1500	
-0.1166	0.2364	0.0032	60.8250	74.1750	
-0.1165	0.2363	0.0034	60.9500	74.1250	
-0.1164	0.2361	0.0033	60.9500	74.1750	
-0.1164	0.2362	0.0034	60.8750	74.2000	
-0.1164	0.2362	0.0034	60.9750	74.2750	
-0.1162	0.2359	0.0035	61.1750	74.3500	
-0.1161	0.2359	0.0036	61.1250	74.2250	
-0.1162	0.2358	0.0034	61.6000	74.2250	
-0.1162	0.2357	0.0033	61.5750	74.2500	
-0.1161	0.2356	0.0033	61.5250	74.3250	
-0.1160	0.2358	0.0037	61.7000	74.2250	
-0.1161	0.2353	0.0032	61.9250	74.3250	
-0.1160	0.2355	0.0034	61.9250	74.2500	
-0.1159	0.2353	0.0035	62.0750	74.2750	
-0.1157	0.2352	0.0038	61.9750	74.1500	
-0.1158	0.2352	0.0036	62.3500	74.2000	
-0.1157	0.2350	0.0036	62.3500	74.2250	
-0.1157	0.2349	0.0036	62.1000	74.2750	
-0.1156	0.2348	0.0037	62.1000	74.2750	
-0.1156	0.2346	0.0034	62.3250	74.4250	
-0.1155	0.2345	0.0036	62.4000	74.3000	
-0.1154	0.2343	0.0035	62.6250	74.3500	
-0.1154	0.2344	0.0035	62.5000	74.4000	
-0.1153	0.2342	0.0036	62.5750	74.3500	
-0.1152	0.2338	0.0033	62.8000	74.3500	
-0.1151	0.2340	0.0039	62.7000	74.3250	
-0.1150	0.2336	0.0035	62.9250	74.3250	
-0.1150	0.2337	0.0037	62.5250	74.3500	
-0.1149	0.2334	0.0036	62.6250	74.4000	
-0.1148	0.2332	0.0035	62.6500	74.4250	
-0.1147	0.2331	0.0037	62.6500	74.3750	
-0.1147	0.2328	0.0035	62.8000	74.4250	
-0.1146	0.2327	0.0035	62.7250	74.4000	
-0.1143	0.2326	0.0040	62.6250	74.4000	
-0.1144	0.2323	0.0035	62.8250	74.4250	
-0.1143	0.2323	0.0038	62.9000	74.5500	
-0.1141	0.2320	0.0038	62.8000	74.5250	
-0.1140	0.2318	0.0039	62.7750	74.5250	
-0.1140	0.2317	0.0037	62.8500	74.5250	
-0.1139	0.2315	0.0037	62.7500	74.5500	
-0.1135	0.2313	0.0043	62.8750	74.6250	
-0.1136	0.2311	0.0039	62.8500	74.7500	
-0.1136	0.2311	0.0039	62.8000	74.7250	
-0.1136	0.2308	0.0036	63.0000	74.8500	
-0.1135	0.2307	0.0037	62.6250	74.9250	
-0.1133	0.2305	0.0039	62.5250	74.9500	
-0.1133	0.2304	0.0037	62.6750	74.8750	
-0.1132	0.2301	0.0037	62.6250	74.9500	
-0.1130	0.2300	0.0040	62.7500	74.8000	
-0.1129	0.2297	0.0039	62.9000	74.9250	
-0.1128	0.2298	0.0042	63.0500	74.6250	
-0.1127	0.2293	0.0039	63.3000	74.6000	
-0.1126	0.2292	0.0040	63.4500	74.5250	
-0.1126	0.2289	0.0038	63.2250	74.7500	
-0.1125	0.2288	0.0039	63.0250	74.5750	
-0.1125	0.2286	0.0037	62.6000	74.7250	
-0.1124	0.2285	0.0038	62.6750	74.7750	
-0.1123	0.2284	0.0038	63.0000	74.8500	
-0.1122	0.2281	0.0038	62.9750	74.9750	
-0.1121	0.2280	0.0039	62.9250	74.8000	
-0.1120	0.2277	0.0037	62.9000	74.8750	
-0.1119	0.2278	0.0040	63.0250	74.8000	
-0.1118	0.2275	0.0039	63.2000	74.7000	
-0.1116	0.2273	0.0040	63.4750	74.7000	
-0.1115	0.2272	0.0041	63.7250	74.6750	
-0.1115	0.2269	0.0039	62.9750	74.7250	
-0.1114	0.2269	0.0041	63.4250	74.6000	
-0.1113	0.2263	0.0038	63.3000	74.6250	
-0.1112	0.2264	0.0040	62.6500	74.4500	
-0.1110	0.2259	0.0039	63.5250	74.6000	
-0.1108	0.2258	0.0042	63.7750	74.4750	
-0.1106	0.2255	0.0042	62.8250	74.4750	
-0.1105	0.2252	0.0042	63.5250	74.5250	
-0.1105	0.2249	0.0040	64.0500	74.4500	
-0.1103	0.2248	0.0042	63.0750	74.4000	
-0.1101	0.2246	0.0043	62.9500	74.2750	
-0.1099	0.2242	0.0044	63.1250	74.5250	
-0.1097	0.2239	0.0045	63.0000	74.4750	
-0.1097	0.2237	0.0043	62.6250	74.4250	
-0.1095	0.2236	0.0046	63.6750	74.4250	
-0.1094	0.2232	0.0044	64.1000	74.3750	
-0.1093	0.2231	0.0044	62.2250	74.3500	
-0.1091	0.2230	0.0048	62.7750	74.3000	
-0.1085	0.2224	0.0053	63.5250	74.2250	
-0.1087	0.2222	0.0048	62.5000	74.2250	
-0.1086	0.2218	0.0046	62.7000	74.2000	
-0.1084	0.2216	0.0047	63.8500	74.2250	
-0.1083	0.2212	0.0047	63.0000	74.2250	
-0.1080	0.2210	0.0049	62.4250	74.1750	
-0.1081	0.2212	0.0051	63.7750	74.2000	
-0.1079	0.2204	0.0046	62.7000	74.0500	
-0.1077	0.2202	0.0048	62.2250	73.9000	
-0.1075	0.2198	0.0047	63.7750	74.0500	
-0.1074	0.2196	0.0047	63.1250	74.0250	
-0.1072	0.2193	0.0049	62.7500	73.8250	
-0.1071	0.2188	0.0046	63.0500	73.9000	
-0.1069	0.2186	0.0047	62.7000	74.0000	
-0.1068	0.2183	0.0048	62.4750	74.0500	
-0.1067	0.2181	0.0047	62.3000	73.9750	
-0.1065	0.2179	0.0050	62.0500	73.9500	
-0.1063	0.2175	0.0050	62.4750	73.9250	
-0.1060	0.2172	0.0053	62.0750	73.8750	
-0.1058	0.2170	0.0054	61.6250	73.9000	
-0.1057	0.2169	0.0055	62.4250	73.8500	
-0.1058	0.2165	0.0049	61.7500	73.8250	
-0.1056	0.2163	0.0050	61.8250	73.7250	
-0.1054	0.2159	0.0051	62.2000	73.9500	
-0.1054	0.2157	0.0050	61.0500	73.8000	
-0.1052	0.2156	0.0051	61.4750	73.7250	
-0.1050	0.2150	0.0050	62.1000	73.8250	
-0.1049	0.2151	0.0052	61.8750	73.7750	
-0.1048	0.2147	0.0052	62.1750	73.8000	
-0.1045	0.2145	0.0056	62.0000	73.8000	
-0.1043	0.2142	0.0055	61.2000	73.6750	
-0.1043	0.2138	0.0053	61.2250	73.6500	
-0.1041	0.2138	0.0056	61.2750	73.5750	
-0.1040	0.2134	0.0054	62.0000	73.7250	
-0.1039	0.2135	0.0057	61.7500	73.7500	
-0.1036	0.2130	0.0059	60.7750	73.8750	
-0.1035	0.2128	0.0057	60.7250	73.7250	
-0.1035	0.2126	0.0056	61.8250	73.7000	
-0.1034	0.2124	0.0056	61.0000	73.7000	
-0.1031	0.2121	0.0058	61.2750	73.5750	
-0.1030	0.2118	0.0058	61.1750	73.6000	
-0.1027	0.2118	0.0064	60.5750	73.6250	
-0.1025	0.2114	0.0064	61.7750	73.7250	
-0.1026	0.2114	0.0061	61.3250	73.6500	
-0.1026	0.2109	0.0058	61.3500	73.6750	
-0.1025	0.2110	0.0059	60.6750	73.5000	
-0.1024	0.2105	0.0058	60.7750	73.5250	
-0.1023	0.2102	0.0056	60.9000	73.6250	
-0.1021	0.2104	0.0062	61.0750	73.5500	
-0.1019	0.2098	0.0061	60.6750	73.5750	
-0.1019	0.2097	0.0060	60.4250	73.6000	
-0.1016	0.2096	0.0063	60.7500	73.6000	
-0.1016	0.2094	0.0061	60.4500	73.6500	
-0.1014	0.2092	0.0065	60.2750	73.4750	
-0.1013	0.2089	0.0062	61.0750	73.4250	
-0.1014	0.2090	0.0061	60.0000	73.4500	
-0.1012	0.2088	0.0064	60.4750	73.4500	
-0.1010	0.2085	0.0065	60.0250	73.4250	
-0.1010	0.2081	0.0061	60.0750	73.5250	
-0.1009	0.2079	0.0062	60.0750	73.5000	
-0.1008	0.2078	0.0062	60.1250	73.5750	
-0.1007	0.2076	0.0063	59.5500	73.6250	
-0.1006	0.2077	0.0065	60.2000	73.5250	
-0.1006	0.2076	0.0065	58.2750	73.5250	
-0.1003	0.2072	0.0066	59.7500	73.4500	
-0.1001	0.2070	0.0067	60.6000	73.4500	
-0.1002	0.2070	0.0066	58.4000	73.4500	
-0.1001	0.2068	0.0067	59.3000	73.3750	
-0.0997	0.2065	0.0072	58.4500	73.3750	
-0.0994	0.2062	0.0075	59.5250	73.5000	
-0.0997	0.2058	0.0065	59.4000	73.4250	
0.4681	50.0000	0.4153	50.0000	
0.4394	50.0000	0.3925	50.0000	
0.4083	50.0000	0.3731	50.0000	
0.3765	50.0000	0.3560	50.0000	
0.3456	50.0000	0.3406	50.0000	
0.3171	50.0000	0.3265	50.0000	
0.2924	50.0000	0.3139	50.0000	
0.2740	49.7250	0.3023	50.0000	
0.2620	49.4750	0.2920	50.3500	
0.2557	49.2250	0.2830	66.6500	
0.2533	50.1250	0.2749	72.6000	
0.2527	50.1750	0.2677	71.8000	
0.2523	50.4250	0.2608	71.3250	
0.2518	50.5000	0.2538	71.7750	
0.2513	50.9000	0.2464	71.7500	
0.2509	50.0000	0.2387	71.8000	
0.2506	49.8000	0.2308	71.7000	
0.2503	49.9750	0.2230	71.8500	
0.2501	49.5500	0.2152	71.8750	
0.2499	49.6750	0.2075	71.8750	
0.2498	49.5250	0.1998	72.1000	
0.2496	49.6500	0.1921	72.1000	
0.2494	50.3250	0.1849	72.3250	
0.2493	50.2750	0.1786	72.3500	
0.2492	50.6500	0.1737	72.2250	
0.2491	51.6250	0.1702	72.1750	
0.2490	55.0750	0.1677	72.0500	
0.2490	57.0500	0.1657	71.9750	
0.2489	57.2250	0.1640	71.8250	
0.2489	58.8750	0.1623	71.7500	
0.2488	59.0750	0.1607	71.6750	
0.2488	58.9500	0.1592	71.7250	
0.2487	58.6500	0.1578	71.6000	
0.2487	58.4000	0.1566	71.5750	
0.2486	58.4500	0.1554	71.4250	
0.2486	58.5750	0.1545	71.2750	
0.2485	58.3000	0.1536	71.0500	
0.2485	58.2750	0.1529	71.1250	
0.2485	58.1750	0.1522	71.2000	
0.2484	58.4000	0.1516	71.2500	
0.2484	58.8250	0.1511	71.1750	
0.2484	59.0000	0.1507	71.1750	
0.2483	58.9250	0.1504	71.0750	
0.2483	59.0750	0.1501	71.0750	
0.2483	58.9250	0.1499	71.0500	
0.2483	59.2500	0.1497	71.0000	
0.2482	59.3750	0.1495	71.0500	
0.2482	59.6250	0.1494	71.0000	
0.2482	60.1000	0.1492	70.9750	
0.2482	60.1250	0.1491	70.9750	
0.2481	60.2000	0.1489	70.8750	
0.2481	60.5500	0.1488	70.8750	
0.2481	60.8250	0.1487	70.8250	
0.2480	61.1250	0.1486	70.8500	
0.2480	60.7000	0.1485	70.8750	
0.2480	61.0750	0.1484	70.8500	
0.2480	61.2750	0.1483	70.7000	
0.2480	60.4500	0.1482	70.6000	
0.2479	61.7750	0.1481	70.4750	
0.2479	61.8500	0.1480	70.3500	
0.2478	62.6500	0.1479	70.3000	
0.2478	62.6000	0.1478	70.3000	
0.2478	61.4750	0.1477	70.3250	
0.2478	63.0250	0.1476	70.3250	
0.2477	61.2750	0.1475	70.3250	
0.2477	61.1000	0.1474	70.2250	
0.2477	61.9250	0.1473	70.3000	
0.2477	62.8000	0.1472	70.3500	
0.2476	62.0500	0.1471	70.2750	
0.2476	61.6000	0.1470	70.2500	
0.2476	61.2000	0.1470	70.2750	
0.2476	63.3750	0.1468	70.3250	
0.2475	63.9750	0.1467	70.2750	
0.2475	62.0750	0.1467	70.5000	
0.2475	59.8500	0.1466	70.3000	
0.2474	61.4000	0.1465	70.3000	
0.2474	63.4750	0.1464	70.4500	
0.2474	63.5750	0.1463	70.3750	
0.2474	59.4000	0.1462	70.4000	
0.2473	62.1250	0.1461	70.3000	
0.2473	64.1500	0.1460	70.3500	
0.2472	63.1750	0.1459	70.3500	
0.2472	61.0500	0.1458	70.4250	
0.2472	62.9000	0.1457	70.2750	
0.2472	64.1750	0.1456	70.5250	
0.2471	62.6250	0.1455	70.4250	
0.2471	58.2500	0.1454	70.4250	
0.2470	59.1000	0.1453	70.3250	
0.2470	62.9500	0.1452	70.4500	
0.2470	64.0500	0.1450	70.4250	
0.2469	62.5250	0.1449	70.4250	
0.2469	59.5750	0.1448	70.3500	
0.2469	61.0250	0.1447	70.3750	
0.2468	61.7500	0.1446	70.3250	
0.2468	60.7500	0.1445	70.4250	
0.2468	62.6000	0.1444	70.3250	
0.2467	62.4500	0.1442	70.4250	
0.2467	61.5750	0.1441	70.4500	
0.2466	61.1500	0.1440	70.4750	
0.2466	62.3750	0.1439	70.2750	
0.2466	62.1750	0.1437	70.4750	
0.2465	61.5250	0.1436	70.3250	
0.2465	62.4750	0.1435	70.4250	
0.2464	61.2500	0.1434	70.3750	
0.2464	61.7000	0.1432	70.3000	
0.2464	63.1750	0.1431	70.4250	
0.2463	62.9000	0.1429	70.3750	
0.2463	64.4250	0.1427	70.4500	
0.2462	62.5750	0.1426	70.3750	
0.2462	60.6500	0.1425	70.4000	
0.2461	61.4750	0.1423	70.3500	
0.2461	60.8250	0.1421	70.4000	
0.2460	61.7250	0.1420	70.3500	
0.2460	64.9750	0.1418	70.3000	
0.2460	64.9750	0.1417	70.5250	
0.2459	63.5250	0.1415	70.2000	
0.2458	63.7000	0.1413	70.3250	
0.2458	62.9500	0.1411	70.3750	
0.2457	60.1250	0.1410	70.4000	
0.2457	63.1500	0.1408	70.2750	
0.2456	65.2750	0.1406	70.4000	
0.2456	65.1250	0.1405	70.2750	
0.2455	63.1750	0.1403	70.3250	
0.2455	61.4500	0.1400	70.2000	
0.2455	65.8250	0.1398	70.1750	
0.2454	64.7250	0.1396	70.3750	
0.2454	60.3000	0.1394	70.2500	
0.2453	65.8750	0.1392	70.3750	
0.2452	66.2000	0.1390	70.2750	
0.2452	61.3250	0.1388	70.2500	
0.2451	65.8250	0.1386	70.2250	
0.2450	67.3500	0.1383	70.3750	
0.2449	62.6500	0.1381	70.2500	
0.2449	62.4250	0.1379	70.1500	
0.2448	65.9000	0.1376	70.2750	
0.2447	66.2000	0.1374	70.1250	
0.2446	65.2750	0.1371	70.2250	
0.2446	65.6250	0.1369	70.1750	
0.2445	66.0000	0.1366	70.1250	
0.2445	65.5750	0.1364	70.1000	
0.2444	66.9250	0.1360	70.0750	
0.2443	66.8500	0.1358	70.1000	
0.2442	65.3250	0.1356	70.0750	
0.2441	64.7500	0.1352	70.0750	
0.2442	67.0750	0.1351	70.1750	
0.2439	66.5750	0.1346	70.1500	
0.2440	63.2000	0.1343	70.0000	
0.2439	66.6250	0.1340	70.1500	
0.2438	68.9500	0.1337	69.9500	
0.2436	69.8000	0.1333	69.9500	
0.2435	67.6250	0.1330	70.2000	
0.2435	62.4500	0.1327	69.9250	
0.2433	68.2250	0.1323	69.9750	
0.2433	71.1250	0.1320	70.1000	
0.2432	65.6750	0.1317	70.1000	
0.2431	67.3500	0.1314	69.8250	
0.2430	71.8750	0.1310	70.1250	
0.2429	71.5250	0.1306	69.9500	
0.2428	67.2250	0.1302	70.0750	
0.2427	65.7750	0.1299	70.0000	
0.2426	69.0750	0.1295	69.8250	
0.2425	73.1500	0.1291	70.1000	
0.2424	65.9250	0.1287	70.1000	
0.2422	70.6000	0.1282	70.0750	
0.2421	72.5000	0.1278	69.9750	
0.2420	67.8500	0.1274	70.0250	
0.2420	72.8500	0.1271	69.8750	
0.2419	68.5500	0.1266	70.0250	
0.2416	66.4750	0.1262	69.8750	
0.2415	73.8250	0.1257	69.9500	
0.2414	73.7750	0.1252	69.8750	
0.2412	69.2000	0.1247	69.8500	
0.2412	68.3750	0.1243	69.9500	
0.2411	73.8250	0.1238	69.8250	
0.2408	71.2000	0.1233	69.9500	
0.2407	68.2750	0.1227	69.7750	
0.2405	72.7250	0.1221	69.8500	
0.2404	74.1000	0.1216	69.9000	
0.2403	71.2500	0.1210	69.8750	
0.2401	72.7500	0.1204	69.8500	
0.2401	70.2750	0.1198	69.7750	
0.2400	72.7250	0.1192	69.7750	
0.2396	73.2250	0.1186	69.7750	
0.2396	68.1250	0.1181	69.7250	
0.2394	70.5500	0.1173	69.6750	
0.2392	73.3000	0.1167	69.6500	
0.2391	72.3250	0.1160	69.6750	
0.2389	73.9500	0.1153	69.7000	
0.2387	74.0000	0.1145	69.6750	
0.2385	70.7000	0.1139	69.7000	
0.2384	69.6000	0.1131	69.4500	
0.2382	71.8750	0.1123	69.6000	
0.2382	74.1250	0.1115	69.6000	
0.2380	67.3000	0.1107	69.5000	
0.2377	67.6250	0.1099	69.6000	
0.2377	74.2500	0.1090	69.4500	
0.2374	68.6000	0.1084	69.4250	
0.2373	71.0250	0.1072	69.4750	
0.2370	72.1750	0.1063	69.3750	
0.2367	71.0250	0.1054	69.4750	
0.2367	74.1500	0.1043	69.5500	
0.2364	70.3000	0.1033	69.4250	
0.2361	72.0000	0.1023	69.5250	
0.2359	73.8750	0.1012	69.2750	
0.2357	72.7750	0.1002	69.4000	
0.2355	71.1250	0.0991	69.3500	
0.2352	73.2500	0.0980	69.3750	
0.2350	74.4500	0.0970	69.2500	
0.2348	72.3250	0.0958	69.3000	
0.2351	73.2500	0.0947	69.3000	
0.2347	65.6250	0.0936	69.1750	
0.2346	70.9500	0.0926	69.2000	
0.2340	72.9750	0.0911	69.3750	
0.2338	72.7250	0.0900	69.2250	
0.2337	71.2250	0.0890	69.3500	
0.2336	73.2500	0.0880	69.2250	
0.2329	72.3750	0.0864	69.1500	
0.2329	71.9500	0.0852	69.0500	
0.2323	72.2250	0.0839	69.2750	
0.2321	73.2750	0.0829	69.1500	
0.2318	74.4000	0.0814	69.2750	
0.2317	73.1500	0.0804	69.2000	
0.2312	73.5000	0.0788	69.2500	
0.2311	74.3500	0.0774	69.2250	
0.2308	70.6000	0.0762	69.2000	
0.2304	73.5500	0.0748	69.2000	
0.2300	73.8750	0.0736	69.2250	
0.2299	73.2750	0.0723	69.1750	
0.2296	74.5750	0.0710	69.2000	
0.2295	72.2250	0.0696	69.3500	
0.2290	74.5750	0.0684	69.3250	
0.2288	72.7750	0.0673	69.2000	
0.2282	73.8000	0.0658	69.4250	
0.2280	74.2750	0.0645	69.3000	
0.2278	71.5000	0.0629	69.2000	
0.2273	74.0000	0.0616	69.2250	
0.2270	74.2750	0.0603	69.2250	
0.2268	72.6750	0.0591	69.2250	
0.2263	73.8750	0.0581	69.3500	
0.2259	74.2500	0.0563	69.3000	
0.2257	73.4500	0.0550	69.4000	
0.2252	73.3250	0.0537	69.4250	
0.2249	74.0750	0.0523	69.4500	
0.2246	74.0250	0.0511	69.4000	
0.2244	73.0750	0.0498	69.4500	
0.2245	73.8250	0.0488	69.5000	
0.2234	73.4250	0.0473	69.4500	
0.2231	73.5500	0.0461	69.5750	
0.2228	75.0250	0.0448	69.4250	
0.2228	71.5250	0.0436	69.5250	
0.2223	73.5500	0.0424	69.4750	
0.2219	73.4750	0.0412	69.4750	
0.2212	74.0250	0.0400	69.6250	
0.2206	74.1250	0.0388	69.5000	
0.2203	73.5500	0.0377	69.6000	
0.2199	74.0750	0.0365	69.6500	
0.2195	74.2750	0.0355	69.6000	
0.2191	73.8500	0.0344	69.5750	
0.2187	73.9500	0.0334	69.6500	
0.2184	74.5000	0.0323	69.7000	
0.2178	73.8250	0.0313	69.7250	
0.2175	74.6750	0.0302	69.7250	
0.2170	73.9750	0.0293	69.8000	
0.2165	74.2500	0.0283	69.7250	
0.2161	73.9250	0.0274	69.8000	
0.2163	73.9000	0.0265	69.9250	
0.2153	73.4250	0.0256	69.8500	
0.2148	74.8250	0.0247	69.9750	
0.2146	74.5500	0.0240	69.9000	
0.2138	74.5500	0.0232	69.9500	
0.2134	74.5750	0.0224	70.0250	
0.2130	74.0000	0.0216	70.1000	
0.2126	74.5500	0.0208	70.1750	
0.2120	74.4000	0.0201	70.1250	
0.2117	74.6250	0.0194	70.2000	
0.2111	74.9500	0.0187	70.2750	
0.2111	74.0500	0.0181	70.2750	
0.2101	74.5500	0.0175	70.3750	
0.2099	74.4250	0.0168	70.3750	
0.2092	74.8000	0.0163	70.4750	
0.2088	73.9750	0.0158	70.5000	
0.2083	74.7750	0.0152	70.5000	
0.2078	74.3000	0.0146	70.5750	
0.2072	75.0250	0.0140	70.6250	
0.2066	74.6250	0.0136	70.7000	
0.2063	74.6750	0.0131	70.7250	
0.2060	74.4500	0.0127	70.7750	
0.2053	74.9250	0.0124	70.7750	
0.2047	74.4000	0.0118	70.9250	
0.2042	74.4500	0.0114	70.9250	
0.2037	74.9000	0.0110	71.0000	
0.2033	74.8500	0.0107	71.1250	
0.2028	74.2000	0.0103	71.1250	
0.2024	74.3500	0.0101	71.1250	
0.2019	74.2250	0.0097	71.2000	
0.2013	75.0000	0.0094	71.2000	
0.2005	74.9500	0.0092	71.2750	
0.2004	74.6250	0.0089	71.2750	
0.1997	74.9250	0.0086	71.4500	
0.1992	75.0750	0.0084	71.5500	
0.1985	74.7500	0.0081	71.5500	
0.1985	74.4250	0.0078	71.4750	
0.1976	73.9250	0.0076	71.6000	
0.1974	74.7500	0.0074	71.7000	
0.1965	75.4000	0.0073	71.6000	
0.1963	74.5750	0.0071	71.7500	
0.1960	74.9000	0.0069	71.8000	
0.1953	74.6000	0.0067	71.8000	
0.1952	75.2500	0.0066	71.9000	
0.1947	74.2750	0.0064	71.9000	
0.1937	74.8250	0.0062	71.9250	
0.1929	75.0000	0.0061	72.0250	
0.1924	75.3250	0.0059	71.9500	
0.1923	74.3750	0.0058	72.0500	
0.1916	74.8500	0.0057	72.0750	
0.1909	75.2750	0.0056	72.0750	
0.1905	75.1500	0.0055	72.2000	
0.1899	74.8750	0.0054	72.2000	
0.1896	74.8750	0.0053	72.2250	
0.1892	74.6250	0.0052	72.3750	
0.1890	74.7000	0.0051	72.4500	
0.1881	74.3750	0.0050	72.4750	
0.1877	74.2750	0.0049	72.5750	
0.1870	74.6250	0.0049	72.6000	
0.1865	74.8250	0.0048	72.6250	
0.1865	74.0250	0.0047	72.6500	
0.1866	75.1000	0.0046	72.6750	
0.1864	73.2500	0.0046	72.7500	
0.1856	74.9750	0.0045	72.8000	
0.1848	74.0250	0.0045	72.8000	
0.1841	75.1000	0.0044	72.8250	
0.1833	74.4500	0.0044	72.9000	
0.1830	75.0250	0.0043	72.8250	
0.1829	74.6500	0.0042	72.8250	
0.1820	74.7750	0.0042	72.9000	
0.1814	74.8250	0.0042	72.9000	
0.1811	74.8500	0.0041	72.9250	
0.1805	74.6250	0.0041	72.9500	
0.1801	74.6250	0.0040	73.0250	
0.1798	74.8000	0.0040	73.0500	
0.1792	75.0750	0.0039	73.0250	
0.1790	74.8250	0.0039	73.1000	
0.1787	75.0000	0.0039	73.0750	
0.1783	74.3750	0.0038	73.1000	
0.1778	74.7000	0.0038	73.1250	
0.1773	75.1750	0.0038	73.2000	
0.1767	74.9000	0.0038	73.2000	
0.1762	74.7750	0.0038	73.1750	
0.1760	75.3000	0.0037	73.2000	
0.1753	75.2000	0.0037	73.3000	
0.1750	75.0250	0.0037	73.2500	
0.1749	74.9500	0.0036	73.2250	
0.1743	75.0250	0.0036	73.3000	
0.1744	75.2250	0.0036	73.2750	
0.1736	74.8000	0.0036	73.3000	
0.1735	75.1250	0.0036	73.4000	
0.1730	74.9000	0.0036	73.3750	
0.1722	75.2250	0.0035	73.3750	
0.1719	75.2000	0.0035	73.4000	
0.1716	75.0500	0.0035	73.3750	
0.1710	75.1000	0.0035	73.3750	
0.1708	75.1000	0.0035	73.4250	
0.1704	75.0000	0.0035	73.4750	
0.1706	75.2000	0.0034	73.5000	
0.1697	74.9500	0.0034	73.4500	
0.1695	74.9000	0.0034	73.5500	
0.1694	74.9250	0.0034	73.5000	
0.1686	75.0250	0.0034	73.6250	
0.1682	75.1250	0.0033	73.5750	
0.1678	75.1250	0.0033	73.6250	
0.1678	74.9000	0.0033	73.6250	
0.1674	74.7750	0.0033	73.7250	
0.1671	74.9500	0.0033	73.7000	
0.1671	75.3500	0.0033	73.7000	
0.1669	74.5500	0.0033	73.8000	
0.1666	74.6250	0.0033	73.7500	
0.1661	75.2250	0.0033	73.7500	
0.1660	74.7250	0.0033	73.8250	
0.1661	74.7000	0.0033	73.7250	
0.1656	74.7750	0.0033	73.8500	
0.1649	74.7500	0.0033	73.8500	
0.1647	75.2750	0.0032	73.8500	
0.1643	75.1250	0.0032	73.8500	
0.1636	75.1500	0.0032	73.8250	
0.1635	75.0000	0.0032	73.8500	
0.1631	74.8250	0.0032	73.8750	
0.1628	74.7250	0.0032	73.8500	
0.1627	74.6500	0.0032	73.9000	
0.1623	74.7000	0.0031	73.9000	
0.1618	74.9000	0.0031	73.9250	
0.1617	75.2000	0.0031	73.9250	
0.1612	74.9000	0.0031	73.8750	
0.1614	74.7250	0.0031	73.9250	
0.1611	74.7250	0.0031	73.9000	
0.1609	75.4000	0.0031	73.9250	
0.1607	74.5250	0.0031	73.9500	
0.1600	75.1000	0.0031	73.9500	
0.1599	75.1000	0.0031	73.9750	
0.1598	74.6250	0.0031	73.9750	
0.1596	75.1000	0.0031	74.0250	
0.1591	75.1250	0.0031	73.9500	
0.1588	75.0250	0.0031	73.9750	
0.1588	74.7750	0.0031	74.0000	
0.1583	74.9500	0.0031	74.0750	
0.1583	74.8250	0.0031	74.0500	
0.1581	74.9250	0.0030	73.9750	
0.1577	74.9500	0.0030	74.0250	
0.1576	74.4500	0.0030	74.0000	
0.1572	74.7750	0.0030	74.0000	
0.1570	75.1750	0.0030	74.1000	
0.1568	74.9250	0.0030	74.0250	
0.1566	74.8750	0.0030	74.0000	
0.1565	75.1750	0.0030	74.0500	
0.1561	74.7000	0.0030	74.0750	
0.1560	75.0000	0.0030	74.1250	
0.1564	75.1250	0.0030	74.0750	
0.1558	74.9750	0.0030	74.1000	
0.1554	74.6250	0.0030	74.1000	
0.1552	75.0500	0.0030	74.1250	
0.1552	74.4250	0.0030	74.1500	
0.1553	74.9250	0.0030	74.1000	
0.1550	74.9000	0.0030	74.0250	
0.1551	74.6500	0.0030	74.2000	
0.1548	74.8750	0.0030	74.2000	
0.1546	74.8250	0.0030	74.0500	
0.1548	74.5000	0.0030	74.2000	
0.1539	75.2250	0.0030	74.1500	
0.1536	74.7750	0.0030	74.1500	
0.1536	75.1000	0.0030	74.1000	
0.1534	75.0750	0.0030	74.0500	
0.1529	75.2500	0.0030	74.2250	
0.1531	75.2000	0.0029	74.1000	
0.1529	75.4500	0.0030	74.1750	
0.1531	75.1000	0.0029	74.2250	
0.1537	74.5500	0.0029	74.1500	
0.1530	74.8500	0.0029	74.1750	
0.1524	75.6750	0.0029	74.1750	
0.1520	75.4750	0.0029	74.1000	
0.1518	75.4000	0.0029	74.1500	
0.1518	75.2500	0.0029	74.2000	
0.1520	74.7250	0.0030	74.1750	
0.1515	75.1750	0.0029	74.1500	
0.1514	75.6000	0.0029	74.2250	
0.1513	75.4000	0.0029	74.2250	
0.1515	74.7750	0.0029	74.1500	
0.1515	75.4500	0.0029	74.2250	
0.1511	74.9250	0.0029	74.1500	
0.1509	75.0000	0.0029	74.1250	
0.1507	76.0000	0.0029	74.2000	
0.1505	75.7750	0.0029	74.2000	
0.1507	75.4250	0.0029	74.2500	
0.1502	75.2500	0.0029	74.1750	
0.1500	75.0000	0.0029	74.2000	
0.1501	75.4750	0.0029	74.2000	
0.1500	75.4250	0.0029	74.2000	
0.1496	75.5750	0.0029	74.1750	
0.1501	75.4000	0.0029	74.2250	
0.1495	75.3750	0.0029	74.1250	
0.1498	75.7000	0.0029	74.2000	
0.1494	76.1000	0.0029	74.2250	
0.1496	75.3000	0.0029	74.2750	
0.1492	75.9750	0.0029	74.2250	
0.1490	75.4000	0.0029	74.1750	
0.1500	75.2250	0.0029	74.2500	
0.1495	74.9500	0.0029	74.2250	
0.1502	75.0250	0.0029	74.2500	
0.1494	75.6750	0.0029	74.2750	
0.1490	75.6250	0.0029	74.2000	
0.1489	75.3250	0.0029	74.2250	
0.1484	75.7000	0.0029	74.2500	
0.1484	75.7750	0.0029	74.2750	
0.1487	75.4500	0.0029	74.1750	
0.1486	75.4250	0.0029	74.2750	
0.1485	75.3500	0.0028	74.2500	
0.1481	75.3500	0.0028	74.2500	
0.1483	75.3750	0.0029	74.2750	
0.1486	75.3000	0.0029	74.2750	
0.1479	75.4000	0.0029	74.3000	
0.1476	75.5000	0.0029	74.3250	
0.1478	75.6500	0.0029	74.2250	
0.1474	75.4000	0.0028	74.3000	
0.1472	75.4750	0.0029	74.3250	
0.1472	75.4750	0.0029	74.2750	
0.1471	75.2000	0.0028	74.2750	
0.1471	75.2750	0.0028	74.2500	
0.1470	75.3250	0.0028	74.2750	
0.1470	75.3750	0.0028	74.2750	
0.1468	75.5750	0.0028	74.2500	
0.1469	75.0500	0.0028	74.2750	
0.1468	75.2250	0.0028	74.2500	
0.1467	75.4250	0.0028	74.3500	
0.1466	75.2500	0.0028	74.2750	
0.1464	75.3500	0.0028	74.2750	
0.1467	75.3000	0.0028	74.3000	
0.1465	75.2500	0.0028	74.3000	
0.1464	75.5000	0.0028	74.2750	
0.1465	75.3750	0.0028	74.2500	
0.1464	75.3000	0.0028	74.2500	
0.1462	75.5750	0.0028	74.3250	
0.1461	75.3500	0.0028	74.2750	
0.1460	75.3500	0.0028	74.3000	
0.1460	75.6250	0.0028	74.2750	
0.1459	75.5250	0.0028	74.3000	
0.1461	75.3000	0.0028	74.3250	
0.1462	75.7250	0.0029	74.2750	
0.1457	75.6000	0.0029	74.3500	
0.1461	75.3000	0.0028	74.2500	
0.1458	75.7750	0.0028	74.2750	
0.1462	75.7000	0.0028	74.2750	
0.1459	75.4500	0.0028	74.3250	
0.1455	75.6500	0.0028	74.2750	
0.1459	75.6750	0.0028	74.3000	
0.1454	75.2000	0.0028	74.3000	
0.1452	75.4500	0.0028	74.3000	
0.1452	75.4250	0.0028	74.3250	
0.1455	75.5000	0.0028	74.3500	
0.1453	75.5250	0.0028	74.3500	
0.1453	75.6000	0.0028	74.2750	
0.1450	75.3750	0.0028	74.3500	
0.1451	75.3250	0.0028	74.3250	
0.1450	75.5500	0.0028	74.3000	
0.1451	75.4500	0.0028	74.3250	
0.1450	75.5250	0.0028	74.3000	
0.1449	75.5750	0.0028	74.3250	
0.1449	75.4250	0.0028	74.3250	
0.1448	75.0500	0.0028	74.3000	
0.1454	75.7000	0.0028	74.3000	
0.1457	75.0250	0.0028	74.3500	
0.1460	75.3750	0.0028	74.3500	
0.1450	75.5000	0.0028	74.3500	
0.1446	75.5000	0.0028	74.3250	
0.1446	75.4750	0.0028	74.3250	
0.1445	75.4250	0.0028	74.3500	
0.1447	75.4000	0.0028	74.3500	
0.1449	75.0500	0.0028	74.3500	
0.1445	75.6750	0.0028	74.3750	
0.1448	75.3000	0.0028	74.3750	
0.1452	75.5000	0.0028	74.3750	
0.1448	75.2250	0.0028	74.3500	
0.1444	75.4500	0.0028	74.3500	
0.1444	75.4750	0.0028	74.3500	
0.1444	75.2250	0.0028	74.3750	
0.1443	75.4250	0.0028	74.3500	
0.1442	75.1250	0.0028	74.3250	
0.1443	75.5000	0.0028	74.3250	
0.1441	75.3250	0.0028	74.3000	
0.1442	75.1250	0.0028	74.3500	
0.1440	75.0250	0.0028	74.3500	
0.1442	75.4750	0.0028	74.2000	
0.1443	75.2250	0.0028	74.2750	
0.1443	75.3000	0.0028	74.3500	
0.1443	75.7250	0.0027	74.3000	
0.1442	75.1750	0.0028	74.3500	
0.1440	74.9500	0.0027	74.3500	
0.1442	75.0500	0.0028	74.3750	
0.1445	75.3500	0.0028	74.3750	
0.1440	75.3000	0.0027	74.3750	
0.1439	75.0500	0.0028	74.3250	
0.1438	75.2000	0.0027	74.3500	
0.1437	75.1000	0.0028	74.3500	
0.1437	75.5000	0.0027	74.3500	
0.1437	75.0000	0.0028	74.3750	
0.1436	75.3250	0.0027	74.3000	
0.1438	75.3750	0.0027	74.3250	
0.1437	75.1750	0.0027	74.3500	
0.1437	75.0250	0.0027	74.3250	
0.1436	75.0500	0.0027	74.3500	
0.1434	75.1000	0.0027	74.3750	
0.1434	75.3500	0.0028	74.3750	
0.1436	75.1750	0.0027	74.3500	
0.1435	75.2250	0.0027	74.2750	
0.1435	75.2250	0.0027	74.3500	
0.1433	75.4000	0.0027	74.3500	
0.1435	75.3500	0.0027	74.3250	
0.1434	75.0500	0.0028	74.3250	
0.1432	75.4500	0.0027	74.3500	
0.1434	75.2000	0.0027	74.3250	
0.1434	75.1000	0.0027	74.3750	
0.1433	75.5000	0.0027	74.3500	
0.1433	75.0750	0.0027	74.3250	
0.1433	75.3250	0.0027	74.3500	
0.1433	74.8000	0.0027	74.3750	
0.1431	75.0750	0.0027	74.3500	
0.1434	75.1500	0.0027	74.3000	
0.1431	75.2750	0.0027	74.3500	
0.1431	75.3500	0.0027	74.3500	
0.1433	74.8250	0.0027	74.3500	
0.1433	75.2000	0.0027	74.3500	
0.1442	75.0000	0.0027	74.3750	
0.1431	75.2500	0.0027	74.3500	
0.1436	75.0750	0.0027	74.3750	
0.1437	75.2250	0.0027	74.3750	
0.1436	74.7000	0.0027	74.3250	
0.1432	75.2250	0.0027	74.3250	
0.1428	75.0500	0.0027	74.3750	
0.1428	75.1750	0.0027	74.2500	
0.1429	75.1750	0.0027	74.3250	
0.1428	75.4000	0.0027	74.3750	
0.1429	75.1250	0.0027	74.3750	
0.1428	74.8750	0.0027	74.3750	
0.1430	74.9500	0.0027	74.3000	
0.1428	75.2250	0.0027	74.3250	
0.1429	75.0750	0.0027	74.3750	
0.1427	74.9000	0.0027	74.3750	
0.1428	75.0750	0.0027	74.3500	
0.1427	75.2500	0.0027	74.2750	
0.1429	75.0750	0.0027	74.3750	
0.1426	75.3000	0.0027	74.3750	
0.1427	74.8000	0.0027	74.3250	
0.1427	75.1750	0.0027	74.3750	
0.1428	75.0250	0.0027	74.3250	
0.1427	75.1250	0.0027	74.3000	
0.1430	74.9250	0.0027	74.3750	
0.1430	74.9250	0.0027	74.2500	
0.1427	75.1250	0.0027	74.3250	
0.1426	75.2500	0.0027	74.3750	
0.1428	75.1250	0.0027	74.3250	
0.1431	74.7000	0.0027	74.3250	
0.1429	74.9000	0.0027	74.3750	
0.1429	74.9750	0.0027	74.3750	
0.1430	74.9500	0.0027	74.3750	
0.1427	74.9500	0.0027	74.3250	
0.1429	75.0000	0.0027	74.3750	
0.1427	75.0250	0.0027	74.3750	
0.1427	74.9750	0.0027	74.3500	
0.1427	74.8500	0.0027	74.2500	
0.1424	74.9500	0.0027	74.3750	
0.1427	74.9500	0.0027	74.4000	
0.1423	75.0500	0.0027	74.3750	
0.1425	74.8000	0.0027	74.3500	
0.1425	74.8500	0.0027	74.3500	
0.1423	74.8000	0.0027	74.3500	
0.1425	74.7500	0.0027	74.3000	
0.1425	74.7750	0.0027	74.3750	
0.1424	74.8500	0.0027	74.3750	
0.1424	74.9500	0.0027	74.3750	
0.1424	74.6750	0.0027	74.3250	
0.1426	74.9250	0.0027	74.2750	
0.1423	74.7500	0.0027	74.3750	
0.1424	74.8750	0.0027	74.3500	
0.1421	74.7250	0.0027	74.3750	
0.1423	74.7000	0.0027	74.3250	
0.1430	74.6750	0.0027	74.3750	
0.1422	74.5750	0.0027	74.3000	
0.1424	74.5250	0.0027	74.4000	
0.1426	74.5000	0.0027	74.3500	
0.1425	74.5000	0.0027	74.3750	
0.1425	74.4500	0.0027	74.3250	
0.1433	74.2250	0.0027	74.3750	
0.1426	74.3500	0.0027	74.3750	
0.1423	74.7750	0.0027	74.3750	
0.1422	74.5000	0.0027	74.3000	
0.1422	74.6000	0.0027	74.3500	
0.1423	74.4000	0.0027	74.3250	
0.1424	74.4750	0.0027	74.3750	
0.1424	74.1500	0.0027	74.3500	
0.1426	74.1000	0.0027	74.3750	
0.1430	74.2750	0.0027	74.3500	
0.1424	74.4250	0.0027	74.3500	
0.1421	74.3500	0.0027	74.3500	
0.1423	74.2500	0.0027	74.2750	
0.1421	74.4000	0.0027	74.2750	
0.1427	73.6250	0.0027	74.3750	
0.1428	74.5000	0.0027	74.3750	
0.1423	74.1250	0.0027	74.3000	
0.1421	74.0750	0.0027	74.3250	
0.1420	73.6750	0.0027	74.3000	
0.1420	73.9500	0.0027	74.3500	
0.1420	74.0750	0.0027	74.3750	
0.1423	73.4750	0.0027	74.2750	
0.1419	73.7250	0.0027	74.3750	
0.1420	73.6500	0.0027	74.3750	
0.1420	73.7000	0.0027	74.3250	
0.1421	73.6000	0.0027	74.3500	
0.1421	73.8000	0.0027	74.3250	
0.1419	73.6250	0.0027	74.3750	
0.1421	73.3500	0.0027	74.3750	
0.1420	73.3750	0.0027	74.3750	
0.1423	73.2000	0.0027	74.3000	
0.1425	73.2500	0.0027	74.3750	
0.1423	72.9250	0.0027	74.3500	
0.1420	73.0500	0.0027	74.3750	
0.1420	72.4750	0.0027	74.3750	
0.1419	72.6500	0.0027	74.3750	
0.1421	72.3750	0.0027	74.3500	
0.1419	72.5750	0.0027	74.3500	
0.1419	72.3500	0.0027	74.3250	
0.1418	71.9500	0.0027	74.3500	
0.1419	71.5500	0.0027	74.3750	
0.1419	71.7500	0.0027	74.2250	
0.1418	71.5750	0.0026	74.3250	
0.1419	71.4500	0.0027	74.3000	
0.1420	70.7500	0.0027	74.3000	
0.1420	71.0000	0.0027	74.3500	
0.1418	70.6000	0.0027	74.3250	
0.1422	70.3500	0.0027	74.4000	
0.1418	70.5000	0.0027	74.2500	
0.1417	70.1000	0.0027	74.3500	
0.1421	69.5750	0.0026	74.3750	
0.1420	69.3750	0.0027	74.2500	
0.1420	69.8250	0.0027	74.3500	
0.1420	69.3500	0.0026	74.3250	
0.1420	68.9500	0.0027	74.3750	
0.1422	68.1500	0.0027	74.3000	
0.1419	68.5000	0.0026	74.3500	
0.1418	67.7500	0.0026	74.4000	
0.1419	68.1250	0.0026	74.3500	
0.1423	67.7250	0.0027	74.3750	
0.1422	67.5750	0.0027	74.3500	
0.1418	67.9750	0.0026	74.3250	
0.1418	67.4500	0.0026	74.4000	
0.1419	66.8250	0.0026	74.3250	
0.1418	66.8750	0.0026	74.3500	
0.1416	66.6500	0.0026	74.3750	
0.1417	66.8250	0.0026	74.3000	
0.1419	66.1500	0.0027	74.3500	
0.1417	65.9250	0.0026	74.3750	
0.1417	65.7000	0.0026	74.3750	
0.1417	65.3250	0.0026	74.3750	
0.1417	64.8500	0.0026	74.3500	
0.1417	64.6000	0.0026	74.3750	
0.1418	64.8250	0.0026	74.3500	
0.1423	64.3750	0.0026	74.3750	
0.1421	64.1250	0.0026	74.3500	
0.1417	63.8750	0.0026	74.3250	
0.1417	63.6250	0.0026	74.3250	
0.1417	63.6500	0.0026	74.3250	
0.1419	62.9500	0.0026	74.3750	
0.1418	63.0500	0.0026	74.3750	
0.1418	63.1000	0.0026	74.2750	
0.1417	62.6500	0.0026	74.3750	
0.1416	62.3750	0.0026	74.3000	
0.1417	62.1250	0.0026	74.3500	
0.1418	61.9250	0.0027	74.3750	
0.1419	61.7000	0.0027	74.3250	
0.1417	61.6000	0.0026	74.3750	
0.1418	61.5250	0.0027	74.4000	
0.1417	61.8750	0.0026	74.3250	
0.1416	61.2500	0.0026	74.3750	
0.1419	60.7250	0.0026	74.3250	
0.1415	60.7250	0.0026	74.3500	
0.1418	60.5250	0.0026	74.2500	
0.1418	60.5250	0.0026	74.3250	
0.1417	60.1500	0.0026	74.3500	
0.1416	59.6250	0.0026	74.3750	
0.1416	60.3250	0.0027	74.3250	
0.1416	60.0500	0.0027	74.2750	
0.1418	59.6250	0.0026	74.3250	
0.1418	59.5500	0.0026	74.3500	
0.1417	59.7000	0.0026	74.3750	
0.1417	59.0750	0.0026	74.4000	
0.1418	58.8000	0.0026	74.3250	
0.1417	58.9750	0.0026	74.3750	
0.1417	58.3000	0.0026	74.3250	
0.1416	58.4000	0.0026	74.3750	
0.1416	58.3500	0.0026	74.3500	
0.1417	58.5500	0.0026	74.3000	
0.1415	58.4000	0.0026	74.3750	
0.1415	58.1500	0.0026	74.3250	
0.1418	57.9500	0.0026	74.2500	
0.1418	57.9000	0.0026	74.3750	
0.1415	57.3750	0.0026	74.3500	
0.1414	57.3750	0.0026	74.3250	
0.1416	57.0750	0.0026	74.3750	
0.1416	57.3000	0.0026	74.3750	
0.1415	56.8000	0.0026	74.3750	
0.1416	56.9250	0.0026	74.4000	
0.1417	56.2500	0.0026	74.3750	
0.1421	57.0500	0.0026	74.3250	
0.1416	56.2250	0.0026	74.3500	
0.1416	56.0750	0.0026	74.3250	
0.1414	56.4250	0.0026	74.3250	
0.1415	56.0500	0.0027	74.3500	
0.1415	56.0250	0.0026	74.2750	
0.1415	55.7750	0.0026	74.3250	
0.1415	55.8250	0.0026	74.3750	
0.1415	55.6250	0.0027	74.2750	
0.1416	55.4750	0.0026	74.4000	
0.1415	55.2250	0.0026	74.3750	
0.1415	55.6000	0.0026	74.3500	
0.1415	55.0500	0.0026	74.3750	
0.1415	55.2250	0.0026	74.3000	
0.1415	54.5750	0.0026	74.3000	
0.1416	55.1500	0.0026	74.3750	
0.1416	55.2500	0.0026	74.3500	
0.1416	54.1250	0.0026	74.4000	
0.1418	54.8500	0.0026	74.3250	
0.1419	54.4250	0.0026	74.3500	
0.1416	54.6750	0.0027	74.2750	
0.1416	54.1250	0.0026	74.4000	
0.1413	53.7750	0.0026	74.3000	
0.1415	54.0500	0.0026	74.3000	
0.1416	54.4500	0.0026	74.3500	
0.1414	53.6750	0.0026	74.3500	
0.1415	53.7250	0.0026	74.3000	
0.1415	53.4000	0.0026	74.3500	
0.1416	54.2750	0.0026	74.3000	
0.1420	53.0250	0.0026	74.3500	
0.1416	53.3000	0.0026	74.3750	
0.1416	53.5250	0.0026	74.3750	
0.1416	53.0000	0.0026	74.3000	
0.1415	53.3250	0.0026	74.3750	
0.1414	52.4500	0.0026	74.3750	
0.1415	53.1000	0.0026	74.3750	
0.1416	52.9000	0.0026	74.3500	
0.1415	52.6000	0.0026	74.3250	
0.1415	52.6250	0.0026	74.4000	
0.1416	51.8250	0.0026	74.3750	
0.1414	51.7250	0.0026	74.3500	
0.1415	51.9750	0.0026	74.3750	
0.1414	52.2250	0.0026	74.3250	
0.1414	52.2250	0.0026	74.3750	
0.1415	51.9000	0.0026	74.2750	
0.1415	52.2250	0.0026	74.3750	
0.1415	51.4000	0.0026	74.3750	
0.1414	51.8750	0.0026	74.2750	
0.1415	51.3000	0.0026	74.3500	
0.1415	50.7000	0.0026	74.2000	
0.1413	51.0000	0.0026	74.3750	
0.1414	51.6250	0.0026	74.3500	
0.1414	51.5250	0.0026	74.3250	
0.1418	51.1500	0.0026	74.3250	
0.1412	51.4000	0.0026	74.3750	
0.1415	51.2750	0.0026	74.3750	
0.1414	51.0500	0.0026	74.3750	
0.1414	51.0000	0.0026	74.3000	
0.1416	51.5000	0.0026	74.3000	
0.1414	51.1750	0.0026	74.4000	
0.1416	50.8750	0.0026	74.4000	
0.1413	50.3500	0.0026	74.3750	
0.1417	51.1750	0.0026	74.3000	
0.1414	50.1750	0.0026	74.4000	
0.1413	50.1500	0.0026	74.3000	
0.1415	50.4000	0.0026	74.3750	
0.1416	51.3750	0.0026	74.3750	
0.1414	50.5750	0.0026	74.4000	
0.1415	50.8500	0.0026	74.4000	
0.1414	50.6500	0.0026	74.3000	
0.1414	50.5250	0.0026	74.3500	
0.1416	50.6000	0.0026	74.2750	
0.1419	49.4500	0.0026	74.2750	
0.1415	49.8250	0.0026	74.4000	
0.1417	49.4500	0.0026	74.3500	
0.1414	49.7750	0.0026	74.3250	
0.1413	50.3000	0.0026	74.3750	
0.1413	49.8750	0.0026	74.2750	
0.1414	49.4250	0.0026	74.3500	
0.1415	49.0750	0.0026	74.3750	
0.1414	49.0750	0.0026	74.3250	
0.1412	49.2250	0.0026	74.3750	
0.1414	49.2000	0.0026	74.3500	
0.1415	49.2500	0.0026	74.4000	
0.1413	49.7000	0.0026	74.3750	
0.1412	49.8750	0.0026	74.3750	
0.1413	50.5750	0.0026	74.4000	
0.1414	49.8500	0.0026	74.4000	
0.1413	50.1500	0.0026	74.3500	
0.1413	49.7500	0.0026	74.3500	
0.1412	49.6500	0.0026	74.4000	
0.1417	48.7750	0.0026	74.3000	
0.1418	48.6000	0.0026	74.3750	
0.1414	49.2500	0.0026	74.3750	
0.1412	48.6250	0.0026	74.4000	
0.1414	49.1750	0.0026	74.3250	
0.1412	49.9250	0.0026	74.4000	
0.1413	49.1000	0.0026	74.4000	
0.1412	48.6250	0.0026	74.3500	
0.1413	48.8000	0.0026	74.3750	
0.1413	49.0500	0.0026	74.4000	
0.1416	48.6250	0.0026	74.3500	
0.1416	49.1250	0.0026	74.3500	
0.1415	48.9000	0.0026	74.4000	
0.1414	48.9500	0.0026	74.3750	
0.1413	49.0000	0.0026	74.3750	
0.1413	48.7000	0.0026	74.3750	
0.1412	48.5500	0.0026	74.3750	
0.1413	48.3750	0.0026	74.3500	
0.1412	48.1750	0.0026	74.3750	
0.1413	48.1750	0.0026	74.3250	
0.1413	48.8250	0.0026	74.4000	
0.1413	49.0250	0.0026	74.3750	
0.1414	47.9750	0.0026	74.3250	
0.1415	48.1750	0.0026	74.4000	
0.1414	48.1250	0.0026	74.4000	
0.1413	48.0250	0.0026	74.3750	
0.1413	48.6750	0.0026	74.3750	
0.1412	48.4500	0.0026	74.3750	
0.1412	48.3250	0.0026	74.3500	
0.1413	48.0750	0.0026	74.3250	
0.1415	48.1250	0.0026	74.3750	
0.1417	48.1000	0.0026	74.3750	
0.1415	47.6500	0.0026	74.4000	
0.1415	48.2250	0.0026	74.4000	
0.1414	47.9250	0.0026	74.4000	
0.1413	48.3250	0.0026	74.3750	
0.1415	49.1000	0.0026	74.4000	
0.1412	48.1500	0.0026	74.4000	
0.1413	47.7750	0.0026	74.3750	
0.1413	47.3500	0.0026	74.4000	
0.1413	47.6750	0.0026	74.4000	
0.1413	47.4250	0.0026	74.3750	
0.1413	46.5000	0.0026	74.3750	
0.1412	47.1750	0.0026	74.4000	
0.1413	47.2000	0.0026	74.3750	
0.1413	47.4500	0.0026	74.3000	
0.1412	47.5500	0.0026	74.3750	
0.1412	47.8000	0.0026	74.3750	
0.1414	47.5250	0.0026	74.3750	
0.1415	47.1000	0.0026	74.4000	
0.1417	47.0500	0.0026	74.3000	
0.1417	48.0500	0.0026	74.3250	
0.1413	48.5500	0.0026	74.2750	
0.1411	48.2250	0.0026	74.3750	
0.1415	49.0750	0.0026	74.4000	
0.1415	47.9250	0.0026	74.3500	
0.1413	47.9500	0.0026	74.4000	
0.1413	48.0000	0.0026	74.4000	
0.1414	47.7250	0.0026	74.4000	
0.1412	47.0250	0.0026	74.4000	
0.1412	46.8000	0.0026	74.4000	
0.1412	46.1500	0.0026	74.4000	
0.1412	46.6750	0.0026	74.3750	
0.1412	47.8000	0.0026	74.3750	
0.1413	47.2500	0.0026	74.4000	
0.1413	48.0250	0.0026	74.3750	
0.1413	47.3000	0.0026	74.4000	
0.1415	47.4000	0.0026	74.4000	
0.1414	47.2250	0.0026	74.3750	
0.1412	48.3000	0.0026	74.4000	
0.1412	47.2500	0.0026	74.3750	
0.1413	47.4750	0.0026	74.3750	
0.1414	46.8500	0.0026	74.4000	
0.1413	46.8000	0.0026	74.3750	
0.1413	47.0750	0.0026	74.4000	
0.1413	47.2000	0.0026	74.4000	
0.1412	47.3750	0.0026	74.4000	
0.1412	47.0500	0.0026	74.4000	
0.1414	47.7000	0.0026	74.4000	
0.1413	47.3000	0.0026	74.4000	
0.1415	47.1750	0.0026	74.4000	
0.1415	47.5500	0.0026	74.4000	
0.1413	46.8500	0.0026	74.3750	
0.1412	47.3000	0.0026	74.4000	
0.1413	47.5000	0.0026	74.4000	
0.1412	47.3750	0.0026	74.4000	
0.1413	47.4000	0.0026	74.4000	
0.1412	46.9250	0.0026	74.3750	
0.1415	47.6750	0.0026	74.4000	
0.1417	46.5750	0.0026	74.4000	
0.1413	47.7250	0.0026	74.3750	
0.1413	46.3500	0.0026	74.4000	
0.1414	46.1500	0.0026	74.4000	
0.1411	46.8500	0.0026	74.4000	
0.1412	46.5000	0.0026	74.4000	
0.1411	47.0500	0.0026	74.3750	
0.1414	46.6750	0.0026	74.3750	
0.1413	47.2750	0.0026	74.3000	
0.1412	46.6500	0.0026	74.4000	
0.1412	47.5000	0.0026	74.3250	
0.1414	46.7250	0.0026	74.4000	
0.1414	47.3500	0.0026	74.3250	
0.1411	46.9000	0.0026	74.4000	
0.1412	46.5750	0.0026	74.3500	
0.1414	46.7750	0.0026	74.4250	
0.1411	46.6750	0.0026	74.4000	
0.1412	45.6000	0.0026	74.3000	
0.1412	45.8500	0.0026	74.3750	
0.1412	46.4750	0.0026	74.3750	
0.1411	46.6750	0.0026	74.4000	
0.1414	46.6500	0.0026	74.4000	
0.1414	46.2250	0.0026	74.4000	
0.1412	47.2000	0.0026	74.3750	
0.1413	46.5500	0.0026	74.4000	
0.1413	46.5000	0.0026	74.4000	
0.1412	46.5250	0.0026	74.4000	
0.1413	46.7250	0.0026	74.4000	
0.1413	46.4750	0.0026	74.4000	
0.1413	46.9750	0.0026	74.4000	
0.1412	46.0500	0.0026	74.4000	
0.1412	46.3000	0.0026	74.4000	
0.1412	46.8500	0.0026	74.4250	
0.1412	46.7750	0.0026	74.4000	
0.1411	47.1500	0.0026	74.3750	
0.1412	45.8750	0.0026	74.3000	
0.1415	46.0250	0.0026	74.4000	
0.1416	45.7750	0.0026	74.4000	
0.1419	46.3750	0.0026	74.4000	
0.1413	45.7500	0.0026	74.4000	
0.1415	46.9250	0.0026	74.4000	
0.1414	46.3500	0.0026	74.4000	
0.1413	46.9250	0.0026	74.4000	
0.1412	46.7750	0.0026	74.4000	
0.1412	46.7000	0.0026	74.3750	
0.1412	46.2000	0.0026	74.4000	
0.1416	45.5250	0.0026	74.4000	
0.1415	47.1000	0.0026	74.4000	
0.1415	46.7000	0.0026	74.4000	
0.1413	46.1250	0.0026	74.4000	
0.1411	45.5750	0.0026	74.4000	
0.1412	45.6250	0.0026	74.4000	
