Loss_Adversary	Accuracy_Adversary	Loss_Target	Accuracy_Target	
0.0117	0.4037	0.4270	50.0000	50.0000	
0.0087	0.3993	0.4167	50.0000	50.0000	
0.0060	0.3949	0.4069	50.0000	50.0000	
0.0034	0.3907	0.3974	50.0000	50.0000	
0.0010	0.3865	0.3886	50.0000	50.0000	
-0.0015	0.3825	0.3796	50.0000	50.0000	
-0.0038	0.3786	0.3710	50.0000	50.0000	
-0.0062	0.3747	0.3623	50.0000	50.0000	
-0.0109	0.3709	0.3490	50.0000	50.0000	
-0.0162	0.3673	0.3348	50.0000	50.0000	
-0.0210	0.3637	0.3217	50.0000	50.0000	
-0.0246	0.3602	0.3110	50.0000	50.0000	
-0.0269	0.3568	0.3029	50.0000	50.0000	
-0.0279	0.3534	0.2976	50.0000	50.0000	
-0.0279	0.3502	0.2944	50.0000	50.0000	
-0.0271	0.3470	0.2928	50.0000	50.0000	
-0.0262	0.3439	0.2915	50.0000	63.2250	
-0.0254	0.3409	0.2900	50.0000	80.6500	
-0.0241	0.3363	0.2881	50.0000	81.3250	
-0.0211	0.3277	0.2856	50.0000	80.2500	
-0.0177	0.3178	0.2823	50.0000	78.5250	
-0.0147	0.3077	0.2783	50.0000	75.0000	
-0.0121	0.2972	0.2730	50.0000	70.8750	
-0.0107	0.2875	0.2660	50.0000	66.3750	
-0.0112	0.2785	0.2562	50.0000	61.1250	
-0.0133	0.2712	0.2447	50.0000	57.8250	
-0.0175	0.2657	0.2307	50.0000	56.2750	
-0.0233	0.2618	0.2153	50.0000	54.8500	
-0.0300	0.2596	0.1996	50.0000	54.0250	
-0.0368	0.2583	0.1847	50.0000	52.8500	
-0.0423	0.2576	0.1730	50.0000	52.0750	
-0.0455	0.2566	0.1657	47.2250	51.2000	
-0.0467	0.2557	0.1623	26.5500	50.9250	
-0.0472	0.2546	0.1602	26.6500	51.0250	
-0.0477	0.2534	0.1580	26.5500	50.9750	
-0.0484	0.2525	0.1557	29.2000	50.8750	
-0.0493	0.2516	0.1530	39.8500	50.7500	
-0.0505	0.2508	0.1498	54.0000	50.7750	
-0.0522	0.2501	0.1457	56.2000	50.7750	
-0.0544	0.2494	0.1406	59.0750	50.7000	
-0.0571	0.2490	0.1348	58.1750	50.7500	
-0.0600	0.2482	0.1281	58.8750	50.9000	
-0.0632	0.2476	0.1212	60.1000	51.7500	
-0.0659	0.2465	0.1146	62.5000	53.2250	
-0.0681	0.2448	0.1085	65.3000	54.6250	
-0.0698	0.2427	0.1030	68.3250	56.1000	
-0.0715	0.2402	0.0973	69.4000	58.4500	
-0.0733	0.2377	0.0911	69.9250	60.8750	
-0.0758	0.2343	0.0828	68.3500	63.8000	
-0.0768	0.2291	0.0756	67.6000	63.8500	
-0.0772	0.2224	0.0680	70.2000	68.5000	
-0.0771	0.2155	0.0613	72.8500	67.7750	
-0.0772	0.2099	0.0555	74.6000	67.9250	
-0.0773	0.2051	0.0506	75.1250	69.0500	
-0.0769	0.2005	0.0467	75.0250	70.2750	
-0.0764	0.1960	0.0432	75.0250	72.5000	
-0.0757	0.1916	0.0401	74.7250	72.6500	
-0.0752	0.1892	0.0389	74.8500	72.8250	
-0.0745	0.1870	0.0379	74.9500	72.8250	
-0.0741	0.1843	0.0362	75.0250	73.1250	
-0.0736	0.1814	0.0342	75.1000	72.9750	
-0.0732	0.1815	0.0351	75.0750	73.8500	
-0.0728	0.1797	0.0340	74.9000	72.8750	
-0.0724	0.1762	0.0315	75.1250	72.5750	
-0.0720	0.1767	0.0327	75.0000	73.6000	
-0.0717	0.1747	0.0312	75.1000	73.5000	
-0.0714	0.1720	0.0293	75.0750	73.4000	
-0.0712	0.1713	0.0290	75.1500	73.8250	
-0.0709	0.1707	0.0289	75.1000	73.9000	
-0.0707	0.1688	0.0274	75.1750	73.7000	
-0.0705	0.1684	0.0273	75.1000	74.1250	
-0.0702	0.1666	0.0261	75.2750	73.8750	
-0.0700	0.1669	0.0269	75.3000	74.3500	
-0.0700	0.1652	0.0252	75.4250	74.3000	
-0.0697	0.1648	0.0254	75.1750	73.5500	
-0.0694	0.1640	0.0253	75.4750	74.5750	
-0.0690	0.1635	0.0255	75.1000	74.1750	
-0.0693	0.1618	0.0233	75.4000	73.7750	
-0.0691	0.1613	0.0230	75.1750	74.8000	
-0.0690	0.1607	0.0228	75.1250	74.0750	
-0.0688	0.1591	0.0214	75.3500	73.8750	
-0.0689	0.1595	0.0218	75.1250	74.7250	
-0.0685	0.1593	0.0222	75.0000	74.5750	
-0.0686	0.1569	0.0197	75.2250	74.7000	
-0.0685	0.1571	0.0200	75.0750	74.7000	
-0.0683	0.1572	0.0205	74.7750	74.8000	
-0.0686	0.1558	0.0187	75.1250	75.0250	
-0.0687	0.1558	0.0184	75.1250	75.3750	
-0.0685	0.1555	0.0184	74.8500	74.8250	
-0.0683	0.1560	0.0193	74.7000	75.4000	
-0.0689	0.1557	0.0179	74.5250	75.4750	
-0.0691	0.1564	0.0181	74.5750	75.5000	
-0.0695	0.1559	0.0169	74.8000	75.3500	
-0.0697	0.1562	0.0168	74.5250	75.6000	
-0.0703	0.1588	0.0182	74.5000	76.7750	
-0.0704	0.1605	0.0197	74.3750	76.5250	
-0.0724	0.1658	0.0209	74.5750	75.2500	
-0.0893	0.2211	0.0425	73.8500	73.0000	
-0.1959	0.5290	0.1373	57.0250	60.0750	
-0.2116	0.6055	0.1823	50.0500	52.4250	
-0.1264	0.4963	0.2436	50.0000	60.4500	
-0.0221	0.3422	0.2980	50.0000	66.6250	
-0.0223	0.2781	0.2334	50.0000	65.4750	
-0.0455	0.2930	0.2020	50.0000	62.1500	
-0.0537	0.2727	0.1654	50.0000	57.5750	
-0.0496	0.2447	0.1454	50.0000	55.0250	
-0.0465	0.2283	0.1354	50.0000	54.1000	
-0.0459	0.2209	0.1292	51.8750	54.1000	
-0.0477	0.2191	0.1238	52.4000	54.3750	
-0.0501	0.2191	0.1188	48.2500	54.8500	
-0.0528	0.2187	0.1130	48.9000	55.7000	
-0.0559	0.2167	0.1050	48.5250	57.4500	
-0.0594	0.2134	0.0946	48.6000	59.7000	
-0.0632	0.2094	0.0829	48.8250	62.7000	
-0.0672	0.2072	0.0728	49.0750	65.9250	
-0.0704	0.2070	0.0662	49.4000	70.0750	
-0.0725	0.2061	0.0612	49.4750	72.6000	
-0.0738	0.2039	0.0562	49.6750	73.6250	
-0.0747	0.2027	0.0533	49.7250	74.2500	
-0.0751	0.2020	0.0517	49.9000	74.8500	
-0.0752	0.2008	0.0504	49.8500	75.1000	
-0.0750	0.1994	0.0495	49.8500	75.0500	
-0.0747	0.1981	0.0487	49.9500	75.0000	
-0.0743	0.1969	0.0483	50.1250	74.9750	
-0.0738	0.1956	0.0480	50.2750	74.8250	
-0.0732	0.1942	0.0478	50.3500	74.8000	
-0.0727	0.1928	0.0474	50.4500	74.5500	
-0.0722	0.1914	0.0470	50.5000	74.5500	
-0.0716	0.1897	0.0465	50.6250	74.4000	
-0.0710	0.1881	0.0461	50.7500	74.3500	
-0.0705	0.1864	0.0455	50.7500	74.1250	
-0.0697	0.1844	0.0451	50.8000	74.3000	
-0.0686	0.1817	0.0445	50.8000	74.1000	
-0.0674	0.1786	0.0438	50.9000	73.9500	
-0.0663	0.1758	0.0432	50.9500	73.8750	
-0.0652	0.1730	0.0425	51.1250	73.8000	
-0.0644	0.1706	0.0417	51.4000	73.6750	
-0.0638	0.1683	0.0406	52.0250	73.9250	
-0.0634	0.1666	0.0398	52.3750	73.3250	
-0.0631	0.1651	0.0389	53.1250	73.7250	
-0.0629	0.1635	0.0377	53.6500	73.6250	
-0.0629	0.1625	0.0366	54.0500	73.4000	
-0.0632	0.1619	0.0356	54.2250	73.6250	
-0.0638	0.1621	0.0345	54.1250	74.0750	
-0.0649	0.1633	0.0335	54.1000	74.6750	
-0.0671	0.1666	0.0325	53.9750	75.4750	
-0.0710	0.1743	0.0324	53.8500	76.7750	
-0.0783	0.1898	0.0332	53.7500	77.1250	
-0.0868	0.2127	0.0391	53.8250	77.4500	
-0.0917	0.2302	0.0467	53.5000	76.6000	
-0.0932	0.2420	0.0556	53.5000	75.2500	
-0.0924	0.2467	0.0619	53.3500	73.4750	
-0.0894	0.2435	0.0648	53.0500	72.4250	
-0.0864	0.2369	0.0641	52.4250	72.7500	
-0.0832	0.2261	0.0596	52.2500	73.8000	
-0.0811	0.2160	0.0539	53.0750	75.4000	
-0.0809	0.2103	0.0485	55.8750	76.8250	
-0.0809	0.2054	0.0435	59.7750	78.0750	
-0.0806	0.2001	0.0389	63.1000	78.3500	
-0.0800	0.1951	0.0352	65.7250	78.3250	
-0.0794	0.1911	0.0322	67.0000	77.8250	
-0.0792	0.1883	0.0298	67.0250	77.5500	
-0.0795	0.1870	0.0280	66.3750	77.2500	
-0.0801	0.1870	0.0268	65.0750	77.0000	
-0.0812	0.1883	0.0259	63.8500	76.7750	
-0.0828	0.1905	0.0250	62.4750	76.7000	
-0.0846	0.1938	0.0245	60.6750	76.8000	
-0.0871	0.1973	0.0231	59.4750	76.5500	
-0.0907	0.2029	0.0215	58.9750	76.5000	
-0.0965	0.2128	0.0197	59.1000	76.3000	
-0.1039	0.2282	0.0203	60.1500	76.7250	
-0.1097	0.2443	0.0250	61.3750	76.6000	
-0.1075	0.2456	0.0306	62.6250	74.4750	
-0.1010	0.2351	0.0330	64.3250	71.8000	
-0.0982	0.2273	0.0309	64.7750	69.8250	
-0.1005	0.2268	0.0259	63.3250	68.2750	
-0.1030	0.2299	0.0238	61.2000	68.8750	
-0.1029	0.2312	0.0254	57.9500	70.5000	
-0.1002	0.2273	0.0268	54.6250	73.3750	
-0.0974	0.2219	0.0270	52.1500	75.7750	
-0.0957	0.2171	0.0257	51.1250	77.3000	
-0.0954	0.2141	0.0234	50.8500	77.7000	
-0.0959	0.2129	0.0211	50.9000	77.6750	
-0.0964	0.2122	0.0193	51.2000	77.4250	
-0.0966	0.2109	0.0176	51.9500	76.6750	
-0.0964	0.2094	0.0165	53.0500	75.8750	
-0.0962	0.2083	0.0158	54.1500	74.8250	
-0.0962	0.2073	0.0149	55.3250	74.4500	
-0.0964	0.2075	0.0147	55.3250	74.5750	
-0.0966	0.2076	0.0144	55.4750	74.9500	
-0.0968	0.2077	0.0142	55.5000	75.1500	
-0.0969	0.2078	0.0140	55.2250	75.3250	
-0.0970	0.2077	0.0137	55.1500	75.5250	
-0.0971	0.2077	0.0135	55.0250	75.9750	
-0.0972	0.2077	0.0133	55.0250	76.2000	
-0.0974	0.2077	0.0129	55.0500	76.3500	
-0.0975	0.2077	0.0127	55.1250	76.4250	
-0.0977	0.2077	0.0124	55.2500	76.3500	
-0.0978	0.2076	0.0121	55.3000	76.3000	
-0.0979	0.2079	0.0120	55.2250	76.4750	
-0.0981	0.2079	0.0118	55.5000	76.4250	
-0.0982	0.2080	0.0116	55.4250	76.3500	
-0.0983	0.2080	0.0114	55.3500	76.4250	
-0.0984	0.2081	0.0112	55.4250	76.5000	
-0.0985	0.2082	0.0112	55.2250	76.5500	
-0.0986	0.2083	0.0111	55.0750	76.5250	
-0.0987	0.2085	0.0111	54.8000	76.4000	
-0.0988	0.2084	0.0109	54.8500	76.4750	
-0.0989	0.2085	0.0107	54.6750	76.2500	
-0.0990	0.2085	0.0106	54.3000	76.4250	
-0.0991	0.2086	0.0105	54.1000	76.4500	
-0.0992	0.2088	0.0105	53.8750	76.2000	
-0.0992	0.2088	0.0104	53.7250	76.2750	
-0.0993	0.2089	0.0103	53.4000	76.0750	
-0.0994	0.2089	0.0101	53.2250	76.0750	
-0.0994	0.2089	0.0100	52.8250	76.0250	
-0.0995	0.2089	0.0099	52.5000	76.1500	
-0.0995	0.2089	0.0099	52.2500	76.1000	
-0.0995	0.2090	0.0099	51.9250	75.9500	
-0.0996	0.2091	0.0099	52.0000	76.0750	
-0.0996	0.2090	0.0097	51.7750	76.0500	
-0.0997	0.2090	0.0097	51.4000	75.8500	
-0.0998	0.2091	0.0095	50.9000	76.0500	
-0.0998	0.2090	0.0094	50.4250	76.0250	
-0.0998	0.2091	0.0094	50.1250	75.7500	
-0.0999	0.2091	0.0093	49.7500	75.9500	
-0.0999	0.2091	0.0093	49.5250	75.8500	
-0.0999	0.2090	0.0092	49.3500	75.6500	
-0.1000	0.2090	0.0091	48.9750	75.5750	
-0.1000	0.2090	0.0090	48.5750	75.4250	
-0.1001	0.2091	0.0090	48.1750	75.3750	
-0.1001	0.2091	0.0089	47.7500	75.4000	
-0.1001	0.2091	0.0089	47.5250	75.3250	
-0.1001	0.2091	0.0088	47.1750	75.2000	
-0.1002	0.2091	0.0088	46.9750	75.0500	
-0.1002	0.2092	0.0088	46.6500	75.0000	
-0.1002	0.2093	0.0088	46.4250	74.8000	
-0.1002	0.2091	0.0087	46.2000	74.9500	
-0.1003	0.2092	0.0087	46.0750	74.6250	
-0.1003	0.2093	0.0087	45.8500	74.5000	
-0.1004	0.2093	0.0086	45.4750	74.7000	
-0.1004	0.2094	0.0086	45.4250	74.4000	
-0.1005	0.2095	0.0086	45.4000	74.7250	
-0.1005	0.2096	0.0086	45.0000	74.3000	
-0.1006	0.2096	0.0085	45.0250	74.3250	
-0.1006	0.2097	0.0085	44.9000	74.4250	
-0.1007	0.2097	0.0084	44.5500	74.3000	
-0.1007	0.2098	0.0083	44.4000	74.3000	
-0.1008	0.2100	0.0084	44.3750	74.2750	
-0.1009	0.2102	0.0084	44.2750	74.2500	
-0.1009	0.2103	0.0084	44.3000	74.1250	
-0.1010	0.2105	0.0084	44.2500	74.2250	
-0.1011	0.2106	0.0084	44.0250	74.0500	
-0.1012	0.2106	0.0083	43.7250	74.1000	
-0.1013	0.2108	0.0082	43.7500	73.5750	
-0.1014	0.2110	0.0082	43.5000	73.9250	
-0.1014	0.2112	0.0084	43.4500	73.5500	
-0.1015	0.2112	0.0081	43.2500	73.5750	
-0.1016	0.2113	0.0081	43.4500	73.6000	
-0.1017	0.2115	0.0081	43.3000	73.5000	
-0.1018	0.2116	0.0081	43.3250	73.5750	
-0.1018	0.2118	0.0081	43.3000	73.4500	
-0.1018	0.2119	0.0082	43.2500	73.4250	
-0.1019	0.2119	0.0082	43.2250	73.3500	
-0.1020	0.2119	0.0079	43.1750	73.3750	
-0.1020	0.2121	0.0081	43.1500	73.4000	
-0.1021	0.2123	0.0081	43.2000	73.2250	
-0.1021	0.2122	0.0080	43.0750	73.4250	
-0.1022	0.2123	0.0080	42.9500	73.3250	
-0.1023	0.2124	0.0079	42.7500	73.3250	
-0.1023	0.2125	0.0079	42.7500	73.4750	
-0.1024	0.2127	0.0079	42.6500	73.2000	
-0.1024	0.2127	0.0079	42.7250	73.3750	
-0.1025	0.2127	0.0078	42.5000	73.3500	
-0.1024	0.2129	0.0081	42.4250	73.5000	
-0.1024	0.2128	0.0080	42.4000	73.4250	
-0.1025	0.2129	0.0079	42.3500	73.4250	
-0.1026	0.2130	0.0079	41.9750	73.2250	
-0.1027	0.2131	0.0078	41.9750	73.2250	
-0.1026	0.2131	0.0078	41.9750	73.4250	
-0.1026	0.2131	0.0078	41.9000	73.4500	
-0.1027	0.2134	0.0080	41.7500	73.6000	
-0.1026	0.2135	0.0082	41.8750	73.5000	
-0.1028	0.2135	0.0079	41.6250	73.4750	
-0.1030	0.2136	0.0077	41.4250	73.3750	
-0.1029	0.2134	0.0076	41.3000	73.6500	
-0.1029	0.2135	0.0076	41.0500	73.6500	
-0.1030	0.2137	0.0078	41.2500	73.5500	
-0.1030	0.2138	0.0078	40.9750	73.6250	
-0.1030	0.2137	0.0078	40.9250	73.5750	
-0.1031	0.2138	0.0076	40.7000	73.7750	
-0.1030	0.2140	0.0079	40.6750	73.7750	
-0.1031	0.2140	0.0078	40.4500	73.8750	
-0.1031	0.2139	0.0077	40.4750	73.8250	
-0.1032	0.2140	0.0076	40.3250	73.9500	
-0.1032	0.2141	0.0077	40.2250	73.8250	
-0.1033	0.2141	0.0076	40.1500	73.9500	
-0.1033	0.2142	0.0076	39.9750	74.0500	
-0.1034	0.2142	0.0075	40.0250	74.0750	
-0.1034	0.2143	0.0075	39.7750	74.0250	
-0.1035	0.2145	0.0076	40.1000	74.0250	
-0.1035	0.2146	0.0075	39.8750	74.1500	
-0.1035	0.2145	0.0075	39.6500	74.2750	
-0.1035	0.2146	0.0076	39.3250	74.2500	
-0.1035	0.2147	0.0077	39.5000	74.2500	
-0.1034	0.2146	0.0078	39.4000	74.3750	
-0.1036	0.2147	0.0076	39.3500	74.1500	
-0.1037	0.2148	0.0074	39.2250	74.4750	
-0.1036	0.2150	0.0078	39.2750	74.4750	
-0.1034	0.2148	0.0081	39.0750	74.5500	
-0.1037	0.2148	0.0074	39.0250	74.5250	
-0.1037	0.2151	0.0076	39.0750	74.6500	
-0.1038	0.2151	0.0075	39.1000	74.6250	
-0.1039	0.2151	0.0074	39.0250	74.6250	
-0.1039	0.2152	0.0074	38.8250	74.5750	
-0.1039	0.2152	0.0074	38.7000	74.7250	
-0.1037	0.2154	0.0080	39.0500	74.7000	
-0.1036	0.2153	0.0080	39.0250	74.7250	
-0.1037	0.2153	0.0078	38.8250	74.7500	
-0.1039	0.2155	0.0078	38.6750	74.8000	
-0.1039	0.2154	0.0076	38.5500	74.8000	
-0.1039	0.2156	0.0078	38.7500	74.9000	
-0.1039	0.2156	0.0079	38.6750	74.8000	
-0.1041	0.2156	0.0075	38.3250	74.8500	
-0.1041	0.2156	0.0073	38.4750	74.7000	
-0.1041	0.2156	0.0075	38.5000	75.1750	
-0.1042	0.2157	0.0073	38.4000	75.0750	
-0.1042	0.2160	0.0076	38.5500	74.7750	
-0.1043	0.2159	0.0073	38.6500	75.0250	
-0.1043	0.2159	0.0074	38.2250	74.9500	
-0.1043	0.2160	0.0074	38.2750	75.1250	
-0.1043	0.2159	0.0073	38.2750	75.1500	
-0.1044	0.2161	0.0074	38.3500	75.1250	
-0.1044	0.2161	0.0074	38.5500	75.1250	
-0.1043	0.2161	0.0074	38.1500	75.2000	
-0.1044	0.2160	0.0071	37.7750	75.1750	
-0.1044	0.2160	0.0072	38.3250	75.0250	
-0.1044	0.2161	0.0074	38.4500	75.3750	
-0.1046	0.2164	0.0071	38.4250	75.3250	
-0.1048	0.2164	0.0068	38.1750	75.3500	
-0.1048	0.2167	0.0072	38.3000	75.4000	
-0.1048	0.2165	0.0068	38.0250	75.3000	
-0.1048	0.2167	0.0072	37.9250	75.3500	
-0.1048	0.2164	0.0069	37.9750	75.4250	
-0.1048	0.2168	0.0072	38.2750	75.1000	
-0.1050	0.2166	0.0067	38.1500	75.3500	
-0.1050	0.2168	0.0068	38.1750	75.3000	
-0.1050	0.2171	0.0070	38.3250	75.2250	
-0.1051	0.2167	0.0065	37.8500	75.3750	
-0.1051	0.2169	0.0066	38.4250	75.1750	
-0.1051	0.2171	0.0069	38.2750	75.3500	
-0.1051	0.2170	0.0068	38.3250	75.0750	
-0.1052	0.2171	0.0066	38.1250	75.2750	
-0.1052	0.2171	0.0068	38.2750	75.1750	
-0.1052	0.2173	0.0068	38.2000	75.1250	
-0.1053	0.2171	0.0066	37.9750	75.0750	
-0.1051	0.2172	0.0071	38.2000	75.2750	
-0.1052	0.2175	0.0070	38.1250	75.2000	
-0.1052	0.2173	0.0068	38.5250	74.9750	
-0.1053	0.2173	0.0067	38.2750	75.3750	
-0.1054	0.2178	0.0069	38.0000	75.1250	
-0.1054	0.2174	0.0067	37.9500	75.2250	
-0.1054	0.2177	0.0068	38.6000	75.3250	
-0.1054	0.2178	0.0070	38.3000	75.1750	
-0.1055	0.2176	0.0066	38.0000	75.3000	
-0.1053	0.2176	0.0071	38.0250	75.3500	
-0.1051	0.2181	0.0079	38.5250	75.2750	
-0.1054	0.2177	0.0069	38.1000	75.1750	
-0.1055	0.2178	0.0068	38.5000	75.3000	
-0.1056	0.2181	0.0069	38.3750	75.3500	
-0.1056	0.2179	0.0068	38.0500	75.3000	
-0.1056	0.2181	0.0069	38.4000	75.3500	
-0.1055	0.2183	0.0073	38.2500	75.5500	
-0.1055	0.2183	0.0073	38.2750	75.1500	
-0.1054	0.2182	0.0075	38.1250	75.2000	
-0.1056	0.2184	0.0072	37.9500	75.5500	
-0.1056	0.2183	0.0071	38.0000	75.3750	
-0.1056	0.2185	0.0072	38.5000	75.6750	
-0.1057	0.2185	0.0071	38.0750	75.5500	
-0.1058	0.2183	0.0067	37.8250	75.4750	
-0.1057	0.2184	0.0070	37.9250	75.6250	
-0.1059	0.2187	0.0070	38.1250	75.8500	
-0.1059	0.2189	0.0071	37.6750	75.6000	
-0.1057	0.2184	0.0070	38.0750	75.4500	
-0.1056	0.2187	0.0076	38.4250	75.6250	
-0.1051	0.2188	0.0087	38.0500	75.8000	
-0.1052	0.2183	0.0078	37.8000	75.8500	
-0.1052	0.2186	0.0081	38.0250	75.6750	
-0.1054	0.2185	0.0077	38.3000	75.5000	
-0.1058	0.2186	0.0070	38.0750	75.5000	
-0.1056	0.2186	0.0073	38.2000	75.5500	
-0.1058	0.2185	0.0069	38.2500	75.5000	
-0.1057	0.2187	0.0072	37.8750	75.4750	
-0.1057	0.2184	0.0070	37.9750	75.5500	
-0.1057	0.2187	0.0073	38.4250	75.5000	
-0.1056	0.2185	0.0073	38.3000	75.5250	
-0.1056	0.2184	0.0072	38.0500	75.2250	
-0.1057	0.2185	0.0071	38.0750	75.3750	
-0.1054	0.2185	0.0077	38.2000	75.4000	
-0.1056	0.2185	0.0073	38.3500	75.4000	
-0.1058	0.2186	0.0070	38.1500	75.3500	
-0.1058	0.2186	0.0071	38.1500	75.3500	
-0.1057	0.2184	0.0071	37.8500	75.2250	
-0.1055	0.2183	0.0072	38.1500	75.1250	
-0.1055	0.2183	0.0074	38.3250	75.1000	
-0.1056	0.2186	0.0074	38.3500	75.2750	
-0.1057	0.2184	0.0070	38.4500	75.0500	
-0.1057	0.2185	0.0070	38.4000	75.3250	
-0.1057	0.2183	0.0069	38.5500	75.0000	
-0.1054	0.2183	0.0076	38.6500	75.0000	
-0.1057	0.2183	0.0069	38.6250	74.9750	
-0.1057	0.2183	0.0068	38.5250	75.0250	
-0.1057	0.2184	0.0071	38.6500	74.9750	
-0.1057	0.2182	0.0067	38.5500	74.9000	
-0.1056	0.2182	0.0070	38.8250	74.8250	
-0.1056	0.2182	0.0070	38.9000	75.0500	
-0.1057	0.2182	0.0067	38.9000	74.8750	
-0.1057	0.2181	0.0067	38.8500	74.9750	
-0.1056	0.2182	0.0070	38.8750	75.0750	
-0.1056	0.2179	0.0067	38.7250	74.9000	
-0.1056	0.2180	0.0068	38.9750	75.0750	
-0.1054	0.2181	0.0072	38.9000	75.0000	
-0.1054	0.2179	0.0071	38.9750	74.9000	
-0.1055	0.2179	0.0069	39.0000	75.0000	
-0.1054	0.2182	0.0073	39.0250	75.0500	
-0.1052	0.2178	0.0074	39.1500	74.8000	
-0.1052	0.2178	0.0074	38.9750	74.9000	
-0.1049	0.2180	0.0081	39.2250	75.1250	
-0.1049	0.2177	0.0079	39.1750	74.8750	
-0.1053	0.2177	0.0071	39.3000	75.0500	
-0.1054	0.2178	0.0070	39.1500	75.0000	
-0.1054	0.2175	0.0068	39.1000	75.0250	
-0.1055	0.2181	0.0070	38.8750	74.9750	
-0.1054	0.2176	0.0068	39.3250	75.0250	
-0.1055	0.2179	0.0070	39.4000	75.1250	
-0.1052	0.2174	0.0070	38.9750	74.9750	
-0.1054	0.2177	0.0068	39.0000	75.1250	
-0.1054	0.2174	0.0066	39.0500	75.0750	
-0.1054	0.2174	0.0066	39.1500	75.0000	
-0.1053	0.2176	0.0069	39.3000	75.1000	
-0.1052	0.2175	0.0071	38.9250	74.9500	
-0.1054	0.2173	0.0065	39.0750	75.0000	
-0.1052	0.2173	0.0069	39.2750	75.0750	
-0.1052	0.2172	0.0068	39.0500	75.1750	
-0.1053	0.2173	0.0067	39.2750	75.1250	
-0.1053	0.2173	0.0067	39.0500	75.0500	
-0.1052	0.2171	0.0066	39.1750	75.0500	
-0.1052	0.2173	0.0069	39.3000	75.2750	
-0.1053	0.2171	0.0066	39.2000	75.0000	
-0.1053	0.2171	0.0065	39.0250	75.1250	
-0.1052	0.2170	0.0066	39.2000	75.2500	
-0.1053	0.2172	0.0066	39.3750	75.1250	
-0.1052	0.2169	0.0065	39.0500	75.1250	
-0.1053	0.2170	0.0064	39.0750	75.1750	
-0.1053	0.2171	0.0066	39.4750	75.1000	
-0.1052	0.2171	0.0068	39.4250	75.1250	
-0.1051	0.2168	0.0065	39.1750	75.1500	
-0.1052	0.2171	0.0066	39.5250	75.2750	
-0.1052	0.2166	0.0063	39.4000	75.0750	
-0.1051	0.2169	0.0067	39.2750	75.2250	
-0.1050	0.2168	0.0067	39.3000	75.3500	
-0.1052	0.2168	0.0065	39.5500	75.2500	
-0.1051	0.2167	0.0065	39.4500	75.2750	
-0.1050	0.2166	0.0067	39.4000	75.3250	
-0.1047	0.2167	0.0073	39.2500	75.2500	
-0.1046	0.2166	0.0074	39.2500	75.2750	
-0.1047	0.2166	0.0071	39.4250	75.3250	
-0.1048	0.2164	0.0068	39.4000	75.2250	
-0.1050	0.2163	0.0063	39.4000	75.3250	
-0.1050	0.2165	0.0065	39.5250	75.4500	
-0.1048	0.2164	0.0067	39.2750	75.2000	
-0.1047	0.2162	0.0069	39.3500	75.3250	
-0.1049	0.2163	0.0066	39.4250	75.4750	
-0.1049	0.2164	0.0067	39.4250	75.2500	
-0.1048	0.2161	0.0065	39.3250	75.1750	
-0.1042	0.2162	0.0078	39.3750	75.2750	
-0.1040	0.2162	0.0081	39.6250	75.2500	
-0.1040	0.2160	0.0081	39.4500	75.2500	
-0.1041	0.2160	0.0079	39.4250	75.2500	
-0.1041	0.2158	0.0076	39.4000	75.1500	
-0.1043	0.2159	0.0074	39.5000	75.2750	
-0.1044	0.2156	0.0069	39.5000	75.2500	
-0.1044	0.2159	0.0071	39.4500	75.3750	
-0.1046	0.2157	0.0065	39.3250	75.2750	
-0.1046	0.2153	0.0061	39.2750	75.2250	
-0.1046	0.2158	0.0067	39.5000	75.3250	
-0.1044	0.2154	0.0065	39.4750	75.3000	
-0.1045	0.2156	0.0066	39.4250	75.1500	
-0.1045	0.2152	0.0063	39.4000	75.1250	
-0.1043	0.2157	0.0071	39.8000	75.2000	
-0.1043	0.2154	0.0067	39.4500	75.1750	
-0.1045	0.2152	0.0062	39.3000	75.0500	
-0.1043	0.2152	0.0067	39.7250	75.1500	
-0.1043	0.2153	0.0067	39.9250	75.2750	
-0.1044	0.2152	0.0065	39.4750	75.2000	
-0.1042	0.2152	0.0067	39.5000	75.0500	
-0.1041	0.2150	0.0068	39.5250	75.2500	
-0.1040	0.2151	0.0071	39.6250	75.1250	
-0.1041	0.2149	0.0066	39.6250	75.0500	
-0.1042	0.2149	0.0066	39.7250	75.0750	
-0.1037	0.2149	0.0075	39.5250	75.1000	
-0.1036	0.2147	0.0074	39.3750	75.0250	
-0.1035	0.2148	0.0078	39.5750	74.9250	
-0.1037	0.2150	0.0077	39.7000	75.0000	
-0.1040	0.2146	0.0066	39.5250	75.0750	
-0.1041	0.2147	0.0065	39.4000	75.2000	
-0.1038	0.2146	0.0071	39.5250	75.1250	
-0.1036	0.2146	0.0074	39.4500	75.1750	
-0.1037	0.2147	0.0072	39.7000	75.1500	
-0.1036	0.2144	0.0071	39.5250	75.0750	
-0.1038	0.2142	0.0067	39.3000	75.1500	
-0.1034	0.2145	0.0077	39.5250	75.0750	
-0.1030	0.2141	0.0081	39.6750	74.9250	
-0.1037	0.2144	0.0070	39.6500	75.2000	
-0.1038	0.2142	0.0066	39.5500	75.1250	
-0.1038	0.2140	0.0064	39.5250	75.1250	
-0.1037	0.2140	0.0065	39.4750	75.1500	
-0.1036	0.2142	0.0071	39.4000	75.0500	
-0.1035	0.2138	0.0068	39.3500	75.0250	
-0.1036	0.2140	0.0068	39.3750	75.1750	
-0.1036	0.2140	0.0068	39.6000	75.0000	
-0.1036	0.2139	0.0067	39.3750	75.1500	
-0.1036	0.2137	0.0065	39.4000	75.1750	
-0.1035	0.2138	0.0068	39.6000	75.1250	
-0.1034	0.2136	0.0069	39.4000	75.1500	
-0.1032	0.2134	0.0069	39.7250	75.0250	
-0.1030	0.2137	0.0077	39.5250	75.0250	
-0.1029	0.2133	0.0074	39.4500	75.0500	
-0.1025	0.2134	0.0083	39.4500	75.1500	
-0.1025	0.2136	0.0087	39.5750	75.1250	
-0.1030	0.2128	0.0068	39.4250	75.0250	
-0.1032	0.2134	0.0070	39.5000	75.2250	
-0.1032	0.2131	0.0066	39.5250	74.9500	
-0.1029	0.2131	0.0072	39.5000	75.1250	
-0.1031	0.2129	0.0067	39.6500	75.0000	
-0.1031	0.2130	0.0068	39.7000	75.0000	
-0.1032	0.2132	0.0068	39.5000	75.1000	
-0.1031	0.2128	0.0066	39.5750	74.9750	
-0.1030	0.2131	0.0071	39.7250	75.0000	
-0.1030	0.2126	0.0066	39.4750	74.9250	
-0.1029	0.2126	0.0067	39.7000	74.9250	
-0.1028	0.2125	0.0070	39.5250	74.9500	
-0.1029	0.2128	0.0070	39.5250	74.9250	
-0.1030	0.2125	0.0065	39.7250	74.9000	
-0.1029	0.2125	0.0066	39.5500	75.0000	
-0.1029	0.2124	0.0066	39.4500	74.9000	
-0.1028	0.2123	0.0068	39.5250	74.9000	
-0.1029	0.2124	0.0066	39.7000	74.8750	
-0.1029	0.2123	0.0066	39.6250	74.9000	
-0.1028	0.2121	0.0065	39.5000	74.8750	
-0.1025	0.2122	0.0072	39.7750	74.7500	
-0.1023	0.2124	0.0079	39.4750	74.7750	
-0.1024	0.2116	0.0068	39.4250	74.7500	
-0.1025	0.2124	0.0075	39.8500	74.9000	
-0.1023	0.2119	0.0073	39.6250	74.7500	
-0.1024	0.2118	0.0069	39.5500	74.6250	
-0.1026	0.2117	0.0065	39.6250	74.7250	
-0.1026	0.2118	0.0067	39.6500	74.7750	
-0.1026	0.2117	0.0066	39.4500	74.7500	
-0.1023	0.2117	0.0071	39.3250	74.8500	
-0.1021	0.2115	0.0073	39.3750	74.7000	
-0.1018	0.2115	0.0079	39.3500	74.6000	
-0.1022	0.2113	0.0068	39.4500	74.8500	
-0.1023	0.2114	0.0069	39.5500	74.7250	
-0.1024	0.2113	0.0066	39.6000	74.6750	
-0.1024	0.2114	0.0066	39.4000	74.6250	
-0.1021	0.2113	0.0071	39.2500	74.7250	
-0.1017	0.2113	0.0079	39.3250	74.6750	
-0.1013	0.2115	0.0089	39.5500	74.7250	
-0.1016	0.2111	0.0080	39.4500	74.5500	
-0.1021	0.2110	0.0068	39.2250	74.5500	
-0.1021	0.2110	0.0068	39.4500	74.6250	
-0.1020	0.2109	0.0068	39.4000	74.4750	
-0.1020	0.2109	0.0069	39.4000	74.5750	
-0.1020	0.2108	0.0067	39.3500	74.5250	
-0.1020	0.2108	0.0068	39.2500	74.6250	
-0.1020	0.2105	0.0065	39.2250	74.7000	
-0.1020	0.2109	0.0068	39.5500	74.7500	
-0.1019	0.2105	0.0066	39.4750	74.5500	
-0.1017	0.2105	0.0071	39.2750	74.5500	
-0.1014	0.2103	0.0075	39.6250	74.5250	
-0.1016	0.2106	0.0074	39.8000	74.7250	
-0.1019	0.2107	0.0068	39.1500	74.4500	
-0.1016	0.2103	0.0072	39.5750	74.4750	
-0.1011	0.2104	0.0082	39.7250	74.4750	
-0.1013	0.2102	0.0077	39.3500	74.3750	
-0.1013	0.2100	0.0074	39.2500	74.4000	
-0.1015	0.2102	0.0072	39.5250	74.5750	
-0.1015	0.2100	0.0071	39.5750	74.4500	
-0.1014	0.2099	0.0072	39.1500	74.6000	
-0.1014	0.2100	0.0072	39.2000	74.6750	
-0.1015	0.2097	0.0068	39.2750	74.6250	
-0.1010	0.2098	0.0078	39.5500	74.6500	
-0.1013	0.2096	0.0070	39.6000	74.5500	
-0.1014	0.2097	0.0069	39.4750	74.5500	
-0.1012	0.2095	0.0072	39.5750	74.5250	
-0.1012	0.2094	0.0070	39.4000	74.3750	
-0.1011	0.2096	0.0074	39.4500	74.5250	
-0.1013	0.2096	0.0070	39.4250	74.5000	
-0.1012	0.2092	0.0068	39.4750	74.5750	
-0.1012	0.2093	0.0068	39.3500	74.4750	
-0.1012	0.2091	0.0067	39.3250	74.5000	
-0.1013	0.2094	0.0069	39.5500	74.5500	
-0.1011	0.2090	0.0067	39.5500	74.5000	
-0.1008	0.2093	0.0077	39.5500	74.3500	
-0.1012	0.2089	0.0064	39.2000	74.3500	
-0.1011	0.2089	0.0068	39.5500	74.5250	
-0.1011	0.2089	0.0067	39.5250	74.5000	
-0.1010	0.2090	0.0069	39.2750	74.5000	
-0.1006	0.2089	0.0076	39.3750	74.3000	
-0.1007	0.2089	0.0075	39.2750	74.5250	
-0.1009	0.2085	0.0068	39.5000	74.5000	
-0.1010	0.2088	0.0068	39.5250	74.5500	
-0.1008	0.2084	0.0068	39.5500	74.5000	
-0.1009	0.2087	0.0070	39.4500	74.5750	
-0.1010	0.2085	0.0065	39.2000	74.4750	
-0.1009	0.2084	0.0066	39.1750	74.4500	
-0.1009	0.2083	0.0065	39.3250	74.5000	
-0.1007	0.2082	0.0067	39.5250	74.4500	
-0.1007	0.2085	0.0071	39.6250	74.4750	
-0.1005	0.2083	0.0074	39.3500	74.4000	
-0.1003	0.2080	0.0075	39.4250	74.3250	
-0.1004	0.2081	0.0073	39.7750	74.2500	
-0.1004	0.2080	0.0072	39.4250	74.3500	
-0.1005	0.2080	0.0070	39.3000	74.3000	
-0.1005	0.2085	0.0075	39.7500	74.4000	
-0.1003	0.2078	0.0072	39.3000	74.3500	
-0.1006	0.2079	0.0067	39.1500	74.3500	
-0.0998	0.2080	0.0083	39.5500	74.4250	
-0.1002	0.2080	0.0075	39.6500	74.4500	
-0.1003	0.2078	0.0072	39.4250	74.4500	
-0.1003	0.2076	0.0071	39.3750	74.1250	
-0.1003	0.2080	0.0074	39.4000	74.3500	
-0.1000	0.2073	0.0073	39.1250	74.2000	
-0.1003	0.2080	0.0075	39.3500	74.2500	
-0.1003	0.2073	0.0066	39.2500	74.1500	
-0.1005	0.2077	0.0067	39.3250	74.1750	
-0.1003	0.2077	0.0070	39.2500	74.1500	
-0.0998	0.2072	0.0076	39.2500	74.0000	
-0.1001	0.2076	0.0074	39.4250	74.1750	
-0.1002	0.2075	0.0072	39.4500	74.0750	
-0.1002	0.2072	0.0068	39.0500	73.9750	
-0.1001	0.2075	0.0072	39.4000	74.1000	
-0.1001	0.2072	0.0070	39.2750	74.1250	
-0.1002	0.2073	0.0069	39.3500	74.1250	
-0.1002	0.2072	0.0067	39.2750	74.1250	
-0.1002	0.2073	0.0070	39.5000	74.0750	
-0.1002	0.2071	0.0067	39.3250	74.0000	
-0.1001	0.2071	0.0069	39.5000	74.1000	
-0.1002	0.2069	0.0065	39.2750	73.9750	
-0.0998	0.2070	0.0074	39.3500	74.0750	
-0.0999	0.2072	0.0073	39.2750	73.9750	
-0.1001	0.2067	0.0065	39.5250	73.8500	
-0.1001	0.2070	0.0068	39.7000	74.0500	
-0.0999	0.2070	0.0072	39.5500	73.9250	
-0.0999	0.2068	0.0069	39.2750	73.8250	
-0.0995	0.2069	0.0079	39.4500	74.1500	
-0.0997	0.2066	0.0071	39.4250	73.8750	
-0.0994	0.2068	0.0080	39.5750	73.9250	
-0.0996	0.2067	0.0076	39.5000	74.0500	
-0.1000	0.2067	0.0067	39.4500	73.9500	
-0.1000	0.2066	0.0066	39.1000	73.9000	
-0.1000	0.2067	0.0068	39.6000	73.8750	
-0.0995	0.2066	0.0076	39.6500	74.0000	
-0.0993	0.2066	0.0080	39.2500	73.8750	
-0.0994	0.2068	0.0079	39.6750	73.9000	
-0.0994	0.2060	0.0072	39.3750	73.8750	
-0.0995	0.2066	0.0076	39.3500	73.9000	
-0.0995	0.2063	0.0073	39.3250	74.0250	
-0.0997	0.2063	0.0070	39.5500	73.8500	
-0.0996	0.2065	0.0073	39.4500	73.9750	
-0.0995	0.2063	0.0072	39.6000	74.0250	
-0.0994	0.2061	0.0074	39.5750	73.9250	
-0.0994	0.2062	0.0073	39.5250	73.9250	
-0.0994	0.2060	0.0071	39.3750	73.7750	
-0.0995	0.2062	0.0072	39.5250	73.9500	
-0.0995	0.2063	0.0073	39.5750	73.8500	
-0.0995	0.2061	0.0071	39.3000	73.7250	
-0.0993	0.2059	0.0072	39.3750	73.9500	
-0.0992	0.2059	0.0074	39.7000	73.8750	
-0.0995	0.2059	0.0070	39.6500	73.9500	
-0.0992	0.2059	0.0075	39.4000	73.8750	
-0.0994	0.2057	0.0069	39.3500	73.9250	
-0.0993	0.2056	0.0069	39.6000	73.8000	
-0.0991	0.2059	0.0076	39.5000	74.0000	
-0.0994	0.2055	0.0067	39.3750	73.8500	
-0.0994	0.2058	0.0070	39.5250	73.7750	
-0.0991	0.2059	0.0077	39.5500	73.8250	
-0.0986	0.2052	0.0080	39.2750	73.9500	
-0.0988	0.2060	0.0084	39.2750	73.7000	
-0.0991	0.2051	0.0069	39.3500	73.7250	
-0.0992	0.2056	0.0071	39.6000	73.9000	
-0.0991	0.2056	0.0074	39.5500	73.8500	
-0.0989	0.2056	0.0079	39.5750	73.7250	
-0.0991	0.2057	0.0076	39.6000	73.8250	
-0.0993	0.2058	0.0072	39.4750	73.9000	
-0.0987	0.2055	0.0080	39.5000	73.7750	
-0.0990	0.2057	0.0077	39.4750	73.7500	
-0.0991	0.2058	0.0076	39.4000	73.6000	
-0.0992	0.2056	0.0073	39.5250	73.7000	
0.4961	50.0000	0.5660	50.0000	
0.4482	50.0000	0.5336	50.0000	
0.4063	50.0000	0.5068	50.0000	
0.3695	50.0000	0.4859	50.0000	
0.3382	50.0000	0.4669	50.0000	
0.3121	50.0000	0.4497	50.0000	
0.2910	50.0000	0.4336	50.0000	
0.2756	50.0000	0.4183	50.0000	
0.2645	50.0000	0.4043	50.0000	
0.2575	50.0000	0.3914	50.0000	
0.2539	50.0000	0.3791	50.0000	
0.2523	50.0000	0.3672	50.0000	
0.2515	50.0000	0.3562	50.0000	
0.2511	49.8250	0.3454	50.0000	
0.2509	47.8500	0.3353	50.0000	
0.2508	47.4250	0.3253	50.0000	
0.2507	48.8000	0.3160	50.0000	
0.2507	49.0750	0.3070	50.0000	
0.2506	48.6500	0.2980	50.0000	
0.2505	48.0750	0.2890	50.0000	
0.2505	47.7500	0.2804	50.0000	
0.2504	47.9250	0.2718	50.0000	
0.2503	47.8000	0.2634	67.9000	
0.2503	47.8250	0.2550	72.7750	
0.2503	48.1000	0.2468	74.8000	
0.2502	48.3000	0.2388	75.6500	
0.2501	48.9000	0.2308	76.3000	
0.2501	49.0750	0.2230	76.8500	
0.2500	50.0750	0.2155	77.2250	
0.2500	50.7000	0.2083	77.7750	
0.2499	50.9000	0.2015	78.1500	
0.2499	51.0750	0.1949	78.5750	
0.2498	51.0500	0.1883	78.4750	
0.2498	51.3250	0.1820	78.2500	
0.2498	50.9000	0.1762	78.1250	
0.2498	51.0750	0.1711	78.1500	
0.2497	51.2250	0.1669	78.2250	
0.2497	51.2750	0.1636	78.6250	
0.2496	51.5750	0.1612	78.7750	
0.2496	51.6250	0.1595	78.8500	
0.2496	51.7500	0.1583	78.8000	
0.2495	51.8500	0.1573	78.8750	
0.2495	52.0000	0.1566	79.0750	
0.2494	52.1500	0.1562	79.0250	
0.2494	52.1750	0.1558	78.9750	
0.2494	52.2500	0.1554	79.1000	
0.2493	52.2250	0.1552	78.9250	
0.2493	52.6500	0.1549	78.9000	
0.2493	52.7750	0.1547	78.9500	
0.2493	52.9500	0.1544	79.0000	
0.2492	53.3500	0.1542	78.9500	
0.2492	53.6500	0.1540	79.0000	
0.2491	53.9250	0.1538	79.0500	
0.2491	54.1000	0.1537	79.1250	
0.2491	54.2500	0.1535	79.1000	
0.2491	55.1500	0.1533	79.2000	
0.2490	55.2250	0.1532	79.1750	
0.2490	55.3250	0.1530	79.1500	
0.2490	55.8000	0.1529	78.9750	
0.2490	56.3000	0.1527	79.2500	
0.2489	56.9500	0.1525	79.0500	
0.2489	56.6000	0.1524	79.0250	
0.2489	56.8750	0.1522	78.9500	
0.2489	56.9000	0.1521	78.9500	
0.2488	56.8250	0.1519	78.9500	
0.2488	56.8500	0.1517	78.9000	
0.2488	57.0250	0.1516	78.9250	
0.2487	57.2250	0.1515	78.9500	
0.2487	57.2250	0.1513	78.9000	
0.2487	57.4000	0.1511	78.9250	
0.2487	57.8250	0.1510	78.9500	
0.2486	57.9500	0.1508	78.8750	
0.2486	58.0250	0.1505	78.9000	
0.2486	58.1500	0.1503	78.9000	
0.2486	58.4500	0.1501	78.8750	
0.2485	58.3500	0.1499	78.8750	
0.2485	58.1250	0.1497	78.9000	
0.2485	58.3250	0.1494	78.8750	
0.2485	58.6000	0.1492	78.9000	
0.2485	58.0500	0.1490	78.7750	
0.2484	58.0000	0.1488	78.9000	
0.2484	58.2000	0.1486	78.7500	
0.2484	58.1500	0.1484	78.7750	
0.2484	57.9500	0.1482	78.7500	
0.2483	58.1000	0.1480	78.7250	
0.2483	57.9250	0.1478	78.7500	
0.2483	57.9000	0.1477	78.7000	
0.2483	58.0250	0.1475	78.6250	
0.2483	57.9000	0.1474	78.6250	
0.2482	57.5000	0.1472	78.6250	
0.2482	57.1750	0.1471	78.6500	
0.2482	56.9750	0.1470	78.5500	
0.2482	57.1500	0.1468	78.7000	
0.2481	57.2000	0.1467	78.6750	
0.2481	56.7250	0.1467	78.6750	
0.2481	56.4500	0.1465	78.6500	
0.2481	56.2250	0.1464	78.6750	
0.2480	56.7250	0.1463	78.6000	
0.2480	56.9250	0.1462	78.6000	
0.2480	56.7500	0.1462	78.6500	
0.2480	56.7750	0.1461	78.6500	
0.2480	56.0500	0.1460	78.6750	
0.2480	55.9000	0.1454	78.3000	
0.2480	56.2000	0.1449	78.0500	
0.2479	56.4250	0.1446	78.0250	
0.2479	56.5000	0.1443	78.0750	
0.2479	56.6250	0.1441	78.0750	
0.2479	56.5000	0.1438	78.1000	
0.2478	55.8750	0.1436	78.1250	
0.2478	55.9500	0.1434	78.0500	
0.2478	55.9000	0.1432	78.0750	
0.2478	55.9750	0.1429	78.0500	
0.2477	56.3000	0.1427	78.2000	
0.2477	56.4750	0.1425	78.2250	
0.2477	56.2500	0.1424	78.1000	
0.2477	56.1500	0.1421	78.2250	
0.2477	56.2000	0.1420	78.1250	
0.2476	56.3000	0.1418	78.1000	
0.2476	56.3500	0.1417	78.1250	
0.2476	56.3500	0.1416	78.0750	
0.2476	56.3000	0.1414	78.1500	
0.2477	56.2500	0.1411	78.1250	
0.2476	56.4000	0.1410	78.0500	
0.2475	56.2750	0.1409	78.0500	
0.2475	56.4000	0.1407	77.9500	
0.2475	56.4250	0.1405	78.0500	
0.2475	56.4750	0.1404	77.9750	
0.2474	56.6250	0.1402	78.0500	
0.2474	56.6500	0.1401	77.9500	
0.2474	56.6000	0.1399	77.8750	
0.2474	56.2250	0.1399	77.6250	
0.2474	56.4000	0.1397	77.6250	
0.2474	56.3500	0.1396	77.6000	
0.2473	56.5750	0.1395	77.4250	
0.2473	56.6750	0.1393	77.3500	
0.2473	56.4500	0.1391	77.3750	
0.2473	56.2500	0.1389	77.2500	
0.2472	56.5750	0.1388	77.1750	
0.2473	56.6250	0.1387	77.2250	
0.2472	56.4250	0.1385	77.0750	
0.2472	56.3250	0.1383	77.0000	
0.2472	56.2250	0.1382	77.1250	
0.2472	56.6750	0.1381	76.9500	
0.2471	56.8250	0.1379	76.8250	
0.2471	56.7250	0.1377	76.8750	
0.2471	56.5000	0.1376	76.7500	
0.2470	56.7000	0.1374	76.8250	
0.2471	56.4250	0.1373	76.6500	
0.2470	56.5500	0.1372	76.9000	
0.2470	56.7500	0.1369	76.8000	
0.2470	56.6250	0.1368	76.6000	
0.2469	56.5250	0.1367	76.9250	
0.2469	56.6000	0.1365	76.4500	
0.2469	56.6250	0.1363	76.7750	
0.2469	56.6000	0.1361	76.4500	
0.2468	56.6250	0.1359	76.6750	
0.2468	56.6750	0.1357	76.4000	
0.2468	56.6750	0.1356	76.2750	
0.2468	56.6250	0.1354	76.4750	
0.2468	56.6500	0.1352	76.4500	
0.2467	56.7500	0.1350	76.0750	
0.2467	56.6750	0.1348	76.3750	
0.2467	56.7750	0.1346	76.2000	
0.2467	56.9750	0.1345	76.4000	
0.2467	56.7750	0.1342	76.0750	
0.2466	56.7500	0.1340	76.2750	
0.2466	56.6750	0.1338	76.0500	
0.2466	56.9250	0.1336	75.9000	
0.2465	56.8500	0.1334	76.1750	
0.2465	56.9000	0.1332	75.9000	
0.2465	56.9500	0.1330	76.1250	
0.2465	57.6500	0.1328	75.6500	
0.2464	57.0500	0.1325	75.8000	
0.2464	56.7000	0.1323	75.7000	
0.2464	56.6000	0.1322	76.0250	
0.2464	56.4500	0.1318	75.4750	
0.2463	56.8500	0.1316	75.7000	
0.2463	58.3500	0.1314	75.6000	
0.2463	57.6250	0.1312	75.4750	
0.2463	57.1500	0.1312	75.6500	
0.2463	57.1000	0.1309	75.4250	
0.2462	57.5750	0.1306	75.8250	
0.2462	57.9250	0.1303	75.4000	
0.2462	58.8250	0.1301	75.7250	
0.2462	58.9500	0.1298	75.5500	
0.2461	59.3250	0.1296	75.5250	
0.2461	58.6250	0.1293	75.2500	
0.2460	59.1250	0.1293	75.5250	
0.2459	57.6250	0.1291	75.2250	
0.2459	57.3500	0.1286	75.2500	
0.2458	57.7750	0.1284	75.1750	
0.2458	61.2250	0.1284	75.4000	
0.2457	61.3500	0.1280	74.7250	
0.2457	60.1250	0.1276	75.2000	
0.2457	61.9500	0.1274	74.9500	
0.2456	63.1750	0.1272	75.1500	
0.2455	63.8750	0.1270	74.7750	
0.2454	64.6000	0.1267	74.8250	
0.2453	62.8750	0.1263	74.8750	
0.2452	63.0000	0.1262	74.9500	
0.2451	62.8500	0.1260	74.5750	
0.2450	62.0750	0.1256	74.7500	
0.2449	62.4500	0.1252	74.4750	
0.2451	63.2750	0.1253	74.5500	
0.2447	57.8500	0.1249	74.5750	
0.2447	57.5750	0.1246	74.3500	
0.2445	60.7250	0.1243	74.4750	
0.2445	60.7000	0.1240	74.4500	
0.2444	58.0250	0.1237	74.2750	
0.2443	58.1750	0.1235	74.4000	
0.2442	60.3500	0.1231	74.3750	
0.2441	59.6750	0.1228	74.4000	
0.2441	57.0500	0.1225	74.3500	
0.2440	57.5750	0.1223	74.3500	
0.2439	59.6000	0.1220	74.0250	
0.2438	57.5000	0.1216	74.1250	
0.2439	59.3250	0.1215	73.8250	
0.2436	57.4750	0.1213	73.9750	
0.2435	56.7750	0.1208	74.0250	
0.2434	58.4250	0.1204	74.0250	
0.2432	56.5750	0.1202	73.9750	
0.2432	56.1750	0.1200	73.6750	
0.2431	57.8500	0.1195	73.7500	
0.2429	57.7750	0.1192	73.8000	
0.2427	56.9500	0.1191	73.6000	
0.2427	56.5500	0.1186	73.7250	
0.2425	56.7500	0.1183	73.8000	
0.2423	56.3500	0.1179	73.6000	
0.2423	56.4000	0.1180	73.4500	
0.2422	55.7750	0.1176	73.3250	
0.2420	55.9250	0.1179	73.3500	
0.2418	56.0750	0.1177	73.3500	
0.2417	56.0000	0.1164	73.2500	
0.2415	56.2250	0.1160	73.3750	
0.2414	56.2000	0.1157	73.2750	
0.2412	56.2500	0.1154	73.2250	
0.2410	55.6250	0.1150	73.2750	
0.2409	55.0750	0.1149	73.0750	
0.2407	55.3750	0.1143	72.9750	
0.2405	55.6000	0.1141	73.0750	
0.2404	55.6750	0.1137	73.0250	
0.2402	55.4750	0.1133	73.0000	
0.2401	54.6750	0.1132	72.8500	
0.2398	54.2250	0.1126	72.9250	
0.2396	54.3750	0.1123	72.8500	
0.2394	55.2000	0.1119	72.9250	
0.2392	54.6250	0.1115	72.8000	
0.2390	54.6500	0.1112	72.8500	
0.2389	54.8750	0.1108	72.8500	
0.2389	54.0000	0.1106	72.6000	
0.2386	54.2500	0.1102	72.8000	
0.2384	53.4500	0.1097	72.4250	
0.2380	54.0250	0.1095	72.8750	
0.2379	54.0000	0.1089	72.7000	
0.2375	54.1250	0.1085	72.8250	
0.2373	54.1750	0.1082	72.7750	
0.2372	52.9250	0.1078	72.5750	
0.2368	52.9250	0.1074	72.7000	
0.2367	53.0750	0.1070	72.9000	
0.2367	52.4500	0.1066	72.5250	
0.2363	52.9750	0.1061	72.8500	
0.2361	52.5250	0.1057	72.6250	
0.2356	52.7500	0.1055	72.6250	
0.2355	52.6250	0.1048	72.8000	
0.2351	52.5500	0.1044	73.0250	
0.2348	51.7000	0.1040	72.8750	
0.2344	51.7750	0.1036	72.7750	
0.2343	51.3250	0.1033	73.2750	
0.2340	51.1000	0.1028	73.0250	
0.2339	51.0750	0.1022	73.1500	
0.2333	51.3750	0.1018	73.3750	
0.2333	50.5250	0.1013	73.4750	
0.2332	50.7750	0.1010	73.7000	
0.2328	50.6500	0.1005	73.5750	
0.2324	50.1250	0.0999	73.9250	
0.2320	49.6000	0.0994	73.8000	
0.2315	49.0250	0.0990	73.9250	
0.2313	49.1250	0.0986	74.3500	
0.2309	49.1250	0.0980	74.1250	
0.2309	48.6500	0.0975	74.4250	
0.2310	49.3000	0.0972	74.0000	
0.2303	48.2250	0.0970	74.5250	
0.2298	48.6500	0.0966	74.3750	
0.2293	47.7250	0.0954	74.1750	
0.2291	47.5750	0.0948	74.2750	
0.2287	47.3250	0.0942	74.4000	
0.2284	47.2000	0.0936	74.2000	
0.2282	47.7750	0.0932	74.0000	
0.2277	46.7500	0.0925	74.1500	
0.2275	48.1000	0.0920	73.8000	
0.2272	47.0250	0.0913	73.6500	
0.2267	47.7250	0.0907	73.5250	
0.2265	45.9000	0.0901	73.4250	
0.2260	46.2500	0.0895	73.2750	
0.2255	45.1500	0.0889	73.1250	
0.2252	45.8500	0.0883	73.1000	
0.2249	46.2000	0.0878	72.8750	
0.2245	46.5750	0.0872	72.9000	
0.2241	46.9500	0.0865	72.8000	
0.2238	45.7250	0.0859	72.5750	
0.2233	45.2000	0.0853	72.4750	
0.2229	45.5250	0.0846	72.3500	
0.2226	45.4000	0.0840	72.2250	
0.2223	47.3500	0.0834	72.0500	
0.2225	45.8500	0.0829	72.1500	
0.2217	45.8000	0.0823	71.9500	
0.2213	45.3750	0.0817	71.7000	
0.2206	43.6500	0.0811	71.8750	
0.2202	44.9250	0.0804	71.8500	
0.2199	44.7750	0.0806	71.6250	
0.2197	47.0250	0.0793	71.3500	
0.2191	44.4750	0.0787	71.5000	
0.2188	45.6000	0.0781	71.1250	
0.2183	44.9250	0.0775	71.1750	
0.2178	43.1250	0.0768	71.2500	
0.2175	45.2000	0.0761	71.1500	
0.2171	44.4000	0.0755	70.9750	
0.2168	45.7750	0.0749	70.9250	
0.2161	45.0000	0.0743	70.8250	
0.2158	44.8250	0.0738	70.7500	
0.2153	42.8500	0.0730	70.7750	
0.2149	44.6500	0.0726	70.6750	
0.2146	43.5250	0.0719	70.6500	
0.2139	45.0000	0.0713	70.5000	
0.2140	44.7250	0.0707	70.3000	
0.2135	46.2500	0.0701	70.2750	
0.2132	42.3000	0.0694	70.2000	
0.2124	43.1250	0.0689	70.1000	
0.2123	44.1250	0.0685	69.9000	
0.2117	42.5000	0.0678	69.8750	
0.2111	44.6000	0.0670	69.8500	
0.2106	43.2500	0.0665	69.6500	
0.2107	40.4750	0.0661	69.4000	
0.2100	40.7000	0.0654	69.2500	
0.2097	45.2750	0.0650	69.2750	
0.2089	45.2000	0.0644	69.1000	
0.2088	41.1250	0.0635	68.8500	
0.2080	39.0750	0.0628	68.8750	
0.2078	42.5250	0.0623	68.6750	
0.2072	41.8750	0.0616	68.6250	
0.2068	42.8500	0.0610	68.6250	
0.2063	44.2250	0.0604	68.5500	
0.2061	40.0750	0.0601	68.4500	
0.2056	39.9250	0.0595	68.0750	
0.2050	42.1750	0.0589	68.1750	
0.2046	40.5500	0.0582	68.2750	
0.2041	42.7750	0.0575	68.0250	
0.2037	39.6750	0.0570	67.7250	
0.2032	40.7750	0.0564	67.6000	
0.2028	39.4500	0.0559	67.6750	
0.2023	42.0500	0.0553	67.6500	
0.2019	39.6000	0.0548	67.6500	
0.2016	42.6250	0.0541	67.4250	
0.2017	41.1000	0.0537	67.3500	
0.2006	38.2250	0.0530	67.3500	
0.2002	42.6000	0.0527	67.3250	
0.1999	41.2250	0.0519	67.1250	
0.1991	38.6750	0.0513	67.0500	
0.1989	39.8000	0.0508	66.9250	
0.1983	37.4000	0.0503	66.9500	
0.1980	38.9750	0.0497	67.0250	
0.1976	40.8250	0.0492	66.6750	
0.1971	37.7500	0.0487	66.8000	
0.1965	37.5000	0.0481	66.7000	
0.1961	39.9750	0.0475	66.8750	
0.1957	38.4250	0.0471	66.8000	
0.1953	40.0250	0.0465	66.9000	
0.1949	38.3750	0.0461	66.6250	
0.1945	38.1250	0.0455	66.7500	
0.1945	37.6750	0.0452	67.0000	
0.1937	39.3750	0.0447	66.7750	
0.1934	41.0750	0.0439	66.8000	
0.1930	36.9500	0.0434	66.7500	
0.1925	37.7250	0.0429	66.7000	
0.1918	37.5500	0.0424	66.7000	
0.1915	35.2000	0.0420	66.6750	
0.1913	37.1750	0.0414	66.7500	
0.1906	38.7000	0.0409	66.9250	
0.1902	37.6750	0.0405	66.7750	
0.1901	38.4500	0.0400	66.9000	
0.1892	36.0500	0.0397	66.9250	
0.1889	36.7000	0.0391	67.0250	
0.1885	34.9250	0.0386	66.9750	
0.1882	37.1750	0.0381	66.9000	
0.1877	37.5750	0.0378	67.0500	
0.1873	38.0750	0.0372	66.8250	
0.1867	36.4750	0.0367	67.0750	
0.1865	35.7250	0.0362	67.1250	
0.1860	36.6750	0.0357	67.1250	
0.1857	37.3000	0.0354	67.2250	
0.1852	36.3000	0.0350	67.2750	
0.1849	35.5000	0.0347	67.4250	
0.1845	36.1500	0.0340	67.3000	
0.1841	36.5000	0.0337	67.3250	
0.1839	36.2000	0.0332	67.3500	
0.1839	35.8250	0.0327	67.3750	
0.1831	35.9250	0.0323	67.5000	
0.1825	37.7750	0.0319	67.6250	
0.1822	35.6250	0.0315	67.6750	
0.1817	35.2250	0.0312	67.7250	
0.1816	35.2000	0.0307	67.8750	
0.1809	36.8000	0.0303	67.9000	
0.1807	35.3750	0.0300	67.9750	
0.1801	36.7750	0.0296	67.9500	
0.1799	36.6500	0.0294	68.1000	
0.1796	35.3500	0.0289	67.9500	
0.1793	35.8750	0.0284	68.3250	
0.1787	35.8500	0.0280	68.3750	
0.1782	34.8750	0.0277	68.4750	
0.1782	35.7500	0.0272	68.5000	
0.1778	35.9000	0.0269	68.5000	
0.1772	34.6000	0.0266	68.5500	
0.1769	34.6750	0.0262	68.5500	
0.1764	35.9000	0.0258	68.5750	
0.1760	36.1500	0.0255	68.4500	
0.1757	36.5250	0.0252	68.5750	
0.1759	34.9000	0.0250	68.6250	
0.1752	33.7750	0.0245	68.4750	
0.1749	33.6000	0.0242	68.6750	
0.1747	35.2500	0.0240	68.5000	
0.1742	35.9000	0.0235	68.7000	
0.1740	35.7500	0.0234	68.6000	
0.1736	35.3250	0.0229	68.5750	
0.1741	36.4250	0.0225	68.6250	
0.1735	34.5750	0.0222	68.6250	
0.1729	32.7750	0.0220	68.4250	
0.1725	34.0000	0.0217	68.5500	
0.1717	35.8250	0.0214	68.6250	
0.1715	34.7500	0.0211	68.6500	
0.1711	36.0500	0.0210	68.6250	
0.1708	34.3500	0.0208	68.7750	
0.1707	33.6750	0.0203	68.5750	
0.1704	35.0500	0.0202	68.5500	
0.1698	34.5250	0.0197	68.6750	
0.1698	33.2000	0.0194	68.6250	
0.1692	35.0000	0.0192	68.7000	
0.1692	35.5500	0.0189	68.5500	
0.1692	33.7250	0.0187	68.5500	
0.1687	32.9000	0.0184	68.6250	
0.1686	35.6500	0.0182	68.6500	
0.1682	35.0500	0.0180	68.7000	
0.1677	34.6750	0.0177	68.7500	
0.1674	34.2750	0.0175	68.6500	
0.1673	34.2500	0.0173	68.6000	
0.1668	34.2500	0.0171	68.6750	
0.1668	33.8500	0.0168	68.6750	
0.1663	33.5750	0.0166	68.6500	
0.1660	35.1000	0.0163	68.7000	
0.1656	34.2500	0.0161	68.6000	
0.1655	34.6500	0.0159	68.6750	
0.1653	34.6500	0.0157	68.7000	
0.1648	33.6250	0.0155	68.7250	
0.1646	34.1750	0.0153	68.7000	
0.1645	34.3750	0.0151	68.7500	
0.1642	34.5250	0.0149	68.8000	
0.1639	34.5750	0.0147	68.8750	
0.1637	33.6750	0.0145	68.8750	
0.1635	34.3500	0.0143	68.8250	
0.1630	34.5000	0.0142	68.9250	
0.1628	34.1500	0.0140	68.7000	
0.1628	34.1000	0.0138	68.7500	
0.1628	33.9250	0.0136	68.9000	
0.1625	34.4750	0.0133	68.8250	
0.1620	34.4500	0.0132	68.9500	
0.1618	34.1750	0.0130	68.9750	
0.1619	35.2000	0.0129	68.9250	
0.1615	34.8500	0.0127	68.9250	
0.1610	33.9000	0.0125	68.8000	
0.1607	34.3250	0.0124	68.9250	
0.1607	34.1250	0.0122	68.8750	
0.1604	35.0500	0.0121	68.8750	
0.1604	34.6000	0.0120	68.7500	
0.1602	33.9250	0.0118	68.9000	
0.1597	34.6000	0.0116	68.8750	
0.1595	34.2750	0.0114	68.9000	
0.1593	34.5750	0.0113	69.0250	
0.1594	34.9750	0.0111	68.8500	
0.1593	34.8750	0.0110	68.9500	
0.1588	34.9500	0.0109	69.0250	
0.1589	34.1250	0.0108	68.9750	
0.1584	34.8000	0.0106	69.0750	
0.1583	35.3500	0.0105	69.0000	
0.1580	34.3000	0.0104	68.9250	
0.1578	34.5750	0.0103	69.0500	
0.1576	35.1750	0.0101	69.0500	
0.1574	35.4250	0.0100	69.0000	
0.1571	34.6000	0.0098	69.0000	
0.1569	34.8250	0.0097	69.0750	
0.1570	35.3000	0.0096	69.0750	
0.1570	35.6000	0.0095	69.1000	
0.1571	35.4000	0.0094	69.1250	
0.1563	34.7250	0.0093	69.0750	
0.1564	35.0250	0.0092	69.1500	
0.1558	35.3000	0.0091	69.2000	
0.1559	35.5000	0.0090	69.1500	
0.1560	35.5500	0.0089	69.1750	
0.1562	34.6250	0.0088	69.3000	
0.1555	34.8250	0.0087	69.3000	
0.1554	35.4500	0.0086	69.3500	
0.1552	35.6750	0.0085	69.4000	
0.1551	35.3500	0.0085	69.1750	
0.1545	35.2250	0.0083	69.3750	
0.1544	35.4000	0.0082	69.3000	
0.1545	35.9000	0.0081	69.4250	
0.1540	35.1750	0.0080	69.1750	
0.1540	34.7500	0.0079	69.2750	
0.1539	35.5000	0.0079	69.2750	
0.1537	36.2250	0.0077	69.2750	
0.1543	35.7750	0.0077	69.2750	
0.1535	36.0000	0.0076	69.3750	
0.1536	35.3500	0.0075	69.3250	
0.1530	34.8000	0.0074	69.3250	
0.1535	35.5000	0.0073	69.3500	
0.1528	35.4250	0.0073	69.3250	
0.1526	35.3250	0.0072	69.4000	
0.1530	36.2500	0.0071	69.4500	
0.1527	36.1000	0.0070	69.4250	
0.1523	35.4750	0.0069	69.3250	
0.1521	35.5500	0.0069	69.2250	
0.1521	35.9250	0.0068	69.3250	
0.1519	35.8500	0.0067	69.1750	
0.1519	36.3500	0.0067	69.2500	
0.1517	35.9250	0.0066	69.1500	
0.1515	35.7250	0.0065	69.2000	
0.1514	35.8750	0.0064	69.1750	
0.1511	36.2500	0.0064	69.3000	
0.1511	36.1250	0.0063	69.2000	
0.1510	36.6500	0.0062	69.0750	
0.1509	36.4250	0.0062	69.1250	
0.1510	35.7000	0.0062	69.1250	
0.1510	35.7750	0.0061	69.1250	
0.1512	35.9000	0.0061	69.2000	
0.1507	35.6000	0.0060	69.2750	
0.1509	36.0250	0.0059	69.2250	
0.1502	35.9750	0.0058	69.1500	
0.1501	36.0750	0.0058	69.0250	
0.1499	36.5500	0.0057	69.1750	
0.1497	36.4500	0.0057	69.1250	
0.1498	36.5750	0.0056	69.1000	
0.1497	35.8500	0.0056	69.1500	
0.1495	35.9250	0.0055	69.1500	
0.1496	36.2000	0.0055	69.0000	
0.1497	36.3000	0.0054	69.1750	
0.1492	36.2500	0.0053	69.1000	
0.1491	36.3000	0.0053	69.1250	
0.1490	35.8500	0.0053	69.1500	
0.1489	35.9500	0.0052	69.1250	
0.1488	36.3500	0.0052	69.1500	
0.1488	36.7750	0.0051	69.1750	
0.1487	36.2750	0.0051	69.1750	
0.1484	37.2000	0.0050	69.1500	
0.1487	36.6500	0.0050	69.1000	
0.1487	36.3500	0.0050	69.2000	
0.1487	36.4000	0.0049	69.1250	
0.1487	36.4750	0.0049	69.1000	
0.1482	36.0250	0.0048	69.1500	
0.1481	35.8000	0.0048	69.2250	
0.1481	36.6000	0.0048	69.1250	
0.1478	37.1000	0.0047	69.1500	
0.1477	37.1250	0.0047	69.2250	
0.1476	36.8000	0.0046	69.2500	
0.1477	36.1250	0.0046	69.3250	
0.1479	36.5500	0.0046	69.3000	
0.1485	37.0750	0.0046	69.3250	
0.1478	37.4000	0.0046	69.3250	
0.1477	37.0250	0.0045	69.4000	
0.1473	36.3500	0.0045	69.4750	
0.1472	36.2500	0.0044	69.4500	
0.1470	37.1000	0.0044	69.4250	
0.1469	37.5500	0.0043	69.4250	
0.1468	37.0750	0.0043	69.5000	
0.1467	36.8500	0.0043	69.5250	
0.1467	36.9000	0.0042	69.6000	
0.1468	36.9500	0.0042	69.5000	
0.1466	36.7000	0.0042	69.5750	
0.1466	37.1250	0.0042	69.6250	
0.1465	37.9750	0.0041	69.6500	
0.1464	37.7750	0.0041	69.6250	
0.1464	37.8000	0.0041	69.7000	
0.1463	36.8250	0.0040	69.7000	
0.1462	36.9500	0.0040	69.7000	
0.1462	37.3250	0.0040	69.7750	
0.1461	37.2500	0.0040	69.8000	
0.1462	37.3500	0.0040	69.8250	
0.1462	37.4000	0.0039	69.8250	
0.1461	37.6500	0.0039	69.8250	
0.1460	37.9500	0.0039	69.8250	
0.1462	37.3000	0.0039	69.8000	
0.1459	37.4000	0.0038	69.8750	
0.1459	37.6750	0.0039	69.9000	
0.1456	37.7500	0.0038	69.9250	
0.1455	38.3500	0.0038	70.0000	
0.1455	38.4000	0.0037	70.0250	
0.1455	38.3250	0.0037	69.9500	
0.1453	38.2750	0.0038	70.1500	
0.1452	38.1000	0.0037	70.1500	
0.1455	37.7500	0.0037	70.2500	
0.1453	38.1250	0.0037	70.3000	
0.1452	38.0250	0.0036	70.3250	
0.1453	38.0500	0.0036	70.4000	
0.1451	38.4500	0.0036	70.4250	
0.1452	38.8750	0.0036	70.4250	
0.1457	38.6750	0.0036	70.4500	
0.1450	38.3250	0.0035	70.5750	
0.1448	38.1500	0.0035	70.6750	
0.1451	38.0500	0.0035	70.7000	
0.1448	37.9500	0.0035	70.6500	
0.1450	38.2250	0.0035	70.8000	
0.1448	38.6250	0.0035	70.8250	
0.1452	38.7250	0.0035	70.8250	
0.1446	38.7000	0.0035	70.8750	
0.1445	38.3750	0.0034	70.8500	
0.1445	38.0250	0.0034	70.9250	
0.1448	38.5500	0.0034	70.9750	
0.1446	38.5000	0.0034	71.0750	
0.1446	38.2000	0.0034	71.1000	
0.1443	38.9000	0.0034	71.1750	
0.1448	39.3500	0.0034	71.1250	
0.1450	38.7750	0.0033	71.3250	
0.1443	38.4500	0.0033	71.3750	
0.1444	38.6500	0.0033	71.4000	
0.1441	38.7250	0.0033	71.4000	
0.1440	39.1250	0.0033	71.4250	
0.1439	39.2500	0.0033	71.5000	
0.1439	39.1500	0.0033	71.5750	
0.1439	38.6000	0.0032	71.5500	
0.1444	39.0250	0.0032	71.6000	
0.1441	39.2000	0.0032	71.6500	
0.1439	39.3750	0.0032	71.7000	
0.1435	38.9750	0.0032	71.7500	
0.1439	38.9500	0.0032	71.7500	
0.1435	39.0750	0.0031	71.8250	
0.1436	39.2000	0.0031	71.8750	
0.1436	39.2750	0.0031	71.8750	
0.1437	39.3250	0.0031	71.8500	
0.1437	39.3000	0.0031	71.9750	
0.1433	39.1000	0.0031	71.9750	
0.1435	39.1500	0.0030	72.1250	
0.1432	39.2500	0.0030	72.1750	
0.1432	39.4250	0.0030	72.2250	
0.1431	39.0500	0.0030	72.3000	
0.1435	39.1000	0.0030	72.2500	
0.1433	39.2250	0.0030	72.3000	
0.1433	39.4250	0.0030	72.3750	
0.1434	39.5000	0.0030	72.4000	
0.1432	39.6000	0.0030	72.3750	
0.1429	39.5750	0.0030	72.5250	
0.1428	39.4500	0.0029	72.5500	
0.1428	39.5500	0.0029	72.5250	
0.1428	39.6250	0.0029	72.7000	
0.1427	39.4750	0.0029	72.6250	
0.1427	39.2500	0.0029	72.7000	
0.1426	39.7500	0.0029	72.7250	
0.1427	39.5750	0.0029	72.7250	
0.1427	39.5500	0.0029	72.8500	
0.1425	39.8250	0.0029	72.8000	
0.1426	39.4750	0.0029	72.8250	
0.1425	39.5500	0.0029	72.8750	
0.1423	39.3250	0.0029	72.9000	
0.1423	39.5500	0.0029	72.8500	
0.1425	39.7750	0.0028	73.0250	
0.1427	39.6250	0.0029	72.9750	
0.1426	39.8500	0.0028	73.0000	
0.1424	39.7000	0.0028	73.0500	
0.1426	39.7500	0.0028	73.1250	
0.1422	39.8500	0.0028	73.1250	
0.1422	39.4500	0.0028	73.2000	
0.1421	39.5000	0.0028	73.2750	
0.1421	39.8500	0.0028	73.3250	
0.1420	40.1250	0.0028	73.3500	
0.1420	39.9000	0.0028	73.3000	
0.1419	39.6750	0.0028	73.2250	
0.1421	39.6000	0.0029	73.3000	
0.1422	39.4750	0.0028	73.3750	
0.1424	39.7500	0.0028	73.3500	
0.1420	39.7500	0.0028	73.3750	
0.1419	39.4000	0.0027	73.4000	
0.1418	39.4500	0.0027	73.4250	
0.1418	39.6250	0.0027	73.4000	
0.1417	39.7500	0.0027	73.4750	
0.1422	40.0750	0.0027	73.4500	
0.1421	39.7500	0.0027	73.5000	
0.1419	39.6250	0.0027	73.5000	
0.1418	39.7500	0.0027	73.4750	
0.1418	39.6000	0.0027	73.4750	
0.1417	39.4000	0.0027	73.5000	
0.1417	39.5250	0.0027	73.5250	
0.1417	39.4500	0.0027	73.5250	
0.1419	39.5250	0.0027	73.5250	
0.1417	39.6750	0.0027	73.6000	
0.1417	39.9250	0.0026	73.5250	
0.1415	39.4500	0.0027	73.5750	
0.1416	39.7250	0.0027	73.5750	
0.1414	40.2750	0.0027	73.6000	
0.1414	40.3750	0.0026	73.6000	
0.1415	40.1250	0.0026	73.6000	
0.1416	39.8500	0.0026	73.6750	
0.1414	40.0500	0.0026	73.7250	
0.1416	39.8000	0.0026	73.6750	
0.1414	39.9500	0.0026	73.7500	
0.1416	39.9000	0.0026	73.7500	
0.1415	40.2500	0.0026	73.7000	
0.1413	40.4000	0.0026	73.7750	
0.1415	40.4750	0.0026	73.9000	
0.1415	40.0500	0.0026	73.8500	
0.1412	40.1000	0.0026	73.8750	
0.1413	40.4750	0.0026	73.9000	
0.1411	40.6500	0.0026	73.9000	
0.1411	40.4500	0.0026	73.8500	
0.1411	40.0000	0.0026	73.9500	
0.1412	40.0500	0.0026	73.9750	
0.1415	40.3750	0.0026	73.9000	
0.1410	40.6250	0.0026	73.9750	
0.1415	40.4250	0.0025	73.9500	
0.1410	40.4000	0.0026	74.0500	
0.1411	40.5000	0.0026	73.9000	
0.1411	40.3750	0.0025	73.9750	
0.1411	40.7500	0.0025	73.9750	
0.1410	41.0000	0.0025	74.0000	
0.1409	40.8750	0.0025	74.0250	
0.1411	40.8000	0.0025	74.0250	
0.1411	40.9000	0.0025	74.0000	
0.1415	40.3750	0.0025	74.0750	
0.1412	40.7000	0.0025	74.0250	
0.1413	40.8500	0.0025	74.0250	
0.1411	41.0250	0.0025	74.1000	
0.1412	40.6750	0.0025	74.1250	
0.1409	40.7750	0.0025	74.0750	
0.1409	40.9000	0.0025	74.0250	
0.1409	40.8750	0.0025	74.0500	
0.1408	41.3000	0.0025	74.1250	
0.1408	41.3500	0.0025	74.0250	
0.1408	41.1000	0.0025	74.1500	
0.1409	41.0500	0.0025	74.1250	
0.1407	41.0000	0.0025	74.1000	
0.1407	41.3000	0.0025	74.1250	
0.1408	41.2500	0.0025	74.1750	
0.1407	40.8750	0.0025	74.1250	
0.1407	41.1250	0.0025	74.1500	
0.1409	41.2250	0.0025	74.1250	
0.1405	41.2000	0.0025	74.1750	
0.1405	41.3500	0.0025	74.1750	
0.1408	41.4500	0.0025	74.1500	
0.1406	41.1500	0.0025	74.2250	
0.1406	40.9750	0.0025	74.1750	
0.1405	41.3500	0.0024	74.1750	
0.1409	41.3000	0.0025	74.2500	
0.1407	41.3500	0.0025	74.2500	
0.1405	41.3000	0.0025	74.2500	
0.1407	41.2750	0.0024	74.2500	
0.1405	41.2750	0.0024	74.2500	
0.1406	41.4750	0.0024	74.2750	
0.1405	41.1000	0.0024	74.2500	
0.1407	41.1750	0.0024	74.2500	
0.1405	41.3750	0.0024	74.2750	
0.1404	41.6000	0.0025	74.2750	
0.1406	41.4750	0.0024	74.3000	
0.1409	41.5250	0.0024	74.2750	
0.1404	41.3500	0.0024	74.3000	
0.1406	41.2750	0.0024	74.2750	
0.1404	41.4750	0.0024	74.2750	
0.1404	41.8500	0.0024	74.3000	
0.1405	42.0500	0.0024	74.3250	
0.1403	41.8250	0.0024	74.3000	
0.1404	41.8250	0.0025	74.2500	
0.1403	41.4750	0.0025	74.2750	
0.1404	41.5750	0.0024	74.3000	
0.1407	41.9250	0.0024	74.3000	
0.1403	42.2000	0.0024	74.3000	
0.1402	41.8500	0.0024	74.3250	
0.1405	41.5250	0.0024	74.3250	
0.1405	41.5000	0.0024	74.3000	
0.1405	41.5500	0.0024	74.3000	
0.1404	41.6750	0.0024	74.3000	
0.1402	41.9250	0.0024	74.3250	
0.1403	42.3250	0.0024	74.3000	
0.1403	42.3750	0.0024	74.3500	
0.1401	42.0000	0.0024	74.2750	
0.1402	41.7000	0.0024	74.3250	
0.1403	42.2250	0.0025	74.3000	
0.1401	42.4500	0.0024	74.3000	
0.1402	42.1250	0.0024	74.3250	
0.1401	42.0000	0.0024	74.2750	
0.1401	42.0250	0.0024	74.3250	
0.1403	42.3000	0.0024	74.3000	
0.1402	42.4000	0.0024	74.3000	
0.1403	42.3000	0.0024	74.2500	
0.1403	42.3750	0.0024	74.3250	
0.1402	42.4250	0.0024	74.2750	
0.1401	42.2250	0.0024	74.3000	
0.1401	42.1750	0.0024	74.3250	
0.1400	42.0750	0.0024	74.3000	
0.1400	42.3500	0.0024	74.3000	
0.1400	42.6250	0.0024	74.2250	
0.1400	42.5500	0.0024	74.3250	
0.1401	42.5500	0.0024	74.3250	
0.1406	42.3750	0.0024	74.3000	
0.1401	42.5500	0.0024	74.2500	
0.1401	42.7500	0.0024	74.2750	
0.1401	42.8000	0.0024	74.3000	
0.1401	42.6250	0.0024	74.3000	
0.1400	42.7750	0.0023	74.3250	
0.1399	42.7750	0.0023	74.3250	
0.1400	42.7250	0.0023	74.3000	
0.1402	42.5500	0.0024	74.3000	
0.1402	42.4500	0.0024	74.3250	
0.1399	42.6750	0.0023	74.2750	
0.1400	42.8000	0.0023	74.3000	
0.1401	42.8250	0.0023	74.3250	
0.1397	42.7250	0.0024	74.3250	
0.1399	42.8500	0.0023	74.2750	
0.1401	42.8750	0.0023	74.3250	
0.1399	42.9750	0.0024	74.2750	
0.1401	43.2750	0.0024	74.3000	
0.1401	43.0500	0.0024	74.2750	
0.1398	43.0000	0.0023	74.3000	
0.1399	43.0750	0.0023	74.3250	
0.1398	43.1000	0.0023	74.3250	
0.1398	43.2000	0.0023	74.3000	
0.1398	43.0000	0.0023	74.3250	
0.1399	43.0500	0.0023	74.3250	
0.1398	43.0250	0.0024	74.3250	
0.1398	43.3750	0.0024	74.3000	
0.1398	43.1750	0.0023	74.3500	
0.1398	43.0500	0.0023	74.3000	
0.1398	43.1000	0.0023	74.2750	
0.1398	43.1500	0.0024	74.3000	
0.1398	43.2000	0.0024	74.3000	
0.1399	42.9500	0.0023	74.3750	
0.1398	43.1250	0.0023	74.3250	
0.1397	43.4000	0.0023	74.4000	
0.1397	43.6500	0.0023	74.3750	
0.1397	43.9750	0.0023	74.3500	
0.1399	43.9750	0.0023	74.2750	
0.1401	43.7250	0.0023	74.3750	
0.1400	43.5500	0.0023	74.3750	
0.1400	43.5750	0.0023	74.3750	
0.1398	43.3500	0.0023	74.3750	
0.1397	43.5000	0.0023	74.3750	
0.1396	43.6500	0.0023	74.4000	
0.1398	43.6250	0.0023	74.3750	
0.1402	43.8250	0.0023	74.4500	
0.1395	43.9250	0.0023	74.4000	
0.1397	44.2250	0.0023	74.3750	
0.1398	44.1000	0.0023	74.3500	
0.1400	43.7500	0.0023	74.3750	
0.1397	44.0250	0.0023	74.3750	
0.1399	43.8500	0.0023	74.4000	
0.1402	43.7500	0.0023	74.4750	
0.1401	43.7750	0.0023	74.4000	
0.1401	43.9500	0.0023	74.3750	
0.1401	44.2250	0.0023	74.3750	
0.1397	44.0250	0.0023	74.4250	
0.1400	44.2250	0.0023	74.4250	
0.1402	44.1000	0.0023	74.4000	
0.1399	44.1500	0.0023	74.4000	
0.1397	44.3250	0.0023	74.3250	
0.1396	44.5250	0.0023	74.3750	
0.1397	44.4750	0.0023	74.4750	
0.1395	44.4250	0.0023	74.5000	
0.1398	44.2250	0.0023	74.3750	
0.1397	44.0500	0.0023	74.4250	
0.1397	44.4250	0.0023	74.4500	
0.1396	44.3750	0.0023	74.4500	
0.1396	44.4500	0.0023	74.4500	
0.1396	44.5250	0.0023	74.4250	
0.1395	44.6000	0.0023	74.3750	
0.1397	44.7000	0.0023	74.4000	
0.1398	44.5500	0.0023	74.4000	
0.1394	44.5750	0.0023	74.4500	
0.1395	44.6500	0.0022	74.3750	
0.1395	44.8250	0.0022	74.3750	
0.1395	44.7500	0.0022	74.4500	
0.1394	44.8750	0.0023	74.3750	
0.1396	44.5500	0.0022	74.4500	
0.1394	44.4500	0.0023	74.3750	
0.1394	44.6750	0.0023	74.5000	
0.1394	45.0750	0.0022	74.4000	
0.1394	45.1250	0.0022	74.3500	
0.1393	45.0250	0.0022	74.4250	
0.1396	44.6000	0.0022	74.4000	
0.1398	44.6500	0.0022	74.4000	
0.1393	44.9750	0.0022	74.4000	
0.1395	45.1500	0.0022	74.3750	
0.1394	44.9750	0.0021	74.4250	
0.1394	44.7250	0.0021	74.3750	
0.1394	44.9500	0.0021	74.3750	
0.1394	45.2250	0.0021	74.4250	
0.1393	45.1750	0.0022	74.4750	
0.1393	45.1750	0.0022	74.3750	
0.1393	45.2250	0.0021	74.4250	
0.1394	45.2250	0.0021	74.3750	
0.1397	45.3750	0.0021	74.3000	
0.1393	45.0750	0.0021	74.4250	
0.1394	45.1250	0.0021	74.3500	
0.1393	45.1000	0.0021	74.3750	
0.1393	45.2250	0.0021	74.5000	
0.1393	45.2500	0.0021	74.3750	
0.1392	45.4250	0.0021	74.4000	
0.1393	45.4250	0.0021	74.4250	
0.1394	45.5000	0.0021	74.3750	
0.1393	45.2750	0.0021	74.4500	
0.1392	45.2250	0.0021	74.4250	
0.1393	45.6000	0.0021	74.4500	
0.1394	45.7500	0.0021	74.4250	
0.1394	45.4500	0.0021	74.5000	
0.1393	45.5750	0.0021	74.4250	
0.1395	45.3500	0.0021	74.5500	
0.1395	45.7000	0.0021	74.5250	
0.1392	45.4250	0.0021	74.5000	
0.1398	45.8500	0.0021	74.5000	
0.1400	45.4750	0.0021	74.5250	
0.1398	45.7750	0.0021	74.5500	
0.1395	45.5000	0.0021	74.5000	
0.1396	45.9500	0.0020	74.5250	
0.1399	45.6500	0.0021	74.5000	
0.1395	45.7000	0.0020	74.5500	
0.1393	45.4250	0.0021	74.5500	
0.1402	45.9750	0.0021	74.6000	
0.1397	45.6000	0.0021	74.5500	
0.1394	45.9250	0.0022	74.6000	
0.1392	45.9500	0.0021	74.6500	
0.1392	45.9000	0.0021	74.5750	
0.1392	45.9250	0.0020	74.5500	
0.1395	46.0250	0.0021	74.6000	
0.1392	46.1000	0.0021	74.6000	
0.1394	45.8750	0.0021	74.5500	
0.1391	45.8500	0.0021	74.5500	
0.1391	46.0000	0.0021	74.5500	
0.1391	46.0000	0.0021	74.6500	
0.1392	46.2000	0.0021	74.5500	
0.1393	46.0500	0.0020	74.6000	
0.1391	46.0500	0.0020	74.5750	
0.1390	46.0500	0.0020	74.5500	
0.1391	46.1750	0.0020	74.5750	
0.1392	46.2000	0.0020	74.6000	
0.1392	46.2000	0.0020	74.5750	
0.1391	46.1750	0.0020	74.5750	
0.1391	46.2250	0.0020	74.6000	
0.1391	46.2250	0.0020	74.6000	
0.1391	46.2000	0.0020	74.5250	
0.1391	46.2500	0.0020	74.6000	
0.1390	46.3250	0.0020	74.6000	
0.1391	46.4500	0.0020	74.5750	
0.1392	46.3500	0.0020	74.5750	
0.1390	46.5000	0.0020	74.6000	
0.1391	46.5000	0.0020	74.6250	
0.1390	46.4750	0.0020	74.5500	
0.1391	46.6000	0.0020	74.5750	
0.1391	46.5000	0.0020	74.5500	
0.1390	46.5000	0.0020	74.6500	
0.1391	46.5750	0.0020	74.5750	
0.1390	46.4000	0.0020	74.5750	
0.1390	46.3750	0.0020	74.5250	
0.1391	46.3250	0.0020	74.5750	
0.1391	46.5000	0.0020	74.5250	
0.1393	46.5750	0.0020	74.5000	
0.1390	46.7250	0.0020	74.6000	
0.1391	46.6500	0.0020	74.6000	
0.1390	46.7000	0.0020	74.5500	
0.1390	46.6250	0.0020	74.5250	
0.1390	46.6750	0.0020	74.5000	
0.1391	46.9250	0.0020	74.5250	
0.1391	46.8250	0.0020	74.5250	
0.1390	46.8750	0.0020	74.5500	
0.1392	46.6750	0.0020	74.5250	
0.1392	46.8250	0.0020	74.5500	
0.1391	46.6250	0.0020	74.5750	
0.1391	46.7500	0.0020	74.5750	
0.1390	46.9000	0.0020	74.6000	
0.1390	46.9250	0.0020	74.5000	
0.1391	46.8500	0.0020	74.5000	
0.1389	46.8750	0.0020	74.5250	
0.1392	47.0500	0.0020	74.5000	
0.1392	46.7750	0.0020	74.5250	
0.1391	46.8500	0.0020	74.5250	
0.1389	46.8250	0.0020	74.5000	
0.1389	46.8500	0.0020	74.5000	
0.1390	46.8750	0.0020	74.5500	
0.1389	47.1250	0.0020	74.5250	
0.1389	47.1250	0.0020	74.5750	
0.1389	47.1000	0.0020	74.5500	
0.1389	47.1250	0.0020	74.5500	
0.1389	47.0750	0.0020	74.5250	
0.1389	47.1500	0.0020	74.5750	
0.1391	46.8250	0.0019	74.5750	
0.1392	47.0250	0.0020	74.5750	
0.1391	47.0000	0.0020	74.6000	
0.1390	47.1750	0.0020	74.5500	
0.1390	47.0250	0.0020	74.6000	
0.1389	47.2500	0.0020	74.6000	
0.1390	47.1500	0.0020	74.5500	
0.1389	47.0250	0.0019	74.5500	
0.1389	47.0250	0.0019	74.6250	
0.1389	47.1250	0.0019	74.5750	
0.1390	47.2750	0.0019	74.5750	
0.1390	47.4000	0.0020	74.6500	
0.1391	47.3500	0.0020	74.6000	
0.1391	47.2250	0.0019	74.6000	
0.1390	47.4500	0.0019	74.6250	
