Loss_Adversary	Accuracy_Adversary	Loss_Target	Accuracy_Target	
-0.3566	0.6491	0.8134	50.0000	50.0000	
-0.3362	0.6136	0.7735	50.0000	50.0000	
-0.3177	0.5812	0.7362	50.0000	50.0000	
-0.3020	0.5530	0.7021	50.0000	50.0000	
-0.2907	0.5310	0.6705	50.0000	50.0000	
-0.2831	0.5141	0.6410	50.0000	50.0000	
-0.2756	0.4979	0.6132	50.0000	50.0000	
-0.2681	0.4820	0.5873	50.0000	50.0000	
-0.2606	0.4666	0.5632	50.0000	50.0000	
-0.2533	0.4517	0.5405	50.0000	50.0000	
-0.2459	0.4372	0.5193	50.0000	50.0000	
-0.2387	0.4232	0.4995	50.0000	50.0000	
-0.2313	0.4097	0.4824	50.0000	50.0000	
-0.2237	0.3966	0.4680	50.0000	50.0000	
-0.2160	0.3840	0.4559	50.0000	50.0000	
-0.2083	0.3719	0.4464	50.0000	50.0000	
-0.2009	0.3604	0.4370	50.0000	50.0000	
-0.1939	0.3493	0.4279	50.0000	50.0000	
-0.1874	0.3389	0.4188	50.0000	50.0000	
-0.1814	0.3292	0.4097	50.0000	50.0000	
-0.1759	0.3201	0.4008	50.0000	50.0000	
-0.1709	0.3116	0.3918	50.0000	50.0000	
-0.1664	0.3037	0.3827	50.0000	50.0000	
-0.1625	0.2964	0.3733	50.0000	50.0000	
-0.1590	0.2897	0.3640	50.0000	50.0000	
-0.1559	0.2836	0.3548	50.0000	50.0000	
-0.1530	0.2778	0.3460	50.0000	50.0000	
-0.1507	0.2728	0.3375	50.0000	50.0000	
-0.1490	0.2685	0.3292	50.0000	50.0000	
-0.1474	0.2647	0.3216	50.0000	50.0000	
-0.1464	0.2615	0.3143	50.0000	50.0000	
-0.1455	0.2588	0.3078	50.0000	50.0000	
-0.1450	0.2567	0.3020	50.0000	50.0000	
-0.1448	0.2553	0.2973	50.0000	50.0000	
-0.1447	0.2543	0.2935	50.0000	50.0000	
-0.1448	0.2536	0.2905	50.0000	50.0000	
-0.1449	0.2532	0.2881	50.0000	50.0000	
-0.1450	0.2527	0.2861	68.6500	50.0000	
-0.1449	0.2521	0.2843	70.6500	50.0000	
-0.1447	0.2514	0.2820	55.3750	50.0000	
-0.1446	0.2506	0.2795	50.2250	50.0000	
-0.1443	0.2496	0.2771	50.0000	50.0000	
-0.1440	0.2487	0.2744	50.0000	50.0000	
-0.1438	0.2476	0.2716	49.4250	50.0000	
-0.1435	0.2466	0.2687	44.4250	50.0000	
-0.1434	0.2457	0.2658	36.8500	50.0000	
-0.1432	0.2448	0.2631	30.3250	54.2000	
-0.1431	0.2440	0.2604	27.4000	70.2750	
-0.1430	0.2433	0.2579	26.6500	71.2250	
-0.1430	0.2427	0.2555	26.4000	86.9500	
-0.1431	0.2422	0.2533	25.7750	93.8000	
-0.1431	0.2417	0.2511	25.7000	92.3000	
-0.1432	0.2413	0.2491	25.4250	95.1500	
-0.1434	0.2410	0.2471	25.4250	97.7000	
-0.1436	0.2407	0.2451	25.4000	98.4250	
-0.1438	0.2405	0.2430	25.5250	98.5250	
-0.1440	0.2402	0.2409	25.4750	99.0000	
-0.1443	0.2400	0.2387	25.4500	99.1750	
-0.1446	0.2399	0.2366	25.7250	99.0500	
-0.1449	0.2399	0.2349	26.0000	98.9000	
-0.1453	0.2400	0.2334	26.2250	98.5250	
-0.1458	0.2403	0.2323	26.6250	98.0000	
-0.1462	0.2407	0.2315	27.1000	97.2500	
-0.1467	0.2409	0.2302	27.5750	96.3750	
-0.1472	0.2410	0.2280	27.9750	95.8500	
-0.1477	0.2409	0.2251	28.0750	95.3250	
-0.1482	0.2408	0.2221	28.4750	94.0500	
-0.1488	0.2407	0.2190	28.8000	93.6000	
-0.1494	0.2407	0.2161	29.2750	92.8750	
-0.1499	0.2410	0.2142	29.5750	91.9250	
-0.1506	0.2414	0.2126	30.2250	91.0500	
-0.1512	0.2419	0.2117	31.0250	89.6750	
-0.1518	0.2423	0.2103	31.7750	89.2750	
-0.1524	0.2429	0.2093	32.7750	88.6500	
-0.1531	0.2435	0.2086	33.7250	87.6750	
-0.1537	0.2441	0.2079	34.7250	87.1500	
-0.1544	0.2448	0.2073	36.0000	86.3000	
-0.1550	0.2455	0.2070	37.6250	84.9250	
-0.1557	0.2462	0.2066	38.7750	84.4250	
-0.1563	0.2468	0.2055	39.8250	83.3250	
-0.1571	0.2474	0.2042	40.9750	82.5250	
-0.1578	0.2479	0.2029	42.1500	82.0750	
-0.1585	0.2487	0.2024	43.2000	80.8250	
-0.1592	0.2495	0.2020	44.4000	79.2750	
-0.1599	0.2503	0.2013	45.6500	78.2750	
-0.1607	0.2511	0.2008	46.6500	77.2250	
-0.1614	0.2519	0.2004	47.9250	76.0000	
-0.1621	0.2526	0.1995	49.1000	74.8500	
-0.1629	0.2533	0.1986	50.2000	73.4000	
-0.1636	0.2539	0.1975	51.4250	72.2750	
-0.1644	0.2546	0.1965	52.6750	70.8500	
-0.1651	0.2553	0.1957	54.0750	69.7500	
-0.1656	0.2556	0.1944	55.2000	68.4000	
-0.1661	0.2558	0.1929	56.0250	67.5250	
-0.1663	0.2558	0.1914	56.6750	66.9500	
-0.1664	0.2555	0.1898	56.6000	66.2750	
-0.1663	0.2548	0.1878	56.3000	65.6750	
-0.1661	0.2539	0.1850	55.2750	65.6000	
-0.1659	0.2529	0.1819	53.9500	65.7750	
-0.1658	0.2518	0.1782	52.1500	66.4750	
-0.1659	0.2509	0.1742	50.8000	67.3000	
-0.1662	0.2503	0.1700	50.4250	68.9250	
-0.1668	0.2501	0.1662	50.4750	71.8000	
-0.1674	0.2501	0.1632	51.0000	74.7750	
-0.1679	0.2501	0.1612	52.7000	77.0750	
-0.1681	0.2502	0.1600	55.3250	79.0500	
-0.1683	0.2501	0.1587	57.5750	79.9500	
-0.1687	0.2500	0.1569	57.9000	80.4750	
-0.1689	0.2499	0.1552	58.7250	80.7250	
-0.1691	0.2497	0.1533	58.5750	80.6750	
-0.1693	0.2495	0.1513	58.1750	80.6000	
-0.1695	0.2492	0.1494	58.1500	80.4000	
-0.1697	0.2490	0.1477	57.9500	80.1250	
-0.1698	0.2488	0.1462	57.7500	79.8000	
-0.1700	0.2487	0.1445	58.0500	79.4500	
-0.1702	0.2485	0.1428	57.9750	79.0500	
-0.1705	0.2483	0.1409	56.9250	78.6000	
-0.1708	0.2482	0.1389	56.6750	77.8500	
-0.1711	0.2481	0.1369	55.9000	77.0250	
-0.1714	0.2480	0.1347	54.7250	76.1000	
-0.1718	0.2478	0.1323	52.7000	75.1750	
-0.1721	0.2476	0.1297	51.1750	74.1750	
-0.1724	0.2473	0.1271	48.9500	73.1000	
-0.1728	0.2471	0.1244	45.9000	72.6500	
-0.1730	0.2466	0.1214	43.8750	72.0250	
-0.1733	0.2462	0.1183	41.7250	71.4750	
-0.1736	0.2458	0.1150	40.0750	71.1250	
-0.1740	0.2453	0.1110	37.8750	70.6500	
-0.1745	0.2446	0.1063	34.5250	70.2250	
-0.1749	0.2439	0.1009	32.0500	69.6250	
-0.1754	0.2431	0.0955	29.8000	68.7250	
-0.1757	0.2422	0.0903	29.4250	68.4250	
-0.1759	0.2411	0.0849	29.3750	68.2500	
-0.1761	0.2405	0.0811	29.0500	68.0250	
-0.1762	0.2398	0.0780	28.8250	68.2750	
-0.1763	0.2388	0.0739	28.4250	69.3000	
-0.1762	0.2385	0.0730	29.1500	69.7000	
-0.1761	0.2373	0.0686	28.2000	70.2000	
-0.1760	0.2373	0.0692	27.6500	70.5750	
-0.1758	0.2362	0.0657	26.7250	71.4750	
-0.1757	0.2362	0.0664	26.2250	72.0000	
-0.1754	0.2352	0.0637	25.9000	73.2000	
-0.1751	0.2349	0.0639	25.4750	73.8750	
-0.1748	0.2342	0.0627	25.5750	74.8250	
-0.1744	0.2338	0.0633	25.8250	75.7750	
-0.1739	0.2332	0.0633	26.6750	76.8000	
-0.1734	0.2331	0.0655	27.2000	77.6500	
-0.1727	0.2330	0.0684	29.9250	78.3750	
-0.1720	0.2327	0.0709	30.3500	78.9250	
-0.1711	0.2323	0.0738	36.4500	79.2500	
-0.1703	0.2328	0.0797	44.0000	79.0500	
-0.1696	0.2331	0.0842	48.6500	78.3250	
-0.1690	0.2339	0.0907	46.8750	77.3250	
-0.1687	0.2354	0.0978	44.3250	76.2500	
-0.1686	0.2379	0.1087	39.2000	75.2000	
-0.1685	0.2399	0.1172	38.9250	73.5250	
-0.1685	0.2432	0.1301	40.9500	72.5500	
-0.1683	0.2444	0.1363	46.0750	71.9500	
-0.1685	0.2469	0.1449	50.6750	73.0500	
-0.1689	0.2509	0.1591	51.5500	74.5250	
-0.1692	0.2524	0.1635	53.3250	76.1250	
-0.1697	0.2551	0.1720	53.7000	78.3250	
-0.1698	0.2563	0.1764	53.0250	80.0250	
-0.1687	0.2549	0.1763	51.2250	80.9500	
-0.1684	0.2526	0.1684	60.6500	80.1500	
-0.1691	0.2503	0.1557	50.1500	77.9000	
-0.1701	0.2475	0.1398	48.4250	74.9250	
-0.1708	0.2446	0.1244	37.4750	73.0000	
-0.1707	0.2402	0.1075	28.1000	72.4000	
-0.1707	0.2365	0.0926	46.8500	72.5750	
-0.1705	0.2345	0.0856	38.4250	73.9250	
-0.1704	0.2344	0.0857	26.4750	75.9000	
-0.1703	0.2353	0.0898	25.6250	76.9750	
-0.1701	0.2370	0.0973	25.9250	77.5000	
-0.1700	0.2386	0.1044	26.0750	77.5000	
-0.1699	0.2391	0.1067	25.5000	77.1750	
-0.1698	0.2403	0.1122	25.6750	77.2750	
-0.1698	0.2408	0.1143	25.5250	77.2000	
-0.1697	0.2417	0.1184	25.6000	77.3250	
-0.1697	0.2425	0.1216	27.6750	77.5500	
-0.1697	0.2436	0.1261	27.3250	77.8250	
-0.1697	0.2444	0.1290	28.9500	78.0750	
-0.1697	0.2454	0.1333	28.5250	78.0750	
-0.1697	0.2461	0.1359	29.7750	78.3000	
-0.1697	0.2469	0.1391	30.9500	78.1500	
-0.1697	0.2474	0.1409	37.8500	78.1000	
-0.1697	0.2484	0.1451	39.1000	78.0000	
-0.1698	0.2488	0.1462	42.0750	77.7000	
-0.1698	0.2497	0.1500	48.2000	77.4750	
-0.1698	0.2499	0.1504	46.7500	77.1500	
-0.1699	0.2503	0.1519	52.3750	76.9000	
-0.1699	0.2507	0.1529	54.1500	76.6750	
-0.1699	0.2506	0.1530	51.6250	76.2500	
-0.1699	0.2509	0.1539	56.9250	76.3000	
-0.1700	0.2509	0.1540	56.4250	76.1500	
-0.1700	0.2509	0.1538	54.5750	75.8250	
-0.1700	0.2512	0.1549	61.2000	75.9750	
-0.1700	0.2512	0.1548	60.7500	75.8250	
-0.1700	0.2511	0.1543	53.0250	75.5750	
-0.1701	0.2510	0.1538	50.0750	75.6500	
-0.1701	0.2509	0.1534	49.6000	75.6500	
-0.1701	0.2512	0.1543	57.3750	75.6250	
-0.1701	0.2511	0.1539	51.3000	75.5750	
-0.1701	0.2514	0.1551	61.8500	75.7750	
-0.1701	0.2512	0.1542	53.2000	75.4750	
-0.1701	0.2513	0.1546	54.5500	75.6000	
-0.1702	0.2515	0.1554	58.2000	75.6500	
-0.1702	0.2515	0.1551	55.6750	75.5750	
-0.1702	0.2515	0.1550	58.1750	75.5750	
-0.1702	0.2514	0.1546	50.3000	75.7250	
-0.1702	0.2517	0.1558	61.8250	75.8000	
-0.1702	0.2518	0.1562	60.2000	76.0250	
-0.1702	0.2521	0.1572	65.0250	75.8250	
-0.1703	0.2519	0.1564	56.7500	75.9750	
-0.1703	0.2519	0.1562	53.5500	75.6750	
-0.1703	0.2523	0.1576	65.6500	76.0750	
-0.1703	0.2520	0.1565	53.3750	76.0250	
-0.1703	0.2520	0.1564	50.3500	76.4000	
-0.1703	0.2523	0.1576	58.5250	76.6000	
-0.1703	0.2524	0.1579	55.3750	76.7500	
-0.1704	0.2528	0.1592	65.0500	76.9250	
-0.1704	0.2529	0.1597	63.4250	76.8500	
-0.1704	0.2531	0.1603	65.5500	77.2500	
-0.1705	0.2530	0.1598	53.8250	77.3000	
-0.1705	0.2531	0.1598	50.5000	77.5750	
-0.1705	0.2534	0.1609	51.0750	78.0750	
-0.1706	0.2538	0.1621	57.8750	78.0500	
-0.1707	0.2540	0.1627	55.6750	78.3500	
-0.1707	0.2542	0.1632	55.1000	78.7000	
-0.1708	0.2545	0.1639	53.1250	79.1500	
-0.1709	0.2549	0.1654	61.4250	79.6000	
-0.1709	0.2551	0.1661	60.3250	79.7750	
-0.1708	0.2552	0.1668	64.9750	80.0750	
-0.1708	0.2551	0.1668	67.5250	80.0750	
-0.1705	0.2545	0.1657	68.9250	79.6750	
-0.1704	0.2535	0.1622	70.1000	79.0250	
-0.1706	0.2516	0.1531	57.3250	77.8500	
-0.1720	0.2491	0.1367	42.0750	75.3000	
-0.1743	0.2464	0.1142	40.3750	71.7500	
-0.1750	0.2415	0.0912	38.4000	69.7250	
-0.1727	0.2354	0.0779	31.2250	68.7500	
-0.1717	0.2347	0.0804	46.3500	69.6750	
-0.1714	0.2355	0.0847	49.8500	72.1500	
-0.1715	0.2365	0.0884	49.4750	76.0250	
-0.1719	0.2375	0.0905	50.3000	79.5000	
-0.1722	0.2381	0.0914	49.7500	82.8250	
-0.1720	0.2383	0.0929	49.7500	84.8500	
-0.1717	0.2390	0.0976	49.9500	85.7750	
-0.1715	0.2409	0.1060	49.9250	85.5250	
-0.1719	0.2443	0.1176	50.1000	85.1250	
-0.1747	0.2521	0.1352	50.6250	85.0750	
-0.1834	0.2696	0.1612	50.4250	84.8750	
-0.1881	0.2816	0.1859	50.7000	86.1000	
-0.1918	0.2864	0.1868	51.1500	90.7500	
-0.1955	0.2911	0.1870	52.6000	93.8250	
-0.1954	0.2905	0.1849	55.5500	95.9250	
-0.1911	0.2848	0.1836	55.4500	96.5750	
-0.1836	0.2753	0.1829	52.0000	96.9000	
-0.1754	0.2647	0.1818	49.9250	97.0000	
-0.1690	0.2562	0.1797	50.0250	96.3000	
-0.1645	0.2501	0.1778	49.9000	95.4000	
-0.1609	0.2452	0.1761	49.7750	94.5500	
-0.1585	0.2415	0.1738	49.9000	93.4250	
-0.1582	0.2403	0.1704	49.6000	91.8250	
-0.1605	0.2422	0.1664	49.3500	90.0250	
-0.1635	0.2453	0.1639	49.5500	86.7750	
-0.1663	0.2488	0.1637	48.5750	83.2250	
-0.1690	0.2527	0.1657	47.9750	78.6500	
-0.1706	0.2554	0.1682	49.6500	74.1500	
-0.1712	0.2560	0.1679	53.2500	70.2500	
-0.1711	0.2548	0.1639	55.4750	68.2250	
-0.1720	0.2538	0.1551	58.0000	68.6000	
-0.1747	0.2538	0.1417	50.5000	70.3000	
-0.1779	0.2542	0.1272	50.0000	74.0500	
-0.1808	0.2540	0.1123	50.0000	78.1250	
-0.1821	0.2526	0.1001	50.0000	81.9500	
-0.1813	0.2491	0.0899	50.0000	85.0750	
-0.1789	0.2449	0.0848	50.0000	87.0500	
-0.1771	0.2425	0.0848	49.9750	87.4500	
-0.1762	0.2428	0.0899	50.4500	86.7000	
-0.1756	0.2431	0.0941	61.6000	86.4500	
-0.1749	0.2425	0.0957	59.8750	86.4250	
-0.1740	0.2416	0.0962	50.1250	86.6750	
-0.1733	0.2407	0.0964	50.0000	86.3250	
-0.1726	0.2399	0.0969	50.0750	86.2750	
-0.1719	0.2392	0.0977	50.7500	86.1000	
-0.1711	0.2388	0.0997	54.4750	85.4500	
-0.1704	0.2386	0.1020	63.5500	85.0250	
-0.1698	0.2383	0.1041	68.0250	84.7750	
-0.1693	0.2383	0.1067	67.2500	84.3750	
-0.1689	0.2384	0.1091	62.0500	84.0000	
-0.1687	0.2386	0.1111	58.4750	83.9500	
-0.1687	0.2395	0.1144	61.3500	83.1000	
-0.1689	0.2409	0.1191	60.3250	82.0500	
-0.1692	0.2428	0.1251	56.1750	80.9250	
-0.1696	0.2450	0.1319	53.0500	79.9750	
-0.1700	0.2473	0.1390	50.9000	79.2750	
-0.1703	0.2494	0.1457	50.3000	78.6500	
-0.1706	0.2512	0.1517	49.5250	78.5250	
-0.1707	0.2530	0.1586	48.5250	78.0500	
-0.1706	0.2542	0.1638	46.0750	77.7500	
-0.1704	0.2549	0.1675	44.1750	77.4750	
-0.1700	0.2547	0.1687	39.7500	77.4250	
-0.1697	0.2538	0.1669	35.1750	77.9500	
-0.1694	0.2523	0.1620	35.4500	79.2250	
-0.1694	0.2507	0.1556	45.4250	80.1750	
-0.1695	0.2493	0.1497	47.0500	81.0000	
-0.1696	0.2484	0.1456	49.4500	81.0250	
-0.1698	0.2484	0.1444	52.8500	80.3250	
-0.1701	0.2490	0.1454	55.4500	78.0750	
-0.1705	0.2499	0.1471	53.6000	75.1000	
-0.1708	0.2505	0.1482	52.2000	72.3250	
-0.1710	0.2507	0.1478	52.2500	70.2750	
-0.1711	0.2505	0.1463	53.8250	68.9000	
-0.1711	0.2493	0.1417	58.0000	68.3000	
-0.1710	0.2479	0.1369	62.0000	68.2250	
-0.1706	0.2466	0.1332	61.1000	68.4250	
-0.1704	0.2462	0.1330	58.1000	68.1250	
-0.1701	0.2467	0.1364	58.6250	67.2250	
-0.1699	0.2477	0.1412	59.2500	66.6000	
-0.1698	0.2485	0.1450	51.5000	66.7750	
-0.1699	0.2494	0.1483	49.3750	67.1250	
-0.1701	0.2496	0.1480	50.1750	68.7000	
-0.1702	0.2496	0.1472	50.2250	70.5750	
-0.1704	0.2502	0.1485	49.4750	71.8000	
-0.1707	0.2512	0.1514	48.4500	72.7250	
-0.1709	0.2524	0.1549	47.2750	73.3000	
-0.1711	0.2536	0.1591	46.9000	73.4500	
-0.1711	0.2546	0.1629	46.7000	73.7000	
-0.1711	0.2551	0.1650	47.8750	74.1750	
-0.1709	0.2552	0.1664	48.4250	74.8500	
-0.1707	0.2549	0.1664	49.5500	75.3750	
-0.1704	0.2544	0.1653	49.7500	76.0250	
-0.1702	0.2532	0.1619	49.9250	77.2000	
-0.1699	0.2515	0.1563	50.1250	78.1750	
-0.1701	0.2491	0.1462	50.0250	79.6750	
-0.1710	0.2470	0.1330	50.2250	82.3750	
-0.1719	0.2450	0.1206	50.0500	84.0250	
-0.1726	0.2438	0.1121	50.0500	83.3750	
-0.1732	0.2431	0.1061	49.4000	81.0500	
-0.1736	0.2422	0.1012	48.8750	78.5000	
-0.1736	0.2411	0.0964	48.4500	76.7750	
-0.1732	0.2395	0.0921	47.4250	74.8250	
-0.1727	0.2382	0.0893	46.4250	73.8500	
-0.1719	0.2372	0.0892	46.3250	73.0500	
-0.1697	0.2357	0.0946	55.5000	72.2250	
-0.1690	0.2390	0.1112	58.8250	69.6500	
-0.1703	0.2476	0.1389	50.0000	66.2750	
-0.1712	0.2546	0.1627	40.7750	65.0750	
-0.1713	0.2569	0.1714	43.8500	66.0000	
-0.1715	0.2569	0.1697	50.0250	68.6500	
-0.1719	0.2558	0.1641	50.3000	72.1000	
-0.1720	0.2552	0.1609	49.9250	74.6000	
-0.1719	0.2547	0.1597	49.6250	76.3500	
-0.1719	0.2548	0.1598	49.9750	77.1750	
-0.1718	0.2553	0.1626	50.3500	76.9750	
-0.1715	0.2559	0.1659	49.8250	76.7000	
-0.1712	0.2558	0.1671	50.2750	76.1000	
-0.1709	0.2552	0.1662	50.4750	76.3000	
-0.1702	0.2531	0.1615	50.8250	77.1000	
-0.1704	0.2509	0.1516	49.9750	78.3750	
-0.1709	0.2487	0.1405	49.5250	79.8250	
-0.1713	0.2468	0.1310	48.9500	80.5000	
-0.1716	0.2456	0.1246	48.7250	80.0250	
-0.1718	0.2451	0.1213	48.1250	78.8500	
-0.1719	0.2446	0.1186	47.7000	77.3750	
-0.1720	0.2441	0.1164	47.5750	75.8750	
-0.1721	0.2435	0.1134	47.6000	75.0750	
-0.1724	0.2427	0.1090	47.9250	74.6250	
-0.1727	0.2420	0.1044	49.2250	74.3500	
-0.1731	0.2414	0.1003	52.3750	73.3500	
-0.1735	0.2411	0.0973	57.8250	72.4000	
-0.1737	0.2411	0.0960	65.7500	71.8750	
-0.1736	0.2409	0.0952	69.6750	72.4000	
-0.1733	0.2405	0.0955	71.3000	72.8250	
-0.1728	0.2404	0.0972	71.8750	73.6500	
-0.1715	0.2391	0.0987	69.6750	75.6500	
-0.1716	0.2405	0.1039	63.4000	77.2750	
-0.1720	0.2420	0.1082	68.3250	79.2000	
-0.1723	0.2422	0.1072	70.7500	82.5250	
-0.1727	0.2417	0.1035	66.7750	86.0250	
-0.1731	0.2414	0.1002	68.3250	88.2000	
-0.1735	0.2415	0.0986	72.1500	88.7000	
-0.1738	0.2416	0.0973	73.0500	88.7000	
-0.1740	0.2416	0.0960	72.5750	89.4000	
-0.1741	0.2412	0.0945	71.4500	89.8750	
-0.1739	0.2406	0.0927	70.5750	90.4000	
-0.1735	0.2400	0.0922	68.8250	90.3500	
-0.1732	0.2397	0.0927	66.8000	89.7500	
-0.1732	0.2394	0.0920	65.7250	88.6750	
-0.1733	0.2387	0.0881	67.6500	89.5750	
-0.1736	0.2379	0.0836	70.2250	89.3000	
-0.1739	0.2372	0.0793	70.4750	88.2000	
-0.1741	0.2366	0.0755	70.0500	87.6000	
-0.1743	0.2359	0.0723	61.9500	87.1000	
-0.1745	0.2354	0.0690	55.1500	87.1250	
-0.1747	0.2348	0.0655	58.8500	87.8000	
-0.1750	0.2349	0.0645	64.2250	87.1250	
-0.1753	0.2355	0.0656	67.7000	86.6750	
-0.1756	0.2352	0.0629	70.9500	86.2250	
-0.1758	0.2351	0.0614	71.6250	86.3250	
-0.1759	0.2355	0.0623	71.3500	84.6500	
-0.1759	0.2354	0.0625	69.5500	83.0500	
-0.1760	0.2353	0.0613	65.5750	81.4250	
-0.1764	0.2353	0.0591	62.8750	78.7500	
-0.1770	0.2349	0.0546	62.0250	75.5250	
-0.1772	0.2346	0.0523	63.4500	72.2000	
-0.1771	0.2340	0.0505	62.8000	69.7250	
-0.1767	0.2325	0.0464	61.2000	69.5500	
-0.1762	0.2310	0.0427	64.6250	70.4500	
-0.1760	0.2303	0.0414	71.4750	72.0000	
-0.1762	0.2304	0.0407	74.5750	74.7000	
-0.1768	0.2318	0.0434	74.6750	77.5500	
-0.1777	0.2340	0.0475	74.3250	80.8500	
-0.1788	0.2366	0.0525	74.0500	84.5250	
-0.1794	0.2396	0.0616	74.0000	87.6750	
-0.1791	0.2410	0.0684	71.8000	89.5500	
-0.1774	0.2397	0.0717	66.6000	90.3250	
-0.1746	0.2363	0.0720	63.2000	89.4500	
-0.1733	0.2339	0.0689	63.2000	86.8250	
-0.1749	0.2352	0.0664	60.2250	81.5750	
-0.1771	0.2361	0.0589	60.9750	75.7750	
-0.1782	0.2357	0.0518	66.3500	70.9250	
-0.1778	0.2350	0.0510	67.4750	67.9000	
-0.1771	0.2338	0.0497	63.7250	66.2500	
-0.1766	0.2327	0.0481	61.4750	66.3000	
-0.1760	0.2316	0.0465	64.0500	67.2250	
-0.1751	0.2303	0.0456	69.2000	68.7250	
-0.1746	0.2294	0.0448	73.5750	70.3750	
-0.1748	0.2295	0.0440	74.2750	72.8500	
-0.1758	0.2315	0.0470	74.0750	76.0750	
-0.1769	0.2341	0.0518	73.1500	79.7750	
-0.1780	0.2367	0.0570	72.9000	83.0250	
-0.1786	0.2390	0.0631	72.4250	85.6250	
-0.1782	0.2397	0.0680	71.4750	87.7750	
-0.1765	0.2386	0.0719	69.8250	88.3750	
-0.1739	0.2369	0.0781	73.2250	87.6500	
-0.1721	0.2340	0.0753	75.0000	86.4500	
-0.1726	0.2336	0.0713	74.9000	83.7250	
-0.1744	0.2350	0.0680	73.6000	78.5500	
-0.1757	0.2345	0.0594	72.8750	74.2250	
-0.1759	0.2332	0.0532	74.0000	71.3250	
-0.1757	0.2334	0.0551	73.7000	69.2750	
-0.1750	0.2329	0.0566	73.9500	68.1750	
-0.1745	0.2314	0.0530	71.9750	68.4750	
-0.1743	0.2307	0.0512	74.2250	68.7750	
-0.1741	0.2315	0.0552	73.4250	69.0500	
-0.1742	0.2320	0.0568	74.7500	69.3750	
-0.1740	0.2307	0.0531	73.8500	70.5000	
-0.1737	0.2309	0.0552	73.5750	70.8000	
-0.1736	0.2322	0.0607	72.9250	71.1250	
-0.1737	0.2324	0.0611	73.2750	71.7500	
-0.1741	0.2328	0.0607	73.8000	72.5750	
-0.1739	0.2323	0.0596	73.2750	73.5250	
-0.1741	0.2324	0.0593	69.0000	74.2500	
-0.1739	0.2344	0.0681	70.5750	73.8500	
-0.1740	0.2345	0.0681	73.7750	74.5500	
-0.1741	0.2333	0.0629	73.4750	75.6750	
-0.1741	0.2332	0.0625	71.3500	76.1500	
-0.1741	0.2348	0.0690	70.4500	75.2750	
-0.1740	0.2353	0.0713	72.0250	75.5250	
-0.1741	0.2352	0.0704	73.5750	76.2000	
-0.1739	0.2337	0.0655	72.5250	76.6750	
-0.1738	0.2342	0.0678	67.9750	76.5750	
-0.1737	0.2362	0.0764	69.2250	75.3500	
-0.1737	0.2357	0.0744	73.2000	75.6000	
-0.1736	0.2336	0.0664	73.0500	76.3250	
-0.1736	0.2343	0.0692	68.2500	75.8250	
-0.1734	0.2358	0.0764	68.3500	75.0250	
-0.1735	0.2357	0.0756	73.3750	74.4000	
-0.1735	0.2338	0.0677	71.6250	75.2750	
-0.1734	0.2342	0.0701	66.6750	74.8750	
-0.1733	0.2359	0.0773	69.0750	73.6750	
-0.1732	0.2351	0.0744	70.9750	73.9250	
-0.1731	0.2341	0.0708	69.1750	74.2000	
-0.1728	0.2341	0.0722	64.1500	73.7750	
-0.1728	0.2354	0.0775	63.5500	73.3250	
-0.1727	0.2354	0.0778	67.7250	73.0500	
-0.1727	0.2345	0.0742	69.2250	73.0750	
-0.1726	0.2338	0.0721	64.0250	73.4750	
-0.1725	0.2344	0.0750	62.2000	73.2750	
-0.1724	0.2356	0.0803	63.2500	72.7250	
-0.1724	0.2349	0.0773	66.0750	73.0750	
-0.1724	0.2343	0.0750	62.5500	73.7250	
-0.1723	0.2352	0.0791	60.8000	73.3250	
-0.1722	0.2362	0.0834	63.3750	73.0500	
-0.1722	0.2356	0.0816	67.1750	73.5500	
-0.1721	0.2346	0.0777	62.9250	74.2000	
-0.1722	0.2355	0.0812	60.1000	74.0500	
-0.1722	0.2372	0.0878	62.6250	73.5000	
-0.1720	0.2363	0.0850	64.2750	74.2500	
-0.1719	0.2358	0.0834	63.5000	74.6000	
-0.1720	0.2356	0.0823	61.5250	74.6250	
-0.1720	0.2372	0.0888	60.7750	74.1500	
-0.1721	0.2381	0.0919	63.3000	74.2250	
-0.1720	0.2365	0.0858	62.8500	74.8000	
-0.1719	0.2367	0.0871	60.6500	75.0000	
-0.1718	0.2376	0.0916	61.0500	74.8500	
-0.1719	0.2378	0.0917	62.9250	74.6500	
-0.1719	0.2376	0.0910	60.8500	74.5750	
-0.1719	0.2378	0.0919	60.1500	74.7250	
-0.1719	0.2376	0.0908	60.1000	74.8000	
-0.1717	0.2387	0.0961	59.9750	74.2750	
-0.1717	0.2389	0.0971	62.7500	74.3000	
-0.1718	0.2381	0.0933	63.8750	74.6750	
-0.1720	0.2379	0.0917	58.7500	74.6500	
-0.1719	0.2388	0.0957	59.7250	74.4000	
-0.1717	0.2394	0.0989	62.2250	73.8000	
-0.1717	0.2386	0.0958	60.2750	74.1750	
-0.1717	0.2388	0.0964	58.0750	74.5500	
-0.1718	0.2395	0.0990	59.4750	73.8000	
-0.1718	0.2399	0.1007	61.6500	73.8500	
-0.1718	0.2391	0.0976	60.9500	74.6000	
-0.1718	0.2395	0.0992	57.9750	74.4750	
-0.1717	0.2399	0.1011	58.3250	74.2500	
-0.1717	0.2401	0.1019	59.3500	74.5000	
-0.1717	0.2402	0.1024	59.1000	74.9000	
-0.1717	0.2403	0.1029	58.0250	74.4500	
-0.1717	0.2408	0.1045	58.1750	74.3250	
-0.1717	0.2407	0.1045	58.9500	74.3250	
-0.1716	0.2405	0.1040	58.8000	74.5750	
-0.1718	0.2406	0.1037	57.9000	74.4000	
-0.1719	0.2416	0.1066	57.4750	74.0750	
-0.1718	0.2423	0.1101	54.0500	74.0500	
-0.1718	0.2415	0.1068	52.9500	74.3750	
-0.1718	0.2407	0.1040	57.9250	74.7000	
-0.1718	0.2418	0.1081	57.7250	74.4750	
-0.1718	0.2426	0.1112	55.0750	74.2750	
-0.1718	0.2419	0.1089	55.5750	74.2750	
-0.1717	0.2425	0.1114	56.3750	74.2500	
-0.1718	0.2419	0.1086	57.8750	74.7000	
-0.1717	0.2428	0.1126	54.5500	74.2500	
-0.1718	0.2436	0.1154	49.2750	74.1250	
-0.1718	0.2423	0.1099	51.3750	74.7000	
-0.1719	0.2420	0.1086	58.3000	74.8750	
-0.1719	0.2434	0.1142	56.7500	74.2750	
-0.1718	0.2439	0.1165	51.9750	74.0000	
-0.1718	0.2433	0.1140	52.1250	74.4000	
-0.1719	0.2433	0.1135	54.7000	74.8500	
-0.1718	0.2442	0.1177	50.6000	74.1500	
-0.1718	0.2448	0.1201	48.4750	74.1750	
-0.1718	0.2434	0.1147	51.0500	74.3750	
-0.1719	0.2435	0.1143	57.8250	74.4250	
-0.1719	0.2443	0.1179	55.0000	74.3250	
-0.1719	0.2446	0.1191	49.3750	74.1250	
-0.1719	0.2451	0.1210	48.5500	73.9250	
-0.1718	0.2445	0.1188	50.6250	74.1250	
-0.1720	0.2439	0.1159	53.8000	74.3000	
-0.1720	0.2455	0.1220	49.1000	73.7500	
-0.1720	0.2446	0.1185	48.8750	73.8750	
-0.1720	0.2440	0.1160	53.8000	74.2750	
-0.1719	0.2462	0.1250	51.9500	73.6750	
-0.1720	0.2463	0.1251	48.0000	73.8500	
-0.1720	0.2449	0.1193	48.7250	74.0750	
-0.1720	0.2457	0.1226	50.1750	74.0500	
-0.1720	0.2461	0.1241	51.7250	74.1500	
-0.1721	0.2459	0.1234	48.8750	74.4250	
-0.1721	0.2462	0.1242	47.9000	74.2750	
-0.1721	0.2464	0.1253	48.2500	74.5250	
-0.1721	0.2465	0.1256	50.0500	74.7000	
-0.1722	0.2469	0.1267	47.9250	74.5750	
-0.1722	0.2470	0.1269	49.6000	74.5750	
-0.1721	0.2468	0.1266	49.5500	74.7250	
-0.1721	0.2472	0.1284	48.9250	74.8000	
-0.1721	0.2475	0.1292	48.4750	74.8750	
-0.1722	0.2469	0.1267	49.6750	74.9250	
-0.1723	0.2472	0.1273	48.5000	75.1250	
-0.1722	0.2474	0.1285	49.2000	74.9250	
-0.1722	0.2473	0.1281	49.6500	74.9250	
-0.1723	0.2481	0.1308	47.5000	74.8500	
-0.1723	0.2479	0.1301	47.8250	74.7500	
-0.1723	0.2476	0.1286	48.9000	74.8750	
-0.1724	0.2479	0.1296	48.2500	74.9500	
-0.1724	0.2486	0.1324	47.2250	74.7000	
-0.1724	0.2480	0.1301	48.2250	74.7250	
-0.1725	0.2481	0.1303	48.0750	74.8750	
-0.1724	0.2485	0.1316	47.9750	74.9750	
-0.1724	0.2487	0.1328	47.5000	74.6750	
-0.1725	0.2483	0.1308	48.8500	74.9000	
-0.1726	0.2483	0.1301	49.7750	75.1250	
-0.1724	0.2497	0.1368	47.1250	74.4750	
-0.1727	0.2498	0.1358	47.1250	74.7000	
-0.1726	0.2480	0.1289	48.7250	75.2500	
-0.1726	0.2493	0.1345	48.8750	75.0750	
-0.1726	0.2496	0.1357	47.9500	74.6000	
-0.1727	0.2491	0.1330	47.8250	74.9000	
-0.1725	0.2493	0.1345	47.3500	74.6750	
-0.1726	0.2491	0.1331	48.6750	74.8000	
-0.1725	0.2495	0.1352	47.8000	75.0000	
-0.1726	0.2501	0.1376	46.7250	74.5000	
-0.1727	0.2490	0.1322	47.4250	75.0250	
-0.1727	0.2494	0.1340	47.8750	74.9000	
-0.1728	0.2502	0.1372	46.8750	74.7250	
-0.1728	0.2497	0.1349	47.5750	74.6000	
-0.1729	0.2494	0.1330	48.8250	74.9500	
-0.1729	0.2503	0.1371	48.1250	74.9500	
-0.1728	0.2503	0.1373	46.7250	74.9500	
-0.1728	0.2494	0.1334	47.8250	74.9750	
-0.1728	0.2503	0.1371	47.6000	74.9750	
-0.1727	0.2504	0.1380	46.9250	74.8500	
-0.1728	0.2497	0.1345	47.4000	75.2000	
-0.1729	0.2501	0.1360	47.0750	75.3500	
-0.1729	0.2499	0.1351	47.3000	75.3750	
-0.1729	0.2503	0.1369	47.9750	75.1000	
-0.1729	0.2507	0.1381	47.5000	75.4750	
-0.1729	0.2506	0.1379	47.8250	75.6000	
-0.1729	0.2511	0.1399	47.1250	75.6250	
-0.1728	0.2508	0.1390	48.2000	75.8500	
-0.1729	0.2517	0.1422	46.4750	75.9500	
-0.1729	0.2512	0.1403	47.1750	76.1000	
-0.1730	0.2509	0.1386	47.7000	76.2250	
-0.1730	0.2518	0.1423	46.9250	76.0750	
-0.1730	0.2518	0.1421	47.0500	76.0750	
-0.1731	0.2516	0.1409	47.2500	76.0750	
-0.1731	0.2519	0.1422	46.7500	75.9000	
-0.1731	0.2521	0.1429	46.8750	75.8250	
-0.1730	0.2517	0.1416	47.4250	75.7500	
-0.1731	0.2520	0.1425	46.8000	75.6750	
-0.1731	0.2518	0.1418	47.2500	75.7500	
-0.1731	0.2515	0.1406	47.5750	75.6250	
-0.1732	0.2523	0.1429	46.9000	75.3000	
-0.1733	0.2519	0.1413	47.3500	75.3750	
-0.1734	0.2516	0.1398	47.4000	75.6500	
-0.1733	0.2520	0.1413	47.6000	75.6500	
-0.1733	0.2523	0.1426	47.2500	75.7000	
-0.1733	0.2525	0.1434	47.0750	75.9000	
-0.1734	0.2523	0.1421	47.2750	76.1250	
-0.1734	0.2529	0.1447	46.9250	76.3000	
-0.1734	0.2537	0.1474	46.8000	76.4250	
-0.1735	0.2533	0.1459	46.8500	76.6000	
-0.1734	0.2536	0.1471	46.6500	76.5750	
-0.1734	0.2535	0.1467	46.7750	76.3750	
-0.1734	0.2534	0.1466	46.3500	75.9500	
-0.1735	0.2527	0.1432	47.2250	75.2500	
-0.1734	0.2534	0.1467	46.0500	74.3500	
-0.1735	0.2522	0.1411	47.5500	74.0000	
-0.1736	0.2518	0.1392	48.8250	74.0000	
-0.1736	0.2513	0.1371	48.1250	73.7250	
-0.1736	0.2518	0.1394	47.8500	73.4750	
-0.1737	0.2520	0.1399	47.5000	73.6500	
-0.1736	0.2518	0.1390	48.0500	74.1250	
-0.1737	0.2512	0.1364	49.8500	74.8000	
-0.1736	0.2522	0.1404	48.2500	75.0750	
-0.1738	0.2531	0.1435	46.8500	75.2250	
-0.1738	0.2530	0.1430	47.5250	75.9250	
-0.1738	0.2533	0.1439	47.4500	76.4000	
-0.1740	0.2543	0.1474	46.5750	76.4250	
-0.1739	0.2539	0.1461	47.1750	76.7250	
-0.1739	0.2544	0.1481	47.1000	76.9250	
-0.1742	0.2552	0.1499	46.3500	77.3000	
-0.1746	0.2559	0.1509	45.9000	78.6500	
-0.1752	0.2579	0.1553	44.3000	80.0500	
-0.1751	0.2576	0.1548	44.1250	81.6000	
-0.1729	0.2508	0.1387	50.7250	83.7750	
-0.1748	0.2451	0.1062	58.1000	85.1250	
-0.1786	0.2410	0.0707	60.5250	84.1000	
-0.1795	0.2372	0.0509	64.1500	81.4750	
-0.1747	0.2315	0.0526	67.2000	78.1750	
-0.1693	0.2292	0.0705	63.0750	74.3000	
-0.1688	0.2372	0.1046	57.8500	73.1500	
-0.1719	0.2509	0.1440	50.2250	73.5500	
-0.1777	0.2657	0.1741	39.3250	77.4000	
-0.1821	0.2745	0.1872	34.0000	81.2750	
-0.1816	0.2775	0.2020	31.5250	85.4500	
-0.1754	0.2680	0.1949	39.4500	87.9500	
-0.1691	0.2534	0.1679	51.9750	88.9000	
-0.1681	0.2444	0.1370	55.7000	88.9500	
-0.1721	0.2418	0.1069	60.5750	88.6000	
-0.1762	0.2413	0.0841	61.5000	87.4000	
-0.1797	0.2407	0.0644	62.2750	86.1000	
-0.1821	0.2399	0.0490	63.3000	83.2250	
-0.1827	0.2389	0.0422	62.5250	78.2250	
-0.1798	0.2368	0.0480	58.9750	73.3750	
-0.1736	0.2322	0.0607	54.6500	68.9250	
-0.1695	0.2303	0.0738	52.9500	66.5500	
-0.1687	0.2353	0.0977	52.0000	65.0000	
-0.1702	0.2438	0.1242	51.1750	65.2750	
-0.1725	0.2491	0.1340	46.9250	66.9750	
-0.1738	0.2507	0.1336	45.9500	69.2250	
-0.1742	0.2519	0.1368	45.8750	71.3500	
-0.1742	0.2537	0.1440	44.9000	71.9500	
-0.1742	0.2545	0.1473	44.7250	72.3000	
-0.1741	0.2548	0.1485	44.5750	72.5500	
-0.1742	0.2545	0.1473	44.5250	72.5250	
-0.1741	0.2536	0.1437	45.4000	73.0000	
-0.1741	0.2534	0.1429	45.5750	73.0250	
-0.1742	0.2541	0.1457	45.3000	73.0000	
-0.1742	0.2550	0.1490	44.1250	73.1000	
-0.1741	0.2543	0.1465	44.9250	73.3750	
-0.1741	0.2535	0.1433	45.6250	73.7250	
-0.1741	0.2540	0.1452	45.6000	73.6500	
-0.1741	0.2545	0.1471	45.3000	73.9250	
-0.1741	0.2539	0.1451	45.7000	73.9750	
-0.1742	0.2533	0.1424	46.4000	74.0000	
-0.1741	0.2534	0.1430	46.4750	73.9500	
-0.1741	0.2533	0.1428	46.2750	73.9000	
-0.1740	0.2519	0.1375	47.6500	74.0250	
-0.1741	0.2501	0.1302	48.9000	73.9000	
-0.1741	0.2500	0.1297	48.7500	73.7000	
-0.1741	0.2500	0.1297	48.8250	73.0000	
0.4074	50.3750	0.5656	50.0000	
0.3959	50.5750	0.5472	50.0000	
0.3850	50.5250	0.5290	50.0000	
0.3743	50.5000	0.5107	50.0000	
0.3637	50.2750	0.4918	50.0000	
0.3527	50.2500	0.4728	50.0000	
0.3418	49.8000	0.4532	50.0000	
0.3309	49.9000	0.4336	50.0000	
0.3204	50.0000	0.4142	50.0000	
0.3103	50.0000	0.3958	50.0000	
0.3011	50.0000	0.3780	50.0000	
0.2926	50.0000	0.3623	50.0000	
0.2855	50.0000	0.3480	50.0000	
0.2793	50.0000	0.3358	50.0000	
0.2743	50.0000	0.3255	50.0000	
0.2702	50.0000	0.3170	50.0000	
0.2668	50.0000	0.3102	50.0000	
0.2639	50.0000	0.3047	50.0000	
0.2615	50.0000	0.3004	50.0000	
0.2594	50.0000	0.2972	50.0000	
0.2577	50.0000	0.2946	50.0000	
0.2564	50.0000	0.2925	50.0000	
0.2552	50.0000	0.2910	50.0000	
0.2542	50.0000	0.2897	50.0000	
0.2534	50.0000	0.2885	50.0000	
0.2528	50.0000	0.2876	50.0000	
0.2523	50.0000	0.2866	50.0000	
0.2519	49.9750	0.2856	50.0000	
0.2516	50.0500	0.2846	52.0250	
0.2513	49.9250	0.2835	65.9000	
0.2511	49.7000	0.2824	71.2750	
0.2510	49.7250	0.2812	71.9500	
0.2508	49.6250	0.2798	70.7750	
0.2507	49.7000	0.2780	70.4750	
0.2506	49.9000	0.2757	70.1750	
0.2506	49.9000	0.2731	70.2750	
0.2505	49.8750	0.2701	70.0500	
0.2504	50.2000	0.2666	70.0000	
0.2504	50.3500	0.2628	69.7750	
0.2504	50.1750	0.2586	69.7250	
0.2503	50.1500	0.2542	69.8000	
0.2503	50.1000	0.2495	70.1250	
0.2503	50.1500	0.2446	70.5500	
0.2503	50.2000	0.2394	70.8000	
0.2502	50.1000	0.2341	71.0250	
0.2502	50.1750	0.2286	71.5750	
0.2502	50.1500	0.2231	72.2500	
0.2501	50.2750	0.2176	72.3750	
0.2501	50.0000	0.2121	72.8500	
0.2501	50.1500	0.2068	72.8000	
0.2501	50.3250	0.2016	72.8250	
0.2501	49.7250	0.1966	73.1750	
0.2500	49.9500	0.1919	73.4000	
0.2500	50.0250	0.1875	73.3500	
0.2500	51.1000	0.1835	73.6000	
0.2500	51.1500	0.1798	73.6750	
0.2500	50.4750	0.1766	73.6250	
0.2499	50.5000	0.1736	73.6250	
0.2499	51.1000	0.1708	73.6750	
0.2499	51.1750	0.1685	73.6000	
0.2500	50.2000	0.1666	74.0750	
0.2499	50.7500	0.1649	73.7500	
0.2499	51.3500	0.1635	74.0000	
0.2499	52.7500	0.1624	74.0500	
0.2499	53.7250	0.1616	74.1000	
0.2498	53.1000	0.1609	74.1000	
0.2499	50.3250	0.1604	74.1500	
0.2498	50.8250	0.1600	74.1250	
0.2498	52.3500	0.1597	74.1500	
0.2498	52.8000	0.1594	74.1250	
0.2498	53.6500	0.1592	74.1750	
0.2498	53.5750	0.1590	74.1750	
0.2498	53.3250	0.1589	74.2250	
0.2497	53.6250	0.1588	74.1500	
0.2497	53.3750	0.1587	74.2500	
0.2497	52.9750	0.1586	74.2000	
0.2497	52.8750	0.1586	74.2500	
0.2497	53.6750	0.1585	74.2500	
0.2497	54.0250	0.1585	74.2250	
0.2497	53.1750	0.1584	74.2750	
0.2497	53.1500	0.1584	74.2500	
0.2497	53.9500	0.1584	74.2500	
0.2497	54.1750	0.1583	74.2500	
0.2497	54.4250	0.1583	74.2000	
0.2496	53.7500	0.1583	74.2000	
0.2496	52.8750	0.1582	74.2250	
0.2496	53.3000	0.1582	74.3750	
0.2496	53.7750	0.1582	74.2500	
0.2496	53.7500	0.1582	74.1500	
0.2496	53.4750	0.1581	74.2500	
0.2496	53.4000	0.1581	74.1500	
0.2496	53.6750	0.1581	74.2500	
0.2496	53.6000	0.1581	74.2500	
0.2496	53.5000	0.1580	74.1750	
0.2496	54.1250	0.1580	74.2000	
0.2496	54.1000	0.1580	74.2250	
0.2496	53.7000	0.1580	74.2750	
0.2496	54.0250	0.1580	74.2250	
0.2496	54.1000	0.1580	74.2250	
0.2496	53.8250	0.1579	74.3250	
0.2496	54.4500	0.1579	74.2000	
0.2495	54.4500	0.1579	74.2000	
0.2496	53.8750	0.1579	74.2250	
0.2495	53.7750	0.1578	74.2500	
0.2495	54.7000	0.1577	74.1500	
0.2495	53.9250	0.1577	74.2000	
0.2496	54.4000	0.1576	74.2250	
0.2496	54.1250	0.1575	74.2000	
0.2495	54.4250	0.1573	74.1500	
0.2495	53.9500	0.1572	74.2250	
0.2495	54.0250	0.1570	74.2000	
0.2495	53.9750	0.1568	74.2000	
0.2495	54.3000	0.1566	74.1000	
0.2495	54.4500	0.1564	74.1500	
0.2495	54.5000	0.1562	74.0250	
0.2495	54.3250	0.1560	73.9750	
0.2495	54.5500	0.1557	73.8250	
0.2495	54.5000	0.1555	73.8250	
0.2495	54.8000	0.1553	73.7250	
0.2495	54.6000	0.1551	73.7250	
0.2495	54.6000	0.1548	73.7750	
0.2495	54.6750	0.1546	73.6750	
0.2495	54.1000	0.1544	73.7250	
0.2495	54.7500	0.1542	73.6250	
0.2495	54.7750	0.1540	73.6250	
0.2495	54.8250	0.1538	73.5250	
0.2495	54.8750	0.1536	73.6250	
0.2495	54.8000	0.1534	73.6250	
0.2495	54.4250	0.1532	73.6500	
0.2494	54.9250	0.1530	73.5250	
0.2494	54.8500	0.1528	73.4250	
0.2494	54.6250	0.1527	73.4500	
0.2494	54.7500	0.1525	73.4750	
0.2494	54.5250	0.1523	73.5250	
0.2495	54.7750	0.1521	73.3250	
0.2494	54.9500	0.1518	73.3500	
0.2495	54.5250	0.1516	73.2750	
0.2494	54.3750	0.1512	73.2500	
0.2494	54.8250	0.1510	73.1750	
0.2494	54.6000	0.1507	73.0750	
0.2494	54.3250	0.1505	72.9500	
0.2495	54.6750	0.1502	73.0250	
0.2494	54.6500	0.1500	72.9000	
0.2494	54.6750	0.1498	72.8250	
0.2494	54.8250	0.1496	72.8000	
0.2494	54.6750	0.1494	72.8250	
0.2494	54.7250	0.1493	72.7750	
0.2494	54.7000	0.1491	72.6250	
0.2494	54.7750	0.1490	72.8000	
0.2494	54.6750	0.1489	72.9000	
0.2494	54.8000	0.1488	72.8000	
0.2494	54.7500	0.1487	72.8750	
0.2494	54.6250	0.1486	72.8500	
0.2494	54.6750	0.1485	72.8250	
0.2494	54.7000	0.1485	72.6750	
0.2494	54.2500	0.1484	72.5750	
0.2494	54.0000	0.1483	72.6500	
0.2494	54.7750	0.1483	72.6500	
0.2494	54.6250	0.1482	72.7000	
0.2494	54.3000	0.1482	72.6500	
0.2494	54.8500	0.1482	72.6500	
0.2494	54.1000	0.1481	72.7750	
0.2494	54.6000	0.1481	72.7750	
0.2494	54.7750	0.1481	72.8250	
0.2494	54.8750	0.1481	72.7750	
0.2494	55.0500	0.1480	72.8000	
0.2494	54.9000	0.1480	72.9250	
0.2494	54.5750	0.1480	72.7750	
0.2494	54.7750	0.1479	72.9500	
0.2494	55.0250	0.1479	72.8500	
0.2494	54.4750	0.1480	72.8500	
0.2494	54.1500	0.1479	72.8750	
0.2494	55.0000	0.1479	72.8750	
0.2494	54.6750	0.1479	72.8500	
0.2494	54.3500	0.1479	72.8500	
0.2494	54.7500	0.1478	72.8250	
0.2494	54.8250	0.1478	72.8000	
0.2494	54.1500	0.1478	72.7000	
0.2493	54.7500	0.1478	72.7000	
0.2493	54.7500	0.1478	72.8250	
0.2494	54.2750	0.1478	72.7750	
0.2494	54.6000	0.1478	72.7750	
0.2494	54.8000	0.1478	72.4500	
0.2494	55.0250	0.1478	72.9250	
0.2493	55.0000	0.1478	72.6250	
0.2493	54.7250	0.1478	72.6750	
0.2493	54.7000	0.1477	72.6750	
0.2493	54.9000	0.1477	72.6250	
0.2493	54.6000	0.1477	72.7000	
0.2493	54.7750	0.1477	72.6750	
0.2493	54.8250	0.1477	72.7000	
0.2493	54.7500	0.1477	72.6250	
0.2494	54.8250	0.1477	72.6500	
0.2493	54.8750	0.1477	72.5750	
0.2493	54.7250	0.1477	72.5500	
0.2493	54.8500	0.1477	72.7750	
0.2493	54.8500	0.1477	72.3000	
0.2493	54.9250	0.1477	72.6500	
0.2493	54.8250	0.1477	72.5250	
0.2493	54.7750	0.1477	72.7250	
0.2493	54.9750	0.1476	72.5500	
0.2493	54.8000	0.1476	72.6250	
0.2493	54.7750	0.1476	72.5750	
0.2493	54.7750	0.1476	72.4750	
0.2493	55.0000	0.1476	72.5750	
0.2494	54.1750	0.1476	72.6750	
0.2493	55.1000	0.1476	72.4750	
0.2493	54.7500	0.1476	72.5750	
0.2493	54.8500	0.1476	72.4500	
0.2493	54.8500	0.1476	72.4750	
0.2493	54.9250	0.1476	72.6750	
0.2493	55.0500	0.1476	72.4000	
0.2493	54.8250	0.1476	72.5000	
0.2493	54.8000	0.1476	72.6250	
0.2493	55.0750	0.1475	72.3750	
0.2494	54.4500	0.1476	72.5750	
0.2493	54.8750	0.1475	72.5750	
0.2493	54.8500	0.1475	72.5000	
0.2493	54.8750	0.1475	72.3750	
0.2493	54.6500	0.1475	72.4750	
0.2493	54.5250	0.1475	72.5000	
0.2493	54.7250	0.1475	72.3500	
0.2493	54.5750	0.1475	72.6000	
0.2493	54.6250	0.1475	72.4500	
0.2493	54.9500	0.1475	72.3250	
0.2493	54.7000	0.1475	72.5750	
0.2493	54.8750	0.1475	72.5250	
0.2493	54.9000	0.1475	72.5000	
0.2493	54.9250	0.1475	72.4500	
0.2493	54.8500	0.1475	72.5000	
0.2493	54.8500	0.1475	72.5750	
0.2493	54.5500	0.1475	72.2250	
0.2493	54.7000	0.1474	72.7750	
0.2493	54.8250	0.1474	72.4250	
0.2493	54.8000	0.1475	72.6750	
0.2493	54.8750	0.1475	72.6500	
0.2493	54.9250	0.1474	72.1500	
0.2493	55.0000	0.1474	72.8500	
0.2493	54.7500	0.1474	72.5750	
0.2493	54.7000	0.1474	72.4000	
0.2493	54.9750	0.1474	72.5750	
0.2493	54.8500	0.1474	72.4250	
0.2493	54.7750	0.1474	72.6250	
0.2493	55.0000	0.1474	72.3250	
0.2493	54.9500	0.1474	72.5500	
0.2493	54.7250	0.1474	72.4750	
0.2493	54.7250	0.1474	72.5750	
0.2493	54.6250	0.1474	72.4750	
0.2493	54.8000	0.1473	72.3250	
0.2493	54.8250	0.1474	72.5000	
0.2493	54.7500	0.1474	72.5750	
0.2493	54.8750	0.1473	72.4500	
0.2493	54.9250	0.1474	72.5000	
0.2493	54.7000	0.1473	72.6000	
0.2493	54.4750	0.1473	72.4500	
0.2493	54.0000	0.1473	72.6000	
0.2493	54.8250	0.1473	72.4750	
0.2492	54.7250	0.1473	72.6000	
0.2493	54.5000	0.1473	72.5500	
0.2492	54.6000	0.1473	72.5000	
0.2492	54.9750	0.1473	72.4500	
0.2492	55.0000	0.1473	72.5000	
0.2492	54.9750	0.1473	72.4250	
0.2492	54.8250	0.1473	72.4750	
0.2492	54.8000	0.1473	72.6500	
0.2492	54.9000	0.1473	72.4500	
0.2492	54.7750	0.1472	72.5500	
0.2492	54.8750	0.1472	72.5500	
0.2492	54.8250	0.1472	72.4750	
0.2492	54.9500	0.1472	72.3250	
0.2492	54.9000	0.1472	72.5000	
0.2492	54.5250	0.1472	72.4500	
0.2492	54.6500	0.1472	72.5000	
0.2492	54.8750	0.1472	72.5250	
0.2492	54.8000	0.1472	72.6500	
0.2492	54.8500	0.1472	72.2750	
0.2492	54.9500	0.1472	72.7250	
0.2492	55.0000	0.1472	72.4500	
0.2492	54.6250	0.1472	72.6250	
0.2492	54.8250	0.1471	72.6750	
0.2492	54.6750	0.1472	72.4750	
0.2492	54.7750	0.1471	72.5500	
0.2492	54.8250	0.1471	72.5500	
0.2492	55.0000	0.1471	72.5000	
0.2492	54.8750	0.1471	72.6000	
0.2492	54.8250	0.1471	72.5500	
0.2492	54.8500	0.1471	72.5250	
0.2492	55.0750	0.1471	72.5000	
0.2493	54.6750	0.1471	72.3000	
0.2492	54.6250	0.1471	72.7250	
0.2492	54.9000	0.1471	72.5000	
0.2492	55.0500	0.1471	72.6000	
0.2492	55.0250	0.1470	72.5000	
0.2492	54.7750	0.1471	72.5750	
0.2492	54.4250	0.1471	72.5000	
0.2492	54.4750	0.1471	72.5750	
0.2492	54.9250	0.1470	72.5750	
0.2492	55.1000	0.1470	72.4750	
0.2492	54.8750	0.1471	72.5750	
0.2492	54.4250	0.1470	72.7250	
0.2492	54.9750	0.1471	72.4500	
0.2492	55.1000	0.1470	72.4750	
0.2492	54.8000	0.1470	72.7000	
0.2492	54.9000	0.1470	72.4500	
0.2492	54.6750	0.1470	72.5500	
0.2492	54.8750	0.1470	72.4500	
0.2492	54.9250	0.1470	72.5500	
0.2492	55.0000	0.1470	72.5750	
0.2492	55.0000	0.1469	72.5000	
0.2492	54.7750	0.1469	72.5750	
0.2492	54.5750	0.1469	72.4500	
0.2492	54.7750	0.1469	72.6750	
0.2492	54.9250	0.1469	72.5250	
0.2492	55.1500	0.1469	72.6000	
0.2492	54.6500	0.1469	72.6750	
0.2492	54.3750	0.1469	72.5500	
0.2492	55.2500	0.1469	72.6500	
0.2492	55.0500	0.1469	72.3500	
0.2493	54.3250	0.1469	72.8500	
0.2492	54.6500	0.1469	72.5250	
0.2492	54.9750	0.1469	72.5000	
0.2492	54.9000	0.1469	72.4750	
0.2492	54.5250	0.1469	72.5500	
0.2492	54.6000	0.1469	72.7000	
0.2492	55.1250	0.1468	72.5000	
0.2492	54.9250	0.1468	72.5500	
0.2492	54.6250	0.1469	72.7000	
0.2492	54.7250	0.1468	72.5750	
0.2492	54.7750	0.1468	72.8000	
0.2492	54.9500	0.1468	72.4500	
0.2492	54.9750	0.1468	72.6750	
0.2492	54.9750	0.1468	72.5500	
0.2492	54.9250	0.1468	72.4750	
0.2491	54.6750	0.1468	72.7250	
0.2492	54.6250	0.1467	72.4750	
0.2492	54.8500	0.1467	72.6750	
0.2492	54.6250	0.1467	72.6000	
0.2491	55.0750	0.1467	72.5500	
0.2492	54.8250	0.1467	72.5250	
0.2492	54.7000	0.1467	72.6500	
0.2492	55.0000	0.1467	72.5500	
0.2492	54.6250	0.1467	72.6250	
0.2491	54.5000	0.1467	72.6750	
0.2492	54.9250	0.1467	72.4750	
0.2492	55.0750	0.1466	72.7250	
0.2492	54.8750	0.1467	72.6000	
0.2491	54.7500	0.1467	72.7250	
0.2492	54.5250	0.1466	72.3500	
0.2491	54.6250	0.1466	72.6750	
0.2491	54.7500	0.1466	72.6250	
0.2492	54.4000	0.1466	72.5750	
0.2491	54.9250	0.1466	72.7000	
0.2491	55.1250	0.1466	72.5500	
0.2491	55.0250	0.1466	72.7750	
0.2491	55.0000	0.1466	72.4500	
0.2491	54.8250	0.1466	72.5250	
0.2491	54.7500	0.1466	72.5250	
0.2492	54.9000	0.1465	72.6500	
0.2491	55.1000	0.1465	72.6250	
0.2491	54.8500	0.1465	72.6000	
0.2491	54.5500	0.1465	72.6000	
0.2491	54.6000	0.1465	72.6250	
0.2491	54.8000	0.1465	72.6250	
0.2491	54.9250	0.1465	72.6000	
0.2491	54.8250	0.1465	72.6250	
0.2491	54.7250	0.1464	72.6000	
0.2491	54.7000	0.1464	72.8000	
0.2491	54.6250	0.1464	72.5250	
0.2491	54.9500	0.1464	72.6750	
0.2492	54.7250	0.1465	72.5500	
0.2491	54.9250	0.1464	72.6750	
0.2491	54.9750	0.1464	72.6250	
0.2491	54.9500	0.1464	72.6000	
0.2491	54.6250	0.1464	72.5750	
0.2491	54.5000	0.1464	72.5750	
0.2491	54.6750	0.1464	72.7500	
0.2491	54.9500	0.1464	72.3000	
0.2491	54.7000	0.1464	72.8500	
0.2491	54.6750	0.1463	72.7500	
0.2491	54.8000	0.1463	72.5500	
0.2492	54.8250	0.1463	72.6750	
0.2491	54.9000	0.1464	72.7000	
0.2491	54.8250	0.1463	72.4000	
0.2491	54.8500	0.1463	72.7250	
0.2491	54.7250	0.1463	72.5500	
0.2491	54.8000	0.1463	72.7250	
0.2491	54.8750	0.1463	72.5250	
0.2491	54.8250	0.1463	72.7250	
0.2491	54.8500	0.1462	72.7000	
0.2491	54.8250	0.1462	72.5750	
0.2491	54.8500	0.1462	72.6500	
0.2491	54.9000	0.1462	72.5500	
0.2491	54.8250	0.1462	72.6000	
0.2491	54.3750	0.1462	72.6000	
0.2491	53.1000	0.1462	72.8750	
0.2491	53.5500	0.1461	72.6000	
0.2491	54.1250	0.1462	72.7250	
0.2491	53.9500	0.1461	72.6000	
0.2491	53.8500	0.1461	72.7500	
0.2491	53.9250	0.1461	72.6250	
0.2491	53.7250	0.1461	72.6250	
0.2491	53.8000	0.1461	72.5500	
0.2490	53.7500	0.1461	72.6750	
0.2491	53.7000	0.1461	72.5250	
0.2491	53.6000	0.1460	72.7250	
0.2491	53.6500	0.1460	72.7250	
0.2491	54.0750	0.1460	72.5250	
0.2490	53.9000	0.1460	72.6250	
0.2490	53.8750	0.1460	72.6750	
0.2490	53.6000	0.1460	72.6250	
0.2491	53.4500	0.1460	72.7000	
0.2490	53.8000	0.1460	72.6750	
0.2490	53.8750	0.1460	72.6000	
0.2490	53.9000	0.1459	72.6250	
0.2490	53.6750	0.1459	72.6500	
0.2491	53.7250	0.1459	72.7500	
0.2491	53.4500	0.1459	72.6000	
0.2490	53.8250	0.1459	72.6500	
0.2490	53.7500	0.1459	72.8500	
0.2490	53.8000	0.1459	72.5750	
0.2491	53.4000	0.1458	72.6500	
0.2490	53.4000	0.1459	72.6000	
0.2490	53.4000	0.1459	72.6750	
0.2490	54.0250	0.1458	72.7250	
0.2490	53.7750	0.1458	72.7750	
0.2490	54.0500	0.1458	72.4750	
0.2490	53.9750	0.1458	72.6500	
0.2490	53.2250	0.1458	72.7000	
0.2490	53.6500	0.1457	72.5000	
0.2490	53.2250	0.1457	72.8000	
0.2490	52.8500	0.1457	72.7250	
0.2490	54.3750	0.1457	72.7000	
0.2490	53.9750	0.1458	72.6500	
0.2490	52.8500	0.1457	72.7250	
0.2490	53.3500	0.1457	72.6250	
0.2490	53.5250	0.1456	72.7750	
0.2490	53.3000	0.1457	72.6000	
0.2490	54.3500	0.1456	72.7250	
0.2490	53.3250	0.1456	72.8250	
0.2490	52.5000	0.1456	72.5500	
0.2490	51.8750	0.1457	72.8250	
0.2491	52.2750	0.1456	72.7750	
0.2490	54.5000	0.1456	72.6250	
0.2490	54.9000	0.1455	72.6250	
0.2490	52.5000	0.1455	72.7500	
0.2490	51.9500	0.1455	72.6500	
0.2490	53.3500	0.1455	72.7000	
0.2490	53.1500	0.1455	72.5500	
0.2490	54.0750	0.1455	72.8500	
0.2490	53.5000	0.1455	72.6500	
0.2490	53.3250	0.1454	72.6500	
0.2490	52.6500	0.1454	72.6000	
0.2490	52.0750	0.1456	72.6000	
0.2490	52.3000	0.1455	72.8250	
0.2490	53.5250	0.1454	72.5750	
0.2490	53.3750	0.1454	72.7500	
0.2490	52.9750	0.1454	72.6000	
0.2489	50.6000	0.1453	72.6250	
0.2489	51.1750	0.1453	72.7250	
0.2490	54.1250	0.1453	72.6250	
0.2489	54.3500	0.1453	72.8000	
0.2489	53.3500	0.1453	72.6000	
0.2489	51.4000	0.1453	72.7000	
0.2490	51.4500	0.1453	72.6750	
0.2489	53.7500	0.1453	72.6500	
0.2490	53.9250	0.1454	72.6000	
0.2489	52.8500	0.1452	72.6250	
0.2489	51.7000	0.1452	72.6750	
0.2489	51.2000	0.1452	72.6500	
0.2489	52.7000	0.1452	72.6500	
0.2489	54.5500	0.1452	72.6500	
0.2489	51.9000	0.1452	72.6750	
0.2489	50.9750	0.1451	72.7000	
0.2489	53.6500	0.1451	72.6000	
0.2489	53.9750	0.1452	72.8000	
0.2489	52.1000	0.1451	72.6750	
0.2489	51.0500	0.1451	72.8500	
0.2489	53.3250	0.1451	72.6750	
0.2489	54.4000	0.1451	72.6500	
0.2489	53.4250	0.1450	72.6000	
0.2489	50.9750	0.1451	72.7500	
0.2489	51.3000	0.1450	72.7750	
0.2489	51.9750	0.1450	72.7750	
0.2489	52.0000	0.1450	72.8250	
0.2489	51.5000	0.1449	72.6750	
0.2489	52.4000	0.1449	72.7500	
0.2489	53.6750	0.1449	72.7750	
0.2489	52.7750	0.1449	72.6250	
0.2489	51.3750	0.1449	72.6000	
0.2489	51.1000	0.1448	72.7750	
0.2489	52.1250	0.1449	72.5750	
0.2489	54.4500	0.1449	72.6250	
0.2489	53.7750	0.1448	72.7500	
0.2489	51.3750	0.1448	72.6500	
0.2489	51.1250	0.1448	72.6500	
0.2489	51.9750	0.1447	72.6500	
0.2489	52.1000	0.1447	72.6750	
0.2489	51.2250	0.1447	72.7750	
0.2490	51.1000	0.1449	72.6250	
0.2489	53.0750	0.1447	72.8250	
0.2489	52.4750	0.1447	72.7250	
0.2489	51.8750	0.1446	72.7250	
0.2489	51.0750	0.1447	72.8500	
0.2489	50.5000	0.1446	72.6250	
0.2489	51.4250	0.1448	72.7750	
0.2489	51.8000	0.1446	72.6750	
0.2489	51.9000	0.1446	72.8250	
0.2489	52.0000	0.1445	72.6750	
0.2489	50.7500	0.1446	72.6750	
0.2489	51.0750	0.1446	72.6750	
0.2489	53.4500	0.1445	72.6750	
0.2489	51.9250	0.1445	72.6750	
0.2489	50.6250	0.1445	72.7750	
0.2489	51.8750	0.1444	72.6500	
0.2489	51.7000	0.1444	72.8000	
0.2489	50.3500	0.1444	72.7250	
0.2489	50.0750	0.1444	72.8250	
0.2489	50.6500	0.1444	72.7250	
0.2489	51.3000	0.1443	72.7250	
0.2489	53.0500	0.1443	72.7250	
0.2489	51.3750	0.1443	72.7000	
0.2489	50.4500	0.1443	72.7250	
0.2489	50.7500	0.1443	72.7500	
0.2489	52.8500	0.1443	72.6750	
0.2489	52.4000	0.1443	72.6750	
0.2489	50.7750	0.1442	72.7250	
0.2489	50.7500	0.1443	72.7000	
0.2489	50.8500	0.1442	72.7750	
0.2489	51.3000	0.1442	72.8000	
0.2489	50.9500	0.1441	72.7000	
0.2489	50.3250	0.1441	72.7750	
0.2489	50.7500	0.1441	72.7250	
0.2489	50.7750	0.1441	72.7000	
0.2489	50.4500	0.1441	72.7250	
0.2489	50.8500	0.1440	72.8250	
0.2489	51.1250	0.1440	72.7000	
0.2489	50.3750	0.1440	72.8000	
0.2489	50.3000	0.1440	72.7250	
0.2489	50.6750	0.1440	72.7750	
0.2489	50.9750	0.1440	72.8000	
0.2489	51.7500	0.1440	72.7500	
0.2489	51.6000	0.1439	72.7500	
0.2489	51.3250	0.1439	72.8000	
0.2489	50.4500	0.1439	72.7500	
0.2489	50.8750	0.1439	72.7750	
0.2488	50.7750	0.1438	72.7250	
0.2489	50.0250	0.1438	72.8000	
0.2488	49.6500	0.1438	72.8250	
0.2488	50.8500	0.1438	72.8000	
0.2489	50.5250	0.1438	72.6500	
0.2489	50.3250	0.1437	72.7750	
0.2489	50.9000	0.1437	72.7500	
0.2488	50.7000	0.1437	72.8000	
0.2488	50.2000	0.1436	72.6500	
0.2488	50.7250	0.1437	72.7750	
0.2488	50.9750	0.1436	72.6250	
0.2488	50.6250	0.1436	72.7750	
0.2489	50.0750	0.1436	72.7250	
0.2489	50.6750	0.1436	72.7500	
0.2488	51.2000	0.1435	72.8000	
0.2489	50.7500	0.1435	72.7500	
0.2488	50.7750	0.1435	72.7500	
0.2488	50.9000	0.1435	72.8500	
0.2488	50.9750	0.1434	72.7000	
0.2488	50.4000	0.1434	72.7500	
0.2489	50.3000	0.1434	72.7750	
0.2488	49.7000	0.1434	72.8250	
0.2488	50.0500	0.1434	72.7000	
0.2488	50.4500	0.1433	72.7250	
0.2488	51.3500	0.1434	72.7750	
0.2489	51.9500	0.1433	72.7750	
0.2488	50.9750	0.1433	72.7750	
0.2488	49.9750	0.1433	72.7000	
0.2488	49.9750	0.1432	72.7750	
0.2488	51.6500	0.1432	72.6500	
0.2488	51.4750	0.1432	72.7500	
0.2488	50.5000	0.1432	72.8750	
0.2489	50.0750	0.1432	72.6750	
0.2488	50.3250	0.1431	72.7500	
0.2488	50.0750	0.1431	72.7000	
0.2488	50.4500	0.1431	72.6250	
0.2488	50.6000	0.1431	72.7750	
0.2488	50.3500	0.1430	72.7250	
0.2488	50.5750	0.1430	72.8750	
0.2489	50.5250	0.1431	72.7500	
0.2488	50.8500	0.1430	72.7500	
0.2489	51.3750	0.1430	72.7750	
0.2488	50.5250	0.1429	72.6750	
0.2488	50.0750	0.1429	72.7250	
0.2488	49.9000	0.1429	72.7000	
0.2488	50.5500	0.1428	72.8250	
0.2488	50.7000	0.1429	72.6750	
0.2488	51.0250	0.1428	72.8250	
0.2488	50.9500	0.1428	72.7250	
0.2488	50.2750	0.1427	72.8250	
0.2488	49.9250	0.1427	72.6750	
0.2488	50.4250	0.1427	72.7250	
0.2488	50.3750	0.1427	72.7750	
0.2488	49.8250	0.1427	72.7000	
0.2488	49.9000	0.1427	72.7500	
0.2488	50.3000	0.1426	72.8000	
0.2488	50.6250	0.1426	72.7000	
0.2488	50.6250	0.1425	72.7000	
0.2488	50.5000	0.1425	72.7750	
0.2488	50.5750	0.1425	72.7000	
0.2488	50.4500	0.1425	72.8250	
0.2488	50.2250	0.1425	72.7500	
0.2488	50.5750	0.1424	72.7250	
0.2488	50.4500	0.1424	72.7500	
0.2488	50.4000	0.1424	72.7750	
0.2488	50.0250	0.1424	72.7250	
0.2488	50.3000	0.1423	72.7250	
0.2488	50.6750	0.1423	72.8000	
0.2488	50.2750	0.1423	72.7500	
0.2488	49.6750	0.1423	72.6000	
0.2488	49.9250	0.1423	72.8250	
0.2488	50.1500	0.1422	72.7500	
0.2488	50.4500	0.1422	72.7750	
0.2488	50.3250	0.1422	72.7000	
0.2488	49.9500	0.1422	72.7500	
0.2488	49.7500	0.1421	72.6750	
0.2488	50.0250	0.1421	72.7500	
0.2488	50.6250	0.1421	72.7250	
0.2488	50.8250	0.1420	72.7250	
0.2489	50.6000	0.1421	72.7250	
0.2488	50.3750	0.1420	72.7000	
0.2488	49.5250	0.1420	72.7000	
0.2488	50.0500	0.1419	72.7250	
0.2488	50.6250	0.1419	72.7500	
0.2488	50.6000	0.1419	72.7000	
0.2488	50.8000	0.1419	72.7250	
0.2488	50.1250	0.1420	72.6750	
0.2488	49.7750	0.1419	72.6750	
0.2488	49.7500	0.1419	72.5500	
0.2488	49.7250	0.1418	72.7500	
0.2488	49.7000	0.1418	72.6000	
0.2488	50.3000	0.1417	72.8000	
0.2488	50.7000	0.1417	72.7500	
0.2488	50.5250	0.1417	72.7000	
0.2488	50.5750	0.1417	72.8000	
0.2488	50.2750	0.1416	72.6250	
0.2488	50.0750	0.1416	72.7500	
0.2488	50.6250	0.1416	72.7250	
0.2488	50.4000	0.1415	72.7250	
0.2488	50.0000	0.1415	72.7500	
0.2488	50.1000	0.1415	72.6250	
0.2488	49.8500	0.1415	72.7250	
0.2488	50.0250	0.1415	72.6500	
0.2488	50.0750	0.1414	72.6000	
0.2488	50.5250	0.1414	72.6500	
0.2488	50.2000	0.1414	72.7000	
0.2488	49.7500	0.1413	72.6250	
0.2488	50.5000	0.1413	72.7250	
0.2488	50.3000	0.1413	72.7500	
0.2488	50.1250	0.1413	72.7500	
0.2488	49.7250	0.1413	72.6500	
0.2488	50.1000	0.1412	72.7500	
0.2488	50.7500	0.1412	72.7000	
0.2488	50.4250	0.1412	72.6750	
0.2488	50.1000	0.1412	72.6750	
0.2488	49.9500	0.1412	72.7000	
0.2488	50.0750	0.1411	72.7000	
0.2488	50.6500	0.1411	72.7500	
0.2488	50.0250	0.1410	72.6500	
0.2488	49.9750	0.1411	72.6750	
0.2488	49.9750	0.1412	72.8000	
0.2488	50.5000	0.1409	72.6000	
0.2488	50.5500	0.1410	72.8000	
0.2488	50.2750	0.1410	72.7000	
0.2488	50.6750	0.1410	72.6500	
0.2488	50.3750	0.1409	72.7250	
0.2488	50.4750	0.1408	72.7000	
0.2488	50.1500	0.1408	72.6500	
0.2488	50.2750	0.1408	72.7000	
0.2488	50.0000	0.1407	72.7750	
0.2488	50.2750	0.1407	72.6750	
0.2488	49.9000	0.1408	72.7000	
0.2488	50.2500	0.1406	72.7250	
0.2488	50.2250	0.1407	72.6500	
0.2488	49.9500	0.1408	72.7000	
0.2488	50.0750	0.1406	72.7250	
0.2488	50.4750	0.1406	72.6500	
0.2488	50.6250	0.1406	72.6750	
0.2488	50.6250	0.1406	72.7250	
0.2488	50.3750	0.1405	72.6500	
0.2488	49.6500	0.1405	72.6500	
0.2488	49.7750	0.1405	72.7500	
0.2488	49.9750	0.1405	72.6500	
0.2488	50.4750	0.1404	72.6750	
0.2488	50.7750	0.1404	72.6250	
0.2488	50.2500	0.1403	72.7000	
0.2488	49.8250	0.1403	72.6500	
0.2488	49.8000	0.1403	72.7500	
0.2488	49.8250	0.1402	72.5750	
0.2488	50.2750	0.1403	72.7750	
0.2488	50.6500	0.1402	72.7750	
0.2488	50.6000	0.1402	72.7000	
0.2488	50.5250	0.1401	72.7250	
0.2488	50.4000	0.1401	72.6000	
0.2487	50.2500	0.1401	72.7250	
0.2488	49.8500	0.1401	72.5500	
0.2487	49.9000	0.1401	72.7250	
0.2488	50.2250	0.1401	72.7250	
0.2488	49.9250	0.1401	72.6500	
0.2488	49.9250	0.1401	72.3750	
0.2488	50.6750	0.1400	72.8000	
0.2488	50.8750	0.1399	72.6000	
0.2487	50.5250	0.1399	72.6250	
0.2488	50.2500	0.1399	72.7750	
0.2487	49.9500	0.1398	72.6000	
0.2488	49.7500	0.1398	72.7000	
0.2487	50.0000	0.1398	72.6500	
0.2487	50.6250	0.1398	72.8000	
0.2487	50.8500	0.1397	72.6250	
0.2488	50.7750	0.1397	72.7250	
0.2488	50.6000	0.1397	72.7250	
0.2487	50.7500	0.1397	72.6250	
0.2488	50.1000	0.1396	72.7000	
0.2487	49.8500	0.1398	72.5250	
0.2488	50.0500	0.1397	72.6500	
0.2487	49.9500	0.1395	72.6250	
0.2487	50.4000	0.1395	72.7500	
0.2487	50.6000	0.1395	72.6250	
0.2487	50.5750	0.1395	72.7000	
0.2487	50.7000	0.1394	72.5500	
0.2487	50.2750	0.1394	72.7000	
0.2487	50.1500	0.1394	72.6750	
0.2488	50.2500	0.1394	72.6000	
0.2487	50.7000	0.1393	72.7500	
0.2487	50.4500	0.1393	72.5250	
0.2488	50.1000	0.1393	72.8000	
0.2487	49.8250	0.1392	72.6000	
0.2487	50.1500	0.1392	72.7750	
0.2487	50.2750	0.1392	72.5750	
0.2487	50.1750	0.1392	72.6500	
0.2487	50.3750	0.1391	72.6750	
0.2487	50.2750	0.1391	72.6250	
0.2487	50.2250	0.1391	72.7000	
0.2487	50.1250	0.1391	72.7000	
0.2487	49.7250	0.1390	72.6500	
0.2487	50.0000	0.1390	72.6500	
0.2487	50.1250	0.1392	72.4750	
0.2487	50.6000	0.1390	72.9000	
0.2487	50.5500	0.1391	72.5000	
0.2487	50.2500	0.1390	72.8750	
0.2488	50.7000	0.1389	72.5500	
0.2487	50.5750	0.1388	72.6750	
0.2487	50.7250	0.1388	72.7250	
0.2487	50.8500	0.1388	72.6500	
0.2487	50.6500	0.1388	72.5750	
0.2487	50.3500	0.1388	72.6500	
0.2488	49.6500	0.1388	72.6500	
0.2487	50.2750	0.1387	72.6000	
0.2487	50.4500	0.1387	72.7000	
0.2488	50.1000	0.1388	72.7500	
0.2487	50.0750	0.1386	72.5500	
0.2487	50.4000	0.1387	72.7000	
0.2487	50.4750	0.1386	72.7250	
0.2487	50.6500	0.1387	72.6250	
0.2487	50.2500	0.1386	72.8000	
0.2487	50.3750	0.1386	72.5000	
0.2487	50.3250	0.1385	72.7500	
0.2487	50.4000	0.1385	72.6250	
0.2487	50.4000	0.1384	72.6250	
0.2487	50.5000	0.1384	72.6750	
0.2487	50.1000	0.1385	72.6500	
0.2487	50.5500	0.1383	72.6000	
0.2487	50.8250	0.1384	72.6250	
0.2487	50.6750	0.1382	72.7000	
0.2487	49.8250	0.1383	72.6750	
0.2487	49.8500	0.1382	72.5250	
0.2487	50.0750	0.1382	72.6750	
0.2487	50.2750	0.1382	72.5250	
0.2487	50.4750	0.1382	72.8000	
0.2487	50.6000	0.1382	72.5250	
0.2487	50.5500	0.1381	72.7000	
0.2487	50.6000	0.1381	72.6000	
0.2487	50.5500	0.1381	72.5500	
0.2487	50.0750	0.1381	72.6750	
0.2487	50.4250	0.1380	72.6750	
0.2487	50.2250	0.1381	72.6000	
0.2487	50.6750	0.1380	72.6500	
0.2487	50.3500	0.1380	72.6500	
0.2487	50.2250	0.1379	72.6000	
0.2487	50.7500	0.1379	72.7500	
0.2487	50.6500	0.1379	72.6250	
0.2487	50.6250	0.1378	72.6500	
0.2487	50.6500	0.1378	72.6250	
0.2487	50.4000	0.1378	72.6250	
0.2487	49.9750	0.1378	72.6500	
0.2487	50.1250	0.1378	72.6000	
0.2487	49.7750	0.1378	72.6500	
0.2487	49.8250	0.1377	72.5500	
0.2487	50.4250	0.1377	72.6750	
0.2488	50.7250	0.1378	72.6250	
0.2487	50.5750	0.1378	72.7500	
0.2487	50.6250	0.1376	72.5750	
0.2487	50.6000	0.1379	72.6750	
0.2487	50.1250	0.1378	72.8500	
0.2487	49.6250	0.1376	72.4250	
0.2487	50.0250	0.1376	72.7500	
0.2487	50.3750	0.1375	72.5250	
0.2487	50.5750	0.1375	72.5750	
0.2487	50.6500	0.1375	72.5000	
0.2487	50.7000	0.1374	72.6500	
0.2487	50.6750	0.1374	72.5500	
0.2487	50.3750	0.1374	72.6250	
0.2487	50.5500	0.1374	72.6750	
0.2487	50.3500	0.1374	72.6500	
0.2487	50.6250	0.1373	72.6250	
0.2487	50.7500	0.1374	72.6000	
0.2487	50.6000	0.1373	72.6250	
0.2487	50.7000	0.1373	72.7500	
0.2487	50.5250	0.1373	72.5750	
0.2487	50.4000	0.1373	72.6500	
0.2487	50.4000	0.1372	72.5750	
0.2488	50.5250	0.1372	72.7500	
0.2487	50.6500	0.1371	72.6750	
0.2487	50.8250	0.1371	72.6500	
0.2487	50.2000	0.1371	72.6500	
0.2487	50.3250	0.1371	72.6500	
0.2487	50.3500	0.1371	72.6250	
0.2487	50.4250	0.1371	72.6500	
0.2487	50.3500	0.1371	72.7000	
0.2487	50.3250	0.1370	72.6250	
0.2487	50.4500	0.1370	72.5750	
0.2487	50.7750	0.1369	72.6500	
0.2487	50.6250	0.1369	72.6500	
0.2487	50.7500	0.1369	72.6750	
0.2487	50.5750	0.1369	72.5750	
0.2487	50.5250	0.1369	72.6000	
0.2487	50.1750	0.1368	72.7000	
0.2487	49.6250	0.1368	72.5250	
0.2487	49.9000	0.1368	72.7250	
0.2487	50.3250	0.1367	72.6500	
0.2487	50.6500	0.1368	72.5500	
0.2487	50.7250	0.1367	72.6250	
0.2487	50.6000	0.1367	72.6250	
0.2487	50.6750	0.1367	72.6000	
0.2487	50.8250	0.1367	72.6500	
0.2487	50.6000	0.1367	72.6000	
0.2487	50.5250	0.1367	72.7000	
0.2487	50.3000	0.1367	72.5250	
0.2487	50.4000	0.1366	72.7250	
0.2487	50.2250	0.1366	72.6750	
0.2487	50.4500	0.1366	72.5750	
0.2487	50.5500	0.1365	72.5500	
0.2487	50.5500	0.1365	72.6500	
0.2487	50.6250	0.1365	72.5500	
0.2487	50.5250	0.1365	72.7750	
0.2487	50.8250	0.1366	72.5250	
0.2487	50.7750	0.1364	72.7500	
0.2487	50.6000	0.1365	72.8000	
0.2487	50.4250	0.1365	72.5750	
0.2487	50.1500	0.1364	72.9250	
0.2487	50.5500	0.1364	72.5500	
0.2487	50.9500	0.1363	72.6750	
0.2487	50.4000	0.1363	72.7500	
0.2487	50.4000	0.1363	72.5500	
0.2487	50.3750	0.1362	72.7750	
0.2488	49.5000	0.1363	72.7000	
0.2487	49.8750	0.1362	72.6000	
0.2487	50.6500	0.1362	72.7500	
0.2487	50.5000	0.1362	72.6250	
0.2487	50.4250	0.1362	72.4750	
0.2487	50.4750	0.1362	72.6750	
0.2487	50.7250	0.1361	72.5250	
0.2487	50.8500	0.1361	72.6250	
0.2487	50.7250	0.1361	72.7750	
0.2487	50.8000	0.1361	72.6000	
0.2487	50.8000	0.1360	72.6000	
0.2487	50.7500	0.1360	72.6000	
0.2487	50.9250	0.1360	72.6250	
0.2487	50.6500	0.1360	72.5500	
0.2487	50.2500	0.1361	72.7000	
0.2487	50.3500	0.1359	72.5500	
0.2487	50.6500	0.1359	72.8500	
0.2487	50.4000	0.1359	72.6500	
0.2487	50.5000	0.1359	72.6750	
0.2487	50.6000	0.1359	72.5750	
0.2487	50.6750	0.1358	72.6000	
0.2487	50.8500	0.1359	72.6500	
0.2487	50.8500	0.1358	72.5250	
0.2487	50.4500	0.1358	72.6750	
0.2487	50.4250	0.1358	72.6750	
0.2487	50.4000	0.1357	72.6000	
0.2487	50.5000	0.1357	72.7000	
0.2487	50.6000	0.1357	72.5750	
0.2487	50.6500	0.1357	72.6500	
0.2487	50.8250	0.1358	72.6000	
0.2487	50.7000	0.1357	72.7000	
0.2487	50.6500	0.1356	72.5750	
0.2487	50.2250	0.1356	72.5750	
0.2487	50.4000	0.1357	72.7000	
0.2487	50.6250	0.1356	72.5000	
0.2487	50.6000	0.1355	72.7750	
0.2487	50.1000	0.1356	72.7500	
0.2487	50.3250	0.1356	72.5500	
0.2487	50.6000	0.1356	72.6500	
0.2487	50.5000	0.1356	72.7500	
0.2487	50.6000	0.1356	72.6000	
0.2487	50.7750	0.1354	72.8000	
0.2487	50.4250	0.1356	72.6750	
0.2487	50.5000	0.1356	72.4750	
0.2487	50.6000	0.1354	72.8250	
0.2487	50.4750	0.1354	72.6000	
0.2487	50.6750	0.1353	72.6250	
0.2487	50.9750	0.1354	72.5750	
0.2487	50.6750	0.1353	72.7250	
0.2487	50.6750	0.1354	72.6500	
0.2487	50.6250	0.1354	72.6500	
0.2487	50.4500	0.1353	72.7500	
0.2487	50.6250	0.1353	72.6250	
0.2487	50.4250	0.1353	72.6000	
0.2487	50.3500	0.1353	72.6500	
0.2487	50.6000	0.1352	72.6500	
0.2487	50.6500	0.1352	72.6000	
0.2487	50.7750	0.1352	72.6750	
0.2487	50.6500	0.1352	72.6250	
0.2487	50.5500	0.1351	72.5750	
0.2487	50.6000	0.1352	72.8750	
0.2487	50.5250	0.1351	72.5250	
0.2487	50.7250	0.1351	72.7250	
0.2487	50.4250	0.1351	72.7000	
0.2487	50.4750	0.1351	72.6000	
0.2487	50.6750	0.1351	72.6500	
0.2487	50.8250	0.1350	72.7500	
0.2487	50.6500	0.1350	72.6000	
0.2487	50.7500	0.1350	72.8000	
0.2487	50.6000	0.1350	72.6500	
0.2487	50.4750	0.1350	72.6000	
0.2487	50.4250	0.1349	72.7000	
0.2487	50.5750	0.1350	72.5750	
0.2487	50.6750	0.1349	72.7500	
0.2487	50.6000	0.1350	72.5750	
0.2487	50.8250	0.1350	72.8000	
0.2487	50.7750	0.1350	72.6500	
0.2487	50.7500	0.1349	72.6500	
0.2487	50.4500	0.1348	72.7750	
0.2487	50.5750	0.1349	72.5500	
0.2487	50.8250	0.1348	72.8000	
0.2487	50.4000	0.1348	72.6500	
0.2487	50.2750	0.1348	72.7000	
0.2487	50.4000	0.1347	72.6500	
0.2487	50.7500	0.1348	72.6500	
0.2487	51.0750	0.1350	72.5250	
0.2487	50.6500	0.1350	72.9500	
0.2487	50.6750	0.1347	72.5750	
0.2487	50.3500	0.1347	72.6750	
0.2487	50.7500	0.1347	72.8750	
0.2487	50.7750	0.1347	72.6250	
0.2487	50.8000	0.1346	72.6250	
0.2487	50.5500	0.1346	72.8000	
0.2487	50.5250	0.1347	72.6750	
0.2487	50.4500	0.1346	72.7250	
0.2487	50.7500	0.1346	72.7750	
0.2487	50.3500	0.1346	72.5750	
0.2487	50.4250	0.1345	72.8500	
0.2487	50.6250	0.1345	72.6750	
0.2487	50.2750	0.1345	72.7500	
0.2487	50.6250	0.1345	72.6750	
0.2487	50.5250	0.1345	72.6250	
0.2487	50.5500	0.1345	72.6500	
0.2487	50.7250	0.1346	72.8250	
0.2487	50.4750	0.1345	72.6250	
0.2487	50.6000	0.1344	72.8250	
0.2487	50.5250	0.1344	72.6750	
0.2487	50.5500	0.1344	72.6750	
0.2487	50.8000	0.1344	72.8500	
0.2487	50.7000	0.1344	72.6250	
0.2487	50.5750	0.1344	72.7500	
0.2487	50.8250	0.1344	72.7000	
0.2487	50.5250	0.1343	72.7250	
0.2487	50.5000	0.1343	72.7750	
0.2487	50.5250	0.1343	72.7000	
0.2487	50.5500	0.1343	72.6250	
0.2487	50.5000	0.1343	72.8000	
0.2487	50.5000	0.1343	72.6250	
0.2487	50.5000	0.1342	72.6250	
0.2487	50.6000	0.1342	72.7500	
0.2487	50.5500	0.1342	72.7250	
0.2487	50.4500	0.1342	72.6750	
0.2487	50.5750	0.1342	72.7500	
0.2487	50.5750	0.1342	72.6500	
0.2487	50.6000	0.1343	72.9000	
0.2487	50.6250	0.1342	72.6250	
0.2487	50.4500	0.1342	72.8250	
0.2487	50.6500	0.1342	72.7250	
0.2487	50.4750	0.1342	72.6000	
0.2487	50.7500	0.1342	72.8250	
0.2487	50.6500	0.1341	72.6000	
0.2487	50.8250	0.1341	72.6250	
0.2487	50.6500	0.1340	72.8250	
0.2487	50.3750	0.1340	72.7250	
0.2487	50.5000	0.1340	72.6750	
0.2487	50.5750	0.1340	72.8000	
0.2487	50.2000	0.1340	72.6750	
0.2487	50.4250	0.1340	72.7000	
0.2487	50.3750	0.1340	72.8000	
0.2487	50.7750	0.1340	72.7000	
