Loss_Adversary	Accuracy_Adversary	Loss_Target	Accuracy_Target	
0.0163	0.8943	0.6233	50.0000	50.0000	
-0.0069	0.8808	0.5756	50.0000	50.0000	
-0.0289	0.8676	0.5303	50.0000	50.0000	
-0.0468	0.8542	0.4914	50.0000	50.0000	
-0.0618	0.8405	0.4573	50.0000	50.0000	
-0.0741	0.8261	0.4273	50.0000	50.0000	
-0.0833	0.8104	0.4014	50.0000	50.0000	
-0.0902	0.7939	0.3788	50.0000	50.0000	
-0.0958	0.7769	0.3583	50.0000	50.0000	
-0.0997	0.7600	0.3404	50.0000	50.0000	
-0.1024	0.7436	0.3251	50.0000	50.9250	
-0.1042	0.7283	0.3118	50.0000	57.3750	
-0.1053	0.7143	0.3007	50.0000	68.4500	
-0.1055	0.7014	0.2917	50.0000	68.9750	
-0.1053	0.6895	0.2842	50.0000	65.0750	
-0.1052	0.6786	0.2772	50.0000	66.2500	
-0.1053	0.6682	0.2700	50.0000	69.4000	
-0.1061	0.6583	0.2620	50.0000	70.2000	
-0.1078	0.6488	0.2528	50.0000	68.2250	
-0.1106	0.6396	0.2421	50.0000	63.3000	
-0.1141	0.6306	0.2302	50.0000	57.3000	
-0.1182	0.6217	0.2175	50.0000	53.7250	
-0.1225	0.6131	0.2046	50.0000	52.3000	
-0.1268	0.6044	0.1916	50.0000	51.3500	
-0.1310	0.5959	0.1790	50.0000	50.7250	
-0.1352	0.5875	0.1664	50.0000	50.3750	
-0.1395	0.5792	0.1536	50.0000	50.2750	
-0.1441	0.5710	0.1405	50.0000	50.2500	
-0.1488	0.5630	0.1273	50.0000	50.4000	
-0.1534	0.5550	0.1143	48.9500	50.4500	
-0.1574	0.5465	0.1020	44.2000	51.0500	
-0.1593	0.5340	0.0905	36.5250	52.3750	
-0.1567	0.5119	0.0801	32.1500	53.9250	
-0.1503	0.4818	0.0707	31.1500	56.2750	
-0.1416	0.4477	0.0624	31.3250	59.2250	
-0.1317	0.4122	0.0554	31.0750	63.0500	
-0.1219	0.3791	0.0496	30.1500	67.2000	
-0.1123	0.3485	0.0452	28.9250	71.6500	
-0.1040	0.3232	0.0422	27.0750	75.2000	
-0.0963	0.2999	0.0394	25.8500	77.0250	
-0.0892	0.2794	0.0375	25.5500	78.0750	
-0.0832	0.2606	0.0350	25.3000	77.5750	
-0.0798	0.2475	0.0320	25.2000	76.5250	
-0.0772	0.2378	0.0299	25.2250	75.8500	
-0.0740	0.2287	0.0291	24.9000	75.3000	
-0.0715	0.2200	0.0274	25.3000	74.9500	
-0.0694	0.2127	0.0261	25.2500	74.5000	
-0.0676	0.2072	0.0254	25.2250	74.0250	
-0.0661	0.2026	0.0249	25.1500	73.9750	
-0.0650	0.1989	0.0243	25.1750	73.6500	
-0.0640	0.1956	0.0237	25.2750	73.2750	
-0.0633	0.1939	0.0237	25.4500	73.2250	
-0.0628	0.1924	0.0236	25.3000	73.3500	
-0.0624	0.1904	0.0229	25.4250	73.3250	
-0.0621	0.1897	0.0229	25.1750	73.2000	
-0.0621	0.1889	0.0225	25.0750	73.1750	
-0.0621	0.1885	0.0223	25.0500	73.4750	
-0.0621	0.1887	0.0223	24.7750	73.4750	
-0.0621	0.1879	0.0218	25.0000	73.3250	
-0.0622	0.1873	0.0212	24.9750	73.8250	
-0.0622	0.1872	0.0212	24.9750	74.0000	
-0.0622	0.1872	0.0210	25.0750	74.4250	
-0.0623	0.1867	0.0206	24.9750	74.4750	
-0.0623	0.1866	0.0205	24.9000	74.4750	
-0.0624	0.1866	0.0204	25.1000	74.7250	
-0.0625	0.1859	0.0198	25.1250	74.6500	
-0.0625	0.1859	0.0197	25.0000	74.7250	
-0.0626	0.1858	0.0196	24.9500	74.7500	
-0.0625	0.1849	0.0191	25.1500	74.7500	
-0.0625	0.1852	0.0193	25.3750	74.8500	
-0.0623	0.1846	0.0192	25.2750	74.9500	
-0.0622	0.1834	0.0186	25.0000	74.7000	
-0.0620	0.1826	0.0184	25.2750	74.8000	
-0.0617	0.1815	0.0182	25.0000	74.6250	
-0.0614	0.1800	0.0176	25.1000	74.8000	
-0.0611	0.1787	0.0173	25.0000	74.7750	
-0.0608	0.1779	0.0172	25.2750	74.6500	
-0.0605	0.1764	0.0167	25.0000	74.7000	
-0.0602	0.1750	0.0163	25.3250	74.8500	
-0.0599	0.1738	0.0161	25.0500	74.3500	
-0.0596	0.1727	0.0158	25.2000	74.8500	
-0.0593	0.1718	0.0156	25.2250	74.3500	
-0.0591	0.1706	0.0152	25.2000	74.6000	
-0.0590	0.1704	0.0152	25.3250	74.6500	
-0.0589	0.1700	0.0151	25.2250	74.6000	
-0.0590	0.1682	0.0139	25.1250	74.2500	
-0.0589	0.1670	0.0133	25.2500	74.1500	
-0.0588	0.1669	0.0132	25.6250	74.5750	
-0.0586	0.1663	0.0132	25.2500	74.6000	
-0.0585	0.1651	0.0126	25.4250	74.4750	
-0.0582	0.1638	0.0122	25.1750	74.4750	
-0.0582	0.1630	0.0116	25.2750	74.8500	
-0.0581	0.1621	0.0113	25.2750	74.8250	
-0.0579	0.1614	0.0111	25.2000	74.8000	
-0.0578	0.1607	0.0108	25.1000	74.9500	
-0.0577	0.1601	0.0105	24.9000	74.9000	
-0.0575	0.1597	0.0106	24.9750	75.1000	
-0.0575	0.1589	0.0101	25.1250	74.8750	
-0.0574	0.1581	0.0097	24.9250	74.9500	
-0.0572	0.1578	0.0098	25.1750	75.3000	
-0.0571	0.1576	0.0099	25.1750	75.2250	
-0.0570	0.1571	0.0096	25.1500	75.2750	
-0.0570	0.1563	0.0092	25.0000	75.2250	
-0.0570	0.1559	0.0090	24.9250	75.4500	
-0.0569	0.1556	0.0089	25.2250	75.3000	
-0.0568	0.1550	0.0087	24.7750	75.5250	
-0.0568	0.1548	0.0086	25.0750	75.4750	
-0.0568	0.1540	0.0080	25.0250	75.1000	
-0.0568	0.1538	0.0079	24.9750	75.9250	
-0.0567	0.1534	0.0077	24.8250	75.2750	
-0.0567	0.1530	0.0075	24.8500	75.4500	
-0.0566	0.1530	0.0077	25.1250	75.6500	
-0.0564	0.1527	0.0078	25.0750	75.4500	
-0.0566	0.1523	0.0073	24.9500	75.5000	
-0.0566	0.1519	0.0070	25.0500	75.3750	
-0.0566	0.1519	0.0069	25.0250	75.4750	
-0.0566	0.1515	0.0066	25.3000	75.6000	
-0.0565	0.1510	0.0065	25.2000	75.6000	
-0.0565	0.1511	0.0065	24.8500	75.8000	
-0.0564	0.1507	0.0064	25.0750	75.7250	
-0.0565	0.1504	0.0061	25.0750	75.6000	
-0.0565	0.1508	0.0064	25.4000	76.0000	
-0.0564	0.1505	0.0063	25.2500	75.7500	
-0.0560	0.1501	0.0067	25.4000	75.7750	
-0.0563	0.1501	0.0062	25.0250	75.9750	
-0.0563	0.1498	0.0060	25.4250	75.8750	
-0.0563	0.1500	0.0062	25.2000	76.0500	
-0.0561	0.1494	0.0060	25.3750	75.8250	
-0.0564	0.1494	0.0055	25.4000	75.9750	
-0.0564	0.1491	0.0054	25.0250	75.9000	
-0.0564	0.1489	0.0053	25.0500	76.2250	
-0.0563	0.1488	0.0053	24.9250	75.8750	
-0.0564	0.1487	0.0052	25.4250	76.0250	
-0.0563	0.1486	0.0052	25.4000	76.1500	
-0.0564	0.1483	0.0050	25.3500	76.2250	
-0.0562	0.1481	0.0050	25.0500	76.1750	
-0.0563	0.1484	0.0051	25.1250	76.4000	
-0.0562	0.1484	0.0052	25.2000	76.3750	
-0.0564	0.1482	0.0048	24.9750	76.4500	
-0.0560	0.1484	0.0056	24.8750	76.4500	
-0.0562	0.1480	0.0050	25.3500	76.0750	
-0.0563	0.1483	0.0051	25.6250	76.5000	
-0.0556	0.1485	0.0062	25.4250	76.5500	
-0.0561	0.1479	0.0051	25.3000	76.3250	
-0.0557	0.1478	0.0057	25.1000	76.6750	
-0.0562	0.1477	0.0048	25.4000	76.2250	
-0.0562	0.1481	0.0051	25.2500	76.6750	
-0.0562	0.1474	0.0046	25.1250	76.5500	
-0.0561	0.1471	0.0045	25.1000	76.7000	
-0.0562	0.1472	0.0045	25.3250	76.7000	
-0.0562	0.1467	0.0041	24.9750	76.2000	
-0.0561	0.1468	0.0043	25.0500	77.0000	
-0.0562	0.1465	0.0040	25.4250	76.5250	
-0.0561	0.1463	0.0041	25.0000	76.6750	
-0.0562	0.1467	0.0041	25.0750	76.8500	
-0.0562	0.1464	0.0039	25.0750	76.7000	
-0.0561	0.1468	0.0044	25.2000	76.8000	
-0.0559	0.1464	0.0044	25.2250	76.5250	
-0.0561	0.1467	0.0043	25.0000	76.8000	
-0.0559	0.1470	0.0049	25.0000	77.0750	
-0.0559	0.1465	0.0046	25.5250	77.0000	
-0.0558	0.1465	0.0046	25.5750	76.6250	
-0.0557	0.1467	0.0050	25.6250	77.0500	
-0.0560	0.1468	0.0045	25.3750	76.9250	
-0.0560	0.1461	0.0041	25.1750	76.8500	
-0.0559	0.1465	0.0045	25.3250	76.9500	
-0.0558	0.1457	0.0041	25.4000	77.1500	
-0.0562	0.1459	0.0037	25.2750	76.7000	
-0.0561	0.1461	0.0038	25.4250	77.1250	
-0.0557	0.1465	0.0048	25.1000	76.9000	
-0.0556	0.1469	0.0052	25.7750	76.5250	
-0.0559	0.1457	0.0039	25.2250	76.9750	
-0.0561	0.1455	0.0035	25.3500	76.7500	
-0.0561	0.1457	0.0037	25.7000	77.3750	
-0.0560	0.1458	0.0038	25.4250	77.1750	
-0.0561	0.1454	0.0035	25.3250	76.8000	
-0.0561	0.1455	0.0035	25.6250	77.2000	
-0.0562	0.1457	0.0035	25.4500	77.3500	
-0.0561	0.1457	0.0036	25.4000	77.1500	
-0.0561	0.1455	0.0035	25.5250	77.5250	
-0.0561	0.1458	0.0037	25.6750	77.2500	
-0.0561	0.1451	0.0033	25.3250	77.1500	
-0.0559	0.1459	0.0040	25.6250	77.5000	
-0.0558	0.1461	0.0043	25.6250	77.2500	
-0.0560	0.1462	0.0042	25.6500	77.6000	
-0.0561	0.1456	0.0035	25.5750	77.3500	
-0.0553	0.1459	0.0051	26.0000	77.4250	
-0.0558	0.1458	0.0042	25.4750	77.3250	
-0.0559	0.1460	0.0042	25.7500	77.2250	
-0.0557	0.1459	0.0044	25.6000	77.4250	
-0.0557	0.1456	0.0042	26.0000	77.2750	
-0.0557	0.1469	0.0051	26.0250	77.3750	
-0.0551	0.1456	0.0053	26.2000	77.4250	
-0.0556	0.1459	0.0047	26.8750	76.9250	
-0.0557	0.1466	0.0048	26.5000	77.5500	
-0.0559	0.1455	0.0038	26.0000	77.3500	
-0.0561	0.1456	0.0035	26.4500	77.2750	
-0.0561	0.1463	0.0040	27.3000	77.4750	
-0.0559	0.1461	0.0043	27.2000	77.5750	
-0.0561	0.1459	0.0038	26.5500	77.5000	
-0.0562	0.1461	0.0037	27.2750	77.5750	
-0.0563	0.1463	0.0036	28.1500	77.4250	
-0.0564	0.1467	0.0039	27.4250	77.3750	
-0.0562	0.1473	0.0045	27.9750	77.4250	
-0.0559	0.1489	0.0061	29.0250	77.5250	
-0.0565	0.1498	0.0058	30.0500	77.5250	
-0.0571	0.1501	0.0049	30.0750	77.2000	
-0.0576	0.1528	0.0058	30.7750	77.4250	
-0.0587	0.1561	0.0062	31.5750	77.2250	
-0.0605	0.1623	0.0073	34.3000	77.3750	
-0.0620	0.1678	0.0085	38.5750	76.7500	
-0.0633	0.1705	0.0082	42.2750	75.4500	
-0.0639	0.1738	0.0093	46.7250	74.7000	
-0.0645	0.1755	0.0094	51.7250	75.3000	
-0.0648	0.1768	0.0098	55.9750	74.2250	
-0.0646	0.1764	0.0100	61.2750	74.1000	
-0.0647	0.1778	0.0108	63.5250	74.6250	
-0.0654	0.1820	0.0124	63.3000	75.6750	
-0.0664	0.1885	0.0150	63.1250	75.5000	
-0.0675	0.1926	0.0159	63.0000	74.1250	
-0.0683	0.1980	0.0182	62.7250	73.7500	
-0.0687	0.2008	0.0195	62.3500	73.3750	
-0.0690	0.2026	0.0201	61.7750	73.6500	
-0.0690	0.2042	0.0212	60.6750	73.3500	
-0.0689	0.2041	0.0212	59.9500	73.4500	
-0.0685	0.2040	0.0218	59.4000	73.3500	
-0.0683	0.2034	0.0218	58.7750	73.7000	
-0.0679	0.2024	0.0218	58.3500	73.6000	
-0.0673	0.2012	0.0219	58.0750	73.7750	
-0.0668	0.2013	0.0229	57.9750	73.8500	
-0.0660	0.1982	0.0220	57.4750	73.9000	
-0.0652	0.1977	0.0231	57.0750	73.9750	
-0.0642	0.1942	0.0224	57.2750	74.2250	
-0.0635	0.1930	0.0229	57.2000	73.9750	
-0.0629	0.1897	0.0215	56.6000	74.0500	
-0.0623	0.1873	0.0211	56.1750	74.2750	
-0.0616	0.1850	0.0206	55.6750	74.3750	
-0.0609	0.1827	0.0203	54.7000	74.2750	
-0.0603	0.1807	0.0199	54.6750	74.8250	
-0.0597	0.1780	0.0191	53.8250	74.3750	
-0.0593	0.1769	0.0191	53.0750	74.8000	
-0.0590	0.1746	0.0180	52.1000	74.4250	
-0.0590	0.1729	0.0170	50.5750	74.8000	
-0.0589	0.1712	0.0159	49.2750	74.6500	
-0.0588	0.1714	0.0162	48.1250	74.6000	
-0.0590	0.1696	0.0148	47.1250	74.4000	
-0.0592	0.1692	0.0141	45.7750	74.9500	
-0.0592	0.1687	0.0137	43.9500	74.8250	
-0.0595	0.1678	0.0127	41.3000	75.0000	
-0.0594	0.1673	0.0125	38.9250	75.0500	
-0.0594	0.1673	0.0125	40.1250	74.6000	
-0.0598	0.1662	0.0111	36.4750	74.8250	
-0.0597	0.1661	0.0112	32.6250	74.7000	
-0.0597	0.1660	0.0111	34.1250	74.5500	
-0.0602	0.1651	0.0098	32.4750	75.0500	
-0.0601	0.1643	0.0094	29.3250	75.0250	
-0.0602	0.1639	0.0089	29.4750	74.6750	
-0.0603	0.1637	0.0086	28.9250	74.9500	
-0.0603	0.1629	0.0081	27.8250	74.9250	
-0.0603	0.1633	0.0083	27.6750	75.0750	
-0.0602	0.1621	0.0076	26.9250	75.0750	
-0.0602	0.1624	0.0079	26.3500	75.1750	
-0.0601	0.1619	0.0077	26.9250	75.2500	
-0.0600	0.1611	0.0073	26.6750	75.2250	
-0.0599	0.1615	0.0078	26.0250	75.1000	
-0.0599	0.1612	0.0077	26.2250	75.2500	
-0.0595	0.1608	0.0080	26.1000	75.2000	
-0.0595	0.1600	0.0075	25.8250	75.2750	
-0.0598	0.1604	0.0073	26.4500	75.3000	
-0.0597	0.1600	0.0071	25.9500	75.2750	
-0.0597	0.1591	0.0066	25.7250	75.1500	
-0.0594	0.1594	0.0072	25.9500	75.2500	
-0.0593	0.1590	0.0071	25.7500	75.3250	
-0.0593	0.1588	0.0070	25.6500	75.6750	
-0.0593	0.1585	0.0068	25.8000	75.2750	
-0.0593	0.1580	0.0065	25.8000	75.3250	
-0.0590	0.1586	0.0075	25.4750	75.0500	
-0.0592	0.1575	0.0064	25.8500	75.3250	
-0.0591	0.1583	0.0070	25.6750	75.5000	
-0.0590	0.1574	0.0067	25.6000	75.3750	
-0.0590	0.1572	0.0066	25.5000	75.1500	
-0.0588	0.1576	0.0070	25.7250	75.5750	
-0.0590	0.1572	0.0066	25.9500	75.3500	
-0.0585	0.1564	0.0068	25.2750	75.1500	
-0.0589	0.1571	0.0066	25.2500	75.4000	
-0.0585	0.1570	0.0072	26.0250	75.3250	
-0.0576	0.1564	0.0082	25.4000	75.2750	
-0.0581	0.1570	0.0078	25.5250	75.4750	
-0.0581	0.1565	0.0074	25.5250	75.1750	
-0.0578	0.1561	0.0076	25.4500	75.2500	
-0.0580	0.1576	0.0085	25.8250	75.3000	
-0.0573	0.1561	0.0086	25.1250	75.2000	
-0.0577	0.1568	0.0084	25.6250	75.3750	
-0.0576	0.1563	0.0083	25.9750	74.9250	
-0.0577	0.1557	0.0077	25.3500	75.3500	
-0.0579	0.1555	0.0072	25.6250	75.2000	
-0.0578	0.1554	0.0074	26.0000	75.0500	
-0.0582	0.1566	0.0074	25.5000	75.3500	
-0.0582	0.1554	0.0065	25.3750	75.4750	
-0.0581	0.1547	0.0063	25.7500	75.2750	
-0.0580	0.1550	0.0067	25.5250	74.9250	
-0.0579	0.1544	0.0065	25.4250	75.1250	
-0.0579	0.1558	0.0074	25.1750	75.2500	
-0.0574	0.1569	0.0088	25.7000	75.0500	
-0.0579	0.1540	0.0062	25.7250	75.2250	
-0.0578	0.1546	0.0068	25.1500	75.2000	
-0.0576	0.1543	0.0068	25.6000	75.2750	
-0.0578	0.1545	0.0067	25.9750	75.2500	
-0.0579	0.1543	0.0064	25.3000	75.3750	
-0.0578	0.1534	0.0059	25.8750	75.0250	
-0.0576	0.1541	0.0067	25.7000	75.5000	
-0.0575	0.1545	0.0072	25.3500	75.5000	
-0.0577	0.1537	0.0062	26.0000	74.8750	
-0.0575	0.1547	0.0072	25.7250	75.4750	
-0.0577	0.1542	0.0066	25.6500	75.1000	
-0.0577	0.1541	0.0066	25.9500	75.0500	
-0.0577	0.1544	0.0068	25.5500	75.2250	
-0.0573	0.1544	0.0074	25.5750	75.2250	
-0.0577	0.1557	0.0077	25.7000	75.2250	
-0.0574	0.1544	0.0073	25.6500	75.2000	
-0.0575	0.1553	0.0077	25.8500	75.1000	
-0.0572	0.1553	0.0081	25.7000	75.0500	
-0.0571	0.1549	0.0081	25.7000	74.9250	
-0.0576	0.1550	0.0073	25.7250	75.1000	
-0.0577	0.1550	0.0072	25.4750	75.1750	
-0.0575	0.1550	0.0076	25.8000	74.8750	
-0.0577	0.1552	0.0073	25.6000	75.4000	
-0.0579	0.1549	0.0068	25.9250	74.9000	
-0.0575	0.1561	0.0083	25.6250	75.5000	
-0.0577	0.1563	0.0080	25.4250	75.3000	
-0.0579	0.1553	0.0070	25.5750	75.1000	
-0.0579	0.1558	0.0074	25.6750	75.3750	
-0.0579	0.1578	0.0087	25.5750	75.4250	
-0.0578	0.1568	0.0081	25.7750	75.2000	
-0.0577	0.1566	0.0083	26.0750	74.8000	
-0.0576	0.1587	0.0097	26.1250	75.3000	
-0.0576	0.1599	0.0106	26.2500	75.3500	
-0.0578	0.1580	0.0090	25.9250	75.3750	
-0.0581	0.1588	0.0091	25.7250	75.7000	
-0.0581	0.1599	0.0097	26.2250	75.2000	
-0.0584	0.1604	0.0095	26.3000	75.8000	
-0.0587	0.1612	0.0097	25.7500	75.4750	
-0.0587	0.1617	0.0099	25.9000	75.6250	
-0.0592	0.1633	0.0101	25.9750	75.8750	
-0.0595	0.1642	0.0102	26.4500	75.5750	
-0.0601	0.1667	0.0110	26.1000	75.8500	
-0.0607	0.1700	0.0121	26.0250	76.0250	
-0.0617	0.1738	0.0130	26.4000	76.1000	
-0.0629	0.1785	0.0141	26.4500	75.5000	
-0.0647	0.1853	0.0157	26.2500	75.9750	
-0.0657	0.1908	0.0176	25.7250	75.4500	
-0.0676	0.1966	0.0184	25.3000	75.2750	
-0.0684	0.1989	0.0186	25.2500	74.9500	
-0.0694	0.1987	0.0168	25.5000	74.7500	
-0.0692	0.1988	0.0173	26.3750	74.8500	
-0.0689	0.1990	0.0178	29.2750	75.0750	
-0.0696	0.1976	0.0158	32.8250	75.5250	
-0.0697	0.1956	0.0143	35.8250	75.1250	
-0.0696	0.1951	0.0141	39.4750	75.8750	
-0.0699	0.1944	0.0131	41.4000	76.1250	
-0.0700	0.1942	0.0127	41.3250	76.4750	
-0.0699	0.1940	0.0127	41.6750	76.8000	
-0.0701	0.1931	0.0120	43.8000	77.0000	
-0.0704	0.1933	0.0115	46.2500	77.3250	
-0.0706	0.1923	0.0105	51.1500	77.8000	
-0.0707	0.1924	0.0104	54.5000	78.0000	
-0.0709	0.1923	0.0100	55.4250	78.0750	
-0.0709	0.1918	0.0097	55.6750	78.2000	
-0.0713	0.1922	0.0093	55.3500	78.4250	
-0.0715	0.1923	0.0091	55.2250	78.7000	
-0.0717	0.1925	0.0088	55.0250	78.9000	
-0.0719	0.1930	0.0089	54.6500	78.8000	
-0.0721	0.1931	0.0085	54.3750	78.9000	
-0.0725	0.1938	0.0083	54.1500	78.8750	
-0.0730	0.1948	0.0083	53.8500	78.9000	
-0.0734	0.1958	0.0081	53.4250	78.6500	
-0.0739	0.1970	0.0081	52.9250	78.5250	
-0.0745	0.1989	0.0083	52.1000	78.4750	
-0.0752	0.2007	0.0084	50.7250	78.4250	
-0.0761	0.2026	0.0081	49.1750	78.4750	
-0.0770	0.2051	0.0084	46.0500	78.7000	
-0.0779	0.2075	0.0086	42.7000	78.9000	
-0.0787	0.2096	0.0086	38.9750	78.9750	
-0.0796	0.2126	0.0091	37.6000	79.1250	
-0.0807	0.2163	0.0096	39.1000	79.3500	
-0.0820	0.2201	0.0100	41.4500	79.5000	
-0.0837	0.2252	0.0107	44.1750	79.6500	
-0.0858	0.2323	0.0119	45.5250	79.9500	
-0.0884	0.2410	0.0133	46.4750	80.1500	
-0.0916	0.2513	0.0149	47.3250	80.3500	
-0.0949	0.2620	0.0165	47.6250	80.6500	
-0.0980	0.2710	0.0174	47.5000	81.6250	
-0.1024	0.2825	0.0176	48.2000	81.9750	
-0.1066	0.2947	0.0188	47.9250	82.6250	
-0.1110	0.3071	0.0197	47.6750	83.5500	
-0.1173	0.3272	0.0226	47.9750	84.3750	
-0.1261	0.3601	0.0298	48.0750	84.6000	
-0.1342	0.3953	0.0398	48.1250	84.9000	
-0.1393	0.4197	0.0476	48.6000	85.7750	
-0.1431	0.4484	0.0604	48.9500	86.6750	
-0.1396	0.4661	0.0781	49.4250	87.4750	
-0.1279	0.4524	0.0885	50.0000	88.9500	
-0.1111	0.4197	0.0946	51.4000	92.1500	
-0.0965	0.3819	0.0937	52.3500	94.0250	
-0.0867	0.3493	0.0884	54.0000	94.5500	
-0.0806	0.3251	0.0823	57.0250	94.3500	
-0.0771	0.3051	0.0749	60.9000	93.6500	
-0.0767	0.2894	0.0652	65.2000	92.7250	
-0.0763	0.2775	0.0579	66.8000	91.5250	
-0.0764	0.2690	0.0521	54.5500	90.2000	
-0.0766	0.2624	0.0472	50.0000	89.3000	
-0.0774	0.2577	0.0429	50.0000	89.0250	
-0.0790	0.2556	0.0387	50.0000	88.9750	
-0.0811	0.2545	0.0345	50.0000	88.6750	
-0.0834	0.2545	0.0308	50.0500	88.6250	
-0.0858	0.2552	0.0271	49.7500	88.0750	
-0.0880	0.2557	0.0238	49.5000	87.0750	
-0.0902	0.2566	0.0208	49.3500	85.9750	
-0.0922	0.2575	0.0180	48.4500	84.9250	
-0.0939	0.2583	0.0157	47.1500	83.6750	
-0.0955	0.2591	0.0136	45.2000	82.7250	
-0.0968	0.2598	0.0119	43.1250	81.4500	
-0.0977	0.2603	0.0106	40.9500	80.2000	
-0.0985	0.2606	0.0096	38.7500	79.1750	
-0.0990	0.2608	0.0088	37.4250	78.4750	
-0.0994	0.2609	0.0082	35.3250	77.6500	
-0.0997	0.2608	0.0077	33.8000	76.8500	
-0.0999	0.2607	0.0074	32.5500	76.3000	
-0.1000	0.2605	0.0070	31.4000	75.8750	
-0.1001	0.2603	0.0067	30.4750	75.5750	
-0.1001	0.2601	0.0065	29.7750	75.2000	
-0.1002	0.2598	0.0063	29.1500	75.0250	
-0.1002	0.2596	0.0060	28.5750	74.8500	
-0.1002	0.2594	0.0059	28.0500	74.8250	
-0.1002	0.2591	0.0057	27.6000	74.7250	
-0.1003	0.2589	0.0055	27.0750	74.7250	
-0.1003	0.2586	0.0053	26.7000	74.7250	
-0.1003	0.2584	0.0052	26.8000	74.7750	
-0.1002	0.2582	0.0051	26.7000	74.8000	
-0.1002	0.2580	0.0049	26.6500	74.8000	
-0.1002	0.2578	0.0048	26.4750	74.8500	
-0.1002	0.2576	0.0047	26.1500	74.8750	
-0.1002	0.2574	0.0046	26.0250	74.9000	
-0.1002	0.2572	0.0045	26.2000	75.0000	
-0.1002	0.2570	0.0044	26.3250	75.0000	
-0.1002	0.2568	0.0043	25.7000	75.1500	
-0.1001	0.2566	0.0042	25.9500	75.2250	
-0.1001	0.2565	0.0041	26.0000	75.2500	
-0.1001	0.2563	0.0040	25.9500	75.3500	
-0.1001	0.2562	0.0039	26.0500	75.3750	
-0.1001	0.2560	0.0038	25.8250	75.3500	
-0.1001	0.2558	0.0038	25.8250	75.4500	
-0.1001	0.2557	0.0037	26.1750	75.4750	
-0.1000	0.2555	0.0036	26.1000	75.4250	
-0.1000	0.2554	0.0036	25.7000	75.5000	
-0.1000	0.2553	0.0035	25.7500	75.5250	
-0.1000	0.2551	0.0034	25.9000	75.5750	
-0.0999	0.2549	0.0034	26.3000	75.6750	
-0.0999	0.2548	0.0033	26.8500	75.6750	
-0.0999	0.2546	0.0033	27.4750	75.6500	
-0.0998	0.2544	0.0032	28.1250	75.6500	
-0.0997	0.2541	0.0032	28.7500	75.7500	
-0.0997	0.2539	0.0031	29.1500	75.7500	
-0.0996	0.2535	0.0031	30.1000	75.7000	
-0.0994	0.2532	0.0030	31.2500	75.8250	
-0.0993	0.2527	0.0030	32.6500	75.8250	
-0.0992	0.2523	0.0029	35.6250	75.7500	
-0.0990	0.2518	0.0029	38.8750	75.8250	
-0.0988	0.2513	0.0029	41.6000	75.9000	
-0.0986	0.2508	0.0028	44.6250	75.8750	
-0.0984	0.2502	0.0028	47.3500	75.8500	
-0.0981	0.2493	0.0027	50.7750	75.9250	
-0.0977	0.2483	0.0027	52.3500	75.9750	
-0.0973	0.2472	0.0027	54.3750	76.0250	
-0.0968	0.2459	0.0026	55.0000	76.0750	
-0.0963	0.2446	0.0026	55.0000	76.3000	
-0.0957	0.2433	0.0026	55.2000	76.4750	
-0.0952	0.2419	0.0026	55.1750	76.5750	
-0.0947	0.2406	0.0026	54.9250	76.9250	
-0.0942	0.2393	0.0026	55.4000	77.2000	
-0.0936	0.2380	0.0026	56.4500	77.3750	
-0.0931	0.2367	0.0027	56.7000	77.6750	
-0.0925	0.2354	0.0027	57.8000	77.8000	
-0.0920	0.2341	0.0027	60.1750	77.9250	
-0.0914	0.2328	0.0028	62.3500	78.1500	
-0.0909	0.2314	0.0028	65.3250	78.2250	
-0.0903	0.2300	0.0028	68.5000	78.3250	
-0.0898	0.2287	0.0029	69.0500	78.3250	
-0.0891	0.2271	0.0029	70.5250	78.3500	
-0.0885	0.2257	0.0029	72.6750	78.3250	
-0.0879	0.2242	0.0029	73.3500	78.3500	
-0.0873	0.2227	0.0029	73.7750	78.3250	
-0.0867	0.2212	0.0029	73.9500	78.3000	
-0.0861	0.2197	0.0030	73.9250	78.2500	
-0.0855	0.2182	0.0030	74.4250	78.2000	
-0.0849	0.2167	0.0029	74.6000	78.0750	
-0.0844	0.2154	0.0030	74.7000	78.0500	
-0.0838	0.2140	0.0030	74.5750	78.0250	
-0.0833	0.2126	0.0030	74.6250	77.8500	
-0.0827	0.2112	0.0030	74.8000	77.8000	
-0.0822	0.2100	0.0030	74.9750	77.7000	
-0.0817	0.2087	0.0030	74.5500	77.6000	
-0.0812	0.2075	0.0030	74.0250	77.4750	
-0.0807	0.2063	0.0031	74.8000	77.3000	
-0.0802	0.2052	0.0031	74.9000	77.1750	
-0.0798	0.2041	0.0031	74.5500	77.1500	
-0.0793	0.2031	0.0032	74.3250	77.0750	
-0.0789	0.2019	0.0031	74.7000	76.9750	
-0.0785	0.2010	0.0032	74.6250	76.9250	
-0.0781	0.2000	0.0032	74.4750	76.8750	
-0.0777	0.1991	0.0032	74.4000	76.8750	
-0.0773	0.1982	0.0032	74.4500	76.7750	
-0.0770	0.1973	0.0032	74.4250	76.7250	
-0.0766	0.1964	0.0033	74.5000	76.5750	
-0.0763	0.1956	0.0033	74.4000	76.5500	
-0.0760	0.1950	0.0034	74.2500	76.6250	
-0.0757	0.1942	0.0033	74.3500	76.6500	
-0.0753	0.1934	0.0033	74.3750	76.6000	
-0.0751	0.1928	0.0034	74.4250	76.5000	
-0.0748	0.1921	0.0034	74.3500	76.4750	
-0.0745	0.1914	0.0034	74.3000	76.4500	
-0.0742	0.1908	0.0035	74.2750	76.4750	
-0.0740	0.1903	0.0036	74.3000	76.5000	
-0.0738	0.1898	0.0035	74.3250	76.4000	
-0.0735	0.1891	0.0036	74.2250	76.2750	
-0.0733	0.1886	0.0036	74.1750	76.3250	
-0.0731	0.1881	0.0036	74.2500	76.4000	
-0.0729	0.1876	0.0036	74.2250	76.3250	
-0.0727	0.1872	0.0036	74.2750	76.2500	
-0.0725	0.1868	0.0037	74.2500	76.3500	
-0.0723	0.1862	0.0036	74.3250	76.3000	
-0.0721	0.1858	0.0037	74.2500	76.2000	
-0.0719	0.1854	0.0038	74.3000	76.3250	
-0.0717	0.1850	0.0038	74.2250	76.2750	
-0.0716	0.1847	0.0038	74.1750	76.1250	
-0.0714	0.1842	0.0038	74.2250	76.2000	
-0.0713	0.1839	0.0038	74.1250	76.1500	
-0.0711	0.1836	0.0038	74.3500	76.0500	
-0.0710	0.1833	0.0038	74.1250	76.2250	
-0.0709	0.1829	0.0038	74.2000	76.1750	
-0.0708	0.1827	0.0038	74.2250	76.1750	
-0.0706	0.1824	0.0039	74.3000	76.1000	
-0.0705	0.1820	0.0038	74.1000	76.1000	
-0.0704	0.1817	0.0038	74.1250	76.1250	
-0.0703	0.1817	0.0040	74.4000	75.9750	
-0.0702	0.1814	0.0040	74.2750	76.1750	
-0.0701	0.1810	0.0039	74.1000	75.9750	
-0.0700	0.1809	0.0040	74.1500	75.9750	
-0.0699	0.1806	0.0039	74.3000	76.1000	
-0.0698	0.1804	0.0040	74.1500	76.0500	
-0.0697	0.1803	0.0041	74.1250	75.9250	
-0.0696	0.1802	0.0042	74.3000	75.9750	
-0.0695	0.1798	0.0041	74.3000	75.9250	
-0.0694	0.1796	0.0040	74.0500	75.9000	
-0.0693	0.1795	0.0041	74.2500	75.9000	
-0.0693	0.1793	0.0041	74.4000	75.8000	
-0.0692	0.1790	0.0041	74.1750	75.9000	
-0.0692	0.1791	0.0042	74.2500	75.8750	
-0.0690	0.1790	0.0043	74.1750	75.9000	
-0.0690	0.1786	0.0041	74.1500	75.8750	
-0.0689	0.1786	0.0042	74.2500	75.9250	
-0.0689	0.1786	0.0043	74.2750	75.8250	
-0.0688	0.1782	0.0042	74.1750	75.7750	
-0.0687	0.1783	0.0044	74.1000	75.9250	
-0.0686	0.1781	0.0043	74.2750	75.8000	
-0.0685	0.1778	0.0043	74.2000	75.7750	
-0.0685	0.1777	0.0044	74.1000	75.7250	
-0.0683	0.1778	0.0047	74.0500	75.8250	
-0.0683	0.1775	0.0045	74.1500	75.7000	
-0.0683	0.1775	0.0045	74.1000	75.7250	
-0.0683	0.1772	0.0043	74.2750	75.7000	
-0.0682	0.1771	0.0044	74.1750	75.7250	
-0.0682	0.1771	0.0044	73.9500	75.6500	
-0.0681	0.1772	0.0046	74.3250	75.7000	
-0.0680	0.1771	0.0046	74.1750	75.6750	
-0.0679	0.1764	0.0044	74.1250	75.6250	
-0.0679	0.1767	0.0046	74.0750	75.6750	
-0.0677	0.1768	0.0050	74.1250	75.7750	
-0.0677	0.1768	0.0050	74.1750	75.7750	
-0.0678	0.1764	0.0047	73.9500	75.7250	
-0.0678	0.1763	0.0046	73.9500	75.6000	
-0.0677	0.1764	0.0047	74.1250	75.7000	
-0.0677	0.1760	0.0046	74.1500	75.6750	
-0.0676	0.1760	0.0046	73.8750	75.6250	
-0.0676	0.1761	0.0047	74.1750	75.7000	
-0.0675	0.1760	0.0047	74.2000	75.7250	
-0.0675	0.1756	0.0046	74.0250	75.7000	
-0.0675	0.1760	0.0049	74.1750	75.6250	
-0.0675	0.1759	0.0048	74.0250	75.7000	
-0.0674	0.1753	0.0046	74.0250	75.6750	
-0.0673	0.1755	0.0049	74.2500	75.6750	
-0.0672	0.1755	0.0050	74.1000	75.7000	
-0.0671	0.1753	0.0051	74.2250	75.6000	
-0.0670	0.1753	0.0052	74.0500	75.6250	
-0.0670	0.1752	0.0051	74.0250	75.5750	
-0.0669	0.1757	0.0057	74.1500	75.6750	
-0.0669	0.1751	0.0053	74.2750	75.6250	
-0.0670	0.1748	0.0049	74.0250	75.7000	
-0.0670	0.1748	0.0049	74.2000	75.7000	
-0.0668	0.1750	0.0052	74.1250	75.7500	
-0.0668	0.1750	0.0053	74.3000	75.6000	
-0.0668	0.1745	0.0050	74.3750	75.7250	
-0.0668	0.1747	0.0052	73.9750	75.5750	
-0.0667	0.1745	0.0051	73.9500	75.7000	
-0.0667	0.1746	0.0052	74.2750	75.7000	
-0.0668	0.1741	0.0047	74.3500	75.7500	
-0.0668	0.1747	0.0052	74.1750	75.8250	
-0.0668	0.1753	0.0055	74.1750	75.8750	
-0.0668	0.1750	0.0053	74.0250	75.8000	
-0.0668	0.1752	0.0055	74.1750	75.8000	
-0.0667	0.1754	0.0058	74.1750	75.8000	
-0.0666	0.1747	0.0055	73.9250	75.7000	
-0.0667	0.1752	0.0057	74.1250	75.7500	
-0.0667	0.1750	0.0055	74.2000	75.7500	
-0.0667	0.1746	0.0053	74.0500	75.7250	
-0.0667	0.1749	0.0055	73.9750	75.6500	
-0.0666	0.1749	0.0056	74.0500	75.7000	
-0.0665	0.1747	0.0057	74.2250	75.7750	
-0.0663	0.1749	0.0061	74.1000	75.8750	
-0.0661	0.1751	0.0066	73.8750	75.7000	
-0.0663	0.1750	0.0062	74.0000	75.7750	
-0.0664	0.1742	0.0055	74.1000	75.8750	
-0.0664	0.1751	0.0060	73.9250	75.9000	
-0.0665	0.1746	0.0056	74.2250	75.9000	
-0.0663	0.1746	0.0058	74.1750	75.9000	
-0.0664	0.1745	0.0056	73.7750	75.8750	
-0.0663	0.1748	0.0060	74.1750	75.9000	
-0.0663	0.1746	0.0059	74.1250	76.1000	
-0.0663	0.1742	0.0057	73.9500	75.9000	
-0.0662	0.1748	0.0062	74.1500	76.1250	
-0.0662	0.1741	0.0057	73.9000	76.0000	
-0.0662	0.1745	0.0059	73.9000	76.0250	
-0.0662	0.1744	0.0060	74.0000	76.1000	
-0.0663	0.1746	0.0060	74.0250	76.0500	
-0.0662	0.1745	0.0060	73.9250	76.0000	
-0.0661	0.1745	0.0061	74.0500	76.0000	
-0.0661	0.1741	0.0059	73.9500	76.1250	
-0.0660	0.1742	0.0062	73.7750	76.1000	
-0.0661	0.1745	0.0062	73.9750	76.1000	
-0.0660	0.1742	0.0062	74.0750	76.2000	
-0.0660	0.1737	0.0058	74.0000	76.0750	
-0.0659	0.1743	0.0063	73.9000	76.1500	
-0.0660	0.1741	0.0061	74.1250	76.1750	
-0.0658	0.1740	0.0063	74.1000	76.1750	
-0.0658	0.1743	0.0066	73.8750	76.2250	
-0.0658	0.1743	0.0065	73.9250	76.2750	
-0.0658	0.1740	0.0064	74.0250	76.2500	
-0.0657	0.1743	0.0067	73.8250	76.2750	
-0.0658	0.1738	0.0062	74.1750	76.2000	
-0.0658	0.1740	0.0063	73.9750	76.4000	
-0.0658	0.1734	0.0060	74.0250	76.3000	
-0.0657	0.1745	0.0068	74.1750	76.4000	
-0.0657	0.1735	0.0061	74.1000	76.3500	
-0.0657	0.1737	0.0064	73.6500	76.4500	
-0.0654	0.1740	0.0071	74.1500	76.4500	
-0.0656	0.1736	0.0063	74.3000	76.3250	
-0.0656	0.1735	0.0064	73.8500	76.4500	
-0.0656	0.1739	0.0065	73.9250	76.4250	
-0.0657	0.1737	0.0064	74.1250	76.3750	
-0.0657	0.1734	0.0061	74.1250	76.3500	
-0.0657	0.1737	0.0064	74.0750	76.4250	
-0.0656	0.1737	0.0065	74.1250	76.3750	
-0.0656	0.1733	0.0061	73.9250	76.3750	
-0.0656	0.1737	0.0065	74.0250	76.3250	
-0.0656	0.1732	0.0062	74.1750	76.4750	
-0.0655	0.1737	0.0066	74.0500	76.4500	
-0.0656	0.1730	0.0061	73.9750	76.3250	
-0.0655	0.1738	0.0066	73.9500	76.4250	
-0.0655	0.1731	0.0063	74.0750	76.4750	
-0.0653	0.1739	0.0070	73.7750	76.4000	
-0.0651	0.1732	0.0069	73.8000	76.3000	
-0.0650	0.1738	0.0075	74.1750	76.4750	
-0.0652	0.1733	0.0069	73.6750	76.4000	
-0.0651	0.1733	0.0070	73.9750	76.6250	
-0.0651	0.1733	0.0070	74.0750	76.5250	
-0.0651	0.1731	0.0069	73.8000	76.4500	
-0.0653	0.1733	0.0067	73.9250	76.6250	
-0.0653	0.1734	0.0068	74.1250	76.4750	
-0.0652	0.1731	0.0068	74.0750	76.6500	
-0.0651	0.1733	0.0071	73.6750	76.6500	
-0.0651	0.1730	0.0068	74.0500	76.3250	
-0.0651	0.1732	0.0069	73.8000	76.6000	
-0.0650	0.1730	0.0070	73.9750	76.5500	
-0.0654	0.1739	0.0069	73.8750	76.5750	
-0.0650	0.1726	0.0068	73.8000	76.6000	
-0.0652	0.1735	0.0071	74.0750	76.5750	
-0.0651	0.1731	0.0070	73.7500	76.5500	
-0.0651	0.1727	0.0067	74.0000	76.5250	
-0.0651	0.1732	0.0070	73.9250	76.6000	
-0.0651	0.1729	0.0068	74.0750	76.4250	
-0.0646	0.1734	0.0078	73.9500	76.6500	
-0.0648	0.1727	0.0070	74.0000	76.5750	
-0.0650	0.1728	0.0069	73.9750	76.5000	
-0.0650	0.1728	0.0068	74.0500	76.5000	
-0.0651	0.1729	0.0068	73.9000	76.5250	
-0.0652	0.1728	0.0066	74.0750	76.4750	
-0.0651	0.1726	0.0066	74.0250	76.6750	
-0.0651	0.1728	0.0068	73.9750	76.6250	
-0.0651	0.1728	0.0067	74.0750	76.6000	
-0.0649	0.1724	0.0068	73.9000	76.5750	
0.6351	50.0000	0.7681	50.0000	
0.6165	50.0000	0.7063	50.0000	
0.5984	50.0000	0.6524	50.0000	
0.5797	50.0000	0.6028	50.0000	
0.5602	50.0000	0.5536	50.0000	
0.5397	50.0000	0.5059	50.0000	
0.5179	50.0000	0.4604	50.0000	
0.4950	50.0000	0.4183	50.0000	
0.4710	50.0000	0.3816	50.0000	
0.4461	50.0000	0.3516	50.0000	
0.4210	51.5750	0.3286	50.0000	
0.3960	50.0000	0.3137	50.0000	
0.3718	50.0000	0.3053	50.0000	
0.3495	50.0000	0.3014	50.0000	
0.3277	50.0000	0.2998	50.0000	
0.3055	50.0000	0.2988	50.0000	
0.2854	50.0000	0.2978	50.0000	
0.2676	50.0000	0.2965	50.0000	
0.2560	50.0000	0.2952	50.0000	
0.2498	49.8000	0.2939	50.0000	
0.2485	50.4000	0.2927	50.0000	
0.2485	58.4500	0.2915	50.0000	
0.2486	63.9000	0.2902	51.5250	
0.2485	64.5250	0.2889	71.3750	
0.2483	53.1000	0.2877	76.1500	
0.2483	50.9750	0.2863	79.2250	
0.2483	50.7000	0.2850	79.8250	
0.2483	50.6500	0.2835	79.8500	
0.2483	50.4000	0.2820	79.6250	
0.2482	51.1750	0.2802	79.4750	
0.2482	52.2250	0.2782	79.5000	
0.2482	52.2750	0.2754	79.4500	
0.2481	50.9500	0.2716	79.9500	
0.2481	50.7250	0.2669	80.0750	
0.2481	51.9750	0.2614	79.8750	
0.2480	53.6000	0.2550	79.2000	
0.2480	52.6750	0.2477	78.9500	
0.2480	53.2750	0.2395	78.9500	
0.2480	53.4000	0.2308	79.2500	
0.2479	53.4750	0.2218	79.6000	
0.2479	52.8500	0.2123	80.0500	
0.2479	53.1500	0.2031	80.2000	
0.2479	53.2750	0.1940	80.4750	
0.2479	58.5500	0.1855	80.4250	
0.2478	57.6000	0.1778	81.1250	
0.2477	53.9750	0.1709	81.3750	
0.2477	56.1750	0.1650	81.4000	
0.2476	58.7500	0.1603	81.3500	
0.2476	55.7000	0.1565	81.5250	
0.2475	57.2750	0.1537	81.5750	
0.2475	65.5750	0.1516	81.5750	
0.2474	64.8250	0.1501	81.6000	
0.2474	58.6750	0.1491	81.6000	
0.2473	54.7250	0.1484	81.5500	
0.2473	63.0000	0.1479	81.6000	
0.2472	68.2000	0.1475	81.6000	
0.2471	67.7000	0.1473	81.5750	
0.2471	63.5500	0.1470	81.6000	
0.2470	63.0750	0.1469	81.5750	
0.2470	63.5000	0.1467	81.5250	
0.2469	68.9750	0.1465	81.5250	
0.2468	72.1250	0.1464	81.5750	
0.2467	70.0500	0.1463	81.5000	
0.2467	70.2500	0.1462	81.5000	
0.2467	62.4500	0.1461	81.5500	
0.2465	66.4500	0.1460	81.6500	
0.2465	73.9000	0.1459	81.6750	
0.2464	73.3250	0.1458	81.6000	
0.2463	68.8000	0.1457	81.6000	
0.2462	67.8500	0.1456	81.6250	
0.2462	71.6250	0.1456	81.6250	
0.2461	73.0750	0.1455	81.6500	
0.2460	74.1000	0.1454	81.6500	
0.2460	71.4250	0.1453	81.7000	
0.2459	72.5250	0.1452	81.6750	
0.2458	73.4250	0.1452	81.7250	
0.2457	73.7500	0.1451	81.6500	
0.2456	73.4750	0.1450	81.6250	
0.2455	73.5750	0.1449	81.5750	
0.2455	73.8750	0.1449	81.5750	
0.2454	70.9750	0.1448	81.6000	
0.2453	72.6000	0.1447	81.5500	
0.2453	72.4500	0.1446	81.5750	
0.2451	74.5750	0.1445	81.5750	
0.2450	67.5500	0.1444	81.5500	
0.2449	72.4750	0.1443	81.5500	
0.2448	73.7750	0.1442	81.5750	
0.2447	73.7750	0.1442	81.5000	
0.2446	74.2750	0.1441	81.5250	
0.2445	71.3500	0.1440	81.5500	
0.2444	73.9750	0.1439	81.5000	
0.2442	74.7250	0.1438	81.4750	
0.2441	74.2750	0.1437	81.4750	
0.2441	73.9000	0.1436	81.4750	
0.2439	74.4500	0.1435	81.4500	
0.2438	75.1250	0.1434	81.4500	
0.2437	74.0250	0.1433	81.4500	
0.2436	74.6500	0.1432	81.4000	
0.2434	74.8500	0.1430	81.5000	
0.2433	74.4000	0.1429	81.3750	
0.2432	74.2500	0.1428	81.4500	
0.2430	74.0250	0.1427	81.4000	
0.2430	74.0250	0.1426	81.3750	
0.2428	74.9000	0.1425	81.4750	
0.2427	74.5000	0.1423	81.3750	
0.2425	74.9000	0.1422	81.4500	
0.2424	74.6250	0.1421	81.4000	
0.2422	74.1000	0.1420	81.4750	
0.2422	74.5750	0.1418	81.4000	
0.2419	74.4250	0.1417	81.4000	
0.2418	74.5500	0.1415	81.4250	
0.2416	74.4000	0.1414	81.4250	
0.2414	74.0500	0.1412	81.4000	
0.2412	74.7750	0.1411	81.4000	
0.2411	74.3000	0.1409	81.4000	
0.2410	74.6750	0.1408	81.4000	
0.2408	74.2000	0.1406	81.3750	
0.2406	74.4250	0.1404	81.4000	
0.2404	74.5000	0.1403	81.3750	
0.2402	74.2250	0.1401	81.4250	
0.2400	74.2750	0.1399	81.4250	
0.2398	74.5000	0.1397	81.3500	
0.2396	74.9500	0.1395	81.3750	
0.2394	74.9750	0.1393	81.3750	
0.2392	74.6500	0.1391	81.3500	
0.2389	74.8500	0.1389	81.4500	
0.2387	75.2500	0.1387	81.3500	
0.2385	74.4500	0.1385	81.3250	
0.2382	74.5250	0.1382	81.3750	
0.2380	74.6250	0.1381	81.3000	
0.2377	75.0000	0.1378	81.4250	
0.2374	74.8750	0.1376	81.2750	
0.2372	75.0750	0.1373	81.4000	
0.2369	74.8000	0.1370	81.3500	
0.2366	74.9500	0.1368	81.3500	
0.2363	74.7750	0.1365	81.3250	
0.2360	74.8500	0.1362	81.3500	
0.2357	74.7000	0.1359	81.3500	
0.2354	74.7750	0.1356	81.3000	
0.2351	74.7250	0.1352	81.3250	
0.2347	74.8000	0.1350	81.3000	
0.2344	74.9250	0.1346	81.3500	
0.2340	74.9750	0.1342	81.3250	
0.2337	75.0250	0.1339	81.3250	
0.2334	74.8500	0.1336	81.3500	
0.2330	74.8250	0.1332	81.2500	
0.2327	75.0000	0.1330	81.4750	
0.2322	75.0000	0.1323	81.3250	
0.2319	74.8250	0.1320	81.3250	
0.2314	75.1250	0.1315	81.2750	
0.2310	74.7750	0.1311	81.2750	
0.2307	75.1750	0.1307	81.2000	
0.2302	74.8250	0.1301	81.2250	
0.2298	75.0750	0.1298	81.2000	
0.2293	74.8250	0.1293	81.2000	
0.2287	74.8750	0.1287	81.2000	
0.2282	74.9250	0.1282	81.1500	
0.2277	74.6750	0.1276	81.1750	
0.2272	75.0000	0.1271	81.1500	
0.2270	74.4500	0.1265	81.1750	
0.2262	75.0750	0.1259	81.1250	
0.2257	75.1250	0.1254	81.1000	
0.2252	75.0250	0.1247	81.1250	
0.2246	75.6000	0.1240	81.0000	
0.2240	74.8250	0.1233	81.1000	
0.2234	74.7250	0.1226	81.1250	
0.2227	74.7000	0.1218	81.1000	
0.2219	74.8750	0.1211	81.0750	
0.2211	74.9750	0.1203	81.0000	
0.2202	74.9250	0.1195	81.0500	
0.2192	74.7000	0.1187	80.9500	
0.2182	75.3750	0.1179	81.0000	
0.2171	74.7500	0.1170	80.9750	
0.2160	75.2750	0.1161	80.9250	
0.2146	75.0000	0.1152	80.8750	
0.2138	75.0250	0.1143	80.9250	
0.2125	74.8500	0.1132	80.8500	
0.2110	75.2000	0.1124	80.8000	
0.2094	75.0500	0.1113	80.8250	
0.2082	75.4000	0.1101	80.8000	
0.2069	75.1500	0.1090	80.7500	
0.2057	74.8750	0.1079	80.7250	
0.2041	75.1000	0.1067	80.6750	
0.2025	75.1000	0.1055	80.6750	
0.2017	74.9500	0.1043	80.6750	
0.1999	75.0000	0.1030	80.6500	
0.1986	75.1750	0.1017	80.6250	
0.1971	75.1000	0.1004	80.6500	
0.1959	75.0500	0.0992	80.5500	
0.1945	74.6000	0.0980	80.5750	
0.1931	74.8750	0.0962	80.5750	
0.1918	75.3750	0.0948	80.5250	
0.1905	74.6750	0.0933	80.4750	
0.1891	75.2250	0.0919	80.3750	
0.1880	74.9250	0.0904	80.4500	
0.1864	75.0000	0.0887	80.3750	
0.1851	74.9250	0.0871	80.3500	
0.1840	75.1750	0.0857	80.2750	
0.1826	74.9750	0.0838	80.3000	
0.1815	75.2250	0.0822	80.2000	
0.1803	75.2000	0.0805	80.1750	
0.1793	75.1500	0.0787	80.1250	
0.1781	75.2750	0.0770	80.0750	
0.1774	74.9500	0.0752	80.0750	
0.1761	75.2750	0.0734	80.0750	
0.1753	75.1750	0.0715	80.0250	
0.1746	74.8750	0.0698	79.9750	
0.1736	74.9000	0.0679	79.9500	
0.1726	75.3000	0.0663	79.9500	
0.1718	75.1000	0.0642	79.9000	
0.1710	75.1500	0.0625	79.7250	
0.1700	75.3250	0.0605	79.8000	
0.1690	75.3500	0.0585	79.8000	
0.1685	75.7000	0.0567	79.8500	
0.1679	75.3250	0.0548	79.6750	
0.1673	75.0250	0.0531	79.6250	
0.1665	75.5750	0.0512	79.5250	
0.1658	75.2500	0.0493	79.4500	
0.1655	75.5000	0.0475	79.3500	
0.1659	74.6500	0.0459	79.2500	
0.1643	75.0500	0.0440	79.2250	
0.1637	75.5000	0.0423	79.1500	
0.1633	75.1750	0.0406	79.0000	
0.1630	74.9750	0.0392	78.9500	
0.1624	75.3000	0.0373	78.9250	
0.1620	75.3250	0.0357	78.8750	
0.1613	75.2750	0.0342	78.8500	
0.1619	75.2500	0.0327	78.7750	
0.1615	75.0750	0.0311	78.6500	
0.1609	74.7750	0.0296	78.6750	
0.1604	74.9250	0.0282	78.6500	
0.1597	75.2750	0.0269	78.5250	
0.1597	75.3750	0.0256	78.5000	
0.1591	75.4500	0.0243	78.4250	
0.1590	75.4000	0.0232	78.5250	
0.1586	75.3250	0.0223	78.4250	
0.1591	75.4500	0.0212	78.4000	
0.1587	75.3500	0.0199	78.3250	
0.1581	75.2500	0.0189	78.3250	
0.1578	75.5500	0.0181	78.2000	
0.1579	75.3750	0.0171	78.1500	
0.1575	75.5000	0.0161	78.1750	
0.1579	75.1750	0.0152	78.0750	
0.1570	75.3250	0.0145	78.0250	
0.1569	75.3000	0.0138	78.0000	
0.1569	75.2500	0.0131	77.8750	
0.1565	75.3250	0.0123	77.8500	
0.1562	75.3250	0.0117	77.7750	
0.1563	75.3000	0.0112	77.7500	
0.1561	75.2500	0.0107	77.7000	
0.1560	75.5750	0.0101	77.6250	
0.1557	75.3250	0.0096	77.5000	
0.1555	75.5000	0.0091	77.5750	
0.1556	75.3000	0.0087	77.4750	
0.1555	75.0500	0.0083	77.5000	
0.1554	75.5250	0.0080	77.4250	
0.1551	75.1250	0.0076	77.4000	
0.1551	75.4500	0.0073	77.3750	
0.1550	75.3500	0.0070	77.3500	
0.1548	75.6500	0.0067	77.3250	
0.1548	75.2250	0.0065	77.3000	
0.1550	74.9750	0.0062	77.2500	
0.1550	75.1750	0.0060	77.2500	
0.1546	75.0750	0.0058	77.2250	
0.1545	75.4000	0.0056	77.1500	
0.1544	74.6750	0.0054	77.0750	
0.1547	75.1000	0.0053	77.0750	
0.1542	74.9250	0.0051	77.0250	
0.1543	74.8750	0.0050	76.9500	
0.1540	75.0750	0.0049	77.0250	
0.1539	74.4500	0.0047	76.9250	
0.1538	74.6000	0.0046	76.9250	
0.1539	74.9250	0.0045	76.8750	
0.1540	74.4750	0.0044	76.9000	
0.1548	74.9000	0.0043	76.8500	
0.1540	74.7000	0.0043	76.8250	
0.1541	74.2000	0.0042	76.7750	
0.1536	74.6750	0.0041	76.8000	
0.1536	74.2250	0.0040	76.7750	
0.1537	74.5000	0.0040	76.7750	
0.1535	73.7250	0.0039	76.7250	
0.1533	73.9000	0.0038	76.6500	
0.1532	73.5500	0.0038	76.7000	
0.1535	73.9000	0.0037	76.6750	
0.1534	73.1000	0.0037	76.6500	
0.1532	72.9250	0.0036	76.6500	
0.1530	73.0000	0.0036	76.5750	
0.1530	72.7250	0.0035	76.5500	
0.1527	72.3500	0.0035	76.5500	
0.1527	72.0500	0.0034	76.5500	
0.1524	72.0250	0.0034	76.4750	
0.1524	72.8500	0.0034	76.4500	
0.1523	71.1500	0.0033	76.4250	
0.1521	73.0250	0.0033	76.3750	
0.1520	71.4500	0.0033	76.4000	
0.1519	71.3250	0.0033	76.3250	
0.1517	69.8750	0.0032	76.3250	
0.1516	69.6750	0.0032	76.3500	
0.1514	70.1000	0.0032	76.2750	
0.1513	66.7500	0.0031	76.2500	
0.1514	67.7500	0.0031	76.2500	
0.1511	66.5000	0.0031	76.1750	
0.1511	65.0750	0.0031	76.1750	
0.1510	63.5500	0.0031	76.2000	
0.1509	61.8500	0.0031	76.1250	
0.1510	61.4750	0.0030	76.1500	
0.1508	62.2250	0.0030	76.1500	
0.1507	61.1750	0.0030	76.0500	
0.1507	61.2500	0.0030	76.0750	
0.1506	59.9500	0.0030	76.0250	
0.1506	60.2250	0.0030	76.0500	
0.1505	59.8750	0.0030	76.0000	
0.1505	59.5750	0.0029	76.0000	
0.1504	59.6250	0.0029	75.9000	
0.1503	59.2500	0.0029	75.9500	
0.1503	58.9000	0.0029	75.8500	
0.1501	58.4750	0.0029	75.8750	
0.1501	58.4750	0.0029	75.9000	
0.1500	59.0000	0.0029	75.8750	
0.1501	57.8500	0.0029	75.8500	
0.1501	59.0750	0.0029	75.8250	
0.1502	57.8750	0.0028	75.8750	
0.1499	57.6750	0.0028	75.7750	
0.1498	58.4250	0.0028	75.8000	
0.1498	57.6750	0.0028	75.7500	
0.1498	58.2500	0.0028	75.7750	
0.1497	57.8750	0.0028	75.8000	
0.1496	57.5250	0.0028	75.8250	
0.1496	58.1250	0.0028	75.7750	
0.1502	56.7500	0.0028	75.7500	
0.1506	59.2250	0.0028	75.7250	
0.1503	56.9750	0.0028	75.7500	
0.1497	57.5250	0.0028	75.7000	
0.1497	57.6250	0.0028	75.6750	
0.1495	56.8250	0.0028	75.6500	
0.1492	58.0500	0.0028	75.7500	
0.1494	57.1250	0.0028	75.7500	
0.1493	57.4750	0.0028	75.6750	
0.1493	56.7250	0.0028	75.6750	
0.1492	57.4250	0.0027	75.6500	
0.1490	56.5250	0.0027	75.7000	
0.1492	58.0000	0.0027	75.6250	
0.1495	56.0500	0.0027	75.6250	
0.1490	57.0250	0.0027	75.6500	
0.1494	56.5250	0.0027	75.6000	
0.1488	56.6500	0.0027	75.6000	
0.1489	55.7500	0.0027	75.6250	
0.1489	57.2000	0.0027	75.5750	
0.1491	55.8000	0.0027	75.5750	
0.1489	57.1750	0.0027	75.5750	
0.1489	55.9000	0.0027	75.5250	
0.1487	56.6000	0.0027	75.4750	
0.1486	56.1000	0.0027	75.6000	
0.1488	56.9750	0.0027	75.5750	
0.1486	55.8500	0.0027	75.5000	
0.1485	56.1250	0.0027	75.5500	
0.1486	56.1500	0.0027	75.5250	
0.1485	56.3500	0.0027	75.5250	
0.1485	55.7000	0.0027	75.5500	
0.1485	56.9750	0.0027	75.5500	
0.1485	55.5500	0.0027	75.4750	
0.1486	56.7750	0.0027	75.5000	
0.1483	56.0750	0.0027	75.5000	
0.1481	55.6750	0.0026	75.5250	
0.1481	56.3250	0.0026	75.5000	
0.1484	54.8750	0.0026	75.5000	
0.1485	56.0000	0.0026	75.4750	
0.1479	55.3250	0.0026	75.4500	
0.1477	55.5500	0.0026	75.4250	
0.1476	54.9750	0.0026	75.4750	
0.1476	55.7750	0.0025	75.4500	
0.1479	55.1500	0.0025	75.4750	
0.1477	55.0500	0.0025	75.4250	
0.1477	54.9750	0.0025	75.3750	
0.1482	54.7500	0.0025	75.3500	
0.1476	55.3250	0.0025	75.3000	
0.1485	53.8750	0.0025	75.3250	
0.1480	54.3250	0.0024	75.2750	
0.1476	54.1000	0.0024	75.3000	
0.1471	54.0500	0.0024	75.2750	
0.1471	54.2750	0.0024	75.1750	
0.1473	53.9500	0.0024	75.2750	
0.1471	54.5750	0.0024	75.2250	
0.1470	53.8750	0.0024	75.2250	
0.1468	54.2000	0.0024	75.2500	
0.1469	54.4000	0.0024	75.2000	
0.1470	54.8000	0.0024	75.2500	
0.1470	54.1750	0.0024	75.2250	
0.1468	54.0000	0.0024	75.2250	
0.1468	53.8500	0.0024	75.2500	
0.1469	53.5000	0.0024	75.1750	
0.1466	53.9500	0.0024	75.2000	
0.1466	54.1500	0.0023	75.2250	
0.1466	54.1500	0.0023	75.0750	
0.1465	54.0750	0.0023	75.2500	
0.1465	53.9750	0.0023	75.2000	
0.1465	54.0750	0.0023	75.1750	
0.1464	53.5000	0.0023	75.2000	
0.1464	53.2250	0.0023	75.1250	
0.1464	53.0250	0.0024	75.1000	
0.1464	53.2750	0.0024	75.1500	
0.1466	53.1750	0.0023	75.1500	
0.1465	53.2000	0.0023	75.0750	
0.1467	53.4500	0.0023	75.1750	
0.1470	52.7250	0.0023	75.1250	
0.1466	53.6000	0.0023	75.1750	
0.1463	53.1750	0.0023	75.1000	
0.1464	52.8750	0.0023	75.1750	
0.1468	53.3750	0.0023	75.1000	
0.1467	53.3000	0.0023	75.0750	
0.1467	53.0500	0.0023	75.1250	
0.1463	53.0250	0.0023	75.1250	
0.1460	53.3250	0.0023	75.0750	
0.1464	53.3000	0.0023	75.1250	
0.1461	53.0250	0.0023	75.0750	
0.1460	53.1750	0.0023	75.0750	
0.1461	53.2750	0.0023	75.1000	
0.1461	53.5500	0.0023	75.0250	
0.1460	53.0500	0.0023	75.1250	
0.1461	53.0500	0.0023	75.1250	
0.1458	52.7500	0.0023	75.1000	
0.1459	53.2250	0.0023	75.1000	
0.1459	52.8750	0.0023	75.0750	
0.1458	52.7750	0.0023	75.1000	
0.1457	53.0000	0.0023	75.0250	
0.1456	53.1000	0.0023	75.0500	
0.1456	52.8750	0.0023	75.0500	
0.1457	52.8250	0.0022	75.0500	
0.1456	52.8750	0.0022	75.1000	
0.1456	52.9500	0.0022	75.0500	
0.1457	52.1500	0.0022	75.0750	
0.1455	52.7750	0.0022	75.1000	
0.1457	52.7750	0.0022	75.0500	
0.1458	52.6500	0.0022	75.0250	
0.1455	52.2000	0.0022	75.0500	
0.1455	52.8500	0.0022	75.0750	
0.1454	52.5750	0.0022	75.0500	
0.1458	52.2750	0.0022	75.0500	
0.1453	52.0750	0.0022	75.0750	
0.1458	52.2500	0.0022	75.0250	
0.1457	53.1500	0.0022	75.0750	
0.1460	53.4000	0.0022	75.1250	
0.1458	52.1250	0.0022	75.0000	
0.1454	52.1000	0.0022	75.0000	
0.1453	52.1000	0.0022	75.0250	
0.1455	52.5750	0.0022	75.0500	
0.1454	53.0250	0.0022	75.0250	
0.1452	52.4750	0.0022	75.0250	
0.1453	52.2750	0.0022	75.0750	
0.1454	51.8750	0.0022	75.0250	
0.1454	52.9250	0.0022	75.0750	
0.1453	51.6500	0.0022	75.0250	
0.1451	53.0250	0.0022	75.0500	
0.1453	52.5500	0.0022	75.0250	
0.1451	52.2000	0.0022	75.0500	
0.1452	52.7500	0.0022	75.0750	
0.1452	51.9500	0.0022	75.0250	
0.1452	52.5250	0.0022	74.9750	
0.1451	52.6000	0.0022	75.0000	
0.1452	52.6500	0.0022	75.0750	
0.1455	53.0000	0.0022	75.0750	
0.1453	50.4500	0.0022	75.0000	
0.1453	52.5250	0.0022	75.0250	
0.1451	51.2750	0.0022	75.0500	
0.1452	52.5750	0.0022	75.0500	
0.1450	51.3500	0.0022	75.0500	
0.1449	51.4000	0.0022	75.0250	
0.1449	51.3250	0.0022	75.0250	
0.1450	51.6000	0.0022	74.9500	
0.1449	51.2750	0.0022	75.0250	
0.1449	51.8750	0.0022	75.0250	
0.1448	52.5250	0.0022	75.0500	
0.1449	51.9500	0.0022	75.0250	
0.1452	52.2250	0.0022	75.0000	
0.1448	51.4750	0.0022	75.0500	
0.1448	51.1250	0.0022	75.0000	
0.1450	50.0500	0.0022	75.0000	
0.1451	51.9500	0.0022	75.0500	
0.1453	48.4000	0.0022	75.0500	
0.1453	52.0000	0.0022	75.0250	
0.1450	49.3000	0.0022	75.0500	
0.1450	51.7750	0.0022	75.0500	
0.1447	50.4250	0.0022	75.0500	
0.1446	51.9000	0.0022	75.0000	
0.1446	52.0750	0.0022	75.0000	
0.1446	51.7750	0.0022	75.0000	
0.1447	51.7000	0.0022	75.0250	
0.1447	52.3750	0.0022	74.9750	
0.1445	52.2000	0.0022	75.0000	
0.1447	52.2750	0.0022	75.0250	
0.1446	51.9500	0.0022	75.0000	
0.1445	52.1750	0.0022	75.0000	
0.1448	51.2250	0.0022	75.0500	
0.1446	52.6000	0.0022	74.9500	
0.1444	51.4750	0.0021	75.0500	
0.1444	51.1250	0.0021	74.9750	
0.1444	52.5750	0.0021	75.0250	
0.1444	52.0250	0.0021	75.0500	
0.1446	51.6000	0.0021	75.0000	
0.1446	52.3500	0.0021	75.0000	
0.1444	52.1500	0.0021	75.0500	
0.1444	52.4750	0.0021	75.0000	
0.1444	51.8250	0.0021	75.0250	
0.1446	52.0750	0.0021	75.0000	
0.1444	53.2000	0.0021	75.0500	
0.1445	51.4250	0.0022	75.0500	
0.1443	52.8500	0.0022	75.0000	
0.1443	51.9750	0.0021	75.0500	
0.1443	53.3250	0.0021	74.9500	
0.1442	53.5750	0.0021	75.0500	
0.1444	52.7000	0.0021	75.0250	
0.1443	53.2750	0.0021	75.0250	
0.1444	53.1250	0.0021	75.0250	
0.1444	51.7000	0.0021	75.0000	
0.1442	53.6500	0.0022	74.9500	
0.1441	53.5000	0.0022	75.0000	
0.1442	53.5750	0.0021	74.9500	
0.1440	52.7000	0.0021	75.0250	
0.1441	52.1000	0.0021	75.0000	
0.1440	53.0500	0.0021	75.0000	
0.1441	53.0500	0.0021	75.0000	
0.1440	52.6750	0.0021	75.0250	
0.1440	52.4000	0.0021	74.9500	
0.1440	52.4500	0.0021	75.0250	
0.1440	53.3750	0.0021	74.9500	
0.1442	52.7750	0.0021	75.0000	
0.1441	54.1000	0.0021	75.0000	
0.1440	53.5250	0.0021	74.9500	
0.1439	53.7000	0.0021	75.0000	
0.1440	53.0750	0.0021	75.0250	
0.1439	53.8750	0.0021	74.9750	
0.1439	54.1000	0.0021	74.9750	
0.1440	53.9750	0.0021	74.9750	
0.1441	53.6750	0.0021	74.9750	
0.1440	52.0500	0.0021	74.9750	
0.1439	52.9000	0.0021	74.9750	
0.1440	54.0750	0.0021	75.0000	
0.1440	53.4250	0.0021	75.0250	
0.1439	54.1750	0.0021	75.0000	
0.1439	52.4500	0.0021	75.0000	
0.1440	54.6500	0.0021	74.9500	
0.1438	53.9000	0.0021	75.0250	
0.1439	54.7750	0.0021	74.9250	
0.1442	54.2750	0.0021	75.0250	
0.1438	54.2250	0.0021	74.9500	
0.1438	53.0250	0.0021	74.9500	
0.1439	54.2000	0.0021	74.9000	
0.1439	52.6250	0.0021	74.9750	
0.1438	54.6250	0.0021	75.0000	
0.1439	54.3250	0.0021	74.9500	
0.1437	53.9750	0.0021	74.9750	
0.1437	54.1000	0.0021	74.9500	
0.1437	53.7000	0.0021	74.9750	
0.1437	54.7500	0.0021	74.9750	
0.1438	54.2500	0.0021	74.9750	
0.1441	51.4250	0.0021	74.9750	
0.1439	54.4250	0.0021	74.9750	
0.1438	52.3250	0.0021	75.0250	
0.1437	54.5750	0.0021	74.9500	
0.1437	54.6750	0.0021	75.0000	
0.1441	52.8750	0.0021	75.0000	
0.1437	54.7250	0.0021	74.9500	
0.1436	53.1750	0.0021	74.9250	
0.1436	54.1750	0.0021	74.9750	
0.1436	52.7250	0.0021	74.9500	
0.1436	52.7500	0.0021	74.9750	
0.1437	52.7000	0.0021	74.9750	
0.1436	54.0000	0.0021	75.0250	
0.1435	54.4750	0.0021	74.9500	
0.1437	52.9250	0.0021	74.9250	
0.1437	54.2000	0.0021	75.0000	
0.1436	53.0500	0.0021	74.9750	
0.1436	52.6000	0.0021	75.0000	
0.1437	52.9500	0.0021	74.9750	
0.1436	54.0750	0.0020	75.0000	
0.1435	53.2000	0.0020	74.9500	
0.1435	52.5250	0.0020	74.9500	
0.1435	54.1750	0.0020	74.9750	
0.1435	51.8500	0.0020	74.9500	
0.1435	52.7750	0.0020	74.9750	
0.1435	53.1750	0.0020	75.0000	
0.1435	52.7500	0.0020	74.9750	
0.1436	52.3250	0.0020	74.9750	
0.1434	53.7500	0.0021	74.9750	
0.1435	53.5250	0.0020	74.9500	
0.1435	52.5000	0.0020	74.9000	
0.1435	53.6250	0.0020	74.9750	
0.1437	53.0000	0.0020	74.9750	
0.1434	53.1750	0.0020	75.0000	
0.1436	52.7750	0.0021	75.0250	
0.1436	51.5750	0.0020	74.9500	
0.1434	54.2250	0.0020	74.9500	
0.1434	53.5500	0.0020	74.9500	
0.1434	50.2250	0.0020	74.9500	
0.1436	52.7250	0.0020	74.9750	
0.1436	50.5500	0.0020	74.9500	
0.1437	53.9250	0.0020	74.9750	
0.1441	50.8250	0.0020	75.0000	
0.1437	53.5000	0.0020	74.9500	
0.1433	51.7500	0.0020	74.9750	
0.1433	51.7250	0.0020	74.9500	
0.1434	53.0750	0.0020	74.9500	
0.1433	53.0000	0.0020	74.9500	
0.1432	52.9750	0.0020	74.9000	
0.1433	52.4000	0.0020	74.9750	
0.1433	52.7500	0.0020	74.9500	
0.1433	50.3250	0.0020	74.9500	
0.1433	53.0250	0.0020	74.9500	
0.1433	52.2750	0.0020	74.9500	
0.1432	54.3500	0.0020	74.9750	
0.1433	53.0750	0.0020	74.9250	
0.1433	54.1750	0.0020	74.9250	
0.1432	53.7000	0.0020	74.9500	
0.1433	53.2500	0.0020	74.9750	
0.1431	53.3000	0.0020	74.9250	
0.1434	53.4750	0.0020	74.9250	
0.1438	49.6250	0.0020	74.9500	
0.1435	54.9750	0.0020	74.9250	
0.1432	51.9500	0.0020	74.9250	
0.1432	53.8500	0.0020	74.9500	
0.1432	55.4250	0.0020	74.9250	
0.1431	53.2750	0.0020	74.9500	
0.1431	53.8750	0.0020	74.8750	
0.1435	54.4750	0.0020	74.9250	
0.1433	54.1250	0.0020	74.9500	
0.1431	54.1000	0.0020	74.9250	
0.1432	52.8750	0.0020	74.9750	
0.1431	52.8750	0.0020	74.9000	
0.1431	52.3500	0.0020	74.9500	
0.1431	54.8000	0.0020	74.9500	
0.1430	53.5750	0.0020	74.9250	
0.1430	54.8750	0.0020	74.9500	
0.1431	55.0750	0.0020	74.8250	
0.1430	53.3250	0.0020	74.9000	
0.1431	53.7250	0.0020	74.9250	
0.1430	54.5500	0.0020	74.9500	
0.1430	52.1500	0.0020	74.9500	
0.1430	53.8750	0.0020	74.9500	
0.1430	54.6000	0.0020	74.8750	
0.1431	53.1750	0.0020	74.9500	
0.1432	53.1750	0.0020	74.9000	
0.1429	54.1250	0.0020	74.9500	
0.1431	51.3250	0.0020	74.9250	
0.1430	54.7000	0.0020	74.9500	
0.1429	53.6250	0.0020	74.9000	
0.1430	54.5250	0.0020	74.9500	
0.1431	51.8500	0.0020	74.9250	
0.1427	53.1750	0.0020	74.8750	
0.1431	54.6000	0.0020	74.9750	
0.1430	50.7250	0.0020	74.9000	
0.1430	54.3750	0.0020	74.9250	
0.1428	52.8000	0.0020	74.9250	
0.1428	54.2000	0.0019	74.9000	
0.1431	54.8250	0.0019	74.9250	
0.1429	52.1750	0.0019	74.9500	
0.1429	54.5500	0.0019	74.9250	
0.1428	52.9000	0.0019	74.8500	
0.1429	51.8250	0.0019	74.9000	
0.1430	54.9750	0.0020	74.9250	
0.1428	53.6000	0.0020	74.9000	
0.1428	54.2750	0.0020	75.0000	
0.1427	54.3500	0.0020	74.9000	
0.1428	55.2250	0.0020	74.9000	
0.1427	54.6500	0.0019	74.9500	
0.1427	52.2750	0.0019	74.9000	
0.1428	53.6250	0.0019	74.8750	
0.1429	51.8250	0.0019	74.9250	
0.1427	54.8250	0.0020	74.9000	
0.1428	54.9250	0.0019	74.9250	
0.1427	52.2750	0.0019	74.9000	
0.1426	53.9750	0.0019	74.8750	
0.1427	55.4500	0.0019	74.9000	
0.1425	52.9750	0.0019	74.8500	
0.1426	55.3250	0.0019	74.9500	
0.1425	56.0750	0.0020	74.9500	
0.1425	54.3500	0.0020	74.9500	
0.1426	55.1500	0.0019	74.9250	
0.1424	52.2750	0.0019	74.9250	
0.1424	54.6250	0.0019	74.9500	
0.1422	53.4000	0.0019	74.9000	
0.1424	53.5750	0.0020	74.9000	
0.1422	52.0750	0.0020	74.9500	
0.1422	54.2500	0.0019	74.9000	
0.1421	55.0000	0.0019	74.8750	
0.1420	53.4000	0.0019	74.8750	
0.1419	53.3500	0.0019	74.9000	
0.1419	52.2250	0.0019	74.9250	
0.1418	53.2500	0.0019	74.9750	
0.1418	50.2500	0.0019	74.9250	
0.1420	53.8000	0.0019	74.8750	
0.1418	50.1500	0.0019	74.9000	
0.1417	54.4500	0.0019	74.9250	
0.1417	54.1250	0.0019	74.9000	
0.1416	53.2250	0.0019	74.9000	
0.1416	52.6250	0.0019	74.8500	
0.1416	53.7250	0.0019	74.9000	
0.1416	53.9500	0.0019	74.9000	
0.1414	52.9250	0.0019	74.8500	
0.1416	52.6500	0.0019	74.9500	
0.1415	54.8250	0.0019	74.8750	
0.1415	54.2250	0.0019	74.9250	
0.1414	55.0750	0.0019	74.8750	
0.1414	54.6500	0.0019	74.9250	
0.1414	55.2250	0.0019	74.8750	
0.1415	55.5750	0.0019	74.9500	
0.1415	54.9500	0.0019	74.8750	
0.1414	55.7250	0.0019	74.8500	
0.1414	55.4000	0.0019	74.9000	
0.1414	54.8500	0.0019	74.9250	
0.1415	55.2250	0.0019	74.9250	
0.1415	54.3750	0.0019	74.8250	
0.1414	55.6500	0.0019	74.9000	
0.1414	56.0500	0.0019	74.8750	
0.1413	55.7000	0.0019	74.9250	
0.1413	55.6500	0.0019	74.9000	
0.1413	55.7000	0.0019	74.8250	
0.1412	56.0250	0.0019	74.8750	
0.1413	55.9500	0.0019	74.9000	
0.1412	55.8250	0.0019	74.8250	
0.1412	56.0250	0.0019	74.9000	
0.1415	55.8500	0.0019	74.8750	
0.1413	56.2500	0.0019	74.9250	
0.1412	56.0750	0.0019	74.8500	
0.1412	56.2500	0.0019	74.8000	
0.1411	56.1500	0.0019	74.9000	
0.1412	56.0250	0.0019	74.9250	
0.1411	56.2000	0.0019	74.9000	
0.1411	56.1500	0.0019	74.9500	
0.1412	56.0500	0.0019	74.9250	
0.1412	56.0000	0.0019	74.9250	
0.1413	56.3250	0.0019	74.9000	
0.1412	55.9750	0.0019	74.8750	
0.1411	56.5250	0.0019	74.9000	
0.1412	55.9500	0.0019	74.8500	
0.1411	56.2000	0.0019	74.9250	
0.1411	56.1000	0.0019	74.9000	
0.1411	55.9250	0.0019	74.8750	
0.1415	56.4750	0.0019	74.8500	
0.1411	55.9750	0.0019	74.8750	
0.1411	56.1750	0.0019	74.9250	
0.1410	56.2750	0.0019	74.9000	
0.1411	56.1500	0.0019	74.8750	
0.1414	56.3750	0.0019	74.9250	
0.1412	55.9250	0.0019	74.8250	
0.1414	56.3500	0.0018	74.9250	
0.1414	55.7500	0.0019	74.9250	
0.1409	56.6250	0.0018	74.9000	
0.1410	56.5750	0.0018	74.8750	
0.1410	56.2000	0.0019	74.9250	
0.1410	56.3250	0.0018	74.8750	
0.1409	56.6000	0.0018	74.9000	
0.1409	56.1000	0.0018	74.9250	
0.1409	56.3500	0.0018	74.9250	
0.1409	56.2250	0.0018	74.9000	
0.1409	56.3000	0.0018	74.8500	
0.1409	56.2500	0.0018	74.8750	
0.1408	56.2000	0.0018	74.9250	
0.1409	56.2750	0.0019	74.9000	
0.1409	56.4750	0.0018	74.9250	
0.1409	56.4250	0.0018	74.9250	
0.1409	56.0500	0.0018	74.9000	
0.1411	56.8500	0.0018	74.9000	
0.1409	56.2750	0.0018	74.9000	
0.1411	56.4750	0.0018	74.8750	
0.1409	56.3750	0.0018	74.9250	
0.1409	56.3500	0.0018	74.9250	
0.1409	56.5500	0.0018	74.9000	
0.1408	56.3500	0.0018	74.8500	
0.1410	56.2500	0.0018	74.9250	
0.1408	56.4750	0.0018	74.9000	
0.1408	56.4250	0.0018	74.9250	
0.1408	56.0750	0.0018	74.9250	
0.1409	56.6250	0.0018	74.9250	
0.1408	56.2500	0.0018	74.8750	
0.1408	56.5250	0.0018	74.9000	
0.1408	56.5000	0.0018	74.8500	
0.1409	56.0750	0.0018	74.9250	
0.1410	56.5250	0.0018	74.8500	
0.1409	56.0000	0.0018	74.9250	
0.1407	56.6500	0.0018	74.8250	
0.1409	56.5500	0.0018	74.9250	
0.1407	56.6500	0.0018	74.8500	
0.1407	56.5000	0.0018	74.9000	
0.1407	56.3500	0.0018	74.8250	
0.1407	56.6250	0.0018	74.9000	
0.1407	56.1250	0.0018	74.8000	
0.1408	56.2750	0.0018	74.9250	
0.1407	56.6250	0.0018	74.8750	
0.1407	56.5500	0.0018	74.9000	
0.1407	56.4500	0.0018	74.9000	
0.1407	56.3500	0.0018	74.9500	
0.1407	56.4250	0.0018	74.8750	
0.1409	56.8500	0.0018	74.9250	
0.1408	56.2000	0.0018	74.9250	
0.1407	56.3250	0.0018	74.9000	
0.1409	57.0500	0.0018	74.9250	
0.1406	56.1750	0.0018	74.9250	
0.1407	56.5000	0.0018	74.9000	
0.1408	56.3000	0.0018	74.9250	
0.1407	56.8750	0.0018	74.8250	
0.1409	57.0250	0.0018	74.9750	
0.1407	55.9750	0.0018	74.8500	
0.1408	56.5000	0.0018	74.9250	
0.1406	56.4500	0.0018	74.9000	
0.1409	56.5750	0.0018	74.9000	
0.1407	56.3000	0.0018	74.9000	
0.1406	56.3000	0.0018	74.9000	
0.1408	57.0750	0.0018	74.8750	
0.1407	56.2250	0.0018	74.9000	
0.1406	56.7000	0.0018	74.9500	
0.1406	56.6500	0.0018	74.8500	
0.1406	56.3000	0.0018	74.9000	
0.1406	56.3250	0.0018	74.8750	
0.1406	56.7750	0.0018	74.8750	
0.1405	56.4000	0.0018	74.9250	
0.1406	56.4500	0.0018	74.9000	
0.1406	56.7000	0.0018	74.9500	
0.1406	56.5250	0.0018	74.9000	
0.1405	56.6250	0.0018	74.9250	
0.1406	56.3500	0.0018	74.9250	
0.1407	56.7500	0.0018	74.8750	
0.1407	56.0250	0.0018	74.9250	
0.1408	57.1000	0.0018	74.9000	
0.1407	56.0250	0.0018	74.9000	
0.1406	56.3250	0.0018	74.9000	
0.1406	56.9500	0.0018	74.9250	
0.1407	56.0750	0.0018	74.9000	
0.1405	56.8000	0.0018	74.9250	
0.1406	56.8750	0.0018	74.8750	
0.1410	55.7250	0.0018	74.8750	
0.1406	57.1250	0.0018	74.9250	
0.1405	56.4000	0.0018	74.9000	
0.1406	56.5250	0.0018	74.9000	
0.1406	56.7750	0.0018	74.9250	
0.1406	56.1000	0.0018	74.9250	
0.1406	56.5750	0.0018	74.8750	
0.1405	56.4750	0.0018	74.9000	
0.1407	56.9500	0.0018	74.9000	
0.1408	55.6000	0.0018	74.9250	
0.1406	57.1250	0.0018	74.9250	
0.1404	56.5750	0.0018	74.9000	
0.1406	56.2250	0.0018	74.9250	
0.1407	56.0000	0.0018	74.9000	
0.1404	56.6250	0.0018	74.9250	
0.1408	56.1500	0.0018	74.9250	
0.1405	56.8000	0.0018	74.9000	
0.1404	56.5500	0.0018	74.9000	
0.1405	56.4500	0.0018	74.9250	
0.1405	56.3000	0.0018	74.9250	
0.1404	56.4750	0.0018	74.9000	
0.1404	56.7750	0.0018	74.9000	
0.1406	55.8000	0.0018	74.9000	
0.1404	56.7500	0.0018	74.9250	
0.1404	56.5250	0.0018	74.9000	
0.1405	56.5750	0.0018	74.9250	
0.1404	56.7500	0.0018	74.9000	
0.1404	56.3500	0.0018	74.9250	
0.1409	56.9250	0.0018	74.9250	
0.1405	55.6750	0.0018	74.9250	
0.1405	57.1000	0.0018	74.9250	
0.1404	56.6250	0.0018	74.9250	
0.1404	56.3000	0.0018	74.9250	
0.1404	56.5000	0.0018	74.9000	
0.1404	56.5250	0.0018	74.9000	
0.1405	56.3000	0.0018	74.9000	
0.1404	56.7250	0.0018	74.9500	
0.1403	56.3500	0.0018	74.9000	
0.1405	56.6250	0.0018	74.9250	
0.1404	56.1750	0.0018	74.9250	
0.1403	56.5500	0.0018	74.8750	
0.1404	56.7250	0.0018	74.9250	
0.1404	56.2750	0.0018	74.9250	
0.1403	56.4500	0.0018	74.9250	
0.1404	56.6000	0.0018	74.9250	
0.1403	56.5000	0.0018	74.9000	
0.1404	56.4000	0.0018	74.9500	
0.1403	56.5750	0.0018	74.9250	
0.1404	56.6500	0.0018	74.9500	
0.1403	56.2000	0.0018	74.9000	
0.1404	56.5500	0.0018	74.9250	
0.1404	56.3500	0.0018	74.9000	
0.1403	56.6500	0.0018	74.9250	
0.1403	56.5750	0.0018	74.9000	
0.1403	56.3000	0.0018	74.9250	
0.1403	56.6500	0.0018	74.9250	
0.1403	56.3750	0.0018	74.9250	
0.1403	56.3000	0.0018	74.9250	
0.1404	56.7500	0.0018	74.9250	
0.1403	56.3750	0.0018	74.9250	
0.1403	56.6500	0.0018	74.9250	
0.1403	56.6000	0.0018	74.9250	
0.1403	56.4250	0.0018	74.9000	
0.1403	56.6000	0.0018	74.9250	
0.1403	56.0500	0.0018	74.9500	
0.1402	56.5000	0.0018	74.9000	
0.1403	56.8000	0.0018	74.9500	
0.1403	56.4250	0.0018	74.9250	
0.1403	56.7500	0.0018	74.9250	
0.1402	56.4750	0.0018	74.9250	
0.1403	56.7250	0.0018	74.9250	
0.1403	55.8750	0.0018	74.9250	
0.1404	56.9000	0.0018	74.9250	
0.1405	56.0000	0.0018	74.9000	
0.1402	56.7000	0.0018	74.9500	
0.1404	56.5250	0.0018	74.9250	
0.1404	56.5500	0.0018	74.9000	
0.1404	56.3750	0.0018	74.9250	
0.1403	56.1000	0.0018	74.9000	
0.1405	57.0250	0.0018	74.9250	
0.1406	56.1500	0.0018	74.9750	
0.1404	56.8250	0.0018	74.9000	
0.1404	56.5500	0.0018	74.9250	
0.1401	56.4250	0.0018	74.9000	
0.1403	56.6250	0.0018	74.9250	
0.1402	56.6000	0.0018	74.9500	
0.1403	56.5000	0.0018	74.9250	
0.1403	56.3500	0.0018	74.9500	
0.1401	56.5750	0.0018	74.9250	
0.1402	56.4000	0.0018	74.9250	
0.1402	56.7000	0.0018	74.9250	
0.1402	56.1000	0.0018	74.9000	
0.1402	56.4500	0.0018	74.9500	
0.1402	56.6000	0.0018	74.9250	
0.1402	56.6250	0.0018	74.9250	
0.1402	56.1750	0.0018	74.8750	
0.1402	56.7000	0.0018	74.9250	
0.1403	56.1750	0.0018	74.9000	
0.1401	56.2500	0.0018	74.9250	
0.1403	56.6500	0.0018	74.9250	
0.1401	56.5000	0.0018	74.9250	
0.1402	56.4750	0.0018	74.9500	
0.1401	56.4000	0.0018	74.9250	
0.1402	56.4250	0.0018	74.9750	
0.1402	56.6500	0.0018	74.8500	
0.1402	56.3500	0.0018	74.9500	
0.1401	56.1500	0.0018	74.9500	
0.1402	56.5250	0.0018	74.9250	
0.1402	56.6250	0.0018	74.8750	
0.1402	56.1250	0.0018	75.0000	
0.1400	56.7000	0.0018	74.9250	
0.1402	56.7500	0.0018	74.9250	
0.1402	56.2250	0.0018	74.9250	
0.1402	56.5750	0.0018	74.9500	
0.1401	56.3500	0.0018	74.9500	
0.1402	56.8000	0.0018	74.9250	
0.1402	56.7000	0.0018	74.9500	
0.1403	55.8750	0.0018	74.9250	
0.1402	56.2250	0.0018	74.9250	
0.1401	56.3500	0.0018	74.9250	
0.1401	56.4000	0.0018	74.9250	
0.1401	56.5500	0.0018	74.9250	
0.1401	56.2750	0.0018	74.9250	
0.1402	56.7250	0.0018	74.9250	
0.1401	56.3750	0.0018	74.9250	
0.1401	56.0500	0.0018	74.9500	
0.1401	56.4500	0.0018	74.8750	
0.1401	56.6750	0.0018	74.9750	
0.1400	56.5500	0.0018	74.9250	
0.1401	56.5750	0.0018	74.9250	
0.1401	56.4250	0.0018	74.9250	
0.1401	56.4500	0.0018	74.9250	
0.1402	56.2750	0.0018	74.9500	
0.1401	56.8500	0.0018	74.9000	
0.1401	56.3250	0.0018	74.9250	
0.1403	56.4750	0.0018	74.9250	
0.1400	56.3500	0.0018	74.9250	
0.1401	56.4500	0.0018	74.9750	
0.1401	56.7250	0.0017	74.9250	
0.1401	55.9250	0.0018	74.9500	
0.1401	56.6750	0.0018	74.9500	
0.1400	56.4250	0.0018	74.9500	
0.1401	56.3500	0.0018	74.9500	
0.1400	56.3500	0.0018	74.9000	
0.1400	56.3750	0.0018	74.9750	
0.1400	56.6250	0.0018	74.9500	
0.1401	56.0250	0.0018	74.9250	
0.1403	56.9500	0.0017	74.9250	
0.1403	55.7500	0.0018	75.0000	
0.1400	56.6000	0.0018	74.8750	
0.1401	56.5250	0.0017	74.9500	
0.1401	56.5500	0.0017	74.9250	
0.1402	56.5000	0.0018	74.9250	
0.1400	56.4500	0.0017	74.9500	
0.1400	56.5250	0.0017	74.9500	
0.1400	56.6000	0.0018	74.9250	
0.1400	56.4000	0.0017	74.9750	
0.1400	56.4500	0.0017	74.9250	
0.1400	56.5000	0.0017	74.9250	
0.1400	56.4250	0.0017	74.9250	
0.1401	56.2000	0.0018	74.9250	
0.1400	56.4250	0.0017	74.9250	
0.1400	56.6250	0.0017	74.9750	
0.1400	56.1000	0.0017	74.9500	
0.1400	56.7000	0.0017	74.9250	
0.1400	56.3000	0.0018	74.9500	
0.1399	56.5250	0.0018	74.9500	
0.1400	56.5750	0.0018	74.9250	
0.1400	56.0250	0.0018	74.9750	
0.1400	56.5000	0.0018	74.9500	
0.1400	56.7000	0.0017	74.9750	
