Loss_Adversary	Accuracy_Adversary	Loss_Target	Accuracy_Target	
0.4522	0.3385	0.7911	50.0000	50.0000	
0.4287	0.3351	0.7560	50.0000	50.0000	
0.4055	0.3319	0.7216	50.0000	50.0000	
0.3829	0.3288	0.6879	50.0000	50.0000	
0.3605	0.3257	0.6546	50.0000	50.0000	
0.3381	0.3227	0.6212	50.0000	50.0000	
0.3158	0.3198	0.5881	50.0000	50.0000	
0.2934	0.3170	0.5550	50.0000	50.0000	
0.2712	0.3143	0.5221	50.0000	50.0000	
0.2494	0.3117	0.4898	50.0000	50.0000	
0.2280	0.3091	0.4581	50.0000	50.0000	
0.2074	0.3067	0.4277	50.0000	50.0000	
0.1875	0.3043	0.3983	50.0000	50.0000	
0.1690	0.3020	0.3709	50.0000	50.0000	
0.1515	0.2998	0.3449	50.0000	50.0000	
0.1341	0.2975	0.3190	50.0000	50.0000	
0.1182	0.2941	0.2950	50.0000	50.0000	
0.1044	0.2886	0.2728	50.0000	50.0000	
0.0926	0.2825	0.2534	50.0000	50.0000	
0.0821	0.2765	0.2358	50.0000	58.1250	
0.0733	0.2701	0.2205	50.0000	85.5500	
0.0661	0.2634	0.2074	50.0000	87.8250	
0.0605	0.2563	0.1963	50.0000	88.8750	
0.0564	0.2487	0.1871	50.0000	88.6500	
0.0539	0.2411	0.1803	50.0000	88.0500	
0.0528	0.2336	0.1755	66.8750	87.8250	
0.0532	0.2255	0.1726	74.7000	87.7250	
0.0541	0.2179	0.1707	74.9500	87.8000	
0.0552	0.2108	0.1693	74.9750	87.6000	
0.0563	0.2045	0.1681	75.0250	87.8000	
0.0572	0.1992	0.1672	75.1750	88.1250	
0.0582	0.1937	0.1661	75.0250	88.4250	
0.0587	0.1898	0.1652	75.0250	89.0750	
0.0588	0.1868	0.1641	74.9750	89.2000	
0.0590	0.1842	0.1632	75.2250	89.1000	
0.0590	0.1813	0.1620	75.1250	89.2750	
0.0590	0.1793	0.1612	75.2500	89.6500	
0.0590	0.1772	0.1602	75.2750	90.4750	
0.0586	0.1757	0.1591	75.2750	91.0250	
0.0584	0.1743	0.1581	75.0250	91.6500	
0.0579	0.1724	0.1565	75.3500	92.5000	
0.0571	0.1696	0.1543	75.2250	93.0500	
0.0555	0.1665	0.1506	74.9500	94.1500	
0.0532	0.1623	0.1455	75.0250	96.0500	
0.0488	0.1576	0.1373	75.0500	97.0000	
0.0426	0.1519	0.1259	75.1000	96.2500	
0.0342	0.1480	0.1123	75.5500	94.9000	
0.0245	0.1456	0.0974	74.8000	91.9750	
0.0149	0.1434	0.0827	74.6000	89.5250	
0.0062	0.1419	0.0697	74.7250	89.0250	
-0.0010	0.1412	0.0590	75.1500	87.1250	
-0.0068	0.1407	0.0506	74.6750	85.1500	
-0.0114	0.1409	0.0441	75.0000	82.9250	
-0.0156	0.1404	0.0379	74.7500	79.6500	
-0.0189	0.1399	0.0330	74.9250	77.9250	
-0.0216	0.1398	0.0291	70.2750	78.0000	
-0.0239	0.1388	0.0253	56.4000	77.9750	
-0.0260	0.1390	0.0225	52.4500	77.4250	
-0.0278	0.1379	0.0195	52.2750	77.4250	
-0.0292	0.1378	0.0173	52.5500	77.4000	
-0.0304	0.1379	0.0158	51.4250	76.5000	
-0.0313	0.1374	0.0142	50.7250	76.2500	
-0.0321	0.1374	0.0130	50.6250	76.2750	
-0.0328	0.1372	0.0119	49.8250	75.8750	
-0.0334	0.1378	0.0113	48.4250	75.9750	
-0.0338	0.1372	0.0105	49.1750	75.7500	
-0.0344	0.1372	0.0097	48.2500	75.0250	
-0.0349	0.1376	0.0092	47.0250	75.5000	
-0.0353	0.1372	0.0084	47.7500	75.4750	
-0.0357	0.1372	0.0079	47.5000	75.3000	
-0.0360	0.1373	0.0074	47.1500	75.1500	
-0.0363	0.1373	0.0070	46.6250	75.3750	
-0.0366	0.1372	0.0066	47.2000	75.3000	
-0.0368	0.1371	0.0061	47.1000	75.0500	
-0.0371	0.1373	0.0058	47.2500	75.3250	
-0.0373	0.1376	0.0056	46.2750	74.9250	
-0.0375	0.1374	0.0052	47.0500	75.1750	
-0.0377	0.1373	0.0049	47.3750	75.2250	
-0.0379	0.1375	0.0047	47.0500	74.8250	
-0.0381	0.1376	0.0045	47.3000	75.5750	
-0.0383	0.1376	0.0042	47.5250	74.8000	
-0.0384	0.1376	0.0042	47.3000	75.3500	
-0.0386	0.1376	0.0039	47.7250	75.0000	
-0.0387	0.1378	0.0037	48.1750	75.1000	
-0.0388	0.1378	0.0036	48.2500	74.9500	
-0.0389	0.1379	0.0034	48.9500	75.2000	
-0.0390	0.1380	0.0034	48.0750	74.8000	
-0.0391	0.1379	0.0032	48.9000	75.3250	
-0.0392	0.1383	0.0032	48.7000	74.6750	
-0.0392	0.1381	0.0032	50.0250	75.1000	
-0.0394	0.1381	0.0030	49.6250	74.7000	
-0.0394	0.1382	0.0029	49.6000	75.1500	
-0.0395	0.1383	0.0028	50.7750	75.0750	
-0.0395	0.1383	0.0028	49.8250	74.7250	
-0.0396	0.1380	0.0026	50.7250	75.3750	
-0.0396	0.1379	0.0025	50.9000	74.7250	
-0.0396	0.1381	0.0025	50.5000	75.0750	
-0.0397	0.1380	0.0024	51.0500	74.8500	
-0.0397	0.1378	0.0023	51.2250	74.8250	
-0.0398	0.1379	0.0023	50.8000	74.9500	
-0.0398	0.1378	0.0022	51.4500	74.9250	
-0.0398	0.1379	0.0022	51.2000	75.0250	
-0.0399	0.1378	0.0021	51.7000	74.7750	
-0.0399	0.1377	0.0020	51.8000	74.7000	
-0.0399	0.1377	0.0020	51.8250	75.2500	
-0.0400	0.1376	0.0019	51.4500	74.6750	
-0.0400	0.1376	0.0019	51.9750	75.1500	
-0.0399	0.1378	0.0020	51.5500	74.8500	
-0.0399	0.1378	0.0020	53.3750	75.0750	
-0.0400	0.1379	0.0020	52.2500	74.3750	
-0.0399	0.1374	0.0019	53.1250	75.2750	
-0.0400	0.1375	0.0018	53.3250	74.4500	
-0.0399	0.1375	0.0019	52.5000	74.7500	
-0.0400	0.1373	0.0016	53.9000	75.5000	
-0.0401	0.1373	0.0015	54.8250	74.4750	
-0.0401	0.1373	0.0015	53.5750	74.6750	
-0.0401	0.1372	0.0015	53.8000	74.9750	
-0.0402	0.1371	0.0014	53.2500	74.9250	
-0.0402	0.1372	0.0014	53.5500	74.9750	
-0.0402	0.1370	0.0013	54.4750	74.8500	
-0.0402	0.1371	0.0014	54.5250	75.1000	
-0.0402	0.1371	0.0014	55.5250	74.8250	
-0.0402	0.1369	0.0013	54.9250	75.0000	
-0.0402	0.1370	0.0013	55.2750	74.7500	
-0.0402	0.1369	0.0012	55.6500	75.0250	
-0.0403	0.1368	0.0011	55.6250	74.6750	
-0.0403	0.1368	0.0011	54.9750	75.1000	
-0.0403	0.1368	0.0010	55.8000	74.9250	
-0.0404	0.1368	0.0010	56.3750	75.0500	
-0.0404	0.1368	0.0009	57.3500	74.8750	
-0.0404	0.1368	0.0009	57.5000	75.2500	
-0.0404	0.1369	0.0009	56.6000	74.8000	
-0.0405	0.1370	0.0008	57.1250	74.8500	
-0.0405	0.1370	0.0008	57.7750	74.8000	
-0.0406	0.1371	0.0008	58.8250	75.0750	
-0.0406	0.1372	0.0008	59.3250	75.2250	
-0.0407	0.1376	0.0008	58.9750	74.9250	
-0.0407	0.1376	0.0008	58.9750	75.0500	
-0.0408	0.1378	0.0008	59.5000	75.1750	
-0.0408	0.1380	0.0009	59.9500	74.8750	
-0.0408	0.1383	0.0009	59.7750	75.1250	
-0.0410	0.1390	0.0010	59.3250	74.9750	
-0.0411	0.1395	0.0010	59.3000	74.8000	
-0.0412	0.1404	0.0013	59.2250	75.0250	
-0.0413	0.1409	0.0014	59.1000	75.0750	
-0.0413	0.1415	0.0017	60.6000	75.3250	
-0.0413	0.1418	0.0017	61.8750	74.7000	
-0.0413	0.1420	0.0019	63.7500	75.1000	
-0.0413	0.1417	0.0017	66.5750	74.7500	
-0.0412	0.1413	0.0017	68.3000	74.9750	
-0.0412	0.1410	0.0016	67.3750	74.8500	
-0.0411	0.1408	0.0016	66.4000	74.6250	
-0.0411	0.1406	0.0016	64.3750	74.7500	
-0.0411	0.1406	0.0016	59.9500	74.7750	
-0.0410	0.1403	0.0015	56.4250	74.9500	
-0.0410	0.1402	0.0015	56.0250	74.7500	
-0.0410	0.1403	0.0015	54.7250	74.6500	
-0.0410	0.1400	0.0014	54.5500	74.9750	
-0.0410	0.1399	0.0014	55.5250	75.2000	
-0.0410	0.1397	0.0013	55.1500	75.1500	
-0.0410	0.1396	0.0012	54.7250	74.9750	
-0.0409	0.1396	0.0014	53.5750	75.2000	
-0.0410	0.1395	0.0012	51.7500	74.7500	
-0.0411	0.1394	0.0011	50.8500	75.1000	
-0.0411	0.1394	0.0010	49.3750	75.2250	
-0.0411	0.1394	0.0010	48.5500	75.0000	
-0.0412	0.1394	0.0009	47.5000	75.3250	
-0.0411	0.1393	0.0009	46.7750	75.0250	
-0.0412	0.1395	0.0009	46.9250	74.8750	
-0.0412	0.1395	0.0009	45.6500	75.0500	
-0.0413	0.1395	0.0008	45.0750	75.0500	
-0.0413	0.1396	0.0008	45.0000	75.1250	
-0.0413	0.1399	0.0010	44.8750	74.9250	
-0.0413	0.1401	0.0010	44.8500	74.6750	
-0.0415	0.1405	0.0010	43.9250	74.8500	
-0.0414	0.1403	0.0010	44.2500	74.7750	
-0.0416	0.1404	0.0008	44.0500	74.5750	
-0.0416	0.1410	0.0009	43.4750	74.4000	
-0.0417	0.1410	0.0009	43.4500	74.4750	
-0.0417	0.1409	0.0008	43.2500	74.0250	
-0.0417	0.1412	0.0010	42.6000	74.0250	
-0.0418	0.1412	0.0009	43.0750	74.2500	
-0.0418	0.1415	0.0009	43.1500	73.8750	
-0.0417	0.1415	0.0010	43.0750	73.8500	
-0.0418	0.1414	0.0009	43.3500	73.8000	
-0.0418	0.1414	0.0010	43.7750	73.9250	
-0.0418	0.1414	0.0010	44.5750	73.9000	
-0.0417	0.1413	0.0009	46.1000	73.7750	
-0.0418	0.1415	0.0010	48.2750	73.9000	
-0.0418	0.1414	0.0010	47.8750	74.0500	
-0.0418	0.1415	0.0009	48.4000	74.2250	
-0.0418	0.1416	0.0010	50.4250	74.0250	
-0.0418	0.1418	0.0011	51.3250	74.1250	
-0.0417	0.1416	0.0012	53.0500	74.5250	
-0.0418	0.1418	0.0011	54.5750	74.6000	
-0.0418	0.1421	0.0012	54.8500	74.6500	
-0.0417	0.1422	0.0013	54.8750	74.7750	
-0.0417	0.1423	0.0014	56.2500	75.1500	
-0.0417	0.1423	0.0014	57.1250	74.7750	
-0.0417	0.1428	0.0016	55.2500	75.2500	
-0.0417	0.1424	0.0015	56.1250	75.3000	
-0.0416	0.1423	0.0015	57.0500	75.0750	
-0.0417	0.1423	0.0013	56.9500	74.8750	
-0.0418	0.1426	0.0014	56.0750	75.0500	
-0.0416	0.1426	0.0016	56.2000	75.1250	
-0.0416	0.1423	0.0016	57.4750	74.8500	
-0.0416	0.1423	0.0015	57.3500	75.1250	
-0.0416	0.1422	0.0016	56.8500	75.3250	
-0.0416	0.1423	0.0015	56.6750	75.2750	
-0.0416	0.1421	0.0015	57.1000	74.9500	
-0.0417	0.1423	0.0014	57.6000	75.4750	
-0.0417	0.1425	0.0015	57.3750	75.3000	
-0.0414	0.1425	0.0019	55.8750	74.9000	
-0.0416	0.1421	0.0015	55.0000	75.2500	
-0.0416	0.1424	0.0016	57.2250	75.5250	
-0.0415	0.1423	0.0017	56.1000	75.0500	
-0.0415	0.1420	0.0015	55.6750	75.4250	
-0.0414	0.1419	0.0017	56.3000	75.3250	
-0.0416	0.1420	0.0014	57.1500	75.1000	
-0.0416	0.1419	0.0013	57.1250	75.2750	
-0.0416	0.1418	0.0013	55.7250	75.1250	
-0.0416	0.1419	0.0013	55.7250	75.3250	
-0.0416	0.1418	0.0013	56.6000	75.4250	
-0.0416	0.1417	0.0013	57.9000	75.1750	
-0.0416	0.1418	0.0013	56.2500	75.1750	
-0.0416	0.1417	0.0013	56.8750	75.3750	
-0.0416	0.1418	0.0014	57.1750	75.3000	
-0.0415	0.1419	0.0015	56.4750	75.0250	
-0.0415	0.1414	0.0013	56.2500	74.9750	
-0.0416	0.1417	0.0014	57.7750	75.5500	
-0.0415	0.1415	0.0013	57.8000	75.0000	
-0.0415	0.1415	0.0013	55.5500	75.1750	
-0.0415	0.1414	0.0013	55.4000	75.5750	
-0.0415	0.1414	0.0013	56.9000	75.3500	
-0.0415	0.1414	0.0012	58.7000	75.1750	
-0.0415	0.1413	0.0013	57.3250	74.9250	
-0.0415	0.1413	0.0012	55.3750	75.2250	
-0.0416	0.1414	0.0012	56.7000	75.5250	
-0.0415	0.1412	0.0013	57.5500	75.1250	
-0.0414	0.1411	0.0013	56.7750	75.0250	
-0.0415	0.1411	0.0012	56.4750	75.3000	
-0.0415	0.1411	0.0012	56.6750	75.2250	
-0.0415	0.1412	0.0012	56.5250	75.0750	
-0.0414	0.1410	0.0012	57.0750	75.3000	
-0.0413	0.1407	0.0013	57.7000	75.2750	
-0.0414	0.1411	0.0014	56.3750	75.4500	
-0.0412	0.1407	0.0014	57.8000	75.0750	
-0.0414	0.1410	0.0012	56.7250	75.1750	
-0.0415	0.1409	0.0012	57.1250	75.6750	
-0.0414	0.1409	0.0012	56.9500	75.2500	
-0.0414	0.1410	0.0013	57.9500	75.5500	
-0.0413	0.1408	0.0013	57.9750	75.4500	
-0.0414	0.1413	0.0015	57.2750	74.8500	
-0.0413	0.1413	0.0015	57.1250	75.7000	
-0.0415	0.1411	0.0013	56.9000	75.2750	
-0.0415	0.1407	0.0011	57.7250	75.5500	
-0.0415	0.1406	0.0010	57.4750	75.1500	
-0.0414	0.1405	0.0010	57.1500	75.4500	
-0.0415	0.1406	0.0010	56.8250	75.3500	
-0.0414	0.1404	0.0010	57.0750	75.5000	
-0.0414	0.1404	0.0010	57.6500	75.4000	
-0.0414	0.1403	0.0010	56.8250	75.5000	
-0.0414	0.1403	0.0010	56.7000	75.5250	
-0.0414	0.1402	0.0010	56.6500	75.2500	
-0.0414	0.1403	0.0010	56.8750	75.7250	
-0.0413	0.1402	0.0010	57.2500	75.3500	
-0.0413	0.1401	0.0010	55.8500	75.2500	
-0.0413	0.1402	0.0010	56.7750	75.9250	
-0.0412	0.1401	0.0011	56.2750	75.5750	
-0.0413	0.1401	0.0010	56.2000	75.5750	
-0.0412	0.1398	0.0011	56.5250	75.5000	
-0.0413	0.1401	0.0011	55.6500	75.7250	
-0.0412	0.1399	0.0011	55.0000	75.4250	
-0.0411	0.1401	0.0013	56.3250	75.9750	
-0.0412	0.1400	0.0011	55.8000	75.8500	
-0.0412	0.1399	0.0011	55.5500	75.6750	
-0.0411	0.1399	0.0012	55.1500	76.0750	
-0.0411	0.1398	0.0012	55.5000	75.5750	
-0.0412	0.1398	0.0010	54.9750	75.8750	
-0.0412	0.1397	0.0010	55.5000	76.0750	
-0.0412	0.1397	0.0010	55.6000	75.9500	
-0.0412	0.1397	0.0010	55.7500	76.0500	
-0.0412	0.1397	0.0010	55.1750	75.8500	
-0.0411	0.1396	0.0011	55.4750	76.1250	
-0.0411	0.1397	0.0011	55.3750	76.0750	
-0.0411	0.1396	0.0012	55.0500	75.8500	
-0.0410	0.1395	0.0012	55.6250	76.0750	
-0.0411	0.1395	0.0011	56.3750	76.0000	
-0.0411	0.1395	0.0011	56.6250	76.1250	
-0.0411	0.1395	0.0011	55.4750	76.2000	
-0.0411	0.1394	0.0011	55.4000	76.0500	
-0.0411	0.1394	0.0011	55.8500	76.1750	
-0.0411	0.1393	0.0011	56.5250	76.2250	
-0.0411	0.1395	0.0011	56.9500	75.9000	
-0.0409	0.1396	0.0014	55.5250	76.3750	
-0.0409	0.1397	0.0014	56.2000	76.0500	
-0.0409	0.1394	0.0013	56.1500	75.4000	
-0.0410	0.1394	0.0012	55.9000	76.4000	
-0.0410	0.1394	0.0012	56.1250	76.2250	
-0.0410	0.1394	0.0012	57.0500	76.0000	
-0.0409	0.1394	0.0013	56.0000	76.3500	
-0.0409	0.1394	0.0013	56.0750	76.1250	
-0.0409	0.1394	0.0013	56.7250	75.9000	
-0.0409	0.1397	0.0015	56.8500	76.4000	
-0.0408	0.1395	0.0015	56.3000	75.9750	
-0.0409	0.1395	0.0014	55.8250	75.7750	
-0.0408	0.1393	0.0015	55.5750	76.2250	
-0.0409	0.1395	0.0014	56.9000	76.3500	
-0.0409	0.1395	0.0014	56.9750	75.7000	
-0.0409	0.1395	0.0014	56.2500	76.1250	
-0.0409	0.1395	0.0014	55.2250	75.7000	
-0.0409	0.1395	0.0014	55.3250	75.8250	
-0.0409	0.1395	0.0014	56.1750	75.8750	
-0.0408	0.1395	0.0014	56.4000	75.3500	
-0.0408	0.1395	0.0015	54.9750	75.8500	
-0.0408	0.1395	0.0015	56.2750	75.9250	
-0.0408	0.1395	0.0016	56.2500	75.5500	
-0.0408	0.1396	0.0016	54.8750	75.3500	
-0.0408	0.1395	0.0016	56.3000	75.8000	
-0.0407	0.1393	0.0015	56.9000	75.6000	
-0.0407	0.1393	0.0015	55.6500	75.3250	
-0.0407	0.1394	0.0015	55.8000	75.8750	
-0.0407	0.1393	0.0015	55.7750	75.2250	
-0.0407	0.1392	0.0015	55.2000	75.5000	
-0.0407	0.1391	0.0015	55.9750	75.5250	
-0.0407	0.1391	0.0015	55.5250	74.9500	
-0.0406	0.1389	0.0015	53.7250	75.3250	
-0.0407	0.1391	0.0015	55.3750	75.7750	
-0.0406	0.1390	0.0015	55.8500	75.0750	
-0.0407	0.1389	0.0014	54.6500	75.2250	
-0.0407	0.1388	0.0014	53.6500	75.6250	
-0.0406	0.1386	0.0014	54.9500	75.3000	
-0.0406	0.1387	0.0014	55.6250	75.3750	
-0.0406	0.1387	0.0014	55.2500	75.0000	
-0.0407	0.1386	0.0013	55.3000	75.5500	
-0.0407	0.1385	0.0013	55.8750	75.3000	
-0.0407	0.1385	0.0012	55.6250	75.1500	
-0.0407	0.1385	0.0012	55.7750	75.3500	
-0.0407	0.1384	0.0012	56.3500	75.4000	
-0.0408	0.1384	0.0011	57.1250	75.0250	
-0.0408	0.1386	0.0012	57.4000	75.6500	
-0.0408	0.1386	0.0012	57.8500	75.0750	
-0.0407	0.1383	0.0011	58.6500	75.1000	
-0.0408	0.1384	0.0010	59.4750	75.5250	
-0.0409	0.1385	0.0009	60.8000	74.8250	
-0.0409	0.1385	0.0010	59.4500	75.4000	
-0.0409	0.1385	0.0009	60.0750	75.3500	
-0.0410	0.1386	0.0009	60.6500	74.8750	
-0.0410	0.1387	0.0009	61.4500	74.5000	
-0.0410	0.1389	0.0009	60.6250	75.4500	
-0.0411	0.1388	0.0008	62.9500	74.9250	
-0.0411	0.1391	0.0008	63.6750	74.6500	
-0.0412	0.1391	0.0008	63.5000	74.6750	
-0.0412	0.1393	0.0008	62.6250	75.0250	
-0.0413	0.1395	0.0008	63.9000	74.7000	
-0.0413	0.1397	0.0008	65.0750	74.2000	
-0.0414	0.1399	0.0008	64.4250	74.8500	
-0.0414	0.1401	0.0008	65.1500	74.1750	
-0.0415	0.1404	0.0008	65.2000	74.0750	
-0.0416	0.1406	0.0009	64.9250	74.1500	
-0.0416	0.1409	0.0009	64.5500	73.9750	
-0.0417	0.1412	0.0010	64.6000	73.7750	
-0.0417	0.1416	0.0011	64.3500	73.7750	
-0.0418	0.1418	0.0011	61.7250	73.5500	
-0.0418	0.1422	0.0012	63.3500	73.4500	
-0.0419	0.1425	0.0013	64.4500	73.1750	
-0.0420	0.1432	0.0014	64.1250	73.3250	
-0.0420	0.1434	0.0014	62.0250	72.9000	
-0.0421	0.1439	0.0016	60.2250	73.1000	
-0.0422	0.1445	0.0017	59.2250	73.1250	
-0.0422	0.1449	0.0019	61.5250	72.8500	
-0.0422	0.1453	0.0020	61.3750	72.6000	
-0.0423	0.1454	0.0018	60.4000	72.8500	
-0.0425	0.1458	0.0018	59.9750	72.5250	
-0.0425	0.1464	0.0020	59.0500	72.7500	
-0.0424	0.1463	0.0021	59.0750	73.2250	
-0.0426	0.1464	0.0019	59.0250	72.8500	
-0.0425	0.1466	0.0021	58.1500	73.1500	
-0.0426	0.1466	0.0020	57.8000	73.2250	
-0.0426	0.1464	0.0019	57.7250	73.2750	
-0.0426	0.1465	0.0020	57.0500	73.8250	
-0.0426	0.1464	0.0019	56.5500	73.3500	
-0.0426	0.1464	0.0019	55.6000	73.7750	
-0.0425	0.1463	0.0020	55.5000	73.5750	
-0.0424	0.1461	0.0020	55.3500	73.8500	
-0.0425	0.1459	0.0018	54.0750	73.5500	
-0.0425	0.1457	0.0018	52.4750	73.7250	
-0.0424	0.1457	0.0018	51.6250	74.0750	
-0.0424	0.1455	0.0018	51.2250	73.6250	
-0.0423	0.1455	0.0019	51.7500	74.2750	
-0.0423	0.1453	0.0019	51.0500	73.6000	
-0.0423	0.1451	0.0018	50.5000	74.4500	
-0.0422	0.1448	0.0017	49.2500	73.7500	
-0.0422	0.1448	0.0018	48.6000	74.1500	
-0.0421	0.1445	0.0018	49.5250	74.0000	
-0.0421	0.1444	0.0018	48.0000	74.3500	
-0.0420	0.1442	0.0017	46.6500	73.8250	
-0.0420	0.1440	0.0017	46.0000	74.8250	
-0.0420	0.1438	0.0017	46.7750	73.9000	
-0.0420	0.1436	0.0016	46.7000	73.9500	
-0.0419	0.1434	0.0016	45.6750	74.1500	
-0.0419	0.1435	0.0016	45.6750	74.0000	
-0.0419	0.1431	0.0015	45.4500	74.6000	
-0.0419	0.1432	0.0015	45.4500	74.3000	
-0.0419	0.1432	0.0016	44.9750	73.9500	
-0.0418	0.1427	0.0015	44.8750	74.3250	
-0.0418	0.1425	0.0013	45.3000	74.4750	
-0.0418	0.1426	0.0013	45.0000	74.1750	
-0.0418	0.1423	0.0013	45.3750	74.2500	
-0.0418	0.1423	0.0012	44.5250	74.2000	
-0.0418	0.1423	0.0012	44.3000	74.5250	
-0.0418	0.1421	0.0012	43.8000	74.1000	
-0.0418	0.1420	0.0011	43.7000	74.3000	
-0.0418	0.1420	0.0011	44.1500	74.2250	
-0.0418	0.1418	0.0011	43.7250	73.8000	
-0.0418	0.1417	0.0010	43.8750	74.1750	
-0.0418	0.1416	0.0010	43.5500	74.0250	
-0.0418	0.1415	0.0010	44.4500	74.0500	
-0.0418	0.1415	0.0010	44.8500	73.9250	
-0.0417	0.1414	0.0010	45.3750	73.5750	
-0.0417	0.1412	0.0009	45.8750	74.1500	
-0.0417	0.1412	0.0010	46.9750	73.8500	
-0.0416	0.1412	0.0010	47.3000	73.7000	
-0.0416	0.1412	0.0010	47.6250	74.0250	
-0.0416	0.1412	0.0011	49.1500	73.6500	
-0.0416	0.1413	0.0011	50.6000	73.9000	
-0.0416	0.1414	0.0011	50.8000	73.6250	
-0.0416	0.1415	0.0011	51.2500	73.7000	
-0.0417	0.1417	0.0012	52.3500	73.8250	
-0.0417	0.1419	0.0012	52.6000	74.1250	
-0.0417	0.1423	0.0014	53.0500	73.3500	
-0.0417	0.1422	0.0014	52.7750	74.1500	
-0.0417	0.1421	0.0013	52.6000	73.9250	
-0.0417	0.1420	0.0013	52.7250	73.8750	
-0.0416	0.1418	0.0013	52.7000	74.2750	
-0.0416	0.1415	0.0012	52.7500	74.1250	
-0.0415	0.1412	0.0012	51.7250	74.2000	
-0.0415	0.1410	0.0012	49.7750	74.0500	
-0.0415	0.1407	0.0011	49.1500	74.4250	
-0.0414	0.1406	0.0011	48.0250	74.4500	
-0.0415	0.1405	0.0010	46.5250	74.5500	
-0.0414	0.1404	0.0010	45.7000	74.7250	
-0.0415	0.1405	0.0010	45.1250	74.4500	
-0.0415	0.1405	0.0009	44.5500	74.4750	
-0.0416	0.1404	0.0008	44.0750	74.4000	
-0.0416	0.1406	0.0009	43.0250	74.5000	
-0.0416	0.1405	0.0008	42.7500	74.5750	
-0.0416	0.1404	0.0007	42.9500	74.4250	
-0.0417	0.1404	0.0007	43.6500	74.3500	
-0.0416	0.1405	0.0008	42.7500	74.2000	
-0.0416	0.1402	0.0007	42.7500	74.2000	
-0.0415	0.1397	0.0006	42.3500	74.0000	
-0.0414	0.1393	0.0006	44.1750	74.2250	
-0.0413	0.1391	0.0006	45.6750	73.9000	
-0.0412	0.1388	0.0006	46.8000	74.1500	
-0.0412	0.1385	0.0006	46.8000	74.2000	
-0.0411	0.1387	0.0007	48.1250	73.9250	
-0.0411	0.1387	0.0008	49.7750	74.0250	
-0.0411	0.1387	0.0007	50.0500	74.0500	
-0.0412	0.1391	0.0008	50.8750	73.5750	
-0.0413	0.1397	0.0009	52.0750	73.5750	
-0.0415	0.1404	0.0009	52.9000	73.7000	
-0.0417	0.1420	0.0013	53.5750	73.0250	
-0.0420	0.1435	0.0015	55.7000	73.2000	
-0.0423	0.1448	0.0016	57.6000	72.7250	
-0.0424	0.1462	0.0020	57.3750	73.2750	
-0.0425	0.1470	0.0023	56.5750	72.8000	
-0.0424	0.1463	0.0022	56.7500	74.4000	
-0.0424	0.1460	0.0020	57.5750	74.2750	
-0.0424	0.1452	0.0017	58.0000	74.0750	
-0.0423	0.1442	0.0014	56.5750	74.6500	
-0.0422	0.1434	0.0012	54.1250	74.6500	
-0.0420	0.1426	0.0011	50.8500	74.4500	
-0.0419	0.1420	0.0010	45.2500	74.6500	
-0.0419	0.1416	0.0009	42.3500	74.7750	
-0.0418	0.1414	0.0009	41.5000	74.6000	
-0.0418	0.1412	0.0008	44.0750	74.5750	
-0.0417	0.1410	0.0008	45.7500	74.6250	
-0.0417	0.1409	0.0008	46.0250	74.6000	
-0.0417	0.1410	0.0008	45.7250	74.4500	
-0.0417	0.1409	0.0008	45.6750	74.9250	
-0.0417	0.1408	0.0008	46.2000	74.7250	
-0.0417	0.1410	0.0008	47.1750	74.7000	
-0.0417	0.1411	0.0010	48.3250	74.5500	
-0.0417	0.1411	0.0009	47.6500	74.4000	
-0.0417	0.1410	0.0009	47.0250	74.7500	
-0.0417	0.1411	0.0009	45.8250	74.8000	
-0.0417	0.1410	0.0009	46.4750	74.4250	
-0.0417	0.1411	0.0009	47.6000	74.3750	
-0.0417	0.1413	0.0009	48.5500	74.5250	
-0.0417	0.1413	0.0009	48.8750	74.7750	
-0.0417	0.1413	0.0009	48.1750	74.7250	
-0.0418	0.1414	0.0010	47.6000	74.4250	
-0.0418	0.1413	0.0009	47.6500	74.7000	
-0.0417	0.1413	0.0009	46.4000	74.3000	
-0.0418	0.1414	0.0009	45.3250	74.6250	
-0.0418	0.1412	0.0009	45.8000	74.6500	
-0.0417	0.1414	0.0010	46.4750	74.6000	
-0.0417	0.1414	0.0010	47.4500	74.7000	
-0.0417	0.1413	0.0009	47.6000	74.4750	
-0.0418	0.1413	0.0009	45.6000	74.7750	
-0.0417	0.1413	0.0010	46.2250	74.6750	
-0.0417	0.1412	0.0010	45.8000	74.5750	
-0.0417	0.1412	0.0009	45.4250	74.7750	
-0.0417	0.1413	0.0009	44.6250	74.3750	
-0.0417	0.1412	0.0009	45.8000	74.7500	
-0.0417	0.1412	0.0009	46.8750	74.5250	
-0.0417	0.1412	0.0009	46.1500	74.5250	
-0.0417	0.1412	0.0010	44.9750	74.6250	
-0.0416	0.1411	0.0010	43.5000	74.8250	
-0.0416	0.1411	0.0010	44.0000	74.3750	
-0.0417	0.1411	0.0009	45.2250	74.7750	
-0.0417	0.1410	0.0009	44.5250	74.5750	
-0.0417	0.1410	0.0009	43.2250	74.2000	
-0.0416	0.1410	0.0009	43.1500	74.8750	
-0.0417	0.1409	0.0009	43.8250	74.6000	
-0.0417	0.1409	0.0009	43.7000	74.5250	
-0.0417	0.1409	0.0009	44.0500	74.6750	
-0.0417	0.1410	0.0009	44.4000	74.7750	
-0.0415	0.1410	0.0011	45.2500	74.7500	
-0.0416	0.1409	0.0009	45.1500	74.3500	
-0.0416	0.1409	0.0009	44.4750	74.5000	
-0.0416	0.1409	0.0009	44.9500	74.7000	
-0.0416	0.1409	0.0009	45.8000	74.4000	
-0.0416	0.1407	0.0009	47.1750	74.5750	
-0.0416	0.1407	0.0009	46.4000	74.5750	
-0.0416	0.1409	0.0010	45.9250	74.3250	
-0.0415	0.1408	0.0010	46.8250	74.8000	
-0.0415	0.1409	0.0010	46.2000	74.7250	
-0.0415	0.1407	0.0010	45.5750	74.6500	
-0.0415	0.1408	0.0011	46.6000	74.6500	
-0.0415	0.1408	0.0010	47.0250	74.1750	
-0.0415	0.1406	0.0009	47.9750	74.6000	
-0.0416	0.1407	0.0009	46.6000	74.6500	
-0.0416	0.1406	0.0009	46.3750	74.4750	
-0.0415	0.1406	0.0009	45.9500	74.7750	
-0.0415	0.1406	0.0009	45.7500	74.5750	
-0.0415	0.1405	0.0009	47.7500	74.5250	
-0.0415	0.1405	0.0009	47.3000	74.4500	
-0.0415	0.1407	0.0010	46.5500	74.0250	
-0.0415	0.1404	0.0009	47.4750	74.8750	
-0.0415	0.1405	0.0009	47.2250	74.3500	
-0.0415	0.1405	0.0010	48.5250	74.6000	
-0.0415	0.1405	0.0010	49.4250	74.3250	
-0.0414	0.1405	0.0011	49.0000	74.5250	
-0.0413	0.1403	0.0011	48.7250	74.2500	
-0.0414	0.1404	0.0011	48.3750	74.3000	
-0.0414	0.1403	0.0010	50.0250	74.4750	
-0.0414	0.1404	0.0011	50.5000	74.2000	
-0.0414	0.1405	0.0011	50.1750	74.1250	
-0.0413	0.1404	0.0012	50.9250	74.4750	
-0.0413	0.1406	0.0013	51.7750	74.0000	
-0.0413	0.1407	0.0013	52.2250	74.2750	
-0.0412	0.1409	0.0015	52.1500	73.9250	
-0.0412	0.1408	0.0016	52.7500	74.5500	
-0.0411	0.1409	0.0016	51.5500	74.5500	
-0.0411	0.1409	0.0016	51.7000	74.3000	
-0.0411	0.1406	0.0016	51.8750	74.4500	
-0.0410	0.1406	0.0016	51.1750	74.2250	
-0.0410	0.1405	0.0016	49.9250	74.3250	
-0.0410	0.1403	0.0016	50.1000	74.7500	
-0.0410	0.1402	0.0015	49.5750	74.7000	
-0.0410	0.1403	0.0015	48.4250	74.4500	
-0.0410	0.1401	0.0015	47.2250	74.8000	
-0.0411	0.1402	0.0014	45.5000	74.8000	
-0.0411	0.1401	0.0014	43.7000	74.8500	
-0.0411	0.1403	0.0014	43.6500	75.0750	
-0.0412	0.1404	0.0013	42.4500	75.0500	
-0.0412	0.1406	0.0014	39.6000	74.7750	
-0.0413	0.1413	0.0016	37.4250	75.3750	
-0.0417	0.1425	0.0015	35.9250	75.0000	
-0.0421	0.1443	0.0017	34.4500	74.7000	
-0.0429	0.1479	0.0021	33.5750	74.5500	
-0.0441	0.1530	0.0026	34.2500	75.1250	
-0.0453	0.1595	0.0036	34.0250	75.8500	
-0.0462	0.1634	0.0040	34.2250	76.2000	
-0.0464	0.1645	0.0042	34.4750	77.4750	
-0.0458	0.1625	0.0042	35.9750	76.5000	
-0.0450	0.1586	0.0037	36.6000	77.5750	
-0.0440	0.1542	0.0033	37.3750	76.0500	
-0.0431	0.1499	0.0027	38.0000	75.7250	
-0.0426	0.1475	0.0024	37.5000	74.7750	
-0.0423	0.1459	0.0021	35.1500	73.9500	
-0.0423	0.1455	0.0019	32.2000	74.1750	
-0.0423	0.1451	0.0018	30.1500	73.7250	
-0.0424	0.1450	0.0016	28.7000	73.7500	
-0.0424	0.1449	0.0015	28.7500	73.9000	
-0.0425	0.1452	0.0016	29.5250	73.3250	
-0.0422	0.1446	0.0017	29.8250	73.6750	
-0.0423	0.1446	0.0015	30.9500	73.4000	
-0.0424	0.1445	0.0014	32.2000	73.5750	
-0.0424	0.1445	0.0013	33.3500	73.6250	
-0.0424	0.1443	0.0013	34.6250	73.3000	
-0.0424	0.1443	0.0013	35.4250	73.2750	
-0.0424	0.1444	0.0012	36.9250	73.1000	
-0.0425	0.1443	0.0012	38.1000	73.1000	
-0.0424	0.1443	0.0012	38.8250	73.3250	
-0.0424	0.1443	0.0012	39.4500	72.6750	
-0.0424	0.1442	0.0012	39.9500	72.7500	
-0.0424	0.1441	0.0011	40.7000	72.8250	
-0.0424	0.1443	0.0013	41.4000	72.9000	
-0.0424	0.1444	0.0013	41.7500	72.7000	
-0.0424	0.1441	0.0012	41.9250	72.9500	
-0.0424	0.1442	0.0012	42.4250	72.4500	
-0.0424	0.1442	0.0012	42.6750	72.6000	
-0.0424	0.1441	0.0012	42.6250	72.8750	
-0.0424	0.1440	0.0012	44.0000	72.9000	
-0.0425	0.1442	0.0012	44.1750	72.6000	
-0.0424	0.1442	0.0011	43.5500	72.4750	
-0.0424	0.1441	0.0011	43.3250	72.9000	
-0.0425	0.1441	0.0011	43.4500	72.7000	
-0.0425	0.1442	0.0011	44.0250	72.6250	
-0.0425	0.1442	0.0011	43.6750	72.4750	
-0.0424	0.1442	0.0011	43.7000	72.6500	
-0.0425	0.1442	0.0011	44.0250	72.5250	
-0.0424	0.1441	0.0012	43.9250	72.4500	
-0.0425	0.1442	0.0011	44.0750	72.7250	
-0.0425	0.1443	0.0012	43.7750	72.1750	
-0.0425	0.1446	0.0013	43.6750	72.7750	
-0.0425	0.1444	0.0012	43.6000	72.5500	
-0.0425	0.1442	0.0011	43.5000	72.3250	
-0.0425	0.1442	0.0011	42.7000	72.6500	
-0.0425	0.1442	0.0012	43.0250	72.4500	
-0.0425	0.1443	0.0012	43.2250	72.4500	
-0.0424	0.1444	0.0013	42.5750	72.4750	
-0.0423	0.1442	0.0013	42.6000	73.0250	
-0.0424	0.1443	0.0013	42.1750	72.5750	
-0.0424	0.1443	0.0013	41.4500	72.7500	
-0.0424	0.1444	0.0013	42.1750	73.1500	
-0.0423	0.1444	0.0014	41.9750	73.1000	
-0.0424	0.1445	0.0014	42.0250	72.8000	
-0.0424	0.1445	0.0014	41.5250	73.1750	
-0.0423	0.1443	0.0014	41.5250	72.7500	
-0.0423	0.1444	0.0014	41.9000	72.6750	
-0.0424	0.1444	0.0013	41.4250	72.7250	
-0.0424	0.1444	0.0013	41.6500	72.8250	
-0.0424	0.1443	0.0013	41.5750	72.6250	
-0.0424	0.1443	0.0013	41.4000	73.0750	
-0.0424	0.1443	0.0013	41.2750	73.2000	
-0.0424	0.1444	0.0013	41.1000	72.7000	
-0.0424	0.1443	0.0013	41.4250	73.2500	
-0.0424	0.1442	0.0013	41.3250	73.3750	
-0.0424	0.1443	0.0013	41.2250	73.0250	
-0.0423	0.1444	0.0015	41.4750	73.1250	
-0.0423	0.1443	0.0014	41.2250	73.4000	
-0.0422	0.1441	0.0015	41.4750	73.0750	
-0.0422	0.1441	0.0015	41.4250	72.6250	
-0.0422	0.1441	0.0014	41.4750	72.8500	
-0.0422	0.1440	0.0014	41.9750	72.8750	
-0.0422	0.1440	0.0014	41.7750	72.9750	
-0.0422	0.1439	0.0014	42.2000	73.0250	
-0.0422	0.1439	0.0013	42.0500	73.1500	
-0.0422	0.1440	0.0014	42.3250	73.1000	
-0.0421	0.1439	0.0015	42.4000	73.2250	
-0.0422	0.1438	0.0014	42.4500	73.2000	
-0.0421	0.1438	0.0014	42.3000	73.1750	
-0.0421	0.1438	0.0014	42.3750	73.0750	
-0.0421	0.1437	0.0014	42.5500	73.1500	
-0.0421	0.1437	0.0014	42.2250	73.0500	
-0.0421	0.1437	0.0014	42.3500	73.1000	
-0.0420	0.1438	0.0016	42.6000	73.1500	
-0.0421	0.1436	0.0015	42.5750	73.1500	
-0.0420	0.1436	0.0015	42.4750	73.2000	
-0.0421	0.1436	0.0014	42.4500	72.9250	
-0.0421	0.1435	0.0014	42.8500	73.2750	
-0.0421	0.1435	0.0014	42.6000	73.1250	
-0.0421	0.1435	0.0014	42.4000	72.9250	
-0.0421	0.1435	0.0013	42.5500	73.0250	
-0.0421	0.1437	0.0014	42.6000	73.3000	
-0.0421	0.1434	0.0014	42.7000	72.8250	
-0.0421	0.1434	0.0013	42.4250	72.9500	
-0.0420	0.1432	0.0014	42.5250	73.1750	
-0.0421	0.1433	0.0013	42.4000	73.2250	
-0.0420	0.1432	0.0013	42.5250	72.8000	
-0.0420	0.1434	0.0015	42.9500	72.9500	
-0.0420	0.1432	0.0014	42.3250	72.9250	
-0.0420	0.1432	0.0013	42.6000	72.9750	
-0.0420	0.1432	0.0013	42.3000	73.0500	
-0.0420	0.1431	0.0014	42.5500	72.8500	
-0.0420	0.1431	0.0013	42.6750	72.7750	
-0.0420	0.1431	0.0013	42.4500	73.0750	
-0.0420	0.1432	0.0014	42.5750	72.9000	
-0.0419	0.1429	0.0014	42.5250	72.9500	
-0.0420	0.1434	0.0014	42.2000	72.8500	
-0.0419	0.1433	0.0015	42.8250	72.9750	
-0.0420	0.1431	0.0013	43.0000	73.0250	
-0.0420	0.1429	0.0013	42.5000	73.0750	
-0.0419	0.1429	0.0013	42.2000	72.9750	
-0.0420	0.1429	0.0013	42.3000	72.9000	
-0.0419	0.1429	0.0013	42.3500	73.0750	
-0.0419	0.1430	0.0014	42.5000	72.8750	
-0.0419	0.1429	0.0013	42.0000	72.9500	
-0.0420	0.1431	0.0014	43.1500	73.2750	
-0.0419	0.1429	0.0013	42.4750	73.0750	
-0.0419	0.1429	0.0013	41.8500	73.2000	
-0.0419	0.1428	0.0013	42.2250	72.9750	
-0.0419	0.1429	0.0013	42.4500	73.0500	
-0.0420	0.1429	0.0013	42.6500	73.1750	
-0.0419	0.1428	0.0013	42.2000	73.2500	
-0.0419	0.1429	0.0014	41.8750	73.1500	
0.8342	50.0000	0.5828	50.0000	
0.7852	50.0000	0.5688	50.0000	
0.7370	50.0000	0.5542	50.0000	
0.6973	50.0000	0.5382	50.0000	
0.6695	50.0000	0.5209	50.0000	
0.6428	50.0000	0.5023	50.0000	
0.6148	50.0000	0.4823	50.0000	
0.5853	50.0000	0.4613	50.0000	
0.5549	50.0000	0.4392	50.0000	
0.5230	50.0000	0.4166	50.0000	
0.4908	50.0000	0.3938	50.0000	
0.4583	50.0000	0.3716	50.0000	
0.4261	50.0000	0.3510	50.0000	
0.3951	50.0000	0.3328	50.0000	
0.3661	67.8500	0.3171	59.6500	
0.3393	52.4500	0.3048	74.3000	
0.3158	50.0000	0.2953	58.2500	
0.2953	50.0000	0.2883	55.6500	
0.2791	50.0000	0.2832	55.5250	
0.2661	50.0000	0.2793	58.5500	
0.2562	50.0000	0.2762	64.3500	
0.2488	50.0000	0.2736	70.8250	
0.2433	50.0000	0.2711	72.8250	
0.2395	50.0000	0.2686	72.7000	
0.2366	50.0000	0.2663	72.8250	
0.2342	50.0000	0.2639	72.8250	
0.2322	50.0000	0.2615	73.2250	
0.2300	50.0000	0.2592	72.6750	
0.2276	50.1250	0.2567	71.8000	
0.2248	50.5500	0.2542	70.7500	
0.2217	51.2500	0.2517	70.0750	
0.2183	53.0250	0.2491	69.0750	
0.2146	54.8750	0.2464	67.5500	
0.2109	57.2250	0.2437	65.8250	
0.2069	59.6250	0.2408	63.6000	
0.2029	61.3250	0.2374	61.7000	
0.1988	63.6000	0.2334	60.9750	
0.1946	64.9250	0.2286	60.2250	
0.1906	66.1750	0.2228	59.0500	
0.1866	67.2000	0.2166	57.7750	
0.1828	68.0000	0.2102	56.2250	
0.1791	69.0750	0.2037	55.2250	
0.1756	69.6500	0.1972	54.4000	
0.1724	70.0000	0.1909	53.3000	
0.1694	70.7500	0.1848	51.7750	
0.1667	71.3000	0.1790	50.7000	
0.1643	71.4250	0.1735	50.0500	
0.1621	71.8000	0.1684	48.2500	
0.1602	71.9250	0.1636	42.2000	
0.1585	72.4750	0.1587	44.3000	
0.1571	72.7000	0.1537	42.9000	
0.1558	72.8750	0.1492	42.7250	
0.1547	73.0250	0.1448	44.3250	
0.1537	73.4000	0.1406	45.1750	
0.1529	73.5500	0.1364	45.3250	
0.1522	73.6250	0.1321	45.7500	
0.1515	73.7750	0.1276	46.6500	
0.1509	73.8250	0.1225	47.5000	
0.1505	74.0000	0.1168	47.9000	
0.1500	73.9000	0.1102	48.8250	
0.1496	73.9250	0.1023	49.2750	
0.1495	74.1250	0.0936	49.6000	
0.1491	74.0750	0.0840	49.9500	
0.1488	74.1250	0.0736	50.2500	
0.1485	74.1250	0.0628	50.8250	
0.1484	74.0500	0.0520	51.7250	
0.1482	74.0500	0.0417	52.7500	
0.1481	74.0750	0.0318	54.2750	
0.1481	73.9000	0.0230	56.8000	
0.1478	73.9250	0.0157	59.3500	
0.1477	73.8000	0.0102	62.3250	
0.1476	73.7000	0.0064	65.2500	
0.1476	73.8000	0.0040	68.0500	
0.1475	73.7000	0.0027	69.9500	
0.1475	73.6000	0.0020	71.5000	
0.1474	73.4500	0.0017	72.7250	
0.1474	73.3250	0.0016	73.3000	
0.1473	73.1000	0.0015	73.5500	
0.1473	73.0750	0.0014	73.4500	
0.1473	72.7750	0.0014	73.5250	
0.1473	72.5250	0.0014	73.5250	
0.1472	72.4500	0.0014	73.4000	
0.1472	72.4500	0.0014	73.3750	
0.1472	71.5750	0.0014	73.2500	
0.1472	71.1250	0.0014	73.3250	
0.1472	71.6750	0.0014	73.3250	
0.1471	70.8250	0.0013	73.4000	
0.1471	69.4250	0.0013	73.3500	
0.1471	69.9250	0.0013	73.3750	
0.1471	69.2750	0.0013	73.2250	
0.1471	68.4000	0.0013	73.4250	
0.1470	68.0750	0.0013	73.4250	
0.1470	67.4000	0.0013	73.4750	
0.1470	65.6500	0.0013	73.5000	
0.1469	65.9750	0.0013	73.3750	
0.1470	65.7500	0.0013	73.3750	
0.1469	64.4750	0.0013	73.3500	
0.1469	63.6250	0.0013	73.4250	
0.1469	63.1250	0.0013	73.3500	
0.1469	62.5750	0.0013	73.3250	
0.1469	62.0500	0.0013	73.4250	
0.1468	60.8750	0.0013	73.3750	
0.1468	60.2500	0.0013	73.4250	
0.1468	59.4750	0.0013	73.4250	
0.1468	58.5500	0.0013	73.3000	
0.1468	57.8000	0.0013	73.4500	
0.1468	56.9250	0.0013	73.3500	
0.1469	56.2500	0.0013	73.3000	
0.1467	55.4750	0.0013	73.4500	
0.1467	54.8000	0.0013	73.4500	
0.1467	54.3250	0.0013	73.4750	
0.1467	53.6250	0.0013	73.4250	
0.1467	53.0250	0.0013	73.4000	
0.1467	52.8250	0.0013	73.4500	
0.1467	52.0500	0.0013	73.5750	
0.1467	51.8250	0.0013	73.4250	
0.1467	50.9250	0.0013	73.4750	
0.1466	50.5500	0.0013	73.4250	
0.1467	50.2250	0.0013	73.5000	
0.1466	49.9750	0.0013	73.5250	
0.1467	49.5750	0.0013	73.4750	
0.1466	49.1500	0.0012	73.5250	
0.1466	49.0250	0.0012	73.4750	
0.1466	48.8250	0.0012	73.4750	
0.1466	48.4500	0.0012	73.5000	
0.1466	48.2000	0.0012	73.6000	
0.1467	48.0750	0.0012	73.5500	
0.1465	47.5000	0.0012	73.4250	
0.1466	47.7500	0.0012	73.4750	
0.1465	47.4250	0.0012	73.5250	
0.1465	47.3000	0.0012	73.5250	
0.1465	46.8250	0.0012	73.4000	
0.1465	47.1250	0.0012	73.5500	
0.1465	46.6250	0.0012	73.4750	
0.1465	46.4000	0.0012	73.4500	
0.1465	46.4750	0.0012	73.4750	
0.1465	46.3250	0.0012	73.4750	
0.1465	46.2000	0.0012	73.4500	
0.1465	46.3250	0.0012	73.5000	
0.1465	46.0500	0.0012	73.5250	
0.1465	46.0750	0.0012	73.5000	
0.1465	46.2250	0.0012	73.5500	
0.1465	45.8250	0.0012	73.5500	
0.1464	45.8750	0.0012	73.5000	
0.1464	45.8750	0.0012	73.6250	
0.1464	45.7500	0.0012	73.4750	
0.1465	45.9750	0.0012	73.5750	
0.1464	45.6500	0.0012	73.6250	
0.1465	45.5000	0.0012	73.5250	
0.1464	45.7250	0.0011	73.5250	
0.1465	45.4750	0.0011	73.5250	
0.1464	45.6500	0.0011	73.6500	
0.1464	45.4750	0.0011	73.5750	
0.1464	45.6000	0.0011	73.7250	
0.1463	45.3500	0.0011	73.6000	
0.1464	45.3750	0.0011	73.5750	
0.1463	45.2500	0.0011	73.6750	
0.1463	45.3250	0.0011	73.6500	
0.1463	45.3250	0.0011	73.7000	
0.1463	45.3250	0.0011	73.6250	
0.1463	45.1500	0.0011	73.7750	
0.1463	45.2500	0.0011	73.7000	
0.1463	45.2250	0.0010	73.6250	
0.1463	45.0500	0.0010	73.6750	
0.1463	45.1750	0.0010	73.6750	
0.1463	45.2500	0.0010	73.7250	
0.1463	45.2000	0.0010	73.7500	
0.1463	45.1500	0.0010	73.7750	
0.1462	45.0500	0.0010	73.9000	
0.1462	45.1000	0.0010	73.9250	
0.1462	44.8750	0.0010	73.8500	
0.1462	44.8500	0.0010	73.8750	
0.1462	44.9000	0.0009	73.9250	
0.1462	44.8750	0.0009	73.9750	
0.1462	44.9500	0.0009	74.0250	
0.1462	44.8000	0.0009	73.9500	
0.1461	44.7750	0.0009	74.0000	
0.1462	44.6250	0.0009	74.0000	
0.1462	44.7000	0.0009	73.9250	
0.1461	44.6750	0.0009	74.0750	
0.1462	44.5000	0.0009	73.9750	
0.1461	44.4500	0.0009	74.1750	
0.1461	44.5750	0.0009	74.0750	
0.1461	44.6500	0.0009	74.0500	
0.1461	44.5500	0.0009	74.0750	
0.1462	44.5250	0.0009	74.1000	
0.1461	44.4750	0.0009	74.1500	
0.1462	44.2500	0.0008	74.0250	
0.1462	44.8500	0.0008	74.1250	
0.1461	44.3750	0.0008	74.0750	
0.1460	44.3250	0.0008	74.0750	
0.1463	44.5750	0.0008	74.0750	
0.1461	44.4000	0.0008	74.1500	
0.1461	43.9000	0.0008	74.1000	
0.1461	44.7000	0.0008	74.0750	
0.1461	44.2250	0.0008	74.2250	
0.1460	43.9000	0.0008	74.1500	
0.1460	44.2000	0.0008	74.1750	
0.1460	44.1500	0.0008	74.0750	
0.1460	44.1000	0.0008	74.1250	
0.1460	44.3250	0.0008	74.0750	
0.1459	44.3000	0.0008	74.1750	
0.1459	44.0750	0.0008	74.1250	
0.1459	43.9750	0.0008	74.2000	
0.1459	44.2750	0.0008	74.2000	
0.1459	44.2000	0.0008	74.2000	
0.1459	44.1250	0.0008	74.2500	
0.1460	43.8500	0.0008	74.1750	
0.1459	44.0250	0.0008	74.2000	
0.1459	44.4500	0.0008	74.1750	
0.1458	44.3750	0.0008	74.2000	
0.1459	44.2750	0.0008	74.2000	
0.1461	43.9750	0.0008	74.1500	
0.1458	44.1500	0.0008	74.2500	
0.1459	45.0500	0.0007	74.1750	
0.1458	44.1750	0.0007	74.2250	
0.1459	44.1000	0.0007	74.2750	
0.1459	44.9000	0.0007	74.3000	
0.1458	44.7250	0.0007	74.2250	
0.1458	44.0500	0.0007	74.3250	
0.1457	44.1750	0.0007	74.1750	
0.1457	44.4000	0.0007	74.2000	
0.1457	44.1250	0.0007	74.2000	
0.1457	44.0000	0.0007	74.3500	
0.1457	44.3500	0.0007	74.2000	
0.1457	44.0750	0.0007	74.3000	
0.1457	44.2000	0.0007	74.2500	
0.1457	44.0500	0.0007	74.2750	
0.1457	44.0750	0.0007	74.1250	
0.1456	44.1000	0.0007	74.3250	
0.1456	44.0250	0.0007	74.2000	
0.1456	43.9000	0.0007	74.3500	
0.1456	43.8500	0.0007	74.3000	
0.1456	44.1250	0.0006	74.3250	
0.1456	44.1500	0.0006	74.1750	
0.1456	43.8750	0.0006	74.2750	
0.1456	43.5000	0.0006	74.2750	
0.1456	43.7750	0.0006	74.3250	
0.1455	43.7000	0.0006	74.2250	
0.1456	43.0750	0.0006	74.3250	
0.1456	43.7000	0.0006	74.2500	
0.1455	43.5500	0.0006	74.3500	
0.1455	43.2500	0.0006	74.2250	
0.1455	43.3500	0.0006	74.2500	
0.1454	43.5250	0.0006	74.3250	
0.1455	43.6750	0.0006	74.2000	
0.1454	43.4000	0.0006	74.4500	
0.1454	43.2250	0.0006	74.1500	
0.1454	43.2250	0.0006	74.2500	
0.1454	43.1250	0.0006	74.2500	
0.1454	43.3250	0.0006	74.2500	
0.1454	43.3750	0.0006	74.3500	
0.1453	43.1000	0.0006	74.2000	
0.1454	43.4750	0.0006	74.3250	
0.1453	43.0250	0.0006	74.2250	
0.1453	42.9000	0.0006	74.2250	
0.1453	42.9000	0.0006	74.2750	
0.1453	43.1750	0.0006	74.3000	
0.1453	43.3500	0.0006	74.3750	
0.1453	43.5750	0.0006	74.2750	
0.1453	43.3500	0.0006	74.2750	
0.1453	43.2250	0.0006	74.2500	
0.1453	43.5000	0.0006	74.2750	
0.1453	43.6750	0.0006	74.2000	
0.1452	43.0750	0.0006	74.3250	
0.1452	42.9750	0.0006	74.1750	
0.1452	43.4500	0.0006	74.3500	
0.1452	43.4250	0.0006	74.3250	
0.1452	43.1250	0.0006	74.2500	
0.1452	43.5500	0.0006	74.3750	
0.1452	43.5500	0.0006	74.2500	
0.1452	43.1500	0.0006	74.2000	
0.1451	43.4250	0.0006	74.3000	
0.1452	43.6750	0.0006	74.2250	
0.1451	43.3500	0.0006	74.3250	
0.1451	42.9500	0.0006	74.3250	
0.1451	43.3250	0.0006	74.2750	
0.1451	43.7750	0.0006	74.3250	
0.1451	43.4250	0.0006	74.1000	
0.1451	42.8250	0.0006	74.2750	
0.1453	42.8250	0.0006	74.3250	
0.1452	43.6000	0.0006	74.2750	
0.1452	43.2500	0.0005	74.2500	
0.1450	42.9250	0.0005	74.3000	
0.1450	43.3000	0.0005	74.4250	
0.1450	43.7500	0.0005	74.2750	
0.1450	43.2750	0.0005	74.3500	
0.1450	42.9500	0.0005	74.3500	
0.1450	43.7750	0.0005	74.3000	
0.1449	43.4000	0.0005	74.4250	
0.1449	43.1500	0.0005	74.3500	
0.1450	43.3500	0.0005	74.3750	
0.1449	43.4000	0.0005	74.4000	
0.1450	43.8000	0.0005	74.3500	
0.1449	43.5000	0.0005	74.3500	
0.1449	43.5250	0.0005	74.3000	
0.1449	43.6750	0.0005	74.4250	
0.1449	43.5250	0.0005	74.3500	
0.1449	43.5750	0.0005	74.3500	
0.1449	43.4500	0.0005	74.6000	
0.1448	43.6750	0.0005	74.4500	
0.1449	43.8250	0.0005	74.5500	
0.1449	43.2500	0.0005	74.5250	
0.1448	43.0750	0.0005	74.4750	
0.1449	43.8000	0.0005	74.4250	
0.1449	43.6250	0.0005	74.4750	
0.1448	43.0000	0.0005	74.5250	
0.1448	43.4000	0.0005	74.6000	
0.1448	43.1000	0.0005	74.6000	
0.1448	43.6500	0.0005	74.5250	
0.1448	43.3500	0.0005	74.6000	
0.1448	43.4000	0.0005	74.6000	
0.1448	43.3250	0.0005	74.5500	
0.1448	43.4250	0.0005	74.5750	
0.1447	43.5500	0.0005	74.6750	
0.1447	43.7000	0.0005	74.6500	
0.1449	43.4000	0.0005	74.6000	
0.1447	43.3500	0.0005	74.6750	
0.1448	43.9500	0.0004	74.6500	
0.1448	43.2500	0.0004	74.6500	
0.1447	42.6250	0.0004	74.6500	
0.1449	43.6250	0.0004	74.6000	
0.1446	43.2250	0.0004	74.6500	
0.1448	42.3750	0.0004	74.7250	
0.1447	43.3000	0.0004	74.6500	
0.1447	43.5500	0.0004	74.7250	
0.1446	43.0000	0.0004	74.7000	
0.1446	42.5250	0.0004	74.7250	
0.1446	43.2750	0.0004	74.7250	
0.1446	43.5500	0.0004	74.6750	
0.1446	43.5750	0.0004	74.6750	
0.1448	43.0500	0.0004	74.7000	
0.1446	43.9250	0.0004	74.8250	
0.1447	43.7500	0.0004	74.7250	
0.1446	43.4000	0.0004	74.7500	
0.1445	43.5500	0.0004	74.7000	
0.1445	43.9250	0.0004	74.7250	
0.1445	43.8500	0.0004	74.7000	
0.1446	43.7750	0.0004	74.6750	
0.1445	43.6250	0.0004	74.7000	
0.1446	43.4500	0.0004	74.6750	
0.1445	44.3750	0.0004	74.6500	
0.1446	44.0250	0.0004	74.6750	
0.1445	43.5000	0.0004	74.8250	
0.1445	44.3500	0.0004	74.7750	
0.1445	44.4500	0.0004	74.7500	
0.1445	44.3000	0.0004	74.7500	
0.1445	43.9750	0.0004	74.6250	
0.1446	44.2500	0.0004	74.7750	
0.1446	44.4000	0.0004	74.7000	
0.1445	43.7250	0.0004	74.7500	
0.1445	44.4750	0.0004	74.7500	
0.1444	44.4250	0.0004	74.7000	
0.1444	44.1750	0.0004	74.7750	
0.1445	44.4500	0.0004	74.8000	
0.1445	44.4000	0.0004	74.7000	
0.1445	44.7250	0.0004	74.7250	
0.1444	44.5000	0.0004	74.8000	
0.1444	44.2750	0.0004	74.7250	
0.1444	44.6750	0.0004	74.7250	
0.1444	44.8250	0.0004	74.9000	
0.1444	45.0750	0.0004	74.8000	
0.1444	45.2500	0.0004	74.7250	
0.1443	44.9500	0.0004	74.7000	
0.1443	44.6750	0.0004	74.7000	
0.1444	44.5000	0.0004	74.7500	
0.1444	45.0250	0.0004	74.7250	
0.1444	45.6000	0.0004	74.7250	
0.1444	45.1500	0.0004	74.5500	
0.1444	44.5500	0.0004	74.8250	
0.1443	45.4750	0.0004	74.7000	
0.1444	45.5500	0.0004	74.7750	
0.1443	45.1250	0.0004	74.7000	
0.1443	44.9500	0.0004	74.8000	
0.1443	45.0250	0.0004	74.7250	
0.1445	45.8250	0.0004	74.7750	
0.1444	45.1250	0.0004	74.6750	
0.1443	44.7500	0.0004	74.8500	
0.1442	45.6000	0.0004	74.8000	
0.1443	45.5000	0.0004	74.7500	
0.1442	45.3250	0.0004	74.7500	
0.1443	45.1250	0.0004	74.6750	
0.1442	45.1250	0.0004	74.7250	
0.1443	44.9750	0.0004	74.7500	
0.1443	45.0250	0.0004	74.6750	
0.1443	45.7500	0.0004	74.8250	
0.1442	45.4250	0.0004	74.7000	
0.1442	44.8750	0.0004	74.7750	
0.1442	45.3250	0.0004	74.8000	
0.1442	45.2000	0.0004	74.7500	
0.1442	45.2500	0.0004	74.7750	
0.1442	45.3500	0.0004	74.7500	
0.1443	45.1750	0.0004	74.7500	
0.1443	45.2750	0.0004	74.7750	
0.1442	45.2750	0.0004	74.7500	
0.1442	44.7000	0.0004	74.7500	
0.1441	45.2250	0.0004	74.7500	
0.1442	45.8500	0.0004	74.7250	
0.1442	45.6000	0.0004	74.7250	
0.1441	45.1250	0.0004	74.7000	
0.1442	45.5750	0.0004	74.7750	
0.1442	45.1250	0.0004	74.6750	
0.1441	45.1250	0.0004	74.7750	
0.1441	46.0000	0.0004	74.7750	
0.1441	45.7250	0.0004	74.7750	
0.1441	45.0750	0.0004	74.7750	
0.1441	45.1000	0.0004	74.8000	
0.1441	45.3750	0.0004	74.7000	
0.1441	45.3000	0.0004	74.7500	
0.1441	45.4000	0.0004	74.8000	
0.1441	45.3750	0.0004	74.8250	
0.1442	45.6000	0.0004	74.7750	
0.1440	45.4500	0.0004	74.8250	
0.1440	44.9250	0.0004	74.8000	
0.1439	45.1000	0.0004	74.8750	
0.1439	46.2500	0.0004	74.7250	
0.1439	46.4750	0.0004	74.7500	
0.1439	46.0000	0.0004	74.7750	
0.1439	46.3750	0.0004	74.7000	
0.1438	46.4750	0.0004	74.8000	
0.1439	46.0000	0.0004	74.8500	
0.1438	46.5500	0.0004	74.8000	
0.1438	47.0000	0.0004	74.8500	
0.1438	46.4750	0.0004	74.8000	
0.1438	46.9500	0.0004	74.7750	
0.1438	47.1750	0.0004	74.7500	
0.1438	47.0000	0.0004	74.8250	
0.1438	46.7250	0.0004	74.8500	
0.1437	47.4750	0.0004	74.8000	
0.1438	47.6250	0.0004	74.7750	
0.1437	47.3000	0.0004	74.7500	
0.1438	46.7750	0.0004	74.8250	
0.1437	47.7000	0.0004	74.8250	
0.1437	47.7250	0.0004	74.8750	
0.1437	47.7000	0.0004	74.7750	
0.1438	47.0750	0.0004	74.7750	
0.1437	47.7750	0.0004	74.8750	
0.1437	48.0250	0.0004	74.7500	
0.1437	47.3750	0.0004	74.7500	
0.1436	47.7000	0.0004	74.7500	
0.1437	47.5750	0.0004	74.7500	
0.1436	48.0250	0.0004	74.8000	
0.1437	47.7500	0.0004	74.7750	
0.1436	47.5750	0.0004	74.8750	
0.1436	48.2000	0.0004	74.7250	
0.1436	48.5000	0.0004	74.7250	
0.1437	47.3750	0.0004	74.8500	
0.1435	47.6000	0.0004	74.8250	
0.1435	48.2000	0.0004	74.7750	
0.1436	48.2500	0.0004	74.8000	
0.1435	47.7000	0.0004	74.7500	
0.1435	48.0750	0.0004	74.8250	
0.1435	48.4250	0.0004	74.8500	
0.1434	48.1750	0.0004	74.9000	
0.1435	47.6250	0.0004	74.7250	
0.1434	47.9750	0.0004	74.7750	
0.1434	48.2500	0.0004	74.8750	
0.1434	48.0750	0.0004	74.7750	
0.1434	47.6500	0.0004	74.7750	
0.1434	48.1250	0.0004	74.8500	
0.1434	48.6250	0.0004	74.7750	
0.1434	47.9750	0.0004	74.7250	
0.1434	47.8000	0.0004	74.8250	
0.1434	48.5000	0.0004	74.8250	
0.1434	48.0250	0.0004	74.7750	
0.1433	48.0500	0.0004	74.7750	
0.1434	48.0750	0.0004	74.7750	
0.1433	48.2250	0.0004	74.7500	
0.1433	48.4000	0.0004	74.7500	
0.1433	48.0500	0.0004	74.7750	
0.1432	48.1750	0.0004	74.7750	
0.1432	48.3750	0.0004	74.7750	
0.1432	48.2250	0.0004	74.8250	
0.1432	48.1500	0.0004	74.7750	
0.1432	48.0750	0.0004	74.7500	
0.1432	47.9250	0.0004	74.9000	
0.1431	48.0000	0.0004	74.8500	
0.1432	48.0250	0.0004	74.8000	
0.1431	47.8500	0.0004	74.7500	
0.1431	47.7750	0.0004	74.8000	
0.1431	47.8250	0.0004	74.8500	
0.1431	47.7750	0.0004	74.8000	
0.1430	48.0250	0.0004	74.7500	
0.1431	47.7250	0.0004	74.7500	
0.1430	47.4500	0.0004	74.7750	
0.1430	47.7750	0.0004	74.7750	
0.1430	47.3250	0.0004	74.7750	
0.1429	47.7000	0.0004	74.8750	
0.1430	47.8250	0.0004	74.8250	
0.1429	47.7250	0.0004	74.8750	
0.1429	47.3250	0.0004	74.6500	
0.1429	47.0000	0.0004	74.7250	
0.1429	46.7500	0.0004	74.7750	
0.1428	46.9250	0.0004	74.9250	
0.1429	46.8750	0.0004	74.8750	
0.1428	47.0500	0.0004	74.6750	
0.1428	46.6250	0.0004	74.7500	
0.1428	46.6750	0.0004	74.7750	
0.1427	46.5750	0.0004	74.7750	
0.1428	46.6500	0.0004	74.8250	
0.1427	46.5750	0.0004	74.7750	
0.1427	46.1750	0.0004	74.7750	
0.1427	46.0750	0.0003	74.8000	
0.1427	46.0500	0.0003	74.7750	
0.1427	46.2750	0.0003	74.8000	
0.1427	46.2750	0.0003	74.7500	
0.1426	45.8750	0.0003	74.8500	
0.1426	46.1000	0.0003	74.7750	
0.1425	45.8500	0.0003	74.8000	
0.1425	45.5000	0.0004	74.8250	
0.1425	45.6000	0.0003	74.7750	
0.1425	45.7000	0.0003	74.8500	
0.1425	45.2500	0.0003	74.8500	
0.1424	45.1000	0.0003	74.8000	
0.1424	45.2500	0.0003	74.8000	
0.1424	45.4000	0.0003	74.7750	
0.1424	45.2750	0.0003	74.7750	
0.1424	44.9250	0.0003	74.8500	
0.1424	44.9250	0.0003	74.7750	
0.1423	44.8500	0.0003	74.8500	
0.1423	44.9500	0.0003	74.6750	
0.1423	45.0500	0.0003	74.8500	
0.1423	44.5000	0.0003	74.8250	
0.1423	44.2750	0.0003	74.8750	
0.1422	44.7000	0.0003	74.8250	
0.1423	44.5250	0.0003	74.8750	
0.1422	44.3750	0.0003	74.8750	
0.1422	44.7000	0.0003	74.7500	
0.1421	44.4250	0.0003	74.7500	
0.1421	44.2000	0.0003	74.8000	
0.1421	44.1250	0.0003	74.8250	
0.1421	43.8750	0.0003	74.8000	
0.1421	43.9000	0.0003	74.9250	
0.1420	43.8250	0.0003	74.8500	
0.1420	43.7000	0.0003	74.8250	
0.1420	43.6000	0.0003	74.8250	
0.1420	43.8000	0.0003	74.7750	
0.1419	43.6500	0.0003	74.7750	
0.1420	43.7250	0.0003	74.9500	
0.1419	43.6000	0.0003	74.9750	
0.1419	43.5000	0.0003	74.7750	
0.1419	43.3000	0.0003	74.9000	
0.1418	43.1250	0.0003	74.8250	
0.1418	43.1250	0.0003	74.8250	
0.1418	43.4250	0.0003	74.7750	
0.1418	43.1750	0.0003	74.7500	
0.1418	43.3250	0.0003	74.8250	
0.1417	43.0000	0.0003	74.8750	
0.1417	43.0750	0.0003	74.8750	
0.1417	42.8500	0.0003	74.8250	
0.1417	42.7250	0.0003	74.8000	
0.1417	42.6500	0.0003	74.8250	
0.1418	42.6500	0.0003	74.8750	
0.1416	42.6250	0.0003	74.9000	
0.1416	42.4750	0.0003	74.9000	
0.1416	42.4500	0.0003	74.8500	
0.1416	42.2000	0.0003	74.7250	
0.1415	42.3250	0.0003	74.8500	
0.1415	42.3000	0.0003	74.8250	
0.1415	42.4000	0.0003	74.8750	
0.1414	42.2250	0.0003	74.8000	
0.1415	42.0500	0.0003	74.9000	
0.1414	42.0250	0.0003	74.9500	
0.1414	42.0250	0.0003	74.9250	
0.1414	42.0000	0.0003	74.8000	
0.1415	41.9500	0.0003	74.8250	
0.1413	42.0750	0.0003	74.8500	
0.1413	41.9500	0.0003	74.8500	
0.1413	41.7750	0.0003	74.9250	
0.1413	41.7250	0.0003	74.8250	
0.1412	41.6750	0.0003	74.9250	
0.1412	41.6250	0.0003	74.7250	
0.1412	41.7250	0.0003	74.9000	
0.1413	41.7750	0.0003	74.8500	
0.1412	41.6000	0.0003	74.8000	
0.1412	41.1500	0.0003	74.8000	
0.1411	41.3500	0.0003	74.8500	
0.1411	41.6250	0.0003	74.8000	
0.1411	41.5500	0.0003	74.8250	
0.1410	41.3750	0.0003	74.8000	
0.1410	41.2250	0.0003	74.7750	
0.1410	41.1000	0.0003	74.8250	
0.1409	41.3000	0.0003	74.8250	
0.1409	41.4250	0.0003	74.8750	
0.1409	41.3500	0.0003	74.7750	
0.1411	41.6250	0.0003	74.8750	
0.1410	41.5250	0.0003	74.8500	
0.1408	41.4750	0.0003	74.9000	
0.1409	41.2500	0.0003	74.9000	
0.1409	41.2250	0.0003	74.8500	
0.1408	40.8500	0.0003	74.7500	
0.1409	40.8750	0.0003	74.9500	
0.1409	41.3750	0.0003	74.9000	
0.1408	41.2250	0.0003	74.7250	
0.1407	40.9750	0.0003	74.8750	
0.1408	40.9500	0.0003	74.8750	
0.1406	41.0500	0.0003	74.8750	
0.1406	40.9750	0.0003	74.8750	
0.1407	40.7500	0.0003	74.7250	
0.1406	40.9000	0.0003	74.9000	
0.1406	40.8750	0.0003	74.8500	
0.1406	40.4750	0.0003	74.8750	
0.1405	40.7250	0.0003	74.8250	
0.1405	41.1250	0.0003	74.8750	
0.1405	40.8500	0.0003	74.8250	
0.1405	40.6750	0.0003	74.7250	
0.1405	40.9250	0.0003	74.8750	
0.1404	40.8250	0.0003	74.7000	
0.1404	40.9500	0.0003	74.8500	
0.1404	40.5500	0.0003	74.8750	
0.1404	40.3000	0.0003	74.8250	
0.1404	40.2500	0.0003	74.7500	
0.1403	40.4750	0.0003	74.8000	
0.1406	40.8500	0.0003	74.8000	
0.1403	40.9500	0.0003	74.8500	
0.1403	40.5750	0.0003	74.9000	
0.1403	40.4000	0.0003	74.8500	
0.1402	40.4000	0.0003	74.8250	
0.1402	40.6000	0.0003	74.8500	
0.1402	40.5250	0.0003	74.8750	
0.1402	40.4750	0.0003	74.8000	
0.1402	40.1750	0.0003	74.8750	
0.1401	40.3500	0.0003	74.8750	
0.1401	40.3750	0.0003	74.8000	
0.1401	40.5500	0.0003	74.6750	
0.1401	40.0750	0.0003	74.7250	
0.1401	39.9000	0.0003	74.8750	
0.1400	40.2500	0.0003	74.8250	
0.1401	40.1500	0.0003	74.9000	
0.1400	40.2750	0.0003	74.8750	
0.1400	40.3500	0.0003	74.7750	
0.1400	40.0750	0.0003	74.8500	
0.1400	39.9500	0.0003	74.8500	
0.1400	40.2500	0.0003	74.7750	
0.1400	39.8750	0.0003	74.8750	
0.1399	40.0250	0.0003	74.7750	
0.1399	40.3250	0.0003	74.8750	
0.1399	40.1500	0.0003	74.8250	
0.1399	39.8000	0.0003	74.7250	
0.1399	39.8250	0.0003	74.8500	
0.1398	39.8500	0.0003	74.7250	
0.1399	40.2750	0.0003	74.8500	
0.1398	40.1250	0.0003	74.8750	
0.1399	39.7750	0.0003	74.7500	
0.1398	39.7750	0.0003	74.8250	
0.1398	39.9250	0.0003	74.7000	
0.1397	39.9500	0.0003	74.8000	
0.1398	39.8750	0.0003	74.7500	
0.1397	40.1000	0.0003	74.8500	
0.1396	40.2500	0.0003	74.8250	
0.1397	39.8250	0.0003	74.8500	
0.1396	39.5500	0.0003	74.8500	
0.1396	39.6000	0.0003	74.8500	
0.1396	39.8750	0.0003	74.9250	
0.1396	40.1500	0.0003	74.8000	
0.1396	39.9500	0.0003	74.8500	
0.1396	39.5750	0.0003	74.7750	
0.1396	39.5250	0.0003	74.8250	
0.1397	39.7250	0.0003	74.8250	
0.1397	39.9750	0.0003	74.8750	
0.1397	40.0250	0.0003	74.7750	
0.1395	40.0750	0.0003	74.8500	
0.1395	40.2000	0.0003	74.7500	
0.1394	39.7250	0.0003	74.7250	
0.1395	39.5250	0.0003	74.8000	
0.1394	39.6000	0.0003	74.7750	
0.1394	39.7750	0.0003	74.8750	
0.1394	39.6750	0.0003	74.8500	
0.1394	39.6750	0.0003	74.7750	
0.1394	39.7750	0.0003	74.8750	
0.1394	39.6750	0.0003	74.9000	
0.1393	39.7500	0.0003	74.7250	
0.1394	39.8500	0.0003	74.8750	
0.1394	39.7000	0.0003	74.7500	
0.1393	39.8500	0.0003	74.8250	
0.1393	39.7750	0.0003	74.8500	
0.1394	39.7250	0.0003	74.8250	
0.1393	39.9000	0.0003	74.8500	
0.1392	39.7500	0.0003	74.9000	
0.1392	39.6000	0.0003	74.8750	
0.1392	39.4000	0.0003	74.8000	
0.1392	39.7750	0.0003	74.7750	
0.1392	40.0750	0.0003	74.8750	
0.1392	39.7750	0.0003	74.8500	
0.1392	39.3750	0.0003	74.8500	
0.1392	39.4500	0.0003	74.7750	
0.1392	39.4250	0.0003	74.8500	
0.1392	39.4250	0.0003	74.8250	
0.1391	39.7500	0.0003	74.8750	
0.1391	39.6500	0.0003	74.8500	
0.1391	39.5500	0.0003	74.9250	
0.1391	39.4500	0.0003	74.8750	
0.1391	39.6000	0.0003	74.8750	
0.1391	39.4750	0.0003	74.6750	
0.1390	39.3250	0.0003	74.8750	
0.1390	39.2500	0.0003	74.8250	
0.1390	39.5000	0.0003	74.8750	
0.1390	39.5000	0.0003	74.7000	
0.1390	39.6500	0.0003	74.8000	
0.1391	39.2000	0.0003	74.7250	
0.1390	39.3000	0.0003	74.8750	
0.1390	39.0500	0.0003	74.7500	
0.1389	39.6000	0.0003	74.8250	
0.1390	39.7250	0.0003	74.7500	
0.1390	39.7500	0.0003	74.8750	
0.1389	39.2500	0.0003	74.7500	
0.1389	39.3250	0.0003	74.8000	
0.1389	39.3500	0.0003	74.7250	
0.1389	39.5000	0.0003	74.7750	
0.1389	39.5000	0.0003	74.7000	
0.1389	39.1500	0.0003	74.8250	
0.1389	39.3750	0.0003	74.9000	
0.1389	39.6000	0.0003	74.8750	
0.1390	39.8000	0.0003	74.8500	
0.1388	39.5500	0.0003	74.6750	
0.1388	39.5250	0.0003	74.8000	
0.1389	39.5500	0.0003	74.7750	
0.1392	39.4500	0.0003	74.7500	
0.1388	39.5500	0.0003	74.8250	
0.1388	39.6000	0.0003	74.7500	
0.1388	39.5750	0.0003	74.7000	
0.1389	39.6750	0.0003	74.7250	
0.1387	39.4250	0.0003	74.7250	
0.1389	39.8250	0.0003	74.8500	
0.1387	39.4750	0.0003	74.7750	
0.1387	39.5000	0.0003	74.7000	
0.1387	39.8750	0.0003	74.8000	
0.1387	39.6000	0.0003	74.8250	
0.1387	39.5500	0.0003	74.7000	
0.1387	39.5250	0.0003	74.8500	
0.1387	39.9750	0.0003	74.8500	
0.1386	39.6000	0.0003	74.7500	
0.1387	39.3250	0.0003	74.8750	
0.1386	39.1000	0.0003	74.7000	
0.1387	39.6500	0.0003	74.8500	
0.1386	39.1750	0.0003	74.8250	
0.1386	39.2000	0.0003	74.8000	
0.1386	39.6250	0.0003	74.7000	
0.1386	39.4250	0.0003	74.8000	
0.1385	39.1750	0.0003	74.7500	
0.1386	39.3000	0.0003	74.8500	
0.1386	39.7250	0.0003	74.7000	
0.1385	39.4000	0.0003	74.6750	
0.1386	39.0750	0.0003	74.8000	
0.1385	39.0500	0.0003	74.8500	
0.1385	39.6750	0.0003	74.7500	
0.1385	39.5250	0.0003	74.7500	
0.1385	39.2500	0.0003	74.8250	
0.1385	39.0750	0.0003	74.7000	
0.1385	39.2000	0.0003	74.8500	
0.1385	39.1250	0.0003	74.8750	
0.1386	39.6750	0.0003	74.6750	
0.1385	39.1500	0.0003	74.7750	
0.1384	38.9750	0.0003	74.7750	
0.1384	39.1250	0.0003	74.7250	
0.1384	39.3500	0.0003	74.7750	
0.1384	39.4000	0.0003	74.7250	
0.1384	39.3000	0.0003	74.8500	
0.1384	38.9500	0.0003	74.8250	
0.1384	39.2750	0.0003	74.6250	
0.1384	39.3500	0.0003	74.7500	
0.1386	39.0250	0.0003	74.7750	
0.1384	39.2750	0.0003	74.8000	
0.1384	39.5750	0.0003	74.8000	
0.1383	39.2250	0.0003	74.6750	
0.1384	39.4750	0.0003	74.8250	
0.1383	39.3500	0.0003	74.7750	
0.1383	39.6500	0.0003	74.8750	
0.1384	40.2500	0.0003	74.5500	
0.1384	39.6750	0.0003	74.8000	
0.1383	39.2750	0.0003	74.7500	
0.1383	39.9250	0.0003	74.7500	
0.1383	39.8000	0.0003	74.8750	
0.1385	39.4500	0.0003	74.6500	
0.1384	39.2000	0.0003	74.8500	
0.1383	39.4750	0.0003	74.8750	
0.1382	39.8750	0.0003	74.6750	
0.1382	39.5500	0.0003	74.7000	
0.1382	39.8750	0.0003	74.7000	
0.1382	39.8750	0.0003	74.8750	
0.1382	39.8750	0.0003	74.6750	
0.1382	39.2750	0.0003	74.7750	
0.1382	39.8000	0.0003	74.7500	
0.1382	40.3500	0.0003	74.7750	
0.1382	39.5000	0.0003	74.7250	
0.1381	39.4500	0.0003	74.7000	
0.1382	40.3000	0.0003	74.7750	
0.1381	40.0250	0.0003	74.8250	
0.1381	40.1500	0.0003	74.7000	
0.1381	40.6750	0.0003	74.8250	
0.1381	41.1000	0.0003	74.6250	
0.1381	40.6250	0.0003	74.8000	
0.1382	40.6250	0.0003	74.7000	
0.1381	40.4250	0.0003	74.6750	
0.1381	40.0750	0.0003	74.7500	
0.1381	40.9250	0.0003	74.7250	
0.1381	40.9750	0.0003	74.7750	
0.1380	40.8250	0.0003	74.7250	
0.1381	41.8000	0.0003	74.8000	
0.1380	41.4250	0.0003	74.7500	
0.1381	41.8000	0.0003	74.6750	
0.1380	41.1250	0.0003	74.7250	
0.1380	40.6250	0.0003	74.8000	
0.1380	41.8500	0.0003	74.7250	
0.1380	42.3000	0.0003	74.7750	
0.1380	41.3500	0.0003	74.7250	
0.1380	41.3000	0.0003	74.7750	
0.1380	42.4500	0.0003	74.7000	
0.1381	41.3000	0.0003	74.8250	
0.1381	42.0250	0.0003	74.6750	
0.1380	42.2500	0.0003	74.8500	
0.1380	41.6000	0.0003	74.7250	
0.1379	42.2500	0.0003	74.7750	
0.1379	42.5250	0.0003	74.7000	
0.1380	41.9000	0.0003	74.7000	
0.1379	42.6250	0.0003	74.7250	
0.1379	42.7750	0.0003	74.7000	
0.1379	42.4750	0.0003	74.7250	
0.1379	42.3000	0.0003	74.7500	
0.1379	42.9500	0.0003	74.6250	
0.1378	42.3750	0.0003	74.8000	
0.1378	42.3000	0.0003	74.6750	
0.1378	43.6250	0.0003	74.6500	
0.1378	43.4000	0.0003	74.6000	
0.1378	43.2500	0.0003	74.6500	
0.1378	42.8750	0.0003	74.7500	
0.1378	43.5250	0.0003	74.6500	
0.1378	43.3000	0.0003	74.6250	
0.1378	43.4750	0.0003	74.7500	
0.1378	43.7000	0.0003	74.6250	
0.1378	45.1750	0.0003	74.7250	
0.1377	43.7750	0.0003	74.6750	
0.1378	43.5250	0.0003	74.7750	
0.1378	44.3750	0.0003	74.6000	
0.1377	44.2750	0.0003	74.7000	
0.1377	43.8000	0.0003	74.6750	
0.1377	43.4500	0.0003	74.7000	
0.1379	45.2750	0.0003	74.6750	
0.1377	43.8000	0.0003	74.7500	
0.1377	43.5000	0.0003	74.6750	
0.1377	44.0750	0.0003	74.7000	
0.1377	44.6750	0.0003	74.6250	
0.1377	44.3500	0.0003	74.7750	
0.1377	45.1000	0.0003	74.6250	
0.1377	44.9500	0.0003	74.8000	
0.1377	45.0250	0.0003	74.5750	
0.1376	45.2500	0.0003	74.7250	
0.1376	45.2250	0.0003	74.6500	
0.1376	45.3500	0.0003	74.6750	
0.1376	45.6000	0.0003	74.6500	
0.1377	44.2250	0.0003	74.7250	
0.1376	45.4250	0.0003	74.6000	
0.1377	46.1000	0.0003	74.7500	
0.1376	45.4750	0.0003	74.7250	
0.1376	45.3000	0.0003	74.6250	
0.1376	45.1250	0.0003	74.6500	
0.1376	45.8500	0.0003	74.5750	
0.1375	46.1250	0.0003	74.6500	
0.1375	46.1000	0.0003	74.6250	
0.1375	45.9500	0.0003	74.6250	
0.1375	45.5250	0.0003	74.7000	
0.1376	46.4250	0.0003	74.6750	
0.1375	46.0250	0.0003	74.6500	
0.1375	45.6000	0.0003	74.6500	
0.1377	46.8750	0.0003	74.6750	
0.1376	45.7500	0.0003	74.6500	
0.1375	45.5750	0.0003	74.7000	
0.1375	46.7750	0.0003	74.6750	
0.1375	45.8000	0.0003	74.8000	
0.1375	45.7500	0.0003	74.6250	
0.1375	46.0250	0.0003	74.6500	
0.1375	45.4000	0.0003	74.6000	
0.1374	46.0500	0.0003	74.7000	
0.1375	46.4750	0.0003	74.6250	
0.1374	46.4750	0.0003	74.7250	
0.1374	46.4750	0.0003	74.6250	
0.1374	46.0250	0.0003	74.5750	
0.1374	45.9500	0.0003	74.6250	
0.1374	46.4500	0.0003	74.7250	
0.1374	46.5250	0.0003	74.6750	
0.1374	46.3500	0.0003	74.6500	
0.1374	46.1500	0.0003	74.6000	
0.1374	46.1250	0.0003	74.6000	
0.1374	46.5750	0.0003	74.6750	
0.1374	47.0000	0.0003	74.5750	
0.1373	46.7500	0.0003	74.6750	
0.1373	46.7500	0.0003	74.6750	
0.1374	46.1250	0.0003	74.7000	
0.1373	46.6500	0.0003	74.6500	
0.1373	47.4250	0.0003	74.6750	
0.1373	47.6250	0.0003	74.6750	
0.1373	46.6000	0.0003	74.6250	
0.1373	46.6000	0.0003	74.6000	
0.1373	47.4750	0.0003	74.6000	
0.1373	47.1750	0.0003	74.7000	
0.1373	46.4000	0.0003	74.6250	
0.1373	48.7500	0.0003	74.5750	
0.1373	50.5250	0.0003	74.5000	
0.1373	47.8750	0.0003	74.6500	
0.1372	49.7750	0.0003	74.5750	
0.1372	50.3250	0.0003	74.6750	
0.1372	50.3500	0.0003	74.6000	
0.1372	49.6000	0.0003	74.5500	
0.1372	47.7000	0.0003	74.8000	
0.1372	48.2000	0.0003	74.5750	
0.1372	50.5750	0.0003	74.6250	
0.1372	51.3250	0.0003	74.5000	
0.1372	50.1500	0.0003	74.6750	
0.1372	49.6000	0.0003	74.5500	
0.1372	52.1250	0.0003	74.6000	
0.1372	50.9250	0.0003	74.6750	
0.1372	47.7750	0.0003	74.5250	
0.1372	50.9750	0.0003	74.7000	
0.1372	51.1500	0.0003	74.5750	
0.1372	50.5250	0.0003	74.6000	
0.1371	51.6000	0.0003	74.5500	
0.1372	51.0250	0.0003	74.6750	
0.1372	51.7000	0.0003	74.6000	
0.1371	50.7000	0.0003	74.5250	
0.1372	49.3750	0.0003	74.6500	
0.1373	53.5000	0.0003	74.5500	
0.1372	51.5000	0.0003	74.6000	
0.1371	50.9500	0.0003	74.5750	
0.1371	52.7750	0.0003	74.6500	
0.1371	53.2000	0.0003	74.6250	
0.1372	51.1000	0.0003	74.6500	
0.1372	53.3250	0.0003	74.6250	
0.1371	53.1500	0.0003	74.5750	
0.1371	52.4250	0.0003	74.5250	
0.1371	53.6000	0.0003	74.6500	
0.1371	53.1000	0.0003	74.5250	
0.1371	53.2500	0.0003	74.6750	
0.1371	53.8250	0.0003	74.6000	
0.1371	53.4500	0.0003	74.6250	
0.1371	53.2500	0.0003	74.6250	
0.1370	54.1000	0.0003	74.5750	
0.1371	53.6750	0.0003	74.6000	
0.1370	54.2000	0.0003	74.5750	
0.1371	54.5000	0.0003	74.5250	
0.1370	53.7000	0.0003	74.6750	
0.1370	54.2000	0.0003	74.6500	
0.1370	53.9750	0.0003	74.5500	
0.1370	53.5500	0.0003	74.5500	
0.1370	53.9500	0.0003	74.6000	
0.1370	54.2000	0.0003	74.6250	
0.1370	54.4500	0.0003	74.6250	
0.1370	54.2500	0.0003	74.6250	
0.1370	53.4500	0.0003	74.6250	
0.1370	53.8750	0.0003	74.5500	
0.1370	54.3500	0.0003	74.6000	
0.1370	53.8750	0.0003	74.5500	
0.1370	53.1000	0.0003	74.6250	
0.1370	53.5750	0.0003	74.5750	
0.1370	54.3000	0.0003	74.6000	
0.1370	54.2000	0.0003	74.6000	
0.1369	53.8250	0.0003	74.7000	
0.1370	53.7250	0.0003	74.5000	
0.1369	54.1750	0.0003	74.5500	
0.1369	53.6750	0.0003	74.5500	
0.1369	53.7500	0.0003	74.5250	
0.1369	54.0250	0.0003	74.5750	
0.1369	54.3000	0.0003	74.4750	
0.1369	53.9500	0.0003	74.5750	
0.1369	53.6500	0.0003	74.5250	
0.1369	53.9250	0.0003	74.5500	
0.1369	54.5250	0.0003	74.5250	
0.1370	53.2000	0.0003	74.6250	
0.1368	53.8500	0.0003	74.6250	
0.1369	54.6500	0.0003	74.5000	
0.1369	54.0750	0.0003	74.5750	
0.1369	53.3500	0.0003	74.5000	
0.1369	53.4500	0.0003	74.5000	
0.1369	54.5000	0.0003	74.5750	
0.1368	54.0250	0.0003	74.5500	
0.1368	53.7000	0.0003	74.5250	
0.1368	54.0250	0.0003	74.5500	
0.1369	53.8250	0.0003	74.5250	
0.1368	54.0250	0.0003	74.5500	
0.1368	53.8500	0.0003	74.5000	
0.1369	54.4500	0.0003	74.5000	
0.1368	54.0250	0.0003	74.5750	
0.1368	53.7500	0.0003	74.5250	
0.1368	53.7750	0.0003	74.6000	
0.1369	54.6250	0.0003	74.5000	
0.1369	53.5000	0.0003	74.5250	
0.1368	53.6000	0.0003	74.5500	
0.1368	54.6250	0.0003	74.4750	
0.1369	54.1500	0.0003	74.4750	
0.1368	53.6250	0.0003	74.6000	
0.1368	54.2250	0.0003	74.5500	
0.1368	54.4500	0.0003	74.6250	
0.1368	53.6750	0.0003	74.5500	
0.1368	54.0000	0.0003	74.6000	
0.1368	54.7250	0.0003	74.4750	
0.1368	54.0000	0.0003	74.5250	
0.1367	53.5750	0.0003	74.6250	
0.1369	54.5250	0.0003	74.5750	
0.1368	53.8500	0.0003	74.5250	
0.1368	54.1500	0.0003	74.5750	
0.1367	54.1250	0.0003	74.5500	
