Loss_Adversary	Accuracy_Adversary	Loss_Target	Accuracy_Target	
0.1044	0.4214	0.6303	50.0000	50.0000	
0.1049	0.4132	0.6229	50.0000	50.0000	
0.1048	0.4054	0.6150	50.0000	50.0000	
0.1040	0.3982	0.6062	50.0000	50.0000	
0.1029	0.3913	0.5972	50.0000	50.0000	
0.1017	0.3848	0.5881	50.0000	50.0000	
0.1000	0.3786	0.5787	50.0000	50.0000	
0.0980	0.3728	0.5688	50.0000	50.0000	
0.0955	0.3672	0.5582	50.0000	50.0000	
0.0926	0.3618	0.5469	50.0000	50.0000	
0.0893	0.3564	0.5350	50.0000	50.0000	
0.0855	0.3513	0.5223	50.0000	50.0000	
0.0815	0.3462	0.5092	50.0000	50.0000	
0.0770	0.3413	0.4954	50.0000	50.0000	
0.0724	0.3364	0.4811	50.0000	50.0000	
0.0677	0.3314	0.4667	50.0000	50.0000	
0.0627	0.3266	0.4521	50.0000	50.0000	
0.0578	0.3219	0.4375	50.0000	50.0000	
0.0529	0.3172	0.4230	50.0000	50.0000	
0.0480	0.3124	0.4084	50.0000	50.0000	
0.0431	0.3079	0.3940	50.0000	50.0000	
0.0382	0.3034	0.3798	50.0000	50.0000	
0.0335	0.2989	0.3659	50.0000	50.0000	
0.0290	0.2944	0.3524	50.0000	50.0000	
0.0247	0.2901	0.3395	50.0000	50.0000	
0.0208	0.2856	0.3273	50.0000	50.0000	
0.0170	0.2813	0.3153	50.0000	50.0000	
0.0135	0.2770	0.3040	50.0000	50.0000	
0.0102	0.2728	0.2931	50.0000	50.0000	
0.0072	0.2686	0.2829	50.0000	50.0000	
0.0044	0.2642	0.2730	50.0000	50.0000	
0.0019	0.2601	0.2639	50.0000	50.0000	
-0.0003	0.2558	0.2552	50.0000	50.0000	
-0.0024	0.2518	0.2470	50.0000	50.0000	
-0.0042	0.2477	0.2393	50.0000	50.0000	
-0.0058	0.2438	0.2321	50.0000	50.0000	
-0.0073	0.2397	0.2252	50.0000	50.0000	
-0.0086	0.2358	0.2185	50.0000	50.0000	
-0.0098	0.2319	0.2124	50.0000	50.0000	
-0.0108	0.2284	0.2067	50.0000	50.0000	
-0.0117	0.2251	0.2016	50.0000	50.0000	
-0.0126	0.2218	0.1966	50.0000	50.0000	
-0.0136	0.2185	0.1913	50.0000	50.0000	
-0.0151	0.2151	0.1850	50.0000	50.0000	
-0.0165	0.2116	0.1786	50.0000	50.0000	
-0.0177	0.2080	0.1726	50.0000	50.0000	
-0.0185	0.2045	0.1674	50.0000	50.0000	
-0.0188	0.2010	0.1633	50.0000	59.7500	
-0.0187	0.1976	0.1603	50.0000	75.4000	
-0.0182	0.1946	0.1581	47.8250	80.8500	
-0.0177	0.1920	0.1566	35.0000	84.1250	
-0.0172	0.1900	0.1557	31.7750	86.5750	
-0.0167	0.1881	0.1546	31.7250	89.3250	
-0.0169	0.1875	0.1537	30.0750	90.2750	
-0.0174	0.1872	0.1524	29.1750	92.1500	
-0.0187	0.1892	0.1517	27.3500	93.7500	
-0.0210	0.1921	0.1501	26.3250	94.4500	
-0.0238	0.1961	0.1486	25.6750	94.9000	
-0.0266	0.1999	0.1468	25.4000	95.3750	
-0.0308	0.2048	0.1433	25.5500	95.7500	
-0.0382	0.2108	0.1344	27.9000	97.1250	
-0.0480	0.2175	0.1214	32.4000	97.6500	
-0.0578	0.2247	0.1092	37.9750	93.8500	
-0.0674	0.2326	0.0977	41.2000	82.9250	
-0.0764	0.2452	0.0925	42.2500	70.9000	
-0.0808	0.2525	0.0908	44.9750	63.4500	
-0.0834	0.2457	0.0790	45.5000	60.7500	
-0.0863	0.2402	0.0676	44.8000	60.5250	
-0.0894	0.2332	0.0544	43.4750	61.2500	
-0.0920	0.2296	0.0455	42.0250	61.6500	
-0.0939	0.2274	0.0396	41.2750	62.1000	
-0.0947	0.2255	0.0361	40.3000	62.0000	
-0.0948	0.2229	0.0333	40.9250	62.1000	
-0.0941	0.2197	0.0316	41.7500	62.3750	
-0.0930	0.2154	0.0295	42.6000	63.0750	
-0.0920	0.2128	0.0288	43.2750	63.2500	
-0.0909	0.2095	0.0276	43.9250	63.9000	
-0.0900	0.2063	0.0263	45.2250	64.3000	
-0.0892	0.2030	0.0246	45.9250	65.0750	
-0.0885	0.2002	0.0233	47.0250	65.3000	
-0.0878	0.1979	0.0223	47.9750	65.5500	
-0.0872	0.1952	0.0207	48.4000	65.8500	
-0.0868	0.1939	0.0204	49.0500	66.0500	
-0.0863	0.1921	0.0195	49.1000	66.5750	
-0.0858	0.1902	0.0185	49.2250	66.7000	
-0.0855	0.1886	0.0177	49.2500	66.9250	
-0.0852	0.1877	0.0174	49.3750	66.7750	
-0.0848	0.1867	0.0170	49.3000	66.9000	
-0.0846	0.1855	0.0163	49.4500	67.1750	
-0.0844	0.1844	0.0156	49.3000	67.3750	
-0.0842	0.1842	0.0159	49.2250	67.6500	
-0.0840	0.1835	0.0156	49.3250	67.8250	
-0.0839	0.1830	0.0152	49.1000	67.9000	
-0.0838	0.1820	0.0143	48.9250	68.1750	
-0.0838	0.1818	0.0143	48.6750	68.2250	
-0.0838	0.1828	0.0151	48.6000	68.3250	
-0.0839	0.1818	0.0139	48.5250	68.5500	
-0.0840	0.1808	0.0128	48.3000	68.7750	
-0.0841	0.1819	0.0137	48.0500	68.6250	
-0.0843	0.1824	0.0139	47.7750	68.9000	
-0.0844	0.1820	0.0131	47.4250	69.0250	
-0.0846	0.1815	0.0124	47.6000	69.0000	
-0.0848	0.1820	0.0123	47.4500	69.1500	
-0.0847	0.1827	0.0133	47.2000	69.3000	
-0.0850	0.1830	0.0130	47.0500	69.3000	
-0.0850	0.1820	0.0119	46.3250	69.6000	
-0.0852	0.1819	0.0115	46.4000	69.6250	
-0.0852	0.1831	0.0126	46.3250	69.6750	
-0.0853	0.1831	0.0125	46.0500	69.8250	
-0.0854	0.1820	0.0111	45.5750	70.1250	
-0.0853	0.1822	0.0115	45.4000	70.1750	
-0.0854	0.1829	0.0122	45.3750	70.2250	
-0.0851	0.1832	0.0130	45.0750	70.2250	
-0.0851	0.1824	0.0121	44.9500	70.4750	
-0.0852	0.1820	0.0115	44.8750	70.5750	
-0.0855	0.1822	0.0112	44.5500	70.7500	
-0.0856	0.1826	0.0115	44.6000	70.7750	
-0.0855	0.1821	0.0112	44.6500	70.8500	
-0.0855	0.1820	0.0109	44.5750	71.1500	
-0.0855	0.1819	0.0109	44.6750	71.2500	
-0.0852	0.1829	0.0126	44.7750	71.1000	
-0.0852	0.1820	0.0117	44.5750	71.5500	
-0.0851	0.1820	0.0119	44.7500	71.3000	
-0.0849	0.1819	0.0121	44.6250	71.7750	
-0.0852	0.1826	0.0122	44.9250	71.5500	
-0.0853	0.1815	0.0109	44.7750	71.6750	
-0.0853	0.1813	0.0107	44.7750	71.6500	
-0.0850	0.1819	0.0118	44.8000	71.8750	
-0.0848	0.1817	0.0120	45.0750	71.8500	
-0.0849	0.1812	0.0113	44.8250	71.9000	
-0.0847	0.1817	0.0124	45.0000	72.1750	
-0.0844	0.1812	0.0123	45.1500	72.0500	
-0.0848	0.1806	0.0111	44.9250	72.3750	
-0.0846	0.1814	0.0122	45.0000	72.1500	
-0.0847	0.1809	0.0114	45.0250	72.3750	
-0.0845	0.1806	0.0115	45.2250	72.3500	
-0.0845	0.1808	0.0118	45.0750	72.2750	
-0.0842	0.1806	0.0123	45.3250	72.4500	
-0.0843	0.1805	0.0119	45.1750	72.6000	
-0.0842	0.1800	0.0116	45.4000	72.4500	
-0.0844	0.1805	0.0116	45.4750	72.5750	
-0.0844	0.1806	0.0119	45.4750	72.6250	
-0.0843	0.1798	0.0111	45.4500	72.5500	
-0.0840	0.1794	0.0114	45.5750	72.8000	
-0.0843	0.1804	0.0119	45.5750	72.7750	
-0.0842	0.1797	0.0113	45.9750	72.3250	
-0.0841	0.1799	0.0117	45.8000	72.9500	
-0.0841	0.1798	0.0115	46.1750	72.8750	
-0.0841	0.1790	0.0108	46.0000	72.8500	
-0.0839	0.1792	0.0114	45.9750	73.1500	
-0.0839	0.1801	0.0124	46.3000	72.7750	
-0.0840	0.1790	0.0111	46.1500	73.0250	
-0.0840	0.1792	0.0111	46.3500	72.9750	
-0.0840	0.1795	0.0115	46.3250	73.0000	
-0.0840	0.1794	0.0115	46.3750	73.0500	
-0.0839	0.1795	0.0117	46.6250	72.9000	
-0.0840	0.1787	0.0108	46.4250	73.0500	
-0.0839	0.1795	0.0116	46.4500	73.0750	
-0.0840	0.1801	0.0121	46.7250	73.0750	
-0.0836	0.1785	0.0113	46.3750	73.2250	
-0.0836	0.1797	0.0124	46.7000	73.2750	
-0.0838	0.1796	0.0120	46.6750	73.2250	
-0.0836	0.1794	0.0122	46.8250	73.3000	
-0.0837	0.1794	0.0120	46.9250	73.3750	
-0.0835	0.1794	0.0125	46.8750	73.4500	
-0.0833	0.1797	0.0131	46.9000	73.4000	
-0.0834	0.1791	0.0123	46.7750	73.3250	
-0.0832	0.1784	0.0120	46.8750	73.6250	
-0.0836	0.1797	0.0126	47.1000	73.3000	
-0.0837	0.1788	0.0114	46.7500	73.8000	
-0.0833	0.1785	0.0118	47.0500	73.2000	
-0.0834	0.1787	0.0119	47.0250	73.7250	
-0.0835	0.1789	0.0118	47.3000	73.5250	
-0.0833	0.1780	0.0113	47.1000	73.4000	
-0.0835	0.1789	0.0118	47.1000	73.6250	
-0.0834	0.1789	0.0122	47.3750	73.5750	
-0.0834	0.1780	0.0112	47.2500	73.5500	
-0.0833	0.1783	0.0116	47.1250	73.7500	
-0.0832	0.1786	0.0123	47.3250	73.8000	
-0.0833	0.1780	0.0114	47.4250	73.7250	
-0.0834	0.1781	0.0113	47.4000	73.6750	
-0.0833	0.1785	0.0119	47.5250	73.8250	
-0.0832	0.1780	0.0116	47.5750	73.5250	
-0.0828	0.1782	0.0126	47.5000	73.9000	
-0.0829	0.1781	0.0122	47.7250	73.8750	
-0.0832	0.1782	0.0118	47.6500	73.6000	
-0.0832	0.1776	0.0113	47.6750	73.9750	
-0.0828	0.1785	0.0128	47.8250	73.7750	
-0.0827	0.1789	0.0135	47.7250	73.9750	
-0.0826	0.1774	0.0121	47.5500	73.8500	
-0.0831	0.1783	0.0121	47.6000	74.0250	
-0.0828	0.1777	0.0121	47.7000	73.7250	
-0.0829	0.1771	0.0113	47.7250	74.0500	
-0.0829	0.1774	0.0117	47.9500	73.9000	
-0.0820	0.1771	0.0132	47.7750	73.7250	
-0.0827	0.1776	0.0122	47.8000	73.9750	
-0.0828	0.1779	0.0123	48.0500	73.8000	
-0.0828	0.1770	0.0115	47.8750	73.8500	
-0.0826	0.1771	0.0118	48.0250	74.0000	
-0.0826	0.1776	0.0124	48.0750	73.7000	
-0.0826	0.1764	0.0112	47.9000	73.9000	
-0.0826	0.1769	0.0117	48.0500	73.8750	
-0.0826	0.1773	0.0121	48.2750	73.6500	
-0.0823	0.1766	0.0120	48.1500	73.9000	
-0.0824	0.1773	0.0125	48.3250	73.8000	
-0.0822	0.1768	0.0123	48.2000	73.7250	
-0.0824	0.1764	0.0117	48.2750	73.9250	
-0.0823	0.1767	0.0121	48.3750	73.8250	
-0.0821	0.1760	0.0118	48.1250	73.9000	
-0.0823	0.1763	0.0117	48.4250	73.9000	
-0.0822	0.1760	0.0115	48.4250	73.8750	
-0.0821	0.1762	0.0119	48.4250	73.8000	
-0.0821	0.1766	0.0123	48.3500	73.8750	
-0.0820	0.1761	0.0122	48.4750	73.7750	
-0.0822	0.1758	0.0115	48.5250	73.9000	
-0.0819	0.1761	0.0123	48.6000	73.5500	
-0.0816	0.1773	0.0140	48.5500	73.9250	
-0.0821	0.1763	0.0120	48.4250	73.5500	
-0.0821	0.1759	0.0116	48.4500	73.9000	
-0.0820	0.1753	0.0114	48.4750	73.8000	
-0.0819	0.1762	0.0125	48.7000	73.6500	
-0.0820	0.1759	0.0118	48.6250	73.8000	
-0.0818	0.1751	0.0115	48.5500	73.6500	
-0.0819	0.1758	0.0120	48.7000	73.6250	
-0.0819	0.1756	0.0118	48.7000	73.7250	
-0.0818	0.1758	0.0123	48.6750	73.6000	
-0.0817	0.1755	0.0121	48.5250	73.7750	
-0.0816	0.1749	0.0117	48.6000	73.5250	
-0.0815	0.1763	0.0132	48.7250	73.8250	
-0.0811	0.1765	0.0144	48.6750	73.3250	
-0.0808	0.1760	0.0144	48.8750	73.9750	
-0.0813	0.1754	0.0127	48.7750	73.5750	
-0.0815	0.1755	0.0126	48.8500	73.5500	
-0.0816	0.1751	0.0118	48.8000	73.8250	
-0.0815	0.1747	0.0117	48.7000	73.5750	
-0.0814	0.1749	0.0120	48.8500	73.6250	
-0.0813	0.1747	0.0121	49.0250	73.5750	
-0.0813	0.1754	0.0127	48.8000	73.7000	
-0.0812	0.1749	0.0126	48.8750	73.6500	
-0.0816	0.1756	0.0124	48.9500	73.4500	
-0.0813	0.1748	0.0122	49.0000	73.4500	
-0.0816	0.1749	0.0117	49.0250	73.6750	
-0.0813	0.1751	0.0125	48.8250	73.4750	
-0.0813	0.1746	0.0120	48.9000	73.5750	
-0.0814	0.1746	0.0118	48.9750	73.7750	
-0.0813	0.1748	0.0122	48.9250	73.5000	
-0.0809	0.1742	0.0123	48.9000	73.4500	
-0.0812	0.1745	0.0122	48.8000	73.6500	
-0.0812	0.1745	0.0120	48.8500	73.7000	
-0.0810	0.1744	0.0124	48.8750	73.7500	
-0.0811	0.1740	0.0118	48.9500	73.5500	
-0.0812	0.1745	0.0122	48.9750	73.7000	
-0.0814	0.1746	0.0118	48.9250	73.6250	
-0.0810	0.1742	0.0121	48.9750	73.6250	
-0.0807	0.1750	0.0137	49.0500	73.6750	
-0.0809	0.1743	0.0125	48.9500	73.6500	
-0.0806	0.1738	0.0126	48.8750	73.6750	
-0.0806	0.1740	0.0127	49.0000	73.7750	
-0.0804	0.1745	0.0137	48.8750	73.5750	
-0.0808	0.1745	0.0128	49.0500	73.6000	
-0.0807	0.1736	0.0121	49.0500	73.7750	
-0.0808	0.1734	0.0118	49.0000	73.5500	
-0.0808	0.1738	0.0122	49.0000	73.5250	
-0.0807	0.1740	0.0126	48.9250	73.7500	
-0.0806	0.1734	0.0121	49.0750	73.5000	
-0.0809	0.1736	0.0118	49.0000	73.5500	
-0.0808	0.1736	0.0121	48.9750	73.5500	
-0.0806	0.1740	0.0128	49.1250	73.7000	
-0.0808	0.1736	0.0120	48.9000	73.7250	
-0.0808	0.1733	0.0116	48.9500	73.5500	
-0.0808	0.1740	0.0123	49.0750	73.5250	
-0.0808	0.1734	0.0119	48.9750	73.8000	
-0.0805	0.1729	0.0119	48.9750	73.4250	
-0.0806	0.1732	0.0120	49.0000	73.4250	
-0.0808	0.1752	0.0137	48.9500	73.7750	
-0.0806	0.1731	0.0119	48.9000	73.4500	
-0.0804	0.1738	0.0129	48.9000	73.6750	
-0.0803	0.1741	0.0135	48.8500	73.9500	
-0.0801	0.1724	0.0121	48.9000	73.4250	
-0.0803	0.1737	0.0130	49.0000	73.7250	
-0.0803	0.1733	0.0127	49.1000	73.6000	
-0.0803	0.1728	0.0123	48.8750	73.8250	
-0.0805	0.1727	0.0117	49.0000	73.6500	
-0.0805	0.1737	0.0127	49.0000	73.5000	
-0.0804	0.1733	0.0125	48.9000	73.9000	
-0.0794	0.1725	0.0138	49.0250	73.8250	
-0.0802	0.1727	0.0123	48.8750	73.7250	
-0.0802	0.1738	0.0135	48.8250	73.8750	
-0.0801	0.1725	0.0124	48.7750	73.9000	
-0.0797	0.1727	0.0132	48.7500	73.6750	
-0.0798	0.1735	0.0138	48.9500	73.8500	
-0.0802	0.1728	0.0123	48.9500	73.7250	
-0.0802	0.1722	0.0118	48.8500	73.6750	
-0.0803	0.1732	0.0126	48.7750	73.9250	
-0.0799	0.1729	0.0130	48.9750	73.4500	
-0.0803	0.1731	0.0125	48.6000	73.8500	
-0.0802	0.1726	0.0121	48.8500	74.0000	
-0.0799	0.1724	0.0126	48.8000	73.6750	
-0.0798	0.1735	0.0140	48.7750	73.8000	
-0.0800	0.1721	0.0120	48.8000	74.0500	
-0.0799	0.1720	0.0123	48.7750	73.6500	
-0.0797	0.1726	0.0132	48.6750	73.6500	
-0.0796	0.1724	0.0132	48.8000	73.9500	
-0.0798	0.1735	0.0139	48.9750	73.7750	
-0.0799	0.1721	0.0122	48.7000	73.4750	
-0.0798	0.1720	0.0124	48.6250	73.8750	
-0.0789	0.1730	0.0152	48.6500	73.7750	
-0.0795	0.1730	0.0139	48.7250	73.8000	
-0.0800	0.1722	0.0123	48.7500	74.0250	
-0.0797	0.1718	0.0124	48.4500	73.6000	
-0.0792	0.1720	0.0137	48.8000	74.0250	
-0.0798	0.1718	0.0123	48.8500	73.8750	
-0.0799	0.1719	0.0121	48.8750	73.6750	
-0.0797	0.1717	0.0123	48.8000	73.8250	
-0.0797	0.1721	0.0128	48.7000	73.9500	
-0.0797	0.1714	0.0121	48.8000	73.7750	
-0.0797	0.1718	0.0124	48.7500	73.8500	
-0.0795	0.1716	0.0127	48.6500	73.9250	
-0.0797	0.1718	0.0123	48.8000	73.8500	
-0.0795	0.1711	0.0122	48.5250	73.8750	
-0.0794	0.1721	0.0133	48.6500	73.8750	
-0.0784	0.1714	0.0146	48.4500	73.8000	
-0.0788	0.1725	0.0149	48.2750	74.0250	
-0.0771	0.1746	0.0204	48.8750	73.7500	
-0.0778	0.1721	0.0165	48.4000	73.9250	
-0.0789	0.1726	0.0148	48.6250	74.0250	
-0.0792	0.1712	0.0129	48.6750	73.7750	
-0.0796	0.1709	0.0118	48.4500	73.9750	
-0.0793	0.1715	0.0130	48.6750	73.9750	
-0.0788	0.1713	0.0137	48.5500	73.8500	
-0.0791	0.1705	0.0124	48.6250	73.9000	
-0.0794	0.1714	0.0127	48.4000	73.9500	
-0.0792	0.1714	0.0130	48.6250	74.1500	
-0.0792	0.1710	0.0125	48.5500	73.8250	
-0.0794	0.1705	0.0117	48.4250	74.0250	
-0.0793	0.1711	0.0125	48.5250	74.0250	
-0.0792	0.1710	0.0126	48.4500	73.8500	
-0.0789	0.1710	0.0132	48.3750	74.1000	
-0.0791	0.1713	0.0132	48.3500	74.1500	
-0.0793	0.1706	0.0121	48.5000	73.9750	
-0.0792	0.1705	0.0120	48.3000	73.9750	
-0.0790	0.1709	0.0130	48.3250	74.1250	
-0.0788	0.1704	0.0129	48.3250	74.0500	
-0.0792	0.1707	0.0124	48.2750	73.9250	
-0.0792	0.1703	0.0120	48.4250	74.0250	
-0.0789	0.1701	0.0122	48.4250	73.9500	
-0.0788	0.1708	0.0131	48.4250	73.9500	
-0.0787	0.1710	0.0136	48.5000	74.1750	
-0.0789	0.1696	0.0119	48.2500	73.8750	
-0.0789	0.1705	0.0128	48.2500	74.0750	
-0.0789	0.1708	0.0129	48.3000	74.1000	
-0.0782	0.1706	0.0141	48.3500	73.9000	
-0.0783	0.1706	0.0140	48.3250	73.8250	
-0.0786	0.1703	0.0130	48.3750	74.2500	
-0.0786	0.1704	0.0131	48.4000	73.8500	
-0.0787	0.1702	0.0128	48.2750	74.0000	
-0.0784	0.1702	0.0134	48.4250	74.1750	
-0.0789	0.1701	0.0124	48.2750	73.8250	
-0.0788	0.1699	0.0123	48.3250	74.0750	
-0.0788	0.1703	0.0128	48.2500	74.0250	
-0.0786	0.1714	0.0142	48.0750	73.9250	
-0.0789	0.1701	0.0123	48.3500	74.2250	
-0.0786	0.1694	0.0121	48.3000	73.8250	
-0.0786	0.1707	0.0136	48.2750	74.0750	
-0.0786	0.1705	0.0133	48.3500	74.2000	
-0.0786	0.1694	0.0123	48.0500	73.7750	
-0.0782	0.1701	0.0136	48.1250	73.8750	
-0.0787	0.1704	0.0130	48.2500	74.1000	
-0.0786	0.1694	0.0122	48.2250	73.8750	
-0.0785	0.1692	0.0123	48.1250	74.1750	
-0.0782	0.1695	0.0131	48.2250	73.8500	
-0.0785	0.1697	0.0126	48.2500	74.1000	
-0.0780	0.1701	0.0141	48.2500	74.0000	
-0.0778	0.1695	0.0138	48.0500	74.0250	
-0.0777	0.1708	0.0155	48.3750	74.1750	
-0.0779	0.1699	0.0142	48.0000	74.0250	
-0.0779	0.1695	0.0137	48.1000	73.9750	
-0.0780	0.1703	0.0143	48.1750	74.1250	
-0.0784	0.1691	0.0123	48.2000	74.0750	
-0.0783	0.1696	0.0131	47.8000	74.0750	
-0.0783	0.1689	0.0124	48.1750	73.9750	
-0.0784	0.1693	0.0124	48.2250	73.9000	
-0.0781	0.1695	0.0134	48.2000	74.3000	
-0.0778	0.1697	0.0140	48.0000	73.9250	
-0.0782	0.1689	0.0124	48.0500	74.0000	
-0.0783	0.1698	0.0133	48.1750	74.1000	
-0.0783	0.1694	0.0128	48.0500	73.9500	
-0.0783	0.1685	0.0120	48.0500	74.2000	
-0.0780	0.1693	0.0132	47.8750	73.9500	
-0.0766	0.1695	0.0163	48.2000	73.9250	
-0.0776	0.1701	0.0150	48.2250	74.1750	
-0.0783	0.1690	0.0124	48.2000	74.2000	
-0.0781	0.1687	0.0125	48.1750	73.8500	
-0.0779	0.1690	0.0132	48.2500	74.0000	
-0.0780	0.1692	0.0132	48.1250	74.2000	
-0.0779	0.1693	0.0135	48.1750	74.0250	
-0.0779	0.1688	0.0130	48.1500	73.9750	
-0.0779	0.1685	0.0128	48.1750	74.2000	
-0.0781	0.1683	0.0121	48.0750	73.9500	
-0.0780	0.1688	0.0128	48.0250	74.0000	
-0.0780	0.1689	0.0128	48.0000	74.2000	
-0.0779	0.1693	0.0135	48.1750	74.0250	
-0.0774	0.1695	0.0148	48.0500	74.1750	
-0.0778	0.1695	0.0139	47.9250	73.9750	
-0.0776	0.1691	0.0139	48.0750	74.2250	
-0.0779	0.1684	0.0127	48.1750	74.0250	
-0.0780	0.1693	0.0133	47.8250	74.1000	
-0.0777	0.1689	0.0135	48.0750	74.2250	
-0.0779	0.1687	0.0129	48.2250	74.0250	
-0.0777	0.1681	0.0127	48.0250	74.1500	
-0.0772	0.1684	0.0141	48.1000	74.1250	
-0.0772	0.1706	0.0162	48.0500	74.1750	
-0.0770	0.1683	0.0144	48.0500	74.1250	
-0.0776	0.1678	0.0127	47.8750	73.9750	
-0.0775	0.1679	0.0130	48.1000	74.2500	
-0.0778	0.1684	0.0129	48.0500	74.0000	
-0.0780	0.1693	0.0132	48.0750	74.0250	
-0.0779	0.1698	0.0140	47.6250	74.1000	
-0.0771	0.1701	0.0159	47.7250	74.3000	
-0.0778	0.1697	0.0141	47.5000	73.8250	
-0.0776	0.1686	0.0134	47.8000	74.1750	
-0.0770	0.1679	0.0138	48.3000	74.1750	
-0.0773	0.1694	0.0148	47.7500	73.9750	
-0.0773	0.1689	0.0142	48.0750	74.2000	
-0.0771	0.1688	0.0146	48.1750	74.1250	
-0.0761	0.1680	0.0159	47.9000	74.1250	
-0.0768	0.1683	0.0146	47.7250	74.2500	
-0.0766	0.1688	0.0155	48.0000	74.0250	
-0.0770	0.1683	0.0142	47.9000	74.0750	
-0.0775	0.1676	0.0126	47.9750	74.2750	
-0.0773	0.1685	0.0140	48.2500	74.1750	
-0.0774	0.1674	0.0126	47.9000	73.9750	
-0.0775	0.1681	0.0132	48.0250	74.2500	
-0.0775	0.1680	0.0130	48.2500	74.2500	
-0.0775	0.1674	0.0124	48.0000	73.9250	
-0.0773	0.1672	0.0127	47.9750	74.1750	
-0.0775	0.1677	0.0127	48.2000	74.1250	
-0.0773	0.1677	0.0131	48.3750	73.9500	
-0.0772	0.1677	0.0132	48.0750	74.3250	
-0.0773	0.1679	0.0133	47.9000	74.1000	
-0.0774	0.1669	0.0120	47.8750	74.0750	
-0.0771	0.1682	0.0140	48.0250	74.0250	
-0.0772	0.1671	0.0128	47.9500	74.1500	
-0.0773	0.1673	0.0126	47.8750	74.2250	
-0.0770	0.1684	0.0144	48.2500	74.0250	
-0.0770	0.1671	0.0131	48.2250	74.1500	
-0.0769	0.1681	0.0143	47.9250	74.2250	
-0.0772	0.1674	0.0131	47.8500	74.1250	
-0.0773	0.1679	0.0134	48.0000	74.0500	
-0.0767	0.1675	0.0142	48.2500	74.2250	
-0.0772	0.1673	0.0129	48.1250	74.0750	
-0.0770	0.1682	0.0143	47.8250	74.1250	
-0.0769	0.1670	0.0132	47.9500	74.2750	
-0.0766	0.1672	0.0139	47.9500	74.0750	
-0.0770	0.1669	0.0128	47.7250	73.9000	
-0.0772	0.1680	0.0137	47.9250	74.2000	
-0.0766	0.1679	0.0147	48.2750	74.0250	
-0.0765	0.1685	0.0154	47.6750	74.0000	
-0.0769	0.1682	0.0144	48.3250	74.2750	
-0.0767	0.1675	0.0141	48.1500	74.0000	
-0.0767	0.1679	0.0146	48.1000	74.0250	
-0.0771	0.1669	0.0128	48.1250	74.2500	
-0.0768	0.1670	0.0134	47.9750	74.2250	
-0.0773	0.1677	0.0132	48.3250	74.2500	
-0.0773	0.1691	0.0144	47.5000	73.9500	
-0.0771	0.1665	0.0123	48.0750	74.2000	
-0.0772	0.1668	0.0124	48.2750	74.2250	
-0.0770	0.1669	0.0130	47.5500	73.8000	
-0.0770	0.1666	0.0126	48.0500	74.1500	
-0.0771	0.1676	0.0135	48.3750	74.3000	
-0.0768	0.1673	0.0136	47.9500	73.9000	
-0.0771	0.1664	0.0123	48.1000	74.1750	
-0.0772	0.1670	0.0125	47.9250	74.2000	
-0.0768	0.1668	0.0133	48.1250	73.9000	
-0.0763	0.1672	0.0146	48.1500	74.2000	
-0.0761	0.1665	0.0143	47.8750	74.1000	
-0.0760	0.1668	0.0147	48.3000	74.1250	
-0.0764	0.1672	0.0145	48.0500	74.1500	
-0.0765	0.1660	0.0130	48.0500	74.1250	
-0.0770	0.1661	0.0121	48.2000	74.0500	
-0.0769	0.1665	0.0127	48.1000	74.1000	
-0.0767	0.1665	0.0130	48.2000	74.2000	
-0.0768	0.1656	0.0120	48.2500	74.0250	
-0.0769	0.1667	0.0129	48.2500	74.0250	
-0.0766	0.1680	0.0149	48.4250	74.1750	
-0.0760	0.1673	0.0153	48.3750	74.1750	
-0.0767	0.1671	0.0138	47.8250	74.0500	
-0.0759	0.1670	0.0153	48.0000	74.1500	
-0.0767	0.1673	0.0139	48.6250	74.1750	
-0.0765	0.1661	0.0130	47.7750	73.8500	
-0.0766	0.1660	0.0127	47.7750	74.2250	
-0.0770	0.1672	0.0132	48.4500	74.2000	
-0.0769	0.1675	0.0137	47.9750	73.7750	
-0.0762	0.1681	0.0157	48.2000	74.0750	
-0.0762	0.1667	0.0143	48.4750	74.1750	
-0.0764	0.1663	0.0136	48.2500	73.9750	
-0.0764	0.1659	0.0131	48.2500	74.0000	
-0.0767	0.1667	0.0133	48.2500	74.0250	
-0.0765	0.1662	0.0132	48.3000	74.1750	
-0.0765	0.1655	0.0125	48.2500	74.0750	
-0.0767	0.1679	0.0145	48.0750	74.0250	
-0.0761	0.1689	0.0168	48.2750	73.9250	
-0.0760	0.1668	0.0148	48.1500	74.0500	
-0.0763	0.1656	0.0130	48.0250	74.1000	
-0.0761	0.1660	0.0138	47.9250	73.9750	
-0.0762	0.1672	0.0148	48.3250	74.1750	
-0.0764	0.1662	0.0133	48.2750	74.1250	
-0.0765	0.1651	0.0120	47.9000	74.1000	
-0.0766	0.1657	0.0125	48.0000	74.1250	
-0.0765	0.1659	0.0129	48.2500	74.0250	
-0.0759	0.1663	0.0146	48.1000	74.0750	
-0.0764	0.1666	0.0138	48.2250	74.1750	
-0.0762	0.1654	0.0129	48.3250	74.0000	
-0.0765	0.1661	0.0130	47.9750	74.0500	
-0.0764	0.1666	0.0137	48.4250	74.0500	
-0.0759	0.1668	0.0151	48.1500	74.1000	
-0.0756	0.1662	0.0150	48.0500	74.0250	
-0.0765	0.1657	0.0128	48.3250	73.9750	
-0.0765	0.1660	0.0129	48.3250	74.1000	
-0.0764	0.1655	0.0127	48.0000	74.1750	
-0.0755	0.1652	0.0142	48.3500	74.0750	
-0.0765	0.1655	0.0125	48.4750	74.1250	
-0.0757	0.1666	0.0151	48.2000	74.1750	
-0.0757	0.1666	0.0152	47.8000	74.0250	
-0.0758	0.1654	0.0138	48.2250	74.1500	
-0.0763	0.1653	0.0127	48.4500	74.0000	
-0.0764	0.1653	0.0126	48.2000	73.9000	
-0.0763	0.1657	0.0131	48.2250	74.2250	
-0.0761	0.1660	0.0139	48.2000	74.0250	
-0.0762	0.1657	0.0132	48.3500	73.9750	
-0.0763	0.1650	0.0124	48.2000	74.1750	
-0.0763	0.1651	0.0125	48.1500	73.9500	
-0.0758	0.1668	0.0151	48.3000	73.8500	
-0.0753	0.1672	0.0166	48.2750	74.1500	
-0.0758	0.1657	0.0142	48.2750	74.1250	
-0.0756	0.1649	0.0138	48.2000	73.9000	
-0.0757	0.1659	0.0144	47.9500	73.9750	
-0.0763	0.1670	0.0143	48.5750	74.2000	
-0.0759	0.1658	0.0140	48.1500	73.9500	
-0.0755	0.1661	0.0150	47.9500	74.0000	
-0.0756	0.1655	0.0143	48.1000	74.1250	
-0.0756	0.1655	0.0142	48.0250	73.9500	
-0.0757	0.1655	0.0140	48.2250	74.1250	
-0.0757	0.1660	0.0146	48.5500	74.0000	
-0.0763	0.1652	0.0127	48.2500	73.9750	
-0.0760	0.1653	0.0133	48.2750	74.1500	
-0.0758	0.1655	0.0140	48.3000	74.0750	
-0.0761	0.1654	0.0132	48.3000	73.9000	
-0.0760	0.1649	0.0129	48.2500	74.1250	
-0.0759	0.1648	0.0129	48.2500	73.9750	
-0.0760	0.1643	0.0124	48.2500	74.1000	
-0.0758	0.1663	0.0147	48.1500	74.1250	
-0.0747	0.1651	0.0157	48.4000	74.0500	
-0.0751	0.1678	0.0176	48.3500	73.9750	
-0.0745	0.1659	0.0169	47.9500	74.0250	
-0.0749	0.1670	0.0173	48.6250	74.2500	
-0.0753	0.1663	0.0157	48.2250	74.1000	
-0.0760	0.1648	0.0128	48.0500	74.2000	
-0.0757	0.1641	0.0127	48.2000	74.1000	
-0.0758	0.1653	0.0138	48.2250	74.0000	
-0.0758	0.1652	0.0135	48.4000	74.1250	
-0.0755	0.1647	0.0137	48.3500	74.0000	
-0.0758	0.1666	0.0151	48.2250	73.9000	
-0.0760	0.1654	0.0134	48.5750	74.3000	
-0.0759	0.1648	0.0130	48.3750	74.1500	
-0.0758	0.1655	0.0139	48.4750	73.9500	
-0.0759	0.1640	0.0122	48.3000	74.2500	
-0.0760	0.1646	0.0126	48.4000	74.1250	
-0.0757	0.1646	0.0132	48.2750	73.9750	
-0.0760	0.1647	0.0128	48.2000	74.0750	
-0.0760	0.1643	0.0124	48.3000	74.1750	
-0.0759	0.1644	0.0125	48.2500	74.0250	
-0.0758	0.1651	0.0136	48.2250	73.9750	
-0.0759	0.1645	0.0128	48.4500	74.1750	
-0.0760	0.1641	0.0122	48.2750	74.0750	
-0.0761	0.1659	0.0138	48.6750	74.1500	
-0.0750	0.1658	0.0158	48.4500	74.0250	
-0.0755	0.1670	0.0160	48.2000	73.9250	
-0.0749	0.1659	0.0162	48.5000	74.1000	
-0.0760	0.1643	0.0123	47.8000	73.9000	
-0.0759	0.1658	0.0139	48.1500	74.1500	
-0.0759	0.1645	0.0127	48.3750	73.9750	
-0.0756	0.1656	0.0144	48.1750	74.0500	
-0.0757	0.1657	0.0143	48.2250	74.1750	
-0.0757	0.1645	0.0130	48.3000	74.0500	
-0.0756	0.1649	0.0137	48.2000	74.0750	
-0.0751	0.1648	0.0145	48.3500	74.0750	
-0.0749	0.1655	0.0157	48.3000	74.0000	
-0.0756	0.1647	0.0135	48.2750	74.1750	
-0.0757	0.1642	0.0128	48.2500	74.2250	
-0.0757	0.1644	0.0130	48.5000	74.1250	
-0.0749	0.1658	0.0159	48.3500	74.0500	
-0.0751	0.1650	0.0147	48.1750	74.1500	
-0.0753	0.1651	0.0145	48.2750	74.1250	
-0.0753	0.1659	0.0153	48.2000	74.1000	
-0.0762	0.1642	0.0119	48.1500	74.2750	
-0.0767	0.1652	0.0118	48.1750	74.2000	
-0.0770	0.1684	0.0144	48.6500	74.1250	
-0.0773	0.1694	0.0148	48.6250	73.8750	
-0.0776	0.1705	0.0153	49.3500	73.9250	
-0.0776	0.1718	0.0166	49.6000	73.9750	
-0.0778	0.1744	0.0188	49.6250	73.8000	
-0.0779	0.1762	0.0204	50.0500	73.7750	
-0.0780	0.1766	0.0206	49.9500	73.9000	
-0.0782	0.1773	0.0208	49.7500	73.9500	
-0.0781	0.1790	0.0228	49.8000	73.9250	
-0.0783	0.1810	0.0245	50.0000	73.8750	
-0.0785	0.1812	0.0242	49.6750	73.8500	
-0.0789	0.1835	0.0258	49.8750	73.8500	
-0.0788	0.1861	0.0285	49.9500	73.9250	
-0.0777	0.1878	0.0325	50.0000	73.6250	
-0.0794	0.1927	0.0339	49.9500	73.5000	
-0.0806	0.1954	0.0341	50.2000	73.5750	
-0.0817	0.1977	0.0343	50.5500	73.3750	
-0.0851	0.2094	0.0392	50.4750	72.8750	
-0.0882	0.2210	0.0446	50.5000	72.6500	
-0.0955	0.2433	0.0523	50.6000	72.4000	
-0.1022	0.2617	0.0573	47.3500	72.9250	
-0.1062	0.2737	0.0613	47.8250	73.1500	
-0.1057	0.2751	0.0637	49.3000	73.5000	
-0.1011	0.2662	0.0640	49.7000	74.0250	
-0.0940	0.2474	0.0594	49.9250	74.5750	
-0.0860	0.2263	0.0542	49.8000	74.6000	
-0.0800	0.2076	0.0476	49.8250	74.4500	
-0.0776	0.1949	0.0397	49.8750	74.3500	
-0.0792	0.1898	0.0314	49.7750	74.3000	
-0.0797	0.1855	0.0262	49.3500	74.4000	
-0.0798	0.1837	0.0241	47.2500	74.6500	
-0.0797	0.1833	0.0239	43.8000	74.7000	
-0.0800	0.1829	0.0229	39.4250	74.7750	
-0.0802	0.1816	0.0211	36.3500	74.7750	
-0.0804	0.1816	0.0209	34.8750	75.0500	
-0.0801	0.1818	0.0216	35.7250	75.1250	
-0.0805	0.1817	0.0207	38.3250	74.9000	
-0.0805	0.1810	0.0199	39.5750	75.1750	
-0.0806	0.1807	0.0195	38.6500	75.3250	
-0.0806	0.1810	0.0197	38.5500	75.6750	
-0.0807	0.1807	0.0193	38.9000	75.7000	
-0.0806	0.1806	0.0194	38.9500	75.6750	
-0.0806	0.1800	0.0188	38.1500	75.8000	
-0.0807	0.1801	0.0187	37.6500	75.9500	
-0.0806	0.1803	0.0191	37.4750	75.9250	
-0.0805	0.1800	0.0189	37.8250	75.9750	
-0.0804	0.1797	0.0190	37.3500	76.0250	
-0.0803	0.1793	0.0186	37.1500	76.0750	
-0.0801	0.1787	0.0185	36.8250	76.0000	
-0.0800	0.1784	0.0183	37.4000	75.9750	
-0.0798	0.1785	0.0190	39.9750	76.0250	
-0.0796	0.1785	0.0194	41.6750	76.0250	
-0.0795	0.1774	0.0185	41.5500	76.0500	
-0.0793	0.1772	0.0187	42.2500	76.1000	
-0.0791	0.1769	0.0187	43.7000	76.2000	
-0.0790	0.1762	0.0183	43.5250	76.3250	
-0.0788	0.1760	0.0183	44.3250	76.2250	
-0.0787	0.1757	0.0184	44.4750	76.3250	
-0.0786	0.1754	0.0183	44.4000	76.4750	
-0.0784	0.1748	0.0179	44.8750	76.5250	
-0.0783	0.1750	0.0185	45.1500	76.5750	
-0.0782	0.1747	0.0184	44.8750	76.6500	
-0.0779	0.1744	0.0185	45.0750	76.6500	
-0.0779	0.1738	0.0180	45.5750	76.7250	
-0.0778	0.1738	0.0181	45.4500	76.8250	
-0.0777	0.1735	0.0180	45.6500	76.8250	
-0.0775	0.1736	0.0185	45.9000	76.8500	
-0.0772	0.1730	0.0186	46.0750	76.8000	
-0.0772	0.1738	0.0194	46.1000	76.8250	
-0.0770	0.1726	0.0186	46.4000	76.7750	
-0.0770	0.1732	0.0191	46.7000	76.8750	
-0.0771	0.1723	0.0181	46.6000	76.9750	
-0.0768	0.1721	0.0186	46.7250	76.9500	
-0.0769	0.1721	0.0183	46.6750	77.0500	
-0.0768	0.1718	0.0181	46.8000	77.1250	
-0.0768	0.1715	0.0179	46.7750	77.1750	
-0.0768	0.1715	0.0179	47.3250	77.1750	
-0.0767	0.1713	0.0178	47.1750	77.3250	
-0.0767	0.1711	0.0177	47.1500	77.3000	
-0.0765	0.1713	0.0183	47.4750	77.2500	
-0.0765	0.1711	0.0181	47.3250	77.1500	
-0.0765	0.1705	0.0175	47.4250	77.1750	
-0.0764	0.1706	0.0178	47.4250	77.1500	
-0.0764	0.1709	0.0180	47.6000	77.0500	
-0.0760	0.1707	0.0188	47.8750	77.2750	
-0.0763	0.1705	0.0179	47.6250	77.3500	
-0.0761	0.1701	0.0178	47.6500	76.9250	
-0.0762	0.1706	0.0182	47.9750	76.9000	
-0.0761	0.1702	0.0180	47.8000	77.1250	
-0.0758	0.1694	0.0178	48.0250	77.2750	
-0.0753	0.1702	0.0197	48.3000	76.9750	
-0.0758	0.1696	0.0180	47.9750	76.7500	
-0.0760	0.1686	0.0167	48.1000	76.9250	
-0.0758	0.1687	0.0171	48.0500	76.9500	
-0.0759	0.1688	0.0171	48.3750	76.9750	
-0.0759	0.1691	0.0173	48.1750	77.0250	
-0.0752	0.1691	0.0186	48.4750	76.8750	
-0.0755	0.1682	0.0172	48.3750	76.7750	
-0.0755	0.1689	0.0179	48.2750	76.8750	
-0.0755	0.1683	0.0174	48.4500	76.5000	
-0.0755	0.1685	0.0175	48.3500	76.4250	
-0.0752	0.1686	0.0182	48.6000	76.4250	
-0.0755	0.1684	0.0174	48.6500	76.4750	
0.3929	52.6750	0.4187	50.0000	
0.3760	50.3250	0.3995	50.0000	
0.3598	50.0000	0.3804	50.0000	
0.3436	50.0000	0.3620	50.0000	
0.3286	50.0000	0.3441	50.4250	
0.3142	50.0000	0.3274	55.3500	
0.3013	50.0000	0.3118	65.6250	
0.2890	50.0000	0.2981	73.7000	
0.2772	50.0000	0.2862	77.1250	
0.2670	50.0000	0.2752	77.2250	
0.2597	49.9250	0.2653	77.2500	
0.2543	50.3750	0.2572	77.4750	
0.2519	53.1250	0.2495	76.7500	
0.2511	53.7750	0.2421	76.8000	
0.2509	53.2250	0.2344	77.2750	
0.2508	53.3500	0.2265	77.7500	
0.2507	54.0500	0.2183	77.5250	
0.2505	54.1750	0.2102	77.7250	
0.2504	54.0250	0.2022	77.7750	
0.2503	54.3250	0.1946	77.8000	
0.2503	54.0750	0.1874	77.6000	
0.2502	54.2000	0.1809	77.7750	
0.2501	54.1250	0.1751	77.8000	
0.2501	54.3000	0.1700	77.7000	
0.2500	54.1500	0.1657	77.6250	
0.2500	54.5500	0.1622	77.7250	
0.2499	54.4500	0.1593	77.5750	
0.2499	53.9250	0.1571	77.4250	
0.2499	53.9250	0.1554	77.4500	
0.2498	54.8750	0.1540	77.3500	
0.2498	54.7750	0.1530	77.6000	
0.2498	53.4250	0.1521	77.5250	
0.2497	54.2250	0.1515	77.4000	
0.2497	54.9750	0.1510	77.3750	
0.2497	56.6500	0.1506	77.5250	
0.2497	57.2750	0.1503	77.6250	
0.2497	51.6500	0.1500	77.6500	
0.2497	51.1500	0.1498	77.6500	
0.2496	53.2250	0.1496	77.6250	
0.2496	56.7500	0.1494	77.7000	
0.2496	52.5750	0.1493	77.5750	
0.2496	50.9000	0.1492	77.5500	
0.2496	50.5250	0.1491	77.5750	
0.2496	51.0250	0.1490	77.4500	
0.2496	51.1000	0.1489	77.4750	
0.2495	51.2500	0.1488	77.5250	
0.2496	50.9250	0.1488	77.4750	
0.2496	50.8500	0.1487	77.4750	
0.2495	50.9000	0.1487	77.5250	
0.2495	51.7000	0.1486	77.4000	
0.2495	51.7500	0.1486	77.4000	
0.2495	51.2250	0.1486	77.3750	
0.2495	51.2000	0.1485	77.2750	
0.2495	51.6000	0.1485	77.2750	
0.2494	51.2750	0.1484	77.3500	
0.2495	50.9000	0.1484	77.3250	
0.2494	50.7750	0.1484	77.3500	
0.2494	51.7750	0.1484	77.2500	
0.2494	51.9250	0.1483	77.3000	
0.2494	51.4750	0.1483	77.2250	
0.2494	51.3500	0.1483	77.2750	
0.2494	50.9750	0.1482	77.2000	
0.2494	51.2000	0.1482	77.2500	
0.2494	50.8250	0.1482	77.2750	
0.2493	51.4750	0.1482	77.1250	
0.2494	51.4750	0.1482	77.2250	
0.2494	51.4000	0.1481	77.0250	
0.2493	51.0250	0.1481	76.9500	
0.2493	50.7250	0.1481	77.1000	
0.2493	51.2000	0.1481	77.0250	
0.2493	51.6250	0.1481	76.9750	
0.2493	51.8750	0.1480	77.0000	
0.2492	51.7250	0.1480	77.0250	
0.2493	51.2500	0.1480	77.0250	
0.2492	51.5500	0.1480	77.0250	
0.2492	51.4000	0.1480	76.9500	
0.2492	51.2750	0.1480	76.9500	
0.2492	51.2000	0.1480	76.9500	
0.2492	51.6750	0.1479	76.9500	
0.2492	51.6000	0.1479	76.9500	
0.2492	51.5250	0.1479	77.0250	
0.2491	51.4750	0.1479	76.9750	
0.2491	51.4250	0.1479	76.9250	
0.2491	51.6000	0.1478	77.0250	
0.2491	51.5000	0.1479	76.8750	
0.2491	51.8000	0.1478	76.8500	
0.2491	51.3500	0.1478	76.9000	
0.2491	51.4000	0.1478	76.9750	
0.2491	51.4500	0.1478	76.8750	
0.2491	51.5000	0.1477	76.8750	
0.2491	51.6750	0.1477	76.9250	
0.2490	51.4000	0.1477	76.8750	
0.2490	51.1250	0.1477	76.8500	
0.2490	51.1500	0.1477	76.9750	
0.2490	51.4250	0.1477	76.9000	
0.2490	51.6750	0.1476	76.8750	
0.2490	51.2750	0.1476	76.8750	
0.2490	51.6000	0.1476	76.9500	
0.2489	51.1250	0.1476	76.8750	
0.2489	51.2750	0.1476	76.9000	
0.2489	51.3250	0.1476	76.8750	
0.2489	51.5750	0.1475	76.8750	
0.2489	51.9000	0.1475	76.8750	
0.2489	51.5500	0.1475	76.8250	
0.2489	51.5500	0.1475	76.8750	
0.2488	51.4500	0.1475	76.9000	
0.2488	51.5750	0.1474	76.8750	
0.2489	51.7000	0.1474	76.8500	
0.2488	51.6250	0.1474	76.9000	
0.2488	51.5000	0.1474	76.8750	
0.2487	51.5000	0.1474	76.8250	
0.2488	51.5500	0.1474	76.8750	
0.2488	51.8500	0.1473	76.9000	
0.2487	51.5750	0.1473	76.8750	
0.2487	51.6750	0.1473	76.9250	
0.2487	51.8750	0.1473	76.8750	
0.2487	51.6500	0.1473	76.9000	
0.2486	51.7250	0.1472	76.9000	
0.2487	51.3750	0.1473	76.9250	
0.2486	51.6000	0.1472	76.8000	
0.2486	51.8000	0.1472	76.9000	
0.2486	51.8250	0.1472	76.9000	
0.2486	51.8000	0.1471	76.8750	
0.2486	51.5000	0.1471	76.9000	
0.2486	51.5000	0.1471	76.8750	
0.2485	52.1250	0.1471	76.9250	
0.2485	51.7750	0.1470	76.9250	
0.2485	51.6250	0.1471	76.9000	
0.2485	51.7000	0.1470	76.8750	
0.2484	51.8750	0.1470	76.8750	
0.2484	51.7500	0.1470	76.8750	
0.2484	51.7250	0.1469	76.9250	
0.2484	51.8000	0.1469	76.8750	
0.2484	51.6500	0.1469	76.8750	
0.2484	51.7250	0.1469	76.8500	
0.2483	51.9500	0.1469	76.8750	
0.2483	52.0500	0.1469	76.8250	
0.2483	51.7750	0.1468	76.9250	
0.2483	51.6000	0.1468	76.9250	
0.2483	51.7000	0.1468	76.8500	
0.2483	51.5000	0.1468	76.8750	
0.2482	51.8000	0.1467	76.8000	
0.2482	51.4500	0.1468	76.8000	
0.2482	51.2250	0.1467	76.8750	
0.2482	52.1000	0.1467	76.8250	
0.2481	52.0750	0.1466	76.8500	
0.2481	51.6500	0.1466	76.8750	
0.2481	51.4250	0.1466	76.8000	
0.2481	51.6500	0.1466	76.8750	
0.2480	51.8000	0.1465	76.7500	
0.2480	51.6250	0.1465	76.8750	
0.2480	51.6750	0.1465	76.8000	
0.2480	52.1500	0.1465	76.8500	
0.2480	51.8750	0.1464	76.8000	
0.2479	51.6500	0.1464	76.8250	
0.2479	51.8000	0.1464	76.8250	
0.2479	52.0250	0.1464	76.9500	
0.2480	51.3500	0.1464	76.7000	
0.2479	51.4750	0.1463	76.8250	
0.2478	52.0000	0.1463	76.9000	
0.2478	52.0250	0.1463	76.8750	
0.2478	51.9000	0.1462	76.8000	
0.2478	51.7500	0.1462	76.7500	
0.2478	51.6750	0.1462	76.8250	
0.2477	51.9250	0.1462	76.9000	
0.2477	52.0250	0.1461	76.8500	
0.2477	51.4500	0.1461	76.8500	
0.2476	51.7750	0.1461	76.8000	
0.2477	51.8750	0.1460	76.8000	
0.2476	52.1250	0.1460	76.8750	
0.2476	52.1750	0.1460	76.7500	
0.2476	51.9000	0.1460	76.8750	
0.2475	51.9250	0.1459	76.8000	
0.2475	51.3000	0.1459	76.7250	
0.2475	51.7250	0.1459	76.7750	
0.2474	51.9500	0.1459	76.7500	
0.2475	51.7250	0.1458	76.8250	
0.2474	51.8500	0.1458	76.8250	
0.2474	51.9750	0.1458	76.8250	
0.2473	51.6000	0.1458	76.7750	
0.2473	51.8000	0.1457	76.6500	
0.2473	51.9000	0.1457	76.8250	
0.2472	51.9750	0.1456	76.7750	
0.2472	51.7000	0.1457	76.8250	
0.2472	51.9750	0.1455	76.7000	
0.2472	51.8000	0.1455	76.7250	
0.2471	52.0250	0.1455	76.7000	
0.2471	51.9000	0.1455	76.7750	
0.2471	51.9250	0.1454	76.7750	
0.2471	51.9500	0.1454	76.7000	
0.2471	51.7000	0.1454	76.8000	
0.2470	51.7250	0.1453	76.7500	
0.2470	52.2250	0.1453	76.7500	
0.2469	52.2500	0.1452	76.7000	
0.2469	51.6250	0.1452	76.7750	
0.2469	51.6500	0.1452	76.8000	
0.2469	52.4250	0.1452	76.6500	
0.2468	52.1750	0.1451	76.7750	
0.2468	51.8000	0.1451	76.7250	
0.2467	52.1750	0.1450	76.7750	
0.2468	52.4000	0.1451	76.8250	
0.2467	52.0000	0.1450	76.6750	
0.2467	51.5250	0.1450	76.7250	
0.2466	52.1750	0.1449	76.7000	
0.2466	52.4750	0.1449	76.6500	
0.2465	51.9500	0.1448	76.7750	
0.2465	51.8250	0.1447	76.6750	
0.2465	52.2250	0.1447	76.7250	
0.2464	52.2750	0.1446	76.7000	
0.2465	52.3000	0.1446	76.7000	
0.2465	51.4000	0.1445	76.7500	
0.2464	52.1250	0.1444	76.7750	
0.2463	52.4250	0.1443	76.7500	
0.2463	52.3000	0.1442	76.7500	
0.2462	52.2000	0.1441	76.7500	
0.2463	52.5000	0.1440	76.7000	
0.2462	52.2500	0.1439	76.7000	
0.2462	51.5000	0.1438	76.7000	
0.2461	52.0000	0.1436	76.7000	
0.2461	52.3750	0.1435	76.8250	
0.2460	52.5500	0.1433	76.6750	
0.2460	52.3250	0.1433	76.6750	
0.2460	52.2250	0.1433	76.6500	
0.2459	52.3500	0.1430	76.7000	
0.2459	52.2500	0.1429	76.7000	
0.2459	52.2750	0.1428	76.7250	
0.2458	52.4250	0.1427	76.7250	
0.2457	52.1000	0.1425	76.7250	
0.2457	52.4750	0.1422	76.6500	
0.2456	52.6000	0.1420	76.6500	
0.2456	52.4500	0.1419	76.6750	
0.2456	52.4500	0.1417	76.6750	
0.2455	52.4250	0.1415	76.6750	
0.2455	52.3000	0.1413	76.7000	
0.2455	52.2250	0.1412	76.7000	
0.2455	52.2000	0.1411	76.6000	
0.2454	52.7500	0.1409	76.8500	
0.2453	52.4000	0.1406	76.7000	
0.2453	52.3750	0.1404	76.7750	
0.2452	52.3000	0.1402	76.6250	
0.2452	52.8500	0.1400	76.7000	
0.2450	52.7000	0.1397	76.6750	
0.2451	52.2500	0.1396	76.7500	
0.2450	52.1250	0.1393	76.6250	
0.2449	52.4250	0.1391	76.6000	
0.2449	53.0000	0.1389	76.5500	
0.2448	52.8250	0.1386	76.6750	
0.2448	52.6250	0.1384	76.6500	
0.2447	52.1500	0.1382	76.7000	
0.2446	52.4000	0.1379	76.7000	
0.2446	52.8750	0.1377	76.6250	
0.2444	52.6500	0.1373	76.7000	
0.2445	52.2000	0.1371	76.6250	
0.2444	52.6750	0.1368	76.8000	
0.2445	52.9750	0.1369	76.5750	
0.2444	51.9750	0.1365	76.7000	
0.2442	53.0750	0.1362	76.8500	
0.2441	53.1000	0.1360	76.6500	
0.2440	52.3500	0.1355	76.8500	
0.2438	52.5250	0.1352	76.6500	
0.2438	53.0500	0.1348	76.7000	
0.2437	52.7750	0.1345	76.8000	
0.2436	52.5000	0.1343	76.7500	
0.2435	52.6000	0.1342	76.8000	
0.2434	52.9500	0.1336	76.7250	
0.2433	53.2000	0.1335	76.8000	
0.2432	52.7750	0.1330	76.8000	
0.2432	52.4500	0.1327	76.8750	
0.2433	52.9750	0.1325	76.8500	
0.2429	52.6750	0.1321	77.1000	
0.2430	52.4250	0.1314	76.8750	
0.2432	53.5250	0.1310	76.9000	
0.2426	52.9000	0.1307	77.0500	
0.2426	52.7500	0.1302	76.9250	
0.2425	52.7250	0.1299	76.9250	
0.2424	53.3500	0.1297	76.9000	
0.2422	53.2750	0.1291	77.0500	
0.2421	52.8000	0.1289	76.9500	
0.2421	52.7250	0.1284	76.9750	
0.2420	53.1500	0.1280	76.8750	
0.2419	53.2250	0.1279	76.9000	
0.2417	52.9500	0.1276	77.0500	
0.2418	52.5500	0.1268	77.1750	
0.2415	53.3250	0.1263	76.8500	
0.2413	53.2750	0.1259	77.0250	
0.2413	53.0250	0.1255	77.1500	
0.2413	53.1000	0.1250	76.9250	
0.2409	53.4750	0.1246	77.1000	
0.2410	52.7750	0.1242	77.0000	
0.2408	53.5000	0.1238	77.0500	
0.2408	53.5750	0.1237	76.9500	
0.2406	52.8250	0.1229	77.2000	
0.2404	53.3000	0.1227	76.9250	
0.2404	53.2250	0.1220	77.1250	
0.2403	53.5000	0.1212	77.1000	
0.2400	53.3750	0.1209	77.2000	
0.2399	53.4000	0.1203	77.0750	
0.2397	53.4000	0.1198	77.1250	
0.2396	53.4750	0.1194	77.2000	
0.2394	53.5000	0.1189	77.0500	
0.2393	53.4500	0.1182	77.2000	
0.2391	53.5250	0.1177	77.1000	
0.2389	53.8750	0.1173	77.2500	
0.2388	53.5250	0.1169	77.0750	
0.2386	53.7500	0.1160	77.2250	
0.2386	53.3250	0.1153	77.2000	
0.2383	53.9750	0.1145	77.2500	
0.2383	53.4500	0.1139	77.1500	
0.2381	53.7250	0.1134	77.2000	
0.2379	53.8750	0.1129	77.1000	
0.2377	53.3000	0.1124	77.1500	
0.2375	53.7500	0.1123	77.2000	
0.2374	53.7750	0.1114	77.3000	
0.2372	53.6250	0.1105	77.1750	
0.2370	53.7750	0.1098	77.1750	
0.2370	54.1000	0.1096	77.1250	
0.2369	53.8750	0.1091	77.1000	
0.2365	53.5750	0.1091	77.2500	
0.2364	53.9000	0.1076	77.2500	
0.2362	53.4250	0.1076	77.0750	
0.2359	53.8000	0.1069	77.1500	
0.2358	53.8000	0.1065	77.2000	
0.2356	53.9250	0.1052	77.0750	
0.2355	53.9750	0.1046	77.0750	
0.2351	53.6250	0.1040	77.0500	
0.2353	53.6250	0.1034	77.0500	
0.2348	53.8000	0.1028	77.1000	
0.2346	53.9000	0.1023	77.0500	
0.2345	54.2250	0.1017	77.0000	
0.2342	53.5750	0.1011	76.9750	
0.2340	54.0750	0.1006	77.0500	
0.2340	53.3750	0.1000	76.9750	
0.2339	54.5750	0.0997	77.0750	
0.2336	53.3250	0.0993	76.9750	
0.2332	53.8750	0.0982	76.9500	
0.2333	53.8000	0.0979	76.9250	
0.2327	54.2000	0.0973	76.9000	
0.2328	54.0500	0.0969	77.0000	
0.2324	54.0500	0.0961	76.8750	
0.2322	54.1750	0.0956	76.9250	
0.2319	54.0500	0.0950	76.9250	
0.2318	54.3500	0.0946	76.9750	
0.2319	53.7250	0.0941	76.9000	
0.2318	54.5500	0.0933	76.8000	
0.2314	54.2000	0.0926	76.8000	
0.2309	53.8000	0.0920	76.9000	
0.2309	53.6500	0.0923	76.9250	
0.2306	54.5500	0.0914	76.9500	
0.2306	53.5250	0.0904	76.9250	
0.2300	54.0000	0.0907	76.8250	
0.2302	54.4000	0.0896	76.8250	
0.2297	53.6250	0.0893	76.8250	
0.2294	54.1750	0.0882	76.7750	
0.2294	53.9250	0.0876	76.8000	
0.2289	54.9000	0.0874	76.7250	
0.2287	54.3250	0.0866	76.7500	
0.2285	54.4500	0.0861	76.7750	
0.2281	54.3500	0.0855	76.7500	
0.2279	54.3750	0.0850	76.7000	
0.2279	54.6000	0.0844	76.7000	
0.2275	54.3750	0.0843	76.6500	
0.2271	54.5750	0.0834	76.6500	
0.2269	54.4750	0.0829	76.6250	
0.2267	54.5000	0.0824	76.7000	
0.2264	54.7500	0.0819	76.6250	
0.2265	54.5000	0.0811	76.5500	
0.2262	53.9750	0.0807	76.6500	
0.2261	54.9500	0.0801	76.6000	
0.2257	54.3000	0.0796	76.6500	
0.2251	54.9750	0.0791	76.6250	
0.2249	54.5750	0.0784	76.6500	
0.2245	54.5750	0.0782	76.6500	
0.2245	54.9000	0.0779	76.4250	
0.2244	54.8750	0.0777	76.4000	
0.2238	54.7000	0.0774	76.4750	
0.2235	54.5500	0.0763	76.4750	
0.2239	55.2500	0.0765	76.5250	
0.2236	54.1750	0.0756	76.4000	
0.2228	55.0250	0.0748	76.5500	
0.2224	54.9500	0.0746	76.4500	
0.2221	54.8500	0.0741	76.3750	
0.2219	55.2000	0.0736	76.5750	
0.2217	54.5750	0.0725	76.4000	
0.2214	54.7500	0.0720	76.4750	
0.2215	55.1500	0.0719	76.4250	
0.2210	54.4250	0.0712	76.3750	
0.2206	55.2250	0.0707	76.5000	
0.2203	54.9000	0.0702	76.4000	
0.2201	55.1000	0.0696	76.4250	
0.2196	54.8750	0.0691	76.5000	
0.2196	55.0500	0.0687	76.3750	
0.2192	54.8250	0.0681	76.4500	
0.2191	55.0500	0.0677	76.4250	
0.2185	55.0500	0.0673	76.3500	
0.2184	54.8250	0.0666	76.2750	
0.2180	55.2000	0.0662	76.3750	
0.2180	54.8750	0.0658	76.1500	
0.2177	54.8250	0.0657	76.1500	
0.2173	55.3750	0.0650	76.3500	
0.2172	54.9750	0.0646	76.1750	
0.2168	55.3000	0.0640	76.1500	
0.2165	55.1500	0.0637	76.2500	
0.2164	55.6250	0.0630	76.1750	
0.2162	55.0250	0.0628	76.1000	
0.2157	55.6500	0.0620	76.3250	
0.2156	54.9500	0.0617	76.2750	
0.2153	55.3000	0.0613	76.1750	
0.2149	55.5000	0.0607	76.0750	
0.2147	55.2500	0.0605	76.1500	
0.2144	55.7250	0.0599	76.2250	
0.2142	55.3000	0.0596	76.1250	
0.2139	55.4500	0.0590	76.0750	
0.2137	55.7500	0.0585	76.0250	
0.2134	55.2750	0.0580	75.9750	
0.2131	55.2250	0.0577	76.1250	
0.2126	55.7000	0.0573	76.0750	
0.2126	55.3250	0.0573	76.1500	
0.2121	55.4000	0.0564	76.0250	
0.2119	55.8250	0.0560	76.0000	
0.2119	55.4000	0.0554	76.0000	
0.2113	55.9250	0.0552	76.0000	
0.2111	55.3250	0.0546	76.1250	
0.2109	56.0750	0.0543	75.9750	
0.2108	55.4750	0.0544	76.0000	
0.2105	55.8500	0.0539	75.9000	
0.2104	55.5000	0.0531	75.9000	
0.2105	56.5000	0.0525	75.9250	
0.2099	55.2000	0.0523	76.0000	
0.2097	55.4750	0.0518	75.9000	
0.2093	55.7250	0.0514	75.8750	
0.2087	55.4750	0.0510	75.8250	
0.2084	55.6750	0.0507	75.8250	
0.2083	55.8250	0.0503	75.8750	
0.2081	55.8750	0.0498	75.8250	
0.2080	55.7250	0.0496	75.8000	
0.2079	55.3750	0.0496	75.8000	
0.2075	56.2750	0.0490	75.9000	
0.2070	55.5750	0.0486	75.8250	
0.2072	56.7000	0.0484	75.7250	
0.2068	55.5250	0.0476	75.7250	
0.2061	55.6250	0.0472	75.8000	
0.2059	55.6000	0.0469	75.8000	
0.2056	55.7750	0.0464	75.7750	
0.2054	55.5750	0.0461	75.7750	
0.2050	55.7000	0.0458	75.7750	
0.2052	55.8250	0.0456	75.7500	
0.2046	56.0000	0.0450	75.7250	
0.2048	55.8250	0.0447	75.7500	
0.2047	55.7250	0.0443	75.7250	
0.2047	56.6500	0.0444	75.7250	
0.2041	55.2500	0.0437	75.7000	
0.2042	56.0000	0.0433	75.6750	
0.2032	56.4750	0.0433	75.6750	
0.2031	55.7500	0.0425	75.6750	
0.2028	56.6000	0.0422	75.6500	
0.2028	55.6000	0.0419	75.5500	
0.2032	56.9500	0.0427	75.6500	
0.2024	55.4750	0.0423	75.7250	
0.2021	56.5000	0.0412	75.7000	
0.2018	56.0000	0.0406	75.6000	
0.2015	56.1500	0.0403	75.6250	
0.2010	56.1750	0.0400	75.6000	
0.2009	56.5500	0.0397	75.6500	
0.2005	55.9250	0.0394	75.5750	
0.2003	56.2000	0.0391	75.6500	
0.2000	56.2000	0.0388	75.6000	
0.1998	56.3000	0.0384	75.5500	
0.1996	56.3500	0.0383	75.6000	
0.1995	56.6000	0.0380	75.5750	
0.1995	56.0000	0.0378	75.5750	
0.1990	56.5000	0.0375	75.6250	
0.1990	56.2000	0.0370	75.5000	
0.1987	56.5750	0.0370	75.4250	
0.1981	56.4250	0.0364	75.5250	
0.1983	56.7000	0.0362	75.5500	
0.1977	56.3500	0.0359	75.5250	
0.1976	56.5250	0.0359	75.4750	
0.1984	56.3750	0.0358	75.5250	
0.1975	56.2500	0.0352	75.5000	
0.1969	56.5750	0.0352	75.3000	
0.1968	56.3250	0.0348	75.5750	
0.1966	57.5500	0.0346	75.4750	
0.1965	56.7000	0.0342	75.5500	
0.1966	57.2750	0.0337	75.4750	
0.1960	57.5500	0.0335	75.4500	
0.1955	57.2000	0.0335	75.4250	
0.1953	57.1250	0.0333	75.4000	
0.1951	57.5750	0.0330	75.4500	
0.1948	57.5750	0.0325	75.4500	
0.1946	58.0750	0.0324	75.4750	
0.1943	57.8000	0.0321	75.4250	
0.1943	58.0750	0.0320	75.4250	
0.1939	57.2750	0.0317	75.4750	
0.1939	57.2500	0.0314	75.4250	
0.1934	57.6250	0.0314	75.3250	
0.1934	57.5500	0.0315	75.3750	
0.1931	58.1500	0.0314	75.2500	
0.1928	58.0750	0.0311	75.2750	
0.1925	57.6750	0.0308	75.2500	
0.1927	58.2750	0.0302	75.4250	
0.1922	56.9500	0.0298	75.3000	
0.1921	58.1250	0.0296	75.4000	
0.1922	56.5500	0.0294	75.3500	
0.1918	58.0250	0.0291	75.3000	
0.1921	57.9000	0.0289	75.3500	
0.1915	56.5750	0.0288	75.3250	
0.1912	58.2000	0.0286	75.3250	
0.1912	56.3000	0.0285	75.3000	
0.1915	59.1000	0.0281	75.2750	
0.1903	57.5250	0.0280	75.3250	
0.1903	57.4500	0.0278	75.3000	
0.1897	57.0750	0.0275	75.2750	
0.1904	57.5750	0.0274	75.3500	
0.1896	58.2250	0.0274	75.2000	
0.1892	58.5000	0.0270	75.2750	
0.1891	58.2250	0.0269	75.2750	
0.1891	57.2250	0.0266	75.1250	
0.1891	58.4750	0.0265	75.3000	
0.1899	57.1250	0.0264	75.1750	
0.1890	58.4500	0.0261	75.1250	
0.1887	57.7000	0.0260	75.1000	
0.1883	56.9250	0.0259	75.2500	
0.1878	57.3750	0.0256	75.2000	
0.1879	57.6250	0.0253	75.1500	
0.1874	57.3500	0.0253	75.2250	
0.1874	57.5500	0.0250	75.1500	
0.1873	57.1250	0.0250	75.1750	
0.1869	56.9250	0.0250	75.2250	
0.1868	57.3000	0.0248	75.2000	
0.1867	56.9250	0.0245	75.1500	
0.1864	57.5500	0.0243	75.1500	
0.1865	56.8250	0.0240	75.1500	
0.1869	58.3750	0.0239	75.1250	
0.1865	57.6250	0.0239	75.2000	
0.1856	58.1500	0.0240	75.2000	
0.1856	58.2750	0.0234	75.0500	
0.1854	58.9250	0.0233	75.0750	
0.1853	57.9250	0.0231	75.0750	
0.1852	58.5000	0.0230	75.0500	
0.1847	57.4000	0.0228	75.1000	
0.1853	58.5500	0.0227	75.0500	
0.1850	57.9250	0.0225	75.0500	
0.1848	57.9250	0.0224	75.0000	
0.1843	59.4250	0.0223	75.1000	
0.1841	59.3250	0.0222	75.0750	
0.1843	60.7750	0.0221	75.1000	
0.1839	61.0250	0.0219	74.9750	
0.1838	63.2250	0.0217	75.0000	
0.1833	64.9000	0.0217	75.0250	
0.1831	65.5500	0.0216	75.0000	
0.1833	67.0750	0.0213	75.0000	
0.1827	70.9000	0.0212	75.0750	
0.1827	73.0750	0.0211	75.0000	
0.1822	72.8250	0.0209	74.9750	
0.1821	72.6250	0.0209	74.9250	
0.1819	72.2000	0.0208	75.0000	
0.1818	69.2500	0.0208	75.1500	
0.1815	63.4250	0.0208	74.9500	
0.1820	61.9000	0.0204	74.9000	
0.1815	59.4500	0.0203	75.0250	
0.1818	56.5000	0.0202	74.9500	
0.1810	56.2500	0.0201	74.9250	
0.1806	56.6500	0.0199	74.9500	
0.1805	57.9250	0.0198	74.9250	
0.1803	58.4000	0.0197	74.9750	
0.1801	57.1000	0.0197	74.9750	
0.1800	56.3000	0.0195	75.0000	
0.1799	57.9000	0.0194	74.9500	
0.1802	59.5000	0.0192	74.9250	
0.1795	58.5500	0.0191	74.9250	
0.1797	56.5250	0.0190	74.9500	
0.1797	56.6000	0.0190	74.8750	
0.1793	57.4500	0.0190	74.9500	
0.1791	58.7250	0.0190	74.9250	
0.1789	58.7750	0.0188	75.0250	
0.1787	58.2250	0.0187	74.9500	
0.1790	57.3500	0.0186	74.9250	
0.1784	59.3750	0.0183	74.9000	
0.1785	60.1000	0.0183	74.9250	
0.1782	59.0000	0.0183	74.9000	
0.1781	57.4750	0.0181	74.9250	
0.1780	57.1000	0.0180	74.8750	
0.1778	58.9000	0.0179	74.9250	
0.1778	59.8750	0.0178	74.9000	
0.1778	59.8250	0.0177	74.9000	
0.1774	59.3500	0.0176	74.8750	
0.1771	58.0750	0.0176	74.8750	
0.1771	58.2250	0.0175	74.8750	
0.1771	57.3250	0.0174	74.8500	
0.1772	57.9750	0.0173	74.9250	
0.1771	57.9500	0.0173	74.8500	
0.1765	59.1500	0.0171	74.8500	
0.1764	59.5500	0.0171	74.9750	
0.1763	58.8500	0.0170	74.7750	
0.1763	59.3750	0.0169	74.8500	
0.1764	59.3000	0.0168	74.8750	
0.1760	58.6000	0.0168	74.8500	
0.1758	56.9250	0.0168	74.8000	
0.1758	57.2750	0.0167	74.8250	
0.1761	60.3750	0.0167	74.7750	
0.1757	61.2500	0.0166	74.9000	
0.1755	58.9500	0.0165	74.7500	
0.1754	58.8250	0.0164	74.8000	
0.1750	59.6000	0.0167	74.8250	
0.1752	59.0500	0.0165	74.8500	
0.1750	57.7500	0.0163	74.9500	
0.1749	58.2000	0.0164	74.9000	
0.1756	58.3750	0.0165	74.8250	
0.1758	59.6750	0.0160	74.8500	
0.1749	60.0750	0.0159	74.7500	
0.1749	60.6500	0.0158	74.8500	
0.1744	60.7500	0.0157	74.7750	
0.1742	59.5000	0.0157	74.7500	
0.1741	59.2750	0.0157	74.7500	
0.1739	58.1000	0.0156	74.8250	
0.1740	58.8500	0.0155	74.8000	
0.1737	59.7500	0.0155	74.8250	
0.1736	61.0750	0.0154	74.7500	
0.1741	61.6750	0.0154	74.7250	
0.1741	62.2000	0.0153	74.7250	
0.1733	61.9750	0.0152	74.7000	
0.1732	60.6500	0.0153	74.7750	
0.1732	61.2000	0.0152	74.7250	
0.1730	59.6250	0.0151	74.7000	
0.1728	59.7750	0.0150	74.7250	
0.1728	60.8750	0.0150	74.8000	
0.1728	60.2500	0.0149	74.7250	
0.1729	60.7750	0.0149	74.7250	
0.1726	62.4500	0.0149	74.7250	
0.1723	62.3250	0.0148	74.8000	
0.1723	60.0750	0.0148	74.7250	
0.1726	60.1250	0.0146	74.7750	
0.1724	59.7500	0.0146	74.7500	
0.1721	60.7500	0.0145	74.7000	
0.1719	61.8500	0.0146	74.8250	
0.1725	60.3500	0.0145	74.7000	
0.1725	61.1000	0.0146	74.8000	
0.1728	59.2750	0.0147	74.7500	
0.1717	60.3000	0.0145	74.7500	
0.1715	62.9750	0.0144	74.7750	
0.1715	63.9000	0.0142	74.7250	
0.1714	64.0750	0.0142	74.7000	
0.1712	61.6500	0.0142	74.7250	
0.1711	61.0500	0.0141	74.7500	
0.1710	60.5750	0.0140	74.7250	
0.1712	61.3750	0.0140	74.7000	
0.1708	62.8000	0.0141	74.7500	
0.1706	61.7250	0.0139	74.7250	
0.1707	60.5750	0.0139	74.7250	
0.1713	61.1750	0.0139	74.7500	
0.1708	62.6500	0.0140	74.7000	
0.1706	63.8250	0.0138	74.7000	
0.1704	63.7000	0.0137	74.7500	
0.1702	63.0750	0.0136	74.7250	
0.1703	61.2500	0.0138	74.7000	
0.1702	61.9250	0.0137	74.6750	
0.1700	62.4750	0.0136	74.7250	
0.1699	61.7750	0.0135	74.7250	
0.1699	61.6250	0.0134	74.7250	
0.1699	62.1750	0.0135	74.7000	
0.1698	62.8250	0.0137	74.8000	
0.1696	61.8000	0.0134	74.7000	
0.1705	60.7250	0.0133	74.7000	
0.1706	62.4250	0.0133	74.7500	
0.1709	63.9250	0.0132	74.7000	
0.1699	62.6250	0.0132	74.7500	
0.1693	61.3750	0.0133	74.7000	
0.1696	60.4750	0.0131	74.6750	
0.1700	61.8750	0.0131	74.7250	
0.1695	64.4000	0.0130	74.6750	
0.1692	64.2500	0.0130	74.7000	
0.1688	62.7750	0.0130	74.7000	
0.1692	62.1750	0.0129	74.7000	
0.1689	61.3500	0.0130	74.7000	
0.1687	62.1750	0.0129	74.7000	
0.1687	63.2500	0.0129	74.7000	
0.1686	63.1000	0.0128	74.6750	
0.1685	62.5500	0.0129	74.7500	
0.1684	62.1750	0.0129	74.7000	
0.1686	60.9750	0.0128	74.6750	
0.1684	61.9250	0.0127	74.6750	
0.1684	62.1500	0.0126	74.6750	
0.1684	61.1000	0.0126	74.6750	
0.1680	61.2250	0.0126	74.7000	
0.1681	60.8250	0.0126	74.6250	
0.1680	61.5500	0.0125	74.7000	
0.1681	62.7500	0.0125	74.7250	
0.1679	63.3000	0.0125	74.7000	
0.1680	61.1250	0.0124	74.7000	
0.1681	62.2500	0.0124	74.6750	
0.1682	63.1500	0.0124	74.7000	
0.1688	62.1000	0.0124	74.7000	
0.1678	61.7750	0.0126	74.7000	
0.1675	61.5000	0.0124	74.7500	
0.1676	61.1250	0.0124	74.6750	
0.1680	61.2250	0.0122	74.6250	
0.1673	61.1250	0.0123	74.7250	
0.1675	60.1250	0.0124	74.7250	
0.1674	60.5000	0.0124	74.6500	
0.1675	59.4500	0.0122	74.6500	
0.1673	59.1750	0.0122	74.7000	
0.1669	60.3000	0.0123	74.6750	
0.1671	61.8000	0.0124	74.5750	
0.1674	61.7500	0.0121	74.6750	
0.1675	62.1000	0.0121	74.6500	
0.1669	62.1750	0.0121	74.6750	
0.1670	60.4000	0.0121	74.7500	
0.1666	59.5250	0.0119	74.6750	
0.1668	58.4000	0.0119	74.6750	
0.1666	60.0250	0.0118	74.6500	
0.1665	61.8500	0.0119	74.6500	
0.1667	61.3000	0.0118	74.6500	
0.1670	60.5500	0.0119	74.6750	
0.1668	60.1500	0.0119	74.6750	
0.1667	59.5750	0.0118	74.6750	
0.1667	59.7750	0.0119	74.6750	
0.1663	59.4750	0.0120	74.6000	
0.1664	59.5500	0.0120	74.5750	
0.1664	60.0750	0.0118	74.7250	
0.1665	60.6750	0.0116	74.6500	
0.1664	60.8000	0.0116	74.6500	
0.1661	60.3000	0.0117	74.7000	
0.1664	59.9000	0.0116	74.6500	
0.1664	60.2000	0.0116	74.6500	
0.1663	60.6250	0.0115	74.6500	
0.1662	59.6500	0.0116	74.6500	
0.1663	60.4500	0.0115	74.6500	
0.1664	59.0750	0.0116	74.6500	
0.1663	59.8750	0.0115	74.6500	
0.1658	59.7250	0.0115	74.6000	
0.1655	59.1000	0.0114	74.6250	
0.1657	59.2750	0.0114	74.6250	
0.1655	58.9250	0.0114	74.6250	
0.1658	58.1250	0.0114	74.6000	
0.1654	58.2000	0.0114	74.6250	
0.1653	59.2500	0.0114	74.5750	
0.1654	60.1500	0.0115	74.6750	
0.1654	59.9750	0.0114	74.6750	
0.1661	59.8000	0.0114	74.6750	
0.1655	60.0000	0.0114	74.6750	
0.1651	59.5500	0.0113	74.6000	
0.1652	59.5000	0.0112	74.6250	
0.1652	59.2000	0.0112	74.6250	
0.1651	58.8750	0.0112	74.6000	
0.1651	59.0500	0.0112	74.6000	
0.1653	59.7250	0.0111	74.6500	
0.1650	60.0500	0.0113	74.6500	
0.1654	59.8500	0.0112	74.6250	
0.1654	59.6000	0.0111	74.6250	
0.1649	59.4250	0.0111	74.6250	
0.1647	58.8000	0.0111	74.6000	
0.1647	57.8500	0.0111	74.6250	
0.1647	57.4500	0.0111	74.5500	
0.1646	58.0500	0.0110	74.5750	
0.1646	58.1250	0.0111	74.5750	
0.1648	57.9500	0.0110	74.6000	
0.1646	58.1250	0.0110	74.6000	
0.1650	59.9750	0.0110	74.6750	
0.1648	59.9500	0.0112	74.5750	
0.1648	59.2250	0.0110	74.6250	
0.1652	59.4000	0.0110	74.5750	
0.1647	59.9500	0.0109	74.5750	
0.1647	58.6250	0.0108	74.6000	
0.1644	58.8000	0.0109	74.6250	
0.1644	59.2000	0.0108	74.5750	
0.1647	57.6500	0.0108	74.5750	
0.1643	57.4000	0.0108	74.5750	
0.1643	57.6250	0.0109	74.6500	
0.1641	58.4500	0.0109	74.6500	
0.1643	58.8500	0.0108	74.5750	
0.1643	59.8750	0.0109	74.6250	
0.1641	60.0000	0.0106	74.6250	
0.1640	58.6250	0.0107	74.5250	
0.1641	57.9750	0.0105	74.6000	
0.1640	58.2500	0.0105	74.6500	
0.1640	59.7000	0.0104	74.6000	
0.1640	59.1250	0.0104	74.6000	
0.1640	57.7750	0.0104	74.5750	
0.1640	58.4500	0.0104	74.6250	
0.1638	58.2250	0.0103	74.5750	
0.1638	58.2750	0.0103	74.6000	
0.1638	57.2000	0.0102	74.6000	
0.1638	57.5750	0.0102	74.6000	
0.1638	58.5500	0.0102	74.5750	
0.1636	59.4500	0.0101	74.6250	
0.1645	59.5000	0.0101	74.6250	
0.1641	59.4000	0.0101	74.5750	
0.1635	58.5750	0.0102	74.5250	
0.1641	57.5500	0.0101	74.6500	
0.1639	57.9250	0.0102	74.5500	
0.1636	58.2250	0.0101	74.5750	
0.1634	57.1000	0.0100	74.5750	
0.1635	58.1000	0.0100	74.5500	
0.1634	57.9250	0.0099	74.5500	
0.1634	57.4000	0.0098	74.5750	
0.1634	57.3750	0.0098	74.5750	
0.1633	57.4000	0.0098	74.5500	
0.1641	58.5000	0.0099	74.5500	
0.1638	57.7250	0.0097	74.5750	
0.1635	56.8000	0.0097	74.5750	
0.1634	56.4250	0.0097	74.5500	
0.1632	56.7250	0.0096	74.5500	
0.1631	57.1500	0.0096	74.5750	
0.1634	57.1000	0.0096	74.5250	
0.1631	56.9750	0.0096	74.5500	
0.1631	57.1750	0.0096	74.5250	
0.1633	56.5000	0.0095	74.5250	
0.1633	57.3000	0.0094	74.5250	
0.1633	58.0250	0.0094	74.5250	
0.1630	56.4500	0.0094	74.6000	
0.1631	56.0500	0.0094	74.5000	
0.1630	55.9750	0.0094	74.4750	
0.1630	56.6250	0.0093	74.5500	
0.1629	56.2500	0.0093	74.5500	
0.1634	56.3250	0.0092	74.6000	
0.1630	56.4250	0.0092	74.5000	
0.1629	56.2500	0.0092	74.5250	
0.1627	56.0500	0.0091	74.4750	
0.1628	56.0000	0.0091	74.5500	
0.1629	56.5250	0.0090	74.5000	
0.1628	56.9000	0.0091	74.4500	
0.1626	55.9750	0.0090	74.5250	
0.1626	56.3750	0.0090	74.5000	
0.1625	55.8750	0.0091	74.4500	
0.1625	55.2250	0.0090	74.4250	
0.1627	55.1250	0.0090	74.5250	
0.1627	56.0000	0.0090	74.5250	
0.1624	55.3500	0.0089	74.5500	
0.1626	55.1500	0.0087	74.5500	
0.1625	55.8250	0.0089	74.4750	
0.1625	56.1250	0.0088	74.5000	
0.1626	55.3500	0.0088	74.4750	
0.1626	54.8750	0.0087	74.4500	
0.1624	55.6250	0.0086	74.4750	
0.1623	56.5250	0.0086	74.4750	
0.1632	55.8500	0.0085	74.5000	
0.1633	55.4500	0.0085	74.4500	
0.1626	56.1750	0.0084	74.4750	
0.1621	55.8750	0.0084	74.4500	
0.1623	55.5500	0.0084	74.5000	
0.1621	55.5500	0.0085	74.5000	
0.1623	55.1000	0.0084	74.4500	
0.1624	56.0500	0.0083	74.4250	
0.1624	55.7250	0.0083	74.4500	
0.1620	55.6750	0.0082	74.4750	
0.1620	55.7250	0.0082	74.4750	
0.1621	55.0000	0.0082	74.4250	
0.1623	55.0250	0.0082	74.3500	
0.1621	55.0000	0.0082	74.4250	
0.1621	54.5750	0.0081	74.4750	
0.1622	54.5500	0.0080	74.4750	
0.1621	54.4250	0.0080	74.4250	
0.1623	55.2750	0.0080	74.4250	
0.1619	55.3500	0.0079	74.4750	
0.1620	55.2750	0.0079	74.4000	
0.1621	54.7500	0.0079	74.4250	
0.1622	54.4000	0.0079	74.3500	
0.1619	54.3250	0.0078	74.3500	
0.1620	55.0250	0.0078	74.4250	
0.1620	55.0750	0.0078	74.3750	
0.1618	54.6750	0.0078	74.4000	
0.1616	54.8750	0.0078	74.4500	
0.1619	54.5250	0.0078	74.3750	
0.1616	54.6000	0.0079	74.3750	
0.1621	54.1500	0.0078	74.3250	
0.1616	54.5500	0.0077	74.3750	
0.1618	54.0750	0.0077	74.3250	
0.1624	54.5000	0.0076	74.4000	
0.1623	54.2250	0.0076	74.4000	
0.1619	54.2500	0.0076	74.3750	
0.1616	54.4250	0.0075	74.3000	
0.1618	54.3000	0.0076	74.3750	
0.1619	54.2500	0.0075	74.3750	
0.1617	54.2500	0.0075	74.2250	
0.1615	53.5000	0.0075	74.3500	
0.1614	54.4250	0.0075	74.2500	
0.1616	55.2750	0.0075	74.4000	
0.1614	55.1500	0.0075	74.3000	
0.1615	54.4750	0.0074	74.3250	
0.1614	54.0500	0.0074	74.2250	
0.1613	54.6500	0.0074	74.3250	
0.1613	54.5250	0.0074	74.2500	
0.1614	53.9250	0.0073	74.3750	
0.1614	53.7750	0.0073	74.2500	
0.1612	54.5750	0.0073	74.3000	
0.1614	54.4000	0.0073	74.2750	
0.1614	54.7500	0.0073	74.3000	
0.1613	54.5000	0.0072	74.2750	
0.1612	53.7750	0.0072	74.2250	
0.1614	54.0500	0.0072	74.1750	
0.1612	54.4000	0.0072	74.2250	
0.1611	54.4500	0.0072	74.2500	
0.1612	54.2250	0.0071	74.2250	
0.1613	54.4500	0.0071	74.2250	
0.1613	54.3750	0.0071	74.2250	
0.1612	53.9250	0.0071	74.2250	
0.1611	54.5250	0.0071	74.1750	
0.1619	54.8750	0.0071	74.2500	
0.1619	54.5250	0.0071	74.3000	
0.1613	53.9250	0.0071	74.1500	
0.1610	53.3250	0.0071	74.3250	
0.1611	53.7750	0.0070	74.2250	
0.1610	54.1250	0.0070	74.2000	
0.1610	54.1250	0.0070	74.3500	
0.1609	54.3250	0.0070	74.2250	
0.1608	53.8000	0.0070	74.2500	
0.1609	53.8750	0.0070	74.1750	
0.1609	53.9750	0.0070	74.3000	
0.1608	53.8000	0.0070	74.2000	
0.1609	54.3500	0.0070	74.1750	
0.1609	54.7750	0.0070	74.2000	
0.1608	54.2250	0.0069	74.2000	
0.1611	53.9250	0.0069	74.1750	
0.1611	53.9500	0.0068	74.3500	
0.1607	53.7250	0.0069	74.2750	
0.1610	53.7750	0.0069	74.1500	
0.1610	53.7250	0.0068	74.1750	
0.1607	53.8000	0.0069	74.3250	
0.1612	53.9500	0.0069	74.1500	
0.1611	54.1250	0.0069	74.2750	
0.1615	54.5250	0.0068	74.1250	
0.1611	53.8750	0.0067	74.1500	
0.1611	53.5500	0.0067	74.1500	
0.1608	54.1000	0.0067	74.1750	
0.1606	54.4000	0.0067	74.2000	
0.1605	54.0250	0.0067	74.1500	
0.1605	53.9500	0.0067	74.1750	
0.1605	54.2500	0.0067	74.1750	
0.1605	54.0750	0.0067	74.1500	
0.1605	53.3250	0.0067	74.2750	
0.1605	53.5750	0.0066	74.1750	
0.1605	54.0750	0.0066	74.1250	
0.1604	53.8500	0.0066	74.1250	
0.1604	53.5750	0.0066	74.1000	
0.1605	53.7000	0.0066	74.1000	
0.1604	53.7250	0.0066	74.1750	
0.1604	53.7250	0.0065	74.1250	
0.1604	53.8250	0.0066	74.1250	
0.1603	53.6250	0.0065	74.1500	
0.1606	53.6000	0.0065	74.0250	
0.1604	53.9500	0.0065	74.1250	
0.1604	54.0000	0.0065	74.1000	
0.1603	53.9000	0.0065	74.1250	
0.1603	54.0250	0.0065	74.1250	
0.1603	53.7250	0.0064	74.1500	
0.1603	53.4000	0.0064	74.1250	
0.1608	53.7000	0.0064	74.1250	
0.1610	53.0750	0.0064	74.1500	
0.1605	53.7750	0.0064	74.1750	
0.1604	53.4750	0.0064	74.1250	
0.1607	53.8250	0.0064	74.1250	
0.1602	53.8000	0.0063	74.0750	
0.1603	53.9250	0.0063	74.1250	
0.1601	54.1000	0.0063	74.0750	
0.1601	53.7500	0.0063	74.1250	
0.1601	53.8750	0.0063	74.1500	
0.1602	53.7500	0.0063	74.1500	
0.1602	53.3250	0.0064	74.3000	
0.1601	53.7250	0.0065	74.1500	
0.1601	53.8000	0.0064	74.0750	
0.1601	53.9000	0.0063	74.1000	
0.1601	53.4500	0.0062	74.1750	
0.1601	53.5500	0.0062	74.1000	
0.1599	53.6000	0.0062	74.1750	
0.1605	53.8250	0.0062	74.1500	
0.1604	53.2000	0.0062	74.1000	
0.1603	53.1750	0.0061	74.1250	
0.1599	53.9000	0.0062	74.1000	
0.1600	53.6250	0.0061	74.0750	
0.1601	53.7750	0.0062	74.2250	
0.1604	53.0000	0.0062	74.0500	
0.1601	53.4000	0.0062	74.1000	
0.1599	53.8000	0.0061	74.1250	
0.1601	53.4000	0.0061	74.1500	
0.1601	53.4000	0.0060	74.1500	
0.1604	53.3250	0.0060	74.1500	
0.1602	53.7250	0.0060	74.0750	
0.1600	53.3500	0.0060	74.1000	
0.1600	53.4000	0.0060	74.1250	
0.1599	53.7750	0.0060	74.1000	
0.1598	53.7750	0.0060	74.0750	
0.1602	53.7000	0.0060	74.1000	
0.1600	53.2750	0.0060	74.1250	
0.1599	53.8500	0.0060	74.1250	
0.1599	53.7000	0.0060	74.1000	
0.1598	53.8000	0.0059	74.1500	
0.1601	53.6000	0.0060	74.1500	
0.1597	53.6500	0.0060	74.1000	
0.1598	53.6750	0.0060	74.1000	
0.1600	53.4750	0.0059	74.1250	
0.1601	53.4000	0.0059	74.1250	
0.1597	53.2000	0.0059	74.1250	
0.1599	53.6000	0.0059	74.1000	
0.1598	53.9000	0.0058	74.1000	
0.1601	53.9000	0.0058	74.1000	
0.1600	53.5750	0.0058	74.1250	
0.1598	52.9000	0.0058	74.0750	
0.1600	53.4500	0.0058	74.1000	
0.1602	53.5750	0.0058	74.1500	
0.1600	53.5750	0.0058	74.1250	
