Loss_Adversary	Accuracy_Adversary	Loss_Target	Accuracy_Target	
0.1778	0.4037	0.4270	50.0000	50.0000	
0.1719	0.3993	0.4167	50.0000	50.0000	
0.1664	0.3949	0.4069	50.0000	50.0000	
0.1610	0.3907	0.3974	50.0000	50.0000	
0.1560	0.3865	0.3886	50.0000	50.0000	
0.1509	0.3825	0.3796	50.0000	50.0000	
0.1461	0.3786	0.3710	50.0000	50.0000	
0.1411	0.3747	0.3621	50.0000	50.0000	
0.1326	0.3709	0.3484	50.0000	50.0000	
0.1238	0.3673	0.3342	50.0000	50.0000	
0.1158	0.3637	0.3212	50.0000	50.0000	
0.1095	0.3602	0.3108	50.0000	50.0000	
0.1051	0.3568	0.3030	50.0000	50.0000	
0.1026	0.3534	0.2980	50.0000	50.0000	
0.1016	0.3502	0.2953	50.0000	50.0000	
0.1018	0.3470	0.2941	50.0000	50.0000	
0.1022	0.3439	0.2934	50.0000	50.0000	
0.1028	0.3409	0.2930	50.0000	64.8750	
0.1033	0.3380	0.2924	50.0000	72.7250	
0.1035	0.3351	0.2916	50.0000	70.0750	
0.1038	0.3310	0.2901	50.0000	72.3500	
0.1048	0.3233	0.2883	50.0000	71.2000	
0.1055	0.3140	0.2853	50.0000	70.6750	
0.1053	0.3043	0.2808	50.0000	67.9500	
0.1041	0.2943	0.2748	50.0000	64.2250	
0.1015	0.2850	0.2672	50.0000	59.8000	
0.0965	0.2767	0.2564	50.0000	56.4250	
0.0890	0.2697	0.2427	50.0000	54.4500	
0.0793	0.2645	0.2267	50.0000	53.6750	
0.0681	0.2609	0.2091	50.0000	52.5000	
0.0569	0.2588	0.1921	50.0000	52.1250	
0.0471	0.2573	0.1776	50.0000	51.5500	
0.0414	0.2559	0.1688	50.0000	50.9750	
0.0389	0.2548	0.1648	49.3750	50.8750	
0.0381	0.2535	0.1631	27.3000	50.8250	
0.0374	0.2523	0.1616	26.9000	50.8000	
0.0368	0.2512	0.1602	29.7500	50.7000	
0.0362	0.2503	0.1590	43.4500	50.6750	
0.0355	0.2493	0.1576	63.5750	50.7000	
0.0349	0.2486	0.1564	69.5000	50.6750	
0.0343	0.2479	0.1553	71.3750	50.6500	
0.0338	0.2472	0.1542	72.0250	50.6250	
0.0332	0.2467	0.1532	73.9000	50.5500	
0.0329	0.2458	0.1523	74.2500	50.5500	
0.0325	0.2450	0.1513	74.0000	50.6000	
0.0321	0.2438	0.1504	74.2000	50.5750	
0.0318	0.2428	0.1494	73.6250	50.6500	
0.0312	0.2415	0.1481	73.8000	50.7250	
0.0305	0.2401	0.1465	74.0500	50.7750	
0.0296	0.2384	0.1444	73.7000	50.8750	
0.0282	0.2367	0.1417	73.4500	51.1250	
0.0264	0.2348	0.1383	73.0000	51.6250	
0.0235	0.2328	0.1333	72.2750	51.9750	
0.0192	0.2310	0.1264	71.5000	52.1750	
0.0127	0.2291	0.1164	70.0250	52.6000	
0.0039	0.2278	0.1032	67.7500	55.0500	
-0.0044	0.2258	0.0905	67.2250	62.1500	
-0.0107	0.2203	0.0791	72.5750	68.1250	
-0.0150	0.2125	0.0696	73.9750	69.7750	
-0.0184	0.2057	0.0619	73.9750	70.5250	
-0.0210	0.2005	0.0560	73.7750	72.2250	
-0.0229	0.1954	0.0510	74.3000	74.5750	
-0.0246	0.1909	0.0467	74.6000	75.6500	
-0.0260	0.1869	0.0430	74.7750	75.8750	
-0.0271	0.1843	0.0402	74.8250	75.4750	
-0.0281	0.1804	0.0372	74.8000	75.6250	
-0.0289	0.1771	0.0347	75.0250	76.3250	
-0.0296	0.1747	0.0327	75.0750	76.4250	
-0.0301	0.1713	0.0304	74.7750	76.4500	
-0.0306	0.1692	0.0287	75.0000	76.3000	
-0.0310	0.1661	0.0270	74.9500	76.5750	
-0.0313	0.1645	0.0259	74.8500	77.0000	
-0.0316	0.1620	0.0243	74.8750	76.6000	
-0.0318	0.1605	0.0234	74.4750	76.8500	
-0.0320	0.1581	0.0220	74.7500	76.4250	
-0.0322	0.1569	0.0213	74.5750	76.5500	
-0.0324	0.1547	0.0200	74.7500	76.8000	
-0.0326	0.1534	0.0192	74.8750	76.4500	
-0.0328	0.1523	0.0184	74.8250	76.6000	
-0.0330	0.1509	0.0176	74.5000	76.3750	
-0.0332	0.1497	0.0167	74.7750	76.8750	
-0.0333	0.1487	0.0162	74.7500	76.3500	
-0.0335	0.1483	0.0157	74.8250	76.3500	
-0.0335	0.1468	0.0151	74.8750	75.9500	
-0.0338	0.1466	0.0145	74.7750	75.8000	
-0.0340	0.1458	0.0139	74.9000	76.0000	
-0.0344	0.1452	0.0131	74.8750	76.5000	
-0.0348	0.1443	0.0121	75.0000	75.9000	
-0.0349	0.1440	0.0119	74.9250	75.9250	
-0.0352	0.1436	0.0112	75.0500	75.7000	
-0.0356	0.1432	0.0105	75.1250	75.9500	
-0.0358	0.1431	0.0101	75.0000	75.8000	
-0.0360	0.1426	0.0096	75.0500	75.6250	
-0.0363	0.1426	0.0092	74.8750	75.8500	
-0.0365	0.1425	0.0090	74.8000	75.7500	
-0.0367	0.1423	0.0086	74.7000	75.5750	
-0.0368	0.1425	0.0086	74.4500	75.7250	
-0.0370	0.1422	0.0081	73.7750	75.4750	
-0.0371	0.1417	0.0078	73.2750	75.6750	
-0.0372	0.1423	0.0078	72.7000	75.4750	
-0.0371	0.1420	0.0078	71.7500	75.2750	
-0.0373	0.1417	0.0074	70.1500	75.0750	
-0.0375	0.1420	0.0073	69.5750	75.6000	
-0.0376	0.1413	0.0068	69.0500	75.0000	
-0.0377	0.1417	0.0068	67.6500	75.4000	
-0.0377	0.1413	0.0067	67.1750	75.2500	
-0.0378	0.1414	0.0066	64.6250	74.8000	
-0.0379	0.1413	0.0064	59.7750	75.0250	
-0.0380	0.1412	0.0063	54.2250	74.9500	
-0.0380	0.1416	0.0064	46.5750	74.9250	
-0.0380	0.1409	0.0062	41.0750	75.0250	
-0.0381	0.1416	0.0062	41.2500	75.1750	
-0.0382	0.1407	0.0058	41.1250	74.5500	
-0.0382	0.1414	0.0060	39.3250	75.1750	
-0.0383	0.1405	0.0056	38.4000	74.7250	
-0.0383	0.1410	0.0057	36.2750	74.8750	
-0.0385	0.1409	0.0054	36.4250	74.8250	
-0.0385	0.1405	0.0053	37.2500	74.7500	
-0.0384	0.1407	0.0054	36.5500	74.6500	
-0.0386	0.1401	0.0049	34.7000	74.5250	
-0.0387	0.1407	0.0050	32.3750	74.7750	
-0.0387	0.1403	0.0049	33.9500	74.5250	
-0.0386	0.1409	0.0053	33.0750	74.5250	
-0.0388	0.1401	0.0046	31.1750	74.2000	
-0.0389	0.1409	0.0048	29.5500	75.0500	
-0.0390	0.1402	0.0044	29.7000	74.6250	
-0.0391	0.1407	0.0045	28.8000	74.5250	
-0.0391	0.1402	0.0042	28.5250	74.5250	
-0.0392	0.1408	0.0043	27.9000	74.2750	
-0.0393	0.1405	0.0041	27.3500	74.4750	
-0.0393	0.1406	0.0041	28.2000	74.6500	
-0.0394	0.1409	0.0041	28.0250	74.6000	
-0.0394	0.1407	0.0040	27.5750	74.3500	
-0.0395	0.1408	0.0039	26.8500	74.2000	
-0.0395	0.1411	0.0040	26.5500	74.8000	
-0.0396	0.1411	0.0039	26.8750	74.1500	
-0.0397	0.1417	0.0040	27.1500	74.3250	
-0.0397	0.1416	0.0039	26.9500	74.0750	
-0.0398	0.1421	0.0041	26.7000	74.4500	
-0.0398	0.1424	0.0041	26.9500	73.8000	
-0.0401	0.1434	0.0042	26.6000	74.1750	
-0.0404	0.1444	0.0042	26.4000	74.4750	
-0.0408	0.1468	0.0046	26.5250	74.0250	
-0.0413	0.1507	0.0056	26.9000	73.8500	
-0.0425	0.1572	0.0067	28.0250	73.3000	
-0.0446	0.1694	0.0090	28.7250	72.5250	
-0.0478	0.1867	0.0118	29.0750	71.6000	
-0.0507	0.2048	0.0154	31.6500	71.4750	
-0.0522	0.2136	0.0170	32.0250	72.2250	
-0.0528	0.2124	0.0156	28.4750	73.8750	
-0.0523	0.2074	0.0142	25.4500	76.3000	
-0.0514	0.2021	0.0132	26.8000	77.8500	
-0.0496	0.1967	0.0135	41.0500	77.5500	
-0.0478	0.1901	0.0132	49.7250	77.5250	
-0.0461	0.1809	0.0117	50.4000	76.9750	
-0.0449	0.1740	0.0105	50.4750	76.8000	
-0.0443	0.1699	0.0096	50.8500	76.4250	
-0.0445	0.1682	0.0085	51.1500	75.8750	
-0.0453	0.1684	0.0074	52.6500	75.7250	
-0.0461	0.1691	0.0067	56.3500	75.0250	
-0.0466	0.1696	0.0061	51.1750	74.6000	
-0.0471	0.1702	0.0057	50.0000	74.4750	
-0.0474	0.1707	0.0054	50.0000	74.1000	
-0.0476	0.1711	0.0054	50.0000	73.3250	
-0.0478	0.1714	0.0052	49.8250	73.1750	
-0.0480	0.1719	0.0051	48.9000	73.3000	
-0.0480	0.1719	0.0051	47.1500	73.0500	
-0.0482	0.1728	0.0052	45.9250	72.9750	
-0.0483	0.1725	0.0050	45.2000	72.9000	
-0.0486	0.1733	0.0049	44.7250	72.8000	
-0.0487	0.1733	0.0047	44.3750	72.6750	
-0.0488	0.1739	0.0048	43.1500	72.3000	
-0.0488	0.1736	0.0047	42.0000	72.4500	
-0.0490	0.1744	0.0047	42.0000	72.3250	
-0.0491	0.1743	0.0046	41.3000	72.8000	
-0.0491	0.1744	0.0045	38.9750	72.4000	
-0.0492	0.1750	0.0047	38.1250	72.8250	
-0.0490	0.1747	0.0048	38.5000	72.6250	
-0.0492	0.1746	0.0045	37.4500	72.7000	
-0.0493	0.1747	0.0044	36.5000	72.8000	
-0.0493	0.1745	0.0043	35.4500	72.6250	
-0.0492	0.1742	0.0044	35.2000	72.7750	
-0.0492	0.1745	0.0044	34.9000	72.6000	
-0.0492	0.1744	0.0045	34.6750	72.9750	
-0.0492	0.1736	0.0042	34.3000	72.9000	
-0.0490	0.1736	0.0044	33.3000	73.0250	
-0.0489	0.1733	0.0044	32.1000	73.0250	
-0.0488	0.1730	0.0044	31.5750	72.9500	
-0.0487	0.1723	0.0043	31.1250	73.2500	
-0.0487	0.1719	0.0041	30.6500	72.9250	
-0.0486	0.1714	0.0040	30.4750	73.4000	
-0.0484	0.1708	0.0041	29.7000	73.3500	
-0.0482	0.1706	0.0042	29.3250	73.1750	
-0.0484	0.1701	0.0038	29.8500	73.5250	
-0.0482	0.1693	0.0038	29.0750	73.5500	
-0.0480	0.1691	0.0039	27.9250	73.5750	
-0.0479	0.1686	0.0038	28.2500	73.5000	
-0.0476	0.1679	0.0040	27.7000	73.6750	
-0.0477	0.1676	0.0038	26.9750	73.8250	
-0.0475	0.1674	0.0039	28.0000	73.8500	
-0.0473	0.1664	0.0038	27.5000	73.6500	
-0.0470	0.1663	0.0040	27.5250	74.1000	
-0.0472	0.1659	0.0037	27.0750	73.8500	
-0.0471	0.1649	0.0034	26.8500	73.9750	
-0.0469	0.1646	0.0035	26.8500	73.8500	
-0.0469	0.1641	0.0033	26.8250	74.1000	
-0.0468	0.1636	0.0033	26.8500	73.9500	
-0.0467	0.1635	0.0034	26.5750	73.9750	
-0.0464	0.1625	0.0033	26.3000	74.4500	
-0.0464	0.1624	0.0033	26.4750	73.9000	
-0.0463	0.1617	0.0031	26.5250	74.4500	
-0.0460	0.1613	0.0035	26.0750	74.1000	
-0.0460	0.1610	0.0033	26.3500	74.0250	
-0.0460	0.1606	0.0031	26.2250	74.1500	
-0.0456	0.1598	0.0034	25.9250	74.1750	
-0.0457	0.1598	0.0032	25.6000	74.4750	
-0.0455	0.1594	0.0034	26.0000	74.1250	
-0.0451	0.1593	0.0038	25.6750	74.4750	
-0.0449	0.1591	0.0040	26.0750	74.7000	
-0.0451	0.1581	0.0034	26.1000	74.2500	
-0.0451	0.1579	0.0033	25.7500	74.6750	
-0.0449	0.1575	0.0033	25.4750	74.5500	
-0.0451	0.1569	0.0028	25.4250	74.4000	
-0.0449	0.1568	0.0031	25.7000	74.5500	
-0.0449	0.1565	0.0029	25.9500	74.2250	
-0.0447	0.1558	0.0029	25.3500	74.5500	
-0.0446	0.1555	0.0030	25.2750	74.5500	
-0.0446	0.1552	0.0028	25.6750	74.4000	
-0.0447	0.1547	0.0025	25.5000	74.3250	
-0.0446	0.1545	0.0025	25.4750	74.6250	
-0.0446	0.1541	0.0023	25.2750	74.4000	
-0.0445	0.1537	0.0023	25.3000	74.3500	
-0.0445	0.1536	0.0023	25.5500	74.4250	
-0.0444	0.1532	0.0023	25.2750	74.5500	
-0.0443	0.1530	0.0023	25.1500	74.5500	
-0.0442	0.1527	0.0023	25.2750	74.3000	
-0.0442	0.1524	0.0022	25.2750	74.5500	
-0.0442	0.1528	0.0023	25.2000	74.6750	
-0.0439	0.1526	0.0027	25.4250	74.8000	
-0.0438	0.1520	0.0025	25.5500	74.3750	
-0.0436	0.1514	0.0026	24.9750	74.5500	
-0.0436	0.1514	0.0026	25.0000	74.4000	
-0.0437	0.1513	0.0024	25.6750	74.5750	
-0.0435	0.1513	0.0027	25.1750	74.5750	
-0.0437	0.1513	0.0024	25.3250	74.3000	
-0.0435	0.1504	0.0023	25.1000	74.9000	
-0.0434	0.1508	0.0026	25.3250	74.5000	
-0.0436	0.1503	0.0021	25.1750	74.7000	
-0.0436	0.1504	0.0022	25.3250	74.3250	
-0.0436	0.1499	0.0020	25.2500	74.5750	
-0.0435	0.1504	0.0024	25.2500	74.6750	
-0.0435	0.1501	0.0022	25.1250	74.4000	
-0.0436	0.1498	0.0019	25.3000	74.8000	
-0.0434	0.1504	0.0025	25.1250	74.2750	
-0.0433	0.1500	0.0025	25.1000	74.8500	
-0.0433	0.1498	0.0023	25.2500	74.6500	
-0.0432	0.1505	0.0029	25.7750	74.8750	
-0.0431	0.1499	0.0026	24.8000	74.5500	
-0.0433	0.1498	0.0023	24.7000	74.7000	
-0.0433	0.1497	0.0023	25.0250	74.8000	
-0.0435	0.1502	0.0022	25.3250	74.8750	
-0.0436	0.1506	0.0023	25.3000	74.7750	
-0.0436	0.1517	0.0028	24.8250	74.6500	
-0.0438	0.1523	0.0026	25.0750	75.1250	
-0.0477	0.1709	0.0051	25.3250	75.0250	
-0.0641	0.2575	0.0187	25.2500	74.6750	
-0.0769	0.2896	0.0143	25.8000	76.7750	
-0.0807	0.3005	0.0136	25.4000	78.5000	
-0.0779	0.3137	0.0232	26.0750	80.8250	
-0.0716	0.3044	0.0282	28.1500	81.1500	
-0.0650	0.2631	0.0199	44.5500	77.5500	
-0.0598	0.2385	0.0168	50.7750	75.0250	
-0.0562	0.2212	0.0146	50.9750	73.8750	
-0.0533	0.2072	0.0127	51.0500	73.2250	
-0.0516	0.1943	0.0095	51.0500	73.3250	
-0.0503	0.1871	0.0083	50.9500	73.7000	
-0.0492	0.1839	0.0085	50.6500	73.8250	
-0.0484	0.1788	0.0075	50.4750	73.4750	
-0.0476	0.1766	0.0077	50.5000	73.3000	
-0.0471	0.1744	0.0075	50.3750	73.3750	
-0.0465	0.1723	0.0074	50.5250	73.2500	
-0.0463	0.1706	0.0069	50.5000	73.1500	
-0.0460	0.1693	0.0069	50.4250	73.2750	
-0.0458	0.1678	0.0065	50.4500	73.2250	
-0.0456	0.1671	0.0065	49.3500	73.1500	
-0.0454	0.1663	0.0063	49.3500	73.2000	
-0.0453	0.1656	0.0063	44.5500	73.3000	
-0.0452	0.1652	0.0063	33.0250	73.2500	
-0.0450	0.1644	0.0062	30.0500	73.1750	
-0.0450	0.1640	0.0060	30.1500	73.2750	
-0.0449	0.1636	0.0060	27.7250	73.2250	
-0.0449	0.1636	0.0060	26.5500	73.1250	
-0.0449	0.1632	0.0058	25.5500	73.3500	
-0.0449	0.1628	0.0056	25.9250	73.2500	
-0.0449	0.1627	0.0057	25.7250	73.1250	
-0.0448	0.1624	0.0057	25.5000	73.1000	
-0.0448	0.1623	0.0055	25.5250	73.2250	
-0.0449	0.1621	0.0054	25.7750	73.3500	
-0.0449	0.1619	0.0052	25.6750	73.3750	
-0.0449	0.1616	0.0051	25.7000	73.4250	
-0.0450	0.1616	0.0050	25.7250	73.4000	
-0.0449	0.1611	0.0049	25.3500	73.6250	
-0.0449	0.1612	0.0050	25.8000	73.6000	
-0.0449	0.1609	0.0048	25.9500	73.4000	
-0.0449	0.1607	0.0047	25.9750	73.6000	
-0.0446	0.1605	0.0051	25.6000	73.6750	
-0.0447	0.1602	0.0048	25.5250	73.5250	
-0.0448	0.1601	0.0046	25.4250	73.8000	
-0.0448	0.1600	0.0046	25.9750	73.8000	
-0.0447	0.1592	0.0044	25.1250	73.7250	
-0.0448	0.1589	0.0041	25.1750	73.9000	
-0.0448	0.1591	0.0042	25.3000	73.6000	
-0.0447	0.1586	0.0041	25.5000	73.7250	
-0.0447	0.1587	0.0041	25.5500	73.8000	
-0.0447	0.1586	0.0041	25.6250	73.7500	
-0.0448	0.1583	0.0039	25.6000	73.8250	
-0.0445	0.1582	0.0043	25.4500	73.8000	
-0.0445	0.1583	0.0043	25.9250	73.7500	
-0.0445	0.1575	0.0040	25.4500	74.0000	
-0.0445	0.1577	0.0040	25.6000	73.8500	
-0.0446	0.1576	0.0038	25.6250	73.8500	
-0.0444	0.1571	0.0039	25.5250	73.9000	
-0.0444	0.1572	0.0039	25.6250	74.0000	
-0.0443	0.1572	0.0040	25.6000	74.0500	
-0.0442	0.1566	0.0040	25.4250	73.9250	
-0.0443	0.1567	0.0038	25.6750	74.0000	
-0.0444	0.1565	0.0037	25.4000	74.1250	
-0.0442	0.1564	0.0038	25.1250	73.8500	
-0.0444	0.1562	0.0036	25.3000	74.0500	
-0.0443	0.1557	0.0034	25.5500	74.1250	
-0.0443	0.1561	0.0036	25.7250	74.1750	
-0.0442	0.1558	0.0037	25.4250	74.1750	
-0.0442	0.1557	0.0036	25.9000	74.0750	
-0.0440	0.1552	0.0036	25.6000	74.2250	
-0.0440	0.1552	0.0037	25.4250	74.1750	
-0.0441	0.1552	0.0035	25.4500	74.2000	
-0.0440	0.1547	0.0034	25.4250	74.1750	
-0.0439	0.1548	0.0037	25.4750	74.2250	
-0.0439	0.1548	0.0037	25.5750	74.2750	
-0.0439	0.1543	0.0034	25.5000	74.3250	
-0.0436	0.1546	0.0040	25.6250	74.2500	
-0.0433	0.1547	0.0045	25.7750	74.1500	
-0.0428	0.1545	0.0051	25.7000	74.2750	
-0.0432	0.1540	0.0043	25.2250	74.3500	
-0.0436	0.1543	0.0039	25.7500	74.2500	
-0.0437	0.1535	0.0034	25.7750	74.4750	
-0.0437	0.1536	0.0033	25.9500	74.3750	
-0.0438	0.1533	0.0032	25.6500	74.5750	
-0.0436	0.1530	0.0033	25.7000	74.4000	
-0.0434	0.1533	0.0037	25.7500	74.4250	
-0.0432	0.1532	0.0039	25.6500	74.4000	
-0.0434	0.1527	0.0034	25.7750	74.5000	
-0.0433	0.1525	0.0035	25.5250	74.5250	
-0.0435	0.1525	0.0033	25.8000	74.4250	
-0.0436	0.1523	0.0030	25.4500	74.5750	
-0.0436	0.1521	0.0030	25.7500	74.4750	
-0.0435	0.1518	0.0029	25.8250	74.6500	
-0.0435	0.1521	0.0031	25.6250	74.3750	
-0.0433	0.1520	0.0032	25.7500	74.3250	
-0.0434	0.1517	0.0030	25.9000	74.4250	
-0.0433	0.1521	0.0033	26.1000	74.4500	
-0.0434	0.1514	0.0029	26.1500	74.4000	
-0.0433	0.1514	0.0030	25.5750	74.6000	
-0.0429	0.1519	0.0038	25.7000	74.3500	
-0.0434	0.1510	0.0028	25.8000	74.5000	
-0.0433	0.1508	0.0028	25.6750	74.5000	
-0.0432	0.1511	0.0030	25.7250	74.4000	
-0.0431	0.1506	0.0030	25.7000	74.4500	
-0.0429	0.1506	0.0032	25.6750	74.4750	
-0.0430	0.1505	0.0030	25.7750	74.3250	
-0.0429	0.1502	0.0031	25.5750	74.4250	
-0.0432	0.1506	0.0028	25.9000	74.8000	
-0.0432	0.1505	0.0028	25.8000	74.6250	
-0.0431	0.1506	0.0030	25.7750	74.6500	
-0.0430	0.1501	0.0029	25.8250	74.5750	
-0.0429	0.1505	0.0032	25.6750	74.6000	
-0.0428	0.1497	0.0030	25.5500	74.6250	
-0.0428	0.1495	0.0030	25.8000	74.5250	
-0.0430	0.1499	0.0028	25.7750	74.6250	
-0.0430	0.1495	0.0026	25.8750	74.5750	
-0.0429	0.1494	0.0027	25.7000	74.5000	
-0.0429	0.1499	0.0029	25.6250	74.6250	
-0.0429	0.1505	0.0032	25.4750	74.5000	
-0.0428	0.1497	0.0030	25.8500	74.6500	
-0.0428	0.1491	0.0027	25.5000	74.7500	
-0.0428	0.1490	0.0027	25.7750	74.6000	
-0.0429	0.1489	0.0025	25.7750	74.6750	
-0.0428	0.1489	0.0026	25.6750	74.6750	
-0.0428	0.1491	0.0027	26.0250	74.6750	
-0.0428	0.1496	0.0029	25.5500	74.6750	
-0.0428	0.1492	0.0028	25.9000	74.6750	
-0.0428	0.1491	0.0028	25.6750	74.7500	
-0.0424	0.1486	0.0032	25.5750	74.8000	
-0.0423	0.1492	0.0035	25.9250	74.5750	
-0.0423	0.1491	0.0035	25.8750	74.7250	
-0.0425	0.1484	0.0028	25.6500	74.7000	
-0.0425	0.1481	0.0028	25.7000	74.8000	
-0.0424	0.1478	0.0028	25.6250	74.7250	
-0.0426	0.1482	0.0027	25.5750	74.7500	
-0.0425	0.1481	0.0028	25.9000	74.9000	
-0.0421	0.1481	0.0033	25.7750	74.7250	
-0.0426	0.1478	0.0025	25.5500	74.8250	
-0.0426	0.1478	0.0025	25.8250	74.6500	
-0.0425	0.1476	0.0025	25.6000	74.9500	
-0.0426	0.1475	0.0023	25.7000	74.8250	
-0.0425	0.1474	0.0024	25.7750	74.7500	
-0.0425	0.1473	0.0024	25.6500	74.8000	
-0.0426	0.1475	0.0023	25.6000	74.6750	
-0.0426	0.1474	0.0023	26.0500	74.7000	
-0.0425	0.1476	0.0025	25.7500	74.7500	
-0.0423	0.1473	0.0027	25.5750	74.8500	
-0.0422	0.1472	0.0028	25.7750	74.6750	
-0.0424	0.1473	0.0025	25.6500	74.7500	
-0.0425	0.1469	0.0023	25.8750	74.9500	
-0.0424	0.1472	0.0025	26.1500	74.8500	
-0.0425	0.1467	0.0022	25.7750	74.8250	
-0.0424	0.1468	0.0023	25.8000	74.8000	
-0.0424	0.1468	0.0023	25.7750	74.7000	
-0.0425	0.1466	0.0022	25.5250	74.8000	
-0.0426	0.1470	0.0022	25.9750	74.9000	
-0.0425	0.1468	0.0022	25.6500	74.5750	
-0.0427	0.1472	0.0021	25.8000	74.3500	
-0.0427	0.1478	0.0023	25.7500	74.2750	
-0.0427	0.1482	0.0025	25.6000	74.0750	
-0.0428	0.1478	0.0022	25.6750	74.3500	
-0.0426	0.1477	0.0025	25.6750	74.2500	
-0.0429	0.1486	0.0025	26.0000	74.4500	
-0.0429	0.1481	0.0022	25.7500	74.1500	
-0.0429	0.1482	0.0022	25.8500	74.3000	
-0.0430	0.1484	0.0021	25.9500	74.1500	
-0.0430	0.1484	0.0021	25.7500	74.0500	
-0.0430	0.1489	0.0024	25.7750	74.1500	
-0.0431	0.1491	0.0023	25.8250	74.3000	
-0.0432	0.1493	0.0023	25.7000	74.2500	
-0.0430	0.1495	0.0026	25.9750	73.9500	
-0.0427	0.1491	0.0030	25.6250	74.3750	
-0.0426	0.1499	0.0034	25.6250	74.1250	
-0.0428	0.1501	0.0032	25.8750	74.2250	
-0.0432	0.1500	0.0026	25.8000	74.3750	
-0.0434	0.1499	0.0022	25.6750	74.4000	
-0.0431	0.1499	0.0026	25.9750	74.3750	
-0.0433	0.1502	0.0025	25.8000	74.3500	
-0.0433	0.1500	0.0025	25.8750	74.4500	
-0.0434	0.1500	0.0023	25.6250	74.5750	
-0.0434	0.1497	0.0022	25.8250	74.6750	
-0.0433	0.1501	0.0024	25.7500	74.7000	
-0.0432	0.1502	0.0027	25.8500	74.6000	
-0.0434	0.1499	0.0023	26.0000	74.7500	
-0.0433	0.1497	0.0023	25.8500	74.9250	
-0.0434	0.1501	0.0023	26.1000	74.8500	
-0.0435	0.1503	0.0023	25.8250	74.7500	
-0.0435	0.1502	0.0023	25.8250	74.9750	
-0.0434	0.1500	0.0022	25.8000	74.9250	
-0.0434	0.1501	0.0024	26.0000	75.0250	
-0.0436	0.1505	0.0023	26.2500	75.0500	
-0.0434	0.1506	0.0025	26.1500	75.0750	
-0.0434	0.1503	0.0024	26.0000	75.1750	
-0.0434	0.1504	0.0025	25.7750	75.0250	
-0.0430	0.1499	0.0028	25.8750	74.9250	
-0.0433	0.1503	0.0026	25.9000	75.0250	
-0.0434	0.1503	0.0024	25.9500	75.0000	
-0.0434	0.1502	0.0024	25.9500	75.1000	
-0.0434	0.1500	0.0023	25.9250	75.1000	
-0.0434	0.1499	0.0022	25.8250	75.1250	
-0.0433	0.1504	0.0026	25.7250	75.0750	
-0.0431	0.1499	0.0026	25.7750	75.0500	
-0.0432	0.1503	0.0027	26.0250	75.0500	
-0.0432	0.1501	0.0026	25.8750	75.1000	
-0.0433	0.1501	0.0025	25.8500	75.1250	
-0.0434	0.1502	0.0024	25.8500	75.2000	
-0.0434	0.1504	0.0024	25.9750	75.2750	
-0.0433	0.1502	0.0025	26.0750	75.3000	
-0.0434	0.1501	0.0024	25.9250	75.2750	
-0.0434	0.1504	0.0024	25.9500	75.2750	
-0.0433	0.1501	0.0024	25.8000	75.2750	
-0.0430	0.1502	0.0030	26.0250	75.2250	
-0.0429	0.1505	0.0032	26.0000	75.1250	
-0.0430	0.1507	0.0032	26.0750	75.2250	
-0.0431	0.1501	0.0027	26.0500	75.1500	
-0.0434	0.1503	0.0024	26.0250	75.4750	
-0.0434	0.1501	0.0024	25.8250	75.3250	
-0.0433	0.1503	0.0025	26.0250	75.2500	
-0.0430	0.1500	0.0029	26.0250	75.2500	
-0.0429	0.1504	0.0032	26.0750	75.1500	
-0.0431	0.1500	0.0028	25.8500	75.3250	
-0.0431	0.1497	0.0027	25.9000	75.2250	
-0.0427	0.1503	0.0033	26.0750	75.3500	
-0.0429	0.1497	0.0028	26.0500	75.3000	
-0.0431	0.1496	0.0025	26.0000	75.2500	
-0.0432	0.1499	0.0025	25.9750	75.3500	
-0.0432	0.1496	0.0024	26.0000	75.3250	
-0.0432	0.1495	0.0024	26.1500	75.3000	
-0.0431	0.1494	0.0025	25.9500	75.3500	
-0.0428	0.1496	0.0030	26.1500	75.3000	
-0.0430	0.1500	0.0028	25.8750	75.3250	
-0.0429	0.1496	0.0029	26.0750	75.2250	
-0.0430	0.1496	0.0027	25.8500	75.2000	
-0.0431	0.1492	0.0024	26.0250	75.3750	
-0.0430	0.1494	0.0026	26.0750	75.2000	
-0.0430	0.1496	0.0027	25.8750	75.3500	
-0.0429	0.1492	0.0027	26.0500	75.4250	
-0.0429	0.1494	0.0027	26.1250	75.4750	
-0.0431	0.1494	0.0025	25.9500	75.3000	
-0.0430	0.1490	0.0024	26.0500	75.2000	
-0.0431	0.1494	0.0024	26.0500	75.2250	
-0.0431	0.1494	0.0024	26.1750	75.2500	
-0.0431	0.1494	0.0025	25.9250	75.2500	
-0.0430	0.1499	0.0028	26.2250	75.1500	
-0.0429	0.1499	0.0030	25.9250	75.4250	
-0.0429	0.1494	0.0028	26.1000	75.3000	
-0.0430	0.1489	0.0024	26.0250	75.2750	
-0.0430	0.1489	0.0023	25.9000	75.2250	
-0.0430	0.1486	0.0023	25.8500	75.2000	
-0.0429	0.1488	0.0025	25.9750	75.2500	
-0.0430	0.1489	0.0024	26.2000	75.2000	
-0.0430	0.1488	0.0023	26.0000	75.2250	
-0.0429	0.1486	0.0023	26.1250	75.3250	
-0.0430	0.1488	0.0024	26.1250	75.3750	
-0.0430	0.1488	0.0024	26.0750	75.2500	
-0.0429	0.1487	0.0025	25.9750	75.2500	
-0.0426	0.1486	0.0029	25.9750	75.3000	
-0.0423	0.1497	0.0037	26.4750	75.1500	
-0.0423	0.1485	0.0032	25.9000	75.2250	
-0.0428	0.1486	0.0026	25.9750	75.4000	
-0.0428	0.1482	0.0024	26.2250	75.1250	
-0.0428	0.1484	0.0025	26.1500	75.2750	
-0.0426	0.1484	0.0027	26.2000	75.2500	
-0.0429	0.1484	0.0024	26.0000	75.2750	
-0.0429	0.1483	0.0022	26.2250	75.3000	
-0.0427	0.1482	0.0025	26.1750	75.2500	
-0.0425	0.1480	0.0027	26.2250	75.3250	
-0.0429	0.1482	0.0023	26.1750	75.3250	
-0.0429	0.1483	0.0023	26.0500	75.2750	
-0.0429	0.1486	0.0024	26.1000	75.3750	
-0.0429	0.1481	0.0022	26.1250	75.2500	
-0.0427	0.1482	0.0025	26.2000	75.2500	
-0.0427	0.1480	0.0025	26.0500	75.1750	
-0.0426	0.1480	0.0026	26.3000	75.3000	
-0.0428	0.1480	0.0023	26.1000	75.1750	
-0.0428	0.1478	0.0022	26.0250	75.3000	
-0.0428	0.1479	0.0023	26.1750	75.2500	
-0.0428	0.1477	0.0022	26.0750	75.3250	
-0.0428	0.1479	0.0023	26.1750	75.2000	
-0.0428	0.1479	0.0023	26.3000	75.1750	
-0.0427	0.1478	0.0023	26.0250	75.3000	
-0.0427	0.1479	0.0024	26.1250	75.4000	
-0.0426	0.1479	0.0026	26.1000	75.4500	
-0.0426	0.1479	0.0025	26.2500	75.2500	
-0.0428	0.1476	0.0022	25.7500	75.2250	
-0.0427	0.1476	0.0023	26.1000	75.2750	
-0.0425	0.1478	0.0026	26.0000	75.2500	
-0.0427	0.1482	0.0025	26.2000	75.2250	
-0.0427	0.1478	0.0023	26.1250	75.2500	
-0.0427	0.1476	0.0022	25.8000	75.3250	
-0.0427	0.1473	0.0021	25.8750	75.3750	
-0.0427	0.1474	0.0022	26.2250	75.4500	
-0.0427	0.1474	0.0022	25.9000	75.3250	
-0.0426	0.1473	0.0022	25.9000	75.3500	
-0.0424	0.1476	0.0026	26.0250	75.3250	
-0.0425	0.1474	0.0024	26.2000	75.3500	
-0.0426	0.1474	0.0023	26.2000	75.2750	
-0.0427	0.1474	0.0022	25.9000	75.1500	
-0.0425	0.1472	0.0023	26.0500	75.2750	
-0.0425	0.1474	0.0025	25.8750	75.1500	
-0.0425	0.1475	0.0025	26.2000	75.2500	
-0.0427	0.1471	0.0021	26.1500	75.2500	
-0.0426	0.1469	0.0021	26.0500	75.3000	
-0.0425	0.1473	0.0024	26.0000	75.2500	
-0.0427	0.1471	0.0021	26.1750	75.2500	
-0.0426	0.1469	0.0020	26.1500	75.1250	
-0.0426	0.1469	0.0022	26.0750	75.2250	
-0.0426	0.1467	0.0020	26.0250	75.2750	
-0.0426	0.1468	0.0020	26.0500	75.1500	
-0.0423	0.1467	0.0024	26.2250	75.1750	
-0.0424	0.1470	0.0025	26.5250	75.3500	
-0.0423	0.1467	0.0024	26.1250	75.3000	
-0.0424	0.1470	0.0024	26.3000	75.3750	
-0.0425	0.1467	0.0021	26.2750	75.2250	
-0.0426	0.1467	0.0020	26.2000	75.3000	
-0.0425	0.1464	0.0020	26.1250	75.3750	
-0.0426	0.1469	0.0021	26.2750	75.3500	
-0.0425	0.1467	0.0022	26.3000	75.3000	
-0.0427	0.1473	0.0022	26.1500	75.3500	
-0.0425	0.1469	0.0022	26.6500	75.3750	
-0.0423	0.1470	0.0025	26.5500	75.3000	
-0.0424	0.1466	0.0022	26.2000	75.2500	
-0.0424	0.1469	0.0023	26.6500	75.2750	
-0.0425	0.1466	0.0021	26.4250	75.2500	
-0.0425	0.1467	0.0021	26.4750	75.3000	
-0.0424	0.1466	0.0023	26.1750	75.2250	
-0.0423	0.1466	0.0024	26.3750	75.3250	
-0.0423	0.1467	0.0025	26.5500	75.4250	
-0.0425	0.1465	0.0021	26.5250	75.2250	
-0.0425	0.1462	0.0020	26.4000	75.5000	
-0.0423	0.1468	0.0025	26.6500	75.3750	
-0.0424	0.1464	0.0022	26.7000	75.2500	
-0.0425	0.1459	0.0019	26.4500	75.3500	
-0.0425	0.1459	0.0019	26.6750	75.3250	
-0.0424	0.1460	0.0020	26.6250	75.2750	
-0.0424	0.1460	0.0020	26.7000	75.2000	
-0.0424	0.1462	0.0021	26.7250	75.2250	
-0.0420	0.1456	0.0025	26.5750	75.2000	
-0.0423	0.1458	0.0021	26.9750	74.9250	
-0.0424	0.1456	0.0018	26.7250	75.2500	
-0.0423	0.1464	0.0023	27.1000	75.2750	
-0.0424	0.1461	0.0021	26.6500	75.4250	
-0.0424	0.1458	0.0019	27.2500	75.5000	
-0.0424	0.1458	0.0019	26.9750	75.4250	
-0.0424	0.1458	0.0020	26.7750	75.5500	
-0.0424	0.1461	0.0020	27.2250	75.6500	
-0.0425	0.1460	0.0019	26.8500	75.5000	
-0.0425	0.1461	0.0019	27.7000	75.5500	
-0.0425	0.1460	0.0018	27.1250	75.5000	
-0.0424	0.1457	0.0019	27.1500	75.6500	
-0.0423	0.1456	0.0020	27.2750	75.4250	
-0.0424	0.1460	0.0020	27.2000	75.6000	
-0.0424	0.1457	0.0019	27.2250	75.6000	
-0.0424	0.1456	0.0018	27.6000	75.5500	
-0.0423	0.1456	0.0020	27.4000	75.5500	
-0.0424	0.1459	0.0019	27.8250	75.6000	
-0.0425	0.1457	0.0018	27.1250	75.6750	
-0.0422	0.1455	0.0021	27.6000	75.6250	
-0.0421	0.1454	0.0022	27.4750	75.5000	
-0.0421	0.1458	0.0023	27.2000	75.5250	
-0.0420	0.1456	0.0025	27.6500	75.5250	
-0.0420	0.1458	0.0024	27.6500	75.6000	
-0.0418	0.1464	0.0031	27.3750	75.3750	
-0.0419	0.1454	0.0024	27.6500	75.4500	
-0.0422	0.1452	0.0019	27.7500	75.6250	
-0.0422	0.1453	0.0019	27.3250	75.5000	
-0.0420	0.1456	0.0024	27.8250	75.6250	
-0.0420	0.1456	0.0024	27.9000	75.5500	
-0.0423	0.1452	0.0018	27.4750	75.6250	
-0.0423	0.1451	0.0017	28.0500	75.6000	
-0.0424	0.1452	0.0017	27.3750	75.6500	
-0.0423	0.1451	0.0018	27.8000	75.6250	
-0.0420	0.1456	0.0024	28.5500	75.5250	
-0.0419	0.1451	0.0023	27.6250	75.4250	
-0.0421	0.1448	0.0019	27.9250	75.5750	
-0.0422	0.1447	0.0017	27.8250	75.5500	
-0.0421	0.1447	0.0018	27.6500	75.7250	
-0.0418	0.1451	0.0024	27.8000	75.5750	
-0.0419	0.1451	0.0023	28.3750	75.5750	
-0.0421	0.1447	0.0018	27.9250	75.5000	
-0.0422	0.1445	0.0017	27.6250	75.5250	
-0.0422	0.1446	0.0017	27.8250	75.5750	
-0.0422	0.1447	0.0016	28.2000	75.6250	
-0.0421	0.1446	0.0019	28.3500	75.5000	
-0.0421	0.1443	0.0017	28.1750	75.4500	
-0.0422	0.1444	0.0016	27.8250	75.5750	
-0.0421	0.1442	0.0017	28.2750	75.5500	
-0.0421	0.1446	0.0018	27.6250	75.5250	
-0.0421	0.1443	0.0018	28.7250	75.6000	
-0.0421	0.1443	0.0017	28.0000	75.6000	
-0.0422	0.1442	0.0016	28.3500	75.4500	
-0.0420	0.1442	0.0017	27.7250	75.6000	
-0.0420	0.1442	0.0018	27.9250	75.7000	
-0.0421	0.1446	0.0018	28.7000	75.5250	
-0.0420	0.1439	0.0017	28.4750	75.5750	
-0.0420	0.1441	0.0018	28.6250	75.6000	
-0.0418	0.1442	0.0020	28.8000	75.6250	
-0.0420	0.1445	0.0019	28.1000	75.4250	
-0.0418	0.1442	0.0020	29.1500	75.3250	
-0.0418	0.1441	0.0020	28.1750	75.6000	
-0.0420	0.1439	0.0016	27.7250	75.5250	
-0.0420	0.1441	0.0018	28.5500	75.4750	
-0.0418	0.1443	0.0022	28.1000	75.5750	
-0.0420	0.1439	0.0017	28.5250	75.4750	
-0.0421	0.1437	0.0015	28.3750	75.5250	
-0.0420	0.1442	0.0019	28.7250	75.5250	
-0.0418	0.1445	0.0022	28.7250	75.5000	
-0.0418	0.1439	0.0019	29.0750	75.5500	
-0.0419	0.1438	0.0018	28.3000	75.5250	
-0.0418	0.1437	0.0018	28.3500	75.5750	
-0.0420	0.1436	0.0015	28.8000	75.5250	
-0.0420	0.1438	0.0016	28.4250	75.5500	
-0.0419	0.1439	0.0018	29.3750	75.4750	
-0.0417	0.1439	0.0021	28.7000	75.6500	
-0.0419	0.1436	0.0016	28.9750	75.4750	
-0.0420	0.1437	0.0016	29.1500	75.4750	
-0.0417	0.1441	0.0022	29.8250	75.5000	
-0.0419	0.1439	0.0018	29.0750	75.6250	
-0.0418	0.1437	0.0018	28.9250	75.5500	
-0.0419	0.1436	0.0017	29.7250	75.4750	
-0.0418	0.1438	0.0020	28.7500	75.3750	
-0.0417	0.1436	0.0019	29.4500	75.3750	
-0.0414	0.1437	0.0024	29.3750	75.5000	
-0.0417	0.1436	0.0019	29.2500	75.4750	
-0.0416	0.1440	0.0024	29.6250	75.4500	
-0.0416	0.1438	0.0022	29.2000	75.3500	
-0.0414	0.1440	0.0026	30.0500	75.5250	
-0.0418	0.1443	0.0022	29.8000	75.5000	
-0.0417	0.1434	0.0018	30.1000	75.4250	
-0.0418	0.1430	0.0016	29.6500	75.5250	
-0.0415	0.1440	0.0024	29.7500	75.5250	
-0.0417	0.1433	0.0018	29.6250	75.4750	
-0.0419	0.1432	0.0015	29.5750	75.5750	
-0.0417	0.1436	0.0020	29.9500	75.6000	
-0.0416	0.1439	0.0023	29.6000	75.5500	
-0.0415	0.1431	0.0020	30.3000	75.5500	
0.4895	50.0000	0.5786	50.0000	
0.4405	50.0000	0.5442	50.0000	
0.3970	50.0000	0.5140	50.0000	
0.3598	50.0000	0.4915	50.0000	
0.3273	50.0000	0.4720	50.0000	
0.2997	50.0000	0.4542	50.0000	
0.2792	50.0000	0.4377	50.0000	
0.2650	50.0000	0.4226	50.0000	
0.2556	50.0000	0.4091	50.0000	
0.2505	50.0000	0.3966	50.0000	
0.2482	50.0000	0.3848	50.0000	
0.2473	50.3000	0.3739	50.0000	
0.2469	52.2000	0.3638	50.0000	
0.2467	54.3750	0.3539	50.0000	
0.2466	67.1000	0.3446	50.0000	
0.2465	72.9250	0.3356	50.0000	
0.2464	71.6250	0.3275	50.0000	
0.2463	64.7750	0.3203	50.0000	
0.2462	57.9500	0.3139	50.0000	
0.2461	55.7500	0.3084	50.0000	
0.2460	55.0250	0.3037	50.0000	
0.2460	55.0250	0.2995	50.0000	
0.2459	54.7500	0.2960	50.0000	
0.2458	54.7750	0.2929	50.0000	
0.2457	54.4500	0.2904	50.0000	
0.2457	54.6000	0.2884	50.0000	
0.2456	54.7250	0.2866	50.0000	
0.2455	54.5500	0.2848	50.0750	
0.2455	54.5000	0.2831	52.3750	
0.2454	54.3000	0.2811	56.0250	
0.2453	54.3500	0.2785	59.8500	
0.2453	54.3250	0.2750	63.0750	
0.2452	54.3500	0.2708	65.2000	
0.2452	54.3750	0.2666	67.9000	
0.2452	54.1250	0.2621	68.8000	
0.2452	54.1750	0.2574	71.9500	
0.2451	54.2250	0.2523	74.6500	
0.2450	54.3000	0.2468	75.1000	
0.2450	54.3500	0.2412	75.2500	
0.2449	54.2750	0.2354	74.7750	
0.2449	54.3250	0.2294	74.5750	
0.2449	54.2750	0.2231	74.2250	
0.2448	53.9750	0.2169	74.0750	
0.2448	53.9750	0.2106	73.8750	
0.2448	54.2250	0.2044	73.4250	
0.2447	54.3000	0.1983	73.1500	
0.2447	54.3000	0.1924	72.0250	
0.2446	54.2750	0.1866	72.1000	
0.2446	54.2500	0.1812	71.6750	
0.2446	54.1500	0.1762	71.3250	
0.2445	54.3750	0.1716	71.1750	
0.2445	54.4000	0.1674	71.0000	
0.2445	54.2750	0.1637	71.1000	
0.2445	54.4250	0.1604	70.8500	
0.2444	54.2750	0.1576	70.7750	
0.2444	54.3750	0.1552	70.7000	
0.2443	54.2750	0.1533	70.5750	
0.2443	54.6000	0.1517	70.4750	
0.2443	54.6000	0.1504	70.5750	
0.2443	54.7000	0.1493	70.3000	
0.2442	54.7250	0.1484	70.4250	
0.2442	54.8000	0.1476	70.1750	
0.2441	54.8500	0.1470	70.4000	
0.2441	55.0000	0.1465	70.0000	
0.2440	55.0500	0.1460	70.3250	
0.2440	55.2750	0.1456	70.2750	
0.2439	55.1500	0.1452	70.1250	
0.2439	55.1000	0.1448	69.9750	
0.2438	55.0750	0.1444	70.1000	
0.2437	54.9750	0.1440	70.0750	
0.2436	55.1750	0.1436	69.8750	
0.2436	55.1250	0.1432	70.1000	
0.2435	55.2250	0.1429	69.8250	
0.2434	55.3750	0.1426	69.9500	
0.2434	55.7000	0.1423	69.8000	
0.2433	55.9250	0.1420	69.7250	
0.2432	56.0250	0.1417	69.7750	
0.2431	56.2750	0.1414	69.5750	
0.2430	56.4250	0.1411	69.6500	
0.2429	56.8000	0.1408	69.6750	
0.2429	57.0000	0.1406	69.5500	
0.2427	57.4500	0.1404	69.5500	
0.2426	57.3500	0.1401	69.5750	
0.2426	57.8500	0.1399	69.4000	
0.2425	57.9000	0.1397	69.5750	
0.2424	57.8750	0.1395	69.4000	
0.2423	58.3000	0.1393	69.5500	
0.2422	58.6500	0.1391	69.3000	
0.2420	58.7750	0.1389	69.4250	
0.2419	58.8750	0.1387	69.2500	
0.2418	58.9750	0.1386	69.4750	
0.2417	59.4750	0.1384	69.3250	
0.2416	60.4250	0.1382	69.3000	
0.2415	60.7500	0.1380	69.2500	
0.2414	60.2750	0.1379	69.3000	
0.2412	59.8250	0.1377	69.2500	
0.2411	60.4750	0.1375	69.0500	
0.2409	61.4500	0.1373	69.1500	
0.2408	61.8000	0.1371	69.1750	
0.2407	62.4250	0.1369	69.1000	
0.2406	62.8250	0.1367	69.1250	
0.2404	62.5500	0.1364	69.0000	
0.2403	62.6250	0.1361	69.1500	
0.2402	63.1250	0.1358	69.2000	
0.2401	63.1750	0.1353	69.0750	
0.2399	63.4500	0.1349	69.1000	
0.2398	63.9000	0.1345	69.1500	
0.2396	63.6500	0.1340	69.0750	
0.2395	62.8000	0.1336	69.1500	
0.2395	63.4000	0.1331	69.2000	
0.2393	63.8000	0.1326	69.0500	
0.2392	63.4750	0.1321	69.1500	
0.2390	65.0000	0.1316	69.0500	
0.2389	65.2750	0.1310	69.1500	
0.2388	64.1500	0.1305	69.1000	
0.2386	63.8250	0.1299	69.0500	
0.2384	64.4250	0.1294	69.0500	
0.2383	64.8500	0.1288	69.1250	
0.2382	64.6250	0.1283	69.0500	
0.2380	64.4500	0.1276	69.2000	
0.2379	65.1000	0.1270	69.0250	
0.2379	64.2250	0.1264	69.2000	
0.2376	65.2000	0.1257	69.2250	
0.2375	65.8750	0.1251	69.0750	
0.2373	64.0250	0.1243	69.1750	
0.2371	64.1750	0.1237	69.0000	
0.2370	66.0250	0.1229	69.1750	
0.2367	65.0000	0.1222	69.1750	
0.2365	65.3750	0.1215	69.0000	
0.2362	64.3500	0.1208	69.0250	
0.2360	63.4500	0.1200	69.1000	
0.2357	65.3000	0.1192	69.0500	
0.2355	64.8750	0.1184	69.0500	
0.2351	66.2750	0.1177	68.9250	
0.2348	66.4500	0.1168	68.9000	
0.2345	63.6750	0.1159	68.8250	
0.2341	65.6000	0.1151	68.9000	
0.2338	66.2000	0.1142	68.7750	
0.2335	66.5250	0.1134	68.8000	
0.2331	65.2250	0.1124	68.7500	
0.2328	63.8000	0.1115	68.7500	
0.2324	66.9000	0.1106	68.6250	
0.2321	67.9750	0.1097	68.6250	
0.2317	63.8500	0.1087	68.5500	
0.2313	67.2250	0.1077	68.6250	
0.2309	67.3750	0.1067	68.6250	
0.2306	65.8750	0.1057	68.3500	
0.2303	65.9250	0.1047	68.3000	
0.2297	68.0250	0.1036	68.2500	
0.2295	68.6250	0.1026	68.2250	
0.2292	63.5500	0.1016	68.2000	
0.2287	68.3250	0.1006	67.8250	
0.2282	69.1750	0.0995	67.8000	
0.2278	66.7250	0.0983	68.0000	
0.2274	67.8000	0.0972	67.8250	
0.2271	68.8000	0.0961	67.7250	
0.2266	67.2250	0.0950	67.8250	
0.2261	67.9000	0.0939	67.7000	
0.2258	68.8750	0.0927	67.7750	
0.2255	69.4500	0.0916	67.6500	
0.2250	66.3750	0.0907	67.4250	
0.2244	67.7750	0.0893	67.5750	
0.2241	70.0000	0.0882	67.3500	
0.2236	69.5750	0.0869	67.3000	
0.2235	67.3500	0.0858	67.4500	
0.2230	70.1250	0.0846	67.1250	
0.2223	68.9250	0.0834	67.0000	
0.2219	68.9250	0.0822	66.9250	
0.2214	69.9750	0.0811	67.0000	
0.2210	69.5750	0.0799	67.0500	
0.2205	69.4500	0.0787	66.7750	
0.2201	70.9250	0.0775	66.8250	
0.2196	68.6250	0.0763	66.7000	
0.2192	69.7750	0.0751	66.6500	
0.2186	70.7500	0.0739	66.6250	
0.2182	69.3500	0.0726	66.5000	
0.2176	70.6750	0.0714	66.4750	
0.2172	70.8500	0.0702	66.2500	
0.2167	69.0250	0.0691	66.7000	
0.2163	69.6000	0.0680	66.2500	
0.2157	70.2750	0.0667	66.2750	
0.2152	70.2000	0.0656	66.2000	
0.2148	70.1000	0.0644	66.1000	
0.2142	70.8750	0.0632	66.2750	
0.2138	69.2750	0.0620	66.1250	
0.2131	69.5000	0.0609	66.0250	
0.2128	69.9500	0.0597	65.9750	
0.2124	70.9250	0.0586	65.8750	
0.2119	67.6000	0.0576	66.0000	
0.2112	69.6500	0.0563	65.8500	
0.2106	70.3750	0.0553	65.8000	
0.2102	68.5500	0.0542	65.8500	
0.2095	69.0250	0.0530	65.7250	
0.2090	69.0250	0.0519	65.5750	
0.2087	69.5000	0.0509	65.5750	
0.2083	67.2250	0.0498	65.5000	
0.2074	70.4500	0.0488	65.4750	
0.2070	68.3250	0.0477	65.4250	
0.2063	69.1500	0.0468	65.4750	
0.2057	68.7750	0.0457	65.4500	
0.2051	69.2000	0.0447	65.3000	
0.2045	69.3250	0.0437	65.3250	
0.2040	67.2750	0.0427	65.3750	
0.2034	68.0000	0.0418	65.1500	
0.2030	69.4000	0.0409	65.1250	
0.2020	67.5250	0.0400	65.0500	
0.2014	68.2750	0.0389	65.1500	
0.2007	68.6000	0.0381	65.0750	
0.2003	67.2000	0.0371	65.1500	
0.1994	67.4500	0.0364	65.2750	
0.1987	67.5250	0.0354	65.1250	
0.1979	67.3250	0.0346	65.0500	
0.1974	68.1750	0.0338	65.2000	
0.1967	64.9000	0.0329	65.0000	
0.1960	68.3000	0.0321	65.1000	
0.1953	66.9750	0.0314	65.0250	
0.1944	66.0500	0.0306	65.0250	
0.1940	68.5750	0.0298	65.1250	
0.1930	64.8250	0.0291	65.1000	
0.1923	66.3000	0.0283	65.1000	
0.1915	65.6250	0.0276	65.0000	
0.1910	66.8250	0.0269	65.0250	
0.1904	65.2750	0.0262	64.9500	
0.1897	67.8000	0.0255	64.9750	
0.1888	65.8000	0.0248	64.8750	
0.1883	67.4750	0.0242	65.1000	
0.1876	66.1750	0.0235	65.0250	
0.1866	67.5250	0.0229	65.0000	
0.1860	65.4500	0.0223	65.0500	
0.1851	67.6250	0.0217	64.9750	
0.1845	66.5000	0.0211	65.1250	
0.1838	67.4250	0.0206	65.0500	
0.1831	67.8000	0.0201	65.1000	
0.1824	66.0000	0.0194	64.9000	
0.1819	67.0250	0.0189	65.2000	
0.1812	65.5500	0.0184	65.1000	
0.1803	65.6250	0.0178	65.2000	
0.1799	65.6000	0.0173	65.3000	
0.1791	67.2500	0.0168	65.1250	
0.1784	65.2750	0.0164	65.3000	
0.1778	65.0250	0.0159	65.2750	
0.1769	64.6500	0.0154	65.4000	
0.1763	65.7500	0.0150	65.3750	
0.1757	65.9000	0.0146	65.4000	
0.1751	64.9500	0.0141	65.4250	
0.1744	65.1250	0.0137	65.4750	
0.1738	64.2250	0.0133	65.6000	
0.1731	64.5500	0.0129	65.5500	
0.1726	64.8500	0.0125	65.6000	
0.1721	64.4000	0.0122	65.6250	
0.1712	66.0000	0.0118	65.6000	
0.1708	64.8500	0.0115	65.6250	
0.1700	64.6750	0.0111	65.7250	
0.1694	63.9000	0.0108	65.7500	
0.1690	63.5000	0.0104	65.7250	
0.1684	64.7250	0.0101	65.8250	
0.1680	63.6500	0.0098	65.9000	
0.1672	62.6500	0.0095	65.9000	
0.1668	62.8000	0.0092	65.9250	
0.1665	62.3750	0.0090	65.9000	
0.1657	62.3750	0.0087	66.0750	
0.1653	61.2250	0.0084	66.1000	
0.1652	60.0000	0.0082	66.1000	
0.1642	59.6750	0.0080	66.3250	
0.1640	60.1250	0.0077	66.3250	
0.1634	59.6750	0.0075	66.5250	
0.1628	58.6250	0.0072	66.6250	
0.1629	57.0750	0.0070	66.6500	
0.1621	56.2750	0.0068	66.6500	
0.1623	55.3250	0.0066	66.7500	
0.1612	54.1250	0.0065	66.8500	
0.1608	53.7500	0.0062	66.9500	
0.1608	53.0750	0.0061	66.8750	
0.1602	53.8250	0.0059	67.0250	
0.1600	53.1500	0.0057	67.1000	
0.1594	53.4250	0.0056	67.1500	
0.1589	52.9250	0.0054	67.2750	
0.1586	52.1250	0.0053	67.3250	
0.1582	52.2500	0.0051	67.3750	
0.1579	52.2250	0.0050	67.5250	
0.1579	52.4500	0.0048	67.5000	
0.1574	51.3750	0.0047	67.6000	
0.1569	51.5250	0.0046	67.5750	
0.1568	52.0250	0.0045	67.6750	
0.1565	51.4750	0.0043	67.6750	
0.1565	51.8500	0.0042	67.8000	
0.1557	51.3000	0.0041	67.7750	
0.1555	51.3750	0.0040	67.9750	
0.1552	51.2500	0.0039	67.8750	
0.1547	51.2750	0.0038	68.1250	
0.1548	51.0750	0.0037	67.9750	
0.1545	51.2500	0.0036	68.2750	
0.1545	51.1250	0.0035	68.2250	
0.1544	50.8750	0.0034	68.4250	
0.1539	51.0000	0.0034	68.4000	
0.1536	51.1250	0.0033	68.6250	
0.1538	51.1250	0.0032	68.5750	
0.1535	50.7250	0.0031	68.7000	
0.1532	51.1000	0.0031	68.8000	
0.1530	51.0250	0.0030	68.9250	
0.1523	50.6000	0.0029	68.9250	
0.1523	51.0000	0.0029	69.1250	
0.1521	50.4750	0.0028	69.1000	
0.1520	51.2000	0.0028	69.3250	
0.1530	50.6500	0.0027	69.3750	
0.1521	50.7500	0.0026	69.4500	
0.1518	50.7500	0.0026	69.4750	
0.1520	50.6000	0.0026	69.5250	
0.1519	50.9250	0.0025	69.5500	
0.1516	50.4000	0.0025	69.6500	
0.1510	50.9500	0.0024	69.7750	
0.1508	50.7000	0.0024	69.8750	
0.1503	50.7000	0.0023	69.8500	
0.1503	50.6500	0.0023	69.9750	
0.1501	50.6500	0.0022	70.1000	
0.1501	50.7000	0.0022	70.2000	
0.1500	50.6250	0.0022	70.1500	
0.1498	50.7500	0.0021	70.3750	
0.1494	50.5750	0.0021	70.4250	
0.1495	50.5000	0.0021	70.4750	
0.1493	50.4500	0.0020	70.5500	
0.1491	50.6750	0.0020	70.7000	
0.1488	50.6500	0.0020	70.6750	
0.1489	50.5750	0.0020	70.7750	
0.1491	50.5000	0.0019	70.7750	
0.1487	50.1250	0.0019	70.9750	
0.1488	50.2250	0.0019	70.8750	
0.1482	50.0750	0.0019	71.0250	
0.1484	50.2750	0.0018	71.0250	
0.1480	49.9250	0.0018	71.0250	
0.1480	49.8750	0.0018	71.1250	
0.1478	50.0750	0.0018	71.1750	
0.1478	50.0250	0.0017	71.1750	
0.1475	49.9000	0.0017	71.1500	
0.1476	50.1000	0.0017	71.2250	
0.1471	50.2500	0.0017	71.2250	
0.1469	50.2500	0.0017	71.3250	
0.1469	50.0500	0.0017	71.3750	
0.1465	50.0750	0.0017	71.4000	
0.1465	50.1500	0.0016	71.4750	
0.1466	50.3000	0.0016	71.5500	
0.1463	49.8750	0.0016	71.4750	
0.1460	49.7000	0.0016	71.6750	
0.1461	49.8500	0.0016	71.6250	
0.1460	50.2000	0.0016	71.7250	
0.1458	49.6250	0.0016	71.8250	
0.1455	48.4500	0.0016	71.8250	
0.1458	48.1000	0.0015	71.8500	
0.1455	49.0250	0.0015	71.9000	
0.1454	48.3750	0.0015	71.9500	
0.1455	48.1250	0.0015	72.0250	
0.1449	48.3250	0.0015	71.9500	
0.1450	47.2250	0.0015	72.0250	
0.1448	47.0750	0.0015	72.0750	
0.1446	46.8750	0.0015	72.0750	
0.1446	46.6500	0.0015	72.0750	
0.1444	45.8750	0.0015	72.2000	
0.1443	44.5000	0.0014	72.2750	
0.1442	45.3000	0.0014	72.2500	
0.1440	45.9500	0.0014	72.3000	
0.1439	45.0750	0.0014	72.3000	
0.1446	44.9000	0.0014	72.3250	
0.1439	43.2750	0.0014	72.3250	
0.1439	44.2750	0.0014	72.3500	
0.1438	44.1500	0.0014	72.3500	
0.1437	44.9500	0.0014	72.4000	
0.1435	41.0750	0.0014	72.4500	
0.1433	39.3750	0.0014	72.4500	
0.1432	41.4250	0.0014	72.4750	
0.1433	42.5250	0.0014	72.5000	
0.1432	42.3500	0.0014	72.4750	
0.1434	41.1500	0.0014	72.5000	
0.1432	41.2500	0.0014	72.6000	
0.1429	39.3500	0.0014	72.6000	
0.1429	38.9000	0.0014	72.5750	
0.1427	39.1750	0.0013	72.6750	
0.1427	39.2750	0.0013	72.7750	
0.1427	39.8250	0.0013	72.8000	
0.1426	39.2750	0.0013	72.7750	
0.1428	38.2500	0.0013	72.8250	
0.1423	38.4250	0.0013	72.7000	
0.1422	38.9500	0.0013	72.8250	
0.1423	38.8500	0.0013	72.7750	
0.1423	39.1750	0.0013	72.8750	
0.1422	39.5000	0.0013	72.9000	
0.1422	37.8500	0.0013	72.9750	
0.1420	36.8250	0.0013	72.9750	
0.1422	37.6750	0.0013	72.9250	
0.1428	38.0250	0.0013	72.9750	
0.1425	37.4750	0.0013	72.9750	
0.1421	36.2000	0.0013	73.0500	
0.1417	37.6000	0.0013	73.0250	
0.1421	37.2250	0.0013	73.0500	
0.1424	36.9250	0.0013	73.1000	
0.1421	35.9250	0.0013	73.0750	
0.1419	35.9000	0.0013	73.1250	
0.1416	37.1750	0.0013	73.1000	
0.1416	36.8250	0.0013	73.1750	
0.1416	36.9500	0.0013	73.2500	
0.1415	36.4000	0.0013	73.1750	
0.1415	35.7000	0.0013	73.2000	
0.1414	36.2500	0.0013	73.3000	
0.1416	35.7750	0.0013	73.2250	
0.1416	37.1000	0.0013	73.2750	
0.1415	35.1000	0.0013	73.3250	
0.1413	35.8250	0.0013	73.3250	
0.1413	36.8250	0.0013	73.3250	
0.1413	36.4250	0.0013	73.4250	
0.1411	35.6750	0.0012	73.4000	
0.1417	35.2000	0.0012	73.4250	
0.1412	36.7000	0.0012	73.4000	
0.1412	35.8500	0.0012	73.4250	
0.1411	36.1500	0.0012	73.5500	
0.1411	35.5250	0.0012	73.4250	
0.1410	35.8250	0.0012	73.5000	
0.1411	35.2000	0.0012	73.4500	
0.1412	36.4250	0.0012	73.4500	
0.1409	36.2250	0.0012	73.5750	
0.1411	34.9000	0.0012	73.5750	
0.1408	35.7250	0.0012	73.5750	
0.1409	36.2250	0.0012	73.6000	
0.1414	36.3000	0.0012	73.6500	
0.1417	34.2500	0.0012	73.5500	
0.1418	37.5750	0.0012	73.6250	
0.1412	34.7250	0.0012	73.6000	
0.1409	35.6000	0.0012	73.5750	
0.1408	34.9750	0.0012	73.6500	
0.1407	35.5000	0.0012	73.5750	
0.1408	36.1000	0.0012	73.6500	
0.1407	36.6000	0.0012	73.7000	
0.1408	35.7000	0.0012	73.7000	
0.1411	34.5750	0.0012	73.7250	
0.1406	37.0000	0.0012	73.6750	
0.1409	36.4000	0.0012	73.6250	
0.1407	34.4250	0.0012	73.7500	
0.1407	36.2000	0.0012	73.7500	
0.1406	36.6500	0.0012	73.7500	
0.1408	36.3000	0.0012	73.7000	
0.1407	35.3250	0.0012	73.6000	
0.1405	35.8250	0.0012	73.7000	
0.1405	35.9250	0.0012	73.8000	
0.1405	35.6000	0.0012	73.7750	
0.1405	36.0000	0.0012	73.7500	
0.1405	35.9500	0.0012	73.7500	
0.1404	36.3750	0.0012	73.7250	
0.1404	35.6750	0.0012	73.7750	
0.1404	35.4750	0.0012	73.7750	
0.1405	35.6500	0.0012	73.7750	
0.1403	36.3000	0.0012	73.7250	
0.1404	35.2000	0.0012	73.7500	
0.1407	37.0250	0.0012	73.8000	
0.1405	35.0250	0.0012	73.8000	
0.1407	37.6500	0.0012	73.8500	
0.1412	34.3250	0.0012	73.7500	
0.1409	36.7500	0.0012	73.8500	
0.1409	34.4250	0.0012	73.8500	
0.1401	35.4250	0.0012	73.8250	
0.1406	36.6500	0.0012	73.8250	
0.1402	35.6250	0.0012	73.8750	
0.1403	36.2000	0.0012	73.8250	
0.1402	35.9250	0.0012	73.7750	
0.1400	36.2250	0.0012	73.8250	
0.1402	35.4750	0.0012	73.8500	
0.1401	35.9000	0.0012	73.8500	
0.1401	35.7250	0.0012	73.8750	
0.1404	36.2250	0.0012	73.9500	
0.1401	37.1000	0.0012	73.7750	
0.1400	35.4500	0.0012	73.9250	
0.1401	35.8250	0.0012	73.8500	
0.1401	37.0750	0.0012	73.9250	
0.1399	35.7500	0.0012	73.9000	
0.1400	35.2250	0.0012	73.9000	
0.1398	36.1750	0.0012	73.9000	
0.1399	35.8250	0.0012	73.9000	
0.1403	37.3250	0.0012	73.9250	
0.1403	35.4750	0.0012	73.9250	
0.1398	35.5500	0.0012	73.9250	
0.1399	36.1000	0.0012	73.9500	
0.1400	36.9250	0.0011	73.9000	
0.1399	35.2750	0.0011	74.0000	
0.1398	35.6750	0.0011	73.9750	
0.1400	35.9000	0.0011	73.9250	
0.1398	35.7500	0.0011	74.0000	
0.1397	35.8500	0.0011	74.0000	
0.1400	37.0750	0.0011	73.9750	
0.1398	36.7250	0.0011	74.0250	
0.1399	35.0000	0.0011	73.9500	
0.1398	35.6500	0.0011	73.9500	
0.1402	35.7250	0.0011	73.9750	
0.1402	37.7500	0.0011	74.0500	
0.1398	35.2500	0.0011	74.0250	
0.1398	35.2750	0.0011	73.9750	
0.1397	35.3000	0.0011	74.0000	
0.1397	35.7500	0.0011	74.0500	
0.1399	36.3000	0.0011	74.0250	
0.1399	36.0000	0.0011	74.0000	
0.1403	34.2000	0.0011	74.0500	
0.1402	37.5500	0.0011	74.0000	
0.1400	35.0750	0.0011	74.0000	
0.1397	36.8000	0.0011	74.0500	
0.1396	35.2250	0.0011	73.9500	
0.1395	35.0750	0.0011	73.9750	
0.1396	36.7750	0.0011	74.0000	
0.1397	34.9000	0.0011	74.0250	
0.1399	36.5750	0.0011	74.0250	
0.1396	35.2500	0.0011	74.0000	
0.1396	36.4250	0.0011	74.0250	
0.1396	36.7250	0.0011	74.0500	
0.1398	35.0750	0.0011	74.0250	
0.1395	36.8000	0.0011	74.0500	
0.1396	35.5250	0.0011	73.9750	
0.1395	36.0500	0.0011	73.9500	
0.1396	38.3250	0.0011	74.0000	
0.1395	36.0000	0.0011	74.1000	
0.1395	36.4500	0.0011	74.1250	
0.1394	37.1500	0.0011	74.0250	
0.1396	37.7250	0.0011	73.9750	
0.1394	36.6500	0.0011	74.0250	
0.1394	37.7750	0.0011	74.0750	
0.1395	37.2500	0.0011	74.1250	
0.1395	36.9250	0.0011	74.1250	
0.1397	38.6500	0.0011	74.1000	
0.1394	37.1500	0.0011	74.0750	
0.1395	38.8500	0.0011	73.9750	
0.1394	36.6250	0.0011	74.1250	
0.1394	39.2250	0.0011	74.1000	
0.1393	38.3250	0.0011	74.1750	
0.1391	39.0000	0.0011	74.0750	
0.1391	39.7250	0.0011	74.0250	
0.1393	38.7500	0.0011	74.1000	
0.1390	40.9000	0.0011	74.0750	
0.1390	40.7750	0.0011	74.1750	
0.1390	40.4250	0.0011	74.0750	
0.1389	41.1750	0.0011	74.0750	
0.1388	42.1000	0.0011	74.1000	
0.1388	43.3500	0.0011	74.1250	
0.1387	43.1750	0.0011	74.1250	
0.1387	43.1750	0.0011	74.1750	
0.1388	44.2000	0.0011	74.0500	
0.1387	43.3500	0.0011	74.1500	
0.1387	43.6500	0.0011	74.1500	
0.1386	43.5250	0.0011	74.0500	
0.1385	43.9250	0.0011	74.0250	
0.1384	43.4750	0.0011	74.1750	
0.1384	43.9000	0.0011	74.1750	
0.1385	44.9500	0.0011	74.1750	
0.1385	44.1500	0.0011	74.0750	
0.1384	44.4750	0.0011	74.1500	
0.1384	44.8750	0.0011	74.2000	
0.1384	44.2500	0.0011	74.1250	
0.1384	44.7750	0.0011	74.0750	
0.1382	45.0000	0.0011	74.2000	
0.1383	44.8750	0.0011	74.2000	
0.1387	43.7750	0.0011	74.1750	
0.1385	44.5000	0.0011	74.1750	
0.1381	44.7750	0.0011	74.1500	
0.1382	45.3000	0.0011	74.1500	
0.1384	43.8000	0.0011	74.1500	
0.1381	43.6250	0.0011	74.1500	
0.1382	44.0000	0.0011	74.1750	
0.1381	44.2750	0.0011	74.1000	
0.1383	43.4000	0.0011	74.0750	
0.1384	44.3750	0.0011	74.2250	
0.1383	42.6250	0.0011	74.1250	
0.1379	43.1250	0.0011	74.2250	
0.1383	43.0750	0.0011	74.2000	
0.1381	43.9000	0.0011	74.1750	
0.1381	43.1000	0.0011	74.1750	
0.1381	43.3250	0.0011	74.1250	
0.1379	43.3250	0.0011	74.1250	
0.1380	43.5250	0.0010	74.0250	
0.1379	43.0000	0.0010	74.1500	
0.1379	42.0250	0.0010	74.1250	
0.1381	43.2750	0.0010	74.2250	
0.1379	42.3750	0.0010	74.1750	
0.1378	42.3000	0.0010	74.1500	
0.1379	42.6750	0.0011	74.1500	
0.1381	42.2000	0.0010	74.1000	
0.1382	43.3500	0.0010	74.0500	
0.1381	41.3750	0.0010	74.2250	
0.1381	42.8750	0.0010	74.2000	
0.1377	41.3000	0.0010	74.0750	
0.1379	41.7000	0.0010	74.2500	
0.1378	42.8500	0.0010	74.2250	
0.1378	41.9000	0.0010	74.2000	
0.1378	41.3000	0.0010	74.2000	
0.1378	41.7500	0.0010	74.2500	
0.1378	41.4500	0.0010	74.2500	
0.1377	41.6250	0.0010	74.2000	
0.1377	40.8250	0.0010	74.2250	
0.1377	41.7250	0.0010	74.2000	
0.1378	41.0500	0.0010	74.2000	
0.1377	41.5000	0.0010	74.2000	
0.1378	40.7000	0.0010	74.1000	
0.1377	41.5250	0.0010	74.1250	
0.1378	41.4000	0.0010	74.2500	
0.1379	41.4750	0.0010	74.2250	
0.1377	40.7250	0.0010	74.2750	
0.1377	41.3500	0.0010	74.2000	
0.1379	40.7750	0.0010	74.2750	
0.1377	41.5250	0.0010	74.2500	
0.1376	40.5000	0.0010	74.2250	
0.1378	41.1750	0.0010	74.2500	
0.1377	41.1250	0.0010	74.1750	
0.1376	40.4750	0.0010	74.3500	
0.1378	40.6750	0.0010	74.3250	
0.1377	40.9750	0.0010	74.2000	
0.1380	40.3500	0.0010	74.2500	
0.1378	41.5500	0.0010	74.2500	
0.1378	39.6500	0.0010	74.3000	
0.1376	40.8750	0.0010	74.2250	
0.1376	40.1250	0.0010	74.3000	
0.1376	40.1750	0.0010	74.2750	
0.1376	40.4250	0.0010	74.3000	
0.1376	40.5250	0.0010	74.2750	
0.1377	40.8250	0.0010	74.3000	
0.1379	39.0750	0.0010	74.3250	
0.1384	41.6000	0.0010	74.2250	
0.1377	39.0500	0.0010	74.4000	
0.1382	41.6000	0.0010	74.3250	
0.1377	39.2500	0.0010	74.3500	
0.1377	40.2500	0.0010	74.3750	
0.1377	40.2750	0.0010	74.4000	
0.1376	39.8500	0.0010	74.3000	
0.1376	39.9000	0.0010	74.3000	
0.1377	39.4750	0.0010	74.2250	
0.1375	40.8750	0.0010	74.3250	
0.1377	40.2000	0.0010	74.4000	
0.1376	39.8750	0.0010	74.3750	
0.1374	40.2000	0.0010	74.3500	
0.1379	37.9500	0.0010	74.4250	
0.1377	40.7000	0.0010	74.3750	
0.1378	39.1750	0.0009	74.3750	
0.1376	40.6000	0.0009	74.3750	
0.1375	39.2750	0.0010	74.4250	
0.1378	39.9250	0.0010	74.4250	
0.1375	38.8750	0.0010	74.3500	
0.1376	40.5000	0.0009	74.4250	
0.1375	39.0250	0.0010	74.3750	
0.1374	39.4250	0.0009	74.5000	
0.1376	40.3750	0.0009	74.4250	
0.1376	38.2500	0.0009	74.3750	
0.1375	39.6750	0.0009	74.4000	
0.1376	39.7750	0.0009	74.4000	
0.1377	38.7500	0.0010	74.3750	
0.1376	40.4250	0.0009	74.3750	
0.1375	38.5000	0.0009	74.4250	
0.1374	39.7000	0.0009	74.4250	
0.1374	39.3000	0.0009	74.4500	
0.1374	39.2250	0.0009	74.4750	
0.1374	39.1750	0.0009	74.4750	
0.1376	38.6000	0.0009	74.4250	
0.1376	39.0000	0.0009	74.4500	
0.1378	40.2250	0.0009	74.4750	
0.1376	37.9500	0.0009	74.5000	
0.1376	40.1750	0.0009	74.4500	
0.1376	38.0250	0.0009	74.4500	
0.1375	39.8750	0.0009	74.5000	
0.1374	37.9250	0.0009	74.5500	
0.1374	39.3500	0.0009	74.5750	
0.1374	38.5750	0.0009	74.4250	
0.1374	38.5750	0.0009	74.4750	
0.1375	39.5000	0.0009	74.5000	
0.1373	39.0750	0.0009	74.5000	
0.1373	38.4250	0.0009	74.4500	
0.1374	38.2500	0.0009	74.5000	
0.1374	38.6000	0.0009	74.4750	
0.1373	38.7500	0.0009	74.4250	
0.1374	38.8250	0.0009	74.4750	
0.1373	39.3000	0.0009	74.5250	
0.1373	37.9250	0.0009	74.4500	
0.1373	38.3000	0.0009	74.5000	
0.1374	39.1500	0.0009	74.5000	
0.1375	38.0500	0.0009	74.5750	
0.1375	39.0250	0.0009	74.5000	
0.1373	38.4000	0.0009	74.5250	
0.1373	38.7000	0.0009	74.5000	
0.1373	38.1500	0.0009	74.5250	
0.1374	39.1750	0.0009	74.4750	
0.1375	37.2000	0.0009	74.5500	
0.1374	39.7500	0.0009	74.6000	
0.1372	38.9250	0.0009	74.5000	
0.1373	38.1500	0.0009	74.5750	
0.1374	38.5250	0.0009	74.5250	
0.1374	39.2000	0.0009	74.5000	
0.1374	37.6500	0.0009	74.6000	
0.1373	39.3250	0.0009	74.5750	
0.1373	37.8250	0.0009	74.5250	
0.1374	38.7000	0.0009	74.6500	
0.1373	38.2500	0.0009	74.5750	
0.1372	38.7500	0.0009	74.6000	
0.1373	38.4000	0.0009	74.5750	
0.1373	38.6750	0.0009	74.5500	
0.1375	37.8500	0.0009	74.6000	
0.1374	39.6000	0.0009	74.6500	
0.1372	37.8500	0.0009	74.6000	
0.1374	37.8000	0.0009	74.5750	
0.1374	39.5750	0.0009	74.6000	
0.1373	37.7250	0.0009	74.5750	
0.1372	38.3750	0.0009	74.5500	
0.1374	38.5000	0.0009	74.5750	
0.1373	39.0500	0.0009	74.7000	
0.1372	38.4750	0.0009	74.5500	
0.1372	37.9500	0.0009	74.6500	
0.1373	37.9750	0.0009	74.6000	
0.1372	38.4500	0.0009	74.5750	
0.1373	38.4750	0.0009	74.6000	
0.1372	38.6000	0.0009	74.6000	
0.1372	37.9000	0.0009	74.6500	
0.1373	38.1000	0.0009	74.6750	
0.1375	37.7500	0.0009	74.6500	
0.1374	39.6250	0.0009	74.7000	
0.1372	38.4000	0.0009	74.5250	
0.1373	37.5500	0.0009	74.6000	
0.1371	37.8750	0.0009	74.7000	
0.1372	38.7250	0.0009	74.6000	
0.1372	38.1500	0.0009	74.6750	
0.1372	37.8750	0.0009	74.6750	
0.1372	38.3500	0.0009	74.6250	
0.1372	37.8000	0.0009	74.7000	
0.1373	38.7250	0.0009	74.6500	
0.1372	38.1000	0.0009	74.6000	
0.1374	38.0750	0.0009	74.6000	
0.1373	37.6750	0.0009	74.5500	
0.1371	38.4250	0.0009	74.6000	
0.1371	38.5500	0.0009	74.5500	
0.1372	37.7500	0.0009	74.6000	
0.1371	37.1250	0.0009	74.6250	
0.1372	38.1250	0.0009	74.6500	
0.1371	38.1500	0.0009	74.6000	
0.1371	38.7250	0.0009	74.6250	
0.1371	37.8000	0.0009	74.6250	
0.1371	37.9000	0.0009	74.6500	
0.1371	38.1000	0.0009	74.6250	
0.1371	37.5500	0.0009	74.5750	
0.1371	37.7750	0.0009	74.5500	
0.1371	38.3500	0.0009	74.6250	
0.1371	37.9000	0.0009	74.6250	
0.1372	37.2500	0.0009	74.6000	
0.1372	38.0500	0.0009	74.6000	
0.1371	37.6750	0.0009	74.6500	
0.1372	39.1500	0.0009	74.6250	
0.1372	38.0000	0.0009	74.7000	
0.1372	38.2500	0.0009	74.6250	
0.1372	36.7750	0.0009	74.7500	
0.1371	38.4250	0.0009	74.6250	
0.1372	38.8500	0.0009	74.6250	
0.1372	37.8250	0.0009	74.6000	
0.1371	37.6750	0.0009	74.6250	
0.1372	37.1500	0.0009	74.6000	
0.1371	38.1000	0.0009	74.6000	
0.1371	39.2500	0.0009	74.6500	
0.1373	38.4000	0.0009	74.6000	
0.1373	37.3750	0.0009	74.5500	
0.1371	38.0000	0.0009	74.6500	
0.1372	37.6500	0.0009	74.6500	
0.1371	37.4000	0.0009	74.6000	
0.1373	38.5500	0.0009	74.5750	
0.1370	38.2250	0.0009	74.6000	
0.1370	37.7500	0.0009	74.6250	
0.1370	37.4250	0.0009	74.6500	
0.1371	38.0750	0.0009	74.6500	
0.1372	37.9750	0.0009	74.7500	
0.1371	37.5500	0.0009	74.6750	
0.1371	38.7500	0.0009	74.7000	
0.1370	37.8500	0.0009	74.5750	
0.1371	37.6250	0.0009	74.5750	
0.1373	38.0000	0.0009	74.6000	
0.1370	37.8750	0.0009	74.6500	
0.1372	38.9000	0.0009	74.6500	
0.1373	36.8750	0.0009	74.6000	
0.1372	37.8000	0.0009	74.6250	
0.1371	38.1250	0.0009	74.7250	
0.1371	38.1750	0.0009	74.7250	
0.1370	37.7250	0.0009	74.6500	
0.1370	38.0500	0.0009	74.7750	
0.1370	37.9500	0.0009	74.5500	
0.1370	38.1750	0.0009	74.5250	
0.1369	38.1500	0.0009	74.6500	
0.1370	37.8250	0.0009	74.6000	
0.1370	38.1500	0.0009	74.6250	
0.1370	37.0500	0.0009	74.6250	
0.1369	37.9500	0.0009	74.6250	
0.1370	38.7000	0.0009	74.6000	
0.1370	38.1750	0.0009	74.6000	
0.1369	37.9250	0.0009	74.6000	
0.1371	38.2000	0.0009	74.7250	
0.1372	37.4000	0.0009	74.6000	
0.1370	38.9500	0.0009	74.6000	
0.1370	37.7000	0.0009	74.6500	
0.1370	37.8500	0.0009	74.6250	
0.1369	37.7750	0.0009	74.6000	
0.1370	38.2750	0.0009	74.6000	
0.1370	37.4500	0.0009	74.6000	
0.1369	37.7750	0.0009	74.7000	
0.1370	38.9250	0.0009	74.6500	
0.1371	37.4750	0.0009	74.7000	
0.1370	37.5750	0.0009	74.6750	
0.1369	37.9500	0.0009	74.6750	
0.1370	38.1750	0.0009	74.6000	
0.1370	37.7250	0.0009	74.5750	
0.1371	38.2250	0.0009	74.7000	
0.1370	38.6500	0.0009	74.6250	
0.1372	36.3250	0.0009	74.6500	
0.1370	38.3250	0.0009	74.5750	
0.1370	38.6250	0.0009	74.6750	
0.1370	37.4250	0.0009	74.6500	
0.1373	38.9000	0.0009	74.6750	
0.1372	37.1750	0.0009	74.7500	
0.1372	38.7750	0.0009	74.7500	
0.1372	37.1500	0.0009	74.6000	
0.1374	39.0750	0.0009	74.7250	
0.1372	36.9000	0.0009	74.6500	
0.1369	38.4000	0.0009	74.6750	
0.1369	38.4000	0.0009	74.7250	
0.1370	37.7500	0.0009	74.7000	
0.1369	38.2250	0.0009	74.7250	
0.1369	38.7250	0.0009	74.5750	
0.1369	38.3000	0.0009	74.6750	
0.1369	38.3250	0.0009	74.7250	
0.1371	37.4250	0.0009	74.8000	
0.1370	38.5250	0.0009	74.8500	
0.1373	37.7500	0.0009	74.7750	
0.1370	38.7500	0.0009	74.6250	
0.1369	38.1750	0.0009	74.6250	
0.1371	37.1750	0.0009	74.6500	
0.1370	38.5250	0.0009	74.6750	
0.1370	37.7250	0.0009	74.6250	
0.1370	38.7500	0.0009	74.5750	
0.1369	37.4250	0.0009	74.6750	
0.1369	38.5250	0.0009	74.6000	
0.1368	38.1750	0.0009	74.6500	
0.1369	38.3500	0.0009	74.7000	
0.1371	37.6750	0.0009	74.7500	
0.1369	38.1750	0.0009	74.8000	
0.1369	38.5000	0.0009	74.6500	
0.1372	36.6250	0.0009	74.6500	
0.1372	39.5750	0.0009	74.7000	
0.1370	38.4750	0.0009	74.6750	
0.1370	37.6500	0.0009	74.6500	
0.1370	38.3000	0.0009	74.6750	
0.1371	37.3250	0.0009	74.6750	
0.1368	38.3750	0.0009	74.6500	
0.1371	38.1000	0.0009	74.7000	
0.1370	39.5500	0.0009	74.6250	
0.1368	38.3250	0.0009	74.6500	
0.1371	36.8250	0.0009	74.6500	
0.1373	39.0750	0.0009	74.7250	
0.1373	37.7000	0.0009	74.7500	
0.1369	38.4250	0.0009	74.6750	
0.1369	38.7500	0.0009	74.7250	
0.1371	37.3000	0.0009	74.6500	
0.1373	39.4000	0.0009	74.7250	
0.1373	37.1500	0.0009	74.7000	
0.1372	38.9500	0.0009	74.6500	
0.1369	38.1750	0.0009	74.8250	
0.1370	38.0750	0.0009	74.8250	
0.1370	37.7500	0.0009	74.6750	
0.1369	39.0250	0.0009	74.7000	
0.1369	37.7750	0.0009	74.6500	
0.1369	37.3750	0.0009	74.6750	
0.1369	38.1500	0.0009	74.6750	
0.1370	38.3250	0.0009	74.6750	
0.1369	39.0250	0.0009	74.7000	
0.1368	37.4750	0.0009	74.6750	
0.1369	37.6000	0.0009	74.6500	
0.1370	38.7750	0.0009	74.7000	
0.1368	37.6250	0.0009	74.7000	
0.1368	37.6250	0.0009	74.7000	
0.1367	38.1500	0.0009	74.7250	
0.1369	38.4000	0.0009	74.6750	
0.1368	38.3000	0.0009	74.6750	
0.1368	37.8250	0.0009	74.6750	
0.1367	38.2750	0.0009	74.7250	
0.1369	38.7750	0.0009	74.8750	
0.1368	37.3750	0.0009	74.7500	
0.1369	38.4250	0.0009	74.7500	
0.1368	38.7250	0.0009	74.7500	
0.1368	38.0500	0.0009	74.6750	
0.1368	38.4000	0.0009	74.6750	
0.1368	38.2000	0.0009	74.7250	
0.1369	38.2250	0.0009	74.7000	
0.1368	38.9250	0.0009	74.8000	
0.1367	37.5500	0.0009	74.6000	
0.1367	37.7500	0.0009	74.7500	
0.1367	38.3500	0.0009	74.8000	
0.1367	38.4750	0.0009	74.8000	
0.1368	38.6500	0.0009	74.8250	
0.1367	38.5000	0.0009	74.7500	
0.1368	38.1750	0.0009	74.6750	
0.1367	37.9000	0.0009	74.7750	
0.1367	38.2500	0.0009	74.7250	
0.1369	38.2000	0.0009	74.6000	
0.1367	39.0500	0.0009	74.7750	
0.1368	39.0250	0.0009	74.7500	
0.1367	38.0000	0.0009	74.6500	
0.1368	37.9250	0.0009	74.7500	
0.1368	38.0000	0.0009	74.7500	
0.1368	38.9000	0.0009	74.6750	
0.1367	38.5000	0.0009	74.8000	
0.1367	38.3250	0.0009	74.7750	
0.1368	38.2250	0.0009	74.7750	
0.1367	37.5250	0.0009	74.7250	
0.1366	38.4750	0.0009	74.7750	
0.1370	38.9000	0.0009	74.7250	
0.1367	38.3500	0.0009	74.7500	
0.1367	38.3000	0.0009	74.7000	
0.1367	38.4750	0.0009	74.7500	
0.1367	38.2250	0.0009	74.7750	
0.1368	38.3250	0.0009	74.7000	
0.1372	37.6500	0.0009	74.7750	
0.1372	40.2750	0.0009	74.7250	
0.1369	38.1250	0.0009	74.7500	
0.1369	39.2500	0.0009	74.7500	
0.1371	38.0750	0.0009	74.7250	
0.1369	39.1250	0.0009	74.7250	
0.1368	38.8500	0.0009	74.7500	
0.1369	39.1500	0.0009	74.7250	
0.1371	37.6000	0.0009	74.7500	
0.1367	38.9750	0.0009	74.7750	
0.1367	38.7750	0.0009	74.7750	
0.1367	38.5500	0.0009	74.9250	
0.1368	39.5750	0.0009	74.7250	
0.1369	37.6750	0.0009	74.8250	
0.1369	38.8500	0.0009	74.7250	
0.1369	38.0500	0.0009	74.7500	
0.1367	39.4000	0.0009	74.8250	
0.1367	38.6000	0.0009	74.7500	
0.1367	38.9500	0.0009	74.7750	
0.1367	38.7750	0.0009	74.7250	
0.1368	38.1500	0.0009	74.8750	
0.1370	39.6500	0.0009	74.7250	
0.1367	38.5000	0.0009	74.7750	
0.1367	38.0250	0.0009	74.7250	
0.1370	40.5500	0.0009	74.7500	
0.1370	37.9500	0.0009	74.8500	
0.1366	38.8750	0.0009	74.7250	
0.1367	39.4500	0.0009	74.7750	
0.1367	38.5500	0.0009	74.7750	
0.1367	38.8250	0.0009	74.8250	
0.1367	39.3750	0.0009	74.7750	
0.1366	38.5500	0.0009	74.7500	
0.1366	38.6250	0.0009	74.7750	
0.1368	38.5250	0.0009	74.7750	
0.1367	39.4500	0.0009	74.7750	
0.1367	39.3500	0.0009	74.7500	
0.1367	38.8000	0.0009	74.8000	
0.1367	39.4750	0.0009	74.8750	
0.1366	39.1500	0.0009	74.7750	
0.1367	39.4250	0.0009	74.8000	
0.1367	39.2500	0.0009	74.8250	
0.1366	39.0750	0.0009	74.7000	
0.1366	38.7750	0.0009	74.7500	
0.1366	38.9000	0.0009	74.8000	
0.1368	39.8250	0.0009	74.8750	
0.1367	38.4250	0.0009	74.7250	
0.1368	39.1000	0.0009	74.7750	
0.1366	39.2000	0.0009	74.8250	
0.1367	38.1750	0.0009	74.8000	
0.1366	39.9250	0.0009	74.8000	
0.1366	39.1750	0.0009	74.8500	
0.1367	39.1000	0.0009	74.7500	
0.1367	39.5000	0.0009	74.8750	
0.1367	39.4250	0.0009	74.7750	
0.1367	38.7500	0.0009	74.8250	
0.1371	40.4750	0.0009	74.8750	
0.1370	37.9250	0.0009	74.8500	
0.1366	39.4250	0.0009	74.8000	
0.1367	40.4750	0.0009	74.7500	
0.1367	38.8000	0.0009	74.8000	
0.1367	39.8250	0.0009	74.7500	
0.1366	39.2500	0.0009	74.7500	
0.1366	39.3500	0.0009	74.7750	
0.1368	38.7500	0.0009	74.7500	
0.1368	40.6000	0.0009	74.8250	
0.1366	39.0750	0.0009	74.7750	
0.1366	39.1750	0.0009	74.7750	
0.1367	39.4000	0.0009	74.8250	
0.1367	39.2250	0.0009	74.8000	
0.1366	39.5750	0.0009	74.7500	
0.1367	38.6750	0.0009	74.7500	
0.1367	38.8750	0.0009	74.7750	
0.1366	40.0750	0.0009	74.8000	
0.1366	39.4750	0.0009	74.7500	
0.1366	39.0250	0.0009	74.8000	
0.1369	40.4000	0.0009	74.8500	
0.1369	37.6500	0.0009	74.8000	
0.1368	40.5000	0.0009	74.8250	
0.1367	39.1000	0.0009	74.7750	
0.1366	39.1750	0.0009	74.8000	
0.1367	39.4250	0.0009	74.8250	
0.1366	39.2750	0.0009	74.8500	
0.1369	40.2750	0.0009	74.7750	
0.1367	38.9500	0.0009	74.7500	
0.1367	40.9000	0.0009	74.7750	
0.1370	38.5500	0.0009	74.8000	
0.1367	41.1500	0.0009	74.7750	
0.1367	40.0500	0.0009	74.8000	
0.1367	39.9500	0.0009	74.7500	
0.1367	39.2250	0.0009	74.7750	
