Loss_Adversary	Accuracy_Adversary	Loss_Target	Accuracy_Target	
0.0947	0.4037	0.4270	50.0000	50.0000	
0.0903	0.3993	0.4167	50.0000	50.0000	
0.0862	0.3949	0.4069	50.0000	50.0000	
0.0822	0.3907	0.3974	50.0000	50.0000	
0.0785	0.3865	0.3886	50.0000	50.0000	
0.0747	0.3825	0.3796	50.0000	50.0000	
0.0711	0.3786	0.3710	50.0000	50.0000	
0.0675	0.3747	0.3623	50.0000	50.0000	
0.0610	0.3709	0.3490	50.0000	50.0000	
0.0539	0.3673	0.3347	50.0000	50.0000	
0.0475	0.3637	0.3216	50.0000	50.0000	
0.0425	0.3602	0.3110	50.0000	50.0000	
0.0390	0.3568	0.3029	50.0000	50.0000	
0.0371	0.3534	0.2975	50.0000	50.0000	
0.0366	0.3502	0.2944	50.0000	50.0000	
0.0368	0.3470	0.2927	50.0000	50.0000	
0.0373	0.3439	0.2914	50.0000	64.1250	
0.0376	0.3409	0.2899	50.0000	80.5500	
0.0382	0.3361	0.2878	50.0000	80.9500	
0.0402	0.3274	0.2852	50.0000	80.1000	
0.0422	0.3174	0.2818	50.0000	78.1750	
0.0437	0.3072	0.2777	50.0000	74.7000	
0.0447	0.2967	0.2724	50.0000	70.6500	
0.0443	0.2871	0.2653	50.0000	65.8000	
0.0420	0.2782	0.2554	50.0000	61.0250	
0.0379	0.2709	0.2438	50.0000	57.9750	
0.0317	0.2655	0.2298	50.0000	56.2750	
0.0240	0.2617	0.2145	50.0000	54.8500	
0.0155	0.2595	0.1988	50.0000	54.0750	
0.0071	0.2582	0.1840	50.0000	52.8750	
0.0005	0.2575	0.1725	50.0000	52.1000	
-0.0034	0.2566	0.1653	47.4500	51.2250	
-0.0051	0.2555	0.1619	26.7000	50.9750	
-0.0060	0.2545	0.1597	26.7750	51.0750	
-0.0068	0.2532	0.1574	26.9500	50.9750	
-0.0079	0.2523	0.1551	29.9500	51.0000	
-0.0092	0.2513	0.1523	44.8500	50.9000	
-0.0108	0.2506	0.1490	55.4000	50.9000	
-0.0130	0.2497	0.1448	58.6750	50.8250	
-0.0157	0.2489	0.1398	61.4500	50.8250	
-0.0190	0.2484	0.1340	59.5500	50.8500	
-0.0225	0.2476	0.1276	59.4250	50.9500	
-0.0263	0.2468	0.1206	60.7250	51.6750	
-0.0297	0.2454	0.1140	63.8500	53.0250	
-0.0326	0.2432	0.1078	66.7500	54.4500	
-0.0349	0.2405	0.1022	69.4000	55.6000	
-0.0376	0.2374	0.0957	70.7250	57.4750	
-0.0413	0.2348	0.0876	70.6250	58.8750	
-0.0447	0.2318	0.0801	68.3000	61.4750	
-0.0470	0.2259	0.0723	68.2250	65.5500	
-0.0483	0.2181	0.0648	70.7000	67.6500	
-0.0496	0.2113	0.0582	73.1000	66.9000	
-0.0509	0.2056	0.0523	74.7500	68.2500	
-0.0516	0.1996	0.0472	75.0250	70.0750	
-0.0518	0.1938	0.0429	75.1250	71.6250	
-0.0518	0.1887	0.0395	74.9500	72.9500	
-0.0516	0.1841	0.0367	74.8000	72.9750	
-0.0515	0.1805	0.0346	74.7000	73.3000	
-0.0512	0.1773	0.0329	74.8750	73.8750	
-0.0509	0.1741	0.0312	75.0000	74.2500	
-0.0506	0.1707	0.0295	74.9750	74.2750	
-0.0503	0.1683	0.0284	74.9250	74.5500	
-0.0499	0.1660	0.0274	74.8000	74.7500	
-0.0496	0.1629	0.0258	74.8500	74.5500	
-0.0493	0.1611	0.0253	75.0000	74.6500	
-0.0492	0.1591	0.0240	75.1250	74.7750	
-0.0491	0.1567	0.0227	75.0000	75.0750	
-0.0489	0.1547	0.0217	75.0500	74.8000	
-0.0489	0.1535	0.0209	75.1500	74.9250	
-0.0489	0.1520	0.0199	74.8500	74.7500	
-0.0489	0.1506	0.0189	74.7500	74.9250	
-0.0489	0.1494	0.0182	74.8250	75.0500	
-0.0489	0.1485	0.0176	74.7250	74.8500	
-0.0491	0.1474	0.0165	74.7250	75.2000	
-0.0491	0.1467	0.0160	74.6250	74.9750	
-0.0492	0.1457	0.0152	74.6500	75.8750	
-0.0493	0.1452	0.0147	74.6000	75.8250	
-0.0498	0.1449	0.0137	74.4750	75.4250	
-0.0500	0.1446	0.0130	74.3000	75.8000	
-0.0505	0.1450	0.0125	74.2500	74.9500	
-0.0511	0.1460	0.0122	73.7750	76.1500	
-0.0520	0.1475	0.0117	69.0000	77.2750	
-0.0525	0.1487	0.0116	56.8000	75.9750	
-0.0545	0.1554	0.0128	61.0000	75.0000	
-0.0546	0.1637	0.0180	73.1250	75.2000	
-0.0568	0.1697	0.0186	73.5000	76.0250	
-0.0646	0.1898	0.0189	69.0750	74.9000	
-0.0654	0.2093	0.0305	50.3250	74.6500	
-0.0605	0.2086	0.0382	50.4000	75.8500	
-0.0601	0.2007	0.0337	50.0000	76.4500	
-0.0742	0.2272	0.0279	50.2500	75.6500	
-0.0798	0.2680	0.0457	61.7250	70.9750	
-0.0502	0.2340	0.0724	72.9500	66.2250	
-0.0283	0.1862	0.0770	68.7250	60.9000	
-0.0330	0.1731	0.0604	50.0000	62.4000	
-0.0487	0.1865	0.0432	50.0000	70.1250	
-0.0629	0.2111	0.0359	59.1500	69.9250	
-0.0686	0.2270	0.0369	51.4750	73.1750	
-0.0680	0.2297	0.0399	49.6750	76.6500	
-0.0638	0.2244	0.0432	50.1750	77.2750	
-0.0588	0.2088	0.0412	50.0000	78.6750	
-0.0560	0.1944	0.0362	50.0000	78.6000	
-0.0559	0.1839	0.0294	50.0000	78.2000	
-0.0575	0.1781	0.0229	50.0000	78.3250	
-0.0592	0.1749	0.0179	49.9750	76.9250	
-0.0601	0.1723	0.0146	50.3250	76.3750	
-0.0603	0.1698	0.0127	51.2250	75.1750	
-0.0602	0.1681	0.0117	51.5000	73.5250	
-0.0604	0.1677	0.0112	48.0750	73.4000	
-0.0608	0.1684	0.0110	49.5500	73.3500	
-0.0613	0.1696	0.0109	49.8750	74.0250	
-0.0617	0.1705	0.0109	49.1750	74.8750	
-0.0620	0.1713	0.0108	48.4500	74.8000	
-0.0624	0.1719	0.0105	46.0500	74.8750	
-0.0628	0.1724	0.0102	43.3000	75.3000	
-0.0632	0.1730	0.0099	40.4500	75.1500	
-0.0637	0.1737	0.0097	39.4250	75.4250	
-0.0640	0.1745	0.0096	39.1000	75.0000	
-0.0644	0.1753	0.0095	39.8000	74.7500	
-0.0649	0.1762	0.0094	39.1000	75.0750	
-0.0653	0.1772	0.0094	38.2500	75.0750	
-0.0656	0.1779	0.0093	37.6500	75.2000	
-0.0660	0.1788	0.0092	36.9750	74.9750	
-0.0663	0.1796	0.0092	36.4750	75.1500	
-0.0667	0.1805	0.0092	36.0250	75.0000	
-0.0670	0.1814	0.0092	35.2250	75.0750	
-0.0674	0.1821	0.0091	34.5000	75.1500	
-0.0677	0.1829	0.0091	34.0000	75.3750	
-0.0680	0.1840	0.0093	34.1250	75.3000	
-0.0683	0.1847	0.0093	33.7250	75.3500	
-0.0687	0.1853	0.0091	34.1250	75.6500	
-0.0690	0.1864	0.0093	34.7500	75.6250	
-0.0693	0.1874	0.0095	34.9500	75.7000	
-0.0696	0.1882	0.0095	34.4500	75.6000	
-0.0699	0.1892	0.0096	33.9500	75.8500	
-0.0702	0.1900	0.0096	33.2500	75.9750	
-0.0706	0.1910	0.0098	32.9250	76.3500	
-0.0709	0.1923	0.0100	31.9250	75.8750	
-0.0711	0.1929	0.0101	31.6000	75.8500	
-0.0715	0.1943	0.0103	31.7000	76.2000	
-0.0720	0.1954	0.0103	30.5250	76.0750	
-0.0724	0.1965	0.0104	29.8500	76.0000	
-0.0727	0.1978	0.0107	28.8000	76.3250	
-0.0730	0.1988	0.0108	28.6500	76.3000	
-0.0735	0.2002	0.0110	28.6500	76.7000	
-0.0737	0.2007	0.0110	28.1750	75.9500	
-0.0740	0.2014	0.0110	27.5750	76.4000	
-0.0742	0.2018	0.0109	26.9250	76.2750	
-0.0744	0.2024	0.0109	26.8500	76.3750	
-0.0747	0.2027	0.0107	26.1750	76.0250	
-0.0748	0.2031	0.0107	26.1500	76.3500	
-0.0749	0.2034	0.0107	25.8750	76.2000	
-0.0751	0.2037	0.0107	26.1250	76.0000	
-0.0753	0.2038	0.0103	25.9750	75.7500	
-0.0755	0.2042	0.0102	26.2000	76.1500	
-0.0757	0.2042	0.0099	26.2000	76.1000	
-0.0757	0.2041	0.0099	26.2250	75.8750	
-0.0759	0.2045	0.0099	26.6250	75.8000	
-0.0760	0.2049	0.0099	26.6250	75.7250	
-0.0762	0.2051	0.0097	26.8500	75.8750	
-0.0762	0.2052	0.0098	27.0750	75.7000	
-0.0765	0.2055	0.0096	27.2000	75.8000	
-0.0767	0.2055	0.0091	27.3750	75.4750	
-0.0768	0.2058	0.0092	27.4750	75.6250	
-0.0769	0.2058	0.0090	27.1250	75.3250	
-0.0770	0.2062	0.0091	27.1500	75.5750	
-0.0771	0.2061	0.0090	27.2250	75.5250	
-0.0771	0.2063	0.0090	26.9750	75.1500	
-0.0771	0.2064	0.0091	26.7750	75.0750	
-0.0773	0.2065	0.0088	26.9000	75.2000	
-0.0775	0.2065	0.0085	27.0250	74.9000	
-0.0776	0.2067	0.0085	26.9000	74.8500	
-0.0777	0.2067	0.0083	27.1250	74.9000	
-0.0777	0.2065	0.0081	27.1750	74.6250	
-0.0778	0.2066	0.0081	27.0250	74.6750	
-0.0778	0.2065	0.0079	26.9750	74.4500	
-0.0779	0.2068	0.0080	26.5500	74.6000	
-0.0779	0.2068	0.0081	26.2500	74.4000	
-0.0780	0.2067	0.0078	26.4500	74.5000	
-0.0781	0.2067	0.0077	26.4250	73.9750	
-0.0781	0.2070	0.0079	26.3000	74.2250	
-0.0781	0.2066	0.0076	26.3000	74.0750	
-0.0781	0.2067	0.0076	26.3500	74.0750	
-0.0781	0.2070	0.0078	26.3000	74.0750	
-0.0780	0.2066	0.0077	25.7250	74.0750	
-0.0779	0.2066	0.0079	25.7750	74.1750	
-0.0777	0.2067	0.0082	25.7750	73.9500	
-0.0780	0.2063	0.0076	25.8500	73.9000	
-0.0782	0.2063	0.0072	25.7250	73.9500	
-0.0783	0.2064	0.0071	25.3500	73.8000	
-0.0783	0.2065	0.0072	25.7000	73.8250	
-0.0781	0.2062	0.0073	25.8250	73.9500	
-0.0782	0.2061	0.0071	25.2500	73.6750	
-0.0782	0.2062	0.0071	25.6500	73.9250	
-0.0782	0.2061	0.0070	25.3500	73.5250	
-0.0782	0.2058	0.0070	25.1750	73.6750	
-0.0781	0.2060	0.0071	25.1250	73.7500	
-0.0782	0.2058	0.0069	25.3750	73.6750	
-0.0781	0.2055	0.0068	25.2750	73.5500	
-0.0781	0.2056	0.0069	25.3500	73.6250	
-0.0781	0.2053	0.0067	25.2250	73.8500	
-0.0780	0.2053	0.0069	25.4750	73.7500	
-0.0780	0.2053	0.0069	25.3500	73.7250	
-0.0781	0.2050	0.0066	25.2000	73.8000	
-0.0780	0.2049	0.0066	25.6250	73.7000	
-0.0780	0.2047	0.0065	25.5000	73.6500	
-0.0779	0.2046	0.0066	25.4000	73.5750	
-0.0777	0.2045	0.0068	25.5250	73.6750	
-0.0777	0.2043	0.0067	25.4500	73.7500	
-0.0776	0.2040	0.0067	25.4500	73.8000	
-0.0776	0.2039	0.0065	25.7500	73.7250	
-0.0775	0.2038	0.0066	25.3250	73.6750	
-0.0776	0.2036	0.0064	25.5500	73.7000	
-0.0774	0.2039	0.0070	25.2500	73.6750	
-0.0773	0.2031	0.0067	25.4750	73.7000	
-0.0774	0.2032	0.0065	25.1250	73.8000	
-0.0773	0.2033	0.0067	25.3500	73.7000	
-0.0771	0.2029	0.0068	25.3000	73.7250	
-0.0771	0.2027	0.0067	25.3750	73.6750	
-0.0770	0.2026	0.0067	25.1500	73.7750	
-0.0771	0.2025	0.0066	25.3750	73.6000	
-0.0771	0.2021	0.0063	25.4250	73.5250	
-0.0771	0.2020	0.0062	25.2750	73.5750	
-0.0770	0.2018	0.0062	25.2500	73.6500	
-0.0769	0.2014	0.0061	25.2750	73.4500	
-0.0768	0.2014	0.0063	25.3000	73.6250	
-0.0768	0.2011	0.0061	25.2000	73.6750	
-0.0766	0.2007	0.0060	25.1250	73.4500	
-0.0766	0.2006	0.0061	25.1250	73.5500	
-0.0766	0.2004	0.0060	25.2000	73.6000	
-0.0765	0.2002	0.0059	25.1000	73.6250	
-0.0764	0.1999	0.0059	25.0750	73.5000	
-0.0763	0.1996	0.0059	25.0250	73.7250	
-0.0763	0.1994	0.0058	25.0500	73.6000	
-0.0762	0.1993	0.0059	24.7500	73.6000	
-0.0760	0.1991	0.0060	24.9750	73.6500	
-0.0759	0.1986	0.0059	25.0750	73.5750	
-0.0758	0.1984	0.0060	24.8750	74.0000	
-0.0758	0.1986	0.0061	24.9750	73.8000	
-0.0756	0.1979	0.0059	24.8000	73.9250	
-0.0757	0.1977	0.0056	24.9250	73.7000	
-0.0756	0.1977	0.0058	24.9250	73.6000	
-0.0755	0.1971	0.0056	24.7000	73.7500	
-0.0753	0.1972	0.0060	24.6000	73.6500	
-0.0751	0.1967	0.0060	24.3500	73.7000	
-0.0747	0.1966	0.0065	24.6750	73.6500	
-0.0749	0.1963	0.0061	24.7500	73.8000	
-0.0751	0.1960	0.0056	24.7250	73.6500	
-0.0750	0.1958	0.0056	24.6500	73.7750	
-0.0750	0.1956	0.0054	24.6250	73.7000	
-0.0747	0.1953	0.0057	24.7750	73.7250	
-0.0747	0.1947	0.0053	24.6250	73.9250	
-0.0747	0.1950	0.0055	24.6250	73.7500	
-0.0746	0.1944	0.0053	24.6250	73.9000	
-0.0744	0.1946	0.0057	24.4750	73.9250	
-0.0744	0.1941	0.0055	24.6000	73.9250	
-0.0743	0.1939	0.0054	24.7250	73.8000	
-0.0742	0.1934	0.0053	24.5750	74.0250	
-0.0741	0.1933	0.0053	24.7000	73.8250	
-0.0741	0.1928	0.0050	24.6500	73.8750	
-0.0740	0.1931	0.0053	25.1500	73.9750	
-0.0740	0.1928	0.0052	24.9500	73.7750	
-0.0736	0.1925	0.0056	24.9000	73.9500	
-0.0737	0.1922	0.0053	25.1500	73.8750	
-0.0737	0.1918	0.0051	25.0500	74.0000	
-0.0735	0.1918	0.0054	24.7750	73.9000	
-0.0735	0.1913	0.0050	25.2250	74.1500	
-0.0735	0.1912	0.0050	25.0750	74.0500	
-0.0734	0.1912	0.0052	25.4750	74.3250	
-0.0732	0.1907	0.0051	25.4000	73.9500	
-0.0732	0.1907	0.0051	25.5500	74.3250	
-0.0731	0.1906	0.0053	25.4750	74.0750	
-0.0729	0.1899	0.0051	25.5500	74.0500	
-0.0729	0.1901	0.0053	26.1000	74.2750	
-0.0729	0.1898	0.0050	25.7000	74.2250	
-0.0726	0.1894	0.0052	25.6250	74.2500	
-0.0726	0.1896	0.0055	25.5250	74.1250	
-0.0721	0.1893	0.0061	25.9250	74.4000	
-0.0726	0.1889	0.0049	26.0750	74.2000	
-0.0724	0.1886	0.0050	25.8250	74.4000	
-0.0721	0.1890	0.0059	26.0750	74.2750	
-0.0722	0.1883	0.0052	25.7250	74.5000	
-0.0719	0.1880	0.0055	26.1500	74.0750	
-0.0720	0.1877	0.0050	25.7750	74.5250	
-0.0722	0.1878	0.0049	25.9500	74.4750	
-0.0718	0.1874	0.0053	25.8000	74.5250	
-0.0719	0.1875	0.0052	25.7500	74.5000	
-0.0718	0.1869	0.0049	26.0000	74.6000	
-0.0716	0.1867	0.0050	25.9750	74.4750	
-0.0717	0.1868	0.0050	25.7250	74.5500	
-0.0714	0.1862	0.0051	25.9750	74.5250	
-0.0715	0.1863	0.0050	26.1500	74.5250	
-0.0715	0.1863	0.0050	25.8250	74.5750	
-0.0714	0.1857	0.0049	25.6500	74.6250	
-0.0711	0.1859	0.0054	25.9750	74.7000	
-0.0711	0.1855	0.0051	25.8250	74.5500	
-0.0701	0.1854	0.0068	26.1750	74.6000	
-0.0701	0.1856	0.0070	26.1000	74.6000	
-0.0706	0.1847	0.0054	25.9250	74.5500	
-0.0710	0.1846	0.0048	25.9750	74.7250	
-0.0709	0.1847	0.0050	25.9500	74.6750	
-0.0708	0.1843	0.0049	26.0250	74.7250	
-0.0706	0.1840	0.0049	26.1750	74.6750	
-0.0703	0.1842	0.0057	26.1750	74.6000	
-0.0704	0.1847	0.0058	26.1250	74.7500	
-0.0705	0.1835	0.0048	26.2500	74.7000	
-0.0705	0.1837	0.0050	26.0500	74.6250	
-0.0703	0.1838	0.0054	25.9500	74.6750	
-0.0704	0.1837	0.0051	25.8000	74.5750	
-0.0701	0.1834	0.0054	25.8250	74.6750	
-0.0695	0.1831	0.0063	25.8750	74.7000	
-0.0699	0.1831	0.0056	25.9250	74.5500	
-0.0698	0.1828	0.0055	25.8500	74.5750	
-0.0698	0.1830	0.0056	25.7750	74.4750	
-0.0698	0.1826	0.0054	25.9500	74.4000	
-0.0695	0.1830	0.0062	25.9250	74.5000	
-0.0695	0.1832	0.0063	26.0500	74.5500	
-0.0697	0.1826	0.0055	26.0250	74.4250	
-0.0692	0.1824	0.0063	25.9000	74.4000	
-0.0692	0.1829	0.0067	25.9750	74.4750	
-0.0693	0.1821	0.0060	26.1750	74.4750	
-0.0688	0.1826	0.0071	26.2000	74.4250	
-0.0689	0.1824	0.0068	25.9250	74.4750	
-0.0693	0.1820	0.0058	25.9500	74.4250	
-0.0688	0.1821	0.0067	25.6500	74.3250	
-0.0683	0.1820	0.0075	26.0000	74.2750	
-0.0687	0.1821	0.0068	25.8750	74.2750	
-0.0685	0.1822	0.0073	26.1000	74.2750	
-0.0684	0.1827	0.0078	26.0500	74.2250	
-0.0681	0.1819	0.0077	25.5750	74.2750	
-0.0689	0.1824	0.0069	26.2500	74.1250	
-0.0688	0.1820	0.0067	25.8500	74.1000	
-0.0689	0.1822	0.0066	25.7250	74.1500	
-0.0688	0.1818	0.0065	25.9000	73.9500	
-0.0684	0.1823	0.0075	25.8000	73.9250	
-0.0682	0.1816	0.0075	25.7500	73.9000	
-0.0676	0.1826	0.0092	26.3250	73.8750	
-0.0673	0.1833	0.0100	26.0000	73.9750	
-0.0672	0.1817	0.0091	25.9250	73.8500	
-0.0678	0.1820	0.0083	26.0750	73.8750	
-0.0682	0.1817	0.0075	25.9000	73.9000	
-0.0682	0.1812	0.0072	25.9000	73.8500	
-0.0676	0.1815	0.0084	25.8750	73.9250	
-0.0676	0.1811	0.0081	26.0000	73.8750	
-0.0675	0.1816	0.0085	26.2500	73.9500	
-0.0674	0.1805	0.0080	25.9000	73.9500	
-0.0675	0.1805	0.0079	25.9000	74.0500	
-0.0674	0.1811	0.0084	26.1000	73.9750	
-0.0673	0.1802	0.0079	25.9250	74.0500	
-0.0675	0.1803	0.0076	26.2750	74.1500	
-0.0674	0.1799	0.0076	26.1250	74.1250	
-0.0674	0.1795	0.0074	26.1250	74.1750	
-0.0673	0.1795	0.0076	26.3250	74.0250	
-0.0667	0.1794	0.0085	26.3750	74.1250	
-0.0669	0.1791	0.0079	26.0500	74.1250	
-0.0669	0.1789	0.0078	26.2000	74.1250	
-0.0668	0.1787	0.0078	26.0000	74.0750	
-0.0668	0.1793	0.0082	26.2250	74.1500	
-0.0667	0.1783	0.0077	26.4000	74.2250	
-0.0665	0.1781	0.0078	26.4750	74.2750	
-0.0665	0.1791	0.0085	26.4750	74.3250	
-0.0663	0.1775	0.0077	26.5750	74.3750	
-0.0662	0.1781	0.0085	26.7000	74.4750	
-0.0655	0.1778	0.0094	26.2750	74.6250	
-0.0649	0.1777	0.0103	26.5500	74.5750	
-0.0655	0.1779	0.0095	26.1000	74.5750	
-0.0653	0.1771	0.0092	26.0750	74.5250	
-0.0659	0.1768	0.0081	25.8500	74.5750	
-0.0660	0.1763	0.0075	26.3250	74.7250	
-0.0659	0.1764	0.0077	26.2250	74.7750	
-0.0656	0.1760	0.0080	26.3500	74.6750	
-0.0656	0.1754	0.0077	26.1250	74.6500	
-0.0657	0.1756	0.0076	26.3500	74.7750	
-0.0659	0.1757	0.0074	26.3250	74.8750	
-0.0656	0.1750	0.0073	26.3500	74.7750	
-0.0655	0.1751	0.0075	26.3500	74.9000	
-0.0649	0.1749	0.0084	26.4250	75.0500	
-0.0648	0.1748	0.0085	26.9500	75.0000	
-0.0650	0.1746	0.0081	26.3000	75.0500	
-0.0646	0.1740	0.0083	26.2750	75.1250	
-0.0650	0.1740	0.0077	26.6750	75.1750	
-0.0649	0.1743	0.0081	26.5000	75.2000	
-0.0649	0.1744	0.0081	26.2000	75.2750	
-0.0641	0.1732	0.0087	26.1750	75.3000	
-0.0650	0.1734	0.0072	26.7750	75.2750	
-0.0648	0.1727	0.0071	26.4250	75.2750	
-0.0646	0.1723	0.0072	26.8750	75.2750	
-0.0646	0.1725	0.0074	26.7250	75.3500	
-0.0645	0.1722	0.0074	26.8250	75.4250	
-0.0644	0.1722	0.0075	26.7250	75.4750	
-0.0642	0.1720	0.0077	27.0500	75.4000	
-0.0642	0.1714	0.0073	26.8250	75.4500	
-0.0640	0.1711	0.0075	26.2250	75.4000	
-0.0638	0.1721	0.0083	26.8250	75.5000	
-0.0639	0.1710	0.0075	26.8750	75.4750	
-0.0642	0.1710	0.0070	26.6500	75.4500	
-0.0641	0.1706	0.0069	26.1250	75.5000	
-0.0639	0.1706	0.0072	26.8500	75.5250	
-0.0638	0.1708	0.0075	26.0750	75.4500	
-0.0639	0.1699	0.0068	26.6500	75.5500	
-0.0637	0.1703	0.0074	26.8000	75.6250	
-0.0637	0.1697	0.0069	26.8250	75.6500	
-0.0636	0.1697	0.0071	26.0750	75.6000	
-0.0637	0.1691	0.0066	26.4250	75.6750	
-0.0634	0.1695	0.0073	26.5250	75.7000	
-0.0636	0.1689	0.0066	26.3000	75.5750	
-0.0636	0.1692	0.0067	26.4000	75.6750	
-0.0637	0.1690	0.0065	26.3500	75.6750	
-0.0636	0.1689	0.0066	25.9000	75.7000	
-0.0630	0.1691	0.0077	25.8750	75.6250	
-0.0633	0.1686	0.0068	25.8250	75.7000	
-0.0634	0.1685	0.0066	26.6500	75.7000	
-0.0634	0.1688	0.0069	26.2750	75.6750	
-0.0632	0.1680	0.0067	25.9250	75.6750	
-0.0629	0.1679	0.0071	26.2000	75.7500	
-0.0627	0.1681	0.0075	25.9500	75.7000	
-0.0626	0.1676	0.0073	25.5750	75.8500	
-0.0626	0.1677	0.0074	26.3750	75.7500	
-0.0624	0.1680	0.0080	25.8750	75.7750	
-0.0626	0.1681	0.0076	26.2500	75.9250	
-0.0631	0.1670	0.0062	26.1250	75.8750	
-0.0628	0.1666	0.0064	26.0500	75.9000	
-0.0628	0.1670	0.0067	26.0750	75.9000	
-0.0629	0.1674	0.0068	26.2000	75.9000	
-0.0626	0.1673	0.0073	25.9500	75.9500	
-0.0622	0.1670	0.0077	26.1750	75.9750	
-0.0627	0.1664	0.0065	25.6750	76.0000	
-0.0624	0.1665	0.0069	25.7500	76.0250	
-0.0625	0.1658	0.0065	26.1000	76.0750	
-0.0626	0.1659	0.0063	25.9000	76.0500	
-0.0624	0.1654	0.0063	25.6500	76.0750	
-0.0619	0.1665	0.0078	25.8250	76.0500	
-0.0615	0.1663	0.0083	26.2250	76.1250	
-0.0620	0.1654	0.0070	26.3250	76.0500	
-0.0622	0.1666	0.0074	25.7500	76.0250	
-0.0612	0.1661	0.0088	26.0500	75.9750	
-0.0609	0.1671	0.0100	26.2750	76.0500	
-0.0616	0.1654	0.0077	25.5500	76.0750	
-0.0617	0.1651	0.0072	25.7750	76.1500	
-0.0622	0.1650	0.0063	26.0250	76.1250	
-0.0616	0.1649	0.0072	25.6000	76.0500	
-0.0612	0.1645	0.0076	25.2000	76.1750	
-0.0617	0.1645	0.0069	25.7500	76.1250	
-0.0619	0.1645	0.0066	25.6750	76.1000	
-0.0619	0.1644	0.0064	25.8750	76.1750	
-0.0613	0.1641	0.0072	25.9250	76.0500	
-0.0616	0.1642	0.0068	25.8000	76.1250	
-0.0610	0.1649	0.0083	25.8500	76.1000	
-0.0609	0.1651	0.0086	25.5750	76.0000	
-0.0612	0.1636	0.0071	25.2250	76.0750	
-0.0613	0.1639	0.0071	25.5250	76.0250	
-0.0611	0.1632	0.0069	25.6000	76.0000	
-0.0614	0.1634	0.0067	25.6250	76.1000	
-0.0613	0.1633	0.0067	25.7250	75.9500	
-0.0615	0.1639	0.0067	25.7250	75.9750	
-0.0614	0.1639	0.0070	25.3250	76.0500	
-0.0613	0.1633	0.0067	25.1250	76.0750	
-0.0613	0.1631	0.0066	25.5000	76.0250	
-0.0608	0.1629	0.0072	25.5000	75.9500	
-0.0606	0.1624	0.0073	25.5750	75.8750	
-0.0602	0.1631	0.0084	25.5500	76.0250	
-0.0598	0.1638	0.0095	25.9250	75.9750	
-0.0600	0.1627	0.0085	25.6500	75.9250	
-0.0598	0.1622	0.0085	25.5250	75.9250	
-0.0602	0.1621	0.0078	25.8250	76.0250	
-0.0598	0.1627	0.0087	25.2250	76.0000	
-0.0605	0.1622	0.0073	25.5250	75.9750	
-0.0608	0.1613	0.0062	25.3750	75.8750	
-0.0609	0.1611	0.0060	25.6250	75.8750	
-0.0608	0.1613	0.0062	25.2250	75.8750	
-0.0608	0.1613	0.0062	25.3250	75.9000	
-0.0606	0.1605	0.0061	25.5500	75.9000	
-0.0606	0.1603	0.0060	25.3000	75.8500	
-0.0606	0.1604	0.0059	25.1750	75.8000	
-0.0604	0.1604	0.0063	25.2500	75.8000	
-0.0594	0.1604	0.0080	25.4250	75.8000	
-0.0601	0.1608	0.0070	25.8250	75.7500	
-0.0603	0.1599	0.0061	25.5500	75.8250	
-0.0599	0.1596	0.0065	25.3250	75.8250	
-0.0601	0.1599	0.0064	25.8000	75.8000	
-0.0599	0.1596	0.0066	25.7000	75.7750	
-0.0599	0.1601	0.0069	25.4750	75.7250	
-0.0601	0.1592	0.0059	26.0000	75.7250	
-0.0600	0.1599	0.0066	25.8500	75.8250	
-0.0598	0.1594	0.0066	25.8750	75.8000	
-0.0597	0.1593	0.0067	26.2250	75.8250	
-0.0594	0.1600	0.0077	26.4500	75.7500	
-0.0595	0.1591	0.0069	26.3500	75.8000	
-0.0599	0.1588	0.0060	26.0500	75.7750	
-0.0600	0.1593	0.0062	25.9500	75.8000	
-0.0599	0.1589	0.0061	26.1750	75.7750	
-0.0595	0.1582	0.0063	25.8500	75.7500	
-0.0598	0.1585	0.0060	26.2750	75.7250	
-0.0590	0.1591	0.0077	25.6750	75.7750	
-0.0590	0.1584	0.0073	25.7250	75.8500	
-0.0593	0.1586	0.0069	26.3000	75.7750	
-0.0595	0.1584	0.0065	26.3250	75.8250	
-0.0595	0.1580	0.0062	25.9750	75.7750	
-0.0593	0.1583	0.0067	26.2250	75.7750	
-0.0595	0.1581	0.0062	26.1750	75.8000	
-0.0596	0.1579	0.0060	25.7750	75.8500	
-0.0597	0.1577	0.0057	26.1750	75.8250	
-0.0594	0.1580	0.0063	26.2750	75.7500	
-0.0590	0.1581	0.0071	26.0750	75.7250	
-0.0593	0.1580	0.0066	26.5250	75.8500	
-0.0594	0.1574	0.0060	26.0000	75.7500	
-0.0595	0.1575	0.0059	26.0500	75.8000	
-0.0595	0.1580	0.0062	26.0000	75.7750	
-0.0595	0.1577	0.0059	26.1250	75.7500	
-0.0594	0.1572	0.0058	25.9500	75.7250	
-0.0593	0.1572	0.0059	26.1000	75.7500	
-0.0592	0.1571	0.0061	25.7000	75.7750	
-0.0588	0.1571	0.0067	25.4750	75.7500	
-0.0586	0.1580	0.0076	25.9750	75.8000	
-0.0587	0.1574	0.0072	25.9000	75.7000	
-0.0588	0.1573	0.0068	25.5750	75.7250	
-0.0589	0.1573	0.0067	25.4000	75.8000	
-0.0592	0.1572	0.0062	25.6750	75.7500	
-0.0592	0.1568	0.0058	25.7250	75.7500	
-0.0592	0.1568	0.0059	25.8000	75.8000	
-0.0591	0.1567	0.0059	25.4500	75.8750	
-0.0592	0.1568	0.0059	25.6500	75.8000	
-0.0591	0.1567	0.0060	25.4500	75.8250	
-0.0589	0.1570	0.0065	25.6000	75.8250	
-0.0590	0.1563	0.0059	25.6250	75.7750	
-0.0591	0.1564	0.0058	25.5000	75.8500	
-0.0591	0.1563	0.0057	25.5750	75.9000	
-0.0588	0.1563	0.0061	25.4000	75.8750	
-0.0591	0.1562	0.0056	25.8000	75.9000	
-0.0586	0.1564	0.0066	25.9000	75.9500	
-0.0586	0.1567	0.0068	26.1500	75.9000	
-0.0586	0.1562	0.0065	25.6000	76.0250	
-0.0590	0.1562	0.0058	25.7000	76.0250	
-0.0587	0.1562	0.0063	25.7750	75.9500	
-0.0588	0.1561	0.0060	25.7500	75.9500	
-0.0581	0.1563	0.0074	26.3000	75.9750	
-0.0582	0.1567	0.0074	26.0250	76.0250	
-0.0587	0.1556	0.0059	25.8750	76.0750	
-0.0587	0.1563	0.0064	26.1250	76.0500	
-0.0582	0.1563	0.0071	26.3750	76.0250	
-0.0586	0.1556	0.0061	26.3000	76.0250	
-0.0587	0.1554	0.0057	25.9500	76.0500	
-0.0588	0.1556	0.0057	26.0000	76.0000	
-0.0587	0.1556	0.0058	26.0500	76.0500	
-0.0585	0.1560	0.0066	26.0750	76.0750	
-0.0585	0.1551	0.0059	26.0500	76.0500	
-0.0583	0.1560	0.0068	26.2250	76.1250	
-0.0582	0.1554	0.0066	26.6500	76.1000	
-0.0586	0.1555	0.0060	26.2750	76.0750	
-0.0583	0.1549	0.0060	26.1250	76.2000	
-0.0584	0.1561	0.0067	26.4000	76.1500	
-0.0583	0.1550	0.0061	26.0000	76.1750	
-0.0584	0.1550	0.0059	26.6000	76.1500	
-0.0579	0.1559	0.0074	26.7250	76.2250	
-0.0575	0.1548	0.0074	26.2250	76.2750	
-0.0585	0.1544	0.0054	26.1500	76.2000	
-0.0585	0.1554	0.0061	26.5250	76.2000	
-0.0586	0.1552	0.0058	26.3750	76.2500	
-0.0586	0.1546	0.0053	26.4750	76.1500	
-0.0583	0.1546	0.0060	26.1750	76.2500	
-0.0582	0.1550	0.0063	26.1250	76.2250	
-0.0582	0.1549	0.0063	26.7250	76.3500	
-0.0582	0.1546	0.0060	26.3500	76.3500	
-0.0584	0.1549	0.0060	26.8250	76.3500	
-0.0581	0.1550	0.0065	26.7500	76.3500	
-0.0582	0.1546	0.0061	26.7250	76.3250	
-0.0585	0.1547	0.0056	26.7250	76.3500	
-0.0582	0.1550	0.0064	26.7500	76.4000	
-0.0572	0.1551	0.0080	26.4000	76.3500	
-0.0579	0.1549	0.0067	26.6000	76.4000	
-0.0583	0.1545	0.0058	26.7250	76.3500	
-0.0583	0.1545	0.0059	26.3250	76.3750	
-0.0583	0.1544	0.0058	26.5250	76.4000	
-0.0579	0.1544	0.0064	26.8000	76.3250	
-0.0582	0.1542	0.0058	26.6750	76.4250	
-0.0581	0.1545	0.0061	26.5250	76.4000	
-0.0576	0.1544	0.0069	26.9250	76.4250	
-0.0581	0.1545	0.0062	26.6750	76.4500	
-0.0584	0.1539	0.0052	26.6250	76.4250	
-0.0583	0.1535	0.0051	26.4250	76.4000	
-0.0580	0.1546	0.0065	26.7500	76.3750	
-0.0582	0.1542	0.0058	26.5500	76.4500	
-0.0585	0.1534	0.0048	26.5250	76.4500	
-0.0583	0.1540	0.0055	26.2750	76.4500	
-0.0581	0.1546	0.0063	26.5500	76.4250	
-0.0576	0.1536	0.0064	26.3500	76.4500	
-0.0582	0.1535	0.0054	26.5250	76.5000	
-0.0579	0.1542	0.0062	26.5500	76.4750	
-0.0582	0.1542	0.0059	26.4750	76.5000	
-0.0584	0.1536	0.0051	26.4250	76.5250	
-0.0583	0.1536	0.0052	26.3500	76.6000	
-0.0583	0.1540	0.0054	26.5250	76.5500	
-0.0581	0.1542	0.0061	26.4500	76.5000	
-0.0580	0.1536	0.0058	26.3250	76.5750	
-0.0579	0.1541	0.0063	26.2750	76.5750	
-0.0580	0.1537	0.0058	26.3500	76.5750	
-0.0583	0.1533	0.0051	26.1750	76.5750	
-0.0584	0.1536	0.0050	26.4750	76.5250	
-0.0583	0.1537	0.0053	26.4000	76.5250	
-0.0581	0.1535	0.0055	26.3750	76.5500	
-0.0583	0.1534	0.0051	26.4750	76.5250	
-0.0583	0.1537	0.0053	26.5750	76.4250	
-0.0572	0.1543	0.0076	26.7750	76.3500	
-0.0569	0.1542	0.0079	26.3000	76.5250	
-0.0558	0.1555	0.0107	26.7000	76.4000	
-0.0571	0.1550	0.0081	26.5500	76.3750	
-0.0575	0.1536	0.0065	26.2750	76.5250	
-0.0580	0.1536	0.0058	26.2750	76.4500	
-0.0581	0.1531	0.0053	26.1750	76.4250	
-0.0583	0.1533	0.0050	26.6250	76.3000	
-0.0583	0.1534	0.0050	26.4750	76.3000	
-0.0584	0.1532	0.0048	26.4250	76.3000	
-0.0582	0.1536	0.0054	26.6000	76.2500	
-0.0581	0.1530	0.0052	26.2500	76.2500	
-0.0581	0.1533	0.0053	26.4000	76.2500	
-0.0583	0.1534	0.0051	26.5000	76.2750	
-0.0582	0.1527	0.0048	26.3750	76.2000	
-0.0582	0.1530	0.0050	26.2000	76.2000	
-0.0577	0.1530	0.0058	26.2250	76.2000	
-0.0582	0.1533	0.0052	26.6500	76.2250	
-0.0581	0.1535	0.0055	26.2750	76.1750	
-0.0580	0.1533	0.0055	26.5250	76.1750	
-0.0578	0.1536	0.0061	26.6250	76.1750	
-0.0579	0.1533	0.0057	26.3250	76.1000	
-0.0577	0.1524	0.0055	26.0750	76.2000	
-0.0582	0.1540	0.0057	26.3000	76.2250	
-0.0581	0.1535	0.0055	26.0750	76.2250	
-0.0582	0.1525	0.0046	26.2000	76.1750	
-0.0580	0.1530	0.0053	26.2250	76.1250	
-0.0580	0.1537	0.0059	26.4250	75.9500	
-0.0579	0.1534	0.0057	26.3250	76.1500	
-0.0582	0.1528	0.0049	26.2000	76.1750	
-0.0575	0.1537	0.0066	26.6500	76.1000	
-0.0573	0.1535	0.0069	26.4000	75.9500	
-0.0580	0.1532	0.0055	26.6500	75.9500	
-0.0581	0.1532	0.0053	26.1750	76.0000	
-0.0573	0.1538	0.0070	25.9250	75.9500	
-0.0576	0.1537	0.0065	25.5500	75.9250	
-0.0582	0.1530	0.0050	26.1750	76.0000	
-0.0577	0.1529	0.0057	25.5000	76.0250	
-0.0580	0.1533	0.0056	25.8250	75.9750	
-0.0580	0.1527	0.0052	25.5250	75.9750	
-0.0582	0.1531	0.0050	25.7000	75.8750	
-0.0579	0.1533	0.0057	26.0000	75.9500	
-0.0577	0.1532	0.0060	25.5500	75.8750	
-0.0572	0.1531	0.0067	25.4750	75.7000	
-0.0575	0.1536	0.0067	25.9250	75.8000	
-0.0572	0.1539	0.0073	25.6750	75.8500	
-0.0574	0.1539	0.0069	25.3250	75.8250	
-0.0577	0.1530	0.0058	26.0000	75.8750	
-0.0572	0.1532	0.0068	25.5000	75.9500	
-0.0579	0.1529	0.0055	25.7250	75.9250	
-0.0577	0.1532	0.0059	25.6000	75.8000	
-0.0581	0.1531	0.0053	25.5500	75.7750	
-0.0577	0.1534	0.0060	25.5250	75.7750	
-0.0579	0.1531	0.0056	26.0500	75.8250	
-0.0582	0.1530	0.0050	25.9000	75.8250	
-0.0579	0.1528	0.0054	25.7250	75.8000	
-0.0581	0.1526	0.0049	26.0750	75.8000	
-0.0582	0.1531	0.0050	25.8000	75.7750	
-0.0577	0.1532	0.0060	25.4500	75.8000	
-0.0579	0.1528	0.0053	25.7750	75.8750	
-0.0581	0.1534	0.0054	25.7000	75.8500	
-0.0580	0.1531	0.0054	25.8250	75.7750	
-0.0582	0.1528	0.0049	25.9250	75.7750	
-0.0579	0.1528	0.0053	26.0000	75.8000	
-0.0581	0.1532	0.0052	25.7750	75.7750	
-0.0580	0.1525	0.0050	25.8000	75.8250	
-0.0580	0.1526	0.0050	25.9500	75.8250	
-0.0580	0.1532	0.0055	26.0250	75.8250	
-0.0581	0.1533	0.0054	25.9750	75.8250	
-0.0577	0.1528	0.0056	25.6250	75.8250	
-0.0580	0.1531	0.0054	26.1500	75.8000	
-0.0579	0.1530	0.0055	25.6750	75.8500	
-0.0575	0.1532	0.0063	25.8750	75.8250	
-0.0577	0.1529	0.0057	25.6000	75.8500	
-0.0576	0.1536	0.0064	25.5000	75.7000	
-0.0570	0.1536	0.0074	25.2250	75.7500	
-0.0579	0.1524	0.0051	25.7000	75.8000	
-0.0575	0.1533	0.0064	25.7000	75.7500	
-0.0579	0.1535	0.0059	26.0000	75.8500	
-0.0576	0.1527	0.0057	26.1000	75.8500	
-0.0575	0.1528	0.0060	25.9000	75.8250	
-0.0575	0.1539	0.0067	26.0750	75.7250	
-0.0574	0.1531	0.0064	26.0000	75.7250	
-0.0574	0.1521	0.0057	25.6250	75.7750	
-0.0568	0.1543	0.0082	25.2000	75.7750	
-0.0575	0.1531	0.0062	25.7500	75.8000	
-0.0582	0.1528	0.0048	26.2250	75.8000	
-0.0582	0.1528	0.0049	26.1750	75.7750	
-0.0576	0.1533	0.0062	25.7000	75.7000	
-0.0580	0.1522	0.0048	25.6000	75.7250	
-0.0581	0.1527	0.0049	25.8750	75.7250	
-0.0581	0.1535	0.0055	25.9000	75.7500	
-0.0576	0.1534	0.0062	26.0250	75.8250	
-0.0572	0.1524	0.0062	25.7500	75.8000	
-0.0572	0.1530	0.0068	25.6000	75.7000	
-0.0575	0.1544	0.0071	25.7250	75.7250	
-0.0579	0.1534	0.0057	25.6250	75.7250	
-0.0580	0.1523	0.0048	25.8750	75.7500	
0.4808	50.0000	0.5445	50.0000	
0.4597	50.0000	0.5186	50.0000	
0.4390	50.0000	0.4958	50.0000	
0.4182	50.0000	0.4755	50.0000	
0.3970	50.0000	0.4567	50.0000	
0.3749	50.0000	0.4394	50.0000	
0.3522	50.0000	0.4234	50.0000	
0.3302	50.0000	0.4085	50.0000	
0.3094	50.0000	0.3941	50.0000	
0.2908	50.0000	0.3804	50.0000	
0.2756	50.0000	0.3670	50.0000	
0.2646	50.0000	0.3538	50.0000	
0.2575	50.0000	0.3414	50.0000	
0.2537	50.0000	0.3301	50.0000	
0.2521	50.0000	0.3194	50.0000	
0.2511	50.0000	0.3086	50.0000	
0.2507	49.4250	0.2979	50.0000	
0.2505	49.8000	0.2873	50.0000	
0.2503	50.1000	0.2766	50.0000	
0.2502	50.0750	0.2658	50.0000	
0.2501	49.9250	0.2552	50.0000	
0.2500	50.0750	0.2445	50.0000	
0.2499	50.0250	0.2340	59.4500	
0.2499	49.8750	0.2238	73.8500	
0.2499	49.2500	0.2140	73.6000	
0.2498	48.8000	0.2049	73.6750	
0.2497	48.8250	0.1964	75.5250	
0.2497	48.7500	0.1888	76.1500	
0.2496	48.7000	0.1822	76.2750	
0.2496	48.5750	0.1767	76.1250	
0.2496	48.7000	0.1722	76.1500	
0.2496	48.7500	0.1683	76.0750	
0.2496	48.9250	0.1650	76.1750	
0.2496	48.9250	0.1622	76.2000	
0.2496	49.0250	0.1599	76.1500	
0.2496	49.0500	0.1581	76.1000	
0.2495	49.0750	0.1568	76.1500	
0.2495	49.2500	0.1557	76.1000	
0.2495	49.5000	0.1549	76.1000	
0.2494	49.5500	0.1543	76.1250	
0.2494	49.6500	0.1538	76.1500	
0.2494	49.7250	0.1533	76.1250	
0.2494	49.6250	0.1530	76.1750	
0.2494	49.6250	0.1527	76.1000	
0.2493	49.8250	0.1525	76.0750	
0.2493	49.9500	0.1523	76.1000	
0.2493	50.0000	0.1522	76.0000	
0.2493	49.9000	0.1520	76.0250	
0.2492	49.9750	0.1519	76.0000	
0.2492	50.2500	0.1518	76.0000	
0.2492	50.2000	0.1516	76.0750	
0.2492	50.3250	0.1516	76.1000	
0.2491	50.5000	0.1515	76.0500	
0.2491	50.5500	0.1514	76.1000	
0.2491	50.6500	0.1513	76.0750	
0.2491	50.4500	0.1512	76.0250	
0.2490	50.5250	0.1511	75.9500	
0.2490	50.6750	0.1511	75.9250	
0.2490	50.6750	0.1510	76.0250	
0.2490	50.8750	0.1509	76.0000	
0.2489	51.2750	0.1508	75.9500	
0.2489	51.4500	0.1508	75.9000	
0.2489	51.2750	0.1507	75.8500	
0.2488	51.0750	0.1507	75.8500	
0.2488	51.5750	0.1506	75.8000	
0.2488	51.5750	0.1505	75.7250	
0.2488	51.6000	0.1505	75.8000	
0.2487	51.7000	0.1504	75.6500	
0.2487	51.7000	0.1503	75.4750	
0.2486	51.6000	0.1503	75.4000	
0.2486	51.7000	0.1502	75.4250	
0.2486	51.6500	0.1501	75.4000	
0.2485	51.7250	0.1501	75.3500	
0.2484	52.0000	0.1500	75.3250	
0.2484	52.1750	0.1500	75.3750	
0.2484	52.3250	0.1499	75.2750	
0.2483	52.5250	0.1499	75.2500	
0.2483	52.7500	0.1498	75.2500	
0.2482	52.3250	0.1498	75.2500	
0.2482	52.5750	0.1497	75.2750	
0.2481	52.7000	0.1496	75.2750	
0.2481	53.1750	0.1496	75.2500	
0.2480	53.1750	0.1495	75.3000	
0.2480	52.8500	0.1495	75.2750	
0.2479	52.6750	0.1494	75.2500	
0.2479	53.3750	0.1494	75.2500	
0.2478	53.8750	0.1493	75.2500	
0.2478	54.0000	0.1493	75.2750	
0.2477	53.3500	0.1492	75.1500	
0.2477	54.7250	0.1491	75.1750	
0.2476	57.5750	0.1491	75.0750	
0.2475	58.9000	0.1490	75.1000	
0.2475	57.2000	0.1490	75.1250	
0.2474	57.5750	0.1489	75.0750	
0.2474	60.0250	0.1489	74.9750	
0.2473	64.9750	0.1488	74.9750	
0.2473	66.5500	0.1488	74.9000	
0.2472	65.0500	0.1487	74.8500	
0.2471	62.3750	0.1487	74.8750	
0.2471	64.0000	0.1486	74.8250	
0.2470	67.1750	0.1486	74.8250	
0.2469	74.6750	0.1485	74.8000	
0.2469	74.3000	0.1485	74.8000	
0.2468	74.8000	0.1484	74.8000	
0.2468	75.0000	0.1484	74.8000	
0.2467	75.0000	0.1483	74.7750	
0.2466	73.1250	0.1483	74.7750	
0.2466	73.8750	0.1482	74.7500	
0.2465	74.4000	0.1482	74.7500	
0.2464	74.5750	0.1481	74.6750	
0.2464	74.4000	0.1481	74.7000	
0.2464	73.6250	0.1480	74.6500	
0.2462	75.2250	0.1480	74.5250	
0.2461	75.3500	0.1479	74.6750	
0.2461	75.1500	0.1479	74.5250	
0.2460	74.5500	0.1478	74.5250	
0.2459	74.5500	0.1478	74.6000	
0.2458	75.0250	0.1477	74.3500	
0.2458	74.5500	0.1477	74.4250	
0.2457	74.2750	0.1476	74.5000	
0.2456	75.3000	0.1476	74.4000	
0.2457	71.8250	0.1475	74.3000	
0.2455	73.2250	0.1475	74.3250	
0.2454	75.4000	0.1474	74.4000	
0.2453	74.2500	0.1474	74.3000	
0.2452	74.4750	0.1473	74.2500	
0.2451	74.9500	0.1473	74.3250	
0.2450	74.4500	0.1472	74.2000	
0.2450	74.5000	0.1471	74.2250	
0.2449	74.8000	0.1471	74.3000	
0.2448	71.6750	0.1470	74.2500	
0.2447	71.6250	0.1470	74.2000	
0.2446	73.3000	0.1469	74.2000	
0.2445	75.1000	0.1469	74.2000	
0.2444	75.1250	0.1468	74.1250	
0.2443	71.6500	0.1468	74.2000	
0.2442	69.6750	0.1467	74.1750	
0.2441	73.5750	0.1466	74.0750	
0.2441	75.2750	0.1466	74.1500	
0.2439	74.9250	0.1465	74.2000	
0.2438	65.2750	0.1465	74.0500	
0.2437	65.3250	0.1464	74.1000	
0.2437	75.3750	0.1464	74.1000	
0.2435	75.4000	0.1463	73.9250	
0.2434	72.4250	0.1462	73.9250	
0.2433	71.6250	0.1461	73.9500	
0.2432	73.5250	0.1461	73.9500	
0.2432	70.1750	0.1460	73.9500	
0.2430	71.9500	0.1460	73.9000	
0.2430	75.2250	0.1459	73.9500	
0.2429	71.0250	0.1458	73.8750	
0.2427	68.5000	0.1457	73.9500	
0.2425	74.1750	0.1457	73.9000	
0.2424	74.0250	0.1456	73.8750	
0.2424	69.2000	0.1455	73.9000	
0.2422	72.6500	0.1454	73.7750	
0.2421	75.4250	0.1454	73.7500	
0.2420	72.8250	0.1453	73.8000	
0.2418	72.8500	0.1452	73.7750	
0.2419	75.1250	0.1452	73.8000	
0.2416	71.2750	0.1451	73.6500	
0.2415	64.3000	0.1450	73.7000	
0.2413	72.4250	0.1449	73.7250	
0.2413	75.2250	0.1448	73.7000	
0.2412	72.0000	0.1447	73.5000	
0.2410	68.8500	0.1446	73.6500	
0.2408	73.5750	0.1445	73.6500	
0.2407	73.7750	0.1445	73.5750	
0.2406	73.4250	0.1444	73.6000	
0.2404	73.4500	0.1443	73.6000	
0.2403	74.4000	0.1442	73.5500	
0.2402	75.2000	0.1441	73.5500	
0.2400	72.5250	0.1440	73.5000	
0.2399	69.6000	0.1439	73.5250	
0.2397	74.0000	0.1438	73.5000	
0.2396	73.6500	0.1437	73.4750	
0.2394	74.2250	0.1436	73.5000	
0.2394	75.2250	0.1435	73.5000	
0.2392	73.1000	0.1434	73.4500	
0.2390	72.4500	0.1433	73.5000	
0.2389	74.2000	0.1432	73.4250	
0.2387	74.9500	0.1431	73.5000	
0.2386	74.2750	0.1429	73.4750	
0.2384	74.1750	0.1428	73.4000	
0.2383	74.9250	0.1427	73.4500	
0.2381	74.3000	0.1426	73.4000	
0.2380	72.9500	0.1425	73.4250	
0.2379	75.0250	0.1424	73.4500	
0.2377	74.8750	0.1422	73.4250	
0.2375	72.3500	0.1421	73.4250	
0.2374	74.6500	0.1420	73.4000	
0.2373	75.4500	0.1419	73.3750	
0.2370	74.1500	0.1417	73.3750	
0.2369	71.5500	0.1416	73.3500	
0.2368	75.3000	0.1414	73.3500	
0.2366	73.8000	0.1413	73.3000	
0.2364	72.6500	0.1412	73.3000	
0.2361	75.1750	0.1410	73.3250	
0.2360	75.0250	0.1409	73.3000	
0.2358	74.7250	0.1407	73.3000	
0.2356	74.1250	0.1405	73.3000	
0.2355	74.7250	0.1404	73.2500	
0.2353	73.2750	0.1402	73.3000	
0.2355	70.3250	0.1401	73.3000	
0.2349	75.1500	0.1398	73.3250	
0.2349	75.2250	0.1398	73.3000	
0.2346	73.0500	0.1395	73.3000	
0.2344	73.3500	0.1394	73.2250	
0.2343	75.1250	0.1392	73.3500	
0.2340	74.7500	0.1390	73.2750	
0.2339	73.6000	0.1388	73.1250	
0.2336	74.2000	0.1386	73.4250	
0.2336	75.1500	0.1384	73.2750	
0.2334	74.4000	0.1382	73.2000	
0.2332	73.4500	0.1380	73.2750	
0.2329	75.1500	0.1378	73.2000	
0.2331	73.7750	0.1377	73.2000	
0.2327	75.0000	0.1374	73.4500	
0.2324	75.0750	0.1372	73.2250	
0.2322	72.8000	0.1369	73.3000	
0.2319	74.8500	0.1367	73.4000	
0.2319	75.2000	0.1365	73.2500	
0.2317	74.4500	0.1362	73.3750	
0.2314	74.4250	0.1360	73.1750	
0.2312	75.1500	0.1357	73.4000	
0.2310	75.1250	0.1355	73.3000	
0.2308	75.0250	0.1352	73.2000	
0.2306	75.0000	0.1350	73.2500	
0.2305	74.5250	0.1348	73.1500	
0.2303	75.0000	0.1345	73.4250	
0.2300	74.9250	0.1343	72.9750	
0.2298	74.6250	0.1339	73.2500	
0.2296	74.9750	0.1336	73.1000	
0.2293	74.8750	0.1334	73.1250	
0.2291	74.8250	0.1331	73.0500	
0.2289	74.9750	0.1328	73.1000	
0.2288	75.0750	0.1325	73.1000	
0.2285	74.8500	0.1322	72.9000	
0.2283	74.9250	0.1319	73.1000	
0.2280	74.9750	0.1316	73.0000	
0.2280	74.9000	0.1313	73.0250	
0.2277	74.7500	0.1310	72.9250	
0.2275	75.0250	0.1306	73.1000	
0.2272	74.9750	0.1303	72.9750	
0.2270	74.9250	0.1299	72.8750	
0.2269	75.1500	0.1296	72.9500	
0.2265	74.9500	0.1292	72.8250	
0.2264	74.9000	0.1289	72.8750	
0.2263	75.0750	0.1286	72.9250	
0.2261	75.0250	0.1283	72.5250	
0.2258	75.1500	0.1278	72.8500	
0.2255	74.9000	0.1275	72.4000	
0.2252	74.9500	0.1270	72.8500	
0.2250	74.9750	0.1266	72.7500	
0.2249	75.0500	0.1262	72.7500	
0.2246	74.8250	0.1258	72.7000	
0.2244	74.9000	0.1255	71.9250	
0.2242	74.7250	0.1250	72.7500	
0.2243	74.4250	0.1246	72.6250	
0.2238	74.7750	0.1241	71.9750	
0.2236	74.7750	0.1237	72.7000	
0.2233	74.9000	0.1233	72.3000	
0.2230	74.8750	0.1228	72.5000	
0.2227	75.0250	0.1223	72.5000	
0.2226	74.8500	0.1218	72.3500	
0.2223	74.8000	0.1214	72.2250	
0.2220	74.7750	0.1209	72.4500	
0.2218	74.7000	0.1205	72.4000	
0.2215	74.7250	0.1199	71.6500	
0.2213	74.6000	0.1194	72.4500	
0.2211	74.7250	0.1189	72.1500	
0.2210	74.6750	0.1183	71.9750	
0.2208	74.5250	0.1178	71.8750	
0.2205	74.6500	0.1173	71.8500	
0.2201	74.5500	0.1167	72.1000	
0.2201	74.5000	0.1161	71.5750	
0.2197	74.5750	0.1155	71.9750	
0.2194	74.5750	0.1149	71.9000	
0.2191	74.6000	0.1142	71.4250	
0.2193	74.3500	0.1138	72.0000	
0.2188	74.4750	0.1131	71.0000	
0.2183	74.4750	0.1125	71.7750	
0.2181	74.4500	0.1117	71.1750	
0.2178	74.3250	0.1110	71.2750	
0.2177	74.4500	0.1103	71.5500	
0.2173	74.4250	0.1097	71.2750	
0.2171	74.1250	0.1090	71.0000	
0.2169	74.1250	0.1083	71.4250	
0.2165	74.1250	0.1075	70.9250	
0.2164	74.0750	0.1068	71.0500	
0.2161	73.9750	0.1060	71.1250	
0.2158	74.0250	0.1053	70.7750	
0.2156	73.8750	0.1045	71.1250	
0.2153	74.0000	0.1036	70.4500	
0.2150	73.8000	0.1028	71.0500	
0.2148	73.5250	0.1018	70.6250	
0.2147	73.4750	0.1010	70.5000	
0.2144	73.2500	0.1000	70.6250	
0.2142	73.5000	0.0990	70.4750	
0.2136	73.4250	0.0981	70.4000	
0.2134	73.0000	0.0971	70.4500	
0.2131	73.1750	0.0961	70.2000	
0.2130	72.6250	0.0951	70.2750	
0.2127	73.0500	0.0941	70.1750	
0.2126	72.9500	0.0931	70.2500	
0.2120	72.9500	0.0921	70.1750	
0.2118	73.0750	0.0912	69.9500	
0.2115	73.0000	0.0900	70.1000	
0.2112	72.9500	0.0891	70.1250	
0.2111	72.8250	0.0882	69.8000	
0.2108	73.2250	0.0871	69.8250	
0.2105	72.4250	0.0862	70.0500	
0.2102	72.7250	0.0853	69.5500	
0.2099	72.8250	0.0840	70.0000	
0.2096	71.9500	0.0830	69.8750	
0.2093	72.5250	0.0819	69.9250	
0.2091	72.3250	0.0809	69.8250	
0.2088	72.2750	0.0799	69.8000	
0.2085	72.3750	0.0789	69.8500	
0.2083	71.8750	0.0778	69.7250	
0.2079	72.2250	0.0769	69.8000	
0.2077	72.1500	0.0758	69.5250	
0.2073	71.7000	0.0749	69.7250	
0.2070	71.8250	0.0737	69.7250	
0.2072	71.1500	0.0727	69.7000	
0.2069	72.2500	0.0716	69.7750	
0.2064	70.8750	0.0706	69.8750	
0.2063	71.5750	0.0697	69.8750	
0.2056	71.4750	0.0686	69.7000	
0.2053	71.5250	0.0675	69.8750	
0.2051	71.6000	0.0664	69.7250	
0.2048	71.4500	0.0655	69.9250	
0.2046	70.9000	0.0644	69.8000	
0.2042	70.8250	0.0633	69.7250	
0.2041	70.6750	0.0623	69.9250	
0.2036	71.0750	0.0613	69.8250	
0.2033	70.2750	0.0604	69.6250	
0.2030	69.8500	0.0592	69.8500	
0.2027	69.2500	0.0585	69.9000	
0.2024	67.3750	0.0572	69.9250	
0.2021	65.4250	0.0563	70.0000	
0.2017	64.8000	0.0554	69.9250	
0.2015	65.2250	0.0544	69.9000	
0.2012	65.2250	0.0534	69.9500	
0.2009	65.9250	0.0524	70.0000	
0.2007	68.0750	0.0515	70.0750	
0.2004	68.6000	0.0506	70.0000	
0.2003	68.9750	0.0497	69.9750	
0.1998	68.6500	0.0488	69.9000	
0.1996	68.5000	0.0479	69.9500	
0.1993	68.4500	0.0469	70.1000	
0.1990	68.5500	0.0461	70.0500	
0.1990	68.4500	0.0451	70.0750	
0.1985	67.9500	0.0444	70.0750	
0.1982	67.9750	0.0435	70.1000	
0.1980	68.0500	0.0426	70.1500	
0.1977	67.9250	0.0418	69.9500	
0.1974	67.6000	0.0409	69.9750	
0.1972	67.4000	0.0401	70.1500	
0.1968	67.4250	0.0393	70.1000	
0.1967	67.6750	0.0385	70.0750	
0.1965	67.3750	0.0378	70.1250	
0.1960	67.0500	0.0370	70.0250	
0.1958	66.8750	0.0362	70.1750	
0.1956	66.8500	0.0354	70.1750	
0.1954	66.5250	0.0348	70.2000	
0.1950	66.7250	0.0340	70.2000	
0.1947	66.6250	0.0334	70.2750	
0.1946	65.9500	0.0326	70.3000	
0.1943	65.3000	0.0320	70.3250	
0.1941	65.2750	0.0313	70.3750	
0.1939	65.3500	0.0305	70.4250	
0.1937	64.6250	0.0299	70.3750	
0.1934	64.3750	0.0292	70.4000	
0.1930	64.3500	0.0287	70.4500	
0.1927	64.3750	0.0281	70.5250	
0.1925	64.3500	0.0274	70.4500	
0.1922	63.2250	0.0269	70.6250	
0.1920	62.8500	0.0263	70.5750	
0.1918	62.7750	0.0257	70.5750	
0.1914	62.7250	0.0252	70.7500	
0.1912	62.2000	0.0246	70.6000	
0.1911	61.7250	0.0241	70.7500	
0.1908	61.8000	0.0237	70.7750	
0.1906	62.2500	0.0231	70.8000	
0.1903	62.7000	0.0227	70.8000	
0.1901	62.7750	0.0222	70.9250	
0.1898	61.9500	0.0217	70.9000	
0.1897	62.2000	0.0215	70.9500	
0.1893	62.0750	0.0210	71.0000	
0.1891	62.1500	0.0203	70.9750	
0.1891	61.6000	0.0200	71.1750	
0.1889	61.7000	0.0196	71.1500	
0.1884	61.8250	0.0192	71.3500	
0.1881	61.0500	0.0188	71.2000	
0.1881	60.7250	0.0184	71.2500	
0.1876	61.0000	0.0180	71.3750	
0.1874	61.2750	0.0176	71.4500	
0.1870	61.4000	0.0173	71.4500	
0.1867	61.2250	0.0170	71.6250	
0.1865	60.9250	0.0166	71.4000	
0.1861	60.9250	0.0163	71.5500	
0.1856	60.9250	0.0161	71.9250	
0.1854	60.6250	0.0157	71.6500	
0.1851	59.7500	0.0154	71.6750	
0.1848	59.4000	0.0151	71.8250	
0.1845	58.2750	0.0148	72.0000	
0.1842	58.1000	0.0145	72.0000	
0.1839	58.2250	0.0142	72.0500	
0.1837	57.6250	0.0140	72.0000	
0.1834	57.5500	0.0137	72.1000	
0.1832	57.0750	0.0134	72.1250	
0.1828	56.9250	0.0132	72.1000	
0.1826	57.2500	0.0130	72.2500	
0.1823	57.5250	0.0128	72.2750	
0.1820	58.0000	0.0126	72.2500	
0.1819	58.1250	0.0123	72.4000	
0.1815	57.4000	0.0120	72.4000	
0.1812	56.3250	0.0120	72.4500	
0.1810	56.1250	0.0117	72.4750	
0.1806	56.6000	0.0116	72.5000	
0.1805	57.0000	0.0114	72.4500	
0.1803	57.9000	0.0111	72.5500	
0.1802	58.3250	0.0109	72.5250	
0.1797	57.8750	0.0108	72.5750	
0.1794	57.5750	0.0106	72.6250	
0.1792	57.1750	0.0104	72.6750	
0.1789	57.3500	0.0103	72.6750	
0.1788	57.6250	0.0101	72.7250	
0.1783	58.1750	0.0100	72.8000	
0.1782	57.3500	0.0098	72.8250	
0.1782	57.1250	0.0096	72.8500	
0.1777	57.2500	0.0095	72.8250	
0.1773	56.8500	0.0094	72.8500	
0.1772	57.0250	0.0092	72.8500	
0.1769	57.7500	0.0091	72.8750	
0.1767	57.4750	0.0090	72.9000	
0.1766	56.8250	0.0089	72.9500	
0.1763	57.0750	0.0088	73.0000	
0.1760	57.8250	0.0087	72.9750	
0.1760	58.0750	0.0086	73.0250	
0.1756	57.8750	0.0086	73.0500	
0.1755	57.8750	0.0084	73.0750	
0.1753	57.3500	0.0083	73.1000	
0.1748	57.2500	0.0081	73.1500	
0.1746	57.9000	0.0081	73.1500	
0.1744	58.8750	0.0079	73.1500	
0.1743	59.2250	0.0078	73.1500	
0.1739	59.6000	0.0077	73.1750	
0.1739	59.5500	0.0077	73.2000	
0.1738	60.8750	0.0076	73.2000	
0.1736	60.3250	0.0075	73.2250	
0.1735	60.2000	0.0074	73.2250	
0.1734	59.2750	0.0074	73.2500	
0.1729	59.2750	0.0073	73.3000	
0.1724	59.3000	0.0072	73.3000	
0.1722	59.9250	0.0072	73.3500	
0.1719	60.1250	0.0071	73.3000	
0.1717	60.0000	0.0070	73.3500	
0.1715	59.7000	0.0069	73.4000	
0.1713	59.6500	0.0069	73.4500	
0.1711	59.4250	0.0068	73.5000	
0.1709	59.2000	0.0068	73.5500	
0.1706	59.0500	0.0067	73.4500	
0.1705	59.0500	0.0067	73.5250	
0.1703	59.1000	0.0066	73.5750	
0.1700	58.8250	0.0066	73.5750	
0.1698	58.9750	0.0065	73.6500	
0.1696	58.9250	0.0065	73.7000	
0.1694	58.5750	0.0064	73.6500	
0.1692	58.8750	0.0064	73.7250	
0.1690	58.6250	0.0063	73.7500	
0.1688	58.2500	0.0063	73.7500	
0.1686	58.5250	0.0062	73.7500	
0.1685	58.0750	0.0062	73.7750	
0.1683	58.2000	0.0062	73.8000	
0.1681	57.9000	0.0061	73.8500	
0.1680	58.0750	0.0061	73.8250	
0.1677	58.0000	0.0060	73.8250	
0.1676	57.6750	0.0060	73.8750	
0.1674	57.5500	0.0060	73.8750	
0.1671	57.0250	0.0059	73.8750	
0.1670	57.3750	0.0059	73.9000	
0.1668	57.3000	0.0059	73.9250	
0.1667	57.4000	0.0059	73.9500	
0.1664	57.4000	0.0058	73.9500	
0.1662	57.0250	0.0058	73.9500	
0.1660	56.8250	0.0057	74.0500	
0.1659	56.9000	0.0057	74.0000	
0.1658	56.8500	0.0057	74.1000	
0.1656	56.3750	0.0057	74.0750	
0.1654	56.0500	0.0056	73.9750	
0.1654	56.0000	0.0056	74.0750	
0.1651	56.1250	0.0056	74.0000	
0.1651	56.5500	0.0056	74.1000	
0.1649	56.0000	0.0055	74.1250	
0.1646	56.1250	0.0055	74.1250	
0.1645	56.2500	0.0055	74.1500	
0.1643	55.5250	0.0054	74.1000	
0.1641	55.5250	0.0054	74.2000	
0.1640	55.7000	0.0054	74.1500	
0.1637	55.9250	0.0054	74.1750	
0.1637	55.9500	0.0054	74.1500	
0.1636	55.1000	0.0053	74.2000	
0.1633	55.1500	0.0053	74.2000	
0.1632	55.5250	0.0053	74.2000	
0.1631	55.6000	0.0053	74.1750	
0.1631	55.7750	0.0053	74.2750	
0.1630	55.0750	0.0053	74.1500	
0.1627	55.6500	0.0052	74.1750	
0.1625	54.8500	0.0052	74.2250	
0.1624	54.1250	0.0052	74.2250	
0.1623	54.6500	0.0052	74.1750	
0.1621	53.3750	0.0052	74.2750	
0.1620	53.8000	0.0052	74.1750	
0.1618	54.4000	0.0052	74.2500	
0.1617	54.1250	0.0051	74.2250	
0.1616	53.4750	0.0051	74.2000	
0.1615	53.6000	0.0051	74.3000	
0.1614	53.9500	0.0051	74.2500	
0.1613	53.1500	0.0051	74.2500	
0.1611	53.7750	0.0051	74.1750	
0.1610	53.1000	0.0050	74.3000	
0.1608	53.4000	0.0050	74.3250	
0.1607	53.0500	0.0050	74.2750	
0.1606	53.3500	0.0051	74.3250	
0.1605	52.8250	0.0050	74.3000	
0.1603	52.9000	0.0050	74.3250	
0.1602	52.6250	0.0050	74.4000	
0.1601	52.5500	0.0050	74.3500	
0.1600	53.1000	0.0049	74.3750	
0.1599	52.5750	0.0049	74.3500	
0.1598	51.7000	0.0050	74.3750	
0.1596	52.3250	0.0049	74.3750	
0.1596	51.6750	0.0049	74.4000	
0.1594	51.5750	0.0049	74.3750	
0.1592	51.6000	0.0049	74.3750	
0.1591	51.4500	0.0049	74.4000	
0.1591	52.2750	0.0049	74.3250	
0.1590	51.7000	0.0048	74.3750	
0.1588	51.5500	0.0048	74.3250	
0.1587	51.3250	0.0048	74.3250	
0.1587	51.5500	0.0048	74.3000	
0.1585	51.2500	0.0048	74.4000	
0.1585	51.4250	0.0048	74.3000	
0.1582	51.3250	0.0048	74.3750	
0.1582	51.0000	0.0048	74.3250	
0.1581	51.0000	0.0048	74.3250	
0.1579	50.9000	0.0048	74.3500	
0.1579	51.0250	0.0048	74.3500	
0.1578	51.0500	0.0048	74.3250	
0.1577	50.8250	0.0047	74.3500	
0.1576	51.0250	0.0047	74.3750	
0.1577	50.9000	0.0047	74.3500	
0.1575	50.7250	0.0047	74.3750	
0.1572	50.6500	0.0047	74.3500	
0.1571	50.5750	0.0047	74.3250	
0.1571	50.5000	0.0047	74.4250	
0.1570	50.5250	0.0047	74.4000	
0.1569	50.5500	0.0047	74.4000	
0.1567	50.5250	0.0047	74.3750	
0.1569	50.3750	0.0047	74.4000	
0.1568	50.3500	0.0046	74.3500	
0.1566	50.2250	0.0046	74.3500	
0.1564	50.3250	0.0046	74.3000	
0.1566	50.3000	0.0046	74.5500	
0.1565	50.4000	0.0046	74.6250	
0.1562	49.9500	0.0046	74.5500	
0.1561	50.2250	0.0046	74.5750	
0.1560	50.0000	0.0045	74.6500	
0.1559	50.1250	0.0045	74.6000	
0.1558	50.0750	0.0045	74.6750	
0.1558	49.9250	0.0045	74.6750	
0.1558	50.1500	0.0045	74.7250	
0.1558	49.8250	0.0045	74.7000	
0.1555	49.9500	0.0045	74.7750	
0.1555	49.8000	0.0044	74.7750	
0.1554	49.9750	0.0044	74.7000	
0.1553	49.8750	0.0044	74.7250	
0.1552	49.7250	0.0044	74.7500	
0.1551	49.7750	0.0044	74.7250	
0.1550	49.8500	0.0044	74.8000	
0.1550	49.7750	0.0044	74.7750	
0.1550	49.8250	0.0044	74.7750	
0.1549	49.7250	0.0043	74.8500	
0.1547	49.6750	0.0043	74.8250	
0.1548	49.8000	0.0043	74.8000	
0.1546	49.6000	0.0043	74.8250	
0.1545	49.6250	0.0043	74.8750	
0.1544	49.6250	0.0043	74.8250	
0.1543	49.4250	0.0043	74.7750	
0.1543	49.3250	0.0043	74.7500	
0.1542	49.5500	0.0042	74.7750	
0.1541	49.5000	0.0042	74.6250	
0.1540	49.3750	0.0042	74.5250	
0.1540	49.4750	0.0042	74.5250	
0.1540	49.3750	0.0041	74.4500	
0.1538	49.4000	0.0041	74.3500	
0.1538	49.3750	0.0041	74.2250	
0.1538	49.4250	0.0040	74.3000	
0.1537	49.3750	0.0039	74.3000	
0.1536	49.3000	0.0039	74.3000	
0.1536	49.3500	0.0039	74.4000	
0.1534	49.4000	0.0038	74.4000	
0.1534	49.3750	0.0038	74.4250	
0.1535	49.2250	0.0038	74.3500	
0.1534	49.2750	0.0037	74.4500	
0.1535	49.2500	0.0037	74.4250	
0.1534	49.1750	0.0036	74.4250	
0.1531	49.2000	0.0036	74.4750	
0.1530	49.3000	0.0035	74.5000	
0.1529	49.2500	0.0035	74.4500	
0.1529	49.3500	0.0034	74.4500	
0.1530	49.3000	0.0034	74.5000	
0.1528	49.3750	0.0033	74.4750	
0.1527	49.2250	0.0033	74.4250	
0.1527	49.2000	0.0033	74.4250	
0.1532	48.9750	0.0032	74.4500	
0.1527	49.0750	0.0032	74.5000	
0.1528	49.3000	0.0031	74.4250	
0.1526	49.1250	0.0030	74.4250	
0.1524	49.1500	0.0030	74.4250	
0.1523	49.1000	0.0030	74.4500	
0.1522	49.2500	0.0029	74.4500	
0.1521	49.2750	0.0029	74.4250	
0.1523	49.2250	0.0028	74.4500	
0.1521	49.1750	0.0028	74.4500	
0.1520	49.1250	0.0028	74.4750	
0.1520	49.3250	0.0028	74.4000	
0.1518	49.1500	0.0027	74.4000	
0.1519	49.0000	0.0027	74.4750	
0.1518	49.2250	0.0027	74.4000	
0.1517	49.2000	0.0027	74.4000	
0.1517	49.1750	0.0027	74.4250	
0.1515	49.1500	0.0026	74.4500	
0.1517	49.1500	0.0026	74.5000	
0.1514	49.1250	0.0026	74.4000	
0.1515	49.1250	0.0026	74.4250	
0.1514	49.2250	0.0026	74.4000	
0.1512	49.0500	0.0026	74.4500	
0.1512	49.1500	0.0025	74.4000	
0.1513	49.1250	0.0025	74.4000	
0.1511	49.1750	0.0025	74.4000	
0.1511	49.0750	0.0025	74.4500	
0.1510	49.0750	0.0025	74.4250	
0.1509	49.2000	0.0025	74.4250	
0.1508	49.0250	0.0025	74.4000	
0.1508	49.2000	0.0025	74.4500	
0.1507	49.0750	0.0025	74.3750	
0.1506	49.1000	0.0025	74.4000	
0.1506	49.0750	0.0025	74.4500	
0.1506	49.0500	0.0025	74.4000	
0.1505	49.4000	0.0025	74.4500	
0.1504	49.2000	0.0025	74.3750	
0.1503	49.1000	0.0025	74.3750	
0.1502	49.2500	0.0025	74.4250	
0.1504	48.9500	0.0025	74.4500	
0.1503	49.3250	0.0025	74.4250	
0.1501	49.0750	0.0024	74.4500	
0.1501	49.2750	0.0024	74.3750	
0.1501	49.2000	0.0024	74.4000	
0.1500	49.1000	0.0024	74.4250	
0.1499	49.1000	0.0024	74.4000	
0.1498	49.2000	0.0024	74.4500	
0.1498	49.1750	0.0024	74.4000	
0.1498	49.1500	0.0024	74.3750	
0.1497	49.2250	0.0024	74.4500	
0.1496	49.1500	0.0024	74.3750	
0.1496	49.2250	0.0024	74.4500	
0.1495	49.0250	0.0024	74.4500	
0.1494	49.0750	0.0024	74.4250	
0.1493	49.1000	0.0024	74.4000	
0.1494	49.1000	0.0024	74.3750	
0.1494	49.1750	0.0024	74.5500	
0.1492	49.2250	0.0024	74.4250	
0.1492	49.1500	0.0024	74.4000	
0.1491	49.1000	0.0024	74.4500	
0.1491	49.1500	0.0024	74.4750	
0.1491	48.9500	0.0024	74.4500	
0.1493	49.2500	0.0024	74.4750	
0.1492	48.9750	0.0024	74.4250	
0.1489	49.2500	0.0024	74.4250	
0.1489	49.1750	0.0024	74.4500	
0.1488	49.1750	0.0024	74.4500	
0.1488	49.1500	0.0024	74.5250	
0.1489	49.0750	0.0024	74.5250	
0.1487	49.0750	0.0024	74.5000	
0.1487	49.0250	0.0024	74.4750	
0.1486	49.0500	0.0024	74.4750	
0.1486	49.2250	0.0024	74.5000	
0.1485	49.1000	0.0024	74.4750	
0.1484	49.3000	0.0024	74.4750	
0.1484	48.9750	0.0024	74.5750	
0.1484	49.0000	0.0024	74.5000	
0.1483	49.0250	0.0024	74.5250	
0.1482	49.0000	0.0024	74.5750	
0.1482	49.0750	0.0024	74.5000	
0.1482	49.0250	0.0024	74.5750	
0.1481	49.1500	0.0024	74.5000	
0.1480	48.9500	0.0024	74.5250	
0.1480	48.9750	0.0024	74.5250	
0.1480	48.9250	0.0024	74.5500	
0.1479	49.1500	0.0024	74.5000	
0.1478	49.0000	0.0024	74.5750	
0.1478	48.9750	0.0024	74.5500	
0.1477	48.9250	0.0023	74.5500	
0.1477	48.9500	0.0024	74.5000	
0.1475	49.1000	0.0023	74.5500	
0.1475	48.9750	0.0023	74.5750	
0.1475	48.9500	0.0023	74.6000	
0.1475	48.9500	0.0023	74.4750	
0.1475	48.8250	0.0023	74.6000	
0.1474	49.1500	0.0023	74.5000	
0.1473	48.9500	0.0023	74.6250	
0.1473	49.1000	0.0023	74.6750	
0.1473	49.1250	0.0024	74.5250	
0.1472	48.9750	0.0023	74.5500	
0.1470	49.1250	0.0023	74.5750	
0.1469	49.0000	0.0023	74.5750	
0.1469	48.7500	0.0023	74.5750	
0.1469	48.8500	0.0023	74.6000	
0.1469	48.8000	0.0023	74.6500	
0.1469	48.8000	0.0024	74.5500	
0.1468	48.9000	0.0023	74.6000	
0.1466	48.7750	0.0023	74.5750	
0.1465	48.8750	0.0023	74.5750	
0.1465	49.0250	0.0023	74.5750	
0.1464	49.0250	0.0023	74.6500	
0.1464	49.1000	0.0023	74.6000	
0.1463	48.9750	0.0023	74.6000	
0.1462	48.9000	0.0023	74.6250	
0.1461	49.1250	0.0023	74.6250	
0.1461	49.0500	0.0023	74.6000	
0.1461	48.9500	0.0023	74.6750	
0.1460	48.8250	0.0023	74.6000	
0.1459	48.7500	0.0023	74.5500	
0.1458	48.7750	0.0023	74.6500	
0.1458	48.7000	0.0023	74.6250	
0.1458	48.8500	0.0023	74.6000	
0.1458	48.9750	0.0023	74.6250	
0.1456	48.6500	0.0023	74.6500	
0.1457	48.8250	0.0023	74.6000	
0.1456	48.7250	0.0023	74.6250	
0.1455	48.8000	0.0023	74.6000	
0.1455	48.8500	0.0023	74.6500	
0.1453	48.7500	0.0023	74.6000	
0.1453	48.8000	0.0023	74.6000	
0.1453	48.9000	0.0023	74.6500	
0.1452	48.7500	0.0023	74.6250	
0.1451	48.8500	0.0023	74.6000	
0.1451	48.8750	0.0023	74.6250	
0.1450	48.7250	0.0023	74.6750	
0.1450	48.8500	0.0023	74.6250	
0.1450	48.8750	0.0023	74.5750	
0.1448	48.9250	0.0023	74.6500	
0.1448	48.8250	0.0023	74.6250	
0.1448	48.8500	0.0023	74.6500	
0.1448	48.6750	0.0023	74.6500	
0.1446	48.8000	0.0023	74.6250	
0.1445	48.6750	0.0023	74.6750	
0.1445	48.8750	0.0023	74.7000	
0.1445	48.8500	0.0023	74.5750	
0.1445	48.8500	0.0023	74.6500	
0.1444	48.8500	0.0023	74.7250	
0.1443	48.8000	0.0023	74.6500	
0.1442	48.7000	0.0023	74.6250	
0.1442	48.7250	0.0023	74.6250	
0.1443	48.6500	0.0023	74.6500	
0.1441	48.8250	0.0023	74.7000	
0.1443	48.6500	0.0023	74.6750	
0.1444	48.5750	0.0023	74.6750	
0.1440	48.7000	0.0022	74.6250	
0.1438	48.5750	0.0022	74.6750	
0.1438	48.7750	0.0022	74.7500	
0.1437	48.5500	0.0022	74.6500	
0.1437	48.5750	0.0022	74.6500	
0.1435	48.6000	0.0022	74.6500	
0.1435	48.5250	0.0022	74.6750	
0.1434	48.5500	0.0022	74.6500	
0.1434	48.7500	0.0022	74.7250	
0.1433	48.5250	0.0022	74.6500	
0.1433	48.4500	0.0022	74.7000	
0.1432	48.3750	0.0022	74.7250	
0.1431	48.3000	0.0022	74.6750	
0.1432	48.2250	0.0022	74.6500	
0.1430	48.4000	0.0022	74.7250	
0.1430	48.5750	0.0022	74.6750	
0.1430	48.3500	0.0022	74.7250	
0.1428	48.5500	0.0022	74.7250	
0.1428	48.4500	0.0022	74.6750	
0.1427	48.5750	0.0022	74.6750	
0.1427	48.5000	0.0022	74.7250	
0.1426	48.4250	0.0022	74.6500	
0.1426	48.3750	0.0022	74.7500	
0.1425	48.3500	0.0022	74.6750	
0.1424	48.4500	0.0022	74.7250	
0.1425	48.4250	0.0022	74.6750	
0.1423	48.3750	0.0022	74.7500	
0.1423	48.4250	0.0022	74.7500	
0.1423	48.3250	0.0022	74.7000	
0.1422	48.2750	0.0022	74.7250	
0.1421	48.2250	0.0022	74.7500	
0.1420	48.3250	0.0022	74.7250	
0.1421	48.5500	0.0022	74.7250	
0.1420	48.3000	0.0022	74.7500	
0.1418	48.7000	0.0022	74.8000	
0.1417	48.4250	0.0022	74.6250	
0.1418	48.5500	0.0022	74.7250	
0.1417	48.6000	0.0022	74.8000	
0.1416	48.4750	0.0022	74.7250	
0.1416	48.6750	0.0022	74.7250	
0.1415	48.4750	0.0022	74.7250	
0.1415	48.5250	0.0022	74.8250	
0.1413	48.4250	0.0022	74.6750	
0.1412	48.3500	0.0022	74.7500	
0.1411	48.4500	0.0022	74.7500	
0.1412	48.8000	0.0022	74.7500	
0.1411	48.8250	0.0022	74.8000	
0.1409	48.7000	0.0022	74.7250	
0.1409	48.6750	0.0022	74.7500	
0.1410	48.7500	0.0022	74.7750	
0.1410	48.3250	0.0022	74.8000	
0.1412	48.5250	0.0022	74.6750	
0.1409	48.1500	0.0022	74.8000	
0.1408	48.3500	0.0022	74.7750	
0.1406	48.4000	0.0022	74.7250	
0.1406	48.3750	0.0022	74.8500	
0.1407	48.7000	0.0022	74.9250	
0.1405	48.8000	0.0022	74.7250	
0.1404	48.5750	0.0022	74.8250	
0.1404	48.4750	0.0022	74.8250	
0.1403	48.5250	0.0022	74.8000	
0.1404	48.2750	0.0022	74.8750	
0.1405	48.4500	0.0022	74.7750	
0.1402	48.2000	0.0022	74.8000	
0.1402	48.1000	0.0022	74.8250	
0.1403	48.1500	0.0022	74.8500	
0.1402	47.9750	0.0022	74.7750	
0.1401	48.1750	0.0022	74.8250	
0.1400	48.0750	0.0022	74.8000	
0.1401	47.9000	0.0022	74.9000	
0.1401	47.8500	0.0022	74.8000	
0.1399	47.8500	0.0022	74.8500	
0.1401	47.9500	0.0022	74.8750	
0.1399	47.8250	0.0022	74.8500	
0.1399	47.6000	0.0022	74.9500	
0.1400	47.6750	0.0022	74.7750	
0.1404	47.9000	0.0022	74.8750	
0.1402	48.0750	0.0022	74.8000	
0.1397	47.7750	0.0022	74.8750	
0.1397	47.6750	0.0022	74.9000	
0.1398	47.6500	0.0022	74.8500	
0.1397	47.3500	0.0022	74.8250	
0.1398	47.9500	0.0022	74.8000	
0.1398	47.5250	0.0022	74.8750	
0.1394	47.6000	0.0022	74.8000	
0.1395	47.5500	0.0022	74.8750	
0.1395	47.3000	0.0022	74.8000	
0.1394	47.3250	0.0022	74.9000	
0.1393	47.2500	0.0022	74.8500	
0.1393	47.3500	0.0022	74.8250	
0.1394	47.2250	0.0021	74.9000	
0.1393	47.1250	0.0022	74.8250	
0.1393	46.9500	0.0022	74.9000	
0.1391	47.1000	0.0022	74.8500	
0.1392	46.9750	0.0022	74.9250	
0.1392	46.9250	0.0022	74.9000	
0.1392	47.4000	0.0021	74.8500	
0.1391	46.9750	0.0021	74.8750	
0.1390	46.9500	0.0021	74.9250	
0.1390	47.1000	0.0021	74.9000	
0.1390	46.7250	0.0021	74.9000	
0.1390	46.4000	0.0021	74.9750	
0.1389	46.7500	0.0021	74.8250	
0.1390	46.6500	0.0021	74.9000	
0.1388	46.6750	0.0021	74.8250	
0.1388	46.7000	0.0021	74.9000	
0.1388	46.3250	0.0022	74.9250	
0.1387	46.3750	0.0021	74.8750	
0.1387	45.9250	0.0021	74.8750	
0.1387	46.3250	0.0021	74.8750	
0.1387	46.4500	0.0021	74.8750	
0.1386	46.3750	0.0021	74.9250	
0.1386	46.1000	0.0021	74.9250	
0.1386	46.1000	0.0022	74.8750	
0.1385	45.7500	0.0022	74.9500	
0.1385	46.1250	0.0021	74.9000	
0.1386	45.8250	0.0021	74.9000	
0.1384	45.7750	0.0021	74.9000	
0.1384	45.6250	0.0021	75.0000	
0.1384	45.6750	0.0021	74.9250	
0.1384	45.5500	0.0021	74.9250	
0.1384	45.6000	0.0021	74.9000	
0.1382	45.5500	0.0021	74.9750	
0.1383	45.5250	0.0021	74.9250	
0.1382	45.7250	0.0021	74.9250	
0.1383	45.3000	0.0021	74.9250	
0.1382	45.7500	0.0021	74.9250	
0.1382	45.3500	0.0021	75.0000	
0.1382	45.0000	0.0021	74.9250	
0.1382	45.1250	0.0021	74.9500	
0.1383	44.9750	0.0021	74.9250	
0.1381	45.2250	0.0021	74.9250	
0.1380	44.8250	0.0021	74.9250	
0.1382	44.9000	0.0021	74.9250	
0.1381	44.7000	0.0021	74.8500	
0.1380	45.3000	0.0021	74.9750	
0.1380	44.9500	0.0021	74.9000	
0.1379	44.8250	0.0021	74.9250	
0.1380	44.8000	0.0021	74.9750	
0.1383	44.8500	0.0021	74.9500	
0.1381	44.2000	0.0021	75.0000	
0.1378	44.3000	0.0021	75.0000	
0.1379	43.6000	0.0021	75.0000	
0.1381	44.1500	0.0021	74.9250	
0.1379	44.3250	0.0021	74.9750	
0.1378	44.5500	0.0021	74.9750	
0.1380	44.4750	0.0021	74.9750	
0.1380	44.3500	0.0021	74.9500	
0.1377	43.8000	0.0021	75.0250	
0.1377	44.5000	0.0021	74.9750	
0.1377	44.2000	0.0021	74.9250	
0.1376	43.5000	0.0021	74.9750	
0.1377	43.4500	0.0021	74.9750	
0.1376	42.3500	0.0021	75.0000	
0.1377	42.7750	0.0021	74.9500	
0.1375	42.6750	0.0021	74.9750	
0.1375	43.7750	0.0021	75.0000	
0.1375	43.4000	0.0021	75.0000	
0.1374	42.8750	0.0021	75.0250	
0.1375	43.3000	0.0021	74.9500	
0.1376	42.9750	0.0021	75.0000	
0.1374	43.2750	0.0021	74.9750	
0.1374	42.9500	0.0021	75.0000	
0.1375	41.6500	0.0021	75.0000	
0.1375	42.7000	0.0021	75.0000	
0.1374	41.1250	0.0021	74.9000	
0.1373	41.1250	0.0021	75.0000	
0.1372	42.0250	0.0021	75.0000	
0.1373	41.7500	0.0021	75.0250	
0.1373	41.6250	0.0021	75.0000	
0.1372	42.6250	0.0021	75.0250	
0.1372	41.7000	0.0021	75.0000	
0.1373	41.9500	0.0020	75.0000	
0.1372	41.2000	0.0020	75.0000	
0.1372	41.0000	0.0020	75.0250	
0.1371	41.3750	0.0020	74.9750	
0.1371	40.5500	0.0020	75.0000	
0.1371	40.9500	0.0020	75.0000	
0.1371	40.6250	0.0020	75.0250	
0.1371	40.3500	0.0020	74.9250	
0.1371	39.7750	0.0020	74.9750	
0.1370	41.1000	0.0020	75.0250	
0.1370	40.4750	0.0020	74.9500	
0.1370	41.0250	0.0020	75.0000	
0.1370	41.3000	0.0020	74.9500	
0.1370	40.1250	0.0020	74.9750	
0.1369	39.9750	0.0020	74.9750	
0.1370	39.9500	0.0020	75.0250	
0.1369	39.0000	0.0020	74.9750	
0.1368	38.7250	0.0020	74.9500	
0.1369	38.7000	0.0020	75.0500	
0.1369	39.0500	0.0020	75.0500	
0.1369	39.0000	0.0020	75.0000	
0.1368	38.3000	0.0020	75.0000	
0.1370	38.1500	0.0020	74.9750	
0.1369	38.8000	0.0020	74.9750	
0.1368	38.2750	0.0020	74.9750	
0.1368	38.7000	0.0020	75.0750	
0.1368	38.4000	0.0020	75.0000	
0.1367	38.1250	0.0020	75.0000	
0.1367	37.9250	0.0020	75.0500	
0.1367	38.6750	0.0020	74.9750	
0.1368	38.7750	0.0020	75.0250	
0.1368	37.4250	0.0020	74.9750	
0.1366	38.2500	0.0020	75.0000	
0.1366	38.1750	0.0020	75.0000	
0.1366	38.0750	0.0020	75.0500	
0.1366	37.3250	0.0020	74.9250	
0.1366	37.4500	0.0020	75.0500	
0.1366	37.6750	0.0020	74.8750	
0.1366	37.9000	0.0020	75.0250	
0.1365	37.3000	0.0020	74.9500	
0.1366	36.6750	0.0020	75.0500	
0.1365	37.0000	0.0020	74.9500	
0.1367	36.2250	0.0019	74.9750	
0.1367	37.4250	0.0019	75.0250	
0.1366	36.2000	0.0020	75.0250	
0.1365	36.1750	0.0019	74.9750	
0.1364	36.3250	0.0019	74.9500	
0.1364	35.8250	0.0019	74.9500	
0.1364	35.9750	0.0020	75.0000	
0.1365	35.8750	0.0020	74.9250	
0.1364	36.5000	0.0020	74.9750	
0.1365	36.2500	0.0019	75.0750	
0.1365	36.6500	0.0019	74.9250	
0.1365	35.2000	0.0019	74.9250	
0.1364	34.8750	0.0019	75.0250	
0.1364	34.5000	0.0019	75.0500	
0.1363	34.3750	0.0019	75.0000	
