Loss_Adversary	Accuracy_Adversary	Loss_Target	Accuracy_Target	
0.3148	0.4214	0.6303	50.0000	50.0000	
0.3120	0.4130	0.6227	50.0000	50.0000	
0.3085	0.4052	0.6144	50.0000	50.0000	
0.3044	0.3980	0.6054	50.0000	50.0000	
0.3002	0.3912	0.5965	50.0000	50.0000	
0.2958	0.3848	0.5874	50.0000	50.0000	
0.2909	0.3787	0.5779	50.0000	50.0000	
0.2856	0.3729	0.5679	50.0000	50.0000	
0.2797	0.3674	0.5571	50.0000	50.0000	
0.2734	0.3620	0.5457	50.0000	50.0000	
0.2666	0.3566	0.5337	50.0000	50.0000	
0.2592	0.3516	0.5209	50.0000	50.0000	
0.2515	0.3465	0.5077	50.0000	50.0000	
0.2432	0.3416	0.4939	50.0000	50.0000	
0.2348	0.3366	0.4797	50.0000	50.0000	
0.2263	0.3317	0.4654	50.0000	50.0000	
0.2176	0.3269	0.4510	50.0000	50.0000	
0.2089	0.3221	0.4365	50.0000	50.0000	
0.2004	0.3174	0.4223	50.0000	50.0000	
0.1917	0.3126	0.4079	50.0000	50.0000	
0.1832	0.3080	0.3937	50.0000	50.0000	
0.1747	0.3035	0.3797	50.0000	50.0000	
0.1665	0.2989	0.3659	50.0000	50.0000	
0.1584	0.2945	0.3525	50.0000	50.0000	
0.1508	0.2900	0.3397	50.0000	50.0000	
0.1434	0.2855	0.3273	50.0000	50.0000	
0.1363	0.2812	0.3153	50.0000	50.0000	
0.1297	0.2767	0.3038	50.0000	50.0000	
0.1233	0.2722	0.2928	50.0000	50.0000	
0.1174	0.2677	0.2825	50.0000	50.0000	
0.1118	0.2631	0.2725	50.0000	50.0000	
0.1067	0.2587	0.2632	50.0000	50.0000	
0.1019	0.2540	0.2544	50.0000	50.0000	
0.0974	0.2495	0.2461	50.0000	50.0000	
0.0933	0.2449	0.2382	50.0000	50.0000	
0.0895	0.2403	0.2308	50.0000	50.0000	
0.0860	0.2357	0.2239	50.0000	50.0000	
0.0827	0.2312	0.2173	50.0000	50.0000	
0.0798	0.2266	0.2112	50.0000	50.0000	
0.0772	0.2224	0.2055	50.0000	50.0000	
0.0748	0.2181	0.2003	50.0000	50.0000	
0.0725	0.2140	0.1953	50.0000	50.0000	
0.0701	0.2099	0.1901	50.0000	50.0000	
0.0668	0.2065	0.1839	50.0000	50.0000	
0.0635	0.2026	0.1776	50.0000	50.0000	
0.0604	0.1994	0.1717	50.0000	50.0000	
0.0577	0.1964	0.1667	50.0000	50.0000	
0.0555	0.1941	0.1624	50.0000	58.9250	
0.0534	0.1926	0.1588	50.0000	77.9500	
0.0512	0.1927	0.1558	50.0000	85.1750	
0.0486	0.1942	0.1526	47.5250	91.0250	
0.0455	0.1955	0.1487	32.3250	94.3250	
0.0409	0.1955	0.1422	33.2250	96.8250	
0.0342	0.1954	0.1327	34.4750	98.7500	
0.0270	0.1945	0.1219	31.9750	98.4750	
0.0190	0.1920	0.1094	29.8500	95.2250	
0.0102	0.1891	0.0955	28.7750	88.1000	
0.0009	0.1848	0.0805	29.2750	80.3000	
-0.0076	0.1812	0.0668	29.2000	75.9750	
-0.0145	0.1758	0.0547	28.2250	74.5750	
-0.0210	0.1710	0.0433	27.7000	74.1750	
-0.0263	0.1663	0.0337	26.8750	75.0000	
-0.0301	0.1627	0.0267	26.8000	74.9500	
-0.0331	0.1599	0.0213	26.8250	74.6000	
-0.0349	0.1576	0.0176	26.8750	73.8750	
-0.0362	0.1557	0.0151	26.9750	73.6250	
-0.0369	0.1541	0.0133	26.8750	73.6000	
-0.0374	0.1527	0.0120	26.6500	73.3000	
-0.0378	0.1514	0.0109	26.4000	73.5000	
-0.0380	0.1504	0.0101	26.2500	73.0750	
-0.0381	0.1493	0.0096	26.1250	72.7000	
-0.0382	0.1490	0.0092	25.8250	72.9500	
-0.0385	0.1483	0.0085	25.9250	72.4500	
-0.0387	0.1476	0.0080	25.9250	72.5250	
-0.0388	0.1472	0.0077	25.9500	72.5250	
-0.0388	0.1467	0.0074	25.5000	72.4000	
-0.0389	0.1463	0.0071	25.4500	72.3250	
-0.0390	0.1458	0.0067	25.3750	72.3750	
-0.0391	0.1453	0.0065	25.4000	72.2250	
-0.0391	0.1450	0.0063	25.3750	72.3750	
-0.0391	0.1451	0.0064	25.6000	72.3000	
-0.0392	0.1445	0.0060	25.4500	72.3250	
-0.0393	0.1442	0.0057	25.3750	72.1250	
-0.0393	0.1441	0.0056	25.3250	72.4000	
-0.0393	0.1436	0.0053	25.3500	72.4250	
-0.0395	0.1435	0.0051	25.2250	72.6500	
-0.0396	0.1434	0.0049	25.0250	72.2250	
-0.0396	0.1433	0.0048	25.1000	72.4250	
-0.0397	0.1433	0.0047	25.2250	72.6000	
-0.0398	0.1429	0.0044	25.0250	72.2250	
-0.0398	0.1428	0.0044	24.9500	72.4750	
-0.0398	0.1431	0.0044	25.0000	72.6250	
-0.0399	0.1431	0.0044	25.1750	72.3000	
-0.0400	0.1430	0.0041	24.9750	72.8750	
-0.0400	0.1426	0.0039	25.0750	72.5000	
-0.0402	0.1428	0.0038	24.8500	72.6500	
-0.0401	0.1429	0.0039	25.0250	72.6250	
-0.0402	0.1426	0.0036	24.9500	73.1250	
-0.0403	0.1426	0.0035	24.8250	73.0250	
-0.0404	0.1427	0.0034	24.9500	72.5500	
-0.0404	0.1426	0.0034	25.0750	72.8250	
-0.0405	0.1425	0.0033	24.8750	73.0750	
-0.0405	0.1427	0.0033	25.0000	73.0750	
-0.0404	0.1428	0.0034	25.0000	72.9250	
-0.0406	0.1426	0.0032	24.8250	73.0750	
-0.0406	0.1427	0.0031	25.0250	73.0750	
-0.0406	0.1431	0.0033	25.0250	73.2500	
-0.0407	0.1428	0.0030	25.0250	73.0750	
-0.0408	0.1428	0.0029	25.1250	73.2250	
-0.0408	0.1428	0.0029	25.2250	73.3250	
-0.0408	0.1428	0.0029	25.3250	73.0500	
-0.0410	0.1432	0.0029	25.2000	73.1000	
-0.0409	0.1429	0.0028	25.1000	73.0250	
-0.0410	0.1430	0.0027	25.1250	73.2250	
-0.0411	0.1431	0.0027	25.3000	73.3250	
-0.0411	0.1431	0.0026	25.3250	73.1250	
-0.0411	0.1434	0.0028	25.3500	73.3250	
-0.0412	0.1434	0.0027	25.5500	73.4250	
-0.0412	0.1436	0.0027	25.5250	73.2000	
-0.0412	0.1435	0.0026	25.4750	73.2500	
-0.0413	0.1435	0.0025	25.3750	73.3250	
-0.0414	0.1437	0.0025	25.5000	73.4500	
-0.0412	0.1437	0.0027	25.6250	73.5750	
-0.0414	0.1439	0.0026	25.7250	73.5250	
-0.0415	0.1439	0.0024	25.6750	73.3750	
-0.0415	0.1438	0.0023	25.6750	73.5000	
-0.0415	0.1439	0.0024	25.6250	73.4750	
-0.0416	0.1441	0.0023	25.8000	73.5500	
-0.0416	0.1442	0.0024	25.9500	73.5500	
-0.0416	0.1442	0.0023	25.7500	73.6500	
-0.0417	0.1444	0.0024	25.8000	73.7000	
-0.0417	0.1443	0.0023	26.2000	73.7500	
-0.0418	0.1445	0.0022	26.0250	73.7750	
-0.0418	0.1446	0.0023	26.2750	73.6750	
-0.0418	0.1447	0.0022	26.5750	73.8250	
-0.0418	0.1447	0.0023	26.6500	73.9250	
-0.0417	0.1449	0.0025	26.5250	73.9250	
-0.0419	0.1453	0.0024	27.2500	73.8500	
-0.0419	0.1449	0.0022	27.4750	73.9500	
-0.0420	0.1450	0.0022	27.5750	74.0250	
-0.0420	0.1452	0.0022	28.9500	74.0750	
-0.0421	0.1452	0.0022	29.3750	74.0250	
-0.0421	0.1453	0.0022	29.6000	74.0750	
-0.0421	0.1454	0.0022	29.8000	74.1750	
-0.0421	0.1456	0.0022	29.4250	74.1000	
-0.0420	0.1457	0.0024	31.2000	74.0500	
-0.0419	0.1457	0.0025	33.1750	74.1500	
-0.0421	0.1458	0.0023	32.5250	74.2750	
-0.0422	0.1456	0.0022	33.1500	74.2500	
-0.0422	0.1457	0.0022	32.7750	74.1500	
-0.0423	0.1458	0.0021	34.0500	74.4000	
-0.0423	0.1458	0.0021	35.2750	74.3000	
-0.0423	0.1458	0.0020	35.1250	74.3500	
-0.0423	0.1458	0.0021	34.7000	74.4250	
-0.0423	0.1459	0.0022	35.1750	74.4000	
-0.0423	0.1460	0.0022	35.6000	74.4000	
-0.0424	0.1460	0.0021	36.1500	74.3750	
-0.0424	0.1462	0.0021	37.3750	74.3500	
-0.0424	0.1463	0.0021	36.2750	74.5250	
-0.0424	0.1462	0.0021	36.7000	74.4750	
-0.0424	0.1463	0.0021	37.4500	74.4250	
-0.0423	0.1465	0.0023	38.1000	74.4750	
-0.0424	0.1465	0.0022	38.9750	74.4750	
-0.0423	0.1462	0.0023	39.3250	74.6000	
-0.0424	0.1464	0.0022	39.2000	74.7500	
-0.0423	0.1463	0.0023	38.9750	74.6750	
-0.0424	0.1466	0.0022	39.5250	74.7000	
-0.0423	0.1465	0.0023	39.8500	74.5000	
-0.0425	0.1465	0.0021	39.3500	74.6750	
-0.0423	0.1468	0.0024	39.3500	74.5500	
-0.0425	0.1469	0.0023	40.8750	74.6500	
-0.0425	0.1468	0.0022	40.2750	74.5750	
-0.0426	0.1467	0.0021	40.3250	74.6250	
-0.0426	0.1467	0.0020	40.4750	74.7000	
-0.0425	0.1471	0.0023	41.5750	74.6500	
-0.0425	0.1470	0.0023	41.4500	74.7000	
-0.0425	0.1469	0.0022	40.6000	74.6500	
-0.0426	0.1470	0.0021	40.7750	74.7250	
-0.0426	0.1471	0.0022	41.1750	74.8000	
-0.0426	0.1469	0.0021	41.6500	74.7750	
-0.0426	0.1469	0.0021	41.8500	74.8500	
-0.0427	0.1475	0.0023	40.6750	74.7500	
-0.0425	0.1471	0.0023	41.0000	74.7250	
-0.0425	0.1470	0.0023	42.7250	74.8000	
-0.0426	0.1471	0.0021	43.0000	74.8500	
-0.0426	0.1471	0.0021	42.0750	74.9250	
-0.0426	0.1473	0.0023	41.1250	74.8000	
-0.0427	0.1472	0.0021	41.8250	74.7500	
-0.0427	0.1471	0.0021	41.0250	74.7250	
-0.0426	0.1470	0.0022	41.6500	74.6750	
-0.0426	0.1470	0.0021	42.5750	74.8500	
-0.0427	0.1474	0.0022	42.8250	75.0250	
-0.0427	0.1472	0.0021	43.1500	74.6750	
-0.0427	0.1472	0.0021	41.8000	74.5750	
-0.0427	0.1472	0.0021	41.4000	74.9250	
-0.0427	0.1472	0.0021	42.6750	74.8750	
-0.0427	0.1475	0.0022	43.7500	74.8750	
-0.0427	0.1475	0.0023	43.8500	74.9000	
-0.0427	0.1473	0.0022	43.7250	74.8000	
-0.0426	0.1475	0.0024	43.5500	75.0000	
-0.0425	0.1475	0.0025	43.1000	74.7500	
-0.0425	0.1473	0.0024	43.9500	74.9500	
-0.0426	0.1472	0.0022	44.1000	74.8000	
-0.0428	0.1474	0.0021	45.1250	74.7750	
-0.0427	0.1474	0.0022	44.3750	74.8750	
-0.0427	0.1474	0.0021	44.8750	74.8500	
-0.0428	0.1475	0.0021	44.8500	74.9500	
-0.0427	0.1475	0.0022	45.1250	74.9000	
-0.0427	0.1475	0.0022	46.4500	74.8250	
-0.0427	0.1474	0.0021	46.4500	74.8500	
-0.0428	0.1474	0.0021	45.1500	74.9250	
-0.0428	0.1475	0.0021	45.0750	74.9250	
-0.0428	0.1477	0.0021	46.6250	75.0250	
-0.0428	0.1476	0.0021	47.1250	74.8750	
-0.0428	0.1475	0.0021	46.9000	74.9250	
-0.0428	0.1477	0.0022	46.5000	75.0000	
-0.0427	0.1481	0.0025	46.2750	74.9500	
-0.0426	0.1474	0.0022	47.0250	75.0000	
-0.0427	0.1475	0.0022	47.4000	75.1500	
-0.0428	0.1478	0.0022	48.0250	74.8500	
-0.0427	0.1475	0.0022	47.8500	75.1000	
-0.0428	0.1474	0.0021	48.0750	75.0250	
-0.0428	0.1475	0.0021	47.2750	74.9250	
-0.0428	0.1476	0.0020	47.5000	74.9500	
-0.0428	0.1476	0.0020	47.5500	75.1000	
-0.0428	0.1476	0.0021	48.8500	75.0500	
-0.0428	0.1477	0.0022	48.2750	74.9500	
-0.0428	0.1475	0.0021	48.1500	75.0000	
-0.0428	0.1475	0.0021	48.0500	75.0250	
-0.0428	0.1479	0.0022	49.2000	75.1250	
-0.0428	0.1478	0.0022	48.7500	75.0750	
-0.0428	0.1476	0.0022	49.2500	74.9000	
-0.0428	0.1477	0.0021	48.9500	75.1500	
-0.0428	0.1478	0.0022	48.1500	75.0000	
-0.0428	0.1476	0.0021	49.2750	75.1000	
-0.0429	0.1477	0.0021	49.3250	75.0750	
-0.0429	0.1477	0.0020	49.2000	75.0000	
-0.0429	0.1477	0.0021	49.4750	75.0750	
-0.0428	0.1475	0.0020	49.5000	75.0750	
-0.0429	0.1477	0.0021	49.7250	75.0750	
-0.0428	0.1477	0.0021	49.1000	75.0000	
-0.0429	0.1477	0.0020	49.5250	75.0000	
-0.0429	0.1477	0.0020	49.8000	75.1000	
-0.0429	0.1477	0.0020	50.5750	75.1250	
-0.0429	0.1477	0.0020	51.4250	75.1250	
-0.0429	0.1478	0.0020	51.0500	75.0750	
-0.0429	0.1477	0.0020	50.8500	75.0000	
-0.0429	0.1477	0.0020	50.7500	75.2000	
-0.0429	0.1477	0.0021	51.5750	75.0750	
-0.0429	0.1478	0.0021	52.0500	75.1500	
-0.0429	0.1478	0.0021	51.8750	75.1500	
-0.0429	0.1479	0.0020	51.5750	75.0750	
-0.0429	0.1480	0.0021	51.4500	75.1500	
-0.0428	0.1477	0.0021	51.7750	75.2250	
-0.0429	0.1478	0.0021	51.5500	75.1250	
-0.0429	0.1477	0.0020	51.4250	75.1250	
-0.0429	0.1478	0.0020	51.6000	75.2000	
-0.0428	0.1476	0.0021	52.1250	75.2250	
-0.0429	0.1477	0.0020	51.7750	75.1000	
-0.0429	0.1478	0.0020	51.3000	75.1000	
-0.0429	0.1478	0.0020	51.3750	75.1750	
-0.0429	0.1477	0.0020	52.2250	75.1500	
-0.0429	0.1478	0.0021	52.5000	75.2750	
-0.0429	0.1477	0.0020	51.5000	75.0500	
-0.0429	0.1477	0.0020	51.9250	75.1500	
-0.0429	0.1478	0.0021	52.3000	75.1250	
-0.0428	0.1477	0.0021	52.0500	75.2000	
-0.0428	0.1479	0.0023	52.1000	75.1000	
-0.0428	0.1478	0.0022	52.5500	75.1750	
-0.0429	0.1479	0.0021	52.0250	75.2000	
-0.0429	0.1477	0.0020	52.3750	75.1000	
-0.0429	0.1478	0.0020	52.4250	75.2250	
-0.0429	0.1477	0.0020	51.3250	75.1000	
-0.0430	0.1478	0.0020	52.0750	75.2500	
-0.0429	0.1481	0.0022	52.7500	75.1250	
-0.0427	0.1474	0.0021	51.8750	75.1000	
-0.0429	0.1478	0.0021	53.2750	75.1750	
-0.0429	0.1478	0.0020	53.0750	75.2000	
-0.0429	0.1478	0.0020	53.1500	75.2250	
-0.0430	0.1478	0.0020	52.4000	75.2000	
-0.0430	0.1477	0.0019	53.1500	75.2750	
-0.0430	0.1478	0.0020	54.3250	75.2750	
-0.0429	0.1478	0.0020	54.5250	75.3500	
-0.0429	0.1478	0.0020	54.3000	75.2750	
-0.0429	0.1477	0.0021	53.7750	75.2500	
-0.0429	0.1481	0.0022	53.5750	75.2500	
-0.0428	0.1478	0.0022	52.2500	75.2500	
-0.0429	0.1480	0.0022	51.7750	75.3250	
-0.0427	0.1477	0.0023	53.2250	75.4000	
-0.0428	0.1479	0.0022	53.2750	75.1500	
-0.0429	0.1477	0.0020	53.1000	75.1000	
-0.0430	0.1478	0.0020	52.9750	75.3250	
-0.0430	0.1478	0.0019	53.4000	75.3000	
-0.0430	0.1479	0.0020	52.8250	75.2750	
-0.0429	0.1478	0.0020	52.0750	75.3250	
-0.0430	0.1478	0.0020	53.1500	75.3750	
-0.0429	0.1479	0.0020	53.8750	75.2750	
-0.0430	0.1478	0.0020	53.3750	75.3250	
-0.0430	0.1478	0.0020	53.6750	75.2750	
-0.0429	0.1478	0.0020	54.1000	75.3000	
-0.0429	0.1478	0.0020	52.9750	75.2250	
-0.0429	0.1479	0.0020	52.3500	75.2750	
-0.0430	0.1478	0.0020	52.4250	75.4250	
-0.0430	0.1480	0.0020	52.6250	75.2250	
-0.0429	0.1479	0.0021	52.6750	75.3000	
-0.0430	0.1478	0.0020	52.6500	75.2750	
-0.0430	0.1479	0.0020	53.7750	75.3000	
-0.0430	0.1479	0.0020	54.4000	75.2500	
-0.0430	0.1478	0.0020	53.8500	75.2500	
-0.0430	0.1478	0.0019	53.2750	75.1750	
-0.0430	0.1478	0.0019	54.4000	75.3500	
-0.0430	0.1478	0.0019	53.8750	75.4000	
-0.0430	0.1479	0.0019	53.5250	75.3000	
-0.0430	0.1478	0.0020	53.7750	75.2750	
-0.0430	0.1477	0.0019	53.2500	75.2500	
-0.0430	0.1478	0.0020	53.1000	75.3250	
-0.0430	0.1478	0.0019	53.1250	75.4250	
-0.0430	0.1478	0.0019	52.7750	75.2250	
-0.0430	0.1478	0.0020	53.3500	75.4000	
-0.0430	0.1478	0.0019	52.6500	75.3250	
-0.0430	0.1479	0.0020	53.2500	75.2750	
-0.0430	0.1478	0.0020	52.8250	75.2500	
-0.0430	0.1477	0.0019	53.3000	75.3500	
-0.0429	0.1478	0.0020	53.3500	75.3250	
-0.0430	0.1478	0.0019	52.5750	75.2500	
-0.0430	0.1478	0.0020	52.5000	75.3000	
-0.0430	0.1478	0.0020	53.0000	75.2500	
-0.0430	0.1479	0.0020	53.0250	75.2000	
-0.0430	0.1478	0.0019	52.3750	75.3250	
-0.0430	0.1479	0.0020	52.5500	75.3000	
-0.0430	0.1478	0.0020	52.3500	75.2750	
-0.0430	0.1479	0.0020	52.5000	75.3500	
-0.0430	0.1478	0.0019	52.4250	75.3500	
-0.0430	0.1478	0.0019	52.6750	75.3750	
-0.0430	0.1477	0.0019	53.1000	75.3000	
-0.0430	0.1478	0.0019	52.1000	75.2500	
-0.0430	0.1478	0.0019	52.5000	75.3500	
-0.0430	0.1478	0.0019	52.7250	75.3250	
-0.0429	0.1478	0.0020	52.6500	75.4500	
-0.0429	0.1478	0.0020	52.7750	75.4250	
-0.0430	0.1478	0.0019	52.5250	75.2750	
-0.0430	0.1478	0.0019	52.7250	75.3250	
-0.0430	0.1478	0.0019	52.2750	75.3750	
-0.0430	0.1478	0.0019	52.2750	75.4250	
-0.0430	0.1478	0.0019	52.3750	75.4000	
-0.0430	0.1478	0.0020	52.9000	75.3500	
-0.0430	0.1478	0.0020	53.0750	75.4750	
-0.0430	0.1478	0.0020	51.7750	75.5500	
-0.0430	0.1478	0.0019	52.3750	75.3750	
-0.0430	0.1478	0.0019	52.5500	75.3750	
-0.0429	0.1477	0.0019	53.1000	75.2750	
-0.0430	0.1478	0.0020	52.5500	75.4500	
-0.0430	0.1478	0.0019	52.7000	75.2500	
-0.0430	0.1478	0.0019	52.4000	75.4250	
-0.0430	0.1478	0.0019	52.1500	75.4750	
-0.0430	0.1478	0.0020	52.4500	75.4750	
-0.0430	0.1478	0.0020	52.4500	75.3750	
-0.0429	0.1478	0.0020	52.2750	75.5750	
-0.0430	0.1479	0.0020	51.4750	75.6000	
-0.0429	0.1478	0.0021	52.2750	75.3500	
-0.0430	0.1478	0.0020	52.8250	75.5250	
-0.0429	0.1478	0.0020	52.6250	75.2250	
-0.0429	0.1478	0.0020	52.3250	75.4000	
-0.0430	0.1479	0.0020	52.3250	75.3250	
-0.0429	0.1477	0.0020	52.5750	75.3750	
-0.0430	0.1478	0.0020	52.4500	75.5000	
-0.0430	0.1477	0.0019	52.5000	75.3500	
-0.0430	0.1478	0.0019	52.8750	75.5000	
-0.0430	0.1478	0.0020	53.2750	75.4000	
-0.0430	0.1478	0.0019	52.6750	75.5250	
-0.0430	0.1477	0.0019	53.3500	75.4500	
-0.0430	0.1478	0.0020	53.8500	75.3000	
-0.0430	0.1478	0.0019	53.1750	75.3500	
-0.0430	0.1478	0.0019	52.5750	75.4000	
-0.0430	0.1478	0.0019	52.4000	75.4250	
-0.0430	0.1478	0.0019	52.5750	75.5000	
-0.0430	0.1477	0.0019	52.7500	75.3250	
-0.0429	0.1478	0.0020	53.2750	75.3500	
-0.0429	0.1477	0.0019	53.0750	75.4000	
-0.0429	0.1478	0.0021	52.8250	75.6500	
-0.0429	0.1477	0.0020	53.0500	75.6750	
-0.0430	0.1478	0.0019	53.1000	75.4500	
-0.0430	0.1477	0.0019	53.0000	75.3250	
-0.0430	0.1477	0.0020	53.1250	75.4250	
-0.0429	0.1476	0.0019	52.7500	75.3750	
-0.0429	0.1477	0.0020	52.9000	75.4750	
-0.0429	0.1477	0.0020	53.1000	75.4250	
-0.0429	0.1477	0.0020	53.1250	75.3750	
-0.0430	0.1477	0.0019	53.2250	75.2500	
-0.0430	0.1478	0.0020	52.4500	75.4250	
-0.0429	0.1476	0.0019	52.7250	75.3250	
-0.0429	0.1477	0.0020	52.5000	75.4250	
-0.0429	0.1477	0.0020	52.7750	75.4500	
-0.0429	0.1476	0.0019	53.4000	75.4000	
-0.0429	0.1475	0.0019	53.0750	75.4500	
-0.0429	0.1477	0.0019	53.0250	75.5000	
-0.0430	0.1477	0.0019	52.7750	75.4250	
-0.0430	0.1476	0.0019	53.0250	75.4250	
-0.0429	0.1476	0.0019	52.4000	75.4500	
-0.0429	0.1476	0.0020	53.0000	75.3500	
-0.0429	0.1476	0.0019	53.0500	75.3750	
-0.0429	0.1476	0.0019	53.0250	75.4750	
-0.0429	0.1477	0.0019	52.9750	75.4250	
-0.0429	0.1475	0.0019	52.4250	75.4000	
-0.0429	0.1476	0.0019	53.3000	75.5000	
-0.0429	0.1476	0.0019	53.4750	75.4500	
-0.0429	0.1474	0.0019	53.4000	75.3500	
-0.0429	0.1475	0.0020	52.8250	75.4250	
-0.0429	0.1475	0.0020	53.4750	75.4000	
-0.0429	0.1475	0.0019	53.3500	75.4000	
-0.0429	0.1474	0.0019	53.9500	75.4750	
-0.0428	0.1475	0.0020	53.5500	75.6250	
-0.0428	0.1476	0.0021	52.9750	75.3750	
-0.0429	0.1474	0.0019	53.9250	75.1250	
-0.0429	0.1474	0.0019	52.7250	75.3250	
-0.0428	0.1474	0.0020	53.3500	75.4000	
-0.0428	0.1476	0.0021	53.4000	75.4000	
-0.0428	0.1474	0.0020	52.7500	75.4000	
-0.0429	0.1475	0.0020	53.2500	75.5500	
-0.0428	0.1473	0.0019	53.0750	75.4000	
-0.0429	0.1472	0.0018	53.1000	75.3750	
-0.0428	0.1471	0.0019	53.6250	75.4500	
-0.0428	0.1473	0.0019	53.3250	75.5250	
-0.0427	0.1471	0.0020	53.6250	75.3500	
-0.0428	0.1472	0.0020	54.1500	75.3000	
-0.0428	0.1471	0.0019	53.4750	75.4750	
-0.0428	0.1471	0.0018	53.2000	75.5750	
-0.0428	0.1471	0.0019	53.8000	75.4500	
-0.0428	0.1470	0.0019	53.5750	75.4250	
-0.0428	0.1470	0.0018	53.6250	75.4250	
-0.0428	0.1471	0.0019	53.4750	75.4000	
-0.0428	0.1471	0.0019	53.3750	75.4000	
-0.0428	0.1471	0.0019	52.6750	75.5500	
-0.0427	0.1472	0.0020	53.6250	75.4750	
-0.0428	0.1470	0.0019	53.4750	75.3750	
-0.0428	0.1469	0.0019	53.2250	75.3500	
-0.0428	0.1471	0.0020	53.0500	75.5250	
-0.0428	0.1469	0.0019	53.3500	75.4000	
-0.0428	0.1470	0.0019	53.2750	75.5000	
-0.0428	0.1470	0.0019	52.7750	75.5000	
-0.0428	0.1469	0.0019	52.9000	75.4500	
-0.0427	0.1468	0.0019	52.6000	75.5250	
-0.0427	0.1469	0.0020	52.5000	75.4500	
-0.0427	0.1469	0.0019	52.1750	75.6250	
-0.0426	0.1468	0.0020	53.0250	75.2750	
-0.0427	0.1470	0.0020	53.5000	75.1750	
-0.0426	0.1468	0.0021	52.7500	75.2500	
-0.0427	0.1470	0.0019	52.3000	75.3750	
-0.0426	0.1468	0.0020	52.3000	75.2250	
-0.0427	0.1469	0.0019	53.1750	75.3250	
-0.0427	0.1468	0.0019	52.3500	75.5250	
-0.0428	0.1468	0.0018	52.4750	75.3500	
-0.0427	0.1467	0.0019	52.8500	75.1250	
-0.0427	0.1467	0.0018	52.9250	75.4250	
-0.0427	0.1468	0.0020	52.9750	75.3250	
-0.0428	0.1468	0.0018	53.0750	75.2750	
-0.0427	0.1468	0.0019	53.2000	75.2750	
-0.0427	0.1468	0.0019	52.9500	75.3000	
-0.0427	0.1468	0.0019	53.0000	75.4000	
-0.0427	0.1468	0.0019	53.4250	75.2250	
-0.0427	0.1467	0.0019	52.9250	75.2250	
-0.0427	0.1467	0.0018	52.9000	75.3500	
-0.0427	0.1466	0.0018	53.1500	75.3500	
-0.0427	0.1467	0.0018	53.3750	75.3000	
-0.0427	0.1469	0.0020	52.7250	75.3500	
-0.0426	0.1466	0.0020	52.9500	75.3000	
-0.0427	0.1468	0.0019	53.5000	75.1000	
-0.0426	0.1467	0.0020	52.4250	75.3250	
-0.0427	0.1466	0.0019	52.8000	75.2750	
-0.0426	0.1467	0.0020	53.2250	75.1500	
-0.0427	0.1467	0.0019	53.1250	75.0750	
-0.0427	0.1466	0.0019	53.2000	75.3500	
-0.0427	0.1465	0.0018	52.9500	75.1500	
-0.0427	0.1466	0.0018	53.2000	75.3250	
-0.0427	0.1465	0.0018	52.8500	75.2500	
-0.0427	0.1465	0.0018	53.2250	75.3000	
-0.0427	0.1466	0.0018	53.4750	75.3250	
-0.0427	0.1465	0.0018	53.0500	75.3000	
-0.0427	0.1466	0.0019	53.4250	75.2250	
-0.0427	0.1465	0.0018	53.2500	75.1500	
-0.0427	0.1465	0.0018	53.3250	75.2250	
-0.0427	0.1465	0.0018	53.6250	75.3750	
-0.0427	0.1465	0.0018	53.5250	75.3750	
-0.0427	0.1466	0.0018	53.8750	75.3000	
-0.0426	0.1466	0.0019	54.1500	75.3500	
-0.0427	0.1465	0.0019	54.1250	75.2500	
-0.0427	0.1465	0.0018	53.8500	75.2000	
-0.0427	0.1465	0.0018	53.9500	75.2750	
-0.0427	0.1466	0.0019	54.7000	75.2250	
-0.0427	0.1465	0.0018	54.0000	75.2500	
-0.0427	0.1464	0.0018	53.7000	75.4000	
-0.0426	0.1466	0.0019	53.7750	75.3250	
-0.0427	0.1466	0.0019	53.8250	75.2250	
-0.0426	0.1464	0.0019	53.8500	75.2500	
-0.0426	0.1465	0.0019	54.6750	75.0750	
-0.0426	0.1464	0.0019	54.5000	75.0000	
-0.0426	0.1465	0.0019	54.0750	75.3250	
-0.0426	0.1465	0.0019	54.4500	75.1250	
-0.0426	0.1464	0.0018	54.9500	75.0500	
-0.0426	0.1464	0.0019	54.6000	75.2500	
-0.0426	0.1465	0.0019	55.2500	75.1500	
-0.0425	0.1468	0.0022	54.4500	75.2750	
-0.0425	0.1464	0.0020	55.2000	75.1000	
-0.0426	0.1464	0.0019	55.2500	75.3500	
-0.0426	0.1464	0.0019	55.2750	75.2250	
-0.0426	0.1464	0.0019	55.6500	75.1000	
-0.0426	0.1464	0.0019	55.9000	75.2750	
-0.0426	0.1464	0.0019	55.5250	75.1750	
-0.0426	0.1464	0.0019	56.2000	75.1000	
-0.0426	0.1464	0.0019	56.5000	75.1500	
-0.0426	0.1463	0.0018	56.5000	75.2000	
-0.0426	0.1463	0.0018	56.6500	75.2000	
-0.0426	0.1464	0.0018	56.4750	75.1500	
-0.0426	0.1463	0.0018	56.5750	75.0750	
-0.0426	0.1464	0.0019	56.8750	75.1750	
-0.0426	0.1464	0.0019	57.5000	75.2000	
-0.0426	0.1463	0.0019	57.3500	75.0250	
-0.0426	0.1464	0.0019	57.2000	75.1000	
-0.0426	0.1464	0.0019	57.7000	75.1500	
-0.0426	0.1463	0.0019	57.7750	75.2250	
-0.0426	0.1464	0.0019	57.9750	75.1500	
-0.0426	0.1464	0.0019	58.2250	75.1750	
-0.0425	0.1462	0.0019	58.4250	75.1500	
-0.0426	0.1465	0.0020	58.0500	75.2250	
-0.0425	0.1463	0.0019	58.1750	75.2750	
-0.0426	0.1465	0.0020	58.6000	75.0250	
-0.0425	0.1464	0.0019	58.1750	74.9250	
-0.0426	0.1463	0.0019	58.4750	75.3750	
-0.0426	0.1464	0.0019	58.8000	75.3250	
-0.0426	0.1463	0.0019	59.0500	75.0250	
-0.0426	0.1463	0.0019	58.7000	75.2000	
-0.0426	0.1464	0.0019	58.8500	75.2250	
-0.0426	0.1464	0.0019	59.1500	75.2250	
-0.0425	0.1463	0.0019	59.0750	75.0750	
-0.0425	0.1463	0.0019	59.3250	75.1250	
-0.0426	0.1463	0.0019	58.9500	75.1750	
-0.0425	0.1462	0.0019	59.0500	75.1250	
-0.0425	0.1466	0.0021	59.3500	75.1000	
-0.0424	0.1463	0.0021	58.9000	75.2500	
-0.0425	0.1462	0.0019	58.6250	74.9500	
-0.0425	0.1463	0.0020	59.2500	75.0000	
-0.0425	0.1464	0.0020	59.2000	75.2500	
-0.0425	0.1462	0.0019	59.1250	75.1000	
-0.0425	0.1463	0.0019	59.6500	75.1500	
-0.0425	0.1462	0.0019	59.5500	75.1000	
-0.0425	0.1462	0.0019	59.6750	75.1500	
-0.0426	0.1463	0.0019	59.6250	75.0500	
-0.0425	0.1463	0.0020	59.4500	75.0500	
-0.0425	0.1463	0.0019	59.1500	75.0500	
-0.0425	0.1462	0.0019	59.6000	75.2750	
-0.0425	0.1462	0.0019	59.7000	75.2250	
-0.0425	0.1462	0.0020	59.6000	75.1000	
-0.0425	0.1465	0.0020	60.0250	75.0000	
-0.0425	0.1463	0.0020	59.2250	75.1500	
-0.0425	0.1462	0.0020	59.3750	74.9500	
-0.0425	0.1462	0.0019	59.8000	75.0750	
-0.0425	0.1462	0.0020	59.7000	75.1250	
-0.0425	0.1462	0.0019	59.5500	75.0750	
-0.0425	0.1463	0.0020	59.9250	75.0500	
-0.0425	0.1462	0.0019	59.9500	75.0750	
-0.0425	0.1463	0.0020	59.9500	75.1500	
-0.0425	0.1462	0.0020	59.9000	75.0500	
-0.0425	0.1464	0.0021	59.2250	75.1000	
-0.0424	0.1463	0.0020	60.0750	75.1500	
-0.0425	0.1462	0.0020	60.0250	75.1750	
-0.0425	0.1462	0.0020	60.1750	75.0250	
-0.0425	0.1461	0.0020	59.6500	75.1250	
-0.0425	0.1462	0.0020	59.9250	75.2500	
-0.0425	0.1462	0.0020	60.0500	75.1500	
-0.0425	0.1462	0.0020	59.9750	75.0750	
-0.0425	0.1462	0.0019	60.1250	75.0000	
-0.0425	0.1462	0.0020	59.8000	75.2000	
-0.0425	0.1462	0.0020	60.0250	75.0500	
-0.0425	0.1463	0.0020	60.0500	74.9000	
-0.0425	0.1462	0.0019	59.8750	75.1500	
-0.0425	0.1463	0.0020	60.3500	75.1750	
-0.0424	0.1462	0.0020	59.8750	74.9000	
-0.0425	0.1462	0.0019	60.1500	74.9750	
-0.0425	0.1461	0.0020	60.1000	75.1250	
-0.0425	0.1462	0.0020	59.7000	75.1250	
-0.0425	0.1462	0.0020	60.5250	75.0500	
-0.0425	0.1462	0.0020	60.6000	75.1250	
-0.0425	0.1462	0.0020	60.4750	75.0750	
-0.0424	0.1461	0.0020	60.7250	74.9000	
-0.0424	0.1461	0.0020	59.9500	75.0500	
-0.0425	0.1462	0.0019	60.2750	75.0500	
-0.0425	0.1461	0.0019	60.3750	75.1250	
-0.0425	0.1461	0.0019	60.4750	75.2000	
-0.0425	0.1461	0.0019	60.5250	75.1250	
-0.0425	0.1462	0.0019	60.5750	75.1500	
-0.0424	0.1461	0.0020	60.4500	75.1750	
-0.0424	0.1461	0.0020	59.9000	75.0500	
-0.0425	0.1461	0.0019	60.3250	75.1250	
-0.0425	0.1461	0.0019	60.6000	75.1750	
-0.0424	0.1461	0.0020	60.7750	75.1500	
-0.0424	0.1460	0.0020	60.3500	75.0250	
-0.0424	0.1460	0.0020	60.4750	75.0500	
-0.0424	0.1462	0.0022	60.6250	75.0750	
-0.0424	0.1461	0.0020	60.7250	74.9750	
-0.0424	0.1461	0.0020	60.4000	75.2000	
-0.0424	0.1460	0.0019	60.0500	75.1000	
-0.0424	0.1461	0.0020	61.0250	75.1500	
-0.0424	0.1461	0.0020	60.5750	75.1750	
-0.0424	0.1460	0.0019	60.3250	75.1000	
-0.0425	0.1460	0.0019	60.8750	75.3000	
-0.0425	0.1461	0.0020	60.8750	75.1500	
-0.0425	0.1460	0.0019	60.7000	75.0000	
-0.0424	0.1460	0.0020	60.8250	75.0000	
-0.0424	0.1460	0.0020	60.4250	74.9500	
-0.0425	0.1462	0.0020	60.7250	75.0250	
-0.0424	0.1459	0.0020	60.5750	75.0750	
-0.0424	0.1460	0.0020	60.4500	74.9250	
-0.0424	0.1460	0.0019	60.9750	75.0750	
-0.0424	0.1460	0.0019	60.9500	75.1250	
-0.0423	0.1459	0.0021	60.9250	75.0250	
-0.0424	0.1460	0.0020	60.7250	74.9000	
-0.0424	0.1459	0.0019	61.0000	75.0750	
-0.0424	0.1459	0.0019	61.1000	75.1750	
-0.0424	0.1459	0.0019	60.9750	75.0000	
-0.0424	0.1459	0.0020	60.8250	75.0000	
-0.0424	0.1459	0.0020	60.3250	75.0750	
-0.0424	0.1460	0.0020	60.7000	75.1500	
-0.0424	0.1459	0.0020	60.8750	74.9750	
-0.0424	0.1460	0.0021	60.8500	75.0000	
-0.0423	0.1459	0.0020	60.7000	75.1250	
-0.0423	0.1458	0.0021	60.8000	75.1250	
-0.0423	0.1460	0.0021	60.8500	75.1000	
-0.0424	0.1460	0.0020	61.4250	74.8000	
-0.0423	0.1460	0.0021	60.7000	75.0500	
-0.0423	0.1459	0.0020	61.2250	74.7250	
-0.0424	0.1459	0.0020	61.4000	74.9000	
-0.0424	0.1459	0.0020	61.4250	74.9500	
-0.0423	0.1457	0.0020	60.6250	74.9750	
-0.0424	0.1459	0.0020	60.6500	75.1250	
-0.0424	0.1458	0.0020	61.1000	75.1250	
-0.0424	0.1458	0.0019	61.5750	75.0250	
-0.0424	0.1458	0.0019	61.2500	75.0000	
-0.0424	0.1459	0.0019	60.8750	75.1000	
-0.0423	0.1458	0.0020	61.3000	75.0000	
-0.0424	0.1460	0.0020	61.0250	75.1000	
-0.0424	0.1459	0.0020	60.9500	75.1000	
-0.0424	0.1458	0.0019	61.4750	75.0750	
-0.0424	0.1458	0.0019	61.4250	75.1750	
-0.0424	0.1458	0.0019	61.3000	75.1750	
-0.0424	0.1458	0.0019	60.8750	75.1250	
-0.0424	0.1458	0.0019	61.3000	75.1000	
-0.0424	0.1458	0.0019	61.7000	75.1500	
-0.0424	0.1458	0.0019	61.1000	75.0500	
-0.0424	0.1458	0.0019	61.4250	75.1000	
-0.0424	0.1459	0.0020	61.3250	75.1500	
-0.0424	0.1458	0.0019	61.2500	75.1500	
-0.0424	0.1458	0.0019	61.6000	75.1250	
-0.0424	0.1458	0.0019	61.5250	75.0750	
-0.0424	0.1457	0.0019	61.5250	75.0750	
-0.0424	0.1458	0.0019	61.0000	75.1000	
-0.0424	0.1458	0.0019	61.7000	75.1750	
-0.0424	0.1458	0.0019	61.6500	75.1750	
-0.0424	0.1458	0.0019	61.3000	75.0500	
-0.0424	0.1457	0.0019	61.8000	75.1000	
-0.0424	0.1456	0.0019	61.6750	75.1000	
-0.0424	0.1457	0.0019	61.7500	75.1750	
-0.0424	0.1458	0.0019	61.1000	75.1000	
-0.0424	0.1457	0.0020	61.5750	75.1000	
-0.0424	0.1457	0.0019	61.6750	75.1750	
-0.0424	0.1457	0.0019	61.7500	75.2000	
-0.0424	0.1457	0.0019	61.4250	75.1500	
-0.0424	0.1457	0.0019	61.7750	75.1500	
-0.0424	0.1459	0.0019	61.3250	75.1750	
-0.0423	0.1457	0.0020	61.7750	75.1250	
-0.0424	0.1458	0.0019	62.0750	75.0750	
-0.0424	0.1457	0.0019	61.5000	75.2000	
-0.0424	0.1456	0.0019	61.7250	75.1250	
-0.0424	0.1456	0.0019	61.8250	75.1750	
-0.0424	0.1456	0.0019	61.7750	75.1750	
-0.0424	0.1456	0.0019	61.7750	75.0750	
-0.0424	0.1458	0.0019	61.3250	75.0500	
-0.0424	0.1457	0.0019	61.9000	75.1000	
-0.0424	0.1457	0.0019	61.7750	75.0750	
-0.0424	0.1457	0.0019	61.7250	75.1750	
-0.0424	0.1457	0.0019	61.9250	75.0500	
-0.0424	0.1460	0.0020	61.4000	75.0750	
-0.0423	0.1456	0.0020	61.7250	75.1250	
-0.0423	0.1456	0.0020	62.3750	75.1750	
-0.0423	0.1457	0.0020	61.7250	75.1000	
-0.0423	0.1456	0.0019	61.7250	74.9750	
-0.0423	0.1455	0.0020	61.8250	75.1750	
-0.0424	0.1456	0.0019	61.9500	75.1500	
-0.0424	0.1456	0.0019	61.8750	75.2250	
-0.0423	0.1456	0.0019	61.7750	75.1500	
-0.0423	0.1455	0.0019	61.8500	75.1750	
-0.0424	0.1456	0.0018	61.9750	75.1000	
-0.0424	0.1456	0.0018	61.7500	75.1000	
-0.0424	0.1456	0.0018	61.9500	75.1500	
-0.0424	0.1455	0.0019	61.7250	75.1000	
-0.0424	0.1456	0.0019	61.6500	75.1250	
-0.0423	0.1456	0.0019	62.1250	75.2000	
-0.0424	0.1456	0.0019	62.1500	74.9750	
-0.0424	0.1455	0.0018	62.0250	75.0500	
-0.0424	0.1456	0.0019	62.0500	75.1750	
-0.0424	0.1456	0.0018	61.9750	75.0500	
0.4034	49.8750	0.4591	50.0000	
0.3853	49.8750	0.4401	50.0000	
0.3683	49.9750	0.4217	50.0000	
0.3502	50.0750	0.4036	50.0000	
0.3321	50.1000	0.3856	50.0000	
0.3142	50.0750	0.3685	50.0000	
0.2981	50.1000	0.3522	50.0000	
0.2832	50.0250	0.3372	50.0000	
0.2709	49.9500	0.3232	50.0500	
0.2615	50.0000	0.3102	62.6000	
0.2542	49.9500	0.2980	69.1250	
0.2475	53.4000	0.2872	57.5000	
0.2425	65.3250	0.2771	57.1500	
0.2382	54.9250	0.2678	57.2750	
0.2339	54.4750	0.2588	56.1000	
0.2294	61.7250	0.2501	55.1250	
0.2247	67.8000	0.2416	54.0750	
0.2197	69.8750	0.2333	53.8000	
0.2146	69.5500	0.2253	53.7750	
0.2094	64.1500	0.2176	53.8250	
0.2045	57.8750	0.2102	53.6750	
0.1994	53.8750	0.2033	53.3750	
0.1947	52.1500	0.1967	53.0500	
0.1901	51.4500	0.1907	52.6250	
0.1857	51.1750	0.1850	52.1500	
0.1813	50.5250	0.1798	51.8250	
0.1771	50.5750	0.1749	51.7000	
0.1733	50.6750	0.1705	51.3500	
0.1701	50.8750	0.1665	51.0000	
0.1675	50.7750	0.1628	50.7750	
0.1652	50.7500	0.1591	50.7500	
0.1633	50.7000	0.1554	50.5750	
0.1615	50.4750	0.1516	50.4500	
0.1600	50.3500	0.1476	50.2000	
0.1587	49.9750	0.1437	50.0750	
0.1576	49.9000	0.1396	50.0000	
0.1565	49.9250	0.1354	49.9750	
0.1556	49.7000	0.1310	49.9750	
0.1547	49.6750	0.1263	50.0000	
0.1540	49.7750	0.1212	50.1250	
0.1532	50.0250	0.1157	50.3000	
0.1526	45.2750	0.1099	50.6000	
0.1520	38.9000	0.1036	50.8250	
0.1514	34.9000	0.0970	51.4250	
0.1509	32.1250	0.0902	52.1000	
0.1503	31.4500	0.0833	52.9250	
0.1499	31.3250	0.0763	53.7750	
0.1494	30.4000	0.0695	55.1250	
0.1489	29.4250	0.0629	56.7250	
0.1486	28.2500	0.0567	58.0250	
0.1482	27.9500	0.0508	59.6750	
0.1478	27.8000	0.0455	61.2750	
0.1475	27.1750	0.0407	62.6250	
0.1472	27.0250	0.0366	64.0500	
0.1469	28.5000	0.0329	65.6500	
0.1466	30.7750	0.0298	66.9000	
0.1463	30.5500	0.0272	67.9000	
0.1460	30.1750	0.0250	69.0750	
0.1457	32.1250	0.0232	70.2500	
0.1455	33.6000	0.0217	71.4000	
0.1452	33.4250	0.0204	72.0750	
0.1450	33.8000	0.0190	73.0750	
0.1447	35.3750	0.0164	73.5250	
0.1444	36.5750	0.0128	74.2250	
0.1440	36.8750	0.0091	74.6750	
0.1438	37.8750	0.0063	74.6750	
0.1436	40.3750	0.0047	74.5750	
0.1433	43.0750	0.0040	74.2500	
0.1431	43.4500	0.0037	74.1000	
0.1429	45.0750	0.0035	73.9000	
0.1427	46.6250	0.0033	73.8000	
0.1425	48.3750	0.0031	73.9250	
0.1422	48.4250	0.0030	74.0250	
0.1421	49.3500	0.0029	73.9500	
0.1419	49.6250	0.0028	73.9000	
0.1417	49.8250	0.0027	73.9500	
0.1416	51.2000	0.0026	73.9000	
0.1414	51.0750	0.0025	73.9000	
0.1412	51.2500	0.0024	73.8500	
0.1412	51.1500	0.0024	73.8500	
0.1411	50.9750	0.0023	73.8250	
0.1408	50.9500	0.0022	73.8000	
0.1407	51.7750	0.0022	73.7250	
0.1407	54.0250	0.0021	73.8000	
0.1405	50.4250	0.0021	73.6750	
0.1404	50.0750	0.0021	73.7250	
0.1401	51.7500	0.0020	73.7250	
0.1401	53.1750	0.0020	73.7500	
0.1399	52.9000	0.0019	73.6750	
0.1398	51.4500	0.0019	73.7000	
0.1397	52.8000	0.0019	73.7000	
0.1395	54.2000	0.0019	73.7750	
0.1394	53.3750	0.0018	73.8250	
0.1393	52.1750	0.0018	73.7500	
0.1392	52.5250	0.0018	73.7750	
0.1391	52.5000	0.0018	73.7000	
0.1390	52.4500	0.0017	73.8000	
0.1390	51.6500	0.0017	73.7250	
0.1389	51.4000	0.0017	73.6750	
0.1388	52.1500	0.0017	73.7000	
0.1387	51.4500	0.0017	73.8250	
0.1386	50.0250	0.0017	73.7250	
0.1386	50.7250	0.0016	73.7000	
0.1384	50.4750	0.0016	73.7250	
0.1383	50.1750	0.0016	73.7000	
0.1383	50.3250	0.0016	73.8000	
0.1382	50.0750	0.0016	73.7000	
0.1382	48.4250	0.0016	73.6500	
0.1380	48.7000	0.0015	73.6750	
0.1382	48.8250	0.0015	73.6750	
0.1379	48.0000	0.0015	73.6500	
0.1380	47.8750	0.0015	73.6250	
0.1378	46.8500	0.0015	73.6000	
0.1378	48.6000	0.0015	73.6250	
0.1377	48.0250	0.0015	73.5500	
0.1376	47.8750	0.0014	73.5750	
0.1376	47.8250	0.0014	73.6750	
0.1375	48.2250	0.0014	73.6250	
0.1375	48.7250	0.0014	73.5500	
0.1375	47.5500	0.0014	73.5500	
0.1375	48.3250	0.0014	73.6750	
0.1374	46.5250	0.0014	73.5000	
0.1374	46.9750	0.0014	73.6500	
0.1374	45.9000	0.0014	73.6000	
0.1372	46.5750	0.0014	73.7250	
0.1372	47.2750	0.0013	73.6000	
0.1371	47.0750	0.0013	73.5500	
0.1370	46.5000	0.0013	73.6250	
0.1370	44.2750	0.0013	73.5000	
0.1370	46.2000	0.0013	73.6250	
0.1369	45.8250	0.0013	73.6000	
0.1369	44.7750	0.0013	73.5750	
0.1369	44.3500	0.0013	73.4750	
0.1368	44.9750	0.0013	73.5500	
0.1368	45.3750	0.0012	73.5000	
0.1368	43.9500	0.0012	73.5250	
0.1367	43.5500	0.0012	73.6000	
0.1367	43.4000	0.0012	73.5750	
0.1366	42.9250	0.0012	73.5000	
0.1366	43.1250	0.0012	73.5500	
0.1366	45.4250	0.0012	73.5250	
0.1366	44.1500	0.0012	73.5500	
0.1366	43.1500	0.0012	73.5500	
0.1365	42.6500	0.0012	73.6000	
0.1365	42.0500	0.0012	73.4250	
0.1364	44.9000	0.0012	73.6250	
0.1365	41.4000	0.0012	73.6500	
0.1364	42.7750	0.0012	73.6000	
0.1364	41.8250	0.0011	73.6250	
0.1362	41.1750	0.0011	73.6750	
0.1363	40.2750	0.0011	73.8500	
0.1362	43.9250	0.0011	73.5750	
0.1362	44.3250	0.0011	73.8500	
0.1362	42.3500	0.0011	73.9000	
0.1362	39.4000	0.0011	73.8750	
0.1361	40.8500	0.0011	73.8250	
0.1361	44.4250	0.0011	73.8750	
0.1362	42.1750	0.0011	73.8250	
0.1362	42.7500	0.0011	73.8250	
0.1360	42.5500	0.0010	73.9000	
0.1361	40.2250	0.0010	73.9000	
0.1362	43.3500	0.0010	73.9500	
0.1360	40.1000	0.0010	73.9000	
0.1359	40.5750	0.0010	73.8250	
0.1359	40.4750	0.0010	73.9000	
0.1359	41.1250	0.0010	73.9000	
0.1359	41.4000	0.0010	73.9500	
0.1358	40.9250	0.0010	73.9250	
0.1359	40.8250	0.0010	74.0000	
0.1359	42.9500	0.0010	73.9250	
0.1357	40.3250	0.0010	73.9500	
0.1358	42.0250	0.0010	74.0250	
0.1358	40.8250	0.0009	74.0000	
0.1359	42.2750	0.0009	73.9750	
0.1356	41.5500	0.0009	73.9750	
0.1357	40.5000	0.0009	73.9750	
0.1356	41.9750	0.0009	73.9750	
0.1356	40.0750	0.0009	73.9500	
0.1356	40.6500	0.0009	73.9750	
0.1357	42.8500	0.0009	73.9750	
0.1355	40.5250	0.0009	73.9750	
0.1355	42.2750	0.0009	73.9750	
0.1354	41.9000	0.0009	73.9750	
0.1356	38.0250	0.0009	74.0250	
0.1354	41.1500	0.0009	73.9750	
0.1355	41.0500	0.0009	73.9500	
0.1354	41.6250	0.0009	73.9500	
0.1354	40.2000	0.0009	73.9750	
0.1353	41.1000	0.0009	74.0500	
0.1353	41.5000	0.0009	73.9500	
0.1353	39.8000	0.0009	74.0250	
0.1352	40.5000	0.0009	73.9750	
0.1352	42.6000	0.0009	73.9750	
0.1353	40.8500	0.0008	74.0000	
0.1352	41.1250	0.0008	73.9500	
0.1351	41.9500	0.0008	73.9500	
0.1351	41.6000	0.0008	73.9500	
0.1351	41.6250	0.0008	73.9500	
0.1351	41.4250	0.0008	74.0250	
0.1350	41.2250	0.0008	74.0500	
0.1351	41.1500	0.0008	73.9500	
0.1350	42.0000	0.0008	73.9250	
0.1350	41.5750	0.0008	73.9500	
0.1350	41.6250	0.0008	74.0000	
0.1349	41.4500	0.0008	74.0000	
0.1349	41.0250	0.0008	73.9500	
0.1349	41.2750	0.0008	73.9000	
0.1352	42.0000	0.0008	73.9000	
0.1350	40.2000	0.0008	73.9750	
0.1350	41.3750	0.0008	74.0500	
0.1350	41.2250	0.0008	74.0000	
0.1350	42.1000	0.0008	74.0000	
0.1348	41.4000	0.0008	73.9000	
0.1348	41.3750	0.0008	73.9500	
0.1347	41.4250	0.0008	73.9750	
0.1347	41.2500	0.0008	74.0000	
0.1349	41.2000	0.0008	74.0000	
0.1349	39.0500	0.0008	73.9500	
0.1347	41.2000	0.0008	73.9250	
0.1348	41.5500	0.0008	73.9500	
0.1347	41.8000	0.0008	73.9250	
0.1346	41.9750	0.0008	74.0000	
0.1347	41.2750	0.0008	73.9500	
0.1347	40.8500	0.0008	73.9500	
0.1346	41.3750	0.0007	73.9750	
0.1346	41.4500	0.0007	74.0000	
0.1346	40.9250	0.0007	73.9750	
0.1346	41.2000	0.0007	74.0250	
0.1345	41.1250	0.0007	73.9250	
0.1345	41.0250	0.0007	73.9750	
0.1345	41.7500	0.0007	74.1500	
0.1348	41.0750	0.0007	74.0000	
0.1346	41.4250	0.0007	74.0500	
0.1344	42.0500	0.0007	74.0750	
0.1345	41.0500	0.0007	73.9750	
0.1345	40.6000	0.0007	74.0750	
0.1344	41.0000	0.0007	74.0750	
0.1346	40.6500	0.0007	74.1250	
0.1345	40.6500	0.0007	74.0500	
0.1344	40.2000	0.0007	74.0250	
0.1345	41.4500	0.0007	74.0250	
0.1344	40.6750	0.0007	73.9000	
0.1346	41.4000	0.0007	73.9000	
0.1344	40.5250	0.0007	74.0250	
0.1343	39.7250	0.0007	74.0250	
0.1343	40.5500	0.0007	74.1000	
0.1343	40.5750	0.0007	74.1000	
0.1342	40.4000	0.0007	74.0000	
0.1343	40.9250	0.0007	74.0750	
0.1343	39.9250	0.0007	74.0500	
0.1343	40.7250	0.0007	74.0750	
0.1342	41.3000	0.0007	74.1000	
0.1343	41.9000	0.0007	74.0500	
0.1343	41.3250	0.0007	74.0250	
0.1341	40.4250	0.0007	74.0250	
0.1342	41.4500	0.0007	74.1500	
0.1341	41.4250	0.0007	74.0500	
0.1342	40.0250	0.0007	74.0750	
0.1341	40.8750	0.0007	74.1500	
0.1341	41.8750	0.0007	74.0500	
0.1341	42.1000	0.0007	74.1000	
0.1341	40.5250	0.0007	74.0250	
0.1341	39.6500	0.0007	74.0500	
0.1340	41.1250	0.0007	74.0250	
0.1340	42.1500	0.0007	74.1250	
0.1340	42.3500	0.0006	74.1500	
0.1340	40.7750	0.0006	74.1750	
0.1340	41.1500	0.0006	74.1500	
0.1340	42.8250	0.0006	74.1500	
0.1340	42.1500	0.0006	74.1250	
0.1339	40.7250	0.0006	74.1000	
0.1342	40.5750	0.0006	74.1000	
0.1340	41.5250	0.0006	74.1500	
0.1339	40.3750	0.0006	74.1250	
0.1340	41.0750	0.0006	74.1250	
0.1339	40.0500	0.0006	74.1750	
0.1338	39.5250	0.0006	74.1750	
0.1338	40.0750	0.0006	74.1500	
0.1338	41.1500	0.0006	74.1500	
0.1338	40.9250	0.0006	74.2000	
0.1338	40.2500	0.0006	74.1750	
0.1338	40.2000	0.0006	74.1250	
0.1338	41.4250	0.0006	74.1250	
0.1337	40.1500	0.0006	74.1000	
0.1337	40.9000	0.0006	74.2500	
0.1338	41.0250	0.0006	74.1500	
0.1339	41.6750	0.0006	74.2750	
0.1337	40.3500	0.0006	74.1750	
0.1338	42.5750	0.0006	74.2500	
0.1338	41.2000	0.0006	74.2000	
0.1337	41.9750	0.0006	74.1500	
0.1337	42.9000	0.0006	74.1750	
0.1337	42.6000	0.0006	74.2250	
0.1337	43.7000	0.0006	74.1750	
0.1336	42.1000	0.0006	74.2000	
0.1336	42.7000	0.0006	74.1500	
0.1336	42.8500	0.0006	74.2500	
0.1335	42.9750	0.0006	74.2250	
0.1336	44.1250	0.0006	74.2000	
0.1337	41.7750	0.0006	74.1750	
0.1337	41.8750	0.0006	74.2750	
0.1336	42.1750	0.0006	74.1500	
0.1336	43.5000	0.0006	74.2250	
0.1336	43.2500	0.0006	74.2500	
0.1336	42.4750	0.0006	74.2500	
0.1337	42.3500	0.0006	74.3500	
0.1335	43.5000	0.0006	74.3000	
0.1337	42.9250	0.0006	74.2500	
0.1336	44.2250	0.0006	74.2250	
0.1335	43.0250	0.0006	74.2500	
0.1335	41.9000	0.0006	74.2250	
0.1334	41.2000	0.0006	74.2750	
0.1335	42.6250	0.0006	74.2500	
0.1334	43.2000	0.0006	74.2500	
0.1334	43.3000	0.0006	74.3500	
0.1334	43.4250	0.0006	74.3750	
0.1334	44.3000	0.0006	74.2250	
0.1334	42.9250	0.0006	74.2750	
0.1334	42.2250	0.0006	74.3000	
0.1335	42.7750	0.0006	74.2500	
0.1334	42.2500	0.0006	74.2500	
0.1333	43.7250	0.0006	74.2250	
0.1333	44.0750	0.0006	74.2500	
0.1333	43.3250	0.0006	74.2750	
0.1334	43.4000	0.0006	74.3250	
0.1334	44.0250	0.0006	74.2500	
0.1333	43.8000	0.0006	74.3750	
0.1333	43.8250	0.0006	74.3000	
0.1332	43.8000	0.0006	74.2750	
0.1333	44.0000	0.0006	74.4000	
0.1332	43.1750	0.0006	74.3250	
0.1332	43.0750	0.0006	74.3750	
0.1332	43.4500	0.0006	74.3000	
0.1333	44.8750	0.0005	74.2750	
0.1332	45.3750	0.0006	74.3500	
0.1332	43.9250	0.0005	74.5000	
0.1332	43.1000	0.0005	74.3750	
0.1332	44.1250	0.0005	74.3000	
0.1331	44.7750	0.0005	74.3000	
0.1331	44.6250	0.0005	74.3250	
0.1331	44.0500	0.0005	74.4000	
0.1332	43.7500	0.0005	74.2750	
0.1334	43.7500	0.0005	74.3250	
0.1335	44.2000	0.0005	74.4750	
0.1331	44.7750	0.0005	74.3750	
0.1332	43.4750	0.0005	74.3500	
0.1331	44.1500	0.0005	74.3750	
0.1330	43.2500	0.0005	74.3500	
0.1330	43.7250	0.0005	74.3500	
0.1331	43.4750	0.0005	74.3750	
0.1333	45.0500	0.0005	74.3750	
0.1330	43.5000	0.0005	74.3250	
0.1330	43.3000	0.0005	74.4250	
0.1330	44.1750	0.0005	74.4250	
0.1330	44.2000	0.0005	74.4000	
0.1330	43.2000	0.0005	74.4500	
0.1331	43.7250	0.0005	74.4000	
0.1330	43.7750	0.0005	74.3500	
0.1330	43.6250	0.0005	74.4750	
0.1331	42.7500	0.0005	74.5000	
0.1330	44.3250	0.0005	74.4500	
0.1330	43.9250	0.0005	74.3750	
0.1330	43.5250	0.0005	74.4250	
0.1329	44.0500	0.0005	74.3750	
0.1329	43.1750	0.0005	74.5250	
0.1329	43.6750	0.0005	74.4500	
0.1328	43.8250	0.0005	74.3750	
0.1329	43.3250	0.0005	74.4250	
0.1328	42.7250	0.0005	74.4750	
0.1328	43.4500	0.0005	74.3750	
0.1328	45.0750	0.0005	74.4500	
0.1328	44.7000	0.0005	74.5500	
0.1329	43.6750	0.0005	74.4750	
0.1329	45.5000	0.0005	74.4500	
0.1328	43.9500	0.0005	74.4500	
0.1329	43.3750	0.0005	74.5000	
0.1328	44.5250	0.0005	74.5250	
0.1328	44.1250	0.0005	74.5000	
0.1328	43.6500	0.0005	74.5500	
0.1329	44.9000	0.0005	74.5250	
0.1329	44.9250	0.0005	74.5000	
0.1328	44.2500	0.0005	74.5000	
0.1327	44.0250	0.0005	74.6500	
0.1327	43.7000	0.0005	74.6750	
0.1328	43.7250	0.0005	74.6000	
0.1327	43.4250	0.0005	74.5500	
0.1327	44.6750	0.0005	74.5750	
0.1327	44.9500	0.0005	74.4250	
0.1327	44.5500	0.0005	74.5250	
0.1326	43.7750	0.0005	74.5750	
0.1327	44.4750	0.0005	74.5500	
0.1327	44.3000	0.0005	74.6250	
0.1327	43.4750	0.0005	74.5250	
0.1326	43.4250	0.0005	74.6500	
0.1326	44.7000	0.0005	74.6500	
0.1325	44.5250	0.0005	74.5250	
0.1326	44.4250	0.0005	74.6500	
0.1325	44.6750	0.0005	74.7000	
0.1326	45.1750	0.0005	74.5000	
0.1326	44.6250	0.0005	74.5750	
0.1325	44.5000	0.0005	74.6000	
0.1326	45.5750	0.0005	74.5750	
0.1326	44.8250	0.0005	74.6750	
0.1325	44.7500	0.0005	74.5250	
0.1325	44.7500	0.0005	74.6000	
0.1325	44.0250	0.0005	74.6250	
0.1325	43.8500	0.0005	74.6000	
0.1325	43.8000	0.0005	74.6750	
0.1325	43.9000	0.0005	74.6500	
0.1326	44.2750	0.0005	74.6500	
0.1326	44.5250	0.0005	74.6250	
0.1324	44.6750	0.0005	74.6250	
0.1325	44.6750	0.0005	74.6750	
0.1325	45.0000	0.0005	74.6750	
0.1325	43.9750	0.0005	74.7000	
0.1325	43.4750	0.0005	74.6750	
0.1325	45.5000	0.0005	74.7500	
0.1325	45.2750	0.0005	74.7250	
0.1325	45.5000	0.0005	74.6000	
0.1325	44.5500	0.0005	74.7000	
0.1324	44.2000	0.0005	74.7250	
0.1325	44.1250	0.0005	74.6750	
0.1324	43.3500	0.0005	74.7000	
0.1326	43.9000	0.0005	74.7000	
0.1325	45.6750	0.0005	74.8250	
0.1327	46.0250	0.0005	74.7500	
0.1326	45.6000	0.0005	74.6750	
0.1325	46.1500	0.0005	74.7500	
0.1323	44.5750	0.0005	74.7750	
0.1326	45.6500	0.0005	74.7500	
0.1323	45.7250	0.0005	74.6750	
0.1324	45.5250	0.0005	74.7250	
0.1324	44.4750	0.0005	74.7750	
0.1323	44.4000	0.0005	74.8000	
0.1324	45.2500	0.0005	74.7750	
0.1324	45.1250	0.0005	74.6500	
0.1323	45.4750	0.0005	74.7750	
0.1324	45.4500	0.0005	74.7250	
0.1322	45.1000	0.0005	74.7000	
0.1323	46.5250	0.0005	74.7250	
0.1322	45.6250	0.0005	74.7250	
0.1323	46.2500	0.0005	74.7750	
0.1322	45.7250	0.0005	74.8250	
0.1322	45.9000	0.0005	74.8250	
0.1321	45.9250	0.0005	74.7750	
0.1321	46.1250	0.0005	74.8250	
0.1321	46.6750	0.0005	74.8000	
0.1321	46.1000	0.0005	74.8250	
0.1320	46.8250	0.0005	74.7750	
0.1321	47.2750	0.0005	74.8250	
0.1320	46.6250	0.0005	74.7750	
0.1321	46.2500	0.0005	74.8500	
0.1321	49.1750	0.0005	74.8250	
0.1322	47.7000	0.0005	74.8500	
0.1319	47.1750	0.0005	74.8500	
0.1320	47.3750	0.0005	74.8000	
0.1320	46.5500	0.0005	74.7750	
0.1319	47.0500	0.0005	74.8000	
0.1318	47.0250	0.0005	74.8000	
0.1318	46.5000	0.0005	74.8750	
0.1319	47.0250	0.0005	74.8000	
0.1318	47.5750	0.0005	74.7500	
0.1318	47.5250	0.0005	74.8250	
0.1317	47.5500	0.0005	74.7750	
0.1318	47.4500	0.0005	74.6750	
0.1317	48.6750	0.0005	74.7750	
0.1317	48.2500	0.0005	74.7500	
0.1317	47.9250	0.0005	74.8000	
0.1316	48.0750	0.0005	74.9000	
0.1316	47.6000	0.0005	74.8500	
0.1318	47.6750	0.0004	74.9250	
0.1317	48.6000	0.0004	74.8000	
0.1315	48.0500	0.0004	74.8750	
0.1315	48.5750	0.0004	74.8250	
0.1314	48.4250	0.0004	74.8500	
0.1314	47.9000	0.0004	74.9000	
0.1317	48.6500	0.0004	74.7250	
0.1317	47.5750	0.0005	74.8250	
0.1314	48.5750	0.0005	74.7750	
0.1314	48.7250	0.0004	74.8250	
0.1314	47.9500	0.0004	74.8750	
0.1315	48.0250	0.0004	74.8500	
0.1314	47.2750	0.0004	74.8500	
0.1312	48.3250	0.0004	74.9000	
0.1314	48.6000	0.0004	74.9000	
0.1313	48.7000	0.0004	74.8500	
0.1312	48.9750	0.0004	74.7750	
0.1312	48.5750	0.0004	74.8750	
0.1311	48.6750	0.0004	74.8250	
0.1311	48.5250	0.0004	74.8750	
0.1310	48.5750	0.0004	74.8000	
0.1311	49.0000	0.0004	74.7750	
0.1310	48.9750	0.0004	74.9250	
0.1309	48.4250	0.0004	74.9250	
0.1309	48.5500	0.0004	74.8250	
0.1309	49.3750	0.0004	74.8750	
0.1310	48.7500	0.0004	74.9250	
0.1312	49.1250	0.0004	74.9250	
0.1308	49.5250	0.0004	74.8750	
0.1310	49.4500	0.0004	74.9250	
0.1308	49.4750	0.0004	74.9000	
0.1309	49.6750	0.0004	74.8750	
0.1308	48.8000	0.0004	74.9000	
0.1307	48.7750	0.0004	74.9000	
0.1307	48.6000	0.0004	74.9000	
0.1309	49.1000	0.0004	74.8750	
0.1309	49.8000	0.0004	74.9000	
0.1309	48.8500	0.0004	74.9500	
0.1306	49.0500	0.0004	75.0000	
0.1305	49.3000	0.0004	74.9500	
0.1305	49.6250	0.0004	74.8750	
0.1305	49.6250	0.0004	74.9000	
0.1307	49.4250	0.0004	74.9250	
0.1305	50.1500	0.0004	74.8250	
0.1308	49.0250	0.0004	74.7250	
0.1307	49.6750	0.0004	74.9750	
0.1306	49.0000	0.0004	74.9250	
0.1307	49.1250	0.0004	74.9250	
0.1306	48.9500	0.0004	75.0000	
0.1303	48.9250	0.0004	74.9000	
0.1306	50.0000	0.0004	74.9500	
0.1303	49.3250	0.0004	74.9500	
0.1303	49.2000	0.0004	74.8500	
0.1303	48.8250	0.0004	74.9250	
0.1303	49.3750	0.0004	74.9000	
0.1303	49.8500	0.0004	74.9000	
0.1302	49.9000	0.0004	74.9250	
0.1302	50.0250	0.0004	74.9000	
0.1302	50.0000	0.0004	74.9250	
0.1302	49.5500	0.0004	74.9000	
0.1302	49.8750	0.0004	74.8750	
0.1303	49.8000	0.0004	74.9500	
0.1302	49.1750	0.0004	74.8500	
0.1301	49.5500	0.0004	74.9500	
0.1301	49.0750	0.0004	74.9250	
0.1302	49.3500	0.0004	74.9500	
0.1301	48.9500	0.0004	74.8000	
0.1301	49.3750	0.0004	74.8750	
0.1300	49.5250	0.0004	74.9000	
0.1301	49.0500	0.0004	74.8750	
0.1300	49.1750	0.0004	74.9500	
0.1300	49.7250	0.0004	74.9250	
0.1302	49.3250	0.0004	74.9000	
0.1300	50.1500	0.0004	74.9500	
0.1300	49.5250	0.0004	74.9250	
0.1300	48.8500	0.0004	74.9500	
0.1299	49.3500	0.0004	74.9250	
0.1299	49.2500	0.0004	74.8750	
0.1300	49.3250	0.0004	74.8500	
0.1299	50.2000	0.0004	74.8750	
0.1300	49.6000	0.0004	74.9750	
0.1299	49.6250	0.0004	74.9000	
0.1299	49.6000	0.0004	74.9750	
0.1298	48.9750	0.0004	74.9250	
0.1298	48.7250	0.0004	74.9250	
0.1299	49.3750	0.0004	74.9250	
0.1299	49.7750	0.0004	74.9250	
0.1300	49.0000	0.0004	75.0500	
0.1299	49.5750	0.0004	74.9500	
0.1298	49.4500	0.0004	74.9250	
0.1299	49.4250	0.0004	74.9500	
0.1298	49.4000	0.0004	75.0000	
0.1297	48.9750	0.0004	74.9250	
0.1298	48.2500	0.0004	74.9000	
0.1298	49.7000	0.0004	74.9000	
0.1297	49.4500	0.0004	74.9500	
0.1298	49.2500	0.0004	75.0250	
0.1297	49.4250	0.0004	74.9250	
0.1297	48.8750	0.0004	74.9500	
0.1297	48.4500	0.0004	74.9750	
0.1298	49.6750	0.0004	74.9500	
0.1297	49.3000	0.0004	74.8750	
0.1296	49.5000	0.0004	75.0250	
0.1296	50.1750	0.0004	74.9250	
0.1297	49.5750	0.0004	74.9750	
0.1297	49.1500	0.0004	74.9500	
0.1297	48.7750	0.0004	74.9750	
0.1296	48.4500	0.0004	74.9500	
0.1297	49.4500	0.0004	74.9250	
0.1296	49.1000	0.0004	74.9000	
0.1296	49.1000	0.0004	74.9500	
0.1296	49.4000	0.0004	74.8750	
0.1295	49.3000	0.0004	75.0000	
0.1295	49.0500	0.0004	74.9500	
0.1295	49.3000	0.0004	74.9500	
0.1295	48.8250	0.0004	74.9500	
0.1295	48.9500	0.0004	74.9500	
0.1295	49.3250	0.0004	74.9500	
0.1296	50.1500	0.0004	74.9250	
0.1295	49.5250	0.0004	75.0000	
0.1295	49.4500	0.0004	74.9250	
0.1295	48.7500	0.0004	74.9750	
0.1295	48.8250	0.0004	74.9750	
0.1295	49.8250	0.0004	74.9500	
0.1294	50.0750	0.0004	74.9500	
0.1295	49.6250	0.0004	74.9750	
0.1294	49.0000	0.0004	75.0250	
0.1294	49.4750	0.0004	74.9250	
0.1294	48.9250	0.0004	75.0000	
0.1294	48.8000	0.0004	75.0500	
0.1295	49.6750	0.0004	74.9750	
0.1297	48.4750	0.0004	74.9750	
0.1292	48.9250	0.0004	74.9500	
0.1295	50.2250	0.0004	75.0000	
0.1293	49.4000	0.0004	74.9750	
0.1293	49.2500	0.0004	74.9500	
0.1293	49.0750	0.0004	75.0000	
0.1294	49.5250	0.0004	75.0000	
0.1293	49.1000	0.0004	74.9750	
0.1293	49.0750	0.0004	74.9750	
0.1293	49.3000	0.0004	75.0000	
0.1294	49.3750	0.0004	74.9750	
0.1293	49.0250	0.0004	74.9500	
0.1293	49.7750	0.0004	75.0250	
0.1292	49.1500	0.0004	75.0000	
0.1293	49.2000	0.0004	74.9000	
0.1292	49.3250	0.0004	74.9750	
0.1292	49.0750	0.0004	74.9750	
0.1293	48.6500	0.0004	74.9750	
0.1292	49.1250	0.0004	74.9500	
0.1293	48.9750	0.0004	75.0250	
0.1292	49.3500	0.0004	74.8750	
0.1292	49.0250	0.0004	75.0750	
0.1293	49.4250	0.0004	75.0250	
0.1292	48.8000	0.0004	75.0750	
0.1292	49.3000	0.0004	75.0000	
0.1291	49.7250	0.0004	74.9750	
0.1293	49.0250	0.0004	74.9500	
0.1292	48.6750	0.0004	75.0250	
0.1291	48.3000	0.0004	74.9750	
0.1292	49.8750	0.0004	74.9750	
0.1295	48.8750	0.0004	75.0250	
0.1292	50.2250	0.0004	74.9500	
0.1291	49.4500	0.0004	75.0000	
0.1293	49.1500	0.0004	75.0250	
0.1292	48.5000	0.0004	75.0000	
0.1293	49.4250	0.0004	75.0000	
0.1291	49.2500	0.0004	75.0250	
0.1291	48.2500	0.0004	74.9500	
0.1292	49.8000	0.0004	74.9500	
0.1291	49.2250	0.0004	75.0000	
0.1291	49.3750	0.0004	75.0000	
0.1291	49.2000	0.0004	74.9750	
0.1291	48.7000	0.0004	74.9500	
0.1291	50.1000	0.0004	75.0250	
0.1291	48.7000	0.0004	74.9500	
0.1291	49.7000	0.0004	75.0000	
0.1290	49.7250	0.0004	75.0500	
0.1292	48.5750	0.0004	74.9500	
0.1294	49.8000	0.0004	74.9500	
0.1291	49.0250	0.0004	74.9750	
0.1291	48.7750	0.0004	75.0000	
0.1291	50.6000	0.0004	75.0500	
0.1290	49.7000	0.0004	75.0250	
0.1290	49.0250	0.0004	74.9500	
0.1290	49.5500	0.0004	74.9750	
0.1290	50.1750	0.0004	75.0250	
0.1289	49.4500	0.0004	75.0250	
0.1291	48.5000	0.0004	75.0250	
0.1293	50.2250	0.0004	74.9750	
0.1295	49.1000	0.0004	75.0250	
0.1294	50.0000	0.0004	74.9750	
0.1289	50.3250	0.0004	74.9750	
0.1291	49.4750	0.0004	74.9750	
0.1289	49.2500	0.0004	75.0000	
0.1290	49.8500	0.0004	74.9750	
0.1289	48.8000	0.0004	75.0250	
0.1292	49.7250	0.0004	75.0250	
0.1289	50.4750	0.0004	74.9750	
0.1291	48.9750	0.0004	75.0250	
0.1289	49.1500	0.0004	74.9250	
0.1289	49.3000	0.0004	75.0500	
0.1290	49.8000	0.0004	74.9750	
0.1289	49.2750	0.0004	75.0000	
0.1289	48.9750	0.0004	75.0250	
0.1291	50.4250	0.0004	75.0000	
0.1290	48.8250	0.0004	75.0000	
0.1289	49.0250	0.0004	74.9750	
0.1289	49.8750	0.0004	74.9500	
0.1289	49.4500	0.0004	74.9500	
0.1289	49.3750	0.0004	74.9000	
0.1289	49.1500	0.0004	75.0250	
0.1290	50.0250	0.0004	75.0000	
0.1288	49.5500	0.0004	75.0000	
0.1289	49.1250	0.0004	74.9750	
0.1289	48.4000	0.0004	75.0250	
0.1288	48.4750	0.0004	75.0250	
0.1289	49.4750	0.0004	75.0250	
0.1289	48.8250	0.0004	75.0250	
0.1289	48.5750	0.0004	74.9750	
0.1290	49.7750	0.0004	74.9750	
0.1288	49.4500	0.0004	75.0250	
0.1289	49.1500	0.0004	75.0500	
0.1289	48.9250	0.0004	74.9500	
0.1289	49.3250	0.0004	74.9250	
0.1288	48.8500	0.0004	74.9500	
0.1289	49.0000	0.0004	75.0250	
0.1288	49.3500	0.0004	74.9750	
0.1289	49.7000	0.0004	74.9500	
0.1288	50.3250	0.0004	74.9500	
0.1288	49.2250	0.0004	75.0250	
0.1289	49.6500	0.0004	75.0250	
0.1289	48.5250	0.0004	75.0500	
0.1290	49.6500	0.0004	74.9750	
0.1288	48.9500	0.0004	74.9000	
0.1289	48.9000	0.0004	74.9750	
0.1288	49.3500	0.0004	74.9500	
0.1287	49.1750	0.0004	74.9000	
0.1289	48.9250	0.0004	74.8750	
0.1287	49.1500	0.0004	74.8750	
0.1288	49.4000	0.0004	74.9000	
0.1289	48.7250	0.0004	75.0250	
0.1290	49.9750	0.0004	75.0000	
0.1287	49.7000	0.0004	75.0000	
0.1289	49.0250	0.0004	75.0500	
0.1289	50.3500	0.0004	75.0250	
0.1289	49.5250	0.0004	75.0250	
0.1288	49.5000	0.0004	74.9750	
0.1287	49.3000	0.0004	74.9250	
0.1288	49.5000	0.0004	74.9500	
0.1287	49.6750	0.0004	75.0500	
0.1289	49.0000	0.0004	75.0000	
0.1288	49.6250	0.0004	74.9750	
0.1287	49.7750	0.0004	75.0500	
0.1287	48.8750	0.0004	74.9750	
0.1289	50.3750	0.0004	75.0000	
0.1289	49.3250	0.0004	74.9000	
0.1289	49.8250	0.0004	75.0500	
0.1288	50.3000	0.0004	75.0250	
0.1287	48.8250	0.0004	74.9750	
0.1287	49.5750	0.0004	75.0000	
0.1287	49.4000	0.0004	75.0750	
0.1287	50.0500	0.0004	74.9750	
0.1287	49.8000	0.0004	75.0000	
0.1287	49.1000	0.0004	75.0250	
0.1287	49.4750	0.0004	75.0500	
0.1288	50.1000	0.0004	74.9750	
0.1287	49.3250	0.0004	75.0000	
0.1286	49.4000	0.0004	75.0500	
0.1287	50.3750	0.0004	75.0000	
0.1286	49.8000	0.0004	74.9250	
0.1287	49.1250	0.0004	75.0000	
0.1286	49.1500	0.0004	74.9750	
0.1287	49.8000	0.0004	75.0000	
0.1287	48.7500	0.0004	75.0500	
0.1286	49.5250	0.0004	74.9750	
0.1286	49.6000	0.0004	75.0500	
0.1287	49.3750	0.0004	75.1000	
0.1287	50.3000	0.0004	74.9500	
0.1286	49.9500	0.0004	75.0000	
0.1287	49.1250	0.0004	75.0500	
0.1286	49.7000	0.0004	75.0250	
0.1287	50.1500	0.0004	75.0000	
0.1287	49.0750	0.0004	74.9500	
0.1287	49.8000	0.0004	75.0250	
0.1287	49.7250	0.0004	75.0250	
0.1286	49.2750	0.0004	74.9500	
0.1286	49.7750	0.0004	74.9500	
0.1286	49.0750	0.0004	74.9500	
0.1286	49.3000	0.0004	75.0000	
0.1286	48.8000	0.0004	75.0250	
0.1286	49.7750	0.0004	75.0000	
0.1287	49.6750	0.0004	74.9500	
0.1286	49.1250	0.0004	75.0250	
0.1287	50.2500	0.0004	75.0500	
0.1286	50.1250	0.0004	75.0500	
0.1286	49.5250	0.0004	74.9750	
0.1286	49.4750	0.0004	74.9750	
0.1286	50.7500	0.0004	75.0500	
0.1287	48.9750	0.0004	75.0000	
0.1287	49.5250	0.0004	75.0250	
0.1286	49.0750	0.0004	75.0250	
0.1287	49.7250	0.0004	75.0250	
0.1288	48.6000	0.0004	75.0500	
0.1286	50.1250	0.0004	75.0000	
0.1286	50.8000	0.0004	75.0250	
0.1286	49.1250	0.0004	75.0250	
0.1285	49.3000	0.0004	74.9000	
0.1286	49.8500	0.0004	75.0500	
0.1285	49.4000	0.0004	74.9750	
0.1285	49.4000	0.0004	75.0000	
0.1288	51.0750	0.0004	74.9500	
0.1285	49.8500	0.0004	75.0500	
0.1286	49.0750	0.0004	74.9500	
0.1286	49.2250	0.0004	75.0000	
0.1286	50.2000	0.0004	75.0500	
0.1285	49.3250	0.0004	74.9750	
0.1286	49.3750	0.0004	75.0000	
0.1286	50.5250	0.0004	75.0500	
0.1285	49.0250	0.0004	75.0000	
0.1286	48.8250	0.0004	74.8750	
0.1285	49.9250	0.0004	74.9000	
0.1285	49.3250	0.0004	75.0250	
0.1285	49.4250	0.0004	75.0250	
0.1285	49.4250	0.0004	75.0500	
0.1285	49.0250	0.0004	75.0500	
0.1287	50.6000	0.0004	75.0500	
0.1287	49.3500	0.0004	75.0750	
0.1285	49.2500	0.0004	75.0250	
0.1285	50.6000	0.0004	75.0250	
0.1285	48.8250	0.0004	75.0750	
0.1285	49.9250	0.0004	75.0250	
0.1285	49.2500	0.0004	75.0250	
0.1285	48.9000	0.0004	74.9750	
0.1285	49.4250	0.0004	75.0750	
0.1285	49.4250	0.0004	74.9500	
0.1285	49.1750	0.0004	75.0000	
0.1286	50.5750	0.0004	74.9500	
0.1285	49.5000	0.0004	75.0250	
0.1285	49.2250	0.0004	74.9250	
0.1284	50.0000	0.0004	75.0250	
0.1285	49.4000	0.0004	75.0500	
0.1285	49.1500	0.0004	75.0250	
0.1285	49.7500	0.0004	75.0250	
0.1287	48.9500	0.0004	75.0500	
0.1284	49.5250	0.0004	75.0000	
0.1284	49.2750	0.0004	75.0500	
0.1285	49.1500	0.0004	75.0000	
0.1284	49.7750	0.0004	75.0500	
0.1284	49.7250	0.0004	75.0000	
0.1284	49.2750	0.0004	74.9250	
0.1284	49.4250	0.0004	74.9500	
0.1284	49.6250	0.0004	74.9500	
0.1284	49.5500	0.0004	75.0750	
0.1284	49.3250	0.0004	75.0500	
0.1285	49.1750	0.0004	75.0500	
0.1286	50.4500	0.0004	75.0000	
0.1284	49.7000	0.0004	75.0250	
0.1284	48.9000	0.0004	75.0750	
0.1285	49.7500	0.0004	74.9500	
0.1284	49.7000	0.0004	75.0000	
0.1285	48.7500	0.0004	74.9500	
0.1284	49.9750	0.0004	74.8750	
0.1284	50.5250	0.0004	74.9750	
0.1288	48.8750	0.0004	75.0000	
0.1284	50.0000	0.0004	75.0000	
0.1285	50.5500	0.0004	75.0000	
0.1285	49.0750	0.0004	75.0500	
0.1284	49.6500	0.0004	75.0000	
0.1284	49.3000	0.0004	74.9750	
0.1284	49.0500	0.0004	74.9500	
0.1285	49.9750	0.0004	74.9000	
0.1283	49.6250	0.0004	74.9500	
0.1284	49.1500	0.0004	74.9250	
0.1284	49.8250	0.0004	75.0500	
0.1284	49.9500	0.0004	75.0000	
0.1283	49.5750	0.0004	75.0500	
0.1284	49.5500	0.0004	75.0250	
0.1284	49.1250	0.0004	75.0250	
0.1284	49.8250	0.0004	74.9750	
0.1284	50.1000	0.0004	74.9750	
0.1284	49.1500	0.0004	74.9750	
0.1284	49.2750	0.0004	75.1250	
0.1284	50.0500	0.0004	75.0250	
0.1284	49.5750	0.0004	75.0000	
0.1284	49.5000	0.0004	75.0500	
0.1284	50.0500	0.0004	75.0500	
0.1284	49.5250	0.0004	75.0500	
0.1284	49.4750	0.0004	75.0250	
0.1284	49.3250	0.0004	75.0250	
0.1284	48.8750	0.0004	75.0250	
0.1283	49.7500	0.0004	75.0500	
0.1284	49.8250	0.0004	75.0500	
0.1284	49.9500	0.0004	75.0500	
0.1284	49.5250	0.0004	75.0250	
0.1284	49.8750	0.0004	75.0250	
0.1285	48.9750	0.0004	74.9750	
0.1285	49.6500	0.0004	74.9500	
0.1283	49.5500	0.0004	74.9250	
0.1283	49.8500	0.0004	74.9750	
0.1283	49.7500	0.0004	75.0250	
0.1283	49.8250	0.0004	75.0500	
0.1283	49.7750	0.0004	75.0500	
0.1284	49.8250	0.0004	75.0500	
0.1284	49.6500	0.0004	75.0000	
0.1284	49.1500	0.0004	75.0250	
0.1283	49.5500	0.0004	75.0250	
0.1283	49.5500	0.0004	75.0500	
0.1284	50.4250	0.0004	75.0500	
0.1284	49.1000	0.0004	75.0250	
0.1284	49.6500	0.0004	75.0500	
0.1283	50.1250	0.0004	75.0000	
0.1283	49.4000	0.0004	75.0250	
0.1284	50.1000	0.0004	75.0250	
0.1283	50.1500	0.0004	75.0000	
0.1285	49.0250	0.0004	75.0500	
0.1283	49.6500	0.0004	75.0750	
0.1284	50.8750	0.0004	75.0750	
0.1283	49.0500	0.0004	75.0500	
0.1284	49.4500	0.0004	75.0750	
0.1283	49.5000	0.0004	75.0500	
0.1283	49.6500	0.0004	75.0000	
0.1283	49.3250	0.0004	75.0250	
0.1283	48.9500	0.0004	75.0000	
0.1284	49.9750	0.0004	75.0750	
0.1285	49.6000	0.0004	75.0250	
0.1283	49.1250	0.0004	75.0500	
0.1283	49.4250	0.0004	75.0000	
0.1283	49.7250	0.0004	75.0000	
0.1283	49.6500	0.0004	75.0750	
0.1283	49.9000	0.0004	75.0250	
0.1283	49.7500	0.0004	74.9500	
0.1283	49.9500	0.0004	74.9750	
0.1283	49.9000	0.0004	75.0000	
0.1283	49.0250	0.0004	75.0250	
0.1284	49.8750	0.0004	75.0500	
0.1282	49.9750	0.0004	75.0250	
0.1283	49.4000	0.0004	74.9250	
0.1283	49.4250	0.0004	75.0750	
0.1283	49.1750	0.0004	75.0750	
0.1283	49.2000	0.0004	74.9500	
0.1283	49.1500	0.0004	74.9250	
0.1283	49.4750	0.0004	74.9750	
0.1283	49.8500	0.0004	74.9750	
0.1282	49.9000	0.0004	75.0500	
0.1282	49.7500	0.0004	75.0000	
0.1282	49.6750	0.0004	75.0500	
0.1283	50.0500	0.0004	74.9500	
0.1285	48.7250	0.0004	75.0250	
0.1284	49.9250	0.0004	74.9750	
0.1282	50.0250	0.0004	75.0500	
0.1283	48.9500	0.0004	75.0250	
0.1283	49.9500	0.0004	75.0250	
0.1282	49.9500	0.0004	75.0000	
0.1284	48.7750	0.0004	75.0250	
0.1282	49.8250	0.0004	74.9250	
0.1282	50.4750	0.0004	75.0000	
0.1282	49.3750	0.0004	75.0750	
0.1282	49.5000	0.0004	75.0750	
0.1283	49.5000	0.0004	74.9500	
0.1282	49.4750	0.0004	75.0000	
0.1282	50.0500	0.0004	75.0750	
0.1283	49.2000	0.0004	75.0000	
0.1282	49.4000	0.0004	75.0250	
0.1283	50.3000	0.0004	75.0750	
0.1282	50.1250	0.0004	75.0500	
0.1282	50.2250	0.0004	75.0750	
0.1282	49.6250	0.0004	75.0250	
0.1283	50.3500	0.0004	75.0250	
0.1282	49.9250	0.0004	75.0750	
0.1282	49.1750	0.0004	75.0500	
0.1282	49.9000	0.0004	75.0500	
0.1282	49.4750	0.0004	75.0250	
0.1283	50.4750	0.0004	75.0750	
0.1283	49.6000	0.0004	75.0750	
0.1283	50.1500	0.0004	74.9750	
0.1283	49.7500	0.0004	74.9750	
0.1282	50.1000	0.0004	74.9000	
0.1282	50.1750	0.0004	74.9500	
0.1283	50.5000	0.0004	74.9500	
0.1282	49.2250	0.0004	75.0500	
0.1283	49.3500	0.0004	74.9750	
0.1282	49.8500	0.0004	75.0000	
0.1282	49.2500	0.0004	74.9500	
0.1281	50.0250	0.0004	74.9750	
0.1282	49.8750	0.0004	74.9250	
0.1282	50.1250	0.0004	74.9500	
0.1282	49.7500	0.0004	75.0000	
0.1282	49.7750	0.0004	75.0500	
0.1282	50.3500	0.0004	75.0750	
0.1282	49.7000	0.0004	75.0500	
0.1282	48.9750	0.0004	75.0000	
0.1282	49.5250	0.0004	75.0250	
0.1283	50.7750	0.0004	75.0000	
0.1286	48.8250	0.0004	75.0250	
0.1282	49.8250	0.0004	74.9750	
0.1282	50.6500	0.0004	74.9250	
0.1281	49.4250	0.0004	75.0000	
0.1282	49.3250	0.0004	74.9750	
0.1282	50.3000	0.0004	75.0000	
0.1282	49.8000	0.0004	74.9250	
0.1282	49.8250	0.0004	75.0250	
0.1282	49.2000	0.0004	75.0000	
0.1282	50.1000	0.0004	75.0250	
0.1282	49.4750	0.0004	75.0500	
0.1283	48.9000	0.0004	75.0000	
0.1282	49.8250	0.0004	75.0250	
0.1282	50.2000	0.0004	75.0000	
0.1283	49.4750	0.0004	74.9250	
0.1281	49.9500	0.0004	75.0250	
0.1282	50.5500	0.0004	74.9250	
0.1281	49.7750	0.0004	74.9500	
0.1282	49.2250	0.0004	75.0250	
0.1282	49.9000	0.0004	75.0000	
0.1283	49.1750	0.0004	75.0000	
0.1281	49.4500	0.0004	75.0250	
0.1281	49.8500	0.0004	75.0250	
0.1281	49.2500	0.0004	75.0250	
0.1282	49.7250	0.0004	75.0500	
0.1282	49.1000	0.0004	75.0500	
0.1282	49.7500	0.0004	74.9750	
0.1282	49.1500	0.0004	75.0250	
0.1281	49.6750	0.0004	75.0500	
0.1281	49.9000	0.0004	75.0250	
0.1282	49.4250	0.0004	75.0250	
0.1281	49.5250	0.0004	75.0250	
0.1281	49.5250	0.0004	75.0000	
0.1281	50.0500	0.0004	74.9750	
0.1282	50.2750	0.0004	75.0000	
0.1282	49.4000	0.0004	75.0250	
