Loss_Adversary	Accuracy_Adversary	Entropy_A	Loss_Target	Accuracy_Target	proj_A	proj_T	
0.0691	0.1023	0.0882	85.9550	87.9148	0.0000	
0.0679	0.1031	0.0869	85.9329	88.0537	0.0000	
0.0674	0.1031	0.0864	85.8868	88.1803	0.0000	
0.0662	0.1032	0.0850	85.8844	88.3105	0.0000	
0.0654	0.1036	0.0842	85.8524	88.4530	0.0000	
0.0595	0.1047	0.0777	85.7081	89.4526	0.0000	
0.1080	85.7541	0.0000	0.0780	89.8397	58.3311	68.9553	
0.1070	85.7210	0.0000	0.0770	89.8378	0.0000	0.0000	
0.1065	85.7228	0.0000	0.0764	89.9158	0.0000	0.0000	
0.1062	85.7130	0.0000	0.0762	89.8851	0.0000	0.0000	
0.1061	85.7154	0.0000	0.0759	89.9060	0.0000	0.0000	
0.1057	85.7455	0.0000	0.0757	89.8900	0.0000	0.0000	
0.1056	85.8137	0.0000	0.0757	89.9250	0.0000	0.0000	
