Loss_Adversary	Accuracy_Adversary	Entropy_A	Loss_Target	Accuracy_Target	proj_A	proj_T	
-0.2015	0.2516	0.2489	49.9638	54.4443	0.0000	
-0.2001	0.2500	0.2493	51.2939	53.5406	0.0000	
-0.2006	0.2505	0.2478	51.0518	54.0173	0.0000	
-0.2009	0.2509	0.2494	51.0991	54.0824	0.0000	
-0.2003	0.2502	0.2483	51.5758	54.5229	0.0000	
-0.2008	0.2505	0.2465	49.5878	54.2065	0.0000	
0.2661	52.3088	0.0000	0.2695	52.4949	1.2269	1.2432	
0.2489	52.9852	0.0000	0.2493	53.1793	0.0000	0.0000	
0.2477	53.6198	0.0000	0.2480	53.7144	0.0000	0.0000	
0.2473	53.7986	0.0000	0.2473	54.0032	0.0000	0.0000	
0.2471	54.0523	0.0000	0.2471	54.1248	0.0000	0.0000	
0.2470	54.2274	0.0000	0.2463	54.4419	0.0000	0.0000	
0.2469	54.3608	0.0000	0.2463	54.5064	0.0000	0.0000	
