Loss_Adversary	Accuracy_Adversary	Entropy_A	Loss_Target	Accuracy_Target	proj_A	proj_T	
-0.1652	0.2706	0.2564	51.2152	65.1478	0.0000	
-0.1578	0.2716	0.2972	45.2829	51.5396	0.0000	
-0.1513	0.2520	0.2515	49.8354	52.8310	0.0000	
-0.1570	0.2613	0.2603	46.5559	48.1520	0.0000	
-0.1518	0.2516	0.2475	50.5535	53.6954	0.0000	
-0.1513	0.2506	0.2458	52.0305	54.7552	0.0000	
0.7527	50.6881	0.0000	0.3641	52.0354	34.0197	24.9824	
0.2793	50.9154	0.0000	0.2514	53.6917	0.0000	0.0000	
0.2577	52.0753	0.0000	0.2469	55.5047	0.0000	0.0000	
0.2454	55.6780	0.0000	0.2405	59.4667	0.0000	0.0000	
0.2365	58.8757	0.0000	0.2270	65.1625	0.0000	0.0000	
0.2333	59.7696	0.0000	0.2177	67.3072	0.0000	0.0000	
0.2322	60.2218	0.0000	0.2162	67.5020	0.0000	0.0000	
