Loss_Adversary	Accuracy_Adversary	Entropy_A	Loss_Target	Accuracy_Target	proj_A	proj_T	
-0.0320	0.1885	0.1244	76.9503	85.4113	0.0000	
-0.0319	0.1853	0.1214	76.6874	85.3013	0.0000	
-0.0314	0.1986	0.1357	73.7126	83.0595	0.0000	
-0.0280	0.1955	0.1395	74.8086	82.5170	0.0000	
-0.0298	0.1901	0.1306	75.5919	83.9884	0.0000	
-0.0325	0.1889	0.1240	74.4210	83.9928	0.0000	
0.2436	60.6813	0.0000	0.2278	65.0040	13.6468	39.6083	
0.2163	70.2470	0.0000	0.1626	80.8417	0.0000	0.0000	
0.2059	71.8873	0.0000	0.1472	82.2326	0.0000	0.0000	
0.1977	72.4771	0.0000	0.1335	83.1707	0.0000	0.0000	
0.1856	74.2373	0.0000	0.1254	84.0978	0.0000	0.0000	
0.1791	75.1588	0.0000	0.1225	84.3110	0.0000	0.0000	
0.1786	75.2571	0.0000	0.1222	84.3632	0.0000	0.0000	
