Loss_Adversary	Accuracy_Adversary	Entropy_A	Loss_Target	Accuracy_Target	proj_A	proj_T	
-0.1785	0.2546	0.2531	49.8784	53.7273	0.0000	
-0.1758	0.2508	0.2488	50.8534	54.2975	0.0000	
-0.1763	0.2513	0.2489	50.5486	54.1531	0.0000	
-0.1769	0.2522	0.2496	50.2095	54.4154	0.0000	
-0.1759	0.2508	0.2485	50.7999	54.6262	0.0000	
-0.1751	0.2496	0.2474	52.0305	54.7552	0.0000	
0.2489	52.8973	0.0000	0.2475	54.7515	14.8340	11.2066	
0.2465	55.3173	0.0000	0.2439	55.8819	0.0000	0.0000	
0.2376	61.1839	0.0000	0.2383	59.8347	0.0000	0.0000	
0.2240	65.4648	0.0000	0.2306	63.0350	0.0000	0.0000	
0.2164	66.3365	0.0000	0.2251	64.4345	0.0000	0.0000	
0.2150	66.6167	0.0000	0.2231	64.9204	0.0000	0.0000	
0.2152	66.5215	0.0000	0.2230	64.9002	0.0000	0.0000	
