Loss_Adversary	Accuracy_Adversary	Entropy_A	Loss_Target	Accuracy_Target	proj_A	proj_T	
0.0239	0.1281	0.0890	82.8427	87.9665	0.0000	
0.0237	0.1293	0.0893	82.8169	87.9892	0.0000	
0.0229	0.1305	0.0886	82.6405	88.1262	0.0000	
0.0221	0.1308	0.0877	82.5834	88.2681	0.0000	
0.0216	0.1322	0.0875	82.4912	88.3474	0.0000	
0.0153	0.1323	0.0785	82.7751	89.7512	0.0000	
0.1350	82.7112	0.0000	0.0758	90.3361	46.6528	69.1849	
0.1347	82.6620	0.0000	0.0756	90.3766	0.0000	0.0000	
0.1347	82.6676	0.0000	0.0754	90.3569	0.0000	0.0000	
0.1347	82.6602	0.0000	0.0755	90.3391	0.0000	0.0000	
0.1345	82.6700	0.0000	0.0753	90.3815	0.0000	0.0000	
0.1343	82.7112	0.0000	0.0753	90.3686	0.0000	0.0000	
0.1345	82.6762	0.0000	0.0754	90.3668	0.0000	0.0000	
