Loss_Adversary	Accuracy_Adversary	Entropy_A	Loss_Target	Accuracy_Target	proj_A	proj_T	
-0.1759	0.2508	0.2485	50.6033	54.6698	0.0000	
-0.1753	0.2500	0.2480	51.4044	54.7552	0.0000	
-0.1752	0.2498	0.2479	51.6950	54.7466	0.0000	
-0.1755	0.2502	0.2483	51.2926	54.6765	0.0000	
-0.1756	0.2503	0.2482	51.2803	54.6858	0.0000	
-0.1750	0.2496	0.2478	51.8984	54.7552	0.0000	
0.2509	52.6780	0.0000	0.2492	54.2661	1.2672	1.0445	
0.2490	53.2463	0.0000	0.2476	54.7484	0.0000	0.0000	
0.2486	53.5080	0.0000	0.2474	54.7908	0.0000	0.0000	
0.2485	53.7169	0.0000	0.2473	54.7933	0.0000	0.0000	
0.2484	53.7120	0.0000	0.2472	54.8424	0.0000	0.0000	
0.2483	53.7912	0.0000	0.2471	54.8326	0.0000	0.0000	
0.2482	53.9153	0.0000	0.2470	54.8197	0.0000	0.0000	
