Loss_Adversary	Accuracy_Adversary	Entropy_A	Loss_Target	Accuracy_Target	proj_A	proj_T	
-0.2049	0.2497	0.2477	51.7681	54.7484	0.0000	
-0.2066	0.2517	0.2489	50.7876	54.7834	0.0000	
-0.2053	0.2501	0.2480	51.6010	54.5813	0.0000	
-0.2052	0.2500	0.2478	51.6004	54.7552	0.0000	
-0.2054	0.2502	0.2480	51.4419	54.7552	0.0000	
-0.2057	0.2506	0.2478	49.8882	54.7552	0.0000	
0.2456	56.1952	0.0000	0.2452	55.8788	4.0366	3.5768	
0.2422	58.1145	0.0000	0.2434	57.5321	0.0000	0.0000	
0.2416	58.3486	0.0000	0.2425	57.9929	0.0000	0.0000	
0.2415	58.4076	0.0000	0.2418	58.3836	0.0000	0.0000	
0.2415	58.3222	0.0000	0.2418	58.5378	0.0000	0.0000	
0.2414	58.3467	0.0000	0.2414	58.6810	0.0000	0.0000	
0.2414	58.3941	0.0000	0.2415	58.5139	0.0000	0.0000	
