Loss_Adversary	Accuracy_Adversary	Entropy_A	Loss_Target	Accuracy_Target	proj_A	proj_T	
0.0689	0.1014	0.0878	86.0619	87.8602	0.0000	
0.0681	0.1021	0.0870	86.0601	88.0390	0.0000	
0.0671	0.1026	0.0859	85.8868	88.1686	0.0000	
0.0664	0.1030	0.0852	85.8555	88.2380	0.0000	
0.0655	0.1034	0.0842	85.8223	88.4395	0.0000	
0.0595	0.1034	0.0776	85.8205	89.4151	0.0000	
0.1112	85.3265	0.0000	0.0788	89.8335	57.0842	68.8505	
0.1103	85.3351	0.0000	0.0778	89.8360	0.0000	0.0000	
0.1095	85.3136	0.0000	0.0775	89.8458	0.0000	0.0000	
0.1091	85.3357	0.0000	0.0771	89.8974	0.0000	0.0000	
0.1089	85.3382	0.0000	0.0767	89.9158	0.0000	0.0000	
0.1087	85.3013	0.0000	0.0767	89.8335	0.0000	0.0000	
0.1086	85.3081	0.0000	0.0765	89.8562	0.0000	0.0000	
