Loss_Adversary	Accuracy_Adversary	Entropy_A	Loss_Target	Accuracy_Target	proj_A	proj_T	
0.1296	0.1494	0.1296	79.2615	81.6268	0.0000	
0.0933	0.0932	0.0933	87.0904	87.0173	0.0000	
0.0906	0.0930	0.0906	87.2243	87.4289	0.0000	
0.0888	0.0931	0.0888	87.1506	87.6955	0.0000	
0.0877	0.0926	0.0877	87.2433	87.8442	0.0000	
0.0818	0.0926	0.0818	87.1899	88.7166	0.0000	
0.1707	79.7235	0.0000	0.1598	83.4042	62.6504	67.2350	
0.1077	86.9491	0.0000	0.0971	88.7043	0.0000	0.0000	
0.1014	86.9442	0.0000	0.0908	88.8241	0.0000	0.0000	
0.0992	87.0627	0.0000	0.0876	88.8991	0.0000	0.0000	
0.0981	87.0074	0.0000	0.0858	88.9402	0.0000	0.0000	
0.0976	86.9988	0.0000	0.0851	88.9513	0.0000	0.0000	
0.0975	87.0455	0.0000	0.0847	88.9869	0.0000	0.0000	
