Loss_Adversary	Accuracy_Adversary	Entropy_A	Loss_Target	Accuracy_Target	proj_A	proj_T	
0.0232	0.1279	0.0879	82.9416	88.1919	0.0000	
0.0227	0.1294	0.0878	82.7720	88.2091	0.0000	
0.0223	0.1307	0.0878	82.5232	88.2380	0.0000	
0.0211	0.1303	0.0860	82.6258	88.5102	0.0000	
0.0202	0.1315	0.0853	82.5330	88.6656	0.0000	
0.0136	0.1330	0.0764	82.6368	90.0436	0.0000	
0.1339	82.8814	0.0000	0.0720	90.9056	47.4894	70.5679	
0.1334	82.8648	0.0000	0.0722	90.8441	0.0000	0.0000	
0.1331	82.9059	0.0000	0.0719	90.8994	0.0000	0.0000	
0.1329	82.8765	0.0000	0.0721	90.8595	0.0000	0.0000	
0.1332	82.8427	0.0000	0.0721	90.8226	0.0000	0.0000	
0.1328	82.9416	0.0000	0.0715	90.9074	0.0000	0.0000	
0.1325	82.9391	0.0000	0.0716	90.8822	0.0000	0.0000	
