Loss_Adversary	Accuracy_Adversary	Entropy_A	Loss_Target	Accuracy_Target	proj_A	proj_T	
-0.2104	0.2502	0.2480	50.9848	54.7552	0.0000	
-0.2102	0.2500	0.2479	51.5715	54.7552	0.0000	
-0.2103	0.2501	0.2479	51.5359	54.7552	0.0000	
-0.2101	0.2500	0.2479	51.6391	54.7552	0.0000	
-0.2101	0.2499	0.2478	51.6342	54.7552	0.0000	
-0.2100	0.2498	0.2478	52.0299	54.7552	0.0000	
0.2528	55.9427	0.0000	0.2467	56.1178	3.5662	2.7091	
0.2436	57.1991	0.0000	0.2439	56.8624	0.0000	0.0000	
0.2430	57.1487	0.0000	0.2434	56.9835	0.0000	0.0000	
0.2427	57.2876	0.0000	0.2432	57.0105	0.0000	0.0000	
0.2426	57.2771	0.0000	0.2427	56.9884	0.0000	0.0000	
0.2424	57.2956	0.0000	0.2425	57.1727	0.0000	0.0000	
0.2424	57.3742	0.0000	0.2425	57.0418	0.0000	0.0000	
