Loss_Adversary	Accuracy_Adversary	Entropy_A	Loss_Target	Accuracy_Target	proj_A	proj_T	
0.0243	0.1286	0.0898	82.8556	87.9241	0.0000	
0.0235	0.1300	0.0893	82.5846	87.9062	0.0000	
0.0230	0.1303	0.0887	82.6418	88.1065	0.0000	
0.0224	0.1314	0.0883	82.5250	88.1876	0.0000	
0.0215	0.1321	0.0873	82.5361	88.4051	0.0000	
0.0151	0.1345	0.0792	82.6258	89.6971	0.0000	
0.1349	82.8408	0.0000	0.0760	90.3225	46.5025	68.8169	
0.1346	82.8353	0.0000	0.0753	90.4024	0.0000	0.0000	
0.1343	82.7947	0.0000	0.0756	90.3760	0.0000	0.0000	
0.1340	82.8365	0.0000	0.0752	90.3926	0.0000	0.0000	
0.1340	82.8826	0.0000	0.0754	90.4012	0.0000	0.0000	
0.1341	82.7880	0.0000	0.0751	90.4098	0.0000	0.0000	
0.1339	82.9096	0.0000	0.0750	90.4331	0.0000	0.0000	
