Loss_Adversary	Accuracy_Adversary	Entropy_A	Loss_Target	Accuracy_Target	proj_A	proj_T	
-0.1598	0.2456	0.1833	62.7382	80.4589	0.0000	
-0.1588	0.2418	0.1733	64.3657	82.4845	0.0000	
-0.1580	0.2422	0.1788	62.5932	81.1863	0.0000	
-0.1572	0.2436	0.1885	62.0194	78.6177	0.0000	
-0.1568	0.2456	0.1983	60.4086	74.9321	0.0000	
-0.1577	0.2445	0.1895	61.8836	76.7641	0.0000	
0.2511	55.0009	0.0000	0.2075	68.5741	1.8258	21.3355	
0.2467	57.9542	0.0000	0.1775	75.2694	0.0000	0.0000	
0.2460	59.4194	0.0000	0.1770	75.3026	0.0000	0.0000	
0.2456	59.8163	0.0000	0.1761	75.4353	0.0000	0.0000	
0.2455	59.8753	0.0000	0.1763	75.3880	0.0000	0.0000	
0.2454	59.6732	0.0000	0.1757	75.5078	0.0000	0.0000	
0.2454	59.9724	0.0000	0.1756	75.5250	0.0000	0.0000	
