Loss_Adversary	Accuracy_Adversary	Entropy_A	Loss_Target	Accuracy_Target	proj_A	proj_T	
-0.2153	0.2502	0.2480	51.1175	54.7552	0.0000	
-0.2153	0.2502	0.2480	51.2539	54.7552	0.0000	
-0.2150	0.2499	0.2479	51.4603	54.7552	0.0000	
-0.2151	0.2500	0.2479	51.3700	54.7552	0.0000	
-0.2150	0.2499	0.2478	51.4640	54.7552	0.0000	
-0.2149	0.2497	0.2479	52.0102	54.7552	0.0000	
0.2493	52.3315	0.0000	0.2477	54.7589	1.3922	1.2224	
0.2489	52.9834	0.0000	0.2474	54.7496	0.0000	0.0000	
0.2487	53.2623	0.0000	0.2473	54.7441	0.0000	0.0000	
0.2485	53.5633	0.0000	0.2473	54.7478	0.0000	0.0000	
0.2483	53.8570	0.0000	0.2473	54.7711	0.0000	0.0000	
0.2482	53.8699	0.0000	0.2472	54.7552	0.0000	0.0000	
0.2481	54.1943	0.0000	0.2471	54.7552	0.0000	0.0000	
