Loss_Adversary	Accuracy_Adversary	Entropy_A	Loss_Target	Accuracy_Target	proj_A	proj_T	
-0.0339	0.1973	0.1295	75.3253	84.3909	0.0000	
-0.0340	0.1886	0.1207	77.2808	86.2278	0.0000	
-0.0332	0.1867	0.1203	75.7031	85.0925	0.0000	
-0.0331	0.1865	0.1203	74.4683	84.2465	0.0000	
-0.0354	0.1930	0.1222	76.5086	85.9409	0.0000	
-0.0487	0.2122	0.1148	76.1117	89.0121	0.0000	
0.1378	82.0968	0.0000	0.0895	89.2032	49.8553	67.0488	
0.1254	82.8242	0.0000	0.0785	90.5486	0.0000	0.0000	
0.1211	83.3747	0.0000	0.0774	90.5935	0.0000	0.0000	
0.1188	83.6186	0.0000	0.0766	90.6592	0.0000	0.0000	
0.1178	83.6524	0.0000	0.0762	90.7145	0.0000	0.0000	
0.1168	83.7587	0.0000	0.0763	90.6475	0.0000	0.0000	
0.1169	83.6936	0.0000	0.0763	90.6322	0.0000	0.0000	
