Loss_Adversary	Accuracy_Adversary	Entropy_A	Loss_Target	Accuracy_Target	proj_A	proj_T	
-0.2150	0.2499	0.2478	51.8075	54.7552	0.0000	
-0.2153	0.2501	0.2478	51.4253	54.7552	0.0000	
-0.2151	0.2499	0.2478	51.7362	54.7552	0.0000	
-0.2152	0.2500	0.2478	51.6766	54.7552	0.0000	
-0.2153	0.2502	0.2478	51.6907	54.7552	0.0000	
-0.2150	0.2498	0.2478	51.5672	54.7552	0.0000	
0.2497	52.0268	0.0000	0.2477	54.7558	3.5159	2.4957	
0.2495	52.0188	0.0000	0.2470	54.7681	0.0000	0.0000	
0.2490	52.0735	0.0000	0.2461	54.9788	0.0000	0.0000	
0.2480	53.1068	0.0000	0.2452	55.4408	0.0000	0.0000	
0.2470	55.5483	0.0000	0.2445	56.1320	0.0000	0.0000	
0.2463	56.3206	0.0000	0.2441	56.4631	0.0000	0.0000	
0.2463	56.2591	0.0000	0.2441	56.3187	0.0000	0.0000	
