Loss_Adversary	Accuracy_Adversary	Entropy_A	Loss_Target	Accuracy_Target	proj_A	proj_T	
0.1667	0.1838	0.1667	77.6986	77.6193	0.0000	
0.0946	0.0937	0.0946	87.1174	86.9270	0.0000	
0.0917	0.0936	0.0917	87.0990	87.3619	0.0000	
0.0894	0.0932	0.0894	87.1248	87.5991	0.0000	
0.0882	0.0934	0.0882	87.1143	87.7914	0.0000	
0.0823	0.0927	0.0823	87.2513	88.6392	0.0000	
0.2017	80.7299	0.0000	0.1462	86.2647	61.7931	67.0735	
0.1158	86.5288	0.0000	0.0969	88.7934	0.0000	0.0000	
0.1077	86.5983	0.0000	0.0905	88.8315	0.0000	0.0000	
0.1027	86.6824	0.0000	0.0868	88.9347	0.0000	0.0000	
0.1008	86.7070	0.0000	0.0846	88.9992	0.0000	0.0000	
0.1006	86.7285	0.0000	0.0840	89.0041	0.0000	0.0000	
0.1004	86.7433	0.0000	0.0839	88.9752	0.0000	0.0000	
