Loss_Adversary	Accuracy_Adversary	Entropy_A	Loss_Target	Accuracy_Target	proj_A	proj_T	
-0.2104	0.2503	0.2479	51.6047	54.7552	0.0000	
-0.2102	0.2501	0.2478	51.5955	54.7552	0.0000	
-0.2101	0.2499	0.2478	51.4739	54.7552	0.0000	
-0.2102	0.2500	0.2478	51.5396	54.7552	0.0000	
-0.2098	0.2496	0.2478	52.0305	54.7552	0.0000	
-0.2098	0.2496	0.2477	52.0305	54.7552	0.0000	
0.2499	51.8240	0.0000	0.2476	54.2471	1.1730	1.2731	
0.2494	52.0139	0.0000	0.2471	54.6698	0.0000	0.0000	
0.2493	52.1521	0.0000	0.2471	54.6593	0.0000	0.0000	
0.2493	52.0753	0.0000	0.2471	54.7048	0.0000	0.0000	
0.2493	51.8929	0.0000	0.2471	54.6894	0.0000	0.0000	
0.2493	52.2050	0.0000	0.2471	54.7374	0.0000	0.0000	
0.2493	52.0249	0.0000	0.2471	54.7177	0.0000	0.0000	
