Loss_Adversary	Accuracy_Adversary	Entropy_A	Loss_Target	Accuracy_Target	proj_A	proj_T	
0.1363	0.1417	0.1363	82.1687	84.0437	0.0000	
0.0942	0.0945	0.0942	86.9091	86.8766	0.0000	
0.0912	0.0932	0.0912	87.1721	87.4166	0.0000	
0.0898	0.0936	0.0898	87.0873	87.5161	0.0000	
0.0885	0.0935	0.0885	87.1088	87.7269	0.0000	
0.0824	0.0929	0.0824	87.1162	88.6545	0.0000	
0.1352	84.3184	0.0000	0.1383	84.2139	62.5044	66.9716	
0.1035	86.8022	0.0000	0.0933	88.7252	0.0000	0.0000	
0.1009	86.8323	0.0000	0.0882	88.8063	0.0000	0.0000	
0.0992	86.8600	0.0000	0.0859	88.8327	0.0000	0.0000	
0.0979	86.8919	0.0000	0.0847	88.8167	0.0000	0.0000	
0.0972	86.9730	0.0000	0.0843	88.8204	0.0000	0.0000	
0.0974	86.9700	0.0000	0.0841	88.8708	0.0000	0.0000	
