Loss_Adversary	Accuracy_Adversary	Entropy_A	Loss_Target	Accuracy_Target	proj_A	proj_T	
-0.2155	0.2504	0.2478	51.0567	54.7552	0.0000	
-0.2166	0.2515	0.2478	49.7966	54.7552	0.0000	
-0.2166	0.2516	0.2479	50.3508	54.7552	0.0000	
-0.2157	0.2506	0.2478	50.5204	54.7552	0.0000	
-0.2166	0.2515	0.2478	50.1530	54.7552	0.0000	
-0.2159	0.2508	0.2478	50.0338	54.7552	0.0000	
0.2492	51.5752	0.0000	0.2475	54.0775	1.9128	1.5965	
0.2477	52.6811	0.0000	0.2463	54.6876	0.0000	0.0000	
0.2476	52.9520	0.0000	0.2462	54.7312	0.0000	0.0000	
0.2476	53.0042	0.0000	0.2462	54.6735	0.0000	0.0000	
0.2475	53.1007	0.0000	0.2462	54.7724	0.0000	0.0000	
0.2475	53.2881	0.0000	0.2461	54.7251	0.0000	0.0000	
0.2475	53.3630	0.0000	0.2461	54.7589	0.0000	0.0000	
