Loss_Adversary	Accuracy_Adversary	Entropy_A	Loss_Target	Accuracy_Target	proj_A	proj_T	
-0.2152	0.2501	0.2478	51.2545	54.7552	0.0000	
-0.2149	0.2498	0.2478	52.0096	54.7552	0.0000	
-0.2154	0.2503	0.2478	51.2570	54.7552	0.0000	
-0.2153	0.2501	0.2479	51.3645	54.7552	0.0000	
-0.2153	0.2502	0.2478	51.3295	54.7552	0.0000	
-0.2153	0.2502	0.2478	52.0305	54.7552	0.0000	
0.2959	53.1541	0.0000	0.2603	54.2674	7.0099	5.4618	
0.2367	61.8640	0.0000	0.2380	59.5325	0.0000	0.0000	
0.2349	62.0403	0.0000	0.2372	59.9570	0.0000	0.0000	
0.2340	62.0888	0.0000	0.2366	60.2906	0.0000	0.0000	
0.2338	62.0655	0.0000	0.2365	60.3625	0.0000	0.0000	
0.2332	62.0950	0.0000	0.2361	60.3957	0.0000	0.0000	
0.2333	62.0839	0.0000	0.2361	60.4178	0.0000	0.0000	
