Loss_Adversary	Accuracy_Adversary	Entropy_A	Loss_Target	Accuracy_Target	proj_A	proj_T	
0.0245	0.1278	0.0898	82.9422	87.9204	0.0000	
0.0236	0.1294	0.0891	82.7616	87.9972	0.0000	
0.0227	0.1306	0.0884	82.6694	88.0875	0.0000	
0.0222	0.1316	0.0881	82.5994	88.2153	0.0000	
0.0215	0.1319	0.0872	82.5582	88.3437	0.0000	
0.0151	0.1332	0.0787	82.5539	89.6523	0.0000	
0.1351	82.5453	0.0000	0.0760	90.3207	46.6722	69.4329	
0.1345	82.6295	0.0000	0.0754	90.4239	0.0000	0.0000	
0.1347	82.5828	0.0000	0.0755	90.3354	0.0000	0.0000	
0.1342	82.5945	0.0000	0.0755	90.3385	0.0000	0.0000	
0.1343	82.6350	0.0000	0.0754	90.3225	0.0000	0.0000	
0.1340	82.6319	0.0000	0.0751	90.3649	0.0000	0.0000	
0.1340	82.6743	0.0000	0.0750	90.3950	0.0000	0.0000	
