Loss_Adversary	Accuracy_Adversary	Entropy_A	Loss_Target	Accuracy_Target	proj_A	proj_T	
0.0244	0.1286	0.0899	82.8230	87.9013	0.0000	
0.0236	0.1302	0.0895	82.6110	87.9751	0.0000	
0.0231	0.1309	0.0891	82.6258	88.0992	0.0000	
0.0224	0.1319	0.0885	82.5435	88.2355	0.0000	
0.0217	0.1323	0.0877	82.5619	88.3394	0.0000	
0.0154	0.1346	0.0798	82.6921	89.6271	0.0000	
0.1335	83.0307	0.0000	0.0754	90.4043	47.0063	69.0619	
0.1330	83.0368	0.0000	0.0750	90.4411	0.0000	0.0000	
0.1326	83.1118	0.0000	0.0751	90.4485	0.0000	0.0000	
0.1321	83.1498	0.0000	0.0748	90.4878	0.0000	0.0000	
0.1326	83.0528	0.0000	0.0752	90.3920	0.0000	0.0000	
0.1325	83.0429	0.0000	0.0750	90.4165	0.0000	0.0000	
0.1321	83.0915	0.0000	0.0747	90.4872	0.0000	0.0000	
