Loss_Adversary	Accuracy_Adversary	Entropy_A	Loss_Target	Accuracy_Target	proj_A	proj_T	
0.1318	0.1271	0.1318	80.7471	82.5852	0.0000	
0.0941	0.0939	0.0941	86.9847	86.9595	0.0000	
0.0910	0.0928	0.0910	87.1174	87.4012	0.0000	
0.0895	0.0929	0.0895	87.0934	87.6304	0.0000	
0.0883	0.0937	0.0883	87.0658	87.7619	0.0000	
0.0823	0.0924	0.0823	87.1727	88.6509	0.0000	
0.1732	86.1504	0.0000	0.1445	84.8191	62.7663	66.8144	
0.1095	86.9700	0.0000	0.0927	88.7774	0.0000	0.0000	
0.1033	87.0203	0.0000	0.0885	88.8266	0.0000	0.0000	
0.1002	87.0523	0.0000	0.0862	88.9040	0.0000	0.0000	
0.0982	87.0836	0.0000	0.0849	88.9341	0.0000	0.0000	
0.0972	87.1365	0.0000	0.0842	88.9728	0.0000	0.0000	
0.0972	87.0652	0.0000	0.0843	88.9187	0.0000	0.0000	
