Loss_Adversary	Accuracy_Adversary	Entropy_A	Loss_Target	Accuracy_Target	proj_A	proj_T	
-0.0297	0.1996	0.1402	73.8373	82.4783	0.0000	
-0.0250	0.1923	0.1422	72.5465	80.7987	0.0000	
-0.0313	0.1902	0.1277	74.1617	83.4245	0.0000	
-0.0332	0.1935	0.1272	75.6368	84.8332	0.0000	
-0.0338	0.1908	0.1233	75.8481	85.2178	0.0000	
-0.0383	0.1890	0.1123	76.2813	86.7635	0.0000	
0.2311	65.5489	0.0000	0.1948	72.4083	20.9018	54.2109	
0.1988	76.1443	0.0000	0.1082	87.4369	0.0000	0.0000	
0.1904	76.1547	0.0000	0.0995	87.8430	0.0000	0.0000	
0.1732	76.6425	0.0000	0.0988	87.8123	0.0000	0.0000	
0.1627	77.5155	0.0000	0.0979	87.8774	0.0000	0.0000	
0.1608	77.6193	0.0000	0.0975	87.8749	0.0000	0.0000	
0.1603	77.5917	0.0000	0.0980	87.8215	0.0000	0.0000	
