Loss_Adversary	Accuracy_Adversary	Entropy_A	Loss_Target	Accuracy_Target	proj_A	proj_T	
0.0689	0.1023	0.0880	85.9870	87.8940	0.0000	
0.0677	0.1030	0.0867	85.9329	88.0936	0.0000	
0.0674	0.1030	0.0863	85.8709	88.1526	0.0000	
0.0664	0.1036	0.0853	85.8610	88.3351	0.0000	
0.0655	0.1034	0.0842	85.8721	88.4033	0.0000	
0.0594	0.1048	0.0777	85.6331	89.4415	0.0000	
0.1084	85.6681	0.0000	0.0780	89.8630	58.1960	68.9373	
0.1072	85.6564	0.0000	0.0769	89.8851	0.0000	0.0000	
0.1068	85.5962	0.0000	0.0765	89.8642	0.0000	0.0000	
0.1064	85.6270	0.0000	0.0761	89.9115	0.0000	0.0000	
0.1064	85.5987	0.0000	0.0757	89.9244	0.0000	0.0000	
0.1059	85.6730	0.0000	0.0757	89.8986	0.0000	0.0000	
0.1059	85.6939	0.0000	0.0757	89.8790	0.0000	0.0000	
