Loss_Adversary	Accuracy_Adversary	Entropy_A	Loss_Target	Accuracy_Target	proj_A	proj_T	
-0.2143	0.2546	0.2487	49.0164	54.2766	0.0000	
-0.2191	0.2598	0.2494	43.7710	54.7552	0.0000	
-0.2160	0.2564	0.2488	48.5980	54.7552	0.0000	
-0.2122	0.2523	0.2482	50.9541	54.7552	0.0000	
-0.2121	0.2522	0.2482	49.8845	54.7552	0.0000	
-0.2117	0.2518	0.2491	49.0828	54.7552	0.0000	
0.2071	69.0004	0.0000	0.2136	67.2464	28.6473	20.4039	
0.1834	73.2039	0.0000	0.2004	70.7120	0.0000	0.0000	
0.1777	73.9031	0.0000	0.1991	70.9295	0.0000	0.0000	
0.1766	74.0204	0.0000	0.1984	71.0198	0.0000	0.0000	
0.1761	74.0222	0.0000	0.1972	71.1452	0.0000	0.0000	
0.1760	73.9700	0.0000	0.1966	71.1046	0.0000	0.0000	
0.1758	73.9983	0.0000	0.1966	71.1212	0.0000	0.0000	
