Loss_Adversary	Accuracy_Adversary	Entropy_A	Loss_Target	Accuracy_Target	proj_A	proj_T	
-0.1598	0.2467	0.1876	65.0667	81.0235	0.0000	
-0.1582	0.2449	0.1889	64.1218	79.4022	0.0000	
-0.1573	0.2466	0.1995	57.8467	74.0394	0.0000	
-0.1578	0.2492	0.2080	55.6749	71.0266	0.0000	
-0.1573	0.2524	0.2230	50.8306	64.2029	0.0000	
-0.1576	0.2512	0.2167	50.8466	68.7891	0.0000	
0.2372	63.4859	0.0000	0.1603	78.8223	12.4890	27.7829	
0.2151	68.2878	0.0000	0.1595	78.8419	0.0000	0.0000	
0.2062	69.9478	0.0000	0.1592	78.8948	0.0000	0.0000	
0.2040	70.2857	0.0000	0.1593	78.8223	0.0000	0.0000	
0.2031	70.3176	0.0000	0.1593	78.8462	0.0000	0.0000	
0.2023	70.5001	0.0000	0.1589	78.8972	0.0000	0.0000	
0.2016	70.4761	0.0000	0.1586	78.9378	0.0000	0.0000	
