Loss_Adversary	Accuracy_Adversary	Entropy_A	Loss_Target	Accuracy_Target	proj_A	proj_T	
-0.2057	0.2506	0.2482	50.8208	54.6870	0.0000	
-0.2055	0.2503	0.2479	51.3584	54.6919	0.0000	
-0.2055	0.2503	0.2480	50.9486	54.7552	0.0000	
-0.2050	0.2498	0.2478	51.7257	54.7552	0.0000	
-0.2052	0.2500	0.2478	51.5660	54.7552	0.0000	
-0.2052	0.2500	0.2479	51.8591	54.7552	0.0000	
0.2814	50.4817	0.0000	0.2501	54.0855	1.5068	1.2777	
0.2492	51.5900	0.0000	0.2473	54.5604	0.0000	0.0000	
0.2485	52.3106	0.0000	0.2471	54.6108	0.0000	0.0000	
0.2484	52.6264	0.0000	0.2469	54.6624	0.0000	0.0000	
0.2483	53.0153	0.0000	0.2469	54.6796	0.0000	0.0000	
0.2481	53.3311	0.0000	0.2468	54.7576	0.0000	0.0000	
0.2481	53.4527	0.0000	0.2468	54.7552	0.0000	0.0000	
