Loss_Adversary	Accuracy_Adversary	Entropy_A	Loss_Target	Accuracy_Target	proj_A	proj_T	
0.0241	0.1271	0.0889	82.9735	88.0187	0.0000	
0.0232	0.1289	0.0884	82.8095	88.1213	0.0000	
0.0226	0.1305	0.0883	82.6424	88.1889	0.0000	
0.0219	0.1309	0.0873	82.6387	88.3062	0.0000	
0.0212	0.1314	0.0866	82.6485	88.4979	0.0000	
0.0148	0.1326	0.0780	82.7763	89.8427	0.0000	
0.1353	82.7186	0.0000	0.0751	90.4903	46.6488	69.4928	
0.1349	82.7345	0.0000	0.0747	90.5646	0.0000	0.0000	
0.1346	82.7653	0.0000	0.0748	90.4786	0.0000	0.0000	
0.1346	82.8255	0.0000	0.0744	90.5769	0.0000	0.0000	
0.1345	82.7868	0.0000	0.0744	90.5572	0.0000	0.0000	
0.1345	82.7290	0.0000	0.0744	90.5185	0.0000	0.0000	
0.1345	82.7198	0.0000	0.0743	90.5560	0.0000	0.0000	
