Loss_Adversary	Accuracy_Adversary	Entropy_A	Loss_Target	Accuracy_Target	proj_A	proj_T	
0.1304	0.1500	0.1304	78.9574	81.6231	0.0000	
0.0935	0.0931	0.0935	87.1278	86.9816	0.0000	
0.0907	0.0924	0.0907	87.2513	87.4848	0.0000	
0.0888	0.0929	0.0888	87.1561	87.6832	0.0000	
0.0879	0.0928	0.0879	87.2114	87.8036	0.0000	
0.0820	0.0927	0.0820	87.1788	88.6619	0.0000	
0.1712	79.6388	0.0000	0.1598	83.4023	62.4044	67.2441	
0.1086	86.7875	0.0000	0.0973	88.7018	0.0000	0.0000	
0.1021	86.8483	0.0000	0.0911	88.8167	0.0000	0.0000	
0.0999	86.8846	0.0000	0.0878	88.8241	0.0000	0.0000	
0.0988	86.9147	0.0000	0.0860	88.9574	0.0000	0.0000	
0.0983	86.9184	0.0000	0.0853	88.8868	0.0000	0.0000	
0.0982	86.8999	0.0000	0.0849	88.9113	0.0000	0.0000	
