Loss_Adversary	Accuracy_Adversary	Entropy_A	Loss_Target	Accuracy_Target	proj_A	proj_T	
-0.2158	0.2507	0.2479	50.9959	54.7552	0.0000	
-0.2155	0.2504	0.2478	50.8761	54.7552	0.0000	
-0.2153	0.2501	0.2478	51.4038	54.7552	0.0000	
-0.2155	0.2503	0.2478	51.5973	54.7552	0.0000	
-0.2151	0.2499	0.2478	51.6256	54.7552	0.0000	
-0.2148	0.2496	0.2478	52.0305	54.7552	0.0000	
0.2496	51.9481	0.0000	0.2478	54.7552	1.2279	1.0202	
0.2495	51.9912	0.0000	0.2477	54.7552	0.0000	0.0000	
0.2494	52.0722	0.0000	0.2476	54.7552	0.0000	0.0000	
0.2493	52.1239	0.0000	0.2475	54.7552	0.0000	0.0000	
0.2491	52.0784	0.0000	0.2474	54.7552	0.0000	0.0000	
0.2490	52.1503	0.0000	0.2474	54.7552	0.0000	0.0000	
0.2490	52.1374	0.0000	0.2473	54.7552	0.0000	0.0000	
