Loss_Adversary	Accuracy_Adversary	Entropy_A	Loss_Target	Accuracy_Target	proj_A	proj_T	
-0.1533	0.2543	0.2506	48.1311	53.7138	0.0000	
-0.1544	0.2561	0.2527	46.3138	51.0475	0.0000	
-0.1526	0.2532	0.2501	48.6521	53.1928	0.0000	
-0.1502	0.2497	0.2478	51.8578	54.5150	0.0000	
-0.1503	0.2498	0.2478	51.9899	54.7552	0.0000	
-0.1502	0.2496	0.2474	51.9144	54.7552	0.0000	
0.3208	49.5546	0.0000	0.4812	51.8806	1.1342	1.0500	
0.2545	49.9681	0.0000	0.2612	52.1540	0.0000	0.0000	
0.2509	51.1077	0.0000	0.2524	53.5959	0.0000	0.0000	
0.2501	51.5562	0.0000	0.2497	54.3442	0.0000	0.0000	
0.2499	51.6926	0.0000	0.2487	54.6538	0.0000	0.0000	
0.2496	51.7473	0.0000	0.2483	54.7355	0.0000	0.0000	
0.2495	51.8357	0.0000	0.2482	54.7116	0.0000	0.0000	
