Loss_Adversary	Accuracy_Adversary	Entropy_A	Loss_Target	Accuracy_Target	proj_A	proj_T	
-0.2056	0.2505	0.2480	51.1083	54.7552	0.0000	
-0.2055	0.2504	0.2479	51.2318	54.7552	0.0000	
-0.2053	0.2502	0.2479	51.6483	54.7552	0.0000	
-0.2051	0.2499	0.2478	52.0182	54.7552	0.0000	
-0.2051	0.2499	0.2478	51.9610	54.7552	0.0000	
-0.2051	0.2499	0.2480	52.0305	54.7552	0.0000	
0.2429	57.0928	0.0000	0.2412	57.4916	5.6453	4.3917	
0.2409	58.8272	0.0000	0.2403	58.3314	0.0000	0.0000	
0.2404	58.9709	0.0000	0.2403	58.6134	0.0000	0.0000	
0.2403	58.9427	0.0000	0.2401	58.3861	0.0000	0.0000	
0.2401	59.0631	0.0000	0.2400	58.5857	0.0000	0.0000	
0.2400	59.1135	0.0000	0.2399	58.6515	0.0000	0.0000	
0.2397	59.1878	0.0000	0.2397	58.6091	0.0000	0.0000	
