Loss_Adversary	Accuracy_Adversary	Entropy_A	Loss_Target	Accuracy_Target	proj_A	proj_T	
-0.2113	0.2513	0.2478	50.1309	54.7552	0.0000	
-0.2112	0.2511	0.2478	50.2292	54.7552	0.0000	
-0.2115	0.2514	0.2478	50.2476	54.7552	0.0000	
-0.2110	0.2509	0.2478	51.2736	54.7552	0.0000	
-0.2112	0.2511	0.2478	49.8519	54.7552	0.0000	
-0.2103	0.2501	0.2478	51.7233	54.7552	0.0000	
0.2510	51.4284	0.0000	0.2480	54.5033	1.5681	1.2960	
0.2475	53.5971	0.0000	0.2462	55.0476	0.0000	0.0000	
0.2464	54.9585	0.0000	0.2455	55.1220	0.0000	0.0000	
0.2456	56.1209	0.0000	0.2450	54.9813	0.0000	0.0000	
0.2451	56.4176	0.0000	0.2446	55.1607	0.0000	0.0000	
0.2449	56.5331	0.0000	0.2443	55.2516	0.0000	0.0000	
0.2449	56.5313	0.0000	0.2443	55.1643	0.0000	0.0000	
