Loss_Adversary	Accuracy_Adversary	Entropy_A	Loss_Target	Accuracy_Target	proj_A	proj_T	
0.1144	0.1341	0.1144	84.7773	84.6477	0.0000	
0.0932	0.0929	0.0932	87.2341	87.1297	0.0000	
0.0907	0.0924	0.0907	87.2587	87.4105	0.0000	
0.0892	0.0928	0.0892	87.1371	87.6408	0.0000	
0.0880	0.0927	0.0880	87.1586	87.7643	0.0000	
0.0817	0.0923	0.0817	87.2452	88.6496	0.0000	
0.1455	83.3034	0.0000	0.1278	87.1395	68.9743	69.6785	
0.1021	87.0922	0.0000	0.0895	88.9826	0.0000	0.0000	
0.0983	87.1524	0.0000	0.0850	89.0029	0.0000	0.0000	
0.0963	87.1911	0.0000	0.0832	89.0047	0.0000	0.0000	
0.0953	87.1739	0.0000	0.0825	88.9476	0.0000	0.0000	
0.0949	87.2096	0.0000	0.0822	89.0010	0.0000	0.0000	
0.0950	87.1764	0.0000	0.0821	88.9777	0.0000	0.0000	
