Loss_Adversary	Accuracy_Adversary	Entropy_A	Loss_Target	Accuracy_Target	proj_A	proj_T	
-0.2186	0.2637	0.1876	36.3746	77.6494	0.0000	
-0.2170	0.2606	0.1754	42.1540	79.4053	0.0000	
-0.2147	0.2583	0.1779	42.7966	79.3346	0.0000	
-0.2196	0.2594	0.1383	44.0007	84.4584	0.0000	
-0.2145	0.2552	0.1513	48.9347	82.5379	0.0000	
-0.2116	0.2516	0.1482	50.9068	84.7220	0.0000	
0.0803	89.5521	0.0000	0.1284	82.3020	78.0047	65.9222	
0.0631	92.0753	0.0000	0.0950	87.4031	0.0000	0.0000	
0.0624	92.1159	0.0000	0.0938	87.4848	0.0000	0.0000	
0.0622	92.0870	0.0000	0.0933	87.4952	0.0000	0.0000	
0.0618	92.1626	0.0000	0.0930	87.5118	0.0000	0.0000	
0.0616	92.1257	0.0000	0.0927	87.5303	0.0000	0.0000	
0.0615	92.1748	0.0000	0.0925	87.4731	0.0000	0.0000	
