Loss_Adversary	Accuracy_Adversary	Entropy_A	Loss_Target	Accuracy_Target	proj_A	proj_T	
0.0679	0.1023	0.0869	86.0091	88.0654	0.0000	
0.0673	0.1026	0.0862	85.9814	88.1102	0.0000	
0.0663	0.1032	0.0851	85.9157	88.2847	0.0000	
0.0657	0.1031	0.0845	85.8580	88.3222	0.0000	
0.0647	0.1041	0.0835	85.7584	88.5624	0.0000	
0.0583	0.1040	0.0763	85.8150	89.7143	0.0000	
0.1077	85.6995	0.0000	0.0765	90.0117	64.8437	71.2957	
0.1072	85.7302	0.0000	0.0758	90.1149	0.0000	0.0000	
0.1072	85.7339	0.0000	0.0754	90.1431	0.0000	0.0000	
0.1069	85.6952	0.0000	0.0754	90.0872	0.0000	0.0000	
0.1066	85.7406	0.0000	0.0754	90.0842	0.0000	0.0000	
0.1065	85.7609	0.0000	0.0752	90.1106	0.0000	0.0000	
0.1064	85.7799	0.0000	0.0751	90.1247	0.0000	0.0000	
