Loss_Adversary	Accuracy_Adversary	Entropy_A	Loss_Target	Accuracy_Target	proj_A	proj_T	
-0.2183	0.2605	0.1611	40.2924	81.9604	0.0000	
-0.2166	0.2558	0.1362	44.1494	84.9628	0.0000	
-0.2154	0.2557	0.1473	43.4343	83.7058	0.0000	
-0.2157	0.2555	0.1426	45.9771	84.2422	0.0000	
-0.2173	0.2578	0.1473	41.3989	83.8932	0.0000	
-0.2160	0.2562	0.1452	39.6879	84.7509	0.0000	
0.0766	90.7440	0.0000	0.1269	83.1867	78.8785	67.0411	
0.0649	91.9862	0.0000	0.0983	87.2520	0.0000	0.0000	
0.0647	91.9316	0.0000	0.0951	87.4897	0.0000	0.0000	
0.0640	91.9875	0.0000	0.0941	87.4590	0.0000	0.0000	
0.0641	91.9193	0.0000	0.0938	87.4148	0.0000	0.0000	
0.0637	91.9125	0.0000	0.0931	87.4836	0.0000	0.0000	
0.0638	91.9279	0.0000	0.0928	87.5075	0.0000	0.0000	
