Loss_Adversary	Accuracy_Adversary	Entropy_A	Loss_Target	Accuracy_Target	proj_A	proj_T	
-0.1460	0.3515	0.3333	40.0553	63.4269	0.0000	
-0.1289	0.2609	0.1790	56.0288	80.4946	0.0000	
-0.1260	0.2513	0.1664	58.3154	82.4544	0.0000	
-0.1306	0.2530	0.1551	59.3365	83.4963	0.0000	
-0.1255	0.2452	0.1539	59.9871	82.9428	0.0000	
-0.1388	0.2711	0.1701	44.3657	82.4384	0.0000	
0.0831	89.7665	0.0000	0.1585	79.7033	79.6281	71.4070	
0.0620	92.2289	0.0000	0.0951	88.6767	0.0000	0.0000	
0.0605	92.2535	0.0000	0.0883	89.3260	0.0000	0.0000	
0.0598	92.2860	0.0000	0.0849	89.4637	0.0000	0.0000	
0.0593	92.2817	0.0000	0.0830	89.5042	0.0000	0.0000	
0.0592	92.2676	0.0000	0.0822	89.5282	0.0000	0.0000	
0.0590	92.2805	0.0000	0.0819	89.5183	0.0000	0.0000	
