Loss_Adversary	Accuracy_Adversary	Entropy_A	Loss_Target	Accuracy_Target	proj_A	proj_T	
-0.2272	0.2559	0.1536	45.1625	82.9920	0.0000	
-0.2264	0.2542	0.1430	46.2917	84.6004	0.0000	
-0.2263	0.2550	0.1556	46.2223	82.6117	0.0000	
-0.2258	0.2541	0.1508	48.4383	83.3163	0.0000	
-0.2249	0.2532	0.1521	47.0848	82.4667	0.0000	
-0.2274	0.2555	0.1465	41.5961	84.7300	0.0000	
0.0719	91.0874	0.0000	0.1497	80.3201	78.9920	66.0329	
0.0633	91.5715	0.0000	0.1067	85.5231	0.0000	0.0000	
0.0628	91.5728	0.0000	0.0979	86.7261	0.0000	0.0000	
0.0626	91.6152	0.0000	0.0962	86.8846	0.0000	0.0000	
0.0624	91.5961	0.0000	0.0956	86.9374	0.0000	0.0000	
0.0621	91.6643	0.0000	0.0950	87.0013	0.0000	0.0000	
0.0620	91.6569	0.0000	0.0950	86.9497	0.0000	0.0000	
