Loss_Adversary	Accuracy_Adversary	Entropy_A	Loss_Target	Accuracy_Target	proj_A	proj_T	
-0.2201	0.2572	0.1548	44.8707	82.4667	0.0000	
-0.2193	0.2563	0.1545	44.6458	82.6141	0.0000	
-0.2179	0.2541	0.1486	47.3183	82.9741	0.0000	
-0.2172	0.2538	0.1535	46.7334	82.0372	0.0000	
-0.2181	0.2564	0.1692	43.2942	79.1313	0.0000	
-0.2239	0.2606	0.1471	31.5654	84.3902	0.0000	
0.0773	91.4517	0.0000	0.1009	86.4754	78.2157	66.5731	
0.0708	91.7565	0.0000	0.0935	87.2470	0.0000	0.0000	
0.0681	91.7411	0.0000	0.0934	87.2937	0.0000	0.0000	
0.0661	91.6981	0.0000	0.0934	87.2520	0.0000	0.0000	
0.0651	91.6465	0.0000	0.0930	87.3410	0.0000	0.0000	
0.0648	91.6348	0.0000	0.0927	87.3404	0.0000	0.0000	
0.0645	91.6840	0.0000	0.0929	87.2857	0.0000	0.0000	
