Loss_Adversary	Accuracy_Adversary	Entropy_A	Loss_Target	Accuracy_Target	proj_A	proj_T	
0.0238	0.1275	0.0886	82.9508	88.0457	0.0000	
0.0235	0.1299	0.0892	82.7327	88.0519	0.0000	
0.0226	0.1318	0.0888	82.4839	88.1329	0.0000	
0.0219	0.1333	0.0884	82.5668	88.2822	0.0000	
0.0213	0.1393	0.0901	82.3131	88.2988	0.0000	
0.0140	0.1383	0.0792	82.7081	89.8016	0.0000	
0.0908	88.0242	0.0000	0.0733	90.6254	67.2463	73.0458	
0.0857	88.5397	0.0000	0.0724	90.7096	0.0000	0.0000	
0.0840	88.7000	0.0000	0.0725	90.6758	0.0000	0.0000	
0.0835	88.7246	0.0000	0.0718	90.8189	0.0000	0.0000	
0.0830	88.8143	0.0000	0.0718	90.7876	0.0000	0.0000	
0.0825	88.8450	0.0000	0.0720	90.6973	0.0000	0.0000	
0.0827	88.7768	0.0000	0.0716	90.7759	0.0000	0.0000	
