Loss_Adversary	Accuracy_Adversary	Entropy_A	Loss_Target	Accuracy_Target	proj_A	proj_T	
0.0684	0.1021	0.0873	86.0490	87.9013	0.0000	
0.0674	0.1030	0.0863	85.8537	88.0555	0.0000	
0.0668	0.1030	0.0857	85.9814	88.2515	0.0000	
0.0657	0.1033	0.0844	85.8573	88.3996	0.0000	
0.0646	0.1040	0.0834	85.8180	88.5704	0.0000	
0.0583	0.1050	0.0765	85.6970	89.6584	0.0000	
0.1076	85.7683	0.0000	0.0760	90.2292	64.5684	71.6326	
0.1072	85.6853	0.0000	0.0754	90.1505	0.0000	0.0000	
0.1069	85.7105	0.0000	0.0748	90.2279	0.0000	0.0000	
0.1068	85.6859	0.0000	0.0748	90.1769	0.0000	0.0000	
0.1063	85.7038	0.0000	0.0742	90.2144	0.0000	0.0000	
0.1060	85.7867	0.0000	0.0741	90.2175	0.0000	0.0000	
0.1062	85.7038	0.0000	0.0742	90.1941	0.0000	0.0000	
