Loss_Adversary	Accuracy_Adversary	Entropy_A	Loss_Target	Accuracy_Target	proj_A	proj_T	
-0.1611	0.3707	0.3280	27.8233	55.1029	0.0000	
-0.1313	0.2572	0.1624	52.5883	80.6248	0.0000	
-0.1317	0.2662	0.1821	46.5012	74.8578	0.0000	
-0.1348	0.2533	0.1416	54.1132	84.4074	0.0000	
-0.1260	0.2405	0.1410	58.9832	83.4970	0.0000	
-0.1323	0.2418	0.1232	66.3550	86.7322	0.0000	
0.0847	89.2124	0.0000	0.1459	81.7989	75.7400	67.2559	
0.0687	91.2189	0.0000	0.1059	86.8004	0.0000	0.0000	
0.0675	91.2201	0.0000	0.0987	87.2108	0.0000	0.0000	
0.0669	91.2263	0.0000	0.0945	87.3908	0.0000	0.0000	
0.0664	91.2760	0.0000	0.0928	87.5831	0.0000	0.0000	
0.0661	91.2773	0.0000	0.0924	87.5806	0.0000	0.0000	
0.0662	91.2601	0.0000	0.0921	87.5604	0.0000	0.0000	
