Loss_Adversary	Accuracy_Adversary	Entropy_A	Loss_Target	Accuracy_Target	proj_A	proj_T	
0.1218	0.1193	0.1218	84.9002	84.4044	0.0000	
0.0938	0.0942	0.0938	87.0087	86.9964	0.0000	
0.0911	0.0935	0.0911	87.0597	87.4645	0.0000	
0.0894	0.0932	0.0894	87.0560	87.6845	0.0000	
0.0879	0.0934	0.0879	87.1776	87.8436	0.0000	
0.0815	0.0918	0.0815	87.3859	88.8008	0.0000	
0.1496	85.7541	0.0000	0.1102	88.0254	69.7454	70.0936	
0.1028	87.2814	0.0000	0.0869	89.0434	0.0000	0.0000	
0.0985	87.3195	0.0000	0.0848	89.0539	0.0000	0.0000	
0.0962	87.3017	0.0000	0.0835	89.0735	0.0000	0.0000	
0.0947	87.3902	0.0000	0.0825	89.0490	0.0000	0.0000	
0.0941	87.4375	0.0000	0.0821	89.0828	0.0000	0.0000	
0.0939	87.4092	0.0000	0.0820	89.0723	0.0000	0.0000	
