Loss_Adversary	Accuracy_Adversary	Entropy_A	Loss_Target	Accuracy_Target	proj_A	proj_T	
-0.2198	0.2564	0.1494	46.2782	83.2789	0.0000	
-0.2174	0.2553	0.1664	44.0425	80.0356	0.0000	
-0.2197	0.2570	0.1578	43.3956	81.9150	0.0000	
-0.2188	0.2558	0.1554	44.1568	82.0784	0.0000	
-0.2196	0.2555	0.1441	45.8457	84.4806	0.0000	
-0.2215	0.2572	0.1397	48.6638	85.5606	0.0000	
0.0869	89.9902	0.0000	0.0996	86.9644	79.3047	67.3278	
0.0656	92.1067	0.0000	0.0914	87.6556	0.0000	0.0000	
0.0629	92.0913	0.0000	0.0910	87.7262	0.0000	0.0000	
0.0621	92.1349	0.0000	0.0908	87.7256	0.0000	0.0000	
0.0621	92.1189	0.0000	0.0906	87.6875	0.0000	0.0000	
0.0618	92.0821	0.0000	0.0902	87.7250	0.0000	0.0000	
0.0619	92.0495	0.0000	0.0901	87.7514	0.0000	0.0000	
