Loss_Adversary	Accuracy_Adversary	Entropy_A	Loss_Target	Accuracy_Target	proj_A	proj_T	
-0.1986	0.2565	0.1295	44.9358	85.4783	0.0000	
-0.1996	0.2592	0.1386	44.4154	84.1359	0.0000	
-0.1925	0.2516	0.1421	51.8105	84.3159	0.0000	
-0.1953	0.2547	0.1411	49.5153	84.0480	0.0000	
-0.1914	0.2508	0.1452	50.6862	83.6297	0.0000	
-0.2086	0.2703	0.1413	27.5573	85.5514	0.0000	
0.0914	89.0606	0.0000	0.1137	84.6391	80.3102	68.2430	
0.0651	91.9359	0.0000	0.0933	87.0990	0.0000	0.0000	
0.0626	91.8892	0.0000	0.0918	87.3736	0.0000	0.0000	
0.0615	91.9285	0.0000	0.0913	87.4584	0.0000	0.0000	
0.0611	91.8529	0.0000	0.0910	87.5075	0.0000	0.0000	
0.0606	91.9051	0.0000	0.0905	87.5358	0.0000	0.0000	
0.0606	91.8591	0.0000	0.0906	87.5505	0.0000	0.0000	
