Loss_Adversary	Accuracy_Adversary	Entropy_A	Loss_Target	Accuracy_Target	proj_A	proj_T	
-0.1782	0.2698	0.1882	43.2567	78.0820	0.0000	
-0.1720	0.2581	0.1724	50.1014	80.5892	0.0000	
-0.1717	0.2575	0.1716	49.1399	80.7446	0.0000	
-0.1748	0.2572	0.1551	49.3297	83.3950	0.0000	
-0.1754	0.2570	0.1509	52.2504	83.7624	0.0000	
-0.1740	0.2520	0.1377	52.7333	85.2620	0.0000	
0.0821	89.7082	0.0000	0.1272	82.3960	79.7190	69.6519	
0.0639	91.9273	0.0000	0.0869	88.4500	0.0000	0.0000	
0.0622	91.9647	0.0000	0.0862	88.4045	0.0000	0.0000	
0.0612	92.0170	0.0000	0.0857	88.4125	0.0000	0.0000	
0.0610	91.9715	0.0000	0.0851	88.4856	0.0000	0.0000	
0.0606	91.9899	0.0000	0.0848	88.4635	0.0000	0.0000	
0.0605	92.0053	0.0000	0.0847	88.5108	0.0000	0.0000	
