Loss_Adversary	Loss_Target	Accuracy_Adversary	Accuracy_Target	proj_A	proj_T	
-0.0051	0.0078	0.1356	
-0.0044	0.0078	0.1272	
-0.0054	0.0068	0.1283	
-0.0043	0.0075	0.1235	
-0.0045	0.0071	0.1219	
-0.0066	0.0060	0.1340	
-0.0071	0.0060	0.1396	
0.1928	0.1747	71.7491	75.8721	0.9916	0.9364	
0.1905	0.1729	71.8855	76.1271	0.0000	0.0000	
0.1905	0.1727	72.0286	76.1541	0.0000	0.0000	
0.1908	0.1733	71.9924	76.0306	0.0000	0.0000	
0.1907	0.1732	71.9973	76.0804	0.0000	0.0000	
0.1907	0.1733	71.9555	76.0091	0.0000	0.0000	
0.1906	0.1732	71.9672	76.0294	0.0000	0.0000	
