Loss_Adversary	Loss_Target	Accuracy_Adversary	Accuracy_Target	proj_A	proj_T	
-0.0089	0.0080	0.1608	
-0.0080	0.0080	0.1520	
-0.0066	0.0085	0.1425	
-0.0075	0.0075	0.1428	
-0.0076	0.0073	0.1409	
-0.0094	0.0065	0.1523	
0.1763	0.1610	74.8166	78.5347	0.9920	0.9274	
0.1756	0.1601	74.8694	78.5900	0.0000	0.0000	
0.1757	0.1599	74.9413	78.6742	0.0000	0.0000	
0.1759	0.1603	74.8271	78.5255	0.0000	0.0000	
0.1753	0.1598	74.9579	78.6410	0.0000	0.0000	
0.1757	0.1602	74.8486	78.5642	0.0000	0.0000	
0.1753	0.1596	74.9462	78.6392	0.0000	0.0000	
