Loss_Adversary	Loss_Target	Accuracy_Adversary	Accuracy_Target	proj_A	proj_T	
-0.1261	0.2478	0.5001	
-0.1400	0.1965	0.4766	
-0.1461	0.1904	0.4826	
-0.1537	0.1882	0.4955	
-0.1574	0.1853	0.5001	
-0.1820	0.1787	0.5426	
-0.1900	0.1786	0.5586	
0.1976	0.1033	77.9394	89.2959	0.9201	0.7725	
0.1566	0.0841	79.9607	90.1671	0.0000	0.0000	
0.1333	0.0819	82.3929	90.2341	0.0000	0.0000	
0.1276	0.0808	83.0515	90.3471	0.0000	0.0000	
0.1250	0.0802	83.2555	90.3017	0.0000	0.0000	
0.1234	0.0795	83.5209	90.3410	0.0000	0.0000	
0.1235	0.0796	83.5437	90.3428	0.0000	0.0000	
