Loss_Adversary	Loss_Target	Accuracy_Adversary	Accuracy_Target	proj_A	proj_T	
-0.0344	0.0175	0.2421	
-0.0341	0.0166	0.2367	
-0.0345	0.0165	0.2382	
-0.0338	0.0168	0.2361	
-0.0335	0.0162	0.2325	
-0.0417	0.0146	0.2671	
0.1438	0.1236	80.3741	84.5758	0.9877	0.8850	
0.1415	0.1222	80.5640	84.6341	0.0000	0.0000	
0.1412	0.1222	80.5873	84.6434	0.0000	0.0000	
0.1413	0.1223	80.6322	84.5752	0.0000	0.0000	
0.1405	0.1221	80.7188	84.6569	0.0000	0.0000	
0.1412	0.1221	80.5492	84.6268	0.0000	0.0000	
0.1409	0.1219	80.6088	84.6415	0.0000	0.0000	
