Loss_Adversary	Loss_Target	Accuracy_Adversary	Accuracy_Target	proj_A	proj_T	
-0.0026	0.0069	0.1125	
-0.0027	0.0067	0.1106	
-0.0027	0.0068	0.1123	
-0.0028	0.0065	0.1087	
-0.0022	0.0070	0.1079	
-0.0041	0.0056	0.1158	
0.2098	0.1950	68.0813	72.2344	0.9880	0.9464	
0.2097	0.1947	68.0758	72.2750	0.0000	0.0000	
0.2094	0.1949	68.1391	72.2093	0.0000	0.0000	
0.2095	0.1948	68.0371	72.2234	0.0000	0.0000	
0.2097	0.1948	68.1237	72.2019	0.0000	0.0000	
0.2094	0.1946	68.1329	72.2314	0.0000	0.0000	
0.2094	0.1947	68.1071	72.2510	0.0000	0.0000	
