Loss_Adversary	Loss_Target	Accuracy_Adversary	Accuracy_Target	proj_A	proj_T	
-0.0027	0.0067	0.1107	
-0.0023	0.0068	0.1064	
-0.0025	0.0067	0.1094	
-0.0022	0.0068	0.1055	
-0.0023	0.0068	0.1073	
-0.0041	0.0055	0.1137	
-0.0045	0.0053	0.1178	
0.2067	0.1895	68.7055	73.4097	0.9869	0.9399	
0.2068	0.1896	68.8106	73.4398	0.0000	0.0000	
0.2066	0.1895	68.7750	73.4251	0.0000	0.0000	
0.2069	0.1896	68.7651	73.3993	0.0000	0.0000	
0.2068	0.1894	68.7983	73.4748	0.0000	0.0000	
0.2064	0.1895	68.8173	73.4263	0.0000	0.0000	
0.2065	0.1895	68.7971	73.4263	0.0000	0.0000	
