Loss_Adversary	Loss_Target	Accuracy_Adversary	Accuracy_Target	proj_A	proj_T	
-0.0034	0.0065	0.1163	
-0.0027	0.0066	0.1100	
-0.0027	0.0066	0.1097	
-0.0026	0.0067	0.1101	
-0.0022	0.0069	0.1070	
-0.0038	0.0058	0.1136	
-0.0040	0.0061	0.1199	
0.2064	0.1903	68.8536	73.2561	0.9847	0.9428	
0.2028	0.1877	69.5650	73.6782	0.0000	0.0000	
0.2029	0.1878	69.5085	73.6413	0.0000	0.0000	
0.2027	0.1879	69.5159	73.6069	0.0000	0.0000	
0.2028	0.1878	69.5650	73.6647	0.0000	0.0000	
0.2025	0.1877	69.6338	73.6794	0.0000	0.0000	
0.2029	0.1879	69.4729	73.6714	0.0000	0.0000	
