Loss_Adversary	Loss_Target	Accuracy_Adversary	Accuracy_Target	proj_A	proj_T	
-0.0607	0.0398	0.2952	
-0.0612	0.0387	0.2945	
-0.0625	0.0381	0.2974	
-0.0626	0.0385	0.2986	
-0.0645	0.0383	0.3046	
-0.0762	0.0386	0.3441	
0.1312	0.1035	82.7616	87.6746	0.9701	0.8395	
0.1277	0.1016	82.9944	87.6703	0.0000	0.0000	
0.1260	0.1008	83.2088	87.6808	0.0000	0.0000	
0.1257	0.1008	83.1916	87.6372	0.0000	0.0000	
0.1251	0.1011	83.1492	87.5690	0.0000	0.0000	
0.1245	0.1004	83.2660	87.6531	0.0000	0.0000	
0.1240	0.1000	83.3747	87.6777	0.0000	0.0000	
