Loss_Adversary	Loss_Target	Accuracy_Adversary	Accuracy_Target	proj_A	proj_T	
-0.0025	0.0069	0.1103	
-0.0021	0.0070	0.1069	
-0.0025	0.0064	0.1052	
-0.0022	0.0063	0.1009	
-0.0020	0.0067	0.1015	
-0.0037	0.0055	0.1091	
-0.0039	0.0055	0.1129	
0.2127	0.1950	67.4455	72.3635	0.9878	0.9442	
0.2126	0.1950	67.4651	72.4046	0.0000	0.0000	
0.2127	0.1949	67.4848	72.3819	0.0000	0.0000	
0.2124	0.1950	67.5628	72.4212	0.0000	0.0000	
0.2126	0.1951	67.4197	72.3893	0.0000	0.0000	
0.2123	0.1945	67.5708	72.4814	0.0000	0.0000	
0.2123	0.1945	67.5960	72.4912	0.0000	0.0000	
