Loss_Adversary	Loss_Target	Accuracy_Adversary	Accuracy_Target	proj_A	proj_T	
-0.5398	0.5813	0.5398	
-0.6230	0.6270	0.6230	
-0.6360	0.6334	0.6360	
-0.6424	0.6309	0.6424	
-0.6466	0.6322	0.6466	
-0.6672	0.6333	0.6672	
-0.6734	0.6317	0.6734	
0.1298	0.1307	85.0906	85.7775	0.7477	0.7328	
0.1021	0.0935	87.0019	88.7743	0.0000	0.0000	
0.0988	0.0884	87.1180	88.8278	0.0000	0.0000	
0.0972	0.0864	87.1401	88.8536	0.0000	0.0000	
0.0963	0.0855	87.1586	88.7829	0.0000	0.0000	
0.0957	0.0849	87.1610	88.8266	0.0000	0.0000	
0.0956	0.0847	87.1899	88.8315	0.0000	0.0000	
