Loss_Adversary	Loss_Target	Accuracy_Adversary	Accuracy_Target	proj_A	proj_T	
-0.0024	0.0069	0.1096	
-0.0020	0.0068	0.1035	
-0.0024	0.0067	0.1066	
-0.0028	0.0062	0.1070	
-0.0022	0.0066	0.1034	
-0.0042	0.0051	0.1113	
-0.0039	0.0057	0.1149	
0.2179	0.1970	66.1805	71.7995	0.9890	0.9443	
0.2180	0.1971	66.0804	71.7860	0.0000	0.0000	
0.2178	0.1971	66.2530	71.7264	0.0000	0.0000	
0.2178	0.1969	66.1811	71.8548	0.0000	0.0000	
0.2181	0.1973	66.0582	71.8025	0.0000	0.0000	
0.2178	0.1967	66.1670	71.8443	0.0000	0.0000	
0.2180	0.1971	66.0773	71.6797	0.0000	0.0000	
