Loss_Adversary	Loss_Target	Accuracy_Adversary	Accuracy_Target	proj_A	proj_T	
-0.0229	0.0115	0.2180	
-0.0216	0.0114	0.2084	
-0.0216	0.0108	0.2057	
-0.0206	0.0112	0.2010	
-0.0209	0.0107	0.2001	
-0.0254	0.0096	0.2233	
-0.0274	0.0101	0.2401	
0.1523	0.1311	78.9759	83.4447	0.9886	0.8930	
0.1523	0.1298	79.0686	83.6432	0.0000	0.0000	
0.1521	0.1300	79.0146	83.5867	0.0000	0.0000	
0.1516	0.1292	79.1141	83.6936	0.0000	0.0000	
0.1521	0.1298	79.0582	83.5596	0.0000	0.0000	
0.1512	0.1295	79.2394	83.6413	0.0000	0.0000	
0.1515	0.1296	79.1602	83.6125	0.0000	0.0000	
