Loss_Adversary	Loss_Target	Accuracy_Adversary	Accuracy_Target	proj_A	proj_T	
-0.0381	0.0178	0.2615	
-0.0367	0.0175	0.2535	
-0.0351	0.0179	0.2472	
-0.0364	0.0172	0.2508	
-0.0355	0.0169	0.2449	
-0.0444	0.0160	0.2862	
-0.0476	0.0163	0.3033	
0.1375	0.1091	81.4241	86.5915	0.9854	0.8650	
0.1370	0.1084	81.5728	86.6917	0.0000	0.0000	
0.1363	0.1081	81.5900	86.6972	0.0000	0.0000	
0.1360	0.1080	81.7092	86.6910	0.0000	0.0000	
0.1356	0.1078	81.7374	86.7218	0.0000	0.0000	
0.1357	0.1081	81.6465	86.6456	0.0000	0.0000	
0.1359	0.1078	81.6686	86.7537	0.0000	0.0000	
