Loss_Adversary	Loss_Target	
-0.1117	0.2980	0.5214	
-0.1668	0.3198	0.6534	
-0.2129	0.3530	0.7788	
-0.2375	0.3786	0.8535	
-0.2495	0.3928	0.8918	
-0.2563	0.3985	0.9111	
-0.2594	0.4034	0.9222	
-0.2620	0.4052	0.9293	
-0.2642	0.4063	0.9346	
-0.2652	0.4084	0.9388	
-0.2670	0.4079	0.9419	
-0.2683	0.4078	0.9445	
-0.2698	0.4072	0.9468	
-0.2695	0.4098	0.9487	
-0.2720	0.4060	0.9500	
-0.2727	0.4048	0.9503	
-0.2758	0.3984	0.9499	
-0.2757	0.3983	0.9498	
-0.2784	0.3951	0.9520	
-0.2795	0.3965	0.9554	
-0.2805	0.3976	0.9586	
-0.2820	0.3966	0.9607	
-0.2814	0.3989	0.9617	
-0.2830	0.3963	0.9622	
-0.2834	0.3953	0.9622	
-0.2854	0.3912	0.9620	
-0.2844	0.3930	0.9618	
-0.2851	0.3915	0.9617	
-0.2866	0.3883	0.9615	
-0.2864	0.3878	0.9606	
-0.2877	0.3838	0.9591	
-0.2886	0.3804	0.9576	
-0.2903	0.3759	0.9566	
-0.2878	0.3791	0.9547	
-0.2911	0.3692	0.9515	
-0.2908	0.3664	0.9480	
-0.2914	0.3613	0.9442	
-0.2924	0.3560	0.9408	
-0.2937	0.3488	0.9362	
-0.2942	0.3422	0.9306	
-0.2959	0.3342	0.9259	
-0.2973	0.3273	0.9220	
-0.2976	0.3203	0.9155	
-0.2992	0.3115	0.9099	
-0.3004	0.3057	0.9064	
-0.3014	0.3004	0.9032	
-0.3007	0.2932	0.8947	
-0.3031	0.2843	0.8905	
-0.3034	0.2828	0.8896	
-0.3057	0.2744	0.8859	
-0.3061	0.2680	0.8803	
-0.3076	0.2632	0.8783	
-0.3081	0.2619	0.8782	
-0.3101	0.2512	0.8713	
-0.3116	0.2508	0.8740	
-0.3125	0.2353	0.8604	
-0.3134	0.2441	0.8708	
-0.3143	0.2340	0.8627	
-0.3155	0.2298	0.8608	
-0.3171	0.2277	0.8619	
-0.3179	0.2113	0.8471	
-0.3176	0.2268	0.8621	
-0.3169	0.2152	0.8490	
-0.3180	0.2269	0.8629	
-0.3188	0.2159	0.8534	
-0.3173	0.2123	0.8469	
-0.3176	0.2285	0.8637	
-0.3183	0.2135	0.8502	
-0.3188	0.2181	0.8557	
-0.3188	0.2128	0.8505	
-0.3190	0.2231	0.8612	
-0.3205	0.2034	0.8445	
-0.3189	0.2215	0.8592	
-0.3201	0.2047	0.8449	
-0.3199	0.2149	0.8546	
-0.3199	0.2196	0.8594	
-0.3199	0.2017	0.8416	
-0.3208	0.2257	0.8674	
-0.3186	0.2118	0.8491	
-0.3211	0.2086	0.8509	
-0.3210	0.2098	0.8517	
-0.3203	0.2105	0.8512	
-0.3217	0.2101	0.8536	
-0.3208	0.2063	0.8478	
-0.3219	0.2067	0.8506	
-0.3219	0.2086	0.8525	
-0.3215	0.2132	0.8561	
-0.3200	0.2120	0.8520	
-0.3222	0.2111	0.8554	
-0.3220	0.2006	0.8447	
-0.3213	0.2160	0.8585	
-0.3220	0.2025	0.8464	
-0.3214	0.2162	0.8589	
-0.3214	0.2040	0.8469	
-0.3219	0.2015	0.8454	
-0.3227	0.2212	0.8666	
-0.3213	0.1966	0.8393	
-0.3231	0.2129	0.8590	
-0.3220	0.2056	0.8496	
-0.3225	0.2055	0.8505	
-0.3222	0.2115	0.8560	
-0.3216	0.1946	0.8377	
-0.3213	0.2238	0.8665	
-0.3212	0.1951	0.8375	
-0.3237	0.2113	0.8587	
-0.3232	0.2048	0.8512	
-0.3228	0.2066	0.8523	
-0.3224	0.2077	0.8526	
-0.3222	0.2005	0.8449	
-0.3215	0.2129	0.8558	
-0.3218	0.2058	0.8493	
-0.3230	0.2019	0.8479	
-0.3236	0.2084	0.8556	
-0.3231	0.1976	0.8438	
-0.3215	0.2097	0.8528	
-0.3230	0.2083	0.8543	
-0.3238	0.1958	0.8433	
-0.3227	0.2085	0.8538	
-0.3230	0.1972	0.8433	
-0.3231	0.2131	0.8592	
-0.3237	0.2040	0.8514	
-0.3237	0.1994	0.8467	
-0.3240	0.2032	0.8512	
-0.3237	0.2005	0.8479	
-0.3235	0.2086	0.8556	
-0.3248	0.1980	0.8477	
-0.3259	0.2054	0.8571	
-0.3265	0.1905	0.8435	
-0.3292	0.2112	0.8696	
-0.3302	0.1771	0.8375	
-0.3310	0.1915	0.8534	
-0.3324	0.1970	0.8618	
-0.3328	0.1765	0.8421	
-0.3336	0.1902	0.8575	
-0.3343	0.1805	0.8492	
-0.3339	0.1837	0.8515	
-0.3354	0.1720	0.8428	
-0.3336	0.1852	0.8523	
-0.3350	0.1829	0.8529	
-0.3350	0.1723	0.8422	
-0.3348	0.1849	0.8544	
-0.3343	0.1751	0.8438	
-0.3355	0.1760	0.8470	
-0.3353	0.1773	0.8480	
-0.3349	0.1788	0.8486	
-0.3353	0.1726	0.8432	
-0.3344	0.1783	0.8471	
-0.3331	0.1891	0.8554	
-0.3348	0.1727	0.8424	
-0.3356	0.1802	0.8513	
-0.3356	0.1713	0.8424	
-0.3347	0.1772	0.8466	
-0.3355	0.1920	0.8630	
-0.3346	0.1727	0.8419	
-0.3361	0.1662	0.8384	
-0.3359	0.1904	0.8622	
-0.3352	0.1757	0.8461	
-0.3360	0.1696	0.8417	
-0.3363	0.1759	0.8486	
-0.3354	0.1741	0.8449	
-0.3358	0.1837	0.8554	
-0.3346	0.1694	0.8385	
-0.3338	0.1829	0.8504	
-0.3363	0.1748	0.8473	
-0.3361	0.1687	0.8409	
-0.3367	0.1736	0.8470	
-0.3362	0.1779	0.8503	
-0.3363	0.1698	0.8423	
-0.3354	0.1732	0.8440	
-0.3361	0.1799	0.8522	
-0.3371	0.1683	0.8425	
-0.3366	0.1750	0.8481	
-0.3362	0.1697	0.8422	
-0.3364	0.1874	0.8602	
-0.3356	0.1601	0.8312	
-0.3350	0.1902	0.8602	
-0.3370	0.1679	0.8419	
-0.3365	0.1723	0.8454	
-0.3373	0.1723	0.8469	
-0.3371	0.1726	0.8468	
-0.3369	0.1725	0.8463	
-0.3365	0.1692	0.8422	
-0.3364	0.1755	0.8483	
-0.3367	0.1716	0.8450	
-0.3361	0.1708	0.8430	
-0.3369	0.1690	0.8428	
-0.3372	0.1781	0.8525	
-0.3372	0.1639	0.8382	
-0.3367	0.1745	0.8479	
-0.3359	0.1785	0.8503	
-0.3370	0.1739	0.8479	
-0.3364	0.1686	0.8415	
-0.3359	0.1779	0.8496	
-0.3364	0.1761	0.8488	
-0.3349	0.1697	0.8394	
-0.3371	0.1744	0.8486	
-0.3355	0.1647	0.8356	
-0.3366	0.1869	0.8601	
-0.3359	0.1676	0.8393	
-0.3356	0.1787	0.8499	
-0.3376	0.1803	0.8555	
-0.3366	0.1659	0.8390	
-0.3367	0.1737	0.8471	
-0.3370	0.1700	0.8439	
-0.3368	0.1670	0.8406	
-0.3367	0.1794	0.8528	
-0.3370	0.1608	0.8348	
-0.3346	0.1946	0.8638	
-0.3368	0.1589	0.8326	
-0.3367	0.1813	0.8547	
-0.3361	0.1678	0.8399	
-0.3374	0.1607	0.8355	
-0.3363	0.1858	0.8585	
-0.3368	0.1620	0.8356	
-0.3348	0.1794	0.8491	
-0.3358	0.1793	0.8508	
-0.3357	0.1641	0.8355	
-0.3368	0.1864	0.8600	
-0.3365	0.1599	0.8329	
-0.3371	0.1770	0.8511	
-0.3359	0.1697	0.8415	
-0.3377	0.1757	0.8511	
-0.3369	0.1629	0.8366	
-0.3374	0.1780	0.8527	
-0.3365	0.1639	0.8369	
-0.3355	0.1821	0.8531	
-0.3353	0.1636	0.8341	
-0.3364	0.1892	0.8620	
-0.3353	0.1697	0.8403	
-0.3358	0.1634	0.8349	
-0.3358	0.1935	0.8652	
-0.3358	0.1517	0.8233	
-0.3360	0.2042	0.8762	
-0.3370	0.1488	0.8228	
-0.3363	0.1965	0.8691	
-0.3360	0.1661	0.8382	
-0.3359	0.1741	0.8460	
-0.3370	0.1717	0.8458	
-0.3364	0.1721	0.8448	
-0.3374	0.1729	0.8477	
-0.3367	0.1727	0.8462	
-0.3372	0.1659	0.8403	
-0.3362	0.1747	0.8470	
-0.3371	0.1719	0.8462	
-0.3376	0.1623	0.8374	
-0.3364	0.1784	0.8513	
-0.3378	0.1715	0.8471	
-0.3377	0.1642	0.8395	
-0.3379	0.1735	0.8492	
-0.3367	0.1691	0.8425	
-0.3371	0.1690	0.8433	
-0.3356	0.1727	0.8438	
-0.3375	0.1711	0.8460	
-0.3371	0.1677	0.8420	
-0.3386	0.1685	0.8457	
-0.3384	0.1672	0.8440	
-0.3379	0.1723	0.8481	
-0.3370	0.1650	0.8391	
-0.3377	0.1664	0.8417	
-0.3363	0.1768	0.8493	
-0.3353	0.1680	0.8386	
-0.3358	0.1742	0.8459	
-0.3359	0.1826	0.8544	
-0.3365	0.1671	0.8400	
-0.3369	0.1681	0.8419	
-0.3379	0.1656	0.8413	
-0.3374	0.1759	0.8507	
-0.3367	0.1758	0.8492	
-0.3372	0.1597	0.8341	
-0.3366	0.1769	0.8501	
-0.3372	0.1666	0.8410	
-0.3373	0.1719	0.8466	
-0.3377	0.1676	0.8429	
-0.3368	0.1697	0.8434	
-0.3368	0.1718	0.8453	
-0.3359	0.1780	0.8498	
-0.3376	0.1689	0.8442	
-0.3360	0.1726	0.8445	
-0.3360	0.1607	0.8328	
-0.3368	0.1810	0.8546	
-0.3376	0.1637	0.8390	
-0.3375	0.1739	0.8488	
-0.3368	0.1621	0.8357	
-0.3373	0.1827	0.8572	
-0.3367	0.1684	0.8418	
-0.3371	0.1689	0.8432	
-0.3363	0.1735	0.8462	
-0.3363	0.1662	0.8388	
-0.3371	0.1816	0.8557	
-0.3376	0.1545	0.8297	
-0.3369	0.1857	0.8595	
-0.3371	0.1554	0.8297	
-0.3363	0.1888	0.8615	
-0.3374	0.1584	0.8332	
-0.3368	0.1712	0.8448	
-0.3370	0.1791	0.8530	
-0.3352	0.1645	0.8348	
-0.3366	0.1826	0.8558	
-0.3372	0.1666	0.8411	
-0.3366	0.1735	0.8466	
-0.3370	0.1691	0.8431	
-0.3373	0.1704	0.8449	
-0.3368	0.1754	0.8490	
-0.3358	0.1641	0.8357	
-0.3368	0.1777	0.8514	
-0.3373	0.1624	0.8371	
-0.3375	0.1764	0.8513	
-0.3371	0.1682	0.8424	
-0.3380	0.1649	0.8409	
-0.3375	0.1776	0.8526	
-0.3379	0.1635	0.8393	
-0.3371	0.1726	0.8467	
-0.3363	0.1707	0.8433	
-0.3375	0.1635	0.8386	
-0.3378	0.1783	0.8539	
-0.3362	0.1706	0.8429	
-0.3369	0.1731	0.8469	
-0.3374	0.1615	0.8362	
-0.3371	0.1799	0.8541	
-0.3376	0.1688	0.8439	
-0.3372	0.1712	0.8457	
-0.3372	0.1780	0.8524	
-0.3361	0.1581	0.8303	
-0.3361	0.1942	0.8665	
-0.3376	0.1582	0.8334	
-0.3373	0.1697	0.8443	
-0.3362	0.1742	0.8466	
-0.3362	0.1713	0.8437	
-0.3365	0.1734	0.8464	
-0.3375	0.1699	0.8450	
-0.3372	0.1667	0.8411	
-0.3385	0.1670	0.8439	
-0.3364	0.1731	0.8460	
-0.3371	0.1712	0.8455	
-0.3375	0.1761	0.8510	
-0.3363	0.1590	0.8315	
-0.3364	0.1797	0.8526	
-0.3373	0.1679	0.8424	
-0.3379	0.1690	0.8448	
-0.3373	0.1759	0.8505	
-0.3376	0.1618	0.8370	
-0.3379	0.1675	0.8433	
-0.3373	0.1778	0.8525	
-0.3368	0.1584	0.8321	
-0.3364	0.1835	0.8563	
-0.3374	0.1673	0.8421	
-0.3373	0.1634	0.8381	
-0.3372	0.1814	0.8557	
-0.3374	0.1618	0.8366	
-0.3366	0.1741	0.8473	
-0.3379	0.1666	0.8425	
-0.3380	0.1701	0.8460	
-0.3367	0.1649	0.8382	
-0.3366	0.1761	0.8493	
-0.3382	0.1606	0.8371	
-0.3382	0.1727	0.8490	
-0.3368	0.1643	0.8379	
-0.3362	0.1846	0.8570	
-0.3372	0.1539	0.8283	
-0.3378	0.1828	0.8583	
-0.3364	0.1653	0.8381	
-0.3369	0.1663	0.8402	
-0.3365	0.1799	0.8529	
-0.3372	0.1661	0.8406	
-0.3366	0.1762	0.8493	
-0.3367	0.1730	0.8464	
-0.3371	0.1653	0.8395	
-0.3372	0.1689	0.8434	
-0.3365	0.1797	0.8527	
-0.3380	0.1657	0.8417	
-0.3361	0.1712	0.8435	
-0.3359	0.1733	0.8452	
-0.3372	0.1682	0.8426	
-0.3371	0.1797	0.8540	
-0.3374	0.1572	0.8321	
-0.3377	0.1777	0.8531	
-0.3364	0.1614	0.8341	
-0.3367	0.1962	0.8696	
-0.3369	0.1526	0.8264	
-0.3370	0.1860	0.8600	
-0.3364	0.1647	0.8376	
-0.3375	0.1702	0.8451	
-0.3373	0.1799	0.8545	
-0.3370	0.1605	0.8345	
-0.3372	0.1690	0.8434	
-0.3366	0.1735	0.8468	
-0.3380	0.1747	0.8508	
-0.3366	0.1606	0.8338	
-0.3366	0.1872	0.8603	
-0.3378	0.1554	0.8311	
-0.3373	0.1784	0.8530	
-0.3370	0.1610	0.8350	
-0.3381	0.1797	0.8559	
-0.3369	0.1579	0.8317	
-0.3361	0.1808	0.8530	
-0.3371	0.1642	0.8385	
-0.3374	0.1778	0.8525	
-0.3356	0.1682	0.8394	
-0.3375	0.1719	0.8469	
-0.3376	0.1667	0.8419	
-0.3373	0.1704	0.8450	
-0.3365	0.1751	0.8482	
-0.3364	0.1586	0.8315	
-0.3369	0.1951	0.8688	
-0.3371	0.1534	0.8276	
-0.3369	0.1860	0.8597	
-0.3373	0.1591	0.8336	
-0.3364	0.1736	0.8464	
-0.3368	0.1721	0.8458	
-0.3368	0.1662	0.8397	
-0.3365	0.1842	0.8572	
-0.3371	0.1576	0.8319	
-0.3376	0.1816	0.8567	
-0.3376	0.1531	0.8284	
-0.3377	0.1812	0.8567	
-0.3376	0.1676	0.8428	
-0.3349	0.1769	0.8467	
-0.3371	0.1732	0.8473	
-0.3369	0.1593	0.8332	
-0.3365	0.1824	0.8554	
-0.3369	0.1641	0.8380	
-0.3383	0.1737	0.8504	
-0.3383	0.1576	0.8343	
-0.3365	0.1786	0.8516	
-0.3375	0.1667	0.8418	
-0.3364	0.1681	0.8409	
-0.3381	0.1758	0.8520	
-0.3375	0.1585	0.8335	
-0.3374	0.1813	0.8560	
-0.3356	0.1639	0.8350	
-0.3372	0.1748	0.8491	
-0.3378	0.1597	0.8354	
-0.3374	0.1786	0.8534	
-0.3369	0.1635	0.8374	
-0.3351	0.1699	0.8402	
-0.3370	0.1877	0.8617	
-0.3375	0.1603	0.8354	
-0.3373	0.1724	0.8471	
-0.3375	0.1674	0.8424	
-0.3366	0.1749	0.8481	
-0.3361	0.1707	0.8429	
-0.3381	0.1718	0.8480	
-0.3383	0.1605	0.8371	
-0.3378	0.1771	0.8526	
-0.3378	0.1579	0.8335	
-0.3371	0.1825	0.8566	
-0.3366	0.1529	0.8260	
-0.3365	0.1968	0.8699	
-0.3365	0.1554	0.8285	
-0.3369	0.1753	0.8491	
-0.3376	0.1786	0.8539	
-0.3368	0.1642	0.8378	
-0.3390	0.1652	0.8431	
-0.3375	0.1690	0.8440	
-0.3366	0.1768	0.8501	
-0.3375	0.1645	0.8396	
-0.3364	0.1701	0.8428	
-0.3375	0.1742	0.8491	
-0.3374	0.1602	0.8350	
-0.3358	0.1771	0.8486	
-0.3383	0.1734	0.8500	
-0.3371	0.1608	0.8351	
-0.3366	0.1822	0.8554	
-0.3356	0.1594	0.8306	
-0.3374	0.1861	0.8609	
-0.3359	0.1599	0.8316	
-0.3371	0.1714	0.8456	
-0.3371	0.1787	0.8529	
-0.3377	0.1659	0.8413	
-0.3372	0.1689	0.8433	
-0.3369	0.1748	0.8486	
-0.3387	0.1627	0.8401	
-0.3369	0.1641	0.8379	
-0.3378	0.1737	0.8493	
-0.3376	0.1665	0.8417	
-0.3383	0.1714	0.8479	
-0.3381	0.1646	0.8408	
-0.3377	0.1679	0.8434	
-0.3372	0.1603	0.8346	
-0.3364	0.1849	0.8577	
-0.3372	0.1590	0.8334	
-0.3375	0.1836	0.8585	
-0.3371	0.1600	0.8341	
-0.3366	0.1745	0.8477	
-0.3373	0.1783	0.8529	
-0.3369	0.1657	0.8395	
-0.3355	0.1714	0.8425	
-0.3374	0.1739	0.8487	
-0.3375	0.1625	0.8374	
-0.3382	0.1753	0.8516	
-0.3376	0.1594	0.8345	
-0.3365	0.1931	0.8661	
-0.3361	0.1557	0.8278	
-0.3362	0.1876	0.8600	
-0.3370	0.1628	0.8368	
-0.3380	0.1720	0.8480	
-0.3372	0.1662	0.8406	
-0.3372	0.1769	0.8513	
-0.3368	0.1553	0.8290	
-0.3375	0.1880	0.8631	
-0.3364	0.1633	0.8360	
-0.3382	0.1696	0.8461	
-0.3376	0.1685	0.8438	
-0.3375	0.1641	0.8391	
-0.3368	0.1812	0.8548	
-0.3374	0.1676	0.8425	
-0.3376	0.1659	0.8411	
-0.3372	0.1790	0.8534	
-0.3378	0.1589	0.8346	
-0.3372	0.1685	0.8428	
-0.3376	0.1733	0.8484	
-0.3371	0.1719	0.8461	
-0.3378	0.1650	0.8405	
-0.3383	0.1659	0.8425	
-0.3369	0.1693	0.8431	
-0.3382	0.1692	0.8456	
-0.3367	0.1712	0.8446	
-0.3370	0.1659	0.8399	
-0.3353	0.1824	0.8529	
-0.3378	0.1606	0.8362	
-0.3376	0.1706	0.8458	
-0.3375	0.1645	0.8395	
-0.3371	0.1740	0.8482	
-0.3369	0.1709	0.8447	
-0.3386	0.1660	0.8433	
-0.3362	0.1777	0.8501	
-0.3368	0.1647	0.8383	
-0.3375	0.1706	0.8456	
-0.3369	0.1698	0.8436	
-0.3377	0.1731	0.8484	
-0.3371	0.1694	0.8435	
-0.3368	0.1622	0.8359	
-0.3370	0.1805	0.8544	
-0.3374	0.1603	0.8351	
-0.3356	0.1810	0.8523	
-0.3379	0.1664	0.8422	
-0.3372	0.1709	0.8453	
-0.3367	0.1692	0.8425	
-0.3374	0.1750	0.8498	
-0.3373	0.1675	0.8421	
-0.3363	0.1649	0.8374	
-0.3376	0.1829	0.8580	
-0.3373	0.1591	0.8337	
-0.3362	0.1720	0.8444	
-0.3381	0.1762	0.8523	
-0.3366	0.1709	0.8442	
-0.3373	0.1623	0.8369	
-0.3361	0.1716	0.8439	
-0.3375	0.1787	0.8536	
-0.3376	0.1610	0.8363	
-0.3363	0.1743	0.8469	
-0.3381	0.1680	0.8441	
-0.3375	0.1710	0.8460	
-0.3381	0.1633	0.8394	
-0.3367	0.1780	0.8513	
-0.3373	0.1629	0.8375	
-0.3359	0.1693	0.8411	
-0.3371	0.1776	0.8518	
-0.3374	0.1667	0.8416	
-0.3373	0.1749	0.8495	
-0.3369	0.1662	0.8400	
-0.3379	0.1699	0.8458	
-0.3371	0.1614	0.8356	
-0.3382	0.1778	0.8542	
-0.3359	0.1587	0.8305	
-0.3381	0.1768	0.8529	
-0.3362	0.1636	0.8361	
-0.3363	0.1867	0.8593	
-0.3366	0.1638	0.8369	
-0.3370	0.1712	0.8452	
-0.3362	0.1731	0.8455	
-0.3372	0.1712	0.8456	
-0.3371	0.1630	0.8373	
-0.3363	0.1824	0.8550	
-0.3372	0.1602	0.8346	
-0.3375	0.1711	0.8461	
-0.3374	0.1688	0.8437	
-0.3374	0.1672	0.8420	
-0.3379	0.1662	0.8421	
-0.3372	0.1693	0.8438	
-0.3359	0.1731	0.8449	
-0.3380	0.1699	0.8460	
-0.3374	0.1670	0.8418	
-0.3378	0.1678	0.8435	
-0.3367	0.1712	0.8447	
-0.3380	0.1681	0.8442	
-0.3377	0.1689	0.8444	
-0.3371	0.1703	0.8446	
-0.3373	0.1723	0.8469	
-0.3376	0.1681	0.8433	
-0.3366	0.1795	0.8527	
-0.3361	0.1639	0.8362	
-0.3378	0.1681	0.8437	
-0.3370	0.1709	0.8448	
-0.3377	0.1660	0.8414	
-0.3381	0.1724	0.8486	
-0.3372	0.1733	0.8478	
-0.3367	0.1613	0.8347	
-0.3372	0.1735	0.8479	
-0.3376	0.1599	0.8352	
-0.3364	0.1862	0.8589	
-0.3375	0.1613	0.8364	
-0.3381	0.1697	0.8460	
-0.3376	0.1620	0.8372	
-0.3373	0.1772	0.8517	
-0.3379	0.1640	0.8398	
-0.3378	0.1674	0.8431	
-0.3375	0.1699	0.8449	
-0.3364	0.1712	0.8440	
-0.3367	0.1698	0.8432	
-0.3377	0.1704	0.8457	
-0.3372	0.1705	0.8449	
-0.3375	0.1654	0.8405	
-0.3385	0.1691	0.8461	
-0.3379	0.1609	0.8367	
-0.3369	0.1782	0.8521	
-0.3378	0.1540	0.8296	
-0.3375	0.1900	0.8650	
-0.3367	0.1554	0.8288	
-0.3370	0.1818	0.8557	
-0.3380	0.1635	0.8394	
-0.3374	0.1657	0.8405	
-0.3377	0.1769	0.8522	
-0.3383	0.1594	0.8361	
-0.3385	0.1760	0.8530	
-0.3379	0.1639	0.8398	
-0.3374	0.1696	0.8445	
-0.3361	0.1775	0.8497	
-0.3377	0.1580	0.8335	
-0.3366	0.1781	0.8513	
-0.3374	0.1722	0.8469	
-0.3381	0.1591	0.8353	
-0.3375	0.1783	0.8533	
-0.3383	0.1638	0.8403	
-0.3373	0.1654	0.8401	
-0.3381	0.1656	0.8418	
-0.3378	0.1718	0.8474	
-0.3382	0.1738	0.8501	
-0.3371	0.1634	0.8377	
-0.3378	0.1702	0.8457	
-0.3353	0.1685	0.8390	
-0.3366	0.1740	0.8471	
-0.3358	0.1685	0.8401	
-0.3358	0.1821	0.8537	
-0.3372	0.1615	0.8360	
-0.3385	0.1715	0.8485	
-0.3372	0.1663	0.8407	
-0.3377	0.1678	0.8432	
-0.3358	0.1809	0.8525	
-0.3377	0.1612	0.8366	
-0.3374	0.1720	0.8468	
-0.3369	0.1684	0.8423	
-0.3380	0.1650	0.8410	
-0.3378	0.1677	0.8434	
-0.3370	0.1709	0.8450	
-0.3376	0.1793	0.8544	
-0.3369	0.1592	0.8330	
-0.3372	0.1820	0.8564	
-0.3381	0.1606	0.8368	
-0.3368	0.1800	0.8536	
-0.3375	0.1606	0.8356	
-0.3379	0.1765	0.8523	
-0.3376	0.1585	0.8337	
-0.3370	0.1770	0.8511	
-0.3363	0.1726	0.8452	
-0.3379	0.1651	0.8410	
-0.3377	0.1778	0.8533	
-0.3369	0.1558	0.8296	
-0.3377	0.1832	0.8585	
-0.3369	0.1686	0.8425	
-0.3370	0.1695	0.8435	
-0.3373	0.1632	0.8378	
-0.3380	0.1752	0.8512	
-0.3370	0.1616	0.8355	
-0.3366	0.1867	0.8600	
-0.3359	0.1565	0.8283	
-0.3362	0.1831	0.8554	
-0.3376	0.1604	0.8355	
-0.3365	0.1780	0.8511	
-0.3375	0.1656	0.8406	
-0.3369	0.1790	0.8528	
-0.3375	0.1611	0.8360	
-0.3367	0.1704	0.8439	
-0.3377	0.1715	0.8469	
-0.3382	0.1683	0.8448	
-0.3362	0.1668	0.8391	
-0.3376	0.1781	0.8534	
-0.3361	0.1709	0.8432	
-0.3379	0.1617	0.8376	
-0.3369	0.1735	0.8473	
-0.3376	0.1743	0.8495	
-0.3372	0.1611	0.8356	
-0.3360	0.1784	0.8505	
-0.3377	0.1634	0.8387	
-0.3358	0.1753	0.8468	
-0.3365	0.1723	0.8453	
-0.3372	0.1759	0.8504	
-0.3379	0.1614	0.8371	
-0.3375	0.1662	0.8413	
-0.3370	0.1758	0.8497	
-0.3373	0.1657	0.8403	
-0.3366	0.1731	0.8463	
-0.3377	0.1728	0.8481	
-0.3378	0.1558	0.8314	
-0.3376	0.1793	0.8544	
-0.3370	0.1649	0.8388	
-0.3374	0.1749	0.8497	
-0.3371	0.1671	0.8413	
-0.3372	0.1666	0.8409	
-0.3369	0.1855	0.8593	
-0.3361	0.1546	0.8268	
-0.3348	0.1871	0.8567	
-0.3365	0.1730	0.8460	
-0.3379	0.1618	0.8376	
-0.3378	0.1766	0.8523	
-0.3366	0.1676	0.8408	
-0.3382	0.1645	0.8408	
-0.3377	0.1748	0.8502	
-0.3379	0.1589	0.8347	
-0.3376	0.1765	0.8518	
-0.3379	0.1643	0.8401	
-0.3374	0.1704	0.8451	
-0.3362	0.1650	0.8375	
-0.3375	0.1797	0.8546	
-0.3371	0.1667	0.8408	
-0.3383	0.1688	0.8453	
-0.3367	0.1671	0.8404	
-0.3369	0.1701	0.8440	
-0.3369	0.1828	0.8566	
-0.3360	0.1615	0.8334	
-0.3363	0.1760	0.8486	
-0.3376	0.1776	0.8528	
-0.3366	0.1607	0.8338	
-0.3379	0.1697	0.8455	
-0.3372	0.1651	0.8395	
-0.3366	0.1844	0.8575	
-0.3370	0.1600	0.8339	
-0.3354	0.1829	0.8537	
-0.3375	0.1651	0.8400	
-0.3357	0.1777	0.8491	
-0.3376	0.1624	0.8375	
-0.3373	0.1726	0.8471	
-0.3358	0.1611	0.8328	
-0.3366	0.1791	0.8524	
-0.3376	0.1656	0.8408	
-0.3375	0.1838	0.8588	
-0.3375	0.1585	0.8335	
-0.3378	0.1780	0.8537	
-0.3371	0.1674	0.8415	
-0.3374	0.1673	0.8421	
-0.3380	0.1768	0.8528	
-0.3373	0.1605	0.8351	
-0.3381	0.1650	0.8411	
-0.3386	0.1778	0.8550	
-0.3371	0.1628	0.8370	
-0.3373	0.1704	0.8451	
-0.3369	0.1649	0.8387	
-0.3372	0.1684	0.8427	
-0.3374	0.1805	0.8554	
-0.3370	0.1546	0.8287	
-0.3383	0.1736	0.8501	
-0.3365	0.1651	0.8381	
-0.3377	0.1799	0.8554	
-0.3379	0.1623	0.8380	
-0.3375	0.1702	0.8453	
-0.3369	0.1706	0.8445	
-0.3376	0.1678	0.8431	
-0.3374	0.1698	0.8447	
-0.3390	0.1691	0.8471	
-0.3374	0.1631	0.8378	
-0.3377	0.1759	0.8513	
-0.3375	0.1591	0.8342	
-0.3374	0.1735	0.8484	
-0.3364	0.1678	0.8407	
-0.3366	0.1689	0.8421	
-0.3382	0.1667	0.8431	
-0.3378	0.1670	0.8427	
-0.3361	0.1772	0.8495	
-0.3366	0.1670	0.8402	
-0.3374	0.1689	0.8436	
-0.3379	0.1729	0.8487	
-0.3376	0.1602	0.8353	
-0.3363	0.1788	0.8515	
-0.3374	0.1637	0.8386	
-0.3367	0.1717	0.8451	
-0.3382	0.1646	0.8410	
-0.3371	0.1637	0.8380	
-0.3369	0.1867	0.8605	
-0.3371	0.1629	0.8371	
-0.3369	0.1672	0.8410	
-0.3374	0.1741	0.8489	
-0.3369	0.1717	0.8456	
-0.3383	0.1606	0.8372	
-0.3379	0.1723	0.8481	
-0.3374	0.1648	0.8397	
-0.3366	0.1707	0.8439	
-0.3382	0.1696	0.8459	
-0.3373	0.1675	0.8422	
-0.3366	0.1714	0.8447	
-0.3377	0.1700	0.8454	
0.7553	0.8229	
0.7118	0.7986	
0.6663	0.7757	
0.6192	0.7532	
0.5718	0.7313	
0.5245	0.7095	
0.4772	0.6876	
0.4318	0.6655	
0.3892	0.6434	
0.3522	0.6211	
0.3201	0.5988	
0.2973	0.5763	
0.2812	0.5539	
0.2718	0.5319	
0.2658	0.5102	
0.2616	0.4888	
0.2580	0.4678	
0.2547	0.4478	
0.2515	0.4282	
0.2484	0.4097	
0.2457	0.3924	
0.2430	0.3762	
0.2404	0.3612	
0.2380	0.3476	
0.2357	0.3351	
0.2335	0.3235	
0.2315	0.3123	
0.2295	0.3016	
0.2277	0.2907	
0.2260	0.2793	
0.2243	0.2671	
0.2228	0.2541	
0.2214	0.2405	
0.2200	0.2261	
0.2188	0.2107	
0.2176	0.1951	
0.2165	0.1792	
0.2154	0.1637	
0.2145	0.1486	
0.2136	0.1345	
0.2127	0.1215	
0.2119	0.1099	
0.2112	0.0996	
0.2105	0.0907	
0.2099	0.0824	
0.2094	0.0751	
0.2088	0.0687	
0.2084	0.0633	
0.2079	0.0588	
0.2075	0.0552	
0.2071	0.0523	
0.2067	0.0501	
0.2063	0.0484	
0.2061	0.0472	
0.2058	0.0464	
0.2055	0.0458	
0.2053	0.0455	
0.2051	0.0453	
0.2049	0.0452	
0.2047	0.0450	
0.2045	0.0450	
0.2044	0.0450	
0.2042	0.0449	
0.2041	0.0448	
0.2039	0.0448	
0.2038	0.0448	
0.2037	0.0448	
0.2036	0.0447	
0.2035	0.0447	
0.2033	0.0447	
0.2032	0.0446	
0.2031	0.0445	
0.2030	0.0445	
0.2029	0.0444	
0.2028	0.0444	
0.2027	0.0444	
0.2026	0.0443	
0.2024	0.0443	
0.2023	0.0442	
0.2022	0.0442	
0.2021	0.0441	
0.2019	0.0441	
0.2018	0.0440	
0.2017	0.0440	
0.2016	0.0439	
0.2014	0.0439	
0.2013	0.0438	
0.2011	0.0437	
0.2010	0.0439	
0.2008	0.0437	
0.2007	0.0436	
0.2004	0.0435	
0.2003	0.0435	
0.2001	0.0435	
0.1999	0.0434	
0.1998	0.0433	
0.1995	0.0433	
0.1993	0.0432	
0.1991	0.0432	
0.1989	0.0432	
0.1988	0.0431	
0.1986	0.0431	
0.1984	0.0430	
0.1982	0.0430	
0.1980	0.0430	
0.1978	0.0429	
0.1977	0.0429	
0.1975	0.0428	
0.1973	0.0428	
0.1971	0.0427	
0.1969	0.0427	
0.1967	0.0426	
0.1966	0.0426	
0.1964	0.0426	
0.1962	0.0425	
0.1960	0.0425	
0.1958	0.0424	
0.1956	0.0424	
0.1955	0.0423	
0.1953	0.0423	
0.1951	0.0422	
0.1950	0.0422	
0.1948	0.0421	
0.1947	0.0420	
0.1945	0.0420	
0.1943	0.0419	
0.1942	0.0419	
0.1940	0.0418	
0.1939	0.0418	
0.1938	0.0417	
0.1936	0.0417	
0.1935	0.0416	
0.1933	0.0415	
0.1932	0.0414	
0.1930	0.0414	
0.1929	0.0413	
0.1929	0.0413	
0.1927	0.0412	
0.1925	0.0411	
0.1924	0.0411	
0.1924	0.0411	
0.1922	0.0410	
0.1921	0.0409	
0.1920	0.0408	
0.1920	0.0408	
0.1918	0.0407	
0.1917	0.0407	
0.1916	0.0406	
0.1915	0.0405	
0.1914	0.0405	
0.1913	0.0404	
0.1912	0.0404	
0.1912	0.0403	
0.1911	0.0403	
0.1911	0.0402	
0.1909	0.0402	
0.1909	0.0401	
0.1907	0.0400	
0.1907	0.0400	
0.1907	0.0400	
0.1906	0.0399	
0.1905	0.0399	
0.1904	0.0398	
0.1903	0.0398	
0.1902	0.0397	
0.1902	0.0396	
0.1901	0.0396	
0.1903	0.0395	
0.1901	0.0395	
0.1900	0.0394	
0.1899	0.0394	
0.1898	0.0394	
0.1898	0.0393	
0.1897	0.0393	
0.1896	0.0392	
0.1896	0.0392	
0.1895	0.0391	
0.1895	0.0391	
0.1895	0.0390	
0.1894	0.0390	
0.1894	0.0390	
0.1893	0.0390	
0.1892	0.0389	
0.1892	0.0388	
0.1892	0.0388	
0.1892	0.0388	
0.1891	0.0387	
0.1890	0.0387	
0.1890	0.0387	
0.1890	0.0386	
0.1889	0.0385	
0.1890	0.0384	
0.1888	0.0383	
0.1888	0.0382	
0.1888	0.0381	
0.1887	0.0381	
0.1887	0.0380	
0.1887	0.0379	
0.1887	0.0378	
0.1886	0.0378	
0.1885	0.0377	
0.1885	0.0377	
0.1885	0.0376	
0.1885	0.0375	
0.1885	0.0375	
0.1885	0.0375	
0.1884	0.0374	
0.1884	0.0374	
0.1884	0.0373	
0.1885	0.0373	
0.1884	0.0373	
0.1882	0.0373	
0.1883	0.0373	
0.1882	0.0372	
0.1883	0.0372	
0.1882	0.0371	
0.1882	0.0371	
0.1881	0.0371	
0.1881	0.0371	
0.1881	0.0371	
0.1881	0.0370	
0.1881	0.0370	
0.1881	0.0370	
0.1880	0.0370	
0.1880	0.0369	
0.1880	0.0369	
0.1880	0.0369	
0.1880	0.0369	
0.1879	0.0369	
0.1879	0.0368	
0.1879	0.0369	
0.1878	0.0368	
0.1879	0.0368	
0.1878	0.0368	
0.1878	0.0368	
0.1878	0.0368	
0.1877	0.0367	
0.1878	0.0368	
0.1878	0.0367	
0.1877	0.0367	
0.1877	0.0367	
0.1877	0.0367	
0.1877	0.0367	
0.1878	0.0367	
0.1877	0.0367	
0.1877	0.0367	
0.1877	0.0367	
0.1877	0.0366	
0.1876	0.0366	
0.1876	0.0366	
0.1876	0.0366	
0.1876	0.0365	
0.1876	0.0365	
0.1876	0.0365	
0.1876	0.0365	
0.1876	0.0365	
0.1876	0.0365	
0.1875	0.0365	
0.1875	0.0365	
0.1875	0.0365	
0.1875	0.0365	
0.1874	0.0364	
0.1874	0.0364	
0.1875	0.0364	
0.1874	0.0364	
0.1874	0.0364	
0.1874	0.0364	
0.1874	0.0364	
0.1874	0.0363	
0.1874	0.0363	
0.1873	0.0363	
0.1874	0.0363	
0.1874	0.0362	
0.1874	0.0362	
0.1873	0.0362	
0.1873	0.0362	
0.1874	0.0362	
0.1874	0.0361	
0.1874	0.0362	
0.1873	0.0362	
0.1872	0.0362	
0.1872	0.0361	
0.1873	0.0360	
0.1873	0.0360	
0.1873	0.0360	
0.1872	0.0359	
0.1873	0.0360	
0.1873	0.0359	
0.1872	0.0359	
0.1872	0.0359	
0.1872	0.0359	
0.1872	0.0359	
0.1872	0.0358	
0.1872	0.0358	
0.1871	0.0358	
0.1871	0.0358	
0.1872	0.0358	
0.1871	0.0358	
0.1871	0.0357	
0.1871	0.0358	
0.1871	0.0357	
0.1872	0.0357	
0.1871	0.0357	
0.1872	0.0357	
0.1871	0.0357	
0.1871	0.0357	
0.1871	0.0356	
0.1872	0.0357	
0.1871	0.0356	
0.1871	0.0356	
0.1870	0.0356	
0.1871	0.0356	
0.1872	0.0356	
0.1871	0.0356	
0.1872	0.0356	
0.1871	0.0356	
0.1871	0.0355	
0.1871	0.0356	
0.1871	0.0355	
0.1870	0.0355	
0.1871	0.0355	
0.1871	0.0355	
0.1871	0.0355	
0.1870	0.0355	
0.1871	0.0355	
0.1871	0.0355	
0.1870	0.0354	
0.1871	0.0354	
0.1870	0.0354	
0.1870	0.0354	
0.1870	0.0354	
0.1870	0.0354	
0.1869	0.0354	
0.1870	0.0354	
0.1870	0.0354	
0.1870	0.0353	
0.1870	0.0354	
0.1869	0.0353	
0.1870	0.0353	
0.1871	0.0353	
0.1870	0.0353	
0.1870	0.0353	
0.1870	0.0353	
0.1870	0.0352	
0.1869	0.0352	
0.1869	0.0352	
0.1869	0.0352	
0.1869	0.0352	
0.1869	0.0352	
0.1869	0.0352	
0.1869	0.0352	
0.1870	0.0352	
0.1869	0.0352	
0.1869	0.0352	
0.1869	0.0351	
0.1868	0.0351	
0.1869	0.0351	
0.1870	0.0351	
0.1870	0.0351	
0.1869	0.0351	
0.1869	0.0351	
0.1869	0.0351	
0.1869	0.0350	
0.1868	0.0350	
0.1869	0.0350	
0.1869	0.0350	
0.1869	0.0350	
0.1868	0.0350	
0.1868	0.0349	
0.1868	0.0349	
0.1869	0.0349	
0.1868	0.0349	
0.1868	0.0348	
0.1868	0.0348	
0.1868	0.0348	
0.1868	0.0348	
0.1868	0.0348	
0.1868	0.0347	
0.1868	0.0347	
0.1868	0.0347	
0.1868	0.0347	
0.1868	0.0347	
0.1868	0.0347	
0.1868	0.0347	
0.1868	0.0347	
0.1868	0.0345	
0.1868	0.0345	
0.1869	0.0344	
0.1868	0.0344	
0.1869	0.0344	
0.1868	0.0343	
0.1868	0.0343	
0.1868	0.0343	
0.1868	0.0342	
0.1868	0.0342	
0.1868	0.0341	
0.1868	0.0341	
0.1868	0.0341	
0.1868	0.0341	
0.1868	0.0340	
0.1870	0.0341	
0.1868	0.0340	
0.1868	0.0340	
0.1867	0.0339	
0.1868	0.0339	
0.1867	0.0338	
0.1868	0.0338	
0.1868	0.0338	
0.1867	0.0337	
0.1868	0.0337	
0.1868	0.0337	
0.1867	0.0337	
0.1868	0.0336	
0.1867	0.0337	
0.1868	0.0336	
0.1867	0.0336	
0.1869	0.0336	
0.1867	0.0336	
0.1868	0.0336	
0.1867	0.0336	
0.1867	0.0336	
0.1867	0.0335	
0.1868	0.0336	
0.1869	0.0336	
0.1870	0.0336	
0.1867	0.0335	
0.1867	0.0335	
0.1867	0.0335	
0.1868	0.0335	
0.1867	0.0335	
0.1868	0.0335	
0.1868	0.0335	
0.1870	0.0336	
0.1867	0.0335	
0.1867	0.0334	
0.1867	0.0334	
0.1867	0.0334	
0.1867	0.0334	
0.1866	0.0334	
0.1867	0.0334	
0.1867	0.0334	
0.1866	0.0334	
0.1867	0.0334	
0.1866	0.0334	
0.1868	0.0334	
0.1867	0.0335	
0.1866	0.0334	
0.1866	0.0334	
0.1866	0.0334	
0.1867	0.0334	
0.1866	0.0334	
0.1866	0.0334	
0.1866	0.0334	
0.1866	0.0334	
0.1866	0.0334	
0.1866	0.0334	
0.1866	0.0334	
0.1866	0.0334	
0.1866	0.0334	
0.1866	0.0334	
0.1866	0.0334	
0.1866	0.0334	
0.1865	0.0334	
0.1866	0.0334	
0.1866	0.0334	
0.1865	0.0334	
0.1866	0.0334	
0.1865	0.0334	
0.1865	0.0334	
0.1866	0.0334	
0.1866	0.0334	
0.1867	0.0334	
0.1865	0.0334	
0.1865	0.0333	
0.1865	0.0333	
0.1865	0.0334	
0.1865	0.0334	
0.1865	0.0333	
0.1865	0.0333	
0.1866	0.0333	
0.1868	0.0334	
0.1866	0.0335	
0.1865	0.0334	
0.1865	0.0334	
0.1865	0.0334	
0.1865	0.0334	
0.1865	0.0333	
0.1865	0.0333	
0.1865	0.0333	
0.1865	0.0334	
0.1865	0.0334	
0.1865	0.0333	
0.1865	0.0333	
0.1865	0.0333	
0.1865	0.0333	
0.1865	0.0334	
0.1865	0.0333	
0.1866	0.0334	
0.1865	0.0334	
0.1865	0.0334	
0.1865	0.0333	
0.1865	0.0333	
0.1864	0.0333	
0.1865	0.0333	
0.1864	0.0333	
0.1864	0.0333	
0.1865	0.0333	
0.1864	0.0333	
0.1865	0.0333	
0.1864	0.0333	
0.1865	0.0334	
0.1865	0.0333	
0.1865	0.0333	
0.1864	0.0333	
0.1864	0.0333	
0.1864	0.0333	
0.1865	0.0333	
0.1865	0.0333	
0.1864	0.0333	
0.1864	0.0333	
0.1864	0.0333	
0.1864	0.0333	
0.1864	0.0333	
0.1865	0.0333	
0.1864	0.0333	
0.1864	0.0333	
0.1865	0.0333	
0.1865	0.0333	
0.1864	0.0333	
0.1864	0.0333	
0.1864	0.0333	
0.1866	0.0333	
0.1864	0.0333	
0.1864	0.0333	
0.1864	0.0333	
0.1864	0.0333	
0.1864	0.0333	
0.1864	0.0333	
0.1864	0.0333	
0.1864	0.0333	
0.1864	0.0333	
0.1863	0.0333	
0.1864	0.0333	
0.1863	0.0333	
0.1864	0.0333	
0.1864	0.0333	
0.1864	0.0333	
0.1864	0.0333	
0.1864	0.0333	
0.1863	0.0333	
0.1864	0.0333	
0.1864	0.0333	
0.1863	0.0333	
0.1863	0.0333	
0.1863	0.0333	
0.1864	0.0333	
0.1864	0.0333	
0.1864	0.0333	
0.1863	0.0333	
0.1863	0.0333	
0.1864	0.0333	
0.1864	0.0333	
0.1864	0.0333	
0.1863	0.0333	
0.1863	0.0333	
0.1863	0.0333	
0.1864	0.0333	
0.1864	0.0333	
0.1863	0.0333	
0.1863	0.0333	
0.1863	0.0333	
0.1863	0.0333	
0.1863	0.0333	
0.1863	0.0333	
0.1863	0.0333	
0.1863	0.0333	
0.1863	0.0333	
0.1863	0.0333	
0.1863	0.0333	
0.1863	0.0333	
0.1863	0.0333	
0.1864	0.0333	
0.1863	0.0333	
0.1864	0.0333	
0.1863	0.0333	
0.1863	0.0333	
0.1863	0.0333	
0.1863	0.0333	
0.1863	0.0333	
0.1863	0.0333	
0.1863	0.0333	
0.1863	0.0333	
0.1863	0.0333	
0.1863	0.0333	
0.1863	0.0333	
0.1863	0.0333	
0.1863	0.0333	
0.1863	0.0333	
0.1864	0.0333	
0.1864	0.0333	
0.1863	0.0333	
0.1863	0.0333	
0.1865	0.0333	
0.1863	0.0333	
0.1863	0.0333	
0.1863	0.0333	
0.1863	0.0333	
0.1863	0.0333	
0.1863	0.0332	
0.1862	0.0333	
0.1862	0.0332	
0.1863	0.0333	
0.1862	0.0333	
0.1863	0.0333	
0.1863	0.0333	
0.1863	0.0333	
0.1863	0.0332	
0.1863	0.0333	
0.1862	0.0333	
0.1863	0.0332	
0.1862	0.0333	
0.1863	0.0332	
0.1863	0.0333	
0.1863	0.0333	
0.1862	0.0333	
0.1863	0.0332	
0.1862	0.0333	
0.1862	0.0333	
0.1864	0.0333	
0.1863	0.0333	
0.1863	0.0332	
0.1862	0.0332	
0.1863	0.0332	
0.1864	0.0333	
0.1862	0.0333	
0.1862	0.0333	
0.1863	0.0333	
0.1862	0.0332	
0.1865	0.0333	
0.1863	0.0333	
0.1863	0.0333	
0.1862	0.0333	
0.1863	0.0332	
0.1862	0.0333	
0.1863	0.0333	
0.1863	0.0333	
0.1862	0.0333	
0.1862	0.0333	
0.1862	0.0333	
0.1863	0.0333	
0.1864	0.0332	
0.1863	0.0333	
0.1863	0.0332	
0.1862	0.0332	
0.1863	0.0332	
0.1862	0.0332	
0.1862	0.0333	
0.1863	0.0333	
0.1862	0.0332	
0.1862	0.0332	
0.1862	0.0332	
0.1862	0.0332	
0.1863	0.0332	
0.1862	0.0332	
0.1862	0.0333	
0.1865	0.0333	
0.1862	0.0332	
0.1863	0.0332	
0.1864	0.0333	
0.1862	0.0332	
0.1862	0.0332	
0.1862	0.0332	
0.1862	0.0332	
0.1862	0.0332	
0.1862	0.0333	
0.1862	0.0333	
0.1862	0.0332	
0.1862	0.0333	
0.1862	0.0333	
0.1862	0.0332	
0.1862	0.0333	
0.1865	0.0333	
0.1861	0.0333	
0.1863	0.0332	
0.1862	0.0332	
0.1862	0.0332	
0.1862	0.0332	
0.1862	0.0332	
0.1862	0.0332	
0.1862	0.0332	
0.1862	0.0332	
0.1862	0.0333	
0.1862	0.0332	
0.1862	0.0332	
0.1862	0.0332	
0.1862	0.0332	
0.1862	0.0332	
0.1862	0.0332	
0.1862	0.0332	
0.1862	0.0332	
0.1862	0.0332	
0.1863	0.0333	
0.1862	0.0334	
0.1862	0.0333	
0.1862	0.0333	
0.1862	0.0332	
0.1862	0.0332	
0.1862	0.0332	
0.1862	0.0332	
0.1862	0.0332	
0.1863	0.0332	
0.1861	0.0332	
0.1862	0.0332	
0.1862	0.0332	
0.1862	0.0332	
0.1862	0.0333	
0.1862	0.0332	
0.1862	0.0332	
0.1861	0.0332	
0.1862	0.0333	
0.1862	0.0332	
0.1861	0.0332	
0.1862	0.0332	
0.1861	0.0332	
0.1862	0.0333	
0.1861	0.0332	
0.1861	0.0332	
0.1862	0.0332	
0.1862	0.0332	
0.1861	0.0332	
0.1862	0.0332	
0.1863	0.0332	
0.1861	0.0333	
0.1861	0.0332	
0.1862	0.0332	
0.1862	0.0333	
0.1862	0.0333	
0.1861	0.0334	
0.1861	0.0333	
0.1862	0.0333	
0.1861	0.0332	
0.1862	0.0332	
0.1861	0.0332	
0.1861	0.0332	
0.1861	0.0332	
0.1861	0.0332	
0.1862	0.0332	
0.1861	0.0333	
0.1861	0.0333	
0.1861	0.0332	
0.1862	0.0333	
0.1861	0.0332	
0.1862	0.0332	
0.1861	0.0332	
0.1861	0.0332	
0.1861	0.0332	
0.1861	0.0332	
0.1861	0.0332	
0.1861	0.0332	
0.1864	0.0333	
0.1862	0.0334	
0.1861	0.0333	
0.1861	0.0332	
0.1861	0.0333	
0.1861	0.0332	
0.1861	0.0332	
0.1861	0.0332	
0.1861	0.0332	
0.1861	0.0332	
0.1861	0.0332	
0.1861	0.0332	
0.1863	0.0332	
0.1861	0.0332	
0.1861	0.0332	
0.1861	0.0332	
0.1862	0.0332	
0.1861	0.0332	
0.1862	0.0332	
0.1862	0.0332	
0.1861	0.0332	
0.1861	0.0332	
0.1861	0.0332	
0.1861	0.0332	
0.1861	0.0332	
0.1861	0.0332	
0.1861	0.0332	
0.1861	0.0332	
0.1861	0.0332	
0.1860	0.0332	
0.1861	0.0332	
0.1861	0.0332	
0.1861	0.0332	
0.1861	0.0332	
0.1861	0.0332	
0.1862	0.0332	
0.1861	0.0332	
0.1861	0.0332	
0.1861	0.0332	
0.1860	0.0332	
0.1861	0.0332	
0.1861	0.0332	
0.1861	0.0333	
0.1861	0.0332	
0.1861	0.0332	
0.1861	0.0332	
0.1861	0.0332	
0.1860	0.0332	
0.1861	0.0332	
0.1860	0.0332	
0.1860	0.0332	
0.1861	0.0332	
0.1860	0.0332	
0.1861	0.0332	
0.1861	0.0333	
0.1861	0.0332	
0.1861	0.0332	
0.1861	0.0333	
0.1861	0.0332	
0.1860	0.0332	
0.1861	0.0332	
0.1861	0.0332	
0.1861	0.0332	
0.1861	0.0332	
0.1861	0.0332	
0.1860	0.0332	
0.1861	0.0332	
0.1860	0.0332	
0.1861	0.0332	
0.1861	0.0332	
0.1860	0.0332	
0.1862	0.0333	
0.1861	0.0332	
0.1861	0.0332	
0.1860	0.0332	
0.1861	0.0332	
0.1861	0.0333	
0.1861	0.0332	
0.1860	0.0332	
0.1861	0.0332	
0.1860	0.0332	
0.1860	0.0332	
0.1860	0.0332	
0.1860	0.0332	
0.1861	0.0332	
0.1860	0.0332	
0.1860	0.0332	
0.1861	0.0332	
0.1860	0.0332	
0.1860	0.0332	
0.1860	0.0332	
0.1861	0.0332	
0.1860	0.0332	
0.1860	0.0332	
0.1860	0.0332	
0.1861	0.0332	
0.1861	0.0332	
0.1861	0.0332	
0.1860	0.0333	
0.1860	0.0332	
0.1860	0.0332	
0.1860	0.0332	
0.1860	0.0332	
0.1860	0.0332	
0.1860	0.0332	
0.1860	0.0332	
0.1860	0.0332	
0.1860	0.0332	
0.1860	0.0332	
0.1860	0.0332	
0.1860	0.0332	
0.1861	0.0332	
0.1861	0.0332	
0.1860	0.0332	
0.1861	0.0332	
0.1860	0.0332	
0.1861	0.0332	
0.1860	0.0332	
0.1860	0.0332	
0.1860	0.0332	
0.1860	0.0332	
0.1861	0.0332	
0.1860	0.0332	
0.1860	0.0332	
0.1860	0.0332	
0.1860	0.0332	
0.1860	0.0332	
0.1861	0.0333	
0.1860	0.0332	
0.1861	0.0333	
0.1860	0.0333	
0.1860	0.0332	
0.1860	0.0332	
0.1860	0.0332	
0.1860	0.0332	
0.1860	0.0332	
0.1860	0.0333	
0.1860	0.0332	
0.1861	0.0333	
0.1860	0.0333	
0.1860	0.0332	
0.1860	0.0332	
0.1860	0.0332	
0.1860	0.0332	
0.1860	0.0332	
0.1859	0.0332	
0.1860	0.0332	
0.1860	0.0332	
0.1860	0.0332	
0.1860	0.0332	
0.1860	0.0332	
0.1860	0.0333	
0.1860	0.0332	
0.1860	0.0332	
0.1860	0.0333	
0.1860	0.0332	
0.1860	0.0332	
0.1860	0.0332	
0.1860	0.0332	
0.1860	0.0332	
0.1860	0.0332	
0.1860	0.0332	
0.1860	0.0332	
0.1860	0.0332	
0.1860	0.0332	
0.1860	0.0332	
0.1860	0.0332	
0.1860	0.0332	
0.1860	0.0332	
0.1860	0.0332	
0.1859	0.0332	
0.1859	0.0332	
0.1860	0.0332	
0.1860	0.0332	
0.1860	0.0332	
0.1859	0.0332	
0.1860	0.0332	
0.1860	0.0332	
0.1860	0.0332	
0.1859	0.0332	
0.1860	0.0332	
0.1859	0.0332	
0.1859	0.0332	
0.1859	0.0332	
0.1859	0.0332	
0.1859	0.0332	
0.1860	0.0332	
0.1859	0.0332	
0.1860	0.0332	
0.1860	0.0332	
0.1860	0.0332	
0.1860	0.0333	
0.1859	0.0332	
0.1859	0.0332	
0.1860	0.0332	
0.1860	0.0332	
0.1860	0.0332	
0.1859	0.0332	
0.1859	0.0332	
0.1859	0.0332	
0.1859	0.0332	
0.1860	0.0332	
0.1859	0.0332	
0.1860	0.0332	
0.1861	0.0332	
0.1860	0.0332	
0.1860	0.0332	
0.1860	0.0332	
0.1859	0.0332	
0.1859	0.0332	
0.1860	0.0332	
0.1859	0.0332	
0.1859	0.0332	
0.1859	0.0332	
0.1859	0.0332	
0.1860	0.0332	
0.1859	0.0332	
0.1859	0.0332	
0.1859	0.0332	
0.1860	0.0332	
0.1859	0.0332	
0.1859	0.0332	
0.1859	0.0332	
0.1859	0.0332	
0.1859	0.0332	
0.1859	0.0332	
0.1859	0.0332	
0.1860	0.0332	
0.1859	0.0332	
0.1859	0.0332	
0.1860	0.0332	
0.1860	0.0332	
0.1859	0.0332	
0.1859	0.0332	
0.1860	0.0332	
0.1859	0.0332	
0.1859	0.0332	
0.1859	0.0332	
0.1860	0.0332	
0.1859	0.0332	
0.1859	0.0332	
