Loss_Adversary	Loss_Target	
-0.4478	0.3152	0.5326	
-0.5733	0.3578	0.6767	
-0.6828	0.3903	0.8021	
-0.7470	0.4105	0.8756	
-0.7799	0.4205	0.9132	
-0.7972	0.4248	0.9330	
-0.8078	0.4290	0.9452	
-0.8146	0.4300	0.9529	
-0.8196	0.4302	0.9585	
-0.8232	0.4324	0.9627	
-0.8264	0.4328	0.9663	
-0.8289	0.4334	0.9692	
-0.8310	0.4337	0.9715	
-0.8326	0.4368	0.9736	
-0.8344	0.4351	0.9755	
-0.8355	0.4375	0.9770	
-0.8370	0.4364	0.9784	
-0.8378	0.4394	0.9797	
-0.8391	0.4370	0.9809	
-0.8400	0.4373	0.9819	
-0.8408	0.4375	0.9828	
-0.8417	0.4364	0.9837	
-0.8421	0.4392	0.9845	
-0.8429	0.4377	0.9852	
-0.8435	0.4383	0.9859	
-0.8442	0.4356	0.9864	
-0.8445	0.4388	0.9870	
-0.8449	0.4390	0.9876	
-0.8455	0.4374	0.9881	
-0.8457	0.4393	0.9885	
-0.8463	0.4378	0.9889	
-0.8466	0.4377	0.9893	
-0.8472	0.4353	0.9897	
-0.8469	0.4422	0.9901	
-0.8477	0.4372	0.9904	
-0.8478	0.4394	0.9908	
-0.8482	0.4384	0.9911	
-0.8483	0.4395	0.9914	
-0.8488	0.4378	0.9917	
-0.8489	0.4388	0.9920	
-0.8493	0.4374	0.9923	
-0.8496	0.4369	0.9925	
-0.8497	0.4373	0.9927	
-0.8500	0.4360	0.9928	
-0.8501	0.4362	0.9930	
-0.8502	0.4363	0.9932	
-0.8500	0.4399	0.9933	
-0.8504	0.4368	0.9934	
-0.8503	0.4386	0.9935	
-0.8507	0.4356	0.9936	
-0.8506	0.4369	0.9937	
-0.8507	0.4368	0.9937	
-0.8506	0.4375	0.9938	
-0.8509	0.4364	0.9939	
-0.8508	0.4370	0.9939	
-0.8510	0.4364	0.9940	
-0.8509	0.4371	0.9940	
-0.8509	0.4381	0.9941	
-0.8510	0.4377	0.9941	
-0.8511	0.4367	0.9942	
-0.8512	0.4362	0.9942	
-0.8511	0.4375	0.9942	
-0.8510	0.4388	0.9943	
-0.8512	0.4372	0.9943	
-0.8512	0.4374	0.9943	
-0.8510	0.4390	0.9944	
-0.8511	0.4381	0.9944	
-0.8513	0.4372	0.9945	
-0.8513	0.4376	0.9945	
-0.8514	0.4368	0.9945	
-0.8511	0.4397	0.9946	
-0.8514	0.4374	0.9946	
-0.8513	0.4383	0.9946	
-0.8515	0.4370	0.9946	
-0.8514	0.4378	0.9946	
-0.8514	0.4379	0.9947	
-0.8514	0.4381	0.9947	
-0.8515	0.4373	0.9947	
-0.8512	0.4405	0.9947	
-0.8516	0.4367	0.9947	
-0.8515	0.4375	0.9947	
-0.8514	0.4392	0.9948	
-0.8516	0.4373	0.9948	
-0.8516	0.4369	0.9948	
-0.8517	0.4365	0.9948	
-0.8517	0.4365	0.9948	
-0.8517	0.4368	0.9948	
-0.8513	0.4402	0.9948	
-0.8516	0.4373	0.9948	
-0.8517	0.4360	0.9948	
-0.8516	0.4375	0.9948	
-0.8516	0.4373	0.9948	
-0.8515	0.4386	0.9948	
-0.8516	0.4375	0.9949	
-0.8515	0.4389	0.9949	
-0.8518	0.4360	0.9949	
-0.8516	0.4376	0.9949	
-0.8518	0.4357	0.9949	
-0.8515	0.4386	0.9949	
-0.8517	0.4369	0.9949	
-0.8516	0.4379	0.9949	
-0.8517	0.4374	0.9949	
-0.8516	0.4384	0.9949	
-0.8516	0.4384	0.9949	
-0.8518	0.4361	0.9949	
-0.8519	0.4357	0.9949	
-0.8518	0.4366	0.9949	
-0.8517	0.4372	0.9949	
-0.8517	0.4376	0.9949	
-0.8515	0.4394	0.9950	
-0.8517	0.4381	0.9950	
-0.8517	0.4373	0.9950	
-0.8519	0.4359	0.9950	
-0.8518	0.4368	0.9950	
-0.8516	0.4392	0.9950	
-0.8519	0.4364	0.9950	
-0.8519	0.4362	0.9950	
-0.8518	0.4371	0.9950	
-0.8522	0.4358	0.9953	
-0.8522	0.4366	0.9954	
-0.8524	0.4357	0.9955	
-0.8524	0.4353	0.9955	
-0.8525	0.4355	0.9956	
-0.8524	0.4360	0.9956	
-0.8524	0.4363	0.9956	
-0.8525	0.4354	0.9956	
-0.8526	0.4350	0.9956	
-0.8525	0.4363	0.9957	
-0.8526	0.4347	0.9957	
-0.8526	0.4358	0.9957	
-0.8527	0.4348	0.9957	
-0.8527	0.4345	0.9957	
-0.8528	0.4338	0.9957	
-0.8527	0.4347	0.9957	
-0.8528	0.4338	0.9957	
-0.8527	0.4346	0.9958	
-0.8529	0.4331	0.9958	
-0.8527	0.4344	0.9958	
-0.8527	0.4346	0.9958	
-0.8527	0.4347	0.9958	
-0.8527	0.4352	0.9958	
-0.8527	0.4355	0.9958	
-0.8528	0.4344	0.9958	
-0.8528	0.4343	0.9958	
-0.8527	0.4359	0.9958	
-0.8527	0.4353	0.9958	
-0.8526	0.4366	0.9958	
-0.8524	0.4383	0.9958	
-0.8528	0.4344	0.9958	
-0.8529	0.4333	0.9959	
-0.8529	0.4342	0.9959	
-0.8527	0.4355	0.9959	
-0.8529	0.4336	0.9959	
-0.8528	0.4347	0.9959	
-0.8530	0.4327	0.9959	
-0.8530	0.4333	0.9959	
-0.8529	0.4345	0.9959	
-0.8528	0.4349	0.9959	
-0.8529	0.4340	0.9959	
-0.8528	0.4349	0.9959	
-0.8529	0.4339	0.9959	
-0.8526	0.4371	0.9959	
-0.8526	0.4376	0.9959	
-0.8529	0.4345	0.9959	
-0.8529	0.4344	0.9959	
-0.8529	0.4342	0.9960	
-0.8530	0.4341	0.9960	
-0.8529	0.4344	0.9960	
-0.8528	0.4361	0.9960	
-0.8530	0.4341	0.9960	
-0.8531	0.4332	0.9960	
-0.8530	0.4337	0.9960	
-0.8529	0.4352	0.9960	
-0.8531	0.4332	0.9960	
-0.8529	0.4352	0.9960	
-0.8529	0.4354	0.9960	
-0.8530	0.4338	0.9960	
-0.8530	0.4341	0.9960	
-0.8531	0.4327	0.9960	
-0.8530	0.4341	0.9960	
-0.8531	0.4333	0.9960	
-0.8530	0.4346	0.9960	
-0.8529	0.4348	0.9960	
-0.8530	0.4345	0.9960	
-0.8529	0.4357	0.9960	
-0.8531	0.4338	0.9960	
-0.8531	0.4333	0.9961	
-0.8531	0.4339	0.9961	
-0.8531	0.4333	0.9960	
-0.8529	0.4355	0.9961	
-0.8531	0.4333	0.9961	
-0.8532	0.4329	0.9961	
-0.8528	0.4363	0.9961	
-0.8531	0.4338	0.9961	
-0.8528	0.4368	0.9961	
-0.8531	0.4341	0.9961	
-0.8529	0.4361	0.9961	
-0.8531	0.4342	0.9961	
-0.8530	0.4346	0.9961	
-0.8531	0.4343	0.9961	
-0.8532	0.4334	0.9961	
-0.8530	0.4350	0.9961	
-0.8530	0.4348	0.9961	
-0.8531	0.4338	0.9961	
-0.8531	0.4347	0.9961	
-0.8530	0.4354	0.9961	
-0.8530	0.4352	0.9962	
-0.8531	0.4346	0.9961	
-0.8530	0.4353	0.9962	
-0.8531	0.4349	0.9962	
-0.8530	0.4357	0.9962	
-0.8533	0.4326	0.9962	
-0.8531	0.4342	0.9962	
-0.8532	0.4340	0.9962	
-0.8530	0.4356	0.9962	
-0.8529	0.4371	0.9962	
-0.8531	0.4352	0.9962	
-0.8530	0.4358	0.9962	
-0.8531	0.4351	0.9962	
-0.8532	0.4335	0.9962	
-0.8530	0.4357	0.9962	
-0.8533	0.4325	0.9962	
-0.8532	0.4338	0.9962	
-0.8533	0.4335	0.9962	
-0.8531	0.4358	0.9963	
-0.8528	0.4383	0.9962	
-0.8530	0.4364	0.9963	
-0.8533	0.4334	0.9963	
-0.8532	0.4350	0.9963	
-0.8532	0.4341	0.9963	
-0.8531	0.4351	0.9963	
-0.8531	0.4361	0.9963	
-0.8533	0.4333	0.9963	
-0.8533	0.4339	0.9963	
-0.8533	0.4337	0.9963	
-0.8532	0.4348	0.9963	
-0.8530	0.4364	0.9963	
-0.8534	0.4329	0.9963	
-0.8533	0.4341	0.9963	
-0.8534	0.4336	0.9963	
-0.8533	0.4339	0.9963	
-0.8532	0.4350	0.9964	
-0.8532	0.4354	0.9964	
-0.8533	0.4339	0.9964	
-0.8533	0.4342	0.9964	
-0.8533	0.4345	0.9964	
-0.8534	0.4338	0.9964	
-0.8535	0.4323	0.9964	
-0.8535	0.4327	0.9964	
-0.8534	0.4336	0.9964	
-0.8533	0.4347	0.9964	
-0.8531	0.4366	0.9964	
-0.8534	0.4334	0.9964	
-0.8533	0.4350	0.9964	
-0.8536	0.4322	0.9964	
-0.8535	0.4325	0.9964	
-0.8535	0.4330	0.9964	
-0.8534	0.4342	0.9965	
-0.8535	0.4331	0.9965	
-0.8534	0.4347	0.9965	
-0.8533	0.4353	0.9965	
-0.8533	0.4351	0.9965	
-0.8534	0.4347	0.9965	
-0.8534	0.4347	0.9965	
-0.8534	0.4347	0.9965	
-0.8536	0.4331	0.9965	
-0.8536	0.4331	0.9965	
-0.8535	0.4340	0.9965	
-0.8535	0.4337	0.9965	
-0.8535	0.4342	0.9965	
-0.8535	0.4339	0.9966	
-0.8536	0.4334	0.9966	
-0.8536	0.4331	0.9966	
-0.8535	0.4342	0.9966	
-0.8534	0.4349	0.9966	
-0.8535	0.4347	0.9966	
-0.8536	0.4333	0.9966	
-0.8535	0.4350	0.9966	
-0.8534	0.4354	0.9966	
-0.8536	0.4339	0.9966	
-0.8537	0.4329	0.9967	
-0.8537	0.4335	0.9967	
-0.8537	0.4337	0.9967	
-0.8537	0.4329	0.9967	
-0.8537	0.4332	0.9967	
-0.8538	0.4325	0.9967	
-0.8538	0.4328	0.9967	
-0.8536	0.4345	0.9967	
-0.8538	0.4334	0.9968	
-0.8538	0.4328	0.9968	
-0.8538	0.4328	0.9968	
-0.8539	0.4326	0.9968	
-0.8539	0.4329	0.9969	
-0.8540	0.4318	0.9969	
-0.8539	0.4322	0.9969	
-0.8539	0.4325	0.9969	
-0.8537	0.4344	0.9969	
-0.8540	0.4321	0.9969	
-0.8541	0.4308	0.9969	
-0.8541	0.4317	0.9969	
-0.8542	0.4309	0.9970	
-0.8542	0.4308	0.9969	
-0.8542	0.4307	0.9970	
-0.8540	0.4328	0.9970	
-0.8542	0.4312	0.9970	
-0.8543	0.4302	0.9970	
-0.8543	0.4298	0.9970	
-0.8542	0.4311	0.9970	
-0.8545	0.4280	0.9970	
-0.8544	0.4288	0.9970	
-0.8545	0.4280	0.9970	
-0.8544	0.4292	0.9971	
-0.8544	0.4300	0.9971	
-0.8546	0.4280	0.9971	
-0.8546	0.4286	0.9971	
-0.8545	0.4298	0.9972	
-0.8547	0.4283	0.9973	
-0.8548	0.4271	0.9973	
-0.8548	0.4277	0.9973	
-0.8549	0.4266	0.9973	
-0.8549	0.4268	0.9974	
-0.8549	0.4269	0.9974	
-0.8549	0.4271	0.9974	
-0.8549	0.4274	0.9973	
-0.8550	0.4266	0.9974	
-0.8550	0.4267	0.9974	
-0.8549	0.4276	0.9974	
-0.8549	0.4280	0.9974	
-0.8550	0.4265	0.9974	
-0.8551	0.4260	0.9974	
-0.8551	0.4261	0.9974	
-0.8553	0.4241	0.9974	
-0.8550	0.4264	0.9974	
-0.8550	0.4264	0.9974	
-0.8553	0.4245	0.9975	
-0.8551	0.4262	0.9974	
-0.8549	0.4277	0.9975	
-0.8552	0.4253	0.9975	
-0.8553	0.4244	0.9975	
-0.8553	0.4243	0.9975	
-0.8552	0.4251	0.9975	
-0.8554	0.4234	0.9975	
-0.8553	0.4245	0.9975	
-0.8552	0.4258	0.9975	
-0.8551	0.4260	0.9975	
-0.8552	0.4250	0.9975	
-0.8552	0.4253	0.9975	
-0.8553	0.4247	0.9975	
-0.8552	0.4254	0.9975	
-0.8551	0.4260	0.9975	
-0.8553	0.4239	0.9975	
-0.8553	0.4253	0.9975	
-0.8551	0.4267	0.9975	
-0.8552	0.4253	0.9975	
-0.8555	0.4231	0.9975	
-0.8554	0.4240	0.9976	
-0.8552	0.4262	0.9976	
-0.8553	0.4253	0.9976	
-0.8553	0.4247	0.9976	
-0.8554	0.4243	0.9976	
-0.8552	0.4264	0.9976	
-0.8554	0.4245	0.9976	
-0.8553	0.4254	0.9976	
-0.8555	0.4234	0.9976	
-0.8553	0.4262	0.9976	
-0.8553	0.4255	0.9976	
-0.8553	0.4249	0.9976	
-0.8554	0.4243	0.9976	
-0.8553	0.4262	0.9976	
-0.8555	0.4238	0.9977	
-0.8552	0.4265	0.9977	
-0.8552	0.4268	0.9977	
-0.8553	0.4255	0.9976	
-0.8555	0.4246	0.9977	
-0.8555	0.4243	0.9977	
-0.8556	0.4232	0.9977	
-0.8554	0.4249	0.9977	
-0.8554	0.4252	0.9977	
-0.8554	0.4252	0.9977	
-0.8555	0.4242	0.9977	
-0.8554	0.4254	0.9977	
-0.8555	0.4243	0.9977	
-0.8556	0.4237	0.9977	
-0.8554	0.4258	0.9977	
-0.8556	0.4242	0.9978	
-0.8553	0.4264	0.9977	
-0.8556	0.4238	0.9978	
-0.8554	0.4256	0.9978	
-0.8554	0.4261	0.9978	
-0.8556	0.4236	0.9978	
-0.8556	0.4238	0.9977	
-0.8554	0.4255	0.9978	
-0.8557	0.4234	0.9978	
-0.8556	0.4242	0.9978	
-0.8553	0.4269	0.9978	
-0.8556	0.4241	0.9978	
-0.8556	0.4241	0.9978	
-0.8553	0.4277	0.9978	
-0.8556	0.4238	0.9978	
-0.8555	0.4245	0.9978	
-0.8556	0.4244	0.9978	
-0.8554	0.4261	0.9978	
-0.8557	0.4237	0.9978	
-0.8557	0.4230	0.9978	
-0.8556	0.4243	0.9978	
-0.8556	0.4247	0.9978	
-0.8557	0.4236	0.9978	
-0.8555	0.4258	0.9978	
-0.8556	0.4246	0.9978	
-0.8556	0.4242	0.9978	
-0.8555	0.4255	0.9978	
-0.8557	0.4239	0.9978	
-0.8557	0.4236	0.9978	
-0.8558	0.4221	0.9978	
-0.8557	0.4230	0.9978	
-0.8556	0.4242	0.9979	
-0.8553	0.4277	0.9978	
-0.8556	0.4237	0.9978	
-0.8556	0.4246	0.9978	
-0.8554	0.4260	0.9978	
-0.8556	0.4248	0.9978	
-0.8558	0.4221	0.9978	
-0.8557	0.4237	0.9978	
-0.8554	0.4265	0.9978	
-0.8558	0.4223	0.9978	
-0.8555	0.4260	0.9978	
-0.8558	0.4230	0.9979	
-0.8557	0.4232	0.9979	
-0.8556	0.4242	0.9978	
-0.8554	0.4261	0.9978	
-0.8555	0.4252	0.9978	
-0.8558	0.4230	0.9979	
-0.8556	0.4243	0.9979	
-0.8554	0.4261	0.9978	
-0.8555	0.4258	0.9978	
-0.8556	0.4247	0.9978	
-0.8557	0.4231	0.9978	
-0.8558	0.4229	0.9979	
-0.8557	0.4244	0.9979	
-0.8556	0.4254	0.9979	
-0.8555	0.4262	0.9979	
-0.8558	0.4223	0.9979	
-0.8558	0.4224	0.9978	
-0.8556	0.4244	0.9979	
-0.8557	0.4232	0.9979	
-0.8556	0.4242	0.9979	
-0.8556	0.4252	0.9979	
-0.8557	0.4237	0.9979	
-0.8556	0.4242	0.9978	
-0.8558	0.4230	0.9979	
-0.8558	0.4227	0.9979	
-0.8555	0.4259	0.9979	
-0.8560	0.4209	0.9978	
-0.8558	0.4231	0.9978	
-0.8556	0.4248	0.9978	
-0.8557	0.4242	0.9979	
-0.8555	0.4261	0.9979	
-0.8556	0.4248	0.9979	
-0.8555	0.4256	0.9979	
-0.8554	0.4265	0.9979	
-0.8559	0.4224	0.9979	
-0.8556	0.4247	0.9979	
-0.8555	0.4262	0.9979	
-0.8554	0.4270	0.9979	
-0.8557	0.4235	0.9979	
-0.8553	0.4278	0.9979	
-0.8557	0.4235	0.9979	
-0.8557	0.4239	0.9979	
-0.8558	0.4230	0.9979	
-0.8557	0.4241	0.9979	
-0.8557	0.4240	0.9979	
-0.8559	0.4220	0.9979	
-0.8556	0.4245	0.9978	
-0.8558	0.4232	0.9979	
-0.8557	0.4236	0.9978	
-0.8558	0.4228	0.9979	
-0.8557	0.4234	0.9979	
-0.8557	0.4240	0.9979	
-0.8558	0.4233	0.9979	
-0.8555	0.4259	0.9979	
-0.8556	0.4248	0.9979	
-0.8557	0.4242	0.9979	
-0.8557	0.4238	0.9979	
-0.8555	0.4257	0.9979	
-0.8558	0.4233	0.9979	
-0.8556	0.4250	0.9979	
-0.8555	0.4263	0.9979	
-0.8556	0.4250	0.9979	
-0.8557	0.4240	0.9979	
-0.8558	0.4226	0.9979	
-0.8557	0.4235	0.9979	
-0.8557	0.4236	0.9979	
-0.8555	0.4262	0.9979	
-0.8556	0.4249	0.9979	
-0.8557	0.4240	0.9979	
-0.8558	0.4228	0.9979	
-0.8557	0.4242	0.9979	
-0.8558	0.4234	0.9979	
-0.8557	0.4236	0.9979	
-0.8558	0.4227	0.9979	
-0.8554	0.4264	0.9979	
-0.8559	0.4216	0.9979	
-0.8557	0.4246	0.9979	
-0.8557	0.4233	0.9978	
-0.8556	0.4248	0.9978	
-0.8557	0.4241	0.9979	
-0.8557	0.4238	0.9979	
-0.8557	0.4239	0.9979	
-0.8557	0.4235	0.9979	
-0.8556	0.4243	0.9979	
-0.8558	0.4231	0.9979	
-0.8557	0.4242	0.9979	
-0.8557	0.4242	0.9979	
-0.8558	0.4233	0.9979	
-0.8556	0.4248	0.9979	
-0.8558	0.4231	0.9979	
-0.8555	0.4259	0.9979	
-0.8556	0.4244	0.9979	
-0.8553	0.4274	0.9979	
-0.8557	0.4232	0.9978	
-0.8557	0.4236	0.9979	
-0.8557	0.4240	0.9979	
-0.8557	0.4240	0.9979	
-0.8557	0.4238	0.9979	
-0.8559	0.4216	0.9979	
-0.8555	0.4259	0.9978	
-0.8556	0.4253	0.9979	
-0.8558	0.4228	0.9979	
-0.8555	0.4256	0.9979	
-0.8558	0.4229	0.9979	
-0.8556	0.4250	0.9979	
-0.8558	0.4235	0.9979	
-0.8556	0.4243	0.9979	
-0.8556	0.4249	0.9979	
-0.8556	0.4253	0.9979	
-0.8557	0.4237	0.9979	
-0.8557	0.4243	0.9979	
-0.8556	0.4256	0.9979	
-0.8557	0.4243	0.9979	
-0.8558	0.4233	0.9979	
-0.8555	0.4258	0.9979	
-0.8558	0.4235	0.9979	
-0.8557	0.4243	0.9979	
-0.8556	0.4253	0.9979	
-0.8559	0.4220	0.9979	
-0.8556	0.4253	0.9979	
-0.8557	0.4248	0.9979	
-0.8555	0.4264	0.9979	
-0.8557	0.4244	0.9979	
-0.8557	0.4239	0.9979	
-0.8555	0.4266	0.9979	
-0.8558	0.4234	0.9979	
-0.8557	0.4241	0.9979	
-0.8558	0.4235	0.9979	
-0.8555	0.4260	0.9979	
-0.8557	0.4241	0.9979	
-0.8555	0.4267	0.9979	
-0.8557	0.4241	0.9979	
-0.8557	0.4244	0.9979	
-0.8557	0.4237	0.9979	
-0.8555	0.4261	0.9979	
-0.8558	0.4229	0.9979	
-0.8556	0.4257	0.9979	
-0.8558	0.4233	0.9979	
-0.8556	0.4254	0.9979	
-0.8558	0.4229	0.9979	
-0.8556	0.4256	0.9979	
-0.8555	0.4257	0.9979	
-0.8556	0.4248	0.9979	
-0.8556	0.4256	0.9979	
-0.8555	0.4257	0.9979	
-0.8556	0.4256	0.9979	
-0.8557	0.4241	0.9979	
-0.8554	0.4269	0.9979	
-0.8556	0.4248	0.9979	
-0.8557	0.4243	0.9979	
-0.8557	0.4244	0.9979	
-0.8557	0.4239	0.9979	
-0.8558	0.4231	0.9979	
-0.8556	0.4251	0.9979	
-0.8554	0.4268	0.9979	
-0.8557	0.4239	0.9979	
-0.8556	0.4257	0.9979	
-0.8558	0.4233	0.9979	
-0.8556	0.4250	0.9979	
-0.8558	0.4234	0.9979	
-0.8557	0.4248	0.9979	
-0.8557	0.4241	0.9979	
-0.8558	0.4233	0.9979	
-0.8557	0.4244	0.9979	
-0.8556	0.4251	0.9979	
-0.8555	0.4257	0.9979	
-0.8557	0.4243	0.9979	
-0.8555	0.4258	0.9979	
-0.8558	0.4236	0.9979	
-0.8558	0.4232	0.9979	
-0.8557	0.4247	0.9979	
-0.8556	0.4252	0.9979	
-0.8557	0.4248	0.9979	
-0.8558	0.4236	0.9979	
-0.8556	0.4251	0.9979	
-0.8558	0.4233	0.9979	
-0.8558	0.4229	0.9979	
-0.8558	0.4233	0.9979	
-0.8555	0.4259	0.9979	
-0.8557	0.4244	0.9979	
-0.8558	0.4236	0.9979	
-0.8557	0.4240	0.9979	
-0.8554	0.4271	0.9979	
-0.8556	0.4250	0.9979	
-0.8557	0.4242	0.9979	
-0.8557	0.4245	0.9979	
-0.8557	0.4246	0.9979	
-0.8559	0.4228	0.9980	
-0.8557	0.4241	0.9979	
-0.8557	0.4238	0.9979	
-0.8557	0.4243	0.9979	
-0.8558	0.4228	0.9979	
-0.8556	0.4256	0.9979	
-0.8556	0.4252	0.9979	
-0.8557	0.4237	0.9979	
-0.8557	0.4239	0.9979	
-0.8558	0.4233	0.9979	
-0.8559	0.4227	0.9979	
-0.8559	0.4223	0.9979	
-0.8557	0.4243	0.9979	
-0.8556	0.4256	0.9979	
-0.8555	0.4265	0.9979	
-0.8558	0.4232	0.9979	
-0.8554	0.4269	0.9979	
-0.8557	0.4235	0.9979	
-0.8558	0.4228	0.9979	
-0.8558	0.4234	0.9979	
-0.8558	0.4228	0.9979	
-0.8555	0.4255	0.9979	
-0.8558	0.4232	0.9979	
-0.8558	0.4232	0.9979	
-0.8558	0.4235	0.9979	
-0.8556	0.4245	0.9979	
-0.8556	0.4253	0.9979	
-0.8553	0.4286	0.9979	
-0.8558	0.4238	0.9979	
-0.8555	0.4268	0.9979	
-0.8553	0.4280	0.9979	
-0.8557	0.4250	0.9980	
-0.8560	0.4216	0.9979	
-0.8556	0.4249	0.9979	
-0.8558	0.4232	0.9979	
-0.8554	0.4274	0.9979	
-0.8557	0.4239	0.9979	
-0.8556	0.4249	0.9979	
-0.8555	0.4263	0.9980	
-0.8558	0.4235	0.9979	
-0.8558	0.4235	0.9979	
-0.8557	0.4238	0.9979	
-0.8558	0.4234	0.9980	
-0.8557	0.4242	0.9979	
-0.8557	0.4239	0.9979	
-0.8558	0.4236	0.9979	
-0.8556	0.4251	0.9979	
-0.8556	0.4247	0.9979	
-0.8557	0.4240	0.9979	
-0.8557	0.4242	0.9979	
-0.8557	0.4240	0.9979	
-0.8556	0.4254	0.9979	
-0.8558	0.4230	0.9979	
-0.8558	0.4238	0.9979	
-0.8557	0.4240	0.9979	
-0.8558	0.4230	0.9979	
-0.8555	0.4260	0.9979	
-0.8556	0.4248	0.9979	
-0.8558	0.4229	0.9979	
-0.8558	0.4234	0.9979	
-0.8557	0.4246	0.9979	
-0.8556	0.4251	0.9979	
-0.8554	0.4278	0.9979	
-0.8554	0.4277	0.9979	
-0.8558	0.4240	0.9980	
-0.8557	0.4245	0.9979	
-0.8558	0.4237	0.9979	
-0.8556	0.4251	0.9979	
-0.8557	0.4242	0.9980	
-0.8555	0.4261	0.9979	
-0.8558	0.4235	0.9979	
-0.8558	0.4233	0.9980	
-0.8557	0.4240	0.9979	
-0.8557	0.4246	0.9979	
-0.8556	0.4257	0.9979	
-0.8557	0.4243	0.9979	
-0.8555	0.4258	0.9979	
-0.8557	0.4244	0.9979	
-0.8557	0.4244	0.9979	
-0.8555	0.4265	0.9979	
-0.8558	0.4236	0.9979	
-0.8554	0.4270	0.9979	
-0.8557	0.4239	0.9979	
-0.8556	0.4247	0.9979	
-0.8558	0.4231	0.9979	
-0.8557	0.4249	0.9979	
-0.8556	0.4257	0.9979	
-0.8556	0.4249	0.9979	
-0.8555	0.4258	0.9979	
-0.8557	0.4239	0.9979	
-0.8557	0.4244	0.9979	
-0.8558	0.4236	0.9980	
-0.8556	0.4251	0.9979	
-0.8557	0.4242	0.9980	
-0.8557	0.4248	0.9979	
-0.8557	0.4247	0.9979	
-0.8557	0.4238	0.9979	
-0.8557	0.4245	0.9979	
-0.8553	0.4284	0.9979	
-0.8556	0.4256	0.9979	
-0.8557	0.4241	0.9979	
-0.8557	0.4238	0.9979	
-0.8556	0.4252	0.9979	
-0.8558	0.4233	0.9979	
-0.8557	0.4246	0.9979	
-0.8558	0.4231	0.9979	
-0.8558	0.4236	0.9979	
-0.8558	0.4232	0.9980	
-0.8556	0.4256	0.9979	
-0.8555	0.4265	0.9980	
-0.8558	0.4230	0.9979	
-0.8556	0.4250	0.9979	
-0.8558	0.4236	0.9980	
-0.8557	0.4249	0.9979	
-0.8556	0.4248	0.9979	
-0.8557	0.4241	0.9979	
-0.8555	0.4263	0.9979	
-0.8556	0.4253	0.9979	
-0.8558	0.4237	0.9979	
-0.8556	0.4258	0.9979	
-0.8558	0.4236	0.9979	
-0.8558	0.4231	0.9979	
-0.8556	0.4250	0.9979	
-0.8557	0.4248	0.9979	
-0.8554	0.4277	0.9979	
-0.8557	0.4244	0.9979	
-0.8553	0.4279	0.9979	
-0.8557	0.4240	0.9979	
-0.8556	0.4254	0.9980	
-0.8556	0.4258	0.9979	
-0.8557	0.4244	0.9980	
-0.8558	0.4232	0.9980	
-0.8558	0.4234	0.9980	
-0.8559	0.4229	0.9979	
-0.8558	0.4232	0.9979	
-0.8557	0.4246	0.9980	
-0.8558	0.4238	0.9980	
-0.8559	0.4234	0.9980	
-0.8556	0.4258	0.9980	
-0.8559	0.4230	0.9980	
-0.8560	0.4226	0.9980	
-0.8558	0.4244	0.9980	
-0.8557	0.4248	0.9980	
-0.8557	0.4252	0.9980	
-0.8558	0.4244	0.9980	
-0.8558	0.4237	0.9980	
-0.8558	0.4241	0.9980	
-0.8559	0.4231	0.9980	
-0.8558	0.4245	0.9980	
-0.8558	0.4241	0.9980	
-0.8559	0.4226	0.9980	
-0.8557	0.4246	0.9980	
-0.8558	0.4245	0.9980	
-0.8557	0.4250	0.9980	
-0.8558	0.4238	0.9980	
-0.8560	0.4217	0.9980	
-0.8557	0.4251	0.9980	
-0.8559	0.4235	0.9980	
-0.8557	0.4246	0.9980	
-0.8558	0.4239	0.9980	
-0.8555	0.4271	0.9980	
-0.8557	0.4254	0.9980	
-0.8559	0.4236	0.9980	
-0.8559	0.4234	0.9980	
-0.8555	0.4270	0.9980	
-0.8557	0.4255	0.9980	
-0.8558	0.4242	0.9980	
-0.8559	0.4236	0.9980	
-0.8558	0.4236	0.9980	
-0.8556	0.4262	0.9980	
-0.8559	0.4237	0.9981	
-0.8557	0.4253	0.9980	
-0.8559	0.4226	0.9980	
-0.8557	0.4246	0.9980	
-0.8559	0.4232	0.9980	
-0.8558	0.4238	0.9980	
-0.8558	0.4250	0.9981	
-0.8558	0.4242	0.9981	
-0.8559	0.4229	0.9980	
-0.8559	0.4226	0.9980	
-0.8558	0.4238	0.9980	
-0.8558	0.4244	0.9980	
-0.8557	0.4253	0.9980	
-0.8560	0.4219	0.9980	
-0.8557	0.4246	0.9980	
-0.8557	0.4251	0.9980	
-0.8559	0.4238	0.9980	
0.7833	0.8419	
0.7452	0.8174	
0.7063	0.7926	
0.6633	0.7664	
0.6163	0.7387	
0.5675	0.7099	
0.5167	0.6801	
0.4639	0.6495	
0.4110	0.6183	
0.3635	0.5863	
0.3217	0.5538	
0.2906	0.5204	
0.2673	0.4869	
0.2524	0.4534	
0.2418	0.4201	
0.2342	0.3873	
0.2278	0.3557	
0.2217	0.3256	
0.2161	0.2971	
0.2108	0.2710	
0.2059	0.2472	
0.2013	0.2258	
0.1969	0.2070	
0.1927	0.1911	
0.1888	0.1776	
0.1851	0.1664	
0.1817	0.1561	
0.1783	0.1454	
0.1753	0.1346	
0.1723	0.1234	
0.1696	0.1117	
0.1670	0.0996	
0.1646	0.0867	
0.1624	0.0733	
0.1603	0.0604	
0.1584	0.0486	
0.1567	0.0385	
0.1550	0.0302	
0.1535	0.0235	
0.1522	0.0184	
0.1509	0.0146	
0.1498	0.0118	
0.1488	0.0098	
0.1478	0.0083	
0.1470	0.0072	
0.1462	0.0063	
0.1455	0.0056	
0.1449	0.0051	
0.1444	0.0046	
0.1439	0.0042	
0.1435	0.0039	
0.1431	0.0037	
0.1428	0.0035	
0.1425	0.0033	
0.1422	0.0031	
0.1420	0.0030	
0.1418	0.0029	
0.1416	0.0028	
0.1414	0.0027	
0.1413	0.0026	
0.1411	0.0025	
0.1410	0.0024	
0.1409	0.0023	
0.1408	0.0023	
0.1406	0.0022	
0.1405	0.0022	
0.1403	0.0021	
0.1402	0.0021	
0.1401	0.0020	
0.1400	0.0020	
0.1399	0.0019	
0.1398	0.0019	
0.1398	0.0019	
0.1397	0.0018	
0.1397	0.0018	
0.1396	0.0018	
0.1395	0.0017	
0.1394	0.0017	
0.1394	0.0017	
0.1393	0.0016	
0.1392	0.0016	
0.1391	0.0016	
0.1391	0.0016	
0.1390	0.0015	
0.1390	0.0015	
0.1389	0.0015	
0.1388	0.0015	
0.1388	0.0014	
0.1387	0.0014	
0.1386	0.0014	
0.1386	0.0013	
0.1385	0.0013	
0.1384	0.0013	
0.1383	0.0012	
0.1383	0.0012	
0.1382	0.0012	
0.1381	0.0011	
0.1381	0.0011	
0.1380	0.0010	
0.1379	0.0010	
0.1379	0.0010	
0.1378	0.0009	
0.1378	0.0009	
0.1376	0.0009	
0.1376	0.0008	
0.1375	0.0008	
0.1375	0.0008	
0.1373	0.0007	
0.1373	0.0007	
0.1372	0.0007	
0.1371	0.0007	
0.1370	0.0006	
0.1370	0.0006	
0.1369	0.0006	
0.1368	0.0006	
0.1367	0.0006	
0.1367	0.0006	
0.1366	0.0006	
0.1365	0.0005	
0.1364	0.0005	
0.1363	0.0005	
0.1363	0.0005	
0.1362	0.0005	
0.1361	0.0005	
0.1360	0.0005	
0.1360	0.0005	
0.1359	0.0005	
0.1358	0.0005	
0.1358	0.0005	
0.1358	0.0005	
0.1356	0.0005	
0.1356	0.0004	
0.1355	0.0004	
0.1355	0.0004	
0.1354	0.0004	
0.1353	0.0004	
0.1353	0.0004	
0.1352	0.0004	
0.1351	0.0004	
0.1351	0.0004	
0.1351	0.0004	
0.1350	0.0004	
0.1349	0.0004	
0.1348	0.0004	
0.1348	0.0004	
0.1347	0.0004	
0.1347	0.0004	
0.1346	0.0004	
0.1345	0.0004	
0.1345	0.0004	
0.1344	0.0004	
0.1344	0.0004	
0.1343	0.0004	
0.1343	0.0004	
0.1342	0.0004	
0.1342	0.0004	
0.1341	0.0004	
0.1340	0.0004	
0.1340	0.0004	
0.1340	0.0004	
0.1339	0.0004	
0.1338	0.0004	
0.1338	0.0003	
0.1338	0.0003	
0.1337	0.0003	
0.1337	0.0003	
0.1336	0.0003	
0.1336	0.0003	
0.1336	0.0003	
0.1335	0.0003	
0.1334	0.0003	
0.1334	0.0003	
0.1334	0.0003	
0.1333	0.0003	
0.1332	0.0003	
0.1332	0.0003	
0.1332	0.0003	
0.1331	0.0003	
0.1331	0.0003	
0.1331	0.0003	
0.1331	0.0003	
0.1330	0.0003	
0.1330	0.0003	
0.1330	0.0003	
0.1329	0.0003	
0.1329	0.0003	
0.1329	0.0003	
0.1328	0.0003	
0.1327	0.0003	
0.1328	0.0003	
0.1327	0.0003	
0.1327	0.0003	
0.1327	0.0003	
0.1326	0.0003	
0.1326	0.0003	
0.1325	0.0003	
0.1325	0.0003	
0.1325	0.0003	
0.1325	0.0003	
0.1324	0.0003	
0.1324	0.0003	
0.1324	0.0003	
0.1324	0.0003	
0.1323	0.0003	
0.1323	0.0003	
0.1323	0.0003	
0.1323	0.0003	
0.1322	0.0003	
0.1322	0.0003	
0.1322	0.0003	
0.1323	0.0003	
0.1321	0.0003	
0.1321	0.0003	
0.1321	0.0003	
0.1321	0.0003	
0.1320	0.0003	
0.1320	0.0003	
0.1320	0.0003	
0.1320	0.0003	
0.1320	0.0003	
0.1319	0.0003	
0.1319	0.0003	
0.1319	0.0003	
0.1319	0.0003	
0.1319	0.0003	
0.1318	0.0003	
0.1318	0.0003	
0.1318	0.0003	
0.1317	0.0003	
0.1318	0.0003	
0.1317	0.0003	
0.1317	0.0003	
0.1317	0.0003	
0.1316	0.0003	
0.1316	0.0003	
0.1316	0.0003	
0.1316	0.0003	
0.1316	0.0003	
0.1316	0.0003	
0.1315	0.0003	
0.1315	0.0003	
0.1315	0.0003	
0.1315	0.0003	
0.1315	0.0003	
0.1314	0.0003	
0.1315	0.0003	
0.1315	0.0003	
0.1314	0.0003	
0.1314	0.0003	
0.1313	0.0003	
0.1313	0.0003	
0.1313	0.0003	
0.1313	0.0003	
0.1313	0.0003	
0.1312	0.0003	
0.1312	0.0003	
0.1312	0.0003	
0.1312	0.0003	
0.1312	0.0003	
0.1312	0.0003	
0.1311	0.0003	
0.1311	0.0003	
0.1311	0.0003	
0.1311	0.0003	
0.1311	0.0003	
0.1311	0.0003	
0.1311	0.0003	
0.1310	0.0003	
0.1310	0.0003	
0.1310	0.0003	
0.1310	0.0003	
0.1310	0.0003	
0.1310	0.0003	
0.1310	0.0003	
0.1309	0.0003	
0.1309	0.0003	
0.1310	0.0003	
0.1310	0.0003	
0.1309	0.0003	
0.1309	0.0003	
0.1309	0.0003	
0.1309	0.0003	
0.1308	0.0003	
0.1310	0.0003	
0.1308	0.0003	
0.1308	0.0003	
0.1309	0.0003	
0.1308	0.0003	
0.1308	0.0003	
0.1308	0.0003	
0.1308	0.0003	
0.1308	0.0003	
0.1307	0.0003	
0.1308	0.0003	
0.1307	0.0003	
0.1307	0.0003	
0.1307	0.0003	
0.1307	0.0003	
0.1306	0.0003	
0.1307	0.0003	
0.1306	0.0003	
0.1306	0.0003	
0.1307	0.0003	
0.1306	0.0003	
0.1306	0.0003	
0.1306	0.0003	
0.1306	0.0003	
0.1306	0.0003	
0.1306	0.0003	
0.1306	0.0003	
0.1305	0.0003	
0.1305	0.0003	
0.1306	0.0003	
0.1306	0.0003	
0.1307	0.0003	
0.1305	0.0003	
0.1305	0.0003	
0.1305	0.0003	
0.1306	0.0003	
0.1305	0.0003	
0.1305	0.0003	
0.1306	0.0003	
0.1304	0.0003	
0.1304	0.0003	
0.1305	0.0003	
0.1305	0.0003	
0.1304	0.0003	
0.1304	0.0003	
0.1304	0.0003	
0.1303	0.0003	
0.1304	0.0003	
0.1304	0.0003	
0.1303	0.0003	
0.1304	0.0003	
0.1303	0.0003	
0.1303	0.0003	
0.1303	0.0003	
0.1303	0.0003	
0.1303	0.0003	
0.1304	0.0003	
0.1303	0.0003	
0.1304	0.0003	
0.1303	0.0003	
0.1303	0.0003	
0.1302	0.0003	
0.1302	0.0003	
0.1303	0.0003	
0.1302	0.0003	
0.1302	0.0003	
0.1302	0.0003	
0.1302	0.0003	
0.1302	0.0003	
0.1302	0.0003	
0.1302	0.0003	
0.1302	0.0003	
0.1301	0.0003	
0.1301	0.0003	
0.1303	0.0003	
0.1302	0.0003	
0.1302	0.0003	
0.1302	0.0003	
0.1301	0.0003	
0.1301	0.0003	
0.1301	0.0003	
0.1301	0.0003	
0.1301	0.0003	
0.1301	0.0003	
0.1300	0.0003	
0.1301	0.0003	
0.1301	0.0003	
0.1300	0.0003	
0.1300	0.0003	
0.1300	0.0003	
0.1300	0.0003	
0.1301	0.0003	
0.1300	0.0003	
0.1300	0.0003	
0.1300	0.0003	
0.1300	0.0003	
0.1300	0.0003	
0.1300	0.0003	
0.1300	0.0003	
0.1299	0.0003	
0.1300	0.0003	
0.1300	0.0003	
0.1300	0.0003	
0.1299	0.0003	
0.1300	0.0003	
0.1299	0.0003	
0.1300	0.0003	
0.1299	0.0003	
0.1299	0.0003	
0.1299	0.0003	
0.1299	0.0003	
0.1300	0.0003	
0.1300	0.0003	
0.1301	0.0003	
0.1300	0.0003	
0.1299	0.0003	
0.1299	0.0003	
0.1301	0.0003	
0.1298	0.0003	
0.1298	0.0003	
0.1298	0.0003	
0.1298	0.0003	
0.1298	0.0003	
0.1299	0.0003	
0.1298	0.0003	
0.1298	0.0003	
0.1300	0.0003	
0.1298	0.0003	
0.1298	0.0003	
0.1299	0.0003	
0.1298	0.0003	
0.1298	0.0003	
0.1298	0.0003	
0.1299	0.0003	
0.1298	0.0003	
0.1299	0.0002	
0.1297	0.0002	
0.1297	0.0002	
0.1298	0.0002	
0.1297	0.0002	
0.1298	0.0002	
0.1300	0.0002	
0.1298	0.0002	
0.1297	0.0002	
0.1297	0.0002	
0.1297	0.0002	
0.1297	0.0002	
0.1298	0.0002	
0.1298	0.0002	
0.1298	0.0002	
0.1298	0.0002	
0.1297	0.0002	
0.1297	0.0002	
0.1297	0.0002	
0.1296	0.0002	
0.1296	0.0002	
0.1297	0.0002	
0.1296	0.0002	
0.1296	0.0002	
0.1297	0.0002	
0.1296	0.0002	
0.1297	0.0002	
0.1296	0.0002	
0.1296	0.0002	
0.1296	0.0002	
0.1297	0.0002	
0.1297	0.0002	
0.1296	0.0002	
0.1296	0.0002	
0.1296	0.0002	
0.1296	0.0002	
0.1296	0.0002	
0.1296	0.0002	
0.1296	0.0002	
0.1296	0.0002	
0.1296	0.0002	
0.1296	0.0002	
0.1296	0.0002	
0.1296	0.0002	
0.1296	0.0002	
0.1296	0.0002	
0.1296	0.0002	
0.1295	0.0002	
0.1295	0.0002	
0.1295	0.0002	
0.1296	0.0002	
0.1296	0.0002	
0.1296	0.0002	
0.1296	0.0002	
0.1295	0.0002	
0.1295	0.0002	
0.1295	0.0002	
0.1295	0.0002	
0.1295	0.0002	
0.1295	0.0002	
0.1295	0.0002	
0.1295	0.0002	
0.1296	0.0002	
0.1295	0.0002	
0.1295	0.0002	
0.1295	0.0002	
0.1295	0.0002	
0.1295	0.0002	
0.1295	0.0002	
0.1295	0.0002	
0.1295	0.0002	
0.1295	0.0002	
0.1295	0.0002	
0.1294	0.0002	
0.1294	0.0002	
0.1295	0.0002	
0.1296	0.0002	
0.1294	0.0002	
0.1295	0.0002	
0.1295	0.0002	
0.1294	0.0002	
0.1295	0.0002	
0.1295	0.0002	
0.1294	0.0002	
0.1294	0.0002	
0.1294	0.0002	
0.1294	0.0002	
0.1294	0.0002	
0.1294	0.0002	
0.1294	0.0002	
0.1294	0.0002	
0.1294	0.0002	
0.1294	0.0002	
0.1294	0.0002	
0.1294	0.0002	
0.1294	0.0002	
0.1293	0.0002	
0.1294	0.0002	
0.1294	0.0002	
0.1294	0.0002	
0.1294	0.0002	
0.1294	0.0002	
0.1294	0.0002	
0.1293	0.0002	
0.1293	0.0002	
0.1294	0.0002	
0.1295	0.0002	
0.1293	0.0002	
0.1295	0.0002	
0.1294	0.0002	
0.1293	0.0002	
0.1293	0.0002	
0.1294	0.0002	
0.1295	0.0002	
0.1293	0.0002	
0.1294	0.0002	
0.1293	0.0002	
0.1293	0.0002	
0.1295	0.0002	
0.1294	0.0002	
0.1293	0.0002	
0.1293	0.0002	
0.1293	0.0002	
0.1293	0.0002	
0.1293	0.0002	
0.1293	0.0002	
0.1293	0.0002	
0.1293	0.0002	
0.1293	0.0002	
0.1293	0.0002	
0.1293	0.0002	
0.1293	0.0002	
0.1293	0.0002	
0.1293	0.0002	
0.1293	0.0002	
0.1293	0.0002	
0.1293	0.0002	
0.1293	0.0002	
0.1294	0.0002	
0.1293	0.0002	
0.1293	0.0002	
0.1293	0.0002	
0.1293	0.0002	
0.1294	0.0002	
0.1292	0.0002	
0.1293	0.0002	
0.1292	0.0002	
0.1292	0.0002	
0.1293	0.0002	
0.1292	0.0002	
0.1292	0.0002	
0.1292	0.0002	
0.1292	0.0002	
0.1293	0.0002	
0.1292	0.0002	
0.1292	0.0002	
0.1292	0.0002	
0.1292	0.0002	
0.1292	0.0002	
0.1292	0.0002	
0.1292	0.0002	
0.1292	0.0002	
0.1292	0.0002	
0.1292	0.0002	
0.1292	0.0002	
0.1292	0.0002	
0.1292	0.0002	
0.1292	0.0002	
0.1292	0.0002	
0.1291	0.0002	
0.1292	0.0002	
0.1292	0.0002	
0.1292	0.0002	
0.1292	0.0002	
0.1292	0.0002	
0.1292	0.0002	
0.1292	0.0002	
0.1291	0.0002	
0.1292	0.0002	
0.1291	0.0002	
0.1293	0.0002	
0.1292	0.0002	
0.1292	0.0002	
0.1291	0.0002	
0.1293	0.0002	
0.1293	0.0002	
0.1292	0.0002	
0.1291	0.0002	
0.1291	0.0002	
0.1291	0.0002	
0.1291	0.0002	
0.1291	0.0002	
0.1291	0.0002	
0.1291	0.0002	
0.1291	0.0002	
0.1291	0.0002	
0.1291	0.0002	
0.1291	0.0002	
0.1291	0.0002	
0.1291	0.0002	
0.1291	0.0002	
0.1291	0.0002	
0.1291	0.0002	
0.1291	0.0002	
0.1291	0.0002	
0.1291	0.0002	
0.1291	0.0002	
0.1291	0.0002	
0.1291	0.0002	
0.1291	0.0002	
0.1291	0.0002	
0.1291	0.0002	
0.1291	0.0002	
0.1291	0.0002	
0.1291	0.0002	
0.1291	0.0002	
0.1291	0.0002	
0.1291	0.0002	
0.1291	0.0002	
0.1291	0.0002	
0.1292	0.0002	
0.1290	0.0002	
0.1291	0.0002	
0.1291	0.0002	
0.1291	0.0002	
0.1290	0.0002	
0.1291	0.0002	
0.1292	0.0002	
0.1290	0.0002	
0.1291	0.0002	
0.1290	0.0002	
0.1290	0.0002	
0.1292	0.0002	
0.1291	0.0002	
0.1291	0.0002	
0.1290	0.0002	
0.1291	0.0002	
0.1290	0.0002	
0.1290	0.0002	
0.1291	0.0002	
0.1290	0.0002	
0.1290	0.0002	
0.1291	0.0002	
0.1290	0.0002	
0.1291	0.0002	
0.1290	0.0002	
0.1290	0.0002	
0.1292	0.0002	
0.1290	0.0002	
0.1290	0.0002	
0.1292	0.0002	
0.1290	0.0002	
0.1291	0.0002	
0.1290	0.0002	
0.1290	0.0002	
0.1291	0.0002	
0.1290	0.0002	
0.1290	0.0002	
0.1290	0.0002	
0.1290	0.0002	
0.1290	0.0002	
0.1290	0.0002	
0.1290	0.0002	
0.1291	0.0002	
0.1290	0.0002	
0.1291	0.0002	
0.1290	0.0002	
0.1290	0.0002	
0.1290	0.0002	
0.1290	0.0002	
0.1290	0.0002	
0.1290	0.0002	
0.1290	0.0002	
0.1290	0.0002	
0.1290	0.0002	
0.1290	0.0002	
0.1290	0.0002	
0.1290	0.0002	
0.1289	0.0002	
0.1290	0.0002	
0.1289	0.0002	
0.1290	0.0002	
0.1290	0.0002	
0.1289	0.0002	
0.1289	0.0002	
0.1289	0.0002	
0.1290	0.0002	
0.1291	0.0002	
0.1290	0.0002	
0.1289	0.0002	
0.1290	0.0002	
0.1289	0.0002	
0.1291	0.0002	
0.1289	0.0002	
0.1290	0.0002	
0.1290	0.0002	
0.1290	0.0002	
0.1290	0.0002	
0.1289	0.0002	
0.1290	0.0002	
0.1289	0.0002	
0.1290	0.0002	
0.1290	0.0002	
0.1289	0.0002	
0.1289	0.0002	
0.1289	0.0002	
0.1289	0.0002	
0.1289	0.0002	
0.1289	0.0002	
0.1289	0.0002	
0.1289	0.0002	
0.1289	0.0002	
0.1289	0.0002	
0.1291	0.0002	
0.1289	0.0002	
0.1290	0.0002	
0.1289	0.0002	
0.1289	0.0002	
0.1289	0.0002	
0.1289	0.0002	
0.1289	0.0002	
0.1289	0.0002	
0.1289	0.0002	
0.1289	0.0002	
0.1289	0.0002	
0.1289	0.0002	
0.1289	0.0002	
0.1289	0.0002	
0.1289	0.0002	
0.1289	0.0002	
0.1289	0.0002	
0.1289	0.0002	
0.1290	0.0002	
0.1289	0.0002	
0.1289	0.0002	
0.1289	0.0002	
0.1289	0.0002	
0.1289	0.0002	
0.1289	0.0002	
0.1289	0.0002	
0.1289	0.0002	
0.1290	0.0002	
0.1289	0.0002	
0.1289	0.0002	
0.1289	0.0002	
0.1289	0.0002	
0.1289	0.0002	
0.1289	0.0002	
0.1289	0.0002	
0.1288	0.0002	
0.1289	0.0002	
0.1288	0.0002	
0.1288	0.0002	
0.1290	0.0002	
0.1289	0.0002	
0.1289	0.0002	
0.1288	0.0002	
0.1289	0.0002	
0.1288	0.0002	
0.1289	0.0002	
0.1289	0.0002	
0.1288	0.0002	
0.1289	0.0002	
0.1288	0.0002	
0.1288	0.0002	
0.1288	0.0002	
0.1289	0.0002	
0.1288	0.0002	
0.1288	0.0002	
0.1289	0.0002	
0.1288	0.0002	
0.1289	0.0002	
0.1289	0.0002	
0.1289	0.0002	
0.1290	0.0002	
0.1288	0.0002	
0.1289	0.0002	
0.1289	0.0002	
0.1288	0.0002	
0.1288	0.0002	
0.1288	0.0002	
0.1288	0.0002	
0.1288	0.0002	
0.1288	0.0002	
0.1288	0.0002	
0.1288	0.0002	
0.1288	0.0002	
0.1289	0.0002	
0.1288	0.0002	
0.1288	0.0002	
0.1288	0.0002	
0.1288	0.0002	
0.1288	0.0002	
0.1288	0.0002	
0.1288	0.0002	
0.1288	0.0002	
0.1288	0.0002	
0.1288	0.0002	
0.1288	0.0002	
0.1288	0.0002	
0.1288	0.0002	
0.1289	0.0002	
0.1289	0.0002	
0.1289	0.0002	
0.1288	0.0002	
0.1288	0.0002	
0.1288	0.0002	
0.1288	0.0002	
0.1288	0.0002	
0.1288	0.0002	
0.1288	0.0002	
0.1288	0.0002	
0.1289	0.0002	
0.1288	0.0002	
0.1289	0.0002	
0.1288	0.0002	
0.1288	0.0002	
0.1288	0.0002	
0.1288	0.0002	
0.1288	0.0002	
0.1288	0.0002	
0.1288	0.0002	
0.1288	0.0002	
0.1288	0.0002	
0.1288	0.0002	
0.1288	0.0002	
0.1288	0.0002	
0.1287	0.0002	
0.1288	0.0002	
0.1288	0.0002	
0.1287	0.0002	
0.1288	0.0002	
0.1288	0.0002	
0.1288	0.0002	
0.1288	0.0002	
0.1288	0.0002	
0.1288	0.0002	
0.1288	0.0002	
0.1288	0.0002	
0.1287	0.0002	
0.1287	0.0002	
0.1288	0.0002	
0.1288	0.0002	
0.1288	0.0002	
0.1287	0.0002	
0.1287	0.0002	
0.1287	0.0002	
0.1287	0.0002	
0.1287	0.0002	
0.1287	0.0002	
0.1287	0.0002	
0.1287	0.0002	
0.1288	0.0002	
0.1288	0.0002	
0.1287	0.0002	
0.1288	0.0002	
0.1287	0.0002	
0.1288	0.0002	
0.1288	0.0002	
0.1287	0.0002	
0.1288	0.0002	
0.1288	0.0002	
0.1288	0.0002	
0.1287	0.0002	
0.1287	0.0002	
0.1287	0.0002	
0.1287	0.0002	
0.1287	0.0002	
0.1288	0.0002	
0.1287	0.0002	
0.1288	0.0002	
0.1287	0.0002	
0.1287	0.0002	
0.1287	0.0002	
0.1287	0.0002	
0.1287	0.0002	
0.1287	0.0002	
0.1287	0.0002	
0.1287	0.0002	
0.1287	0.0002	
0.1287	0.0002	
0.1287	0.0002	
0.1287	0.0002	
0.1287	0.0002	
0.1287	0.0002	
0.1287	0.0002	
0.1287	0.0002	
0.1287	0.0002	
0.1287	0.0002	
0.1287	0.0002	
0.1287	0.0002	
0.1287	0.0002	
0.1287	0.0002	
0.1287	0.0002	
0.1287	0.0002	
0.1287	0.0002	
0.1287	0.0002	
0.1287	0.0002	
0.1287	0.0002	
0.1287	0.0002	
0.1287	0.0002	
0.1287	0.0002	
0.1287	0.0002	
0.1287	0.0002	
0.1287	0.0002	
0.1287	0.0002	
0.1287	0.0002	
0.1286	0.0002	
0.1286	0.0002	
0.1287	0.0002	
0.1286	0.0002	
0.1286	0.0002	
0.1287	0.0002	
0.1287	0.0002	
0.1287	0.0002	
0.1286	0.0002	
0.1286	0.0002	
0.1287	0.0002	
0.1286	0.0002	
0.1287	0.0002	
0.1286	0.0002	
0.1286	0.0002	
0.1286	0.0002	
0.1286	0.0002	
0.1286	0.0002	
0.1286	0.0002	
0.1286	0.0002	
0.1286	0.0002	
0.1286	0.0002	
0.1287	0.0002	
0.1286	0.0002	
0.1286	0.0002	
0.1286	0.0002	
0.1286	0.0002	
0.1286	0.0002	
0.1287	0.0002	
0.1286	0.0002	
0.1286	0.0002	
0.1286	0.0002	
0.1286	0.0002	
0.1286	0.0002	
0.1286	0.0002	
0.1286	0.0002	
0.1286	0.0002	
0.1287	0.0002	
0.1287	0.0002	
0.1287	0.0002	
0.1287	0.0002	
0.1286	0.0002	
0.1286	0.0002	
0.1286	0.0002	
0.1287	0.0002	
0.1286	0.0002	
0.1286	0.0002	
0.1286	0.0002	
0.1286	0.0002	
0.1286	0.0002	
0.1286	0.0002	
0.1286	0.0002	
0.1286	0.0002	
0.1287	0.0002	
0.1286	0.0002	
0.1286	0.0002	
0.1286	0.0002	
0.1286	0.0002	
0.1286	0.0002	
0.1286	0.0002	
0.1286	0.0002	
0.1286	0.0002	
0.1286	0.0002	
0.1286	0.0002	
0.1286	0.0002	
0.1286	0.0002	
0.1286	0.0002	
0.1286	0.0002	
0.1286	0.0002	
0.1286	0.0002	
0.1286	0.0002	
0.1286	0.0002	
0.1286	0.0002	
0.1286	0.0002	
0.1286	0.0002	
