Loss_Adversary	Loss_Target	
-0.1279	0.2702	0.4536	
-0.1605	0.2276	0.4780	
-0.1871	0.1945	0.4993	
-0.2068	0.1806	0.5238	
-0.2234	0.1759	0.5501	
-0.2360	0.1855	0.5809	
-0.2497	0.1997	0.6174	
-0.2611	0.2230	0.6572	
-0.2736	0.2508	0.7027	
-0.2839	0.2831	0.7478	
-0.2959	0.3112	0.7926	
-0.3038	0.3416	0.8318	
-0.3131	0.3639	0.8670	
-0.3209	0.3824	0.8963	
-0.3279	0.3943	0.9188	
-0.3330	0.4009	0.9334	
-0.3365	0.4040	0.9424	
-0.3378	0.4094	0.9492	
-0.3382	0.4154	0.9548	
-0.3398	0.4171	0.9590	
-0.3412	0.4176	0.9621	
-0.3415	0.4201	0.9645	
-0.3426	0.4199	0.9664	
-0.3431	0.4207	0.9679	
-0.3436	0.4209	0.9692	
-0.3438	0.4218	0.9702	
-0.3443	0.4219	0.9713	
-0.3448	0.4220	0.9722	
-0.3450	0.4224	0.9729	
-0.3460	0.4212	0.9736	
-0.3464	0.4209	0.9743	
-0.3455	0.4238	0.9749	
-0.3463	0.4227	0.9755	
-0.3465	0.4229	0.9760	
-0.3474	0.4214	0.9764	
-0.3464	0.4240	0.9768	
-0.3483	0.4203	0.9771	
-0.3484	0.4205	0.9774	
-0.3490	0.4194	0.9777	
-0.3487	0.4202	0.9779	
-0.3495	0.4186	0.9780	
-0.3492	0.4194	0.9781	
-0.3496	0.4186	0.9782	
-0.3495	0.4188	0.9782	
-0.3505	0.4165	0.9781	
-0.3510	0.4154	0.9780	
-0.3509	0.4154	0.9779	
-0.3510	0.4150	0.9777	
-0.3517	0.4132	0.9775	
-0.3518	0.4125	0.9772	
-0.3514	0.4132	0.9770	
-0.3525	0.4103	0.9765	
-0.3526	0.4096	0.9762	
-0.3528	0.4085	0.9757	
-0.3521	0.4094	0.9752	
-0.3536	0.4055	0.9747	
-0.3534	0.4054	0.9742	
-0.3531	0.4055	0.9737	
-0.3541	0.4026	0.9732	
-0.3529	0.4046	0.9727	
-0.3537	0.4022	0.9721	
-0.3536	0.4015	0.9714	
-0.3547	0.3985	0.9709	
-0.3545	0.3982	0.9704	
-0.3554	0.3955	0.9697	
-0.3555	0.3947	0.9693	
-0.3556	0.3935	0.9685	
-0.3556	0.3928	0.9680	
-0.3558	0.3916	0.9674	
-0.3557	0.3910	0.9667	
-0.3556	0.3904	0.9660	
-0.3560	0.3888	0.9654	
-0.3560	0.3885	0.9650	
-0.3569	0.3859	0.9646	
-0.3562	0.3865	0.9639	
-0.3568	0.3848	0.9636	
-0.3567	0.3845	0.9631	
-0.3564	0.3848	0.9628	
-0.3565	0.3841	0.9625	
-0.3567	0.3832	0.9620	
-0.3572	0.3816	0.9617	
-0.3572	0.3812	0.9614	
-0.3577	0.3794	0.9609	
-0.3578	0.3793	0.9608	
-0.3573	0.3804	0.9608	
-0.3577	0.3790	0.9604	
-0.3573	0.3797	0.9603	
-0.3578	0.3784	0.9601	
-0.3580	0.3775	0.9597	
-0.3572	0.3792	0.9597	
-0.3567	0.3804	0.9598	
-0.3581	0.3770	0.9595	
-0.3580	0.3771	0.9595	
-0.3589	0.3750	0.9594	
-0.3589	0.3752	0.9596	
-0.3582	0.3767	0.9594	
-0.3587	0.3752	0.9591	
-0.3596	0.3731	0.9590	
-0.3592	0.3737	0.9587	
-0.3591	0.3738	0.9587	
-0.3595	0.3730	0.9587	
-0.3589	0.3741	0.9586	
-0.3587	0.3745	0.9586	
-0.3599	0.3716	0.9584	
-0.3605	0.3703	0.9583	
-0.3598	0.3715	0.9581	
-0.3601	0.3712	0.9583	
-0.3600	0.3711	0.9583	
-0.3606	0.3693	0.9577	
-0.3609	0.3681	0.9574	
-0.3614	0.3670	0.9573	
-0.3597	0.3707	0.9573	
-0.3618	0.3657	0.9570	
-0.3619	0.3650	0.9566	
-0.3624	0.3632	0.9560	
-0.3623	0.3632	0.9558	
-0.3621	0.3634	0.9556	
-0.3625	0.3626	0.9558	
-0.3630	0.3605	0.9550	
-0.3638	0.3574	0.9538	
-0.3641	0.3566	0.9537	
-0.3643	0.3557	0.9533	
-0.3641	0.3557	0.9530	
-0.3650	0.3524	0.9519	
-0.3656	0.3497	0.9508	
-0.3653	0.3505	0.9509	
-0.3659	0.3488	0.9506	
-0.3662	0.3467	0.9494	
-0.3668	0.3444	0.9487	
-0.3672	0.3412	0.9468	
-0.3670	0.3404	0.9458	
-0.3669	0.3409	0.9459	
-0.3682	0.3360	0.9443	
-0.3684	0.3334	0.9426	
-0.3684	0.3349	0.9438	
-0.3686	0.3289	0.9393	
-0.3693	0.3247	0.9371	
-0.3692	0.3272	0.9391	
-0.3702	0.3230	0.9374	
-0.3703	0.3215	0.9362	
-0.3703	0.3196	0.9348	
-0.3703	0.3150	0.9309	
-0.3709	0.3174	0.9339	
-0.3717	0.3133	0.9321	
-0.3706	0.3091	0.9268	
-0.3717	0.3103	0.9297	
-0.3714	0.3091	0.9282	
-0.3723	0.3073	0.9284	
-0.3727	0.3027	0.9253	
-0.3729	0.3072	0.9293	
-0.3730	0.3049	0.9276	
-0.3716	0.2968	0.9185	
-0.3737	0.2996	0.9246	
-0.3745	0.2989	0.9255	
-0.3735	0.2916	0.9176	
-0.3738	0.2950	0.9211	
-0.3746	0.2981	0.9250	
-0.3742	0.2907	0.9182	
-0.3754	0.2892	0.9192	
-0.3752	0.2930	0.9218	
-0.3746	0.2931	0.9208	
-0.3759	0.2870	0.9182	
-0.3760	0.2840	0.9160	
-0.3758	0.2878	0.9187	
-0.3760	0.2856	0.9172	
-0.3751	0.2856	0.9157	
-0.3758	0.2877	0.9187	
-0.3768	0.2752	0.9102	
-0.3762	0.2893	0.9207	
-0.3771	0.2792	0.9141	
-0.3767	0.2782	0.9126	
-0.3774	0.2852	0.9196	
-0.3762	0.2764	0.9102	
-0.3772	0.2798	0.9148	
-0.3764	0.2800	0.9135	
-0.3770	0.2795	0.9142	
-0.3771	0.2829	0.9171	
-0.3762	0.2806	0.9135	
-0.3774	0.2743	0.9106	
-0.3776	0.2778	0.9139	
-0.3777	0.2765	0.9130	
-0.3775	0.2725	0.9093	
-0.3772	0.2801	0.9150	
-0.3772	0.2828	0.9172	
-0.3777	0.2744	0.9113	
-0.3774	0.2736	0.9101	
-0.3777	0.2792	0.9152	
-0.3772	0.2761	0.9117	
-0.3776	0.2818	0.9171	
-0.3773	0.2843	0.9186	
-0.3778	0.2683	0.9065	
-0.3767	0.2807	0.9146	
-0.3766	0.2817	0.9152	
-0.3765	0.2794	0.9131	
-0.3778	0.2772	0.9136	
-0.3764	0.2773	0.9113	
-0.3769	0.2805	0.9148	
-0.3777	0.2742	0.9111	
-0.3768	0.2753	0.9103	
-0.3776	0.2828	0.9179	
-0.3773	0.2767	0.9123	
-0.3768	0.2762	0.9111	
-0.3771	0.2843	0.9183	
-0.3778	0.2755	0.9123	
-0.3779	0.2717	0.9093	
-0.3780	0.2737	0.9112	
-0.3784	0.2786	0.9159	
-0.3774	0.2748	0.9110	
-0.3778	0.2791	0.9152	
-0.3776	0.2695	0.9071	
-0.3776	0.2718	0.9090	
-0.3781	0.2788	0.9156	
-0.3767	0.2718	0.9073	
-0.3771	0.2782	0.9132	
-0.3769	0.2764	0.9114	
-0.3776	0.2808	0.9162	
-0.3771	0.2746	0.9104	
-0.3780	0.2713	0.9093	
-0.3769	0.2769	0.9119	
-0.3782	0.2749	0.9126	
-0.3777	0.2765	0.9130	
-0.3779	0.2707	0.9086	
-0.3766	0.2809	0.9146	
-0.3777	0.2766	0.9131	
-0.3766	0.2757	0.9102	
-0.3777	0.2747	0.9114	
-0.3781	0.2736	0.9114	
-0.3776	0.2757	0.9121	
-0.3772	0.2732	0.9094	
-0.3775	0.2775	0.9134	
-0.3775	0.2786	0.9144	
-0.3775	0.2732	0.9100	
-0.3773	0.2734	0.9098	
-0.3779	0.2766	0.9133	
-0.3773	0.2765	0.9121	
-0.3776	0.2758	0.9122	
-0.3774	0.2728	0.9094	
-0.3781	0.2714	0.9096	
-0.3758	0.2848	0.9162	
-0.3777	0.2699	0.9075	
-0.3777	0.2795	0.9155	
-0.3775	0.2757	0.9119	
-0.3778	0.2696	0.9076	
-0.3782	0.2799	0.9167	
-0.3773	0.2733	0.9096	
-0.3778	0.2734	0.9107	
-0.3784	0.2802	0.9172	
-0.3766	0.2695	0.9052	
-0.3780	0.2718	0.9096	
-0.3777	0.2777	0.9138	
-0.3778	0.2775	0.9140	
-0.3783	0.2708	0.9095	
-0.3780	0.2734	0.9110	
-0.3781	0.2736	0.9114	
-0.3774	0.2718	0.9087	
-0.3772	0.2793	0.9143	
-0.3771	0.2722	0.9082	
-0.3773	0.2791	0.9144	
-0.3760	0.2707	0.9051	
-0.3777	0.2774	0.9136	
-0.3782	0.2774	0.9146	
-0.3782	0.2733	0.9113	
-0.3779	0.2737	0.9110	
-0.3784	0.2681	0.9073	
-0.3783	0.2776	0.9150	
-0.3781	0.2730	0.9108	
-0.3771	0.2772	0.9124	
-0.3774	0.2800	0.9153	
-0.3771	0.2644	0.9020	
-0.3786	0.2752	0.9135	
-0.3781	0.2788	0.9156	
-0.3786	0.2694	0.9088	
-0.3764	0.2840	0.9168	
-0.3780	0.2677	0.9063	
-0.3783	0.2746	0.9124	
-0.3782	0.2764	0.9137	
-0.3779	0.2652	0.9041	
-0.3771	0.2810	0.9154	
-0.3774	0.2799	0.9153	
-0.3784	0.2662	0.9058	
-0.3781	0.2789	0.9156	
-0.3779	0.2732	0.9106	
-0.3780	0.2737	0.9113	
-0.3775	0.2740	0.9106	
-0.3759	0.2826	0.9147	
-0.3777	0.2744	0.9112	
-0.3777	0.2719	0.9093	
-0.3775	0.2768	0.9128	
-0.3777	0.2700	0.9076	
-0.3777	0.2768	0.9131	
-0.3778	0.2728	0.9101	
-0.3786	0.2706	0.9097	
-0.3783	0.2746	0.9125	
-0.3781	0.2739	0.9115	
-0.3776	0.2736	0.9104	
-0.3772	0.2700	0.9068	
-0.3769	0.2790	0.9137	
-0.3781	0.2773	0.9143	
-0.3771	0.2702	0.9067	
-0.3778	0.2760	0.9127	
-0.3772	0.2710	0.9076	
-0.3780	0.2786	0.9151	
-0.3771	0.2759	0.9114	
-0.3784	0.2703	0.9091	
-0.3779	0.2737	0.9110	
-0.3784	0.2772	0.9148	
-0.3776	0.2690	0.9067	
-0.3782	0.2714	0.9098	
-0.3774	0.2722	0.9088	
-0.3768	0.2773	0.9121	
-0.3779	0.2761	0.9129	
-0.3766	0.2707	0.9061	
-0.3783	0.2744	0.9124	
-0.3782	0.2805	0.9172	
-0.3772	0.2685	0.9055	
-0.3773	0.2768	0.9124	
-0.3782	0.2765	0.9139	
-0.3769	0.2690	0.9053	
-0.3781	0.2759	0.9133	
-0.3778	0.2732	0.9105	
-0.3779	0.2721	0.9097	
-0.3782	0.2771	0.9144	
-0.3780	0.2688	0.9071	
-0.3783	0.2727	0.9109	
-0.3777	0.2747	0.9115	
-0.3776	0.2678	0.9057	
-0.3778	0.2805	0.9164	
-0.3785	0.2695	0.9086	
-0.3777	0.2694	0.9071	
-0.3775	0.2804	0.9158	
-0.3786	0.2665	0.9064	
-0.3783	0.2732	0.9113	
-0.3785	0.2778	0.9155	
-0.3784	0.2680	0.9073	
-0.3781	0.2736	0.9112	
-0.3780	0.2700	0.9082	
-0.3781	0.2769	0.9141	
-0.3782	0.2735	0.9114	
-0.3780	0.2657	0.9046	
-0.3781	0.2785	0.9153	
-0.3783	0.2679	0.9070	
-0.3783	0.2772	0.9146	
-0.3779	0.2769	0.9137	
-0.3783	0.2657	0.9052	
-0.3784	0.2744	0.9125	
-0.3786	0.2731	0.9118	
-0.3781	0.2677	0.9064	
-0.3786	0.2706	0.9097	
-0.3774	0.2792	0.9146	
-0.3781	0.2679	0.9067	
-0.3779	0.2768	0.9135	
-0.3779	0.2714	0.9092	
-0.3784	0.2757	0.9135	
-0.3781	0.2716	0.9097	
-0.3787	0.2699	0.9093	
-0.3791	0.2707	0.9109	
-0.3781	0.2736	0.9112	
-0.3788	0.2710	0.9105	
-0.3773	0.2699	0.9069	
-0.3783	0.2751	0.9129	
-0.3781	0.2748	0.9123	
-0.3782	0.2706	0.9090	
-0.3788	0.2673	0.9075	
-0.3787	0.2772	0.9153	
-0.3783	0.2710	0.9096	
-0.3782	0.2715	0.9097	
-0.3784	0.2782	0.9156	
-0.3786	0.2651	0.9053	
-0.3785	0.2721	0.9108	
-0.3780	0.2819	0.9178	
-0.3783	0.2682	0.9072	
-0.3779	0.2663	0.9050	
-0.3783	0.2797	0.9167	
-0.3792	0.2695	0.9099	
-0.3789	0.2678	0.9081	
-0.3770	0.2768	0.9119	
-0.3787	0.2711	0.9105	
-0.3766	0.2743	0.9092	
-0.3784	0.2779	0.9154	
-0.3780	0.2701	0.9083	
-0.3768	0.2748	0.9099	
-0.3778	0.2730	0.9103	
-0.3783	0.2736	0.9116	
-0.3787	0.2710	0.9102	
-0.3777	0.2701	0.9077	
-0.3782	0.2777	0.9149	
-0.3784	0.2687	0.9078	
-0.3783	0.2748	0.9126	
-0.3771	0.2751	0.9108	
-0.3781	0.2718	0.9098	
-0.3788	0.2726	0.9118	
-0.3788	0.2710	0.9105	
-0.3775	0.2714	0.9085	
-0.3780	0.2768	0.9137	
-0.3784	0.2768	0.9144	
-0.3778	0.2707	0.9083	
-0.3788	0.2654	0.9059	
-0.3782	0.2774	0.9146	
-0.3783	0.2751	0.9129	
-0.3793	0.2670	0.9082	
-0.3778	0.2732	0.9105	
-0.3779	0.2740	0.9113	
-0.3776	0.2731	0.9099	
-0.3785	0.2741	0.9124	
-0.3784	0.2746	0.9127	
-0.3778	0.2702	0.9080	
-0.3785	0.2734	0.9118	
-0.3770	0.2756	0.9110	
-0.3780	0.2725	0.9103	
-0.3786	0.2784	0.9161	
-0.3766	0.2737	0.9086	
-0.3792	0.2649	0.9062	
-0.3783	0.2729	0.9112	
-0.3776	0.2787	0.9146	
-0.3780	0.2695	0.9079	
-0.3785	0.2706	0.9095	
-0.3767	0.2794	0.9135	
-0.3776	0.2747	0.9114	
-0.3780	0.2698	0.9080	
-0.3783	0.2733	0.9114	
-0.3776	0.2770	0.9133	
-0.3785	0.2679	0.9073	
-0.3790	0.2690	0.9092	
-0.3784	0.2756	0.9134	
-0.3776	0.2692	0.9069	
-0.3784	0.2728	0.9112	
-0.3780	0.2786	0.9153	
-0.3775	0.2748	0.9112	
-0.3783	0.2733	0.9114	
-0.3784	0.2705	0.9093	
-0.3788	0.2723	0.9115	
-0.3789	0.2715	0.9111	
-0.3777	0.2732	0.9103	
-0.3774	0.2730	0.9096	
-0.3785	0.2742	0.9126	
-0.3761	0.2773	0.9106	
-0.3778	0.2674	0.9057	
-0.3769	0.2706	0.9067	
-0.3782	0.2759	0.9134	
-0.3780	0.2766	0.9136	
-0.3789	0.2698	0.9096	
-0.3778	0.2682	0.9063	
-0.3776	0.2790	0.9148	
-0.3786	0.2705	0.9097	
-0.3776	0.2758	0.9122	
-0.3784	0.2720	0.9105	
-0.3778	0.2687	0.9068	
-0.3785	0.2756	0.9136	
-0.3776	0.2736	0.9103	
-0.3781	0.2714	0.9096	
-0.3781	0.2716	0.9097	
-0.3780	0.2728	0.9105	
-0.3772	0.2716	0.9081	
-0.3780	0.2792	0.9157	
-0.3779	0.2733	0.9108	
-0.3791	0.2659	0.9067	
-0.3781	0.2733	0.9111	
-0.3789	0.2716	0.9112	
-0.3784	0.2712	0.9099	
-0.3787	0.2733	0.9122	
-0.3784	0.2716	0.9102	
-0.3777	0.2689	0.9067	
-0.3778	0.2777	0.9141	
-0.3781	0.2734	0.9111	
-0.3775	0.2685	0.9060	
-0.3779	0.2745	0.9116	
-0.3779	0.2761	0.9130	
-0.3787	0.2737	0.9125	
-0.3776	0.2747	0.9113	
-0.3783	0.2671	0.9063	
-0.3780	0.2738	0.9112	
-0.3781	0.2728	0.9107	
-0.3784	0.2710	0.9097	
-0.3770	0.2783	0.9132	
-0.3773	0.2745	0.9106	
-0.3789	0.2717	0.9113	
-0.3788	0.2661	0.9064	
-0.3779	0.2764	0.9132	
-0.3784	0.2730	0.9113	
-0.3786	0.2700	0.9093	
-0.3785	0.2692	0.9084	
-0.3786	0.2743	0.9128	
-0.3777	0.2750	0.9117	
-0.3786	0.2683	0.9079	
-0.3780	0.2742	0.9115	
-0.3770	0.2763	0.9116	
-0.3775	0.2766	0.9126	
-0.3794	0.2661	0.9076	
-0.3793	0.2710	0.9114	
-0.3782	0.2742	0.9121	
-0.3781	0.2694	0.9078	
-0.3782	0.2717	0.9100	
-0.3786	0.2726	0.9114	
-0.3784	0.2708	0.9095	
-0.3781	0.2714	0.9096	
-0.3792	0.2707	0.9110	
-0.3791	0.2633	0.9047	
-0.3790	0.2722	0.9118	
-0.3790	0.2713	0.9111	
-0.3790	0.2713	0.9110	
-0.3774	0.2738	0.9102	
-0.3790	0.2655	0.9063	
-0.3786	0.2707	0.9099	
-0.3785	0.2746	0.9128	
-0.3791	0.2704	0.9105	
-0.3789	0.2647	0.9055	
-0.3778	0.2755	0.9122	
-0.3789	0.2708	0.9104	
-0.3791	0.2668	0.9075	
-0.3777	0.2753	0.9119	
-0.3794	0.2697	0.9105	
-0.3792	0.2687	0.9093	
-0.3790	0.2673	0.9078	
-0.3790	0.2700	0.9099	
-0.3795	0.2712	0.9119	
-0.3788	0.2683	0.9082	
-0.3790	0.2657	0.9065	
-0.3794	0.2747	0.9145	
-0.3790	0.2677	0.9082	
-0.3787	0.2741	0.9129	
-0.3782	0.2743	0.9121	
-0.3792	0.2609	0.9029	
-0.3771	0.2765	0.9118	
-0.3793	0.2716	0.9118	
-0.3781	0.2713	0.9095	
-0.3793	0.2696	0.9102	
-0.3787	0.2680	0.9078	
-0.3789	0.2709	0.9106	
-0.3803	0.2698	0.9122	
-0.3793	0.2667	0.9078	
-0.3792	0.2681	0.9089	
-0.3798	0.2657	0.9080	
-0.3783	0.2707	0.9093	
-0.3789	0.2731	0.9123	
-0.3792	0.2689	0.9094	
-0.3788	0.2736	0.9126	
-0.3791	0.2710	0.9110	
-0.3793	0.2624	0.9043	
-0.3789	0.2731	0.9123	
-0.3782	0.2752	0.9127	
-0.3797	0.2643	0.9065	
-0.3795	0.2714	0.9121	
-0.3784	0.2710	0.9098	
-0.3792	0.2645	0.9058	
-0.3794	0.2709	0.9114	
-0.3800	0.2673	0.9097	
-0.3794	0.2660	0.9074	
-0.3796	0.2695	0.9107	
-0.3788	0.2686	0.9086	
-0.3786	0.2708	0.9099	
-0.3789	0.2688	0.9088	
-0.3787	0.2699	0.9095	
-0.3788	0.2716	0.9110	
-0.3793	0.2707	0.9110	
-0.3800	0.2692	0.9112	
-0.3801	0.2656	0.9083	
-0.3796	0.2696	0.9108	
-0.3794	0.2692	0.9100	
-0.3798	0.2641	0.9066	
-0.3786	0.2713	0.9104	
-0.3798	0.2677	0.9095	
-0.3805	0.2641	0.9079	
-0.3792	0.2711	0.9111	
-0.3796	0.2691	0.9103	
-0.3809	0.2636	0.9082	
-0.3792	0.2686	0.9092	
-0.3791	0.2690	0.9094	
-0.3797	0.2661	0.9081	
-0.3785	0.2730	0.9115	
-0.3799	0.2647	0.9074	
-0.3802	0.2663	0.9091	
-0.3795	0.2652	0.9070	
-0.3799	0.2699	0.9116	
-0.3791	0.2662	0.9071	
-0.3793	0.2682	0.9091	
-0.3794	0.2692	0.9101	
-0.3806	0.2629	0.9071	
-0.3798	0.2674	0.9094	
-0.3790	0.2706	0.9104	
-0.3803	0.2645	0.9079	
-0.3798	0.2677	0.9097	
-0.3795	0.2683	0.9095	
-0.3804	0.2637	0.9074	
-0.3803	0.2651	0.9083	
-0.3795	0.2709	0.9116	
-0.3808	0.2672	0.9109	
-0.3800	0.2631	0.9062	
-0.3791	0.2707	0.9108	
-0.3803	0.2661	0.9091	
-0.3808	0.2666	0.9105	
-0.3788	0.2673	0.9074	
-0.3799	0.2687	0.9105	
-0.3801	0.2680	0.9105	
-0.3795	0.2688	0.9099	
-0.3801	0.2668	0.9095	
-0.3800	0.2657	0.9083	
-0.3799	0.2655	0.9080	
-0.3802	0.2621	0.9058	
-0.3800	0.2719	0.9134	
-0.3796	0.2675	0.9089	
-0.3795	0.2627	0.9050	
-0.3801	0.2699	0.9120	
-0.3799	0.2694	0.9113	
-0.3801	0.2686	0.9109	
-0.3791	0.2651	0.9062	
-0.3800	0.2671	0.9094	
-0.3796	0.2705	0.9115	
-0.3789	0.2656	0.9062	
-0.3801	0.2638	0.9069	
-0.3782	0.2756	0.9132	
-0.3802	0.2688	0.9112	
-0.3804	0.2601	0.9044	
-0.3801	0.2717	0.9133	
-0.3797	0.2698	0.9110	
-0.3790	0.2659	0.9068	
-0.3801	0.2644	0.9073	
-0.3804	0.2700	0.9125	
-0.3791	0.2669	0.9076	
-0.3801	0.2689	0.9110	
-0.3783	0.2737	0.9117	
-0.3797	0.2667	0.9085	
-0.3806	0.2643	0.9083	
-0.3801	0.2676	0.9101	
-0.3795	0.2686	0.9097	
-0.3799	0.2666	0.9088	
-0.3807	0.2619	0.9064	
-0.3802	0.2667	0.9094	
-0.3790	0.2732	0.9125	
-0.3791	0.2637	0.9051	
-0.3792	0.2685	0.9092	
-0.3803	0.2712	0.9133	
-0.3789	0.2677	0.9078	
-0.3805	0.2657	0.9092	
-0.3795	0.2703	0.9112	
-0.3785	0.2676	0.9071	
-0.3795	0.2655	0.9073	
-0.3798	0.2682	0.9100	
-0.3775	0.2766	0.9126	
-0.3800	0.2619	0.9052	
-0.3800	0.2700	0.9117	
-0.3790	0.2730	0.9124	
-0.3796	0.2603	0.9032	
-0.3808	0.2649	0.9090	
-0.3793	0.2681	0.9090	
-0.3801	0.2719	0.9136	
-0.3801	0.2657	0.9085	
-0.3807	0.2632	0.9075	
-0.3802	0.2686	0.9111	
-0.3805	0.2645	0.9082	
-0.3792	0.2712	0.9114	
-0.3799	0.2670	0.9091	
-0.3802	0.2650	0.9082	
-0.3805	0.2678	0.9110	
-0.3800	0.2673	0.9096	
-0.3805	0.2654	0.9089	
-0.3810	0.2672	0.9113	
-0.3801	0.2669	0.9095	
-0.3799	0.2639	0.9067	
-0.3803	0.2646	0.9080	
-0.3795	0.2663	0.9080	
-0.3802	0.2699	0.9120	
-0.3806	0.2679	0.9112	
-0.3795	0.2609	0.9035	
-0.3805	0.2661	0.9096	
-0.3796	0.2704	0.9115	
-0.3808	0.2664	0.9103	
-0.3802	0.2663	0.9091	
-0.3801	0.2662	0.9088	
-0.3806	0.2657	0.9093	
-0.3809	0.2595	0.9049	
-0.3797	0.2694	0.9108	
-0.3805	0.2682	0.9112	
-0.3816	0.2597	0.9063	
-0.3801	0.2686	0.9108	
-0.3805	0.2673	0.9104	
-0.3788	0.2662	0.9066	
-0.3802	0.2691	0.9114	
-0.3796	0.2689	0.9103	
-0.3807	0.2643	0.9085	
-0.3797	0.2630	0.9055	
-0.3798	0.2745	0.9153	
-0.3801	0.2609	0.9045	
-0.3800	0.2648	0.9075	
-0.3803	0.2772	0.9183	
-0.3806	0.2618	0.9062	
-0.3805	0.2613	0.9056	
-0.3799	0.2718	0.9131	
-0.3809	0.2630	0.9077	
-0.3805	0.2685	0.9114	
-0.3812	0.2647	0.9097	
-0.3803	0.2568	0.9015	
-0.3807	0.2717	0.9145	
-0.3799	0.2700	0.9116	
-0.3806	0.2614	0.9058	
-0.3802	0.2708	0.9129	
-0.3807	0.2620	0.9066	
-0.3797	0.2667	0.9086	
-0.3802	0.2637	0.9069	
-0.3804	0.2657	0.9091	
-0.3799	0.2692	0.9110	
-0.3804	0.2608	0.9050	
-0.3802	0.2688	0.9112	
-0.3806	0.2661	0.9096	
-0.3801	0.2682	0.9106	
-0.3812	0.2613	0.9070	
-0.3803	0.2669	0.9098	
-0.3803	0.2688	0.9114	
-0.3799	0.2651	0.9076	
-0.3805	0.2691	0.9121	
-0.3798	0.2661	0.9083	
-0.3805	0.2636	0.9074	
-0.3808	0.2691	0.9125	
-0.3804	0.2622	0.9062	
-0.3810	0.2641	0.9088	
-0.3809	0.2672	0.9112	
-0.3802	0.2660	0.9089	
-0.3805	0.2621	0.9062	
-0.3808	0.2659	0.9099	
-0.3801	0.2723	0.9138	
-0.3802	0.2674	0.9101	
-0.3811	0.2618	0.9071	
-0.3811	0.2667	0.9112	
-0.3810	0.2636	0.9084	
-0.3793	0.2620	0.9040	
-0.3802	0.2669	0.9097	
-0.3793	0.2724	0.9126	
-0.3806	0.2641	0.9081	
-0.3811	0.2586	0.9045	
-0.3800	0.2686	0.9106	
-0.3811	0.2719	0.9153	
-0.3819	0.2630	0.9096	
-0.3814	0.2606	0.9066	
-0.3811	0.2638	0.9088	
-0.3816	0.2633	0.9094	
-0.3791	0.2673	0.9080	
-0.3807	0.2667	0.9103	
-0.3817	0.2613	0.9077	
-0.3813	0.2630	0.9084	
-0.3812	0.2650	0.9099	
-0.3809	0.2663	0.9105	
-0.3811	0.2633	0.9083	
-0.3810	0.2615	0.9066	
-0.3812	0.2666	0.9111	
-0.3807	0.2677	0.9112	
-0.3814	0.2647	0.9101	
-0.3813	0.2641	0.9093	
-0.3802	0.2616	0.9053	
-0.3807	0.2620	0.9066	
-0.3812	0.2645	0.9095	
-0.3804	0.2692	0.9119	
-0.3806	0.2613	0.9058	
-0.3802	0.2658	0.9087	
-0.3809	0.2668	0.9109	
-0.3811	0.2609	0.9063	
-0.3807	0.2639	0.9082	
-0.3811	0.2668	0.9112	
-0.3809	0.2660	0.9103	
-0.3810	0.2641	0.9088	
-0.3815	0.2593	0.9057	
-0.3817	0.2664	0.9120	
-0.3811	0.2628	0.9080	
-0.3816	0.2642	0.9100	
-0.3800	0.2639	0.9069	
-0.3802	0.2632	0.9066	
-0.3811	0.2720	0.9155	
-0.3819	0.2595	0.9067	
-0.3814	0.2628	0.9085	
-0.3811	0.2666	0.9112	
-0.3802	0.2646	0.9078	
-0.3808	0.2647	0.9090	
-0.3811	0.2647	0.9095	
-0.3809	0.2634	0.9080	
-0.3807	0.2647	0.9086	
-0.3815	0.2657	0.9110	
-0.3811	0.2656	0.9101	
-0.3808	0.2702	0.9135	
-0.3815	0.2614	0.9075	
-0.3812	0.2586	0.9047	
-0.3818	0.2669	0.9126	
-0.3815	0.2653	0.9107	
-0.3805	0.2586	0.9034	
-0.3819	0.2671	0.9128	
-0.3818	0.2635	0.9098	
-0.3810	0.2627	0.9076	
-0.3814	0.2678	0.9126	
-0.3825	0.2592	0.9075	
-0.3815	0.2601	0.9064	
-0.3815	0.2652	0.9105	
-0.3817	0.2626	0.9089	
-0.3809	0.2681	0.9119	
-0.3812	0.2601	0.9059	
-0.3818	0.2607	0.9074	
-0.3815	0.2651	0.9106	
-0.3810	0.2649	0.9095	
-0.3815	0.2624	0.9084	
-0.3817	0.2636	0.9097	
-0.3813	0.2643	0.9096	
-0.3807	0.2662	0.9100	
-0.3808	0.2636	0.9081	
-0.3800	0.2625	0.9057	
0.4276	0.4166	
0.4141	0.3943	
0.3998	0.3733	
0.3824	0.3539	
0.3622	0.3362	
0.3415	0.3203	
0.3211	0.3067	
0.3028	0.2947	
0.2860	0.2844	
0.2725	0.2752	
0.2617	0.2663	
0.2541	0.2578	
0.2495	0.2488	
0.2460	0.2384	
0.2433	0.2248	
0.2408	0.2129	
0.2383	0.2009	
0.2357	0.1881	
0.2331	0.1756	
0.2305	0.1631	
0.2279	0.1508	
0.2252	0.1388	
0.2224	0.1272	
0.2196	0.1161	
0.2168	0.1067	
0.2139	0.0982	
0.2110	0.0904	
0.2078	0.0835	
0.2047	0.0773	
0.2017	0.0719	
0.1989	0.0669	
0.1965	0.0627	
0.1943	0.0588	
0.1924	0.0555	
0.1908	0.0524	
0.1894	0.0498	
0.1883	0.0473	
0.1873	0.0452	
0.1865	0.0433	
0.1859	0.0413	
0.1854	0.0389	
0.1849	0.0364	
0.1844	0.0339	
0.1841	0.0317	
0.1838	0.0301	
0.1835	0.0289	
0.1832	0.0281	
0.1829	0.0275	
0.1827	0.0270	
0.1823	0.0267	
0.1821	0.0264	
0.1818	0.0260	
0.1815	0.0258	
0.1813	0.0256	
0.1810	0.0254	
0.1807	0.0252	
0.1804	0.0250	
0.1802	0.0248	
0.1799	0.0247	
0.1796	0.0245	
0.1794	0.0243	
0.1792	0.0242	
0.1789	0.0240	
0.1787	0.0239	
0.1784	0.0237	
0.1782	0.0236	
0.1780	0.0235	
0.1777	0.0233	
0.1776	0.0232	
0.1774	0.0231	
0.1771	0.0230	
0.1769	0.0228	
0.1766	0.0226	
0.1765	0.0225	
0.1762	0.0224	
0.1760	0.0222	
0.1758	0.0221	
0.1756	0.0220	
0.1754	0.0219	
0.1753	0.0217	
0.1751	0.0216	
0.1749	0.0215	
0.1747	0.0214	
0.1746	0.0213	
0.1744	0.0212	
0.1743	0.0211	
0.1740	0.0210	
0.1739	0.0209	
0.1737	0.0208	
0.1735	0.0208	
0.1734	0.0207	
0.1733	0.0206	
0.1731	0.0205	
0.1730	0.0204	
0.1728	0.0203	
0.1727	0.0203	
0.1725	0.0202	
0.1723	0.0201	
0.1722	0.0201	
0.1720	0.0200	
0.1719	0.0199	
0.1718	0.0199	
0.1716	0.0198	
0.1715	0.0197	
0.1714	0.0196	
0.1712	0.0196	
0.1712	0.0195	
0.1710	0.0195	
0.1708	0.0194	
0.1707	0.0194	
0.1707	0.0193	
0.1706	0.0193	
0.1704	0.0192	
0.1702	0.0192	
0.1701	0.0191	
0.1700	0.0191	
0.1699	0.0191	
0.1698	0.0191	
0.1696	0.0190	
0.1695	0.0190	
0.1694	0.0190	
0.1692	0.0189	
0.1691	0.0189	
0.1690	0.0189	
0.1688	0.0189	
0.1688	0.0188	
0.1686	0.0188	
0.1685	0.0188	
0.1683	0.0188	
0.1682	0.0188	
0.1681	0.0187	
0.1681	0.0187	
0.1678	0.0187	
0.1678	0.0187	
0.1676	0.0187	
0.1675	0.0187	
0.1674	0.0187	
0.1674	0.0186	
0.1672	0.0186	
0.1670	0.0186	
0.1670	0.0186	
0.1668	0.0186	
0.1668	0.0186	
0.1666	0.0186	
0.1664	0.0185	
0.1663	0.0185	
0.1661	0.0186	
0.1661	0.0185	
0.1660	0.0185	
0.1659	0.0185	
0.1657	0.0185	
0.1656	0.0185	
0.1655	0.0185	
0.1655	0.0184	
0.1652	0.0185	
0.1652	0.0185	
0.1650	0.0186	
0.1649	0.0185	
0.1647	0.0185	
0.1646	0.0185	
0.1645	0.0184	
0.1644	0.0184	
0.1643	0.0185	
0.1641	0.0184	
0.1640	0.0184	
0.1639	0.0183	
0.1638	0.0183	
0.1637	0.0183	
0.1637	0.0183	
0.1635	0.0183	
0.1634	0.0183	
0.1636	0.0183	
0.1632	0.0183	
0.1630	0.0183	
0.1630	0.0183	
0.1628	0.0183	
0.1627	0.0183	
0.1626	0.0183	
0.1625	0.0183	
0.1624	0.0183	
0.1623	0.0183	
0.1622	0.0183	
0.1621	0.0183	
0.1619	0.0182	
0.1619	0.0182	
0.1618	0.0182	
0.1617	0.0182	
0.1615	0.0182	
0.1615	0.0182	
0.1614	0.0182	
0.1614	0.0183	
0.1613	0.0183	
0.1612	0.0182	
0.1611	0.0183	
0.1609	0.0182	
0.1608	0.0182	
0.1608	0.0182	
0.1606	0.0182	
0.1606	0.0182	
0.1605	0.0182	
0.1605	0.0182	
0.1604	0.0182	
0.1603	0.0182	
0.1602	0.0182	
0.1601	0.0182	
0.1601	0.0182	
0.1600	0.0182	
0.1601	0.0182	
0.1599	0.0182	
0.1598	0.0182	
0.1596	0.0182	
0.1596	0.0182	
0.1595	0.0182	
0.1595	0.0181	
0.1593	0.0182	
0.1594	0.0182	
0.1593	0.0182	
0.1592	0.0182	
0.1591	0.0182	
0.1591	0.0183	
0.1590	0.0182	
0.1589	0.0181	
0.1589	0.0181	
0.1588	0.0180	
0.1588	0.0180	
0.1588	0.0180	
0.1587	0.0180	
0.1586	0.0180	
0.1586	0.0179	
0.1585	0.0179	
0.1584	0.0178	
0.1584	0.0179	
0.1584	0.0178	
0.1584	0.0178	
0.1583	0.0177	
0.1582	0.0177	
0.1582	0.0177	
0.1581	0.0177	
0.1580	0.0176	
0.1580	0.0176	
0.1579	0.0176	
0.1579	0.0175	
0.1581	0.0175	
0.1581	0.0175	
0.1578	0.0175	
0.1577	0.0175	
0.1577	0.0175	
0.1576	0.0174	
0.1576	0.0174	
0.1576	0.0174	
0.1579	0.0174	
0.1574	0.0174	
0.1575	0.0173	
0.1574	0.0173	
0.1573	0.0173	
0.1574	0.0173	
0.1573	0.0172	
0.1573	0.0172	
0.1573	0.0172	
0.1573	0.0172	
0.1571	0.0172	
0.1571	0.0172	
0.1571	0.0172	
0.1571	0.0172	
0.1570	0.0171	
0.1570	0.0171	
0.1570	0.0171	
0.1570	0.0171	
0.1569	0.0171	
0.1569	0.0171	
0.1569	0.0171	
0.1569	0.0171	
0.1568	0.0170	
0.1568	0.0170	
0.1567	0.0170	
0.1567	0.0170	
0.1567	0.0170	
0.1567	0.0170	
0.1567	0.0170	
0.1567	0.0170	
0.1566	0.0170	
0.1565	0.0170	
0.1565	0.0169	
0.1565	0.0169	
0.1566	0.0169	
0.1565	0.0169	
0.1565	0.0169	
0.1565	0.0169	
0.1564	0.0169	
0.1564	0.0169	
0.1565	0.0169	
0.1563	0.0169	
0.1564	0.0168	
0.1562	0.0169	
0.1563	0.0168	
0.1562	0.0168	
0.1562	0.0168	
0.1562	0.0168	
0.1562	0.0168	
0.1562	0.0168	
0.1561	0.0168	
0.1561	0.0168	
0.1562	0.0168	
0.1562	0.0168	
0.1561	0.0168	
0.1561	0.0167	
0.1560	0.0167	
0.1560	0.0168	
0.1560	0.0168	
0.1560	0.0168	
0.1560	0.0167	
0.1560	0.0167	
0.1559	0.0167	
0.1559	0.0167	
0.1560	0.0167	
0.1559	0.0167	
0.1559	0.0167	
0.1560	0.0167	
0.1560	0.0167	
0.1559	0.0167	
0.1558	0.0166	
0.1559	0.0167	
0.1557	0.0166	
0.1562	0.0167	
0.1559	0.0166	
0.1559	0.0166	
0.1558	0.0166	
0.1558	0.0166	
0.1557	0.0166	
0.1557	0.0166	
0.1557	0.0166	
0.1557	0.0166	
0.1557	0.0166	
0.1556	0.0166	
0.1556	0.0165	
0.1557	0.0165	
0.1557	0.0165	
0.1557	0.0165	
0.1556	0.0166	
0.1556	0.0166	
0.1557	0.0166	
0.1556	0.0166	
0.1555	0.0165	
0.1555	0.0165	
0.1555	0.0165	
0.1555	0.0167	
0.1555	0.0166	
0.1555	0.0166	
0.1555	0.0165	
0.1555	0.0165	
0.1554	0.0165	
0.1556	0.0165	
0.1556	0.0165	
0.1558	0.0165	
0.1555	0.0164	
0.1556	0.0165	
0.1556	0.0165	
0.1553	0.0164	
0.1553	0.0165	
0.1553	0.0164	
0.1555	0.0164	
0.1553	0.0164	
0.1553	0.0165	
0.1553	0.0164	
0.1553	0.0165	
0.1553	0.0164	
0.1553	0.0164	
0.1553	0.0164	
0.1552	0.0164	
0.1552	0.0164	
0.1553	0.0163	
0.1553	0.0164	
0.1553	0.0164	
0.1552	0.0164	
0.1552	0.0163	
0.1552	0.0163	
0.1553	0.0164	
0.1556	0.0164	
0.1552	0.0164	
0.1551	0.0163	
0.1552	0.0163	
0.1553	0.0164	
0.1554	0.0164	
0.1551	0.0164	
0.1552	0.0164	
0.1552	0.0164	
0.1551	0.0163	
0.1552	0.0163	
0.1551	0.0163	
0.1551	0.0163	
0.1551	0.0163	
0.1551	0.0163	
0.1550	0.0163	
0.1550	0.0163	
0.1551	0.0163	
0.1551	0.0163	
0.1551	0.0163	
0.1552	0.0162	
0.1551	0.0162	
0.1554	0.0163	
0.1551	0.0162	
0.1554	0.0162	
0.1551	0.0162	
0.1550	0.0162	
0.1550	0.0162	
0.1553	0.0162	
0.1553	0.0163	
0.1557	0.0162	
0.1550	0.0163	
0.1550	0.0162	
0.1550	0.0163	
0.1550	0.0162	
0.1551	0.0162	
0.1550	0.0162	
0.1551	0.0162	
0.1552	0.0162	
0.1551	0.0162	
0.1554	0.0162	
0.1552	0.0162	
0.1549	0.0162	
0.1550	0.0162	
0.1549	0.0162	
0.1549	0.0162	
0.1550	0.0162	
0.1550	0.0162	
0.1550	0.0162	
0.1549	0.0162	
0.1550	0.0161	
0.1548	0.0162	
0.1549	0.0162	
0.1549	0.0162	
0.1550	0.0162	
0.1549	0.0163	
0.1549	0.0163	
0.1549	0.0162	
0.1549	0.0162	
0.1548	0.0161	
0.1549	0.0161	
0.1548	0.0161	
0.1550	0.0162	
0.1549	0.0162	
0.1548	0.0162	
0.1550	0.0161	
0.1549	0.0161	
0.1549	0.0161	
0.1548	0.0161	
0.1549	0.0161	
0.1548	0.0161	
0.1548	0.0161	
0.1548	0.0161	
0.1549	0.0161	
0.1548	0.0161	
0.1548	0.0161	
0.1548	0.0161	
0.1548	0.0161	
0.1548	0.0161	
0.1549	0.0161	
0.1549	0.0161	
0.1548	0.0161	
0.1548	0.0161	
0.1549	0.0161	
0.1548	0.0161	
0.1547	0.0160	
0.1548	0.0161	
0.1547	0.0160	
0.1547	0.0160	
0.1548	0.0160	
0.1547	0.0160	
0.1548	0.0160	
0.1548	0.0160	
0.1549	0.0161	
0.1548	0.0161	
0.1547	0.0161	
0.1547	0.0160	
0.1548	0.0160	
0.1548	0.0160	
0.1547	0.0160	
0.1547	0.0160	
0.1548	0.0160	
0.1547	0.0160	
0.1547	0.0160	
0.1547	0.0160	
0.1547	0.0160	
0.1547	0.0160	
0.1547	0.0160	
0.1547	0.0160	
0.1546	0.0160	
0.1547	0.0160	
0.1548	0.0160	
0.1547	0.0160	
0.1546	0.0160	
0.1547	0.0160	
0.1546	0.0160	
0.1547	0.0160	
0.1547	0.0160	
0.1547	0.0160	
0.1546	0.0160	
0.1547	0.0160	
0.1546	0.0160	
0.1547	0.0160	
0.1547	0.0160	
0.1549	0.0160	
0.1545	0.0159	
0.1548	0.0160	
0.1546	0.0160	
0.1546	0.0160	
0.1547	0.0160	
0.1548	0.0160	
0.1546	0.0160	
0.1546	0.0160	
0.1547	0.0160	
0.1547	0.0160	
0.1546	0.0159	
0.1546	0.0159	
0.1546	0.0159	
0.1546	0.0159	
0.1546	0.0159	
0.1546	0.0159	
0.1548	0.0159	
0.1546	0.0159	
0.1546	0.0159	
0.1546	0.0159	
0.1546	0.0159	
0.1546	0.0159	
0.1545	0.0159	
0.1546	0.0159	
0.1545	0.0159	
0.1546	0.0159	
0.1546	0.0159	
0.1545	0.0159	
0.1546	0.0159	
0.1549	0.0159	
0.1547	0.0159	
0.1546	0.0160	
0.1547	0.0159	
0.1547	0.0159	
0.1548	0.0159	
0.1546	0.0159	
0.1545	0.0159	
0.1546	0.0159	
0.1546	0.0160	
0.1546	0.0159	
0.1545	0.0159	
0.1546	0.0159	
0.1545	0.0160	
0.1545	0.0159	
0.1546	0.0159	
0.1545	0.0159	
0.1547	0.0159	
0.1549	0.0159	
0.1546	0.0159	
0.1546	0.0159	
0.1546	0.0159	
0.1545	0.0159	
0.1546	0.0159	
0.1546	0.0159	
0.1545	0.0159	
0.1545	0.0159	
0.1546	0.0159	
0.1546	0.0159	
0.1548	0.0159	
0.1549	0.0159	
0.1544	0.0159	
0.1547	0.0159	
0.1545	0.0159	
0.1546	0.0159	
0.1545	0.0159	
0.1548	0.0159	
0.1544	0.0159	
0.1547	0.0159	
0.1545	0.0159	
0.1545	0.0159	
0.1546	0.0158	
0.1545	0.0159	
0.1545	0.0158	
0.1546	0.0159	
0.1545	0.0159	
0.1545	0.0158	
0.1545	0.0159	
0.1545	0.0159	
0.1545	0.0159	
0.1545	0.0159	
0.1545	0.0159	
0.1545	0.0159	
0.1545	0.0159	
0.1545	0.0158	
0.1545	0.0158	
0.1546	0.0158	
0.1545	0.0158	
0.1546	0.0159	
0.1548	0.0158	
0.1544	0.0159	
0.1546	0.0158	
0.1545	0.0158	
0.1546	0.0159	
0.1546	0.0160	
0.1545	0.0159	
0.1545	0.0158	
0.1546	0.0158	
0.1544	0.0158	
0.1545	0.0158	
0.1545	0.0158	
0.1547	0.0158	
0.1547	0.0158	
0.1545	0.0158	
0.1546	0.0158	
0.1544	0.0158	
0.1544	0.0158	
0.1545	0.0158	
0.1544	0.0158	
0.1545	0.0158	
0.1545	0.0158	
0.1546	0.0159	
0.1544	0.0158	
0.1545	0.0158	
0.1545	0.0158	
0.1545	0.0158	
0.1545	0.0158	
0.1545	0.0158	
0.1544	0.0158	
0.1544	0.0158	
0.1546	0.0158	
0.1545	0.0159	
0.1545	0.0158	
0.1545	0.0158	
0.1546	0.0158	
0.1547	0.0158	
0.1546	0.0159	
0.1544	0.0158	
0.1545	0.0158	
0.1544	0.0158	
0.1544	0.0158	
0.1544	0.0158	
0.1545	0.0158	
0.1545	0.0158	
0.1544	0.0158	
0.1545	0.0158	
0.1546	0.0158	
0.1544	0.0158	
0.1545	0.0158	
0.1544	0.0158	
0.1545	0.0158	
0.1544	0.0158	
0.1545	0.0158	
0.1545	0.0158	
0.1544	0.0158	
0.1544	0.0158	
0.1545	0.0158	
0.1544	0.0158	
0.1544	0.0158	
0.1544	0.0158	
0.1544	0.0158	
0.1544	0.0158	
0.1544	0.0157	
0.1544	0.0157	
0.1544	0.0157	
0.1544	0.0157	
0.1544	0.0158	
0.1544	0.0158	
0.1544	0.0158	
0.1545	0.0158	
0.1544	0.0157	
0.1545	0.0157	
0.1544	0.0157	
0.1545	0.0157	
0.1544	0.0157	
0.1544	0.0157	
0.1544	0.0157	
0.1544	0.0157	
0.1544	0.0157	
0.1545	0.0157	
0.1543	0.0158	
0.1544	0.0157	
0.1545	0.0157	
0.1544	0.0158	
0.1544	0.0157	
0.1544	0.0157	
0.1544	0.0157	
0.1543	0.0157	
0.1543	0.0157	
0.1544	0.0157	
0.1545	0.0157	
0.1543	0.0157	
0.1544	0.0157	
0.1544	0.0157	
0.1546	0.0158	
0.1543	0.0158	
0.1544	0.0157	
0.1545	0.0158	
0.1545	0.0158	
0.1544	0.0157	
0.1544	0.0157	
0.1544	0.0157	
0.1544	0.0157	
0.1544	0.0157	
0.1543	0.0157	
0.1546	0.0157	
0.1546	0.0157	
0.1544	0.0157	
0.1544	0.0157	
0.1544	0.0158	
0.1543	0.0158	
0.1544	0.0158	
0.1544	0.0158	
0.1543	0.0157	
0.1544	0.0157	
0.1544	0.0157	
0.1545	0.0157	
0.1544	0.0157	
0.1544	0.0157	
0.1544	0.0157	
0.1543	0.0157	
0.1544	0.0157	
0.1544	0.0157	
0.1545	0.0157	
0.1543	0.0157	
0.1544	0.0157	
0.1545	0.0157	
0.1543	0.0158	
0.1544	0.0157	
0.1543	0.0157	
0.1543	0.0157	
0.1543	0.0157	
0.1543	0.0157	
0.1543	0.0157	
0.1544	0.0157	
0.1544	0.0157	
0.1543	0.0157	
0.1543	0.0157	
0.1544	0.0157	
0.1543	0.0158	
0.1543	0.0157	
0.1543	0.0157	
0.1544	0.0157	
0.1547	0.0157	
0.1544	0.0158	
0.1544	0.0158	
0.1544	0.0157	
0.1543	0.0157	
0.1543	0.0157	
0.1543	0.0157	
0.1545	0.0157	
0.1543	0.0157	
0.1543	0.0157	
0.1543	0.0157	
0.1543	0.0157	
0.1543	0.0157	
0.1543	0.0157	
0.1543	0.0157	
0.1544	0.0157	
0.1543	0.0157	
0.1543	0.0157	
0.1543	0.0157	
0.1543	0.0157	
0.1543	0.0157	
0.1543	0.0157	
0.1543	0.0157	
0.1543	0.0157	
0.1543	0.0157	
0.1543	0.0157	
0.1543	0.0157	
0.1543	0.0157	
0.1543	0.0157	
0.1543	0.0157	
0.1544	0.0157	
0.1544	0.0157	
0.1544	0.0157	
0.1544	0.0157	
0.1543	0.0157	
0.1543	0.0157	
0.1543	0.0157	
0.1543	0.0157	
0.1543	0.0157	
0.1543	0.0156	
0.1543	0.0157	
0.1543	0.0156	
0.1542	0.0157	
0.1543	0.0157	
0.1543	0.0157	
0.1543	0.0157	
0.1543	0.0156	
0.1543	0.0157	
0.1543	0.0157	
0.1543	0.0157	
0.1542	0.0157	
0.1544	0.0157	
0.1543	0.0157	
0.1543	0.0157	
0.1542	0.0156	
0.1543	0.0156	
0.1542	0.0156	
0.1543	0.0156	
0.1543	0.0156	
0.1543	0.0156	
0.1543	0.0156	
0.1544	0.0156	
0.1543	0.0156	
0.1544	0.0157	
0.1543	0.0157	
0.1542	0.0157	
0.1542	0.0156	
0.1543	0.0156	
0.1543	0.0156	
0.1543	0.0156	
0.1543	0.0156	
0.1543	0.0156	
0.1542	0.0157	
0.1542	0.0156	
0.1542	0.0157	
0.1542	0.0156	
0.1542	0.0157	
0.1542	0.0156	
0.1543	0.0157	
0.1543	0.0157	
0.1542	0.0157	
0.1542	0.0156	
0.1542	0.0157	
0.1542	0.0156	
0.1545	0.0156	
0.1544	0.0156	
0.1542	0.0156	
0.1544	0.0157	
0.1545	0.0157	
0.1542	0.0157	
0.1544	0.0156	
0.1543	0.0157	
0.1542	0.0156	
0.1542	0.0157	
0.1542	0.0156	
0.1543	0.0156	
0.1542	0.0157	
0.1542	0.0156	
0.1543	0.0156	
0.1542	0.0156	
0.1542	0.0156	
0.1542	0.0156	
0.1542	0.0156	
0.1542	0.0156	
0.1543	0.0156	
0.1542	0.0156	
0.1543	0.0156	
0.1543	0.0157	
0.1542	0.0157	
0.1542	0.0157	
0.1543	0.0157	
0.1543	0.0156	
0.1545	0.0156	
0.1542	0.0156	
0.1542	0.0156	
0.1543	0.0156	
0.1542	0.0156	
0.1544	0.0156	
0.1542	0.0156	
0.1542	0.0156	
0.1542	0.0156	
0.1542	0.0156	
0.1542	0.0156	
0.1542	0.0156	
0.1542	0.0156	
0.1542	0.0156	
0.1542	0.0156	
0.1543	0.0156	
0.1542	0.0156	
0.1544	0.0156	
0.1544	0.0156	
0.1542	0.0156	
0.1543	0.0156	
0.1541	0.0156	
0.1542	0.0156	
0.1542	0.0156	
0.1542	0.0156	
0.1542	0.0156	
0.1542	0.0156	
0.1542	0.0156	
0.1542	0.0156	
0.1543	0.0156	
0.1542	0.0156	
0.1542	0.0156	
0.1544	0.0156	
0.1542	0.0156	
0.1542	0.0156	
0.1542	0.0156	
0.1542	0.0156	
0.1542	0.0156	
0.1542	0.0156	
0.1542	0.0156	
0.1541	0.0156	
0.1541	0.0156	
0.1542	0.0156	
0.1543	0.0156	
0.1542	0.0156	
0.1542	0.0156	
0.1542	0.0156	
0.1542	0.0156	
0.1543	0.0156	
0.1542	0.0156	
0.1542	0.0156	
0.1542	0.0156	
0.1542	0.0156	
0.1544	0.0156	
0.1541	0.0156	
0.1543	0.0156	
0.1542	0.0156	
0.1543	0.0156	
0.1542	0.0156	
0.1542	0.0156	
0.1542	0.0156	
0.1542	0.0156	
0.1542	0.0156	
0.1542	0.0156	
0.1541	0.0156	
0.1542	0.0156	
0.1543	0.0156	
0.1542	0.0156	
0.1541	0.0156	
0.1542	0.0156	
0.1542	0.0156	
0.1542	0.0156	
0.1541	0.0156	
0.1542	0.0156	
0.1541	0.0156	
0.1542	0.0156	
0.1542	0.0156	
0.1542	0.0156	
0.1542	0.0156	
0.1541	0.0156	
0.1542	0.0156	
0.1541	0.0156	
0.1541	0.0156	
0.1542	0.0156	
0.1541	0.0156	
0.1541	0.0156	
0.1541	0.0156	
0.1542	0.0156	
0.1541	0.0156	
0.1542	0.0156	
0.1541	0.0156	
0.1542	0.0156	
0.1542	0.0156	
0.1541	0.0156	
0.1542	0.0156	
0.1541	0.0156	
0.1541	0.0156	
0.1541	0.0156	
0.1541	0.0156	
0.1541	0.0156	
0.1542	0.0156	
0.1541	0.0156	
0.1542	0.0156	
0.1542	0.0156	
0.1542	0.0156	
0.1541	0.0156	
0.1541	0.0156	
0.1543	0.0156	
0.1544	0.0156	
0.1544	0.0156	
0.1542	0.0156	
0.1541	0.0156	
0.1541	0.0156	
0.1542	0.0156	
0.1541	0.0156	
0.1542	0.0156	
0.1542	0.0156	
0.1542	0.0156	
0.1541	0.0156	
0.1541	0.0156	
0.1542	0.0156	
0.1542	0.0156	
0.1541	0.0156	
0.1541	0.0156	
0.1541	0.0156	
0.1541	0.0156	
0.1541	0.0156	
0.1541	0.0156	
0.1541	0.0156	
0.1541	0.0156	
0.1541	0.0156	
0.1541	0.0156	
0.1541	0.0156	
0.1541	0.0156	
0.1541	0.0156	
0.1541	0.0156	
0.1541	0.0156	
0.1541	0.0156	
0.1541	0.0156	
0.1541	0.0156	
0.1541	0.0156	
0.1542	0.0156	
0.1541	0.0156	
0.1541	0.0156	
0.1542	0.0156	
0.1542	0.0156	
0.1541	0.0156	
0.1543	0.0156	
0.1542	0.0155	
0.1541	0.0156	
0.1542	0.0156	
0.1544	0.0155	
0.1543	0.0156	
0.1543	0.0155	
