Loss_Adversary	Loss_Target	
-0.0155	0.0148	0.0496	
-0.0301	0.0217	0.0885	
-0.0519	0.0309	0.1453	
-0.0838	0.0375	0.2207	
-0.1187	0.0401	0.2977	
-0.1493	0.0380	0.3607	
-0.1721	0.0317	0.4020	
-0.1874	0.0252	0.4270	
-0.1990	0.0163	0.4417	
-0.2048	0.0126	0.4501	
-0.2104	0.0092	0.4580	
-0.2151	0.0055	0.4638	
-0.2179	0.0037	0.4679	
-0.2205	0.0022	0.4717	
-0.2218	0.0024	0.4746	
-0.2232	0.0014	0.4765	
-0.2239	0.0025	0.4791	
-0.2247	0.0029	0.4814	
-0.2252	0.0033	0.4828	
-0.2263	0.0018	0.4836	
-0.2274	0.0017	0.4858	
-0.2273	0.0017	0.4856	
-0.2281	0.0017	0.4871	
-0.2268	0.0042	0.4873	
-0.2286	0.0014	0.4880	
-0.2292	0.0008	0.4886	
-0.2293	0.0012	0.4892	
-0.2290	0.0014	0.4889	
-0.2283	0.0033	0.4894	
-0.2295	0.0013	0.4899	
-0.2297	0.0013	0.4902	
-0.2292	0.0020	0.4899	
-0.2298	0.0020	0.4911	
-0.2300	0.0015	0.4910	
-0.2288	0.0029	0.4901	
-0.2305	0.0006	0.4911	
-0.2300	0.0021	0.4917	
-0.2306	0.0013	0.4920	
-0.2296	0.0040	0.4929	
-0.2295	0.0026	0.4912	
-0.2306	0.0012	0.4919	
-0.2297	0.0026	0.4916	
-0.2309	0.0009	0.4923	
-0.2296	0.0032	0.4922	
-0.2304	0.0014	0.4917	
-0.2291	0.0037	0.4917	
-0.2299	0.0030	0.4926	
-0.2306	0.0019	0.4928	
-0.2300	0.0032	0.4930	
-0.2308	0.0012	0.4925	
-0.2301	0.0033	0.4932	
-0.2312	0.0010	0.4931	
-0.2294	0.0035	0.4920	
-0.2310	0.0012	0.4928	
-0.2312	0.0016	0.4938	
-0.2318	0.0007	0.4939	
-0.2307	0.0031	0.4943	
-0.2305	0.0027	0.4935	
-0.2313	0.0015	0.4938	
-0.2301	0.0038	0.4939	
-0.2306	0.0031	0.4941	
-0.2308	0.0025	0.4939	
-0.2307	0.0022	0.4934	
-0.2312	0.0014	0.4936	
-0.2315	0.0017	0.4944	
-0.2315	0.0013	0.4941	
-0.2316	0.0010	0.4940	
-0.2308	0.0030	0.4944	
-0.2300	0.0038	0.4936	
-0.2312	0.0020	0.4942	
-0.2316	0.0019	0.4950	
-0.2318	0.0016	0.4950	
-0.2315	0.0016	0.4944	
-0.2310	0.0024	0.4943	
-0.2314	0.0016	0.4942	
-0.2313	0.0024	0.4948	
-0.2311	0.0020	0.4939	
-0.2314	0.0014	0.4939	
-0.2318	0.0018	0.4953	
-0.2312	0.0025	0.4947	
-0.2317	0.0015	0.4946	
-0.2318	0.0016	0.4951	
-0.2316	0.0024	0.4954	
-0.2314	0.0020	0.4945	
-0.2314	0.0019	0.4945	
-0.2324	0.0007	0.4951	
-0.2313	0.0024	0.4948	
-0.2316	0.0020	0.4950	
-0.2321	0.0013	0.4953	
-0.2298	0.0053	0.4948	
-0.2314	0.0022	0.4950	
-0.2321	0.0010	0.4950	
-0.2309	0.0031	0.4948	
-0.2318	0.0011	0.4943	
-0.2319	0.0011	0.4947	
-0.2319	0.0010	0.4945	
-0.2318	0.0015	0.4948	
-0.2317	0.0026	0.4958	
-0.2313	0.0024	0.4949	
-0.2313	0.0023	0.4946	
-0.2313	0.0030	0.4955	
-0.2311	0.0027	0.4948	
-0.2315	0.0018	0.4946	
-0.2304	0.0042	0.4949	
-0.2317	0.0018	0.4951	
-0.2316	0.0020	0.4951	
-0.2316	0.0016	0.4946	
-0.2312	0.0029	0.4953	
-0.2322	0.0009	0.4952	
-0.2322	0.0018	0.4961	
-0.2321	0.0014	0.4955	
-0.2314	0.0023	0.4950	
-0.2317	0.0024	0.4958	
-0.2319	0.0014	0.4949	
-0.2316	0.0023	0.4954	
-0.2309	0.0030	0.4948	
-0.2316	0.0025	0.4955	
-0.2322	0.0012	0.4954	
-0.2309	0.0038	0.4955	
-0.2322	0.0015	0.4958	
-0.2315	0.0020	0.4949	
-0.2315	0.0023	0.4951	
-0.2310	0.0036	0.4955	
-0.2305	0.0040	0.4950	
-0.2318	0.0018	0.4954	
-0.2318	0.0018	0.4952	
-0.2319	0.0012	0.4948	
-0.2317	0.0026	0.4959	
-0.2319	0.0019	0.4956	
-0.2316	0.0025	0.4955	
-0.2305	0.0048	0.4957	
-0.2321	0.0015	0.4956	
-0.2309	0.0035	0.4953	
-0.2319	0.0015	0.4951	
-0.2325	0.0010	0.4957	
-0.2318	0.0022	0.4957	
-0.2320	0.0016	0.4953	
-0.2319	0.0014	0.4950	
-0.2308	0.0035	0.4951	
-0.2310	0.0044	0.4965	
-0.2323	0.0012	0.4955	
-0.2316	0.0028	0.4959	
-0.2313	0.0025	0.4949	
-0.2318	0.0028	0.4965	
-0.2324	0.0010	0.4956	
-0.2318	0.0025	0.4960	
-0.2312	0.0036	0.4959	
-0.2321	0.0016	0.4956	
-0.2317	0.0025	0.4958	
-0.2323	0.0016	0.4960	
-0.2315	0.0026	0.4955	
-0.2311	0.0035	0.4957	
-0.2308	0.0048	0.4966	
-0.2315	0.0030	0.4960	
-0.2327	0.0012	0.4964	
-0.2321	0.0021	0.4962	
-0.2319	0.0018	0.4955	
-0.2309	0.0046	0.4965	
-0.2316	0.0026	0.4958	
-0.2318	0.0025	0.4961	
-0.2320	0.0026	0.4966	
-0.2310	0.0034	0.4953	
-0.2316	0.0031	0.4961	
-0.2325	0.0014	0.4961	
-0.2307	0.0046	0.4961	
-0.2322	0.0020	0.4962	
-0.2321	0.0020	0.4960	
-0.2320	0.0020	0.4960	
-0.2321	0.0023	0.4964	
-0.2314	0.0029	0.4955	
-0.2320	0.0017	0.4954	
-0.2324	0.0015	0.4962	
-0.2312	0.0029	0.4951	
-0.2311	0.0037	0.4959	
-0.2314	0.0035	0.4962	
-0.2320	0.0019	0.4957	
-0.2326	0.0013	0.4964	
-0.2320	0.0020	0.4958	
-0.2328	0.0017	0.4973	
-0.2317	0.0023	0.4957	
-0.2324	0.0019	0.4967	
-0.2326	0.0015	0.4967	
-0.2318	0.0023	0.4959	
-0.2326	0.0011	0.4961	
-0.2316	0.0034	0.4966	
-0.2318	0.0024	0.4959	
-0.2321	0.0020	0.4962	
-0.2314	0.0027	0.4955	
-0.2322	0.0021	0.4964	
-0.2322	0.0020	0.4962	
-0.2319	0.0023	0.4960	
-0.2321	0.0023	0.4963	
-0.2324	0.0018	0.4966	
-0.2319	0.0024	0.4961	
-0.2325	0.0014	0.4962	
-0.2324	0.0020	0.4967	
-0.2316	0.0033	0.4965	
-0.2325	0.0014	0.4963	
-0.2313	0.0037	0.4963	
-0.2314	0.0034	0.4962	
-0.2329	0.0014	0.4970	
-0.2320	0.0025	0.4964	
-0.2324	0.0015	0.4961	
-0.2312	0.0038	0.4961	
-0.2317	0.0031	0.4965	
-0.2322	0.0027	0.4970	
-0.2323	0.0019	0.4964	
-0.2323	0.0015	0.4960	
-0.2319	0.0023	0.4959	
-0.2316	0.0031	0.4963	
-0.2317	0.0032	0.4966	
-0.2321	0.0029	0.4971	
-0.2321	0.0023	0.4964	
-0.2323	0.0017	0.4962	
-0.2322	0.0014	0.4957	
-0.2314	0.0031	0.4959	
-0.2316	0.0031	0.4964	
-0.2311	0.0042	0.4965	
-0.2320	0.0031	0.4971	
-0.2331	0.0014	0.4975	
-0.2312	0.0036	0.4960	
-0.2328	0.0010	0.4965	
-0.2325	0.0011	0.4959	
-0.2308	0.0044	0.4960	
-0.2322	0.0019	0.4963	
-0.2314	0.0037	0.4966	
-0.2328	0.0010	0.4965	
-0.2313	0.0034	0.4960	
-0.2328	0.0015	0.4970	
-0.2321	0.0019	0.4959	
-0.2318	0.0026	0.4962	
-0.2313	0.0040	0.4968	
-0.2309	0.0042	0.4960	
-0.2312	0.0043	0.4966	
-0.2300	0.0063	0.4964	
-0.2319	0.0027	0.4966	
-0.2318	0.0023	0.4958	
-0.2318	0.0031	0.4968	
-0.2315	0.0033	0.4962	
-0.2328	0.0020	0.4976	
-0.2321	0.0022	0.4964	
-0.2319	0.0024	0.4961	
-0.2317	0.0025	0.4959	
-0.2321	0.0024	0.4965	
-0.2325	0.0012	0.4961	
-0.2323	0.0017	0.4961	
-0.2313	0.0041	0.4969	
-0.2324	0.0020	0.4967	
-0.2319	0.0028	0.4966	
-0.2320	0.0023	0.4962	
-0.2327	0.0018	0.4971	
-0.2325	0.0022	0.4970	
-0.2326	0.0017	0.4968	
-0.2322	0.0019	0.4963	
-0.2315	0.0035	0.4964	
-0.2325	0.0017	0.4967	
-0.2310	0.0045	0.4966	
-0.2323	0.0025	0.4970	
-0.2319	0.0026	0.4963	
-0.2315	0.0032	0.4962	
-0.2320	0.0022	0.4961	
-0.2329	0.0012	0.4970	
-0.2325	0.0019	0.4968	
-0.2328	0.0020	0.4975	
-0.2328	0.0016	0.4971	
-0.2329	0.0018	0.4975	
-0.2323	0.0029	0.4975	
-0.2319	0.0037	0.4975	
-0.2319	0.0025	0.4963	
-0.2323	0.0022	0.4967	
-0.2320	0.0031	0.4970	
-0.2325	0.0020	0.4969	
-0.2325	0.0016	0.4964	
-0.2323	0.0023	0.4968	
-0.2319	0.0030	0.4968	
-0.2321	0.0023	0.4965	
-0.2324	0.0016	0.4964	
-0.2311	0.0040	0.4962	
-0.2319	0.0031	0.4969	
-0.2320	0.0021	0.4960	
-0.2327	0.0021	0.4976	
-0.2315	0.0030	0.4960	
-0.2323	0.0020	0.4966	
-0.2308	0.0050	0.4967	
-0.2318	0.0032	0.4969	
-0.2325	0.0026	0.4976	
-0.2327	0.0014	0.4966	
-0.2327	0.0016	0.4968	
-0.2317	0.0036	0.4970	
-0.2327	0.0017	0.4971	
-0.2321	0.0018	0.4959	
-0.2313	0.0038	0.4964	
-0.2321	0.0024	0.4966	
-0.2320	0.0029	0.4969	
-0.2307	0.0049	0.4965	
-0.2324	0.0022	0.4969	
-0.2326	0.0021	0.4973	
-0.2318	0.0035	0.4971	
-0.2318	0.0030	0.4967	
-0.2320	0.0035	0.4976	
-0.2319	0.0031	0.4969	
-0.2317	0.0032	0.4966	
-0.2317	0.0029	0.4964	
-0.2321	0.0023	0.4965	
-0.2320	0.0028	0.4967	
-0.2319	0.0031	0.4968	
-0.2323	0.0024	0.4970	
-0.2313	0.0045	0.4973	
-0.2317	0.0032	0.4965	
-0.2330	0.0018	0.4977	
-0.2326	0.0014	0.4964	
-0.2313	0.0033	0.4957	
-0.2325	0.0014	0.4963	
-0.2322	0.0033	0.4977	
-0.2323	0.0023	0.4968	
-0.2317	0.0041	0.4976	
-0.2320	0.0029	0.4969	
-0.2328	0.0020	0.4975	
-0.2327	0.0014	0.4968	
-0.2324	0.0024	0.4972	
-0.2320	0.0037	0.4977	
-0.2330	0.0012	0.4972	
-0.2326	0.0015	0.4967	
-0.2324	0.0030	0.4978	
-0.2322	0.0032	0.4977	
-0.2325	0.0017	0.4966	
-0.2323	0.0026	0.4972	
-0.2327	0.0024	0.4977	
-0.2327	0.0014	0.4967	
-0.2318	0.0032	0.4968	
-0.2326	0.0017	0.4969	
-0.2327	0.0017	0.4970	
-0.2325	0.0020	0.4968	
-0.2314	0.0038	0.4967	
-0.2309	0.0055	0.4974	
-0.2318	0.0033	0.4970	
-0.2321	0.0031	0.4975	
-0.2324	0.0028	0.4976	
-0.2318	0.0030	0.4966	
-0.2321	0.0034	0.4976	
-0.2319	0.0036	0.4974	
-0.2324	0.0022	0.4969	
-0.2321	0.0034	0.4977	
-0.2324	0.0021	0.4967	
-0.2320	0.0036	0.4977	
-0.2324	0.0024	0.4972	
-0.2330	0.0013	0.4973	
-0.2326	0.0021	0.4972	
-0.2329	0.0011	0.4969	
-0.2315	0.0040	0.4969	
-0.2322	0.0030	0.4973	
-0.2320	0.0035	0.4975	
-0.2323	0.0029	0.4975	
-0.2327	0.0021	0.4975	
-0.2324	0.0027	0.4976	
-0.2326	0.0015	0.4966	
-0.2325	0.0024	0.4974	
-0.2325	0.0018	0.4967	
-0.2314	0.0049	0.4980	
-0.2325	0.0022	0.4971	
-0.2321	0.0030	0.4972	
-0.2315	0.0035	0.4966	
-0.2326	0.0019	0.4970	
-0.2326	0.0020	0.4972	
-0.2329	0.0012	0.4968	
-0.2313	0.0049	0.4976	
-0.2325	0.0025	0.4974	
-0.2330	0.0017	0.4976	
-0.2325	0.0016	0.4965	
-0.2315	0.0032	0.4963	
-0.2322	0.0026	0.4968	
-0.2320	0.0028	0.4967	
-0.2323	0.0029	0.4976	
-0.2325	0.0020	0.4968	
-0.2320	0.0032	0.4972	
-0.2305	0.0051	0.4962	
-0.2325	0.0019	0.4968	
-0.2329	0.0015	0.4973	
-0.2318	0.0030	0.4966	
-0.2321	0.0032	0.4975	
-0.2325	0.0023	0.4973	
-0.2332	0.0013	0.4976	
-0.2317	0.0038	0.4974	
-0.2323	0.0024	0.4970	
-0.2324	0.0026	0.4975	
-0.2317	0.0041	0.4976	
-0.2321	0.0030	0.4972	
-0.2328	0.0023	0.4979	
-0.2315	0.0031	0.4959	
-0.2324	0.0023	0.4971	
-0.2322	0.0023	0.4967	
-0.2318	0.0030	0.4965	
-0.2321	0.0023	0.4966	
-0.2315	0.0030	0.4958	
-0.2328	0.0012	0.4966	
-0.2317	0.0029	0.4963	
-0.2326	0.0017	0.4967	
-0.2320	0.0028	0.4968	
-0.2315	0.0037	0.4968	
-0.2323	0.0015	0.4960	
-0.2320	0.0027	0.4966	
-0.2313	0.0037	0.4963	
-0.2316	0.0040	0.4973	
-0.2317	0.0031	0.4966	
-0.2323	0.0029	0.4975	
-0.2329	0.0019	0.4975	
-0.2325	0.0015	0.4965	
-0.2325	0.0015	0.4963	
-0.2310	0.0047	0.4967	
-0.2312	0.0036	0.4961	
-0.2302	0.0055	0.4961	
-0.2323	0.0027	0.4972	
-0.2331	0.0009	0.4969	
-0.2315	0.0040	0.4971	
-0.2323	0.0024	0.4971	
-0.2315	0.0033	0.4962	
-0.2325	0.0025	0.4974	
-0.2326	0.0028	0.4980	
-0.2321	0.0035	0.4977	
-0.2321	0.0031	0.4974	
-0.2325	0.0025	0.4975	
-0.2319	0.0028	0.4965	
-0.2329	0.0021	0.4979	
-0.2324	0.0021	0.4970	
-0.2318	0.0030	0.4965	
-0.2327	0.0019	0.4972	
-0.2328	0.0016	0.4971	
-0.2326	0.0017	0.4969	
-0.2323	0.0023	0.4969	
-0.2327	0.0017	0.4970	
-0.2326	0.0021	0.4973	
-0.2320	0.0029	0.4969	
-0.2324	0.0030	0.4979	
-0.2330	0.0012	0.4970	
-0.2325	0.0025	0.4975	
-0.2320	0.0031	0.4971	
-0.2330	0.0019	0.4978	
-0.2319	0.0036	0.4974	
-0.2325	0.0028	0.4977	
-0.2319	0.0032	0.4970	
-0.2321	0.0024	0.4967	
-0.2319	0.0026	0.4962	
-0.2321	0.0030	0.4973	
-0.2315	0.0039	0.4970	
-0.2325	0.0017	0.4967	
-0.2322	0.0023	0.4965	
-0.2327	0.0018	0.4972	
-0.2319	0.0037	0.4977	
-0.2323	0.0029	0.4976	
-0.2325	0.0027	0.4977	
-0.2318	0.0036	0.4973	
-0.2318	0.0038	0.4976	
-0.2319	0.0043	0.4983	
-0.2314	0.0041	0.4971	
-0.2328	0.0016	0.4972	
-0.2312	0.0044	0.4969	
-0.2312	0.0039	0.4964	
-0.2313	0.0048	0.4976	
-0.2312	0.0050	0.4976	
-0.2323	0.0023	0.4969	
-0.2321	0.0028	0.4969	
-0.2331	0.0011	0.4973	
-0.2318	0.0038	0.4975	
-0.2318	0.0032	0.4969	
-0.2326	0.0026	0.4977	
-0.2331	0.0012	0.4973	
-0.2330	0.0014	0.4972	
-0.2329	0.0018	0.4975	
-0.2307	0.0057	0.4973	
-0.2327	0.0019	0.4972	
-0.2326	0.0021	0.4972	
-0.2320	0.0032	0.4973	
-0.2320	0.0033	0.4973	
-0.2323	0.0022	0.4966	
-0.2316	0.0048	0.4981	
-0.2325	0.0026	0.4976	
-0.2306	0.0049	0.4962	
-0.2319	0.0043	0.4983	
-0.2319	0.0036	0.4976	
-0.2324	0.0025	0.4974	
-0.2319	0.0027	0.4965	
-0.2321	0.0035	0.4977	
-0.2326	0.0015	0.4965	
-0.2326	0.0026	0.4977	
-0.2330	0.0014	0.4973	
-0.2319	0.0033	0.4971	
-0.2327	0.0026	0.4981	
-0.2316	0.0035	0.4968	
-0.2330	0.0017	0.4977	
-0.2318	0.0037	0.4975	
-0.2323	0.0022	0.4968	
-0.2328	0.0018	0.4975	
-0.2320	0.0028	0.4967	
-0.2327	0.0014	0.4967	
-0.2326	0.0023	0.4975	
-0.2331	0.0009	0.4970	
-0.2321	0.0029	0.4971	
-0.2328	0.0018	0.4973	
-0.2327	0.0021	0.4974	
-0.2318	0.0048	0.4987	
-0.2327	0.0021	0.4974	
-0.2322	0.0029	0.4972	
-0.2318	0.0033	0.4968	
-0.2320	0.0032	0.4973	
-0.2322	0.0030	0.4975	
-0.2320	0.0036	0.4977	
-0.2327	0.0021	0.4974	
-0.2327	0.0030	0.4986	
-0.2315	0.0035	0.4965	
-0.2317	0.0038	0.4973	
-0.2331	0.0022	0.4985	
-0.2330	0.0013	0.4972	
-0.2316	0.0050	0.4985	
-0.2329	0.0021	0.4979	
-0.2328	0.0018	0.4972	
-0.2323	0.0032	0.4980	
-0.2317	0.0028	0.4962	
-0.2319	0.0039	0.4978	
-0.2331	0.0018	0.4981	
-0.2317	0.0034	0.4969	
-0.2328	0.0018	0.4973	
-0.2324	0.0027	0.4976	
-0.2326	0.0024	0.4976	
-0.2322	0.0032	0.4977	
-0.2317	0.0035	0.4970	
-0.2316	0.0035	0.4967	
-0.2325	0.0026	0.4976	
-0.2321	0.0026	0.4969	
-0.2328	0.0021	0.4978	
-0.2324	0.0026	0.4974	
-0.2316	0.0038	0.4970	
-0.2326	0.0029	0.4982	
-0.2316	0.0037	0.4969	
-0.2330	0.0017	0.4976	
-0.2326	0.0024	0.4977	
-0.2323	0.0029	0.4975	
-0.2328	0.0026	0.4981	
-0.2321	0.0031	0.4974	
-0.2327	0.0020	0.4973	
-0.2321	0.0029	0.4972	
-0.2320	0.0024	0.4964	
-0.2327	0.0027	0.4981	
-0.2318	0.0032	0.4968	
-0.2323	0.0030	0.4977	
-0.2327	0.0023	0.4976	
-0.2317	0.0040	0.4975	
-0.2324	0.0019	0.4968	
-0.2324	0.0025	0.4973	
-0.2323	0.0026	0.4971	
-0.2314	0.0032	0.4960	
-0.2319	0.0042	0.4982	
-0.2305	0.0065	0.4978	
-0.2319	0.0031	0.4969	
-0.2316	0.0037	0.4970	
-0.2326	0.0028	0.4981	
-0.2323	0.0027	0.4972	
-0.2325	0.0025	0.4975	
-0.2322	0.0029	0.4973	
-0.2313	0.0041	0.4969	
-0.2326	0.0019	0.4971	
-0.2321	0.0031	0.4973	
-0.2322	0.0025	0.4968	
-0.2324	0.0019	0.4965	
-0.2324	0.0022	0.4971	
-0.2323	0.0028	0.4975	
-0.2321	0.0028	0.4970	
-0.2328	0.0015	0.4970	
-0.2323	0.0032	0.4978	
-0.2321	0.0028	0.4970	
-0.2327	0.0021	0.4975	
-0.2324	0.0024	0.4971	
-0.2322	0.0022	0.4965	
-0.2320	0.0025	0.4963	
-0.2326	0.0019	0.4970	
-0.2330	0.0017	0.4976	
-0.2332	0.0010	0.4974	
-0.2330	0.0024	0.4985	
-0.2313	0.0047	0.4974	
-0.2323	0.0028	0.4974	
-0.2323	0.0028	0.4974	
-0.2325	0.0024	0.4974	
-0.2331	0.0015	0.4976	
-0.2327	0.0021	0.4975	
-0.2326	0.0019	0.4970	
-0.2332	0.0015	0.4978	
-0.2321	0.0033	0.4975	
-0.2322	0.0032	0.4976	
-0.2330	0.0015	0.4974	
-0.2328	0.0025	0.4982	
-0.2322	0.0033	0.4976	
-0.2329	0.0011	0.4968	
-0.2317	0.0045	0.4980	
-0.2319	0.0035	0.4974	
-0.2325	0.0025	0.4976	
-0.2334	0.0017	0.4984	
-0.2325	0.0025	0.4976	
-0.2323	0.0024	0.4971	
-0.2331	0.0010	0.4972	
-0.2323	0.0025	0.4970	
-0.2318	0.0049	0.4987	
-0.2322	0.0025	0.4968	
-0.2321	0.0035	0.4977	
-0.2326	0.0019	0.4970	
-0.2322	0.0037	0.4982	
-0.2325	0.0020	0.4969	
-0.2335	0.0008	0.4978	
-0.2327	0.0020	0.4973	
-0.2322	0.0035	0.4978	
-0.2318	0.0036	0.4973	
-0.2322	0.0026	0.4969	
-0.2324	0.0024	0.4972	
-0.2324	0.0030	0.4979	
-0.2323	0.0029	0.4974	
-0.2323	0.0032	0.4978	
-0.2333	0.0013	0.4979	
-0.2317	0.0036	0.4971	
-0.2312	0.0044	0.4969	
-0.2332	0.0011	0.4975	
-0.2328	0.0018	0.4973	
-0.2319	0.0038	0.4977	
-0.2313	0.0052	0.4980	
-0.2329	0.0020	0.4977	
-0.2324	0.0022	0.4969	
-0.2329	0.0011	0.4969	
-0.2329	0.0022	0.4980	
-0.2319	0.0034	0.4972	
-0.2317	0.0038	0.4973	
-0.2320	0.0031	0.4972	
-0.2326	0.0022	0.4974	
-0.2325	0.0024	0.4974	
-0.2321	0.0032	0.4974	
-0.2326	0.0025	0.4977	
-0.2327	0.0025	0.4978	
-0.2323	0.0019	0.4963	
-0.2326	0.0023	0.4974	
-0.2320	0.0026	0.4967	
-0.2331	0.0017	0.4979	
-0.2324	0.0027	0.4974	
-0.2318	0.0034	0.4970	
-0.2326	0.0017	0.4968	
-0.2323	0.0020	0.4965	
-0.2323	0.0033	0.4979	
-0.2329	0.0020	0.4977	
-0.2311	0.0046	0.4968	
-0.2323	0.0026	0.4972	
-0.2326	0.0022	0.4973	
-0.2321	0.0023	0.4963	
-0.2328	0.0020	0.4975	
-0.2319	0.0037	0.4976	
-0.2322	0.0029	0.4973	
-0.2326	0.0020	0.4972	
-0.2324	0.0018	0.4965	
-0.2319	0.0021	0.4958	
-0.2322	0.0027	0.4971	
-0.2323	0.0024	0.4969	
-0.2334	0.0018	0.4986	
-0.2327	0.0024	0.4978	
-0.2326	0.0031	0.4983	
-0.2326	0.0022	0.4973	
-0.2328	0.0019	0.4974	
-0.2318	0.0037	0.4974	
-0.2331	0.0019	0.4981	
-0.2330	0.0013	0.4973	
-0.2329	0.0017	0.4975	
-0.2327	0.0025	0.4980	
-0.2332	0.0015	0.4979	
-0.2325	0.0023	0.4972	
-0.2325	0.0028	0.4979	
-0.2317	0.0037	0.4971	
-0.2321	0.0024	0.4964	
-0.2324	0.0025	0.4973	
-0.2323	0.0023	0.4969	
-0.2322	0.0025	0.4969	
-0.2330	0.0023	0.4983	
-0.2324	0.0026	0.4974	
-0.2321	0.0030	0.4973	
-0.2320	0.0036	0.4977	
-0.2334	0.0019	0.4988	
-0.2326	0.0023	0.4973	
-0.2321	0.0030	0.4973	
-0.2323	0.0026	0.4973	
-0.2311	0.0045	0.4967	
-0.2328	0.0016	0.4970	
-0.2328	0.0023	0.4980	
-0.2324	0.0021	0.4968	
-0.2319	0.0033	0.4971	
-0.2317	0.0036	0.4970	
-0.2312	0.0047	0.4972	
-0.2324	0.0024	0.4972	
-0.2330	0.0024	0.4984	
-0.2323	0.0032	0.4979	
-0.2324	0.0023	0.4971	
-0.2314	0.0044	0.4972	
-0.2331	0.0015	0.4976	
-0.2328	0.0017	0.4972	
-0.2325	0.0022	0.4972	
-0.2308	0.0051	0.4968	
-0.2321	0.0028	0.4969	
-0.2323	0.0037	0.4983	
-0.2311	0.0050	0.4974	
-0.2329	0.0015	0.4973	
-0.2328	0.0020	0.4975	
-0.2331	0.0012	0.4973	
-0.2328	0.0022	0.4978	
-0.2327	0.0020	0.4974	
-0.2327	0.0025	0.4979	
-0.2329	0.0012	0.4968	
-0.2321	0.0029	0.4970	
-0.2328	0.0018	0.4974	
-0.2315	0.0042	0.4972	
-0.2320	0.0030	0.4970	
-0.2324	0.0028	0.4977	
-0.2318	0.0037	0.4973	
-0.2327	0.0023	0.4978	
-0.2321	0.0031	0.4973	
-0.2328	0.0020	0.4975	
-0.2319	0.0038	0.4976	
-0.2316	0.0039	0.4972	
-0.2329	0.0016	0.4974	
-0.2312	0.0043	0.4968	
-0.2321	0.0038	0.4982	
-0.2321	0.0027	0.4969	
-0.2319	0.0030	0.4967	
-0.2316	0.0036	0.4968	
-0.2316	0.0036	0.4968	
-0.2332	0.0023	0.4987	
-0.2327	0.0018	0.4971	
-0.2334	0.0012	0.4980	
-0.2324	0.0030	0.4980	
-0.2327	0.0026	0.4981	
-0.2319	0.0041	0.4981	
-0.2327	0.0025	0.4979	
-0.2317	0.0043	0.4978	
-0.2324	0.0031	0.4980	
-0.2322	0.0036	0.4981	
-0.2332	0.0015	0.4978	
-0.2322	0.0033	0.4977	
-0.2318	0.0035	0.4971	
-0.2315	0.0039	0.4970	
-0.2318	0.0034	0.4971	
-0.2319	0.0034	0.4972	
-0.2325	0.0032	0.4983	
-0.2329	0.0019	0.4977	
-0.2329	0.0018	0.4975	
-0.2323	0.0031	0.4977	
-0.2320	0.0031	0.4971	
-0.2331	0.0021	0.4983	
-0.2321	0.0035	0.4978	
-0.2325	0.0025	0.4974	
-0.2328	0.0015	0.4971	
-0.2325	0.0026	0.4976	
-0.2326	0.0024	0.4976	
-0.2324	0.0026	0.4974	
-0.2324	0.0025	0.4974	
-0.2321	0.0034	0.4976	
-0.2329	0.0019	0.4976	
-0.2320	0.0031	0.4971	
-0.2320	0.0029	0.4969	
-0.2328	0.0018	0.4974	
-0.2316	0.0046	0.4978	
-0.2325	0.0027	0.4977	
-0.2324	0.0026	0.4975	
-0.2326	0.0023	0.4975	
-0.2325	0.0029	0.4979	
-0.2325	0.0026	0.4977	
-0.2328	0.0018	0.4974	
-0.2318	0.0031	0.4967	
-0.2323	0.0027	0.4972	
-0.2318	0.0038	0.4975	
-0.2323	0.0026	0.4971	
-0.2327	0.0017	0.4970	
-0.2318	0.0029	0.4964	
-0.2318	0.0036	0.4973	
-0.2325	0.0024	0.4975	
-0.2322	0.0032	0.4977	
-0.2320	0.0034	0.4975	
-0.2324	0.0024	0.4972	
-0.2312	0.0049	0.4975	
-0.2325	0.0022	0.4972	
-0.2321	0.0032	0.4975	
-0.2319	0.0027	0.4964	
-0.2326	0.0023	0.4975	
-0.2310	0.0050	0.4972	
-0.2327	0.0022	0.4977	
-0.2331	0.0019	0.4981	
-0.2324	0.0026	0.4973	
-0.2320	0.0033	0.4974	
-0.2325	0.0019	0.4969	
-0.2319	0.0032	0.4970	
-0.2328	0.0020	0.4976	
-0.2312	0.0051	0.4976	
-0.2319	0.0037	0.4976	
-0.2329	0.0021	0.4980	
-0.2315	0.0045	0.4977	
-0.2319	0.0029	0.4967	
-0.2324	0.0023	0.4971	
-0.2318	0.0032	0.4968	
-0.2329	0.0017	0.4974	
-0.2325	0.0028	0.4978	
-0.2333	0.0021	0.4987	
0.4084	0.5769	
0.3958	0.5504	
0.3828	0.5230	
0.3692	0.4953	
0.3547	0.4668	
0.3386	0.4384	
0.3210	0.4097	
0.3023	0.3825	
0.2853	0.3564	
0.2712	0.3329	
0.2602	0.3133	
0.2538	0.2973	
0.2511	0.2853	
0.2505	0.2768	
0.2504	0.2708	
0.2503	0.2658	
0.2502	0.2613	
0.2502	0.2567	
0.2502	0.2520	
0.2501	0.2471	
0.2501	0.2420	
0.2501	0.2366	
0.2501	0.2310	
0.2501	0.2253	
0.2501	0.2192	
0.2500	0.2131	
0.2500	0.2067	
0.2500	0.2004	
0.2500	0.1941	
0.2500	0.1881	
0.2500	0.1822	
0.2500	0.1769	
0.2500	0.1719	
0.2499	0.1675	
0.2500	0.1636	
0.2499	0.1602	
0.2499	0.1575	
0.2499	0.1552	
0.2499	0.1534	
0.2499	0.1520	
0.2499	0.1508	
0.2500	0.1499	
0.2499	0.1494	
0.2499	0.1491	
0.2499	0.1491	
0.2499	0.1490	
0.2499	0.1489	
0.2499	0.1489	
0.2499	0.1488	
0.2499	0.1488	
0.2499	0.1487	
0.2499	0.1487	
0.2499	0.1486	
0.2499	0.1486	
0.2499	0.1485	
0.2499	0.1485	
0.2499	0.1485	
0.2499	0.1484	
0.2499	0.1484	
0.2499	0.1484	
0.2499	0.1484	
0.2499	0.1483	
0.2499	0.1483	
0.2499	0.1482	
0.2499	0.1482	
0.2499	0.1482	
0.2499	0.1482	
0.2499	0.1481	
0.2499	0.1481	
0.2499	0.1481	
0.2499	0.1481	
0.2499	0.1481	
0.2499	0.1480	
0.2499	0.1480	
0.2499	0.1480	
0.2499	0.1480	
0.2499	0.1480	
0.2499	0.1480	
0.2499	0.1479	
0.2499	0.1479	
0.2500	0.1480	
0.2499	0.1479	
0.2499	0.1479	
0.2499	0.1479	
0.2499	0.1479	
0.2499	0.1479	
0.2499	0.1479	
0.2499	0.1479	
0.2499	0.1479	
0.2499	0.1479	
0.2499	0.1478	
0.2499	0.1479	
0.2499	0.1479	
0.2499	0.1479	
0.2499	0.1478	
0.2499	0.1478	
0.2499	0.1478	
0.2499	0.1478	
0.2499	0.1478	
0.2499	0.1478	
0.2499	0.1478	
0.2499	0.1478	
0.2499	0.1478	
0.2499	0.1478	
0.2499	0.1478	
0.2499	0.1478	
0.2499	0.1478	
0.2499	0.1478	
0.2499	0.1478	
0.2499	0.1478	
0.2499	0.1478	
0.2499	0.1478	
0.2499	0.1478	
0.2499	0.1478	
0.2499	0.1478	
0.2499	0.1478	
0.2499	0.1478	
0.2499	0.1478	
0.2499	0.1478	
0.2499	0.1478	
0.2499	0.1478	
0.2499	0.1477	
0.2499	0.1477	
0.2499	0.1478	
0.2499	0.1477	
0.2499	0.1477	
0.2499	0.1477	
0.2499	0.1477	
0.2499	0.1477	
0.2499	0.1477	
0.2499	0.1477	
0.2499	0.1477	
0.2499	0.1477	
0.2499	0.1477	
0.2499	0.1478	
0.2498	0.1477	
0.2499	0.1477	
0.2498	0.1477	
0.2499	0.1477	
0.2499	0.1478	
0.2499	0.1477	
0.2498	0.1477	
0.2498	0.1477	
0.2499	0.1477	
0.2498	0.1477	
0.2498	0.1477	
0.2498	0.1477	
0.2499	0.1478	
0.2499	0.1477	
0.2498	0.1477	
0.2498	0.1477	
0.2498	0.1477	
0.2499	0.1477	
0.2499	0.1477	
0.2499	0.1477	
0.2499	0.1477	
0.2499	0.1477	
0.2498	0.1477	
0.2498	0.1477	
0.2498	0.1477	
0.2498	0.1477	
0.2498	0.1477	
0.2498	0.1477	
0.2498	0.1477	
0.2498	0.1477	
0.2498	0.1477	
0.2498	0.1477	
0.2498	0.1477	
0.2498	0.1477	
0.2498	0.1477	
0.2498	0.1477	
0.2498	0.1477	
0.2499	0.1477	
0.2498	0.1477	
0.2498	0.1477	
0.2498	0.1477	
0.2498	0.1477	
0.2498	0.1477	
0.2499	0.1477	
0.2498	0.1477	
0.2498	0.1477	
0.2498	0.1477	
0.2498	0.1477	
0.2498	0.1477	
0.2498	0.1477	
0.2498	0.1477	
0.2498	0.1477	
0.2498	0.1477	
0.2499	0.1477	
0.2498	0.1477	
0.2498	0.1477	
0.2498	0.1477	
0.2498	0.1477	
0.2498	0.1477	
0.2499	0.1477	
0.2498	0.1477	
0.2498	0.1477	
0.2499	0.1476	
0.2498	0.1477	
0.2499	0.1477	
0.2499	0.1477	
0.2498	0.1476	
0.2498	0.1477	
0.2498	0.1477	
0.2498	0.1476	
0.2498	0.1477	
0.2498	0.1476	
0.2498	0.1477	
0.2498	0.1476	
0.2498	0.1476	
0.2498	0.1476	
0.2498	0.1477	
0.2498	0.1476	
0.2498	0.1476	
0.2498	0.1477	
0.2498	0.1476	
0.2499	0.1477	
0.2498	0.1476	
0.2500	0.1477	
0.2498	0.1477	
0.2498	0.1476	
0.2498	0.1477	
0.2499	0.1477	
0.2499	0.1477	
0.2498	0.1476	
0.2498	0.1477	
0.2498	0.1477	
0.2498	0.1476	
0.2498	0.1477	
0.2498	0.1476	
0.2498	0.1476	
0.2498	0.1476	
0.2498	0.1476	
0.2498	0.1476	
0.2498	0.1476	
0.2498	0.1476	
0.2498	0.1477	
0.2498	0.1476	
0.2498	0.1476	
0.2499	0.1476	
0.2498	0.1476	
0.2498	0.1476	
0.2498	0.1476	
0.2498	0.1476	
0.2498	0.1476	
0.2498	0.1476	
0.2498	0.1476	
0.2498	0.1476	
0.2498	0.1476	
0.2498	0.1476	
0.2498	0.1476	
0.2498	0.1476	
0.2498	0.1476	
0.2498	0.1476	
0.2498	0.1476	
0.2498	0.1476	
0.2498	0.1476	
0.2498	0.1476	
0.2498	0.1476	
0.2498	0.1476	
0.2498	0.1476	
0.2498	0.1476	
0.2498	0.1476	
0.2498	0.1476	
0.2498	0.1476	
0.2498	0.1476	
0.2498	0.1476	
0.2498	0.1476	
0.2498	0.1476	
0.2499	0.1477	
0.2498	0.1476	
0.2498	0.1476	
0.2498	0.1476	
0.2498	0.1476	
0.2498	0.1476	
0.2498	0.1477	
0.2498	0.1476	
0.2498	0.1476	
0.2498	0.1476	
0.2498	0.1476	
0.2499	0.1476	
0.2498	0.1476	
0.2498	0.1476	
0.2498	0.1476	
0.2498	0.1476	
0.2498	0.1476	
0.2498	0.1476	
0.2498	0.1477	
0.2498	0.1476	
0.2497	0.1476	
0.2498	0.1476	
0.2497	0.1476	
0.2498	0.1476	
0.2498	0.1476	
0.2497	0.1476	
0.2497	0.1476	
0.2498	0.1476	
0.2497	0.1476	
0.2498	0.1476	
0.2497	0.1476	
0.2498	0.1476	
0.2498	0.1476	
0.2498	0.1476	
0.2498	0.1476	
0.2498	0.1476	
0.2498	0.1476	
0.2498	0.1476	
0.2498	0.1476	
0.2497	0.1476	
0.2497	0.1476	
0.2498	0.1476	
0.2497	0.1476	
0.2498	0.1476	
0.2497	0.1476	
0.2497	0.1475	
0.2498	0.1476	
0.2498	0.1476	
0.2497	0.1476	
0.2498	0.1476	
0.2498	0.1476	
0.2498	0.1476	
0.2498	0.1476	
0.2498	0.1476	
0.2498	0.1476	
0.2497	0.1476	
0.2497	0.1476	
0.2498	0.1476	
0.2498	0.1476	
0.2498	0.1476	
0.2498	0.1475	
0.2497	0.1476	
0.2498	0.1476	
0.2498	0.1476	
0.2497	0.1476	
0.2497	0.1476	
0.2497	0.1475	
0.2498	0.1476	
0.2497	0.1475	
0.2497	0.1476	
0.2497	0.1475	
0.2498	0.1476	
0.2499	0.1476	
0.2497	0.1476	
0.2497	0.1475	
0.2497	0.1475	
0.2497	0.1476	
0.2497	0.1475	
0.2498	0.1476	
0.2498	0.1476	
0.2497	0.1476	
0.2497	0.1475	
0.2497	0.1475	
0.2498	0.1477	
0.2498	0.1476	
0.2497	0.1476	
0.2497	0.1475	
0.2497	0.1475	
0.2497	0.1475	
0.2497	0.1475	
0.2497	0.1475	
0.2497	0.1475	
0.2497	0.1476	
0.2497	0.1475	
0.2497	0.1476	
0.2497	0.1475	
0.2497	0.1476	
0.2497	0.1475	
0.2497	0.1475	
0.2497	0.1476	
0.2497	0.1475	
0.2497	0.1475	
0.2497	0.1475	
0.2497	0.1475	
0.2497	0.1475	
0.2497	0.1476	
0.2497	0.1475	
0.2497	0.1475	
0.2497	0.1475	
0.2497	0.1475	
0.2497	0.1475	
0.2497	0.1476	
0.2497	0.1475	
0.2497	0.1475	
0.2497	0.1475	
0.2497	0.1475	
0.2497	0.1475	
0.2497	0.1475	
0.2497	0.1475	
0.2497	0.1475	
0.2497	0.1475	
0.2497	0.1475	
0.2497	0.1475	
0.2497	0.1475	
0.2497	0.1475	
0.2497	0.1475	
0.2497	0.1475	
0.2497	0.1475	
0.2497	0.1475	
0.2499	0.1476	
0.2497	0.1475	
0.2497	0.1475	
0.2497	0.1475	
0.2497	0.1475	
0.2497	0.1475	
0.2497	0.1476	
0.2497	0.1475	
0.2497	0.1476	
0.2497	0.1475	
0.2497	0.1475	
0.2497	0.1475	
0.2497	0.1475	
0.2497	0.1475	
0.2497	0.1475	
0.2497	0.1475	
0.2497	0.1475	
0.2497	0.1475	
0.2497	0.1475	
0.2497	0.1475	
0.2497	0.1475	
0.2497	0.1475	
0.2497	0.1475	
0.2497	0.1475	
0.2497	0.1475	
0.2497	0.1475	
0.2497	0.1475	
0.2497	0.1475	
0.2497	0.1475	
0.2497	0.1475	
0.2497	0.1475	
0.2497	0.1475	
0.2497	0.1475	
0.2497	0.1475	
0.2497	0.1475	
0.2497	0.1475	
0.2497	0.1475	
0.2497	0.1475	
0.2497	0.1475	
0.2497	0.1475	
0.2497	0.1475	
0.2497	0.1475	
0.2497	0.1475	
0.2497	0.1475	
0.2497	0.1475	
0.2497	0.1475	
0.2497	0.1475	
0.2497	0.1475	
0.2497	0.1475	
0.2497	0.1475	
0.2497	0.1475	
0.2497	0.1475	
0.2497	0.1475	
0.2497	0.1475	
0.2497	0.1475	
0.2497	0.1475	
0.2497	0.1475	
0.2497	0.1475	
0.2497	0.1475	
0.2497	0.1475	
0.2497	0.1475	
0.2497	0.1475	
0.2497	0.1475	
0.2496	0.1474	
0.2497	0.1475	
0.2496	0.1475	
0.2496	0.1475	
0.2497	0.1475	
0.2496	0.1475	
0.2496	0.1475	
0.2497	0.1475	
0.2496	0.1475	
0.2497	0.1475	
0.2496	0.1474	
0.2497	0.1475	
0.2496	0.1475	
0.2497	0.1475	
0.2497	0.1475	
0.2496	0.1474	
0.2497	0.1475	
0.2496	0.1474	
0.2496	0.1475	
0.2496	0.1475	
0.2496	0.1475	
0.2497	0.1475	
0.2497	0.1475	
0.2497	0.1476	
0.2497	0.1474	
0.2497	0.1475	
0.2497	0.1475	
0.2496	0.1475	
0.2496	0.1474	
0.2497	0.1474	
0.2496	0.1475	
0.2496	0.1474	
0.2496	0.1474	
0.2496	0.1474	
0.2497	0.1474	
0.2497	0.1474	
0.2496	0.1474	
0.2496	0.1474	
0.2497	0.1474	
0.2496	0.1474	
0.2496	0.1474	
0.2497	0.1474	
0.2496	0.1474	
0.2496	0.1474	
0.2497	0.1474	
0.2496	0.1474	
0.2496	0.1474	
0.2496	0.1474	
0.2496	0.1474	
0.2496	0.1475	
0.2496	0.1474	
0.2496	0.1474	
0.2496	0.1474	
0.2496	0.1474	
0.2496	0.1474	
0.2496	0.1474	
0.2496	0.1474	
0.2496	0.1474	
0.2496	0.1474	
0.2496	0.1474	
0.2496	0.1474	
0.2496	0.1474	
0.2496	0.1474	
0.2497	0.1474	
0.2496	0.1474	
0.2496	0.1474	
0.2496	0.1474	
0.2496	0.1474	
0.2496	0.1474	
0.2497	0.1474	
0.2497	0.1476	
0.2496	0.1474	
0.2496	0.1474	
0.2496	0.1474	
0.2496	0.1474	
0.2496	0.1474	
0.2496	0.1474	
0.2496	0.1474	
0.2496	0.1474	
0.2496	0.1474	
0.2496	0.1474	
0.2496	0.1474	
0.2496	0.1474	
0.2496	0.1474	
0.2496	0.1474	
0.2496	0.1474	
0.2496	0.1474	
0.2496	0.1474	
0.2496	0.1474	
0.2496	0.1474	
0.2496	0.1474	
0.2496	0.1474	
0.2496	0.1474	
0.2496	0.1474	
0.2496	0.1474	
0.2496	0.1474	
0.2496	0.1474	
0.2496	0.1474	
0.2496	0.1474	
0.2496	0.1474	
0.2496	0.1474	
0.2496	0.1474	
0.2496	0.1474	
0.2497	0.1474	
0.2496	0.1475	
0.2496	0.1474	
0.2496	0.1474	
0.2496	0.1474	
0.2496	0.1474	
0.2496	0.1474	
0.2496	0.1474	
0.2496	0.1474	
0.2496	0.1474	
0.2496	0.1474	
0.2496	0.1474	
0.2496	0.1474	
0.2496	0.1474	
0.2496	0.1474	
0.2496	0.1475	
0.2496	0.1474	
0.2496	0.1474	
0.2496	0.1474	
0.2496	0.1474	
0.2496	0.1474	
0.2496	0.1474	
0.2496	0.1474	
0.2496	0.1474	
0.2496	0.1474	
0.2496	0.1474	
0.2496	0.1474	
0.2496	0.1474	
0.2496	0.1474	
0.2496	0.1474	
0.2497	0.1474	
0.2496	0.1474	
0.2496	0.1474	
0.2496	0.1474	
0.2496	0.1474	
0.2496	0.1474	
0.2496	0.1474	
0.2496	0.1474	
0.2496	0.1474	
0.2496	0.1474	
0.2496	0.1474	
0.2496	0.1474	
0.2496	0.1474	
0.2496	0.1474	
0.2496	0.1474	
0.2496	0.1474	
0.2496	0.1474	
0.2496	0.1474	
0.2496	0.1474	
0.2496	0.1473	
0.2496	0.1474	
0.2496	0.1474	
0.2495	0.1474	
0.2496	0.1474	
0.2496	0.1474	
0.2496	0.1474	
0.2495	0.1473	
0.2496	0.1473	
0.2496	0.1473	
0.2496	0.1473	
0.2495	0.1473	
0.2495	0.1474	
0.2495	0.1473	
0.2496	0.1474	
0.2496	0.1473	
0.2496	0.1473	
0.2496	0.1474	
0.2495	0.1473	
0.2496	0.1473	
0.2495	0.1473	
0.2496	0.1474	
0.2495	0.1474	
0.2496	0.1473	
0.2496	0.1473	
0.2496	0.1473	
0.2495	0.1473	
0.2496	0.1473	
0.2496	0.1474	
0.2495	0.1473	
0.2495	0.1474	
0.2496	0.1473	
0.2496	0.1474	
0.2495	0.1473	
0.2496	0.1473	
0.2495	0.1473	
0.2495	0.1473	
0.2495	0.1473	
0.2496	0.1473	
0.2495	0.1473	
0.2495	0.1473	
0.2496	0.1474	
0.2496	0.1473	
0.2496	0.1474	
0.2495	0.1474	
0.2496	0.1474	
0.2495	0.1473	
0.2495	0.1473	
0.2495	0.1473	
0.2495	0.1473	
0.2495	0.1473	
0.2495	0.1473	
0.2496	0.1473	
0.2495	0.1473	
0.2496	0.1473	
0.2495	0.1473	
0.2496	0.1473	
0.2495	0.1473	
0.2495	0.1473	
0.2496	0.1473	
0.2495	0.1473	
0.2495	0.1473	
0.2495	0.1473	
0.2495	0.1474	
0.2496	0.1473	
0.2495	0.1473	
0.2495	0.1473	
0.2495	0.1473	
0.2495	0.1473	
0.2495	0.1473	
0.2496	0.1473	
0.2495	0.1473	
0.2495	0.1473	
0.2495	0.1473	
0.2495	0.1473	
0.2495	0.1473	
0.2495	0.1473	
0.2495	0.1473	
0.2495	0.1473	
0.2495	0.1473	
0.2495	0.1473	
0.2496	0.1474	
0.2495	0.1473	
0.2495	0.1473	
0.2495	0.1474	
0.2495	0.1473	
0.2495	0.1473	
0.2495	0.1473	
0.2495	0.1473	
0.2495	0.1473	
0.2495	0.1473	
0.2495	0.1473	
0.2495	0.1472	
0.2495	0.1473	
0.2495	0.1473	
0.2495	0.1473	
0.2495	0.1473	
0.2495	0.1473	
0.2495	0.1472	
0.2495	0.1472	
0.2495	0.1473	
0.2495	0.1473	
0.2495	0.1472	
0.2495	0.1472	
0.2495	0.1472	
0.2495	0.1472	
0.2495	0.1472	
0.2495	0.1472	
0.2495	0.1472	
0.2495	0.1472	
0.2495	0.1472	
0.2495	0.1472	
0.2495	0.1472	
0.2495	0.1472	
0.2495	0.1472	
0.2495	0.1472	
0.2495	0.1472	
0.2495	0.1472	
0.2495	0.1472	
0.2495	0.1472	
0.2495	0.1472	
0.2495	0.1472	
0.2495	0.1473	
0.2495	0.1472	
0.2495	0.1472	
0.2495	0.1472	
0.2495	0.1472	
0.2495	0.1472	
0.2495	0.1472	
0.2495	0.1472	
0.2495	0.1472	
0.2495	0.1472	
0.2495	0.1473	
0.2495	0.1472	
0.2495	0.1472	
0.2495	0.1472	
0.2495	0.1472	
0.2496	0.1472	
0.2495	0.1472	
0.2495	0.1473	
0.2495	0.1472	
0.2495	0.1472	
0.2495	0.1472	
0.2495	0.1472	
0.2495	0.1472	
0.2495	0.1472	
0.2495	0.1472	
0.2496	0.1472	
0.2495	0.1472	
0.2495	0.1472	
0.2495	0.1472	
0.2495	0.1472	
0.2495	0.1472	
0.2495	0.1472	
0.2495	0.1472	
0.2495	0.1472	
0.2495	0.1472	
0.2495	0.1472	
0.2495	0.1472	
0.2495	0.1472	
0.2495	0.1472	
0.2495	0.1472	
0.2495	0.1472	
0.2495	0.1472	
0.2495	0.1472	
0.2495	0.1472	
0.2495	0.1472	
0.2495	0.1472	
0.2495	0.1472	
0.2494	0.1472	
0.2494	0.1472	
0.2495	0.1472	
0.2495	0.1472	
0.2495	0.1472	
0.2495	0.1472	
0.2494	0.1471	
0.2495	0.1472	
0.2494	0.1472	
0.2494	0.1472	
0.2495	0.1472	
0.2494	0.1472	
0.2495	0.1472	
0.2495	0.1471	
0.2494	0.1472	
0.2494	0.1472	
0.2495	0.1472	
0.2495	0.1472	
0.2495	0.1472	
0.2494	0.1471	
0.2494	0.1472	
0.2494	0.1472	
0.2494	0.1472	
0.2494	0.1471	
0.2494	0.1472	
0.2494	0.1472	
0.2494	0.1471	
0.2494	0.1472	
0.2494	0.1471	
0.2494	0.1472	
0.2494	0.1472	
0.2495	0.1472	
0.2494	0.1471	
0.2494	0.1472	
0.2494	0.1471	
0.2494	0.1471	
0.2494	0.1472	
0.2494	0.1471	
0.2494	0.1471	
0.2494	0.1471	
0.2494	0.1471	
0.2494	0.1471	
0.2495	0.1472	
0.2494	0.1471	
0.2494	0.1471	
0.2494	0.1471	
0.2494	0.1472	
0.2494	0.1471	
0.2494	0.1471	
0.2494	0.1471	
0.2494	0.1471	
0.2494	0.1471	
0.2494	0.1472	
0.2494	0.1471	
0.2494	0.1471	
0.2494	0.1471	
0.2494	0.1471	
0.2494	0.1471	
0.2494	0.1471	
0.2494	0.1471	
0.2494	0.1471	
0.2495	0.1471	
0.2494	0.1471	
0.2495	0.1472	
0.2494	0.1471	
0.2494	0.1471	
0.2494	0.1471	
0.2494	0.1471	
0.2494	0.1471	
0.2494	0.1471	
0.2494	0.1471	
0.2494	0.1471	
0.2494	0.1471	
0.2494	0.1471	
0.2494	0.1471	
0.2494	0.1471	
0.2494	0.1471	
0.2494	0.1471	
0.2494	0.1471	
0.2494	0.1471	
0.2494	0.1471	
0.2494	0.1471	
0.2494	0.1471	
0.2494	0.1471	
0.2494	0.1471	
0.2494	0.1471	
0.2494	0.1471	
0.2494	0.1471	
0.2494	0.1471	
0.2494	0.1471	
0.2494	0.1471	
0.2494	0.1471	
0.2494	0.1471	
0.2494	0.1471	
0.2494	0.1471	
0.2494	0.1471	
0.2494	0.1471	
0.2494	0.1471	
0.2494	0.1471	
0.2494	0.1471	
0.2494	0.1471	
0.2494	0.1471	
0.2494	0.1471	
0.2494	0.1471	
0.2494	0.1471	
0.2494	0.1471	
0.2494	0.1471	
0.2494	0.1471	
0.2494	0.1471	
0.2494	0.1471	
0.2494	0.1471	
0.2494	0.1471	
0.2494	0.1471	
0.2494	0.1471	
0.2494	0.1471	
0.2494	0.1471	
0.2494	0.1471	
0.2494	0.1471	
0.2494	0.1471	
0.2494	0.1471	
0.2494	0.1471	
0.2494	0.1471	
0.2494	0.1471	
0.2494	0.1471	
0.2494	0.1471	
0.2494	0.1471	
0.2494	0.1471	
0.2494	0.1471	
0.2494	0.1471	
0.2494	0.1471	
0.2494	0.1471	
0.2494	0.1470	
0.2494	0.1471	
0.2494	0.1470	
0.2494	0.1470	
0.2494	0.1471	
0.2494	0.1470	
0.2494	0.1470	
0.2494	0.1470	
0.2494	0.1471	
0.2494	0.1470	
0.2494	0.1471	
0.2494	0.1470	
0.2493	0.1470	
0.2494	0.1470	
0.2494	0.1470	
0.2494	0.1470	
0.2493	0.1470	
0.2493	0.1470	
0.2494	0.1470	
0.2494	0.1470	
0.2494	0.1471	
0.2494	0.1470	
0.2493	0.1470	
0.2494	0.1470	
0.2493	0.1470	
0.2493	0.1470	
0.2493	0.1470	
0.2493	0.1470	
0.2494	0.1470	
0.2494	0.1470	
0.2494	0.1470	
0.2493	0.1470	
0.2493	0.1470	
0.2494	0.1470	
0.2493	0.1470	
0.2493	0.1470	
0.2494	0.1470	
0.2493	0.1470	
0.2494	0.1471	
0.2493	0.1470	
0.2494	0.1470	
0.2494	0.1470	
0.2493	0.1470	
0.2494	0.1470	
0.2493	0.1470	
0.2494	0.1471	
0.2493	0.1470	
0.2493	0.1470	
0.2493	0.1470	
0.2493	0.1470	
0.2493	0.1470	
0.2493	0.1470	
0.2493	0.1470	
0.2493	0.1470	
0.2493	0.1470	
0.2493	0.1470	
0.2493	0.1470	
0.2493	0.1470	
0.2493	0.1470	
0.2493	0.1470	
0.2493	0.1470	
0.2493	0.1470	
0.2493	0.1470	
0.2493	0.1470	
0.2493	0.1470	
0.2493	0.1470	
0.2493	0.1470	
0.2493	0.1470	
0.2493	0.1470	
0.2493	0.1470	
0.2493	0.1470	
0.2493	0.1470	
0.2493	0.1470	
0.2493	0.1470	
0.2493	0.1470	
0.2493	0.1470	
0.2493	0.1470	
0.2493	0.1470	
0.2493	0.1470	
0.2493	0.1470	
0.2493	0.1470	
0.2493	0.1470	
0.2493	0.1470	
0.2493	0.1470	
0.2493	0.1470	
0.2493	0.1470	
0.2493	0.1470	
