Loss_Adversary	Loss_Target	
-0.1535	0.3037	0.5276	
-0.2174	0.3337	0.6683	
-0.2714	0.3675	0.7942	
-0.3004	0.3920	0.8669	
-0.3150	0.4049	0.9040	
-0.3234	0.4106	0.9239	
-0.3281	0.4156	0.9365	
-0.3317	0.4177	0.9449	
-0.3350	0.4183	0.9513	
-0.3367	0.4203	0.9560	
-0.3387	0.4201	0.9596	
-0.3403	0.4203	0.9625	
-0.3417	0.4202	0.9650	
-0.3414	0.4235	0.9673	
-0.3434	0.4217	0.9694	
-0.3433	0.4240	0.9711	
-0.3445	0.4231	0.9726	
-0.3438	0.4262	0.9738	
-0.3456	0.4236	0.9750	
-0.3460	0.4241	0.9760	
-0.3465	0.4241	0.9769	
-0.3475	0.4227	0.9777	
-0.3466	0.4254	0.9783	
-0.3478	0.4235	0.9788	
-0.3479	0.4238	0.9793	
-0.3495	0.4210	0.9798	
-0.3483	0.4241	0.9804	
-0.3486	0.4242	0.9808	
-0.3497	0.4223	0.9812	
-0.3492	0.4235	0.9815	
-0.3501	0.4220	0.9818	
-0.3504	0.4215	0.9820	
-0.3516	0.4190	0.9821	
-0.3489	0.4253	0.9824	
-0.3513	0.4199	0.9824	
-0.3506	0.4216	0.9823	
-0.3511	0.4203	0.9823	
-0.3511	0.4205	0.9824	
-0.3518	0.4189	0.9823	
-0.3514	0.4196	0.9821	
-0.3523	0.4173	0.9821	
-0.3526	0.4166	0.9820	
-0.3527	0.4163	0.9818	
-0.3535	0.4141	0.9815	
-0.3536	0.4135	0.9811	
-0.3537	0.4125	0.9807	
-0.3523	0.4151	0.9802	
-0.3539	0.4109	0.9796	
-0.3535	0.4111	0.9791	
-0.3549	0.4073	0.9786	
-0.3546	0.4072	0.9780	
-0.3549	0.4058	0.9773	
-0.3550	0.4048	0.9766	
-0.3558	0.4017	0.9756	
-0.3556	0.4010	0.9747	
-0.3561	0.3984	0.9735	
-0.3561	0.3978	0.9728	
-0.3560	0.3966	0.9717	
-0.3564	0.3942	0.9705	
-0.3572	0.3911	0.9694	
-0.3577	0.3890	0.9686	
-0.3574	0.3869	0.9663	
-0.3568	0.3853	0.9641	
-0.3581	0.3818	0.9634	
-0.3585	0.3795	0.9624	
-0.3583	0.3761	0.9591	
-0.3591	0.3708	0.9562	
-0.3616	0.3632	0.9547	
-0.3640	0.3546	0.9519	
-0.3659	0.3420	0.9451	
-0.3664	0.3372	0.9421	
-0.3683	0.3279	0.9380	
-0.3682	0.3253	0.9356	
-0.3697	0.3206	0.9345	
-0.3692	0.3177	0.9312	
-0.3701	0.3185	0.9336	
-0.3702	0.3135	0.9296	
-0.3714	0.3089	0.9279	
-0.3698	0.3135	0.9289	
-0.3719	0.3085	0.9287	
-0.3721	0.3039	0.9252	
-0.3716	0.3034	0.9238	
-0.3727	0.3006	0.9236	
-0.3727	0.3005	0.9235	
-0.3732	0.2998	0.9238	
-0.3733	0.2965	0.9214	
-0.3733	0.2998	0.9239	
-0.3717	0.2998	0.9211	
-0.3736	0.2972	0.9223	
-0.3740	0.2928	0.9196	
-0.3734	0.2953	0.9205	
-0.3737	0.2940	0.9200	
-0.3733	0.2943	0.9196	
-0.3736	0.2955	0.9211	
-0.3738	0.2903	0.9172	
-0.3750	0.2924	0.9211	
-0.3739	0.2943	0.9207	
-0.3754	0.2863	0.9168	
-0.3741	0.2897	0.9172	
-0.3749	0.2870	0.9165	
-0.3747	0.2923	0.9204	
-0.3745	0.2844	0.9136	
-0.3743	0.2914	0.9189	
-0.3745	0.2916	0.9195	
-0.3761	0.2763	0.9099	
-0.3761	0.2862	0.9180	
-0.3758	0.2898	0.9203	
-0.3753	0.2825	0.9134	
-0.3754	0.2832	0.9143	
-0.3745	0.2915	0.9195	
-0.3753	0.2831	0.9139	
-0.3762	0.2822	0.9149	
-0.3768	0.2831	0.9168	
-0.3762	0.2773	0.9109	
-0.3753	0.2829	0.9138	
-0.3768	0.2852	0.9184	
-0.3776	0.2790	0.9149	
-0.3773	0.2796	0.9147	
-0.3784	0.2744	0.9124	
-0.3786	0.2776	0.9156	
-0.3798	0.2844	0.9232	
-0.3810	0.2578	0.9037	
-0.3824	0.2699	0.9161	
-0.3830	0.2557	0.9056	
-0.3836	0.2625	0.9123	
-0.3849	0.2510	0.9052	
-0.3855	0.2518	0.9070	
-0.3856	0.2486	0.9045	
-0.3870	0.2545	0.9118	
-0.3871	0.2394	0.8996	
-0.3873	0.2454	0.9050	
-0.3878	0.2498	0.9095	
-0.3881	0.2366	0.8991	
-0.3885	0.2439	0.9058	
-0.3888	0.2401	0.9034	
-0.3886	0.2411	0.9038	
-0.3896	0.2314	0.8978	
-0.3883	0.2470	0.9081	
-0.3891	0.2380	0.9022	
-0.3893	0.2334	0.8988	
-0.3893	0.2404	0.9045	
-0.3889	0.2365	0.9005	
-0.3895	0.2310	0.8972	
-0.3893	0.2400	0.9042	
-0.3890	0.2379	0.9019	
-0.3894	0.2315	0.8974	
-0.3884	0.2426	0.9047	
-0.3877	0.2380	0.8997	
-0.3892	0.2360	0.9008	
-0.3899	0.2371	0.9029	
-0.3896	0.2310	0.8974	
-0.3890	0.2407	0.9043	
-0.3898	0.2375	0.9030	
-0.3894	0.2375	0.9024	
-0.3903	0.2220	0.8914	
-0.3901	0.2474	0.9117	
-0.3897	0.2296	0.8964	
-0.3901	0.2365	0.9027	
-0.3903	0.2259	0.8944	
-0.3892	0.2420	0.9057	
-0.3900	0.2324	0.8992	
-0.3889	0.2352	0.8995	
-0.3882	0.2387	0.9011	
-0.3901	0.2332	0.9001	
-0.3899	0.2318	0.8984	
-0.3906	0.2326	0.9005	
-0.3901	0.2350	0.9016	
-0.3903	0.2291	0.8970	
-0.3894	0.2384	0.9030	
-0.3902	0.2297	0.8974	
-0.3909	0.2352	0.9031	
-0.3906	0.2283	0.8970	
-0.3901	0.2338	0.9005	
-0.3907	0.2368	0.9041	
-0.3898	0.2234	0.8915	
-0.3895	0.2456	0.9092	
-0.3910	0.2256	0.8956	
-0.3905	0.2336	0.9011	
-0.3911	0.2260	0.8959	
-0.3908	0.2339	0.9020	
-0.3910	0.2286	0.8979	
-0.3903	0.2335	0.9007	
-0.3903	0.2289	0.8969	
-0.3904	0.2340	0.9013	
-0.3898	0.2288	0.8960	
-0.3907	0.2329	0.9009	
-0.3911	0.2296	0.8989	
-0.3908	0.2291	0.8980	
-0.3906	0.2340	0.9015	
-0.3899	0.2323	0.8989	
-0.3909	0.2336	0.9019	
-0.3907	0.2263	0.8955	
-0.3897	0.2397	0.9047	
-0.3907	0.2251	0.8945	
-0.3888	0.2403	0.9035	
-0.3908	0.2248	0.8945	
-0.3895	0.2339	0.8995	
-0.3907	0.2341	0.9019	
-0.3902	0.2305	0.8981	
-0.3905	0.2312	0.8991	
-0.3914	0.2322	0.9015	
-0.3902	0.2317	0.8989	
-0.3905	0.2281	0.8965	
-0.3909	0.2305	0.8993	
-0.3906	0.2251	0.8944	
-0.3904	0.2356	0.9027	
-0.3905	0.2257	0.8947	
-0.3893	0.2419	0.9058	
-0.3908	0.2246	0.8944	
-0.3904	0.2346	0.9018	
-0.3904	0.2277	0.8961	
-0.3914	0.2242	0.8952	
-0.3904	0.2338	0.9011	
-0.3907	0.2312	0.8995	
-0.3894	0.2302	0.8962	
-0.3896	0.2386	0.9035	
-0.3897	0.2263	0.8936	
-0.3905	0.2393	0.9058	
-0.3903	0.2220	0.8913	
-0.3908	0.2371	0.9045	
-0.3898	0.2278	0.8951	
-0.3914	0.2340	0.9030	
-0.3907	0.2259	0.8952	
-0.3911	0.2353	0.9035	
-0.3902	0.2271	0.8952	
-0.3892	0.2366	0.9012	
-0.3895	0.2246	0.8920	
-0.3902	0.2468	0.9115	
-0.3901	0.2240	0.8926	
-0.3905	0.2261	0.8949	
-0.3901	0.2388	0.9047	
-0.3899	0.2233	0.8915	
-0.3908	0.2429	0.9093	
-0.3907	0.2207	0.8910	
-0.3907	0.2400	0.9068	
-0.3904	0.2286	0.8968	
-0.3898	0.2309	0.8976	
-0.3911	0.2317	0.9007	
-0.3902	0.2307	0.8981	
-0.3911	0.2304	0.8996	
-0.3907	0.2300	0.8986	
-0.3909	0.2279	0.8972	
-0.3900	0.2304	0.8977	
-0.3908	0.2341	0.9021	
-0.3911	0.2193	0.8905	
-0.3904	0.2390	0.9054	
-0.3914	0.2279	0.8982	
-0.3916	0.2235	0.8948	
-0.3914	0.2361	0.9048	
-0.3904	0.2247	0.8937	
-0.3908	0.2312	0.8998	
-0.3895	0.2319	0.8978	
-0.3912	0.2304	0.8998	
-0.3907	0.2265	0.8956	
-0.3921	0.2264	0.8982	
-0.3920	0.2289	0.9000	
-0.3915	0.2266	0.8972	
-0.3908	0.2281	0.8972	
-0.3911	0.2267	0.8966	
-0.3903	0.2318	0.8993	
-0.3898	0.2308	0.8976	
-0.3904	0.2299	0.8978	
-0.3900	0.2332	0.8999	
-0.3902	0.2330	0.9001	
-0.3905	0.2259	0.8948	
-0.3914	0.2281	0.8983	
-0.3912	0.2337	0.9024	
-0.3907	0.2296	0.8982	
-0.3910	0.2237	0.8939	
-0.3904	0.2340	0.9014	
-0.3908	0.2256	0.8951	
-0.3910	0.2342	0.9025	
-0.3912	0.2233	0.8941	
-0.3906	0.2316	0.8998	
-0.3905	0.2314	0.8994	
-0.3899	0.2345	0.9007	
-0.3914	0.2282	0.8984	
-0.3898	0.2278	0.8951	
-0.3899	0.2321	0.8987	
-0.3907	0.2298	0.8985	
-0.3912	0.2267	0.8968	
-0.3910	0.2344	0.9028	
-0.3905	0.2213	0.8911	
-0.3909	0.2387	0.9060	
-0.3909	0.2259	0.8955	
-0.3910	0.2296	0.8987	
-0.3905	0.2318	0.8997	
-0.3902	0.2282	0.8962	
-0.3908	0.2353	0.9030	
-0.3911	0.2187	0.8900	
-0.3906	0.2401	0.9067	
-0.3909	0.2218	0.8921	
-0.3903	0.2398	0.9059	
-0.3910	0.2241	0.8943	
-0.3907	0.2275	0.8966	
-0.3908	0.2361	0.9036	
-0.3892	0.2285	0.8947	
-0.3905	0.2366	0.9037	
-0.3912	0.2264	0.8965	
-0.3905	0.2315	0.8994	
-0.3908	0.2287	0.8977	
-0.3909	0.2292	0.8983	
-0.3907	0.2308	0.8992	
-0.3900	0.2314	0.8984	
-0.3907	0.2278	0.8968	
-0.3911	0.2296	0.8990	
-0.3912	0.2275	0.8974	
-0.3908	0.2297	0.8985	
-0.3917	0.2256	0.8967	
-0.3912	0.2328	0.9018	
-0.3915	0.2242	0.8953	
-0.3908	0.2292	0.8980	
-0.3902	0.2346	0.9013	
-0.3911	0.2219	0.8926	
-0.3916	0.2344	0.9038	
-0.3902	0.2265	0.8948	
-0.3908	0.2359	0.9036	
-0.3911	0.2189	0.8902	
-0.3910	0.2412	0.9083	
-0.3911	0.2219	0.8927	
-0.3912	0.2380	0.9059	
-0.3910	0.2239	0.8942	
-0.3903	0.2347	0.9017	
-0.3907	0.2304	0.8989	
-0.3912	0.2263	0.8963	
-0.3911	0.2270	0.8967	
-0.3901	0.2336	0.9004	
-0.3900	0.2294	0.8967	
-0.3904	0.2332	0.9006	
-0.3910	0.2288	0.8981	
-0.3909	0.2276	0.8970	
-0.3919	0.2263	0.8978	
-0.3904	0.2315	0.8992	
-0.3908	0.2309	0.8995	
-0.3913	0.2319	0.9011	
-0.3904	0.2242	0.8932	
-0.3904	0.2344	0.9017	
-0.3912	0.2257	0.8958	
-0.3914	0.2318	0.9013	
-0.3911	0.2279	0.8976	
-0.3914	0.2268	0.8971	
-0.3916	0.2230	0.8944	
-0.3910	0.2389	0.9063	
-0.3906	0.2193	0.8896	
-0.3905	0.2413	0.9075	
-0.3911	0.2258	0.8959	
-0.3912	0.2244	0.8948	
-0.3911	0.2355	0.9038	
-0.3910	0.2210	0.8917	
-0.3902	0.2360	0.9026	
-0.3915	0.2261	0.8968	
-0.3914	0.2293	0.8992	
-0.3904	0.2276	0.8961	
-0.3904	0.2322	0.8998	
-0.3919	0.2243	0.8961	
-0.3917	0.2313	0.9014	
-0.3905	0.2234	0.8927	
-0.3904	0.2418	0.9076	
-0.3909	0.2187	0.8896	
-0.3914	0.2368	0.9053	
-0.3904	0.2278	0.8961	
-0.3910	0.2230	0.8933	
-0.3904	0.2409	0.9069	
-0.3912	0.2240	0.8945	
-0.3904	0.2323	0.8999	
-0.3905	0.2343	0.9016	
-0.3909	0.2227	0.8930	
-0.3912	0.2340	0.9028	
-0.3904	0.2284	0.8966	
-0.3916	0.2324	0.9022	
-0.3901	0.2267	0.8947	
-0.3899	0.2347	0.9010	
-0.3907	0.2271	0.8962	
-0.3910	0.2376	0.9052	
-0.3911	0.2196	0.8907	
-0.3916	0.2326	0.9023	
-0.3905	0.2297	0.8979	
-0.3910	0.2375	0.9052	
-0.3909	0.2231	0.8933	
-0.3911	0.2328	0.9016	
-0.3904	0.2319	0.8996	
-0.3913	0.2248	0.8953	
-0.3914	0.2334	0.9027	
-0.3906	0.2267	0.8957	
-0.3910	0.2242	0.8944	
-0.3904	0.2369	0.9037	
-0.3918	0.2248	0.8964	
-0.3904	0.2296	0.8978	
-0.3908	0.2340	0.9021	
-0.3915	0.2269	0.8975	
-0.3910	0.2253	0.8953	
-0.3907	0.2311	0.8995	
-0.3918	0.2286	0.8993	
-0.3909	0.2266	0.8961	
-0.3901	0.2322	0.8993	
-0.3908	0.2297	0.8985	
-0.3910	0.2299	0.8990	
-0.3897	0.2321	0.8985	
-0.3913	0.2291	0.8989	
-0.3913	0.2262	0.8965	
-0.3911	0.2308	0.9000	
-0.3903	0.2304	0.8982	
-0.3908	0.2239	0.8937	
-0.3914	0.2407	0.9085	
-0.3909	0.2190	0.8899	
-0.3907	0.2376	0.9048	
-0.3912	0.2254	0.8957	
-0.3904	0.2296	0.8976	
-0.3907	0.2283	0.8972	
-0.3909	0.2298	0.8988	
-0.3907	0.2342	0.9019	
-0.3910	0.2266	0.8964	
-0.3914	0.2295	0.8994	
-0.3916	0.2257	0.8966	
-0.3916	0.2257	0.8968	
-0.3912	0.2354	0.9038	
-0.3893	0.2312	0.8969	
-0.3908	0.2321	0.9005	
-0.3905	0.2235	0.8930	
-0.3904	0.2386	0.9050	
-0.3907	0.2246	0.8942	
-0.3918	0.2321	0.9022	
-0.3918	0.2226	0.8945	
-0.3902	0.2291	0.8969	
-0.3913	0.2325	0.9018	
-0.3902	0.2266	0.8948	
-0.3917	0.2317	0.9018	
-0.3913	0.2241	0.8948	
-0.3910	0.2348	0.9031	
-0.3897	0.2269	0.8942	
-0.3909	0.2321	0.9005	
-0.3914	0.2251	0.8959	
-0.3913	0.2305	0.9000	
-0.3906	0.2269	0.8958	
-0.3896	0.2302	0.8968	
-0.3910	0.2358	0.9038	
-0.3912	0.2258	0.8960	
-0.3911	0.2271	0.8970	
-0.3912	0.2331	0.9020	
-0.3904	0.2291	0.8972	
-0.3899	0.2307	0.8977	
-0.3918	0.2320	0.9022	
-0.3918	0.2214	0.8934	
-0.3914	0.2319	0.9014	
-0.3915	0.2256	0.8965	
-0.3909	0.2319	0.9005	
-0.3906	0.2247	0.8940	
-0.3908	0.2393	0.9063	
-0.3906	0.2255	0.8947	
-0.3910	0.2262	0.8961	
-0.3914	0.2379	0.9063	
-0.3904	0.2243	0.8934	
-0.3924	0.2263	0.8986	
-0.3914	0.2283	0.8985	
-0.3905	0.2326	0.9003	
-0.3911	0.2273	0.8971	
-0.3902	0.2278	0.8957	
-0.3912	0.2341	0.9027	
-0.3909	0.2221	0.8924	
-0.3898	0.2366	0.9023	
-0.3919	0.2297	0.9004	
-0.3908	0.2241	0.8939	
-0.3902	0.2364	0.9029	
-0.3899	0.2268	0.8944	
-0.3913	0.2350	0.9036	
-0.3897	0.2268	0.8942	
-0.3911	0.2271	0.8969	
-0.3908	0.2364	0.9040	
-0.3913	0.2262	0.8966	
-0.3909	0.2290	0.8980	
-0.3908	0.2317	0.9000	
-0.3921	0.2246	0.8966	
-0.3906	0.2254	0.8947	
-0.3914	0.2299	0.8998	
-0.3913	0.2288	0.8986	
-0.3918	0.2272	0.8982	
-0.3915	0.2289	0.8992	
-0.3914	0.2250	0.8957	
-0.3912	0.2240	0.8946	
-0.3906	0.2367	0.9037	
-0.3910	0.2248	0.8948	
-0.3912	0.2341	0.9028	
-0.3910	0.2245	0.8947	
-0.3905	0.2300	0.8982	
-0.3912	0.2343	0.9030	
-0.3906	0.2241	0.8936	
-0.3896	0.2333	0.8993	
-0.3909	0.2327	0.9012	
-0.3910	0.2204	0.8913	
-0.3918	0.2355	0.9051	
-0.3913	0.2220	0.8931	
-0.3908	0.2387	0.9060	
-0.3902	0.2316	0.8988	
-0.3903	0.2285	0.8967	
-0.3910	0.2313	0.9002	
-0.3915	0.2234	0.8946	
-0.3909	0.2339	0.9021	
-0.3911	0.2290	0.8984	
-0.3910	0.2245	0.8946	
-0.3914	0.2346	0.9036	
-0.3900	0.2293	0.8967	
-0.3919	0.2231	0.8951	
-0.3912	0.2340	0.9026	
-0.3910	0.2211	0.8919	
-0.3907	0.2411	0.9077	
-0.3912	0.2230	0.8937	
-0.3912	0.2263	0.8964	
-0.3909	0.2350	0.9030	
-0.3915	0.2235	0.8947	
-0.3908	0.2273	0.8965	
-0.3913	0.2331	0.9022	
-0.3909	0.2297	0.8987	
-0.3913	0.2271	0.8972	
-0.3918	0.2235	0.8952	
-0.3906	0.2329	0.9007	
-0.3919	0.2268	0.8981	
-0.3904	0.2298	0.8978	
-0.3908	0.2275	0.8967	
-0.3894	0.2378	0.9026	
-0.3914	0.2234	0.8944	
-0.3913	0.2297	0.8993	
-0.3911	0.2265	0.8964	
-0.3910	0.2303	0.8993	
-0.3910	0.2319	0.9006	
-0.3921	0.2253	0.8972	
-0.3901	0.2343	0.9010	
-0.3905	0.2284	0.8969	
-0.3912	0.2271	0.8971	
-0.3906	0.2312	0.8993	
-0.3914	0.2281	0.8983	
-0.3908	0.2321	0.9004	
-0.3908	0.2223	0.8925	
-0.3907	0.2369	0.9042	
-0.3911	0.2269	0.8968	
-0.3898	0.2331	0.8995	
-0.3916	0.2307	0.9007	
-0.3910	0.2257	0.8956	
-0.3905	0.2312	0.8992	
-0.3911	0.2316	0.9006	
-0.3910	0.2286	0.8980	
-0.3902	0.2277	0.8958	
-0.3915	0.2331	0.9025	
-0.3910	0.2268	0.8966	
-0.3902	0.2266	0.8948	
-0.3918	0.2341	0.9038	
-0.3906	0.2319	0.8999	
-0.3911	0.2242	0.8945	
-0.3900	0.2289	0.8964	
-0.3911	0.2378	0.9057	
-0.3913	0.2243	0.8950	
-0.3902	0.2276	0.8957	
-0.3917	0.2320	0.9020	
-0.3912	0.2296	0.8991	
-0.3917	0.2248	0.8961	
-0.3904	0.2330	0.9004	
-0.3909	0.2264	0.8960	
-0.3898	0.2312	0.8980	
-0.3909	0.2328	0.9013	
-0.3910	0.2274	0.8970	
-0.3910	0.2325	0.9012	
-0.3906	0.2275	0.8963	
-0.3917	0.2266	0.8975	
-0.3907	0.2293	0.8979	
-0.3919	0.2285	0.8995	
-0.3901	0.2271	0.8951	
-0.3919	0.2284	0.8994	
-0.3903	0.2262	0.8947	
-0.3903	0.2407	0.9066	
-0.3905	0.2263	0.8951	
-0.3908	0.2274	0.8966	
-0.3901	0.2354	0.9018	
-0.3908	0.2283	0.8972	
-0.3910	0.2258	0.8957	
-0.3901	0.2365	0.9028	
-0.3909	0.2246	0.8944	
-0.3910	0.2285	0.8979	
-0.3910	0.2311	0.8999	
-0.3912	0.2247	0.8951	
-0.3916	0.2283	0.8987	
-0.3910	0.2299	0.8990	
-0.3899	0.2330	0.8996	
-0.3917	0.2263	0.8973	
-0.3911	0.2269	0.8967	
-0.3914	0.2284	0.8986	
-0.3906	0.2295	0.8980	
-0.3917	0.2301	0.9004	
-0.3913	0.2273	0.8975	
-0.3910	0.2272	0.8968	
-0.3913	0.2333	0.9024	
-0.3912	0.2256	0.8958	
-0.3904	0.2355	0.9024	
-0.3903	0.2294	0.8973	
-0.3913	0.2269	0.8971	
-0.3906	0.2316	0.8997	
-0.3913	0.2246	0.8953	
-0.3916	0.2308	0.9009	
-0.3910	0.2330	0.9016	
-0.3906	0.2241	0.8935	
-0.3908	0.2303	0.8989	
-0.3914	0.2259	0.8964	
-0.3904	0.2333	0.9006	
-0.3912	0.2321	0.9011	
-0.3917	0.2228	0.8945	
-0.3913	0.2262	0.8966	
-0.3908	0.2315	0.9000	
-0.3915	0.2291	0.8993	
-0.3917	0.2249	0.8961	
-0.3912	0.2272	0.8971	
-0.3902	0.2333	0.9003	
-0.3905	0.2282	0.8967	
-0.3910	0.2317	0.9005	
-0.3911	0.2279	0.8975	
-0.3911	0.2278	0.8975	
-0.3921	0.2277	0.8992	
-0.3915	0.2230	0.8943	
-0.3909	0.2324	0.9008	
-0.3914	0.2240	0.8949	
-0.3915	0.2342	0.9034	
-0.3906	0.2277	0.8965	
-0.3908	0.2294	0.8983	
-0.3916	0.2337	0.9032	
-0.3911	0.2183	0.8897	
-0.3913	0.2362	0.9048	
-0.3918	0.2263	0.8976	
-0.3922	0.2259	0.8978	
-0.3914	0.2313	0.9009	
-0.3911	0.2241	0.8943	
-0.3901	0.2340	0.9007	
-0.3915	0.2271	0.8976	
-0.3903	0.2306	0.8983	
-0.3913	0.2322	0.9014	
-0.3918	0.2207	0.8930	
-0.3913	0.2329	0.9020	
-0.3919	0.2272	0.8985	
-0.3908	0.2241	0.8940	
-0.3918	0.2279	0.8988	
-0.3915	0.2275	0.8980	
-0.3917	0.2336	0.9033	
-0.3908	0.2281	0.8973	
-0.3912	0.2258	0.8961	
-0.3893	0.2312	0.8969	
-0.3905	0.2323	0.9001	
-0.3896	0.2309	0.8973	
-0.3898	0.2389	0.9041	
-0.3910	0.2250	0.8950	
-0.3921	0.2279	0.8994	
-0.3908	0.2293	0.8982	
-0.3914	0.2248	0.8956	
-0.3898	0.2366	0.9024	
-0.3913	0.2274	0.8976	
-0.3910	0.2252	0.8952	
-0.3905	0.2336	0.9011	
-0.3916	0.2249	0.8960	
-0.3914	0.2259	0.8965	
-0.3910	0.2334	0.9018	
-0.3915	0.2316	0.9013	
-0.3910	0.2254	0.8953	
-0.3910	0.2332	0.9018	
-0.3917	0.2272	0.8982	
-0.3907	0.2313	0.8996	
-0.3912	0.2264	0.8966	
-0.3915	0.2278	0.8983	
-0.3913	0.2268	0.8970	
-0.3910	0.2310	0.8999	
-0.3904	0.2312	0.8990	
-0.3918	0.2263	0.8975	
-0.3914	0.2329	0.9022	
-0.3909	0.2219	0.8924	
-0.3914	0.2319	0.9013	
-0.3905	0.2353	0.9025	
-0.3908	0.2236	0.8935	
-0.3912	0.2288	0.8984	
-0.3916	0.2292	0.8994	
-0.3909	0.2255	0.8951	
-0.3906	0.2368	0.9039	
-0.3897	0.2269	0.8943	
-0.3901	0.2338	0.9006	
-0.3912	0.2274	0.8973	
-0.3905	0.2292	0.8974	
-0.3912	0.2320	0.9010	
-0.3909	0.2303	0.8991	
-0.3912	0.2282	0.8980	
-0.3905	0.2274	0.8961	
-0.3914	0.2296	0.8994	
-0.3918	0.2283	0.8991	
-0.3904	0.2286	0.8969	
-0.3913	0.2347	0.9035	
-0.3901	0.2282	0.8960	
-0.3915	0.2256	0.8964	
-0.3906	0.2314	0.8995	
-0.3912	0.2309	0.9002	
-0.3909	0.2256	0.8953	
-0.3900	0.2329	0.8997	
-0.3914	0.2303	0.9001	
-0.3897	0.2290	0.8959	
-0.3905	0.2323	0.9001	
-0.3911	0.2345	0.9029	
-0.3914	0.2217	0.8930	
-0.3912	0.2284	0.8981	
-0.3907	0.2309	0.8992	
-0.3910	0.2290	0.8983	
-0.3905	0.2312	0.8991	
-0.3913	0.2316	0.9010	
-0.3914	0.2213	0.8927	
-0.3913	0.2302	0.8999	
-0.3910	0.2303	0.8994	
-0.3913	0.2297	0.8993	
-0.3909	0.2268	0.8962	
-0.3911	0.2265	0.8964	
-0.3909	0.2380	0.9055	
-0.3903	0.2270	0.8954	
-0.3893	0.2325	0.8980	
-0.3903	0.2365	0.9031	
-0.3914	0.2239	0.8949	
-0.3915	0.2285	0.8988	
-0.3904	0.2342	0.9014	
-0.3918	0.2245	0.8960	
-0.3913	0.2298	0.8995	
-0.3917	0.2262	0.8973	
-0.3913	0.2294	0.8991	
-0.3916	0.2285	0.8989	
-0.3909	0.2264	0.8960	
-0.3902	0.2305	0.8981	
-0.3912	0.2323	0.9013	
-0.3908	0.2309	0.8994	
-0.3918	0.2255	0.8969	
-0.3905	0.2274	0.8961	
-0.3906	0.2322	0.9002	
-0.3911	0.2326	0.9013	
-0.3901	0.2321	0.8991	
-0.3902	0.2271	0.8953	
-0.3911	0.2368	0.9049	
-0.3904	0.2283	0.8965	
-0.3915	0.2208	0.8925	
-0.3911	0.2342	0.9026	
-0.3907	0.2330	0.9009	
-0.3909	0.2266	0.8962	
-0.3893	0.2354	0.9005	
-0.3911	0.2278	0.8974	
-0.3897	0.2347	0.9006	
-0.3911	0.2277	0.8974	
-0.3910	0.2300	0.8991	
-0.3898	0.2257	0.8933	
-0.3906	0.2333	0.9011	
-0.3915	0.2298	0.8999	
-0.3914	0.2311	0.9008	
-0.3915	0.2291	0.8992	
-0.3916	0.2263	0.8971	
-0.3908	0.2323	0.9006	
-0.3911	0.2264	0.8963	
-0.3915	0.2333	0.9026	
-0.3910	0.2253	0.8953	
-0.3917	0.2217	0.8935	
-0.3921	0.2366	0.9065	
-0.3909	0.2276	0.8970	
-0.3910	0.2245	0.8947	
-0.3906	0.2327	0.9007	
-0.3908	0.2241	0.8940	
-0.3911	0.2383	0.9060	
-0.3906	0.2247	0.8941	
-0.3919	0.2244	0.8960	
-0.3905	0.2354	0.9027	
-0.3915	0.2271	0.8976	
-0.3916	0.2278	0.8985	
-0.3911	0.2293	0.8986	
-0.3909	0.2283	0.8975	
-0.3913	0.2300	0.8996	
-0.3912	0.2265	0.8965	
-0.3923	0.2299	0.9015	
-0.3910	0.2253	0.8952	
-0.3915	0.2302	0.9001	
-0.3912	0.2277	0.8976	
-0.3911	0.2270	0.8968	
-0.3902	0.2327	0.8999	
-0.3903	0.2281	0.8963	
-0.3917	0.2256	0.8967	
-0.3915	0.2285	0.8988	
-0.3900	0.2353	0.9016	
-0.3904	0.2291	0.8972	
-0.3910	0.2254	0.8953	
-0.3915	0.2337	0.9029	
-0.3912	0.2230	0.8937	
-0.3901	0.2337	0.9004	
-0.3911	0.2306	0.8998	
-0.3905	0.2268	0.8955	
-0.3917	0.2287	0.8993	
-0.3911	0.2269	0.8967	
-0.3908	0.2363	0.9039	
-0.3909	0.2290	0.8980	
-0.3907	0.2268	0.8959	
-0.3912	0.2306	0.9000	
-0.3909	0.2324	0.9009	
-0.3918	0.2229	0.8948	
-0.3914	0.2287	0.8987	
-0.3912	0.2299	0.8995	
-0.3904	0.2276	0.8961	
-0.3919	0.2292	0.9000	
-0.3909	0.2288	0.8980	
-0.3905	0.2292	0.8974	
-0.3913	0.2309	0.9005	
0.7383	0.8297	
0.7002	0.8051	
0.6594	0.7812	
0.6145	0.7579	
0.5667	0.7339	
0.5174	0.7077	
0.4678	0.6790	
0.4205	0.6490	
0.3768	0.6183	
0.3401	0.5870	
0.3097	0.5556	
0.2899	0.5238	
0.2767	0.4928	
0.2690	0.4628	
0.2634	0.4346	
0.2589	0.4085	
0.2548	0.3853	
0.2509	0.3655	
0.2473	0.3486	
0.2438	0.3345	
0.2406	0.3228	
0.2374	0.3128	
0.2344	0.3039	
0.2316	0.2958	
0.2288	0.2883	
0.2261	0.2811	
0.2237	0.2741	
0.2212	0.2673	
0.2190	0.2606	
0.2168	0.2539	
0.2147	0.2471	
0.2128	0.2403	
0.2110	0.2334	
0.2093	0.2264	
0.2077	0.2193	
0.2061	0.2119	
0.2048	0.2038	
0.2034	0.1948	
0.2022	0.1856	
0.2010	0.1764	
0.1999	0.1667	
0.1989	0.1574	
0.1979	0.1488	
0.1970	0.1411	
0.1961	0.1339	
0.1953	0.1270	
0.1946	0.1204	
0.1939	0.1139	
0.1932	0.1074	
0.1926	0.1009	
0.1920	0.0945	
0.1914	0.0881	
0.1909	0.0816	
0.1904	0.0745	
0.1900	0.0667	
0.1895	0.0583	
0.1891	0.0503	
0.1887	0.0435	
0.1882	0.0384	
0.1879	0.0347	
0.1875	0.0323	
0.1872	0.0307	
0.1869	0.0297	
0.1865	0.0290	
0.1862	0.0285	
0.1860	0.0283	
0.1857	0.0281	
0.1854	0.0280	
0.1851	0.0279	
0.1848	0.0279	
0.1846	0.0278	
0.1843	0.0277	
0.1841	0.0277	
0.1839	0.0276	
0.1837	0.0276	
0.1834	0.0275	
0.1832	0.0275	
0.1829	0.0274	
0.1827	0.0274	
0.1824	0.0273	
0.1821	0.0273	
0.1819	0.0272	
0.1816	0.0272	
0.1814	0.0272	
0.1811	0.0271	
0.1809	0.0271	
0.1807	0.0270	
0.1805	0.0270	
0.1803	0.0271	
0.1800	0.0270	
0.1799	0.0269	
0.1796	0.0268	
0.1794	0.0268	
0.1792	0.0268	
0.1790	0.0268	
0.1788	0.0267	
0.1785	0.0267	
0.1783	0.0266	
0.1782	0.0266	
0.1780	0.0266	
0.1778	0.0265	
0.1776	0.0265	
0.1775	0.0265	
0.1773	0.0264	
0.1770	0.0264	
0.1768	0.0263	
0.1768	0.0262	
0.1765	0.0262	
0.1764	0.0261	
0.1762	0.0260	
0.1760	0.0260	
0.1758	0.0259	
0.1757	0.0258	
0.1755	0.0258	
0.1754	0.0257	
0.1752	0.0257	
0.1751	0.0256	
0.1749	0.0255	
0.1748	0.0255	
0.1748	0.0255	
0.1746	0.0254	
0.1744	0.0254	
0.1743	0.0253	
0.1742	0.0253	
0.1741	0.0252	
0.1740	0.0252	
0.1739	0.0252	
0.1738	0.0251	
0.1737	0.0251	
0.1737	0.0250	
0.1735	0.0250	
0.1734	0.0250	
0.1733	0.0249	
0.1733	0.0248	
0.1731	0.0248	
0.1730	0.0247	
0.1730	0.0247	
0.1729	0.0247	
0.1729	0.0246	
0.1727	0.0246	
0.1728	0.0246	
0.1726	0.0246	
0.1726	0.0245	
0.1724	0.0244	
0.1725	0.0243	
0.1723	0.0243	
0.1722	0.0242	
0.1722	0.0241	
0.1721	0.0240	
0.1721	0.0239	
0.1720	0.0238	
0.1720	0.0238	
0.1719	0.0237	
0.1718	0.0237	
0.1718	0.0236	
0.1718	0.0236	
0.1718	0.0235	
0.1716	0.0235	
0.1717	0.0234	
0.1717	0.0233	
0.1715	0.0233	
0.1714	0.0233	
0.1714	0.0232	
0.1713	0.0232	
0.1713	0.0231	
0.1713	0.0231	
0.1712	0.0230	
0.1713	0.0230	
0.1712	0.0229	
0.1711	0.0228	
0.1710	0.0227	
0.1710	0.0226	
0.1710	0.0224	
0.1710	0.0222	
0.1709	0.0221	
0.1709	0.0219	
0.1709	0.0217	
0.1708	0.0216	
0.1708	0.0214	
0.1708	0.0213	
0.1708	0.0211	
0.1706	0.0210	
0.1706	0.0209	
0.1707	0.0207	
0.1706	0.0206	
0.1705	0.0205	
0.1705	0.0204	
0.1705	0.0204	
0.1704	0.0203	
0.1704	0.0201	
0.1704	0.0200	
0.1704	0.0200	
0.1703	0.0199	
0.1703	0.0198	
0.1703	0.0197	
0.1702	0.0197	
0.1702	0.0196	
0.1701	0.0196	
0.1701	0.0195	
0.1701	0.0195	
0.1700	0.0194	
0.1700	0.0194	
0.1700	0.0194	
0.1699	0.0193	
0.1699	0.0193	
0.1699	0.0193	
0.1699	0.0193	
0.1699	0.0192	
0.1699	0.0192	
0.1699	0.0191	
0.1698	0.0191	
0.1697	0.0191	
0.1697	0.0191	
0.1697	0.0191	
0.1697	0.0191	
0.1697	0.0191	
0.1696	0.0190	
0.1696	0.0190	
0.1696	0.0190	
0.1696	0.0190	
0.1695	0.0189	
0.1696	0.0189	
0.1695	0.0189	
0.1695	0.0189	
0.1695	0.0189	
0.1695	0.0188	
0.1695	0.0189	
0.1695	0.0189	
0.1694	0.0188	
0.1694	0.0189	
0.1694	0.0188	
0.1693	0.0188	
0.1693	0.0188	
0.1693	0.0188	
0.1693	0.0188	
0.1693	0.0188	
0.1692	0.0188	
0.1693	0.0188	
0.1693	0.0188	
0.1692	0.0188	
0.1692	0.0187	
0.1691	0.0187	
0.1691	0.0188	
0.1691	0.0187	
0.1691	0.0187	
0.1692	0.0187	
0.1691	0.0187	
0.1691	0.0187	
0.1691	0.0187	
0.1690	0.0187	
0.1690	0.0187	
0.1690	0.0187	
0.1691	0.0187	
0.1690	0.0186	
0.1689	0.0187	
0.1689	0.0187	
0.1690	0.0186	
0.1689	0.0187	
0.1689	0.0187	
0.1689	0.0186	
0.1688	0.0186	
0.1689	0.0186	
0.1688	0.0186	
0.1688	0.0186	
0.1688	0.0186	
0.1688	0.0186	
0.1688	0.0186	
0.1688	0.0186	
0.1688	0.0186	
0.1687	0.0187	
0.1687	0.0187	
0.1687	0.0186	
0.1687	0.0186	
0.1688	0.0186	
0.1687	0.0186	
0.1687	0.0186	
0.1688	0.0186	
0.1688	0.0186	
0.1688	0.0186	
0.1687	0.0187	
0.1686	0.0186	
0.1686	0.0186	
0.1686	0.0186	
0.1687	0.0186	
0.1686	0.0186	
0.1686	0.0186	
0.1686	0.0186	
0.1686	0.0186	
0.1686	0.0186	
0.1686	0.0186	
0.1686	0.0186	
0.1686	0.0186	
0.1685	0.0185	
0.1686	0.0185	
0.1685	0.0185	
0.1685	0.0186	
0.1686	0.0186	
0.1685	0.0186	
0.1685	0.0185	
0.1685	0.0185	
0.1684	0.0185	
0.1685	0.0185	
0.1684	0.0185	
0.1685	0.0185	
0.1684	0.0185	
0.1684	0.0185	
0.1684	0.0185	
0.1685	0.0185	
0.1684	0.0185	
0.1684	0.0185	
0.1684	0.0185	
0.1684	0.0185	
0.1685	0.0185	
0.1685	0.0185	
0.1686	0.0185	
0.1684	0.0185	
0.1684	0.0185	
0.1684	0.0185	
0.1684	0.0185	
0.1683	0.0185	
0.1684	0.0185	
0.1684	0.0185	
0.1683	0.0185	
0.1683	0.0185	
0.1684	0.0185	
0.1684	0.0185	
0.1683	0.0185	
0.1683	0.0185	
0.1683	0.0185	
0.1683	0.0185	
0.1683	0.0185	
0.1683	0.0185	
0.1682	0.0185	
0.1683	0.0185	
0.1682	0.0185	
0.1683	0.0185	
0.1683	0.0185	
0.1682	0.0185	
0.1682	0.0185	
0.1683	0.0185	
0.1683	0.0185	
0.1682	0.0185	
0.1683	0.0185	
0.1682	0.0185	
0.1682	0.0185	
0.1682	0.0185	
0.1682	0.0185	
0.1682	0.0185	
0.1682	0.0184	
0.1682	0.0185	
0.1681	0.0184	
0.1683	0.0185	
0.1681	0.0185	
0.1682	0.0185	
0.1682	0.0185	
0.1682	0.0185	
0.1682	0.0185	
0.1683	0.0185	
0.1682	0.0185	
0.1682	0.0185	
0.1681	0.0185	
0.1682	0.0184	
0.1681	0.0184	
0.1681	0.0184	
0.1681	0.0184	
0.1681	0.0184	
0.1681	0.0184	
0.1681	0.0185	
0.1681	0.0184	
0.1681	0.0184	
0.1681	0.0185	
0.1681	0.0185	
0.1681	0.0184	
0.1680	0.0184	
0.1681	0.0184	
0.1681	0.0184	
0.1681	0.0184	
0.1681	0.0184	
0.1680	0.0184	
0.1681	0.0184	
0.1681	0.0184	
0.1681	0.0184	
0.1680	0.0185	
0.1680	0.0185	
0.1681	0.0185	
0.1680	0.0185	
0.1680	0.0184	
0.1681	0.0184	
0.1681	0.0184	
0.1682	0.0184	
0.1680	0.0184	
0.1680	0.0184	
0.1680	0.0184	
0.1681	0.0184	
0.1681	0.0184	
0.1681	0.0184	
0.1681	0.0184	
0.1681	0.0184	
0.1680	0.0184	
0.1681	0.0184	
0.1682	0.0184	
0.1680	0.0184	
0.1680	0.0184	
0.1680	0.0184	
0.1681	0.0185	
0.1680	0.0184	
0.1680	0.0184	
0.1680	0.0184	
0.1680	0.0184	
0.1681	0.0184	
0.1681	0.0184	
0.1680	0.0184	
0.1681	0.0184	
0.1680	0.0184	
0.1680	0.0184	
0.1680	0.0184	
0.1682	0.0184	
0.1679	0.0184	
0.1681	0.0184	
0.1680	0.0184	
0.1679	0.0184	
0.1680	0.0184	
0.1680	0.0184	
0.1681	0.0184	
0.1682	0.0184	
0.1679	0.0184	
0.1680	0.0184	
0.1679	0.0184	
0.1680	0.0184	
0.1679	0.0184	
0.1681	0.0184	
0.1681	0.0184	
0.1682	0.0185	
0.1680	0.0184	
0.1679	0.0184	
0.1679	0.0184	
0.1679	0.0184	
0.1679	0.0184	
0.1679	0.0184	
0.1680	0.0184	
0.1679	0.0184	
0.1679	0.0184	
0.1680	0.0184	
0.1679	0.0184	
0.1680	0.0184	
0.1679	0.0184	
0.1679	0.0184	
0.1679	0.0184	
0.1679	0.0184	
0.1679	0.0184	
0.1679	0.0184	
0.1679	0.0184	
0.1679	0.0184	
0.1679	0.0184	
0.1679	0.0184	
0.1679	0.0184	
0.1679	0.0184	
0.1679	0.0184	
0.1679	0.0184	
0.1679	0.0184	
0.1679	0.0184	
0.1679	0.0184	
0.1678	0.0184	
0.1679	0.0184	
0.1679	0.0184	
0.1678	0.0184	
0.1679	0.0184	
0.1678	0.0184	
0.1678	0.0184	
0.1679	0.0184	
0.1679	0.0184	
0.1680	0.0184	
0.1678	0.0184	
0.1678	0.0184	
0.1678	0.0184	
0.1678	0.0184	
0.1678	0.0184	
0.1678	0.0184	
0.1678	0.0184	
0.1679	0.0184	
0.1680	0.0184	
0.1678	0.0184	
0.1678	0.0184	
0.1678	0.0184	
0.1678	0.0184	
0.1678	0.0184	
0.1678	0.0184	
0.1678	0.0183	
0.1678	0.0184	
0.1678	0.0184	
0.1678	0.0184	
0.1677	0.0184	
0.1678	0.0184	
0.1678	0.0184	
0.1678	0.0184	
0.1678	0.0184	
0.1677	0.0184	
0.1678	0.0184	
0.1678	0.0184	
0.1678	0.0184	
0.1677	0.0184	
0.1678	0.0184	
0.1677	0.0184	
0.1678	0.0184	
0.1677	0.0184	
0.1677	0.0184	
0.1678	0.0184	
0.1677	0.0184	
0.1677	0.0184	
0.1677	0.0184	
0.1677	0.0184	
0.1677	0.0184	
0.1677	0.0183	
0.1677	0.0184	
0.1677	0.0184	
0.1677	0.0184	
0.1677	0.0184	
0.1677	0.0184	
0.1677	0.0184	
0.1677	0.0184	
0.1677	0.0184	
0.1677	0.0184	
0.1676	0.0183	
0.1677	0.0183	
0.1677	0.0184	
0.1676	0.0183	
0.1677	0.0183	
0.1678	0.0183	
0.1676	0.0184	
0.1676	0.0183	
0.1676	0.0184	
0.1678	0.0184	
0.1676	0.0184	
0.1676	0.0184	
0.1676	0.0183	
0.1676	0.0184	
0.1676	0.0183	
0.1676	0.0184	
0.1676	0.0184	
0.1676	0.0183	
0.1676	0.0184	
0.1675	0.0183	
0.1676	0.0184	
0.1676	0.0184	
0.1676	0.0183	
0.1675	0.0183	
0.1676	0.0183	
0.1676	0.0183	
0.1676	0.0183	
0.1675	0.0183	
0.1675	0.0183	
0.1675	0.0184	
0.1675	0.0184	
0.1675	0.0183	
0.1675	0.0183	
0.1676	0.0183	
0.1676	0.0183	
0.1676	0.0183	
0.1675	0.0183	
0.1675	0.0183	
0.1676	0.0183	
0.1677	0.0183	
0.1675	0.0183	
0.1675	0.0183	
0.1675	0.0183	
0.1675	0.0183	
0.1676	0.0184	
0.1675	0.0184	
0.1675	0.0183	
0.1675	0.0183	
0.1675	0.0184	
0.1675	0.0183	
0.1675	0.0183	
0.1675	0.0184	
0.1675	0.0183	
0.1675	0.0183	
0.1675	0.0183	
0.1675	0.0183	
0.1675	0.0184	
0.1675	0.0184	
0.1675	0.0183	
0.1675	0.0183	
0.1675	0.0183	
0.1675	0.0183	
0.1675	0.0183	
0.1675	0.0184	
0.1675	0.0184	
0.1674	0.0184	
0.1675	0.0183	
0.1674	0.0183	
0.1675	0.0183	
0.1674	0.0183	
0.1675	0.0183	
0.1675	0.0183	
0.1675	0.0183	
0.1675	0.0183	
0.1675	0.0183	
0.1674	0.0183	
0.1676	0.0183	
0.1675	0.0183	
0.1675	0.0183	
0.1675	0.0183	
0.1676	0.0183	
0.1675	0.0183	
0.1675	0.0183	
0.1674	0.0183	
0.1674	0.0183	
0.1674	0.0184	
0.1674	0.0183	
0.1674	0.0183	
0.1674	0.0183	
0.1674	0.0184	
0.1674	0.0184	
0.1674	0.0183	
0.1674	0.0183	
0.1674	0.0183	
0.1674	0.0183	
0.1674	0.0183	
0.1674	0.0183	
0.1674	0.0183	
0.1674	0.0183	
0.1674	0.0183	
0.1674	0.0183	
0.1674	0.0183	
0.1674	0.0183	
0.1674	0.0183	
0.1674	0.0183	
0.1674	0.0183	
0.1675	0.0183	
0.1674	0.0184	
0.1674	0.0183	
0.1674	0.0183	
0.1674	0.0183	
0.1675	0.0183	
0.1673	0.0183	
0.1673	0.0183	
0.1674	0.0183	
0.1674	0.0183	
0.1676	0.0183	
0.1673	0.0184	
0.1674	0.0184	
0.1673	0.0183	
0.1674	0.0183	
0.1674	0.0183	
0.1674	0.0183	
0.1674	0.0184	
0.1674	0.0183	
0.1674	0.0184	
0.1673	0.0184	
0.1674	0.0183	
0.1675	0.0184	
0.1674	0.0183	
0.1674	0.0183	
0.1673	0.0183	
0.1674	0.0183	
0.1674	0.0183	
0.1673	0.0183	
0.1674	0.0183	
0.1674	0.0183	
0.1673	0.0183	
0.1674	0.0183	
0.1673	0.0183	
0.1674	0.0183	
0.1673	0.0183	
0.1673	0.0183	
0.1676	0.0184	
0.1673	0.0184	
0.1674	0.0183	
0.1675	0.0184	
0.1673	0.0183	
0.1673	0.0183	
0.1673	0.0183	
0.1673	0.0183	
0.1673	0.0183	
0.1673	0.0183	
0.1673	0.0183	
0.1673	0.0183	
0.1673	0.0183	
0.1673	0.0184	
0.1673	0.0183	
0.1673	0.0183	
0.1675	0.0183	
0.1673	0.0183	
0.1674	0.0183	
0.1673	0.0183	
0.1673	0.0183	
0.1673	0.0183	
0.1673	0.0183	
0.1673	0.0183	
0.1673	0.0183	
0.1673	0.0183	
0.1673	0.0183	
0.1673	0.0183	
0.1673	0.0183	
0.1673	0.0183	
0.1673	0.0183	
0.1673	0.0183	
0.1673	0.0183	
0.1673	0.0183	
0.1673	0.0183	
0.1673	0.0183	
0.1674	0.0183	
0.1673	0.0184	
0.1673	0.0184	
0.1673	0.0184	
0.1673	0.0183	
0.1673	0.0183	
0.1673	0.0183	
0.1673	0.0183	
0.1673	0.0183	
0.1673	0.0183	
0.1672	0.0183	
0.1673	0.0183	
0.1673	0.0183	
0.1673	0.0183	
0.1673	0.0183	
0.1672	0.0183	
0.1673	0.0183	
0.1672	0.0183	
0.1673	0.0183	
0.1673	0.0183	
0.1672	0.0183	
0.1672	0.0183	
0.1672	0.0183	
0.1673	0.0183	
0.1672	0.0183	
0.1672	0.0183	
0.1672	0.0183	
0.1673	0.0183	
0.1672	0.0183	
0.1673	0.0183	
0.1674	0.0183	
0.1672	0.0183	
0.1672	0.0183	
0.1672	0.0183	
0.1672	0.0183	
0.1672	0.0183	
0.1672	0.0183	
0.1672	0.0184	
0.1672	0.0183	
0.1672	0.0183	
0.1673	0.0183	
0.1672	0.0183	
0.1672	0.0183	
0.1672	0.0183	
0.1672	0.0183	
0.1672	0.0183	
0.1672	0.0183	
0.1672	0.0184	
0.1672	0.0184	
0.1673	0.0183	
0.1672	0.0183	
0.1672	0.0183	
0.1672	0.0183	
0.1672	0.0183	
0.1672	0.0183	
0.1672	0.0183	
0.1672	0.0183	
0.1672	0.0183	
0.1674	0.0184	
0.1672	0.0184	
0.1672	0.0184	
0.1672	0.0183	
0.1672	0.0183	
0.1672	0.0183	
0.1672	0.0183	
0.1672	0.0183	
0.1672	0.0183	
0.1672	0.0183	
0.1672	0.0183	
0.1672	0.0183	
0.1673	0.0183	
0.1671	0.0183	
0.1672	0.0183	
0.1672	0.0183	
0.1672	0.0183	
0.1671	0.0183	
0.1672	0.0183	
0.1672	0.0183	
0.1672	0.0183	
0.1672	0.0183	
0.1671	0.0183	
0.1672	0.0183	
0.1672	0.0183	
0.1672	0.0183	
0.1671	0.0183	
0.1671	0.0183	
0.1672	0.0183	
0.1671	0.0183	
0.1672	0.0183	
0.1672	0.0183	
0.1672	0.0183	
0.1672	0.0183	
0.1671	0.0183	
0.1672	0.0183	
0.1672	0.0183	
0.1672	0.0183	
0.1671	0.0183	
0.1671	0.0183	
0.1671	0.0183	
0.1672	0.0183	
0.1671	0.0183	
0.1672	0.0183	
0.1671	0.0183	
0.1671	0.0183	
0.1672	0.0183	
0.1671	0.0183	
0.1672	0.0183	
0.1671	0.0183	
0.1671	0.0183	
0.1671	0.0183	
0.1671	0.0183	
0.1671	0.0183	
0.1672	0.0183	
0.1671	0.0183	
0.1671	0.0183	
0.1672	0.0183	
0.1671	0.0183	
0.1671	0.0183	
0.1672	0.0183	
0.1672	0.0183	
0.1671	0.0183	
0.1672	0.0183	
0.1671	0.0183	
0.1671	0.0183	
0.1671	0.0183	
0.1671	0.0183	
0.1671	0.0183	
0.1671	0.0183	
0.1671	0.0183	
0.1673	0.0183	
0.1671	0.0183	
0.1671	0.0183	
0.1671	0.0183	
0.1671	0.0183	
0.1672	0.0183	
0.1671	0.0183	
0.1671	0.0183	
0.1671	0.0183	
0.1671	0.0183	
0.1671	0.0183	
0.1671	0.0183	
0.1671	0.0183	
0.1671	0.0183	
0.1671	0.0183	
0.1671	0.0183	
0.1671	0.0183	
0.1671	0.0183	
0.1671	0.0183	
0.1671	0.0183	
0.1671	0.0183	
0.1671	0.0183	
0.1671	0.0183	
0.1671	0.0183	
0.1671	0.0183	
0.1671	0.0183	
0.1672	0.0183	
0.1671	0.0183	
0.1671	0.0183	
0.1671	0.0183	
0.1671	0.0183	
0.1671	0.0183	
0.1671	0.0183	
0.1671	0.0183	
0.1671	0.0183	
0.1671	0.0183	
0.1671	0.0183	
0.1671	0.0183	
0.1671	0.0183	
0.1671	0.0183	
0.1671	0.0183	
0.1671	0.0183	
0.1671	0.0183	
0.1671	0.0183	
0.1671	0.0183	
0.1672	0.0183	
0.1671	0.0183	
0.1671	0.0183	
0.1671	0.0183	
0.1671	0.0183	
0.1672	0.0183	
0.1670	0.0183	
0.1670	0.0183	
0.1671	0.0183	
0.1671	0.0183	
0.1671	0.0183	
0.1672	0.0183	
0.1671	0.0183	
0.1671	0.0183	
0.1671	0.0183	
0.1671	0.0183	
0.1670	0.0183	
0.1670	0.0183	
0.1671	0.0183	
0.1671	0.0183	
0.1670	0.0183	
0.1671	0.0183	
0.1671	0.0183	
0.1671	0.0183	
0.1671	0.0183	
0.1670	0.0183	
0.1671	0.0183	
0.1670	0.0183	
0.1671	0.0183	
0.1670	0.0183	
0.1670	0.0183	
0.1671	0.0183	
0.1670	0.0183	
0.1670	0.0183	
0.1670	0.0183	
0.1671	0.0183	
0.1670	0.0183	
0.1671	0.0183	
0.1670	0.0183	
0.1670	0.0183	
0.1670	0.0183	
0.1670	0.0183	
0.1671	0.0183	
0.1670	0.0183	
0.1671	0.0183	
0.1670	0.0183	
0.1670	0.0183	
0.1671	0.0183	
0.1670	0.0183	
0.1670	0.0183	
0.1670	0.0183	
0.1670	0.0183	
0.1671	0.0183	
0.1670	0.0183	
0.1670	0.0183	
0.1670	0.0183	
0.1670	0.0183	
0.1671	0.0183	
0.1670	0.0183	
0.1670	0.0183	
0.1671	0.0183	
0.1670	0.0183	
0.1670	0.0183	
0.1670	0.0183	
0.1670	0.0183	
0.1670	0.0183	
0.1670	0.0183	
0.1670	0.0183	
0.1670	0.0183	
0.1670	0.0183	
0.1670	0.0183	
0.1670	0.0183	
0.1670	0.0183	
0.1670	0.0183	
0.1670	0.0183	
0.1671	0.0183	
0.1670	0.0183	
0.1670	0.0183	
0.1670	0.0183	
0.1670	0.0183	
0.1670	0.0183	
0.1670	0.0183	
0.1670	0.0183	
0.1670	0.0183	
0.1670	0.0183	
0.1670	0.0183	
0.1670	0.0183	
0.1670	0.0183	
0.1671	0.0183	
0.1670	0.0183	
0.1670	0.0183	
0.1670	0.0183	
0.1670	0.0183	
0.1670	0.0183	
0.1670	0.0183	
0.1670	0.0183	
0.1670	0.0183	
0.1670	0.0183	
0.1670	0.0183	
0.1670	0.0183	
0.1670	0.0183	
0.1670	0.0183	
0.1670	0.0183	
0.1670	0.0183	
0.1670	0.0183	
0.1670	0.0183	
0.1670	0.0183	
0.1670	0.0182	
0.1670	0.0183	
0.1670	0.0183	
0.1670	0.0183	
0.1671	0.0183	
0.1670	0.0183	
0.1670	0.0182	
0.1670	0.0183	
0.1670	0.0183	
0.1670	0.0183	
0.1670	0.0183	
0.1670	0.0183	
0.1670	0.0183	
0.1670	0.0183	
0.1670	0.0183	
0.1670	0.0183	
0.1670	0.0183	
0.1670	0.0183	
