Loss_Adversary	Loss_Target	
-0.4127	0.0019	0.4127	
-0.4546	0.0033	0.4546	
-0.4738	0.0056	0.4738	
-0.4870	0.0108	0.4870	
-0.4992	0.0197	0.4992	
-0.5234	0.0402	0.5234	
-0.5993	0.1108	0.5993	
-0.7708	0.2613	0.7708	
-0.9030	0.3885	0.9030	
-0.9449	0.4314	0.9449	
-0.9556	0.4436	0.9556	
-0.9596	0.4477	0.9596	
-0.9625	0.4507	0.9625	
-0.9651	0.4495	0.9651	
-0.9674	0.4497	0.9674	
-0.9695	0.4469	0.9695	
-0.9714	0.4473	0.9714	
-0.9733	0.4492	0.9733	
-0.9753	0.4471	0.9753	
-0.9770	0.4464	0.9770	
-0.9790	0.4446	0.9790	
-0.9806	0.4457	0.9806	
-0.9817	0.4448	0.9817	
-0.9826	0.4445	0.9826	
-0.9834	0.4452	0.9834	
-0.9839	0.4464	0.9839	
-0.9843	0.4459	0.9843	
-0.9847	0.4445	0.9847	
-0.9851	0.4448	0.9851	
-0.9854	0.4433	0.9854	
-0.9858	0.4454	0.9858	
-0.9861	0.4420	0.9861	
-0.9864	0.4432	0.9864	
-0.9866	0.4441	0.9866	
-0.9869	0.4443	0.9869	
-0.9871	0.4440	0.9871	
-0.9874	0.4444	0.9874	
-0.9876	0.4447	0.9876	
-0.9879	0.4431	0.9879	
-0.9881	0.4444	0.9881	
-0.9883	0.4437	0.9883	
-0.9885	0.4443	0.9885	
-0.9887	0.4435	0.9887	
-0.9889	0.4441	0.9889	
-0.9891	0.4431	0.9891	
-0.9892	0.4440	0.9892	
-0.9894	0.4434	0.9894	
-0.9895	0.4433	0.9895	
-0.9897	0.4451	0.9897	
-0.9898	0.4426	0.9898	
-0.9900	0.4441	0.9900	
-0.9901	0.4433	0.9901	
-0.9903	0.4443	0.9903	
-0.9904	0.4448	0.9904	
-0.9905	0.4430	0.9905	
-0.9906	0.4460	0.9906	
-0.9907	0.4423	0.9907	
-0.9909	0.4435	0.9909	
-0.9910	0.4433	0.9910	
-0.9910	0.4444	0.9910	
-0.9912	0.4432	0.9912	
-0.9913	0.4423	0.9913	
-0.9914	0.4427	0.9914	
-0.9915	0.4444	0.9915	
-0.9915	0.4411	0.9915	
-0.9916	0.4416	0.9916	
-0.9917	0.4418	0.9917	
-0.9918	0.4413	0.9918	
-0.9919	0.4419	0.9919	
-0.9919	0.4419	0.9919	
-0.9920	0.4436	0.9920	
-0.9921	0.4431	0.9921	
-0.9921	0.4434	0.9921	
-0.9922	0.4415	0.9922	
-0.9923	0.4430	0.9923	
-0.9923	0.4434	0.9923	
-0.9924	0.4421	0.9924	
-0.9925	0.4440	0.9925	
-0.9925	0.4411	0.9925	
-0.9926	0.4407	0.9926	
-0.9926	0.4415	0.9926	
-0.9926	0.4406	0.9926	
-0.9927	0.4426	0.9927	
-0.9928	0.4425	0.9928	
-0.9928	0.4410	0.9928	
-0.9928	0.4421	0.9928	
-0.9929	0.4416	0.9929	
-0.9929	0.4417	0.9929	
-0.9930	0.4407	0.9930	
-0.9930	0.4410	0.9930	
-0.9931	0.4416	0.9931	
-0.9931	0.4410	0.9931	
-0.9931	0.4411	0.9931	
-0.9932	0.4403	0.9932	
-0.9932	0.4411	0.9932	
-0.9933	0.4411	0.9933	
-0.9933	0.4394	0.9933	
-0.9933	0.4406	0.9933	
-0.9934	0.4406	0.9934	
-0.9934	0.4406	0.9934	
-0.9934	0.4403	0.9934	
-0.9935	0.4399	0.9935	
-0.9935	0.4399	0.9935	
-0.9936	0.4406	0.9936	
-0.9936	0.4402	0.9936	
-0.9936	0.4402	0.9936	
-0.9937	0.4397	0.9937	
-0.9937	0.4404	0.9937	
-0.9937	0.4396	0.9937	
-0.9938	0.4394	0.9938	
-0.9938	0.4408	0.9938	
-0.9938	0.4398	0.9938	
-0.9938	0.4399	0.9938	
-0.9939	0.4392	0.9939	
-0.9939	0.4402	0.9939	
-0.9939	0.4414	0.9939	
-0.9940	0.4425	0.9940	
-0.9940	0.4388	0.9940	
-0.9940	0.4393	0.9940	
-0.9940	0.4420	0.9940	
-0.9941	0.4401	0.9941	
-0.9941	0.4399	0.9941	
-0.9941	0.4395	0.9941	
-0.9942	0.4409	0.9942	
-0.9942	0.4408	0.9942	
-0.9942	0.4382	0.9942	
-0.9942	0.4401	0.9942	
-0.9943	0.4392	0.9943	
-0.9943	0.4391	0.9943	
-0.9943	0.4383	0.9943	
-0.9943	0.4387	0.9943	
-0.9943	0.4394	0.9943	
-0.9944	0.4386	0.9944	
-0.9944	0.4416	0.9944	
-0.9944	0.4387	0.9944	
-0.9944	0.4370	0.9944	
-0.9944	0.4373	0.9944	
-0.9945	0.4398	0.9945	
-0.9945	0.4382	0.9945	
-0.9945	0.4384	0.9945	
-0.9945	0.4390	0.9945	
-0.9945	0.4386	0.9945	
-0.9946	0.4382	0.9946	
-0.9946	0.4378	0.9946	
-0.9946	0.4371	0.9946	
-0.9946	0.4390	0.9946	
-0.9946	0.4369	0.9946	
-0.9946	0.4389	0.9946	
-0.9947	0.4373	0.9947	
-0.9947	0.4381	0.9947	
-0.9947	0.4402	0.9947	
-0.9947	0.4379	0.9947	
-0.9947	0.4371	0.9947	
-0.9947	0.4381	0.9947	
-0.9947	0.4365	0.9947	
-0.9947	0.4391	0.9947	
-0.9948	0.4389	0.9948	
-0.9948	0.4387	0.9948	
-0.9948	0.4380	0.9948	
-0.9948	0.4382	0.9948	
-0.9948	0.4381	0.9948	
-0.9948	0.4395	0.9948	
-0.9948	0.4401	0.9948	
-0.9948	0.4376	0.9948	
-0.9948	0.4379	0.9948	
-0.9948	0.4386	0.9948	
-0.9949	0.4376	0.9949	
-0.9949	0.4370	0.9949	
-0.9949	0.4384	0.9949	
-0.9949	0.4378	0.9949	
-0.9949	0.4354	0.9949	
-0.9949	0.4367	0.9949	
-0.9949	0.4376	0.9949	
-0.9949	0.4378	0.9949	
-0.9949	0.4377	0.9949	
-0.9949	0.4383	0.9949	
-0.9950	0.4375	0.9950	
-0.9949	0.4362	0.9949	
-0.9950	0.4369	0.9950	
-0.9950	0.4369	0.9950	
-0.9950	0.4361	0.9950	
-0.9950	0.4388	0.9950	
-0.9950	0.4365	0.9950	
-0.9950	0.4372	0.9950	
-0.9950	0.4375	0.9950	
-0.9950	0.4393	0.9950	
-0.9950	0.4371	0.9950	
-0.9950	0.4376	0.9950	
-0.9950	0.4386	0.9950	
-0.9950	0.4380	0.9950	
-0.9950	0.4374	0.9950	
-0.9950	0.4373	0.9950	
-0.9951	0.4371	0.9951	
-0.9951	0.4375	0.9951	
-0.9951	0.4381	0.9951	
-0.9951	0.4382	0.9951	
-0.9951	0.4388	0.9951	
-0.9951	0.4375	0.9951	
-0.9951	0.4381	0.9951	
-0.9951	0.4364	0.9951	
-0.9951	0.4378	0.9951	
-0.9951	0.4374	0.9951	
-0.9951	0.4383	0.9951	
-0.9951	0.4383	0.9951	
-0.9951	0.4370	0.9951	
-0.9951	0.4366	0.9951	
-0.9951	0.4364	0.9951	
-0.9951	0.4391	0.9951	
-0.9951	0.4376	0.9951	
-0.9951	0.4377	0.9951	
-0.9951	0.4373	0.9951	
-0.9951	0.4378	0.9951	
-0.9952	0.4383	0.9952	
-0.9952	0.4369	0.9952	
-0.9952	0.4377	0.9952	
-0.9952	0.4377	0.9952	
-0.9952	0.4384	0.9952	
-0.9952	0.4382	0.9952	
-0.9952	0.4383	0.9952	
-0.9952	0.4375	0.9952	
-0.9952	0.4367	0.9952	
-0.9952	0.4361	0.9952	
-0.9952	0.4389	0.9952	
-0.9952	0.4370	0.9952	
-0.9952	0.4380	0.9952	
-0.9952	0.4382	0.9952	
-0.9952	0.4367	0.9952	
-0.9952	0.4378	0.9952	
-0.9952	0.4381	0.9952	
-0.9952	0.4363	0.9952	
-0.9952	0.4365	0.9952	
-0.9952	0.4372	0.9952	
-0.9952	0.4361	0.9952	
-0.9952	0.4394	0.9952	
-0.9952	0.4372	0.9952	
-0.9953	0.4380	0.9953	
-0.9953	0.4374	0.9953	
-0.9953	0.4369	0.9953	
-0.9953	0.4378	0.9953	
-0.9953	0.4394	0.9953	
-0.9953	0.4379	0.9953	
-0.9953	0.4360	0.9953	
-0.9953	0.4363	0.9953	
-0.9953	0.4366	0.9953	
-0.9953	0.4378	0.9953	
-0.9953	0.4356	0.9953	
-0.9953	0.4370	0.9953	
-0.9953	0.4385	0.9953	
-0.9953	0.4372	0.9953	
-0.9953	0.4359	0.9953	
-0.9953	0.4371	0.9953	
-0.9953	0.4373	0.9953	
-0.9953	0.4389	0.9953	
-0.9953	0.4370	0.9953	
-0.9953	0.4373	0.9953	
-0.9954	0.4375	0.9954	
-0.9953	0.4362	0.9953	
-0.9954	0.4358	0.9954	
-0.9954	0.4364	0.9954	
-0.9954	0.4383	0.9954	
-0.9954	0.4358	0.9954	
-0.9954	0.4377	0.9954	
-0.9954	0.4367	0.9954	
-0.9954	0.4359	0.9954	
-0.9954	0.4373	0.9954	
-0.9954	0.4374	0.9954	
-0.9954	0.4363	0.9954	
-0.9954	0.4384	0.9954	
-0.9954	0.4369	0.9954	
-0.9954	0.4365	0.9954	
-0.9954	0.4365	0.9954	
-0.9954	0.4370	0.9954	
-0.9954	0.4393	0.9954	
-0.9954	0.4377	0.9954	
-0.9954	0.4356	0.9954	
-0.9954	0.4377	0.9954	
-0.9954	0.4385	0.9954	
-0.9954	0.4374	0.9954	
-0.9954	0.4359	0.9954	
-0.9955	0.4359	0.9955	
-0.9955	0.4378	0.9955	
-0.9955	0.4380	0.9955	
-0.9955	0.4367	0.9955	
-0.9955	0.4384	0.9955	
-0.9955	0.4353	0.9955	
-0.9955	0.4373	0.9955	
-0.9955	0.4379	0.9955	
-0.9955	0.4384	0.9955	
-0.9955	0.4360	0.9955	
-0.9955	0.4376	0.9955	
-0.9955	0.4392	0.9955	
-0.9955	0.4369	0.9955	
-0.9955	0.4362	0.9955	
-0.9955	0.4359	0.9955	
-0.9955	0.4374	0.9955	
-0.9955	0.4371	0.9955	
-0.9955	0.4370	0.9955	
-0.9955	0.4370	0.9955	
-0.9955	0.4369	0.9955	
-0.9955	0.4354	0.9955	
-0.9955	0.4339	0.9955	
-0.9956	0.4365	0.9956	
-0.9956	0.4358	0.9956	
-0.9956	0.4359	0.9956	
-0.9956	0.4368	0.9956	
-0.9956	0.4394	0.9956	
-0.9956	0.4382	0.9956	
-0.9956	0.4379	0.9956	
-0.9956	0.4373	0.9956	
-0.9956	0.4370	0.9956	
-0.9956	0.4360	0.9956	
-0.9956	0.4372	0.9956	
-0.9956	0.4375	0.9956	
-0.9956	0.4378	0.9956	
-0.9956	0.4374	0.9956	
-0.9956	0.4376	0.9956	
-0.9956	0.4387	0.9956	
-0.9956	0.4359	0.9956	
-0.9957	0.4359	0.9957	
-0.9957	0.4367	0.9957	
-0.9957	0.4374	0.9957	
-0.9957	0.4377	0.9957	
-0.9957	0.4356	0.9957	
-0.9957	0.4376	0.9957	
-0.9957	0.4386	0.9957	
-0.9957	0.4390	0.9957	
-0.9957	0.4368	0.9957	
-0.9957	0.4366	0.9957	
-0.9957	0.4353	0.9957	
-0.9957	0.4349	0.9957	
-0.9957	0.4369	0.9957	
-0.9957	0.4374	0.9957	
-0.9957	0.4349	0.9957	
-0.9958	0.4358	0.9958	
-0.9958	0.4403	0.9958	
-0.9959	0.4370	0.9959	
-0.9960	0.4354	0.9960	
-0.9961	0.4375	0.9961	
-0.9962	0.4345	0.9962	
-0.9962	0.4364	0.9962	
-0.9963	0.4334	0.9963	
-0.9964	0.4363	0.9964	
-0.9964	0.4339	0.9964	
-0.9965	0.4344	0.9965	
-0.9965	0.4337	0.9965	
-0.9966	0.4344	0.9966	
-0.9966	0.4346	0.9966	
-0.9967	0.4340	0.9967	
-0.9967	0.4358	0.9967	
-0.9967	0.4335	0.9967	
-0.9968	0.4343	0.9968	
-0.9968	0.4344	0.9968	
-0.9968	0.4338	0.9968	
-0.9968	0.4336	0.9968	
-0.9969	0.4332	0.9969	
-0.9969	0.4344	0.9969	
-0.9969	0.4349	0.9969	
-0.9969	0.4349	0.9969	
-0.9970	0.4329	0.9970	
-0.9970	0.4349	0.9970	
-0.9970	0.4357	0.9970	
-0.9970	0.4336	0.9970	
-0.9970	0.4347	0.9970	
-0.9971	0.4323	0.9971	
-0.9971	0.4338	0.9971	
-0.9971	0.4335	0.9971	
-0.9971	0.4328	0.9971	
-0.9971	0.4345	0.9971	
-0.9972	0.4334	0.9972	
-0.9972	0.4327	0.9972	
-0.9972	0.4348	0.9972	
-0.9972	0.4328	0.9972	
-0.9972	0.4339	0.9972	
-0.9972	0.4350	0.9972	
-0.9972	0.4346	0.9972	
-0.9972	0.4313	0.9972	
-0.9973	0.4344	0.9973	
-0.9973	0.4325	0.9973	
-0.9973	0.4340	0.9973	
-0.9973	0.4330	0.9973	
-0.9973	0.4340	0.9973	
-0.9973	0.4334	0.9973	
-0.9973	0.4317	0.9973	
-0.9974	0.4330	0.9974	
-0.9974	0.4335	0.9974	
-0.9974	0.4327	0.9974	
-0.9974	0.4331	0.9974	
-0.9974	0.4354	0.9974	
-0.9974	0.4346	0.9974	
-0.9974	0.4352	0.9974	
-0.9974	0.4345	0.9974	
-0.9975	0.4339	0.9975	
-0.9975	0.4328	0.9975	
-0.9975	0.4326	0.9975	
-0.9975	0.4346	0.9975	
-0.9975	0.4334	0.9975	
-0.9975	0.4325	0.9975	
-0.9975	0.4368	0.9975	
-0.9975	0.4356	0.9975	
-0.9976	0.4349	0.9976	
-0.9976	0.4340	0.9976	
-0.9976	0.4332	0.9976	
-0.9976	0.4356	0.9976	
-0.9976	0.4332	0.9976	
-0.9976	0.4343	0.9976	
-0.9976	0.4326	0.9976	
-0.9976	0.4321	0.9976	
-0.9977	0.4361	0.9977	
-0.9977	0.4340	0.9977	
-0.9977	0.4340	0.9977	
-0.9977	0.4328	0.9977	
-0.9977	0.4349	0.9977	
-0.9977	0.4338	0.9977	
-0.9977	0.4370	0.9977	
-0.9978	0.4325	0.9978	
-0.9978	0.4334	0.9978	
-0.9978	0.4354	0.9978	
-0.9978	0.4323	0.9978	
-0.9979	0.4325	0.9979	
-0.9979	0.4358	0.9979	
-0.9979	0.4327	0.9979	
-0.9979	0.4334	0.9979	
-0.9979	0.4353	0.9979	
-0.9980	0.4331	0.9980	
-0.9980	0.4341	0.9980	
-0.9980	0.4332	0.9980	
-0.9980	0.4333	0.9980	
-0.9981	0.4346	0.9981	
-0.9981	0.4349	0.9981	
-0.9981	0.4322	0.9981	
-0.9982	0.4343	0.9982	
-0.9982	0.4328	0.9982	
-0.9982	0.4325	0.9982	
-0.9983	0.4319	0.9983	
-0.9983	0.4322	0.9983	
-0.9983	0.4317	0.9983	
-0.9983	0.4327	0.9983	
-0.9983	0.4319	0.9983	
-0.9984	0.4324	0.9984	
-0.9984	0.4332	0.9984	
-0.9984	0.4309	0.9984	
-0.9984	0.4322	0.9984	
-0.9984	0.4315	0.9984	
-0.9984	0.4319	0.9984	
-0.9984	0.4315	0.9984	
-0.9984	0.4347	0.9984	
-0.9984	0.4356	0.9984	
-0.9984	0.4326	0.9984	
-0.9984	0.4318	0.9984	
-0.9984	0.4326	0.9984	
-0.9984	0.4328	0.9984	
-0.9985	0.4326	0.9985	
-0.9985	0.4312	0.9985	
-0.9985	0.4304	0.9985	
-0.9985	0.4319	0.9985	
-0.9985	0.4309	0.9985	
-0.9985	0.4332	0.9985	
-0.9985	0.4320	0.9985	
-0.9985	0.4332	0.9985	
-0.9985	0.4325	0.9985	
-0.9985	0.4327	0.9985	
-0.9985	0.4336	0.9985	
-0.9985	0.4332	0.9985	
-0.9985	0.4322	0.9985	
-0.9985	0.4326	0.9985	
-0.9985	0.4302	0.9985	
-0.9985	0.4313	0.9985	
-0.9985	0.4308	0.9985	
-0.9985	0.4340	0.9985	
-0.9985	0.4306	0.9985	
-0.9985	0.4303	0.9985	
-0.9985	0.4309	0.9985	
-0.9985	0.4310	0.9985	
-0.9985	0.4301	0.9985	
-0.9985	0.4321	0.9985	
-0.9985	0.4310	0.9985	
-0.9985	0.4317	0.9985	
-0.9985	0.4315	0.9985	
-0.9985	0.4338	0.9985	
-0.9985	0.4320	0.9985	
-0.9985	0.4334	0.9985	
-0.9985	0.4316	0.9985	
-0.9985	0.4325	0.9985	
-0.9985	0.4324	0.9985	
-0.9985	0.4306	0.9985	
-0.9985	0.4334	0.9985	
-0.9985	0.4317	0.9985	
-0.9985	0.4312	0.9985	
-0.9985	0.4316	0.9985	
-0.9985	0.4325	0.9985	
-0.9985	0.4317	0.9985	
-0.9985	0.4331	0.9985	
-0.9985	0.4335	0.9985	
-0.9985	0.4347	0.9985	
-0.9985	0.4312	0.9985	
-0.9985	0.4326	0.9985	
-0.9985	0.4311	0.9985	
-0.9985	0.4348	0.9985	
-0.9985	0.4308	0.9985	
-0.9985	0.4311	0.9985	
-0.9985	0.4301	0.9985	
-0.9985	0.4300	0.9985	
-0.9985	0.4342	0.9985	
-0.9985	0.4302	0.9985	
-0.9985	0.4333	0.9985	
-0.9985	0.4317	0.9985	
-0.9985	0.4346	0.9985	
-0.9985	0.4329	0.9985	
-0.9985	0.4316	0.9985	
-0.9985	0.4326	0.9985	
-0.9985	0.4297	0.9985	
-0.9985	0.4319	0.9985	
-0.9985	0.4315	0.9985	
-0.9985	0.4313	0.9985	
-0.9985	0.4315	0.9985	
-0.9985	0.4322	0.9985	
-0.9985	0.4317	0.9985	
-0.9985	0.4318	0.9985	
-0.9985	0.4309	0.9985	
-0.9985	0.4328	0.9985	
-0.9985	0.4319	0.9985	
-0.9985	0.4309	0.9985	
-0.9985	0.4306	0.9985	
-0.9985	0.4299	0.9985	
-0.9985	0.4310	0.9985	
-0.9985	0.4357	0.9985	
-0.9985	0.4299	0.9985	
-0.9986	0.4301	0.9986	
-0.9985	0.4313	0.9985	
-0.9985	0.4336	0.9985	
-0.9986	0.4316	0.9986	
-0.9986	0.4319	0.9986	
-0.9985	0.4324	0.9985	
-0.9985	0.4326	0.9985	
-0.9985	0.4334	0.9985	
-0.9985	0.4325	0.9985	
-0.9985	0.4312	0.9985	
-0.9986	0.4307	0.9986	
-0.9986	0.4337	0.9986	
-0.9986	0.4318	0.9986	
-0.9986	0.4319	0.9986	
-0.9986	0.4307	0.9986	
-0.9986	0.4316	0.9986	
-0.9986	0.4312	0.9986	
-0.9986	0.4312	0.9986	
-0.9986	0.4299	0.9986	
-0.9986	0.4324	0.9986	
-0.9986	0.4319	0.9986	
-0.9986	0.4308	0.9986	
-0.9986	0.4354	0.9986	
-0.9986	0.4321	0.9986	
-0.9986	0.4346	0.9986	
-0.9986	0.4307	0.9986	
-0.9986	0.4317	0.9986	
-0.9986	0.4313	0.9986	
-0.9986	0.4313	0.9986	
-0.9986	0.4323	0.9986	
-0.9986	0.4354	0.9986	
-0.9985	0.4307	0.9985	
-0.9986	0.4321	0.9986	
-0.9986	0.4307	0.9986	
-0.9986	0.4305	0.9986	
-0.9986	0.4327	0.9986	
-0.9986	0.4324	0.9986	
-0.9986	0.4310	0.9986	
-0.9986	0.4304	0.9986	
-0.9986	0.4310	0.9986	
-0.9986	0.4302	0.9986	
-0.9986	0.4312	0.9986	
-0.9986	0.4295	0.9986	
-0.9986	0.4328	0.9986	
-0.9986	0.4318	0.9986	
-0.9986	0.4313	0.9986	
-0.9986	0.4308	0.9986	
-0.9986	0.4314	0.9986	
-0.9986	0.4346	0.9986	
-0.9986	0.4320	0.9986	
-0.9986	0.4306	0.9986	
-0.9986	0.4314	0.9986	
-0.9986	0.4302	0.9986	
-0.9986	0.4319	0.9986	
-0.9986	0.4293	0.9986	
-0.9986	0.4313	0.9986	
-0.9986	0.4317	0.9986	
-0.9986	0.4315	0.9986	
-0.9986	0.4332	0.9986	
-0.9986	0.4321	0.9986	
-0.9986	0.4314	0.9986	
-0.9986	0.4330	0.9986	
-0.9986	0.4323	0.9986	
-0.9986	0.4304	0.9986	
-0.9986	0.4334	0.9986	
-0.9986	0.4320	0.9986	
-0.9986	0.4311	0.9986	
-0.9986	0.4310	0.9986	
-0.9986	0.4313	0.9986	
-0.9986	0.4317	0.9986	
-0.9986	0.4326	0.9986	
-0.9986	0.4303	0.9986	
-0.9987	0.4334	0.9987	
-0.9987	0.4303	0.9987	
-0.9986	0.4336	0.9986	
-0.9987	0.4341	0.9987	
-0.9987	0.4319	0.9987	
-0.9987	0.4316	0.9987	
-0.9987	0.4306	0.9987	
-0.9987	0.4334	0.9987	
-0.9987	0.4314	0.9987	
-0.9987	0.4294	0.9987	
-0.9987	0.4314	0.9987	
-0.9987	0.4328	0.9987	
-0.9987	0.4321	0.9987	
-0.9987	0.4319	0.9987	
-0.9987	0.4309	0.9987	
-0.9987	0.4326	0.9987	
-0.9987	0.4321	0.9987	
-0.9987	0.4322	0.9987	
-0.9987	0.4304	0.9987	
-0.9987	0.4324	0.9987	
-0.9987	0.4309	0.9987	
-0.9987	0.4332	0.9987	
-0.9987	0.4325	0.9987	
-0.9987	0.4337	0.9987	
-0.9987	0.4325	0.9987	
-0.9987	0.4328	0.9987	
-0.9987	0.4317	0.9987	
-0.9987	0.4325	0.9987	
-0.9987	0.4310	0.9987	
-0.9987	0.4317	0.9987	
-0.9987	0.4324	0.9987	
-0.9987	0.4319	0.9987	
-0.9987	0.4322	0.9987	
-0.9987	0.4325	0.9987	
-0.9987	0.4325	0.9987	
-0.9987	0.4311	0.9987	
-0.9987	0.4318	0.9987	
-0.9987	0.4334	0.9987	
-0.9987	0.4308	0.9987	
-0.9987	0.4321	0.9987	
-0.9987	0.4311	0.9987	
-0.9987	0.4339	0.9987	
-0.9987	0.4310	0.9987	
-0.9987	0.4317	0.9987	
-0.9987	0.4337	0.9987	
-0.9987	0.4332	0.9987	
-0.9987	0.4323	0.9987	
-0.9987	0.4344	0.9987	
-0.9987	0.4313	0.9987	
-0.9987	0.4300	0.9987	
-0.9987	0.4316	0.9987	
-0.9987	0.4312	0.9987	
-0.9987	0.4323	0.9987	
-0.9987	0.4327	0.9987	
-0.9987	0.4330	0.9987	
-0.9987	0.4326	0.9987	
-0.9987	0.4332	0.9987	
-0.9987	0.4309	0.9987	
-0.9987	0.4322	0.9987	
-0.9987	0.4331	0.9987	
-0.9987	0.4332	0.9987	
-0.9987	0.4323	0.9987	
-0.9987	0.4314	0.9987	
-0.9987	0.4309	0.9987	
-0.9987	0.4306	0.9987	
-0.9987	0.4315	0.9987	
-0.9987	0.4311	0.9987	
-0.9987	0.4311	0.9987	
-0.9987	0.4325	0.9987	
-0.9987	0.4327	0.9987	
-0.9987	0.4313	0.9987	
-0.9987	0.4318	0.9987	
-0.9987	0.4302	0.9987	
-0.9987	0.4311	0.9987	
-0.9987	0.4319	0.9987	
-0.9987	0.4315	0.9987	
-0.9987	0.4311	0.9987	
-0.9987	0.4323	0.9987	
-0.9987	0.4321	0.9987	
-0.9987	0.4301	0.9987	
-0.9987	0.4337	0.9987	
-0.9987	0.4331	0.9987	
-0.9987	0.4318	0.9987	
-0.9987	0.4327	0.9987	
-0.9987	0.4327	0.9987	
-0.9987	0.4329	0.9987	
-0.9987	0.4322	0.9987	
-0.9987	0.4331	0.9987	
-0.9987	0.4312	0.9987	
-0.9987	0.4325	0.9987	
-0.9987	0.4313	0.9987	
-0.9987	0.4316	0.9987	
-0.9987	0.4368	0.9987	
-0.9987	0.4316	0.9987	
-0.9987	0.4312	0.9987	
-0.9987	0.4316	0.9987	
-0.9987	0.4335	0.9987	
-0.9987	0.4319	0.9987	
-0.9987	0.4322	0.9987	
-0.9987	0.4327	0.9987	
-0.9987	0.4322	0.9987	
-0.9987	0.4318	0.9987	
-0.9987	0.4316	0.9987	
-0.9987	0.4328	0.9987	
-0.9987	0.4315	0.9987	
-0.9987	0.4318	0.9987	
-0.9987	0.4308	0.9987	
-0.9987	0.4330	0.9987	
-0.9987	0.4322	0.9987	
-0.9987	0.4309	0.9987	
-0.9987	0.4328	0.9987	
-0.9987	0.4307	0.9987	
-0.9987	0.4308	0.9987	
-0.9987	0.4322	0.9987	
-0.9987	0.4315	0.9987	
-0.9987	0.4320	0.9987	
-0.9987	0.4346	0.9987	
-0.9987	0.4339	0.9987	
-0.9987	0.4349	0.9987	
-0.9987	0.4334	0.9987	
-0.9987	0.4336	0.9987	
-0.9987	0.4317	0.9987	
-0.9987	0.4310	0.9987	
-0.9987	0.4329	0.9987	
-0.9987	0.4335	0.9987	
-0.9987	0.4321	0.9987	
-0.9987	0.4314	0.9987	
-0.9987	0.4329	0.9987	
-0.9987	0.4311	0.9987	
-0.9987	0.4314	0.9987	
-0.9987	0.4315	0.9987	
-0.9987	0.4337	0.9987	
-0.9987	0.4321	0.9987	
-0.9987	0.4319	0.9987	
-0.9987	0.4308	0.9987	
-0.9987	0.4312	0.9987	
-0.9987	0.4293	0.9987	
-0.9987	0.4315	0.9987	
-0.9988	0.4320	0.9988	
-0.9987	0.4327	0.9987	
-0.9987	0.4321	0.9987	
-0.9987	0.4329	0.9987	
-0.9987	0.4312	0.9987	
-0.9987	0.4330	0.9987	
-0.9987	0.4302	0.9987	
-0.9987	0.4315	0.9987	
-0.9988	0.4317	0.9988	
-0.9987	0.4313	0.9987	
-0.9987	0.4316	0.9987	
-0.9987	0.4318	0.9987	
-0.9987	0.4300	0.9987	
-0.9987	0.4337	0.9987	
-0.9988	0.4333	0.9988	
-0.9987	0.4326	0.9987	
-0.9988	0.4326	0.9988	
-0.9987	0.4332	0.9987	
-0.9988	0.4322	0.9988	
-0.9987	0.4319	0.9987	
-0.9987	0.4314	0.9987	
-0.9987	0.4323	0.9987	
-0.9988	0.4314	0.9988	
-0.9987	0.4332	0.9987	
-0.9987	0.4330	0.9987	
-0.9987	0.4318	0.9987	
-0.9987	0.4313	0.9987	
-0.9987	0.4327	0.9987	
-0.9987	0.4321	0.9987	
-0.9987	0.4311	0.9987	
-0.9988	0.4321	0.9988	
-0.9987	0.4315	0.9987	
-0.9987	0.4323	0.9987	
-0.9987	0.4317	0.9987	
-0.9987	0.4340	0.9987	
-0.9988	0.4304	0.9988	
-0.9988	0.4345	0.9988	
-0.9987	0.4318	0.9987	
-0.9988	0.4332	0.9988	
-0.9987	0.4336	0.9987	
-0.9987	0.4304	0.9987	
-0.9987	0.4318	0.9987	
-0.9988	0.4327	0.9988	
-0.9988	0.4332	0.9988	
-0.9988	0.4329	0.9988	
-0.9988	0.4329	0.9988	
-0.9987	0.4328	0.9987	
-0.9987	0.4335	0.9987	
-0.9987	0.4299	0.9987	
-0.9988	0.4307	0.9988	
-0.9988	0.4325	0.9988	
-0.9987	0.4307	0.9987	
-0.9987	0.4317	0.9987	
-0.9987	0.4323	0.9987	
-0.9987	0.4315	0.9987	
-0.9987	0.4328	0.9987	
-0.9987	0.4319	0.9987	
-0.9987	0.4314	0.9987	
-0.9988	0.4338	0.9988	
-0.9987	0.4321	0.9987	
-0.9987	0.4314	0.9987	
-0.9987	0.4311	0.9987	
-0.9987	0.4315	0.9987	
0.4816	0.5374	
0.4590	0.5113	
0.4359	0.4882	
0.4112	0.4669	
0.3817	0.4474	
0.3476	0.4294	
0.3121	0.4122	
0.2791	0.3955	
0.2513	0.3790	
0.2303	0.3626	
0.2142	0.3464	
0.2028	0.3307	
0.1944	0.3156	
0.1867	0.3009	
0.1795	0.2861	
0.1729	0.2711	
0.1670	0.2558	
0.1617	0.2403	
0.1574	0.2248	
0.1539	0.2091	
0.1511	0.1936	
0.1489	0.1784	
0.1473	0.1633	
0.1460	0.1488	
0.1451	0.1347	
0.1444	0.1213	
0.1439	0.1086	
0.1435	0.0967	
0.1431	0.0855	
0.1428	0.0750	
0.1426	0.0654	
0.1423	0.0564	
0.1421	0.0483	
0.1418	0.0411	
0.1416	0.0345	
0.1414	0.0289	
0.1412	0.0240	
0.1410	0.0198	
0.1408	0.0162	
0.1406	0.0132	
0.1404	0.0109	
0.1402	0.0092	
0.1401	0.0079	
0.1399	0.0070	
0.1397	0.0063	
0.1396	0.0059	
0.1394	0.0055	
0.1393	0.0052	
0.1391	0.0049	
0.1390	0.0047	
0.1389	0.0045	
0.1387	0.0043	
0.1386	0.0041	
0.1385	0.0039	
0.1384	0.0038	
0.1382	0.0037	
0.1381	0.0035	
0.1380	0.0034	
0.1379	0.0033	
0.1378	0.0032	
0.1377	0.0031	
0.1376	0.0031	
0.1374	0.0030	
0.1374	0.0029	
0.1373	0.0028	
0.1372	0.0028	
0.1370	0.0027	
0.1369	0.0026	
0.1369	0.0026	
0.1367	0.0025	
0.1366	0.0024	
0.1366	0.0024	
0.1364	0.0023	
0.1364	0.0023	
0.1362	0.0022	
0.1362	0.0022	
0.1360	0.0021	
0.1359	0.0021	
0.1358	0.0020	
0.1357	0.0020	
0.1355	0.0020	
0.1355	0.0019	
0.1353	0.0019	
0.1352	0.0018	
0.1351	0.0018	
0.1349	0.0018	
0.1349	0.0017	
0.1347	0.0017	
0.1346	0.0017	
0.1345	0.0016	
0.1344	0.0016	
0.1342	0.0016	
0.1341	0.0015	
0.1340	0.0015	
0.1340	0.0015	
0.1338	0.0014	
0.1336	0.0014	
0.1335	0.0014	
0.1334	0.0013	
0.1333	0.0013	
0.1331	0.0013	
0.1331	0.0013	
0.1329	0.0012	
0.1329	0.0012	
0.1329	0.0012	
0.1326	0.0012	
0.1326	0.0011	
0.1324	0.0011	
0.1323	0.0011	
0.1322	0.0011	
0.1321	0.0011	
0.1321	0.0010	
0.1321	0.0010	
0.1319	0.0010	
0.1318	0.0010	
0.1317	0.0010	
0.1317	0.0009	
0.1315	0.0009	
0.1315	0.0009	
0.1314	0.0009	
0.1312	0.0009	
0.1313	0.0009	
0.1314	0.0009	
0.1313	0.0008	
0.1310	0.0008	
0.1311	0.0008	
0.1310	0.0008	
0.1308	0.0008	
0.1308	0.0008	
0.1307	0.0008	
0.1306	0.0007	
0.1306	0.0007	
0.1306	0.0007	
0.1305	0.0007	
0.1305	0.0007	
0.1304	0.0007	
0.1303	0.0007	
0.1303	0.0007	
0.1302	0.0007	
0.1302	0.0006	
0.1303	0.0006	
0.1301	0.0006	
0.1301	0.0006	
0.1301	0.0006	
0.1299	0.0006	
0.1300	0.0006	
0.1299	0.0006	
0.1299	0.0006	
0.1299	0.0006	
0.1298	0.0006	
0.1298	0.0005	
0.1297	0.0005	
0.1298	0.0005	
0.1297	0.0005	
0.1296	0.0005	
0.1296	0.0005	
0.1297	0.0005	
0.1296	0.0005	
0.1297	0.0005	
0.1295	0.0005	
0.1295	0.0005	
0.1294	0.0005	
0.1294	0.0005	
0.1294	0.0005	
0.1293	0.0005	
0.1293	0.0004	
0.1293	0.0004	
0.1294	0.0004	
0.1293	0.0004	
0.1292	0.0004	
0.1292	0.0004	
0.1293	0.0004	
0.1297	0.0004	
0.1293	0.0004	
0.1290	0.0004	
0.1294	0.0004	
0.1293	0.0004	
0.1291	0.0004	
0.1291	0.0004	
0.1291	0.0004	
0.1290	0.0004	
0.1290	0.0004	
0.1289	0.0004	
0.1290	0.0004	
0.1291	0.0004	
0.1289	0.0004	
0.1290	0.0004	
0.1289	0.0004	
0.1287	0.0004	
0.1289	0.0003	
0.1288	0.0003	
0.1288	0.0003	
0.1288	0.0003	
0.1287	0.0003	
0.1288	0.0003	
0.1289	0.0003	
0.1290	0.0003	
0.1291	0.0003	
0.1288	0.0003	
0.1287	0.0003	
0.1287	0.0003	
0.1286	0.0003	
0.1287	0.0003	
0.1288	0.0003	
0.1289	0.0003	
0.1286	0.0003	
0.1285	0.0003	
0.1286	0.0003	
0.1287	0.0003	
0.1287	0.0003	
0.1285	0.0003	
0.1284	0.0003	
0.1285	0.0003	
0.1284	0.0003	
0.1284	0.0003	
0.1285	0.0003	
0.1284	0.0003	
0.1284	0.0003	
0.1283	0.0003	
0.1285	0.0003	
0.1285	0.0003	
0.1283	0.0003	
0.1284	0.0003	
0.1283	0.0003	
0.1285	0.0003	
0.1284	0.0003	
0.1283	0.0003	
0.1284	0.0003	
0.1283	0.0003	
0.1283	0.0003	
0.1284	0.0003	
0.1282	0.0003	
0.1282	0.0003	
0.1282	0.0003	
0.1283	0.0003	
0.1282	0.0003	
0.1281	0.0003	
0.1282	0.0002	
0.1281	0.0002	
0.1281	0.0002	
0.1283	0.0002	
0.1281	0.0002	
0.1282	0.0002	
0.1282	0.0002	
0.1282	0.0002	
0.1281	0.0002	
0.1283	0.0002	
0.1282	0.0002	
0.1282	0.0002	
0.1281	0.0002	
0.1280	0.0002	
0.1280	0.0002	
0.1281	0.0002	
0.1281	0.0002	
0.1281	0.0002	
0.1281	0.0002	
0.1280	0.0002	
0.1280	0.0002	
0.1280	0.0002	
0.1280	0.0002	
0.1280	0.0002	
0.1281	0.0002	
0.1280	0.0002	
0.1280	0.0002	
0.1281	0.0002	
0.1280	0.0002	
0.1280	0.0002	
0.1280	0.0002	
0.1279	0.0002	
0.1281	0.0002	
0.1279	0.0002	
0.1280	0.0002	
0.1279	0.0002	
0.1279	0.0002	
0.1279	0.0002	
0.1279	0.0002	
0.1279	0.0002	
0.1279	0.0002	
0.1280	0.0002	
0.1278	0.0002	
0.1278	0.0002	
0.1278	0.0002	
0.1279	0.0002	
0.1278	0.0002	
0.1278	0.0002	
0.1278	0.0002	
0.1278	0.0002	
0.1279	0.0002	
0.1281	0.0002	
0.1278	0.0002	
0.1277	0.0002	
0.1278	0.0002	
0.1279	0.0002	
0.1277	0.0002	
0.1278	0.0002	
0.1278	0.0002	
0.1277	0.0002	
0.1277	0.0002	
0.1277	0.0002	
0.1277	0.0002	
0.1277	0.0002	
0.1277	0.0002	
0.1277	0.0002	
0.1276	0.0002	
0.1277	0.0002	
0.1277	0.0002	
0.1276	0.0002	
0.1276	0.0002	
0.1276	0.0002	
0.1277	0.0002	
0.1276	0.0002	
0.1276	0.0002	
0.1276	0.0002	
0.1276	0.0002	
0.1275	0.0002	
0.1276	0.0002	
0.1275	0.0002	
0.1275	0.0002	
0.1276	0.0002	
0.1275	0.0002	
0.1276	0.0002	
0.1277	0.0002	
0.1278	0.0002	
0.1276	0.0002	
0.1276	0.0002	
0.1276	0.0002	
0.1275	0.0002	
0.1275	0.0002	
0.1275	0.0002	
0.1275	0.0002	
0.1277	0.0002	
0.1276	0.0002	
0.1275	0.0002	
0.1275	0.0002	
0.1275	0.0002	
0.1275	0.0002	
0.1276	0.0002	
0.1274	0.0002	
0.1275	0.0002	
0.1275	0.0002	
0.1275	0.0002	
0.1274	0.0002	
0.1275	0.0002	
0.1274	0.0002	
0.1274	0.0002	
0.1274	0.0002	
0.1274	0.0002	
0.1275	0.0002	
0.1274	0.0002	
0.1275	0.0002	
0.1275	0.0002	
0.1276	0.0002	
0.1277	0.0002	
0.1276	0.0002	
0.1275	0.0002	
0.1274	0.0002	
0.1274	0.0002	
0.1276	0.0002	
0.1274	0.0002	
0.1274	0.0002	
0.1274	0.0002	
0.1273	0.0002	
0.1274	0.0002	
0.1273	0.0002	
0.1273	0.0002	
0.1274	0.0002	
0.1273	0.0002	
0.1273	0.0002	
0.1273	0.0002	
0.1273	0.0002	
0.1274	0.0002	
0.1273	0.0002	
0.1273	0.0002	
0.1274	0.0002	
0.1277	0.0002	
0.1273	0.0002	
0.1274	0.0002	
0.1274	0.0002	
0.1273	0.0002	
0.1273	0.0002	
0.1272	0.0002	
0.1273	0.0002	
0.1272	0.0002	
0.1273	0.0002	
0.1273	0.0002	
0.1272	0.0002	
0.1273	0.0002	
0.1273	0.0002	
0.1273	0.0002	
0.1274	0.0002	
0.1272	0.0002	
0.1272	0.0002	
0.1273	0.0002	
0.1273	0.0002	
0.1272	0.0002	
0.1273	0.0002	
0.1275	0.0002	
0.1274	0.0002	
0.1272	0.0002	
0.1272	0.0002	
0.1272	0.0002	
0.1272	0.0002	
0.1273	0.0002	
0.1273	0.0002	
0.1272	0.0002	
0.1272	0.0002	
0.1272	0.0002	
0.1274	0.0002	
0.1273	0.0002	
0.1272	0.0002	
0.1273	0.0002	
0.1273	0.0002	
0.1272	0.0002	
0.1272	0.0002	
0.1273	0.0002	
0.1271	0.0002	
0.1272	0.0002	
0.1271	0.0002	
0.1272	0.0002	
0.1272	0.0002	
0.1273	0.0002	
0.1272	0.0002	
0.1273	0.0002	
0.1272	0.0002	
0.1272	0.0002	
0.1271	0.0002	
0.1271	0.0002	
0.1271	0.0002	
0.1272	0.0002	
0.1272	0.0002	
0.1271	0.0002	
0.1272	0.0002	
0.1272	0.0002	
0.1271	0.0002	
0.1271	0.0002	
0.1272	0.0002	
0.1271	0.0002	
0.1271	0.0002	
0.1271	0.0002	
0.1272	0.0002	
0.1271	0.0002	
0.1271	0.0002	
0.1271	0.0002	
0.1270	0.0002	
0.1272	0.0002	
0.1272	0.0002	
0.1271	0.0002	
0.1271	0.0002	
0.1271	0.0002	
0.1271	0.0002	
0.1271	0.0002	
0.1270	0.0002	
0.1271	0.0002	
0.1272	0.0002	
0.1271	0.0002	
0.1271	0.0002	
0.1271	0.0002	
0.1271	0.0002	
0.1271	0.0002	
0.1271	0.0002	
0.1270	0.0002	
0.1270	0.0002	
0.1271	0.0002	
0.1271	0.0002	
0.1271	0.0002	
0.1270	0.0002	
0.1270	0.0002	
0.1270	0.0001	
0.1270	0.0001	
0.1270	0.0001	
0.1270	0.0001	
0.1270	0.0002	
0.1271	0.0002	
0.1271	0.0002	
0.1270	0.0001	
0.1270	0.0001	
0.1271	0.0001	
0.1271	0.0001	
0.1271	0.0001	
0.1270	0.0001	
0.1270	0.0001	
0.1271	0.0001	
0.1270	0.0001	
0.1271	0.0001	
0.1270	0.0001	
0.1270	0.0001	
0.1270	0.0001	
0.1270	0.0001	
0.1269	0.0001	
0.1270	0.0001	
0.1270	0.0001	
0.1269	0.0001	
0.1270	0.0001	
0.1270	0.0001	
0.1269	0.0001	
0.1270	0.0001	
0.1270	0.0001	
0.1270	0.0001	
0.1270	0.0002	
0.1270	0.0002	
0.1269	0.0002	
0.1269	0.0001	
0.1270	0.0001	
0.1269	0.0001	
0.1269	0.0001	
0.1269	0.0001	
0.1269	0.0001	
0.1270	0.0001	
0.1270	0.0001	
0.1269	0.0001	
0.1269	0.0001	
0.1269	0.0001	
0.1269	0.0001	
0.1269	0.0001	
0.1270	0.0001	
0.1269	0.0001	
0.1271	0.0001	
0.1273	0.0001	
0.1269	0.0001	
0.1271	0.0001	
0.1269	0.0001	
0.1268	0.0001	
0.1269	0.0001	
0.1270	0.0001	
0.1269	0.0001	
0.1269	0.0001	
0.1269	0.0001	
0.1269	0.0001	
0.1269	0.0001	
0.1269	0.0001	
0.1269	0.0001	
0.1269	0.0001	
0.1269	0.0001	
0.1268	0.0001	
0.1269	0.0001	
0.1270	0.0001	
0.1268	0.0001	
0.1269	0.0001	
0.1268	0.0001	
0.1268	0.0001	
0.1271	0.0001	
0.1268	0.0001	
0.1269	0.0001	
0.1272	0.0001	
0.1270	0.0001	
0.1268	0.0001	
0.1268	0.0001	
0.1268	0.0001	
0.1268	0.0001	
0.1268	0.0001	
0.1269	0.0001	
0.1268	0.0001	
0.1270	0.0001	
0.1271	0.0001	
0.1268	0.0001	
0.1270	0.0001	
0.1268	0.0001	
0.1268	0.0001	
0.1268	0.0001	
0.1268	0.0001	
0.1268	0.0001	
0.1268	0.0001	
0.1269	0.0001	
0.1268	0.0001	
0.1268	0.0001	
0.1268	0.0001	
0.1268	0.0001	
0.1268	0.0001	
0.1268	0.0001	
0.1268	0.0001	
0.1268	0.0001	
0.1268	0.0001	
0.1269	0.0001	
0.1269	0.0001	
0.1268	0.0001	
0.1268	0.0001	
0.1268	0.0001	
0.1268	0.0001	
0.1268	0.0001	
0.1269	0.0001	
0.1268	0.0001	
0.1268	0.0001	
0.1269	0.0001	
0.1268	0.0001	
0.1269	0.0001	
0.1269	0.0001	
0.1267	0.0001	
0.1269	0.0001	
0.1268	0.0001	
0.1267	0.0001	
0.1268	0.0001	
0.1268	0.0001	
0.1267	0.0001	
0.1268	0.0001	
0.1268	0.0001	
0.1267	0.0001	
0.1269	0.0001	
0.1269	0.0001	
0.1268	0.0001	
0.1267	0.0001	
0.1269	0.0001	
0.1268	0.0001	
0.1268	0.0001	
0.1267	0.0001	
0.1268	0.0001	
0.1268	0.0001	
0.1268	0.0001	
0.1267	0.0001	
0.1268	0.0001	
0.1268	0.0001	
0.1269	0.0001	
0.1268	0.0001	
0.1267	0.0001	
0.1268	0.0001	
0.1267	0.0001	
0.1267	0.0001	
0.1267	0.0001	
0.1267	0.0001	
0.1268	0.0001	
0.1267	0.0001	
0.1269	0.0001	
0.1267	0.0001	
0.1268	0.0001	
0.1268	0.0001	
0.1267	0.0001	
0.1267	0.0001	
0.1267	0.0001	
0.1267	0.0001	
0.1267	0.0001	
0.1267	0.0001	
0.1267	0.0001	
0.1267	0.0001	
0.1267	0.0001	
0.1267	0.0001	
0.1267	0.0001	
0.1267	0.0001	
0.1267	0.0001	
0.1267	0.0001	
0.1268	0.0001	
0.1267	0.0001	
0.1267	0.0001	
0.1267	0.0001	
0.1267	0.0001	
0.1268	0.0001	
0.1267	0.0001	
0.1267	0.0001	
0.1269	0.0001	
0.1268	0.0001	
0.1268	0.0001	
0.1268	0.0001	
0.1268	0.0001	
0.1267	0.0001	
0.1267	0.0001	
0.1268	0.0001	
0.1267	0.0001	
0.1267	0.0001	
0.1267	0.0001	
0.1267	0.0001	
0.1267	0.0001	
0.1267	0.0001	
0.1267	0.0001	
0.1267	0.0001	
0.1267	0.0001	
0.1267	0.0001	
0.1267	0.0001	
0.1267	0.0001	
0.1267	0.0001	
0.1268	0.0001	
0.1267	0.0001	
0.1268	0.0001	
0.1267	0.0001	
0.1267	0.0002	
0.1268	0.0001	
0.1267	0.0001	
0.1267	0.0002	
0.1267	0.0001	
0.1267	0.0002	
0.1267	0.0001	
0.1267	0.0001	
0.1267	0.0001	
0.1267	0.0001	
0.1267	0.0001	
0.1266	0.0001	
0.1266	0.0001	
0.1267	0.0001	
0.1267	0.0001	
0.1268	0.0001	
0.1268	0.0001	
0.1268	0.0001	
0.1267	0.0001	
0.1267	0.0001	
0.1266	0.0001	
0.1267	0.0001	
0.1267	0.0001	
0.1266	0.0001	
0.1267	0.0001	
0.1267	0.0001	
0.1267	0.0001	
0.1266	0.0001	
0.1267	0.0001	
0.1267	0.0001	
0.1267	0.0001	
0.1267	0.0001	
0.1267	0.0001	
0.1266	0.0001	
0.1268	0.0001	
0.1268	0.0001	
0.1269	0.0001	
0.1266	0.0001	
0.1267	0.0001	
0.1267	0.0001	
0.1267	0.0001	
0.1267	0.0001	
0.1267	0.0001	
0.1268	0.0001	
0.1267	0.0001	
0.1267	0.0001	
0.1267	0.0001	
0.1266	0.0001	
0.1267	0.0001	
0.1267	0.0001	
0.1266	0.0001	
0.1268	0.0001	
0.1266	0.0001	
0.1267	0.0001	
0.1267	0.0001	
0.1266	0.0001	
0.1267	0.0001	
0.1266	0.0001	
0.1266	0.0001	
0.1267	0.0001	
0.1266	0.0001	
0.1267	0.0001	
0.1267	0.0001	
0.1266	0.0001	
0.1267	0.0001	
0.1269	0.0001	
0.1267	0.0001	
0.1267	0.0001	
0.1267	0.0001	
0.1268	0.0001	
0.1266	0.0001	
0.1266	0.0001	
0.1268	0.0001	
0.1267	0.0001	
0.1267	0.0001	
0.1268	0.0001	
0.1267	0.0001	
0.1267	0.0001	
0.1268	0.0001	
0.1267	0.0001	
0.1267	0.0001	
0.1267	0.0001	
0.1267	0.0001	
0.1266	0.0001	
0.1266	0.0001	
0.1266	0.0001	
0.1267	0.0001	
0.1266	0.0001	
0.1266	0.0001	
0.1266	0.0001	
0.1268	0.0001	
0.1267	0.0001	
0.1266	0.0001	
0.1266	0.0002	
0.1266	0.0002	
0.1267	0.0001	
0.1266	0.0001	
0.1266	0.0001	
0.1266	0.0001	
0.1267	0.0002	
0.1266	0.0002	
0.1266	0.0001	
0.1266	0.0001	
0.1267	0.0001	
0.1266	0.0001	
0.1267	0.0001	
0.1266	0.0001	
0.1267	0.0002	
0.1266	0.0001	
0.1267	0.0001	
0.1266	0.0001	
0.1266	0.0001	
0.1266	0.0001	
0.1266	0.0001	
0.1266	0.0001	
0.1266	0.0001	
0.1267	0.0001	
0.1266	0.0001	
0.1266	0.0001	
0.1266	0.0001	
0.1266	0.0001	
0.1267	0.0001	
0.1265	0.0001	
0.1266	0.0002	
0.1266	0.0001	
0.1266	0.0001	
0.1266	0.0001	
0.1266	0.0001	
0.1266	0.0001	
0.1266	0.0001	
0.1267	0.0001	
0.1266	0.0002	
0.1266	0.0002	
0.1267	0.0002	
0.1266	0.0001	
0.1266	0.0002	
0.1266	0.0001	
0.1266	0.0001	
0.1266	0.0001	
0.1269	0.0002	
0.1267	0.0002	
0.1266	0.0002	
0.1266	0.0001	
0.1267	0.0001	
0.1266	0.0002	
0.1266	0.0002	
0.1267	0.0001	
0.1267	0.0002	
0.1266	0.0002	
0.1266	0.0001	
0.1266	0.0001	
0.1266	0.0001	
0.1266	0.0001	
0.1266	0.0001	
0.1266	0.0002	
0.1266	0.0001	
0.1266	0.0002	
0.1266	0.0001	
0.1266	0.0002	
0.1266	0.0001	
0.1268	0.0001	
0.1265	0.0002	
0.1267	0.0002	
0.1268	0.0002	
0.1266	0.0002	
0.1267	0.0002	
0.1267	0.0001	
0.1266	0.0002	
0.1266	0.0002	
0.1266	0.0002	
0.1265	0.0002	
0.1266	0.0002	
0.1266	0.0002	
0.1266	0.0002	
0.1266	0.0002	
0.1266	0.0002	
0.1266	0.0002	
0.1266	0.0002	
0.1266	0.0002	
0.1266	0.0002	
0.1266	0.0002	
0.1266	0.0002	
0.1266	0.0002	
0.1266	0.0002	
0.1266	0.0002	
0.1266	0.0002	
0.1265	0.0002	
0.1266	0.0002	
0.1265	0.0002	
0.1266	0.0002	
0.1266	0.0002	
0.1266	0.0002	
0.1266	0.0002	
0.1266	0.0002	
0.1268	0.0002	
0.1267	0.0002	
0.1266	0.0002	
0.1267	0.0002	
0.1266	0.0002	
0.1266	0.0002	
0.1266	0.0002	
0.1265	0.0002	
0.1267	0.0002	
0.1266	0.0002	
0.1266	0.0002	
0.1266	0.0002	
0.1266	0.0002	
0.1266	0.0002	
0.1266	0.0002	
0.1266	0.0002	
0.1266	0.0002	
0.1265	0.0002	
0.1266	0.0002	
0.1265	0.0002	
0.1268	0.0002	
0.1266	0.0002	
0.1266	0.0002	
0.1265	0.0002	
0.1265	0.0002	
0.1265	0.0002	
0.1265	0.0002	
0.1267	0.0002	
0.1265	0.0002	
0.1266	0.0002	
0.1266	0.0002	
0.1265	0.0002	
0.1265	0.0002	
0.1265	0.0002	
0.1266	0.0002	
0.1265	0.0002	
0.1266	0.0002	
0.1265	0.0002	
0.1266	0.0002	
0.1265	0.0002	
0.1265	0.0002	
0.1266	0.0002	
0.1265	0.0002	
0.1266	0.0002	
0.1267	0.0002	
0.1266	0.0002	
0.1266	0.0002	
0.1266	0.0002	
0.1266	0.0002	
0.1265	0.0002	
0.1266	0.0002	
0.1265	0.0002	
0.1266	0.0002	
0.1266	0.0002	
0.1266	0.0002	
0.1265	0.0002	
0.1265	0.0002	
0.1266	0.0002	
0.1265	0.0002	
0.1265	0.0002	
0.1266	0.0002	
0.1265	0.0002	
0.1266	0.0002	
0.1265	0.0002	
0.1265	0.0002	
0.1266	0.0002	
0.1265	0.0002	
0.1265	0.0002	
0.1266	0.0002	
0.1265	0.0002	
0.1265	0.0002	
0.1265	0.0002	
0.1266	0.0002	
0.1266	0.0002	
0.1265	0.0002	
0.1265	0.0002	
0.1265	0.0002	
0.1266	0.0002	
0.1266	0.0002	
0.1266	0.0002	
0.1265	0.0002	
0.1266	0.0002	
0.1265	0.0002	
0.1266	0.0002	
0.1266	0.0002	
0.1265	0.0002	
0.1266	0.0002	
0.1265	0.0002	
0.1266	0.0002	
0.1266	0.0002	
0.1265	0.0002	
0.1266	0.0002	
0.1266	0.0002	
0.1265	0.0002	
0.1266	0.0002	
0.1266	0.0002	
0.1265	0.0002	
0.1266	0.0002	
0.1265	0.0002	
0.1267	0.0002	
0.1265	0.0002	
0.1266	0.0002	
0.1265	0.0002	
0.1266	0.0002	
0.1265	0.0002	
0.1265	0.0002	
0.1265	0.0002	
0.1265	0.0002	
0.1266	0.0002	
0.1265	0.0002	
0.1265	0.0002	
0.1265	0.0002	
0.1266	0.0002	
0.1267	0.0002	
0.1266	0.0002	
0.1266	0.0002	
0.1265	0.0002	
0.1266	0.0002	
0.1265	0.0002	
0.1265	0.0002	
0.1266	0.0002	
0.1266	0.0002	
0.1266	0.0002	
0.1266	0.0002	
0.1265	0.0002	
0.1265	0.0002	
0.1265	0.0002	
0.1265	0.0002	
0.1265	0.0002	
0.1266	0.0002	
0.1267	0.0002	
0.1265	0.0002	
0.1265	0.0002	
0.1266	0.0002	
0.1265	0.0002	
