Loss_Adversary	Loss_Target	
-0.0884	0.1731	0.2005	
-0.1235	0.2370	0.2780	
-0.1550	0.2851	0.3436	
-0.1790	0.3113	0.3892	
-0.1972	0.3259	0.4214	
-0.2124	0.3302	0.4449	
-0.2227	0.3305	0.4598	
-0.2304	0.3299	0.4705	
-0.2352	0.3278	0.4766	
-0.2387	0.3231	0.4794	
-0.2418	0.3189	0.4822	
-0.2448	0.3121	0.4834	
-0.2468	0.3062	0.4838	
-0.2505	0.2980	0.4856	
-0.2535	0.2919	0.4872	
-0.2580	0.2849	0.4907	
-0.2634	0.2781	0.4955	
-0.2729	0.2701	0.5056	
-0.2977	0.2666	0.5396	
-0.3570	0.2851	0.6322	
-0.4376	0.3174	0.7611	
-0.4887	0.3376	0.8429	
-0.5131	0.3613	0.8878	
-0.5266	0.3822	0.9162	
-0.5346	0.3978	0.9343	
-0.5389	0.4090	0.9451	
-0.5416	0.4161	0.9520	
-0.5428	0.4217	0.9562	
-0.5442	0.4229	0.9586	
-0.5454	0.4226	0.9603	
-0.5457	0.4245	0.9615	
-0.5467	0.4234	0.9624	
-0.5477	0.4227	0.9635	
-0.5486	0.4223	0.9647	
-0.5490	0.4236	0.9659	
-0.5484	0.4288	0.9672	
-0.5505	0.4246	0.9684	
-0.5508	0.4263	0.9696	
-0.5517	0.4261	0.9708	
-0.5515	0.4298	0.9720	
-0.5528	0.4268	0.9726	
-0.5530	0.4285	0.9736	
-0.5538	0.4271	0.9742	
-0.5537	0.4294	0.9751	
-0.5548	0.4281	0.9761	
-0.5552	0.4286	0.9768	
-0.5552	0.4305	0.9777	
-0.5555	0.4320	0.9787	
-0.5567	0.4302	0.9797	
-0.5569	0.4320	0.9807	
-0.5578	0.4325	0.9822	
-0.5595	0.4306	0.9838	
-0.5613	0.4280	0.9853	
-0.5614	0.4294	0.9860	
-0.5612	0.4309	0.9864	
-0.5624	0.4276	0.9867	
-0.5630	0.4266	0.9871	
-0.5627	0.4285	0.9875	
-0.5631	0.4281	0.9879	
-0.5635	0.4276	0.9882	
-0.5636	0.4278	0.9885	
-0.5637	0.4296	0.9894	
-0.5645	0.4282	0.9899	
-0.5657	0.4252	0.9904	
-0.5660	0.4248	0.9907	
-0.5666	0.4231	0.9907	
-0.5674	0.4209	0.9909	
-0.5673	0.4209	0.9909	
-0.5678	0.4193	0.9909	
-0.5680	0.4189	0.9909	
-0.5675	0.4205	0.9909	
-0.5679	0.4192	0.9910	
-0.5680	0.4190	0.9910	
-0.5680	0.4188	0.9909	
-0.5688	0.4161	0.9909	
-0.5686	0.4167	0.9909	
-0.5684	0.4174	0.9909	
-0.5688	0.4160	0.9909	
-0.5690	0.4152	0.9908	
-0.5687	0.4162	0.9908	
-0.5686	0.4166	0.9909	
-0.5689	0.4159	0.9909	
-0.5693	0.4147	0.9910	
-0.5684	0.4176	0.9910	
-0.5689	0.4159	0.9910	
-0.5692	0.4150	0.9910	
-0.5690	0.4158	0.9911	
-0.5694	0.4147	0.9911	
-0.5687	0.4167	0.9911	
-0.5694	0.4145	0.9911	
-0.5690	0.4161	0.9911	
-0.5692	0.4152	0.9910	
-0.5694	0.4147	0.9911	
-0.5694	0.4146	0.9912	
-0.5697	0.4139	0.9912	
-0.5686	0.4174	0.9912	
-0.5694	0.4147	0.9911	
-0.5693	0.4153	0.9912	
-0.5694	0.4148	0.9912	
-0.5690	0.4160	0.9912	
-0.5693	0.4153	0.9913	
-0.5694	0.4149	0.9912	
-0.5697	0.4139	0.9912	
-0.5693	0.4153	0.9913	
-0.5686	0.4177	0.9913	
-0.5691	0.4159	0.9913	
-0.5688	0.4171	0.9913	
-0.5690	0.4163	0.9913	
-0.5699	0.4133	0.9912	
-0.5691	0.4159	0.9913	
-0.5691	0.4159	0.9913	
-0.5695	0.4149	0.9914	
-0.5692	0.4159	0.9914	
-0.5689	0.4165	0.9913	
-0.5694	0.4153	0.9914	
-0.5696	0.4147	0.9915	
-0.5688	0.4177	0.9915	
-0.5696	0.4148	0.9915	
-0.5691	0.4164	0.9915	
-0.5702	0.4127	0.9915	
-0.5695	0.4152	0.9915	
-0.5692	0.4162	0.9916	
-0.5697	0.4145	0.9916	
-0.5697	0.4146	0.9915	
-0.5698	0.4141	0.9914	
-0.5689	0.4170	0.9915	
-0.5693	0.4158	0.9915	
-0.5690	0.4168	0.9915	
-0.5687	0.4177	0.9915	
-0.5693	0.4161	0.9915	
-0.5691	0.4163	0.9914	
-0.5695	0.4151	0.9914	
-0.5690	0.4169	0.9915	
-0.5696	0.4147	0.9915	
-0.5692	0.4163	0.9915	
-0.5696	0.4149	0.9915	
-0.5690	0.4170	0.9915	
-0.5689	0.4172	0.9916	
-0.5692	0.4164	0.9916	
-0.5692	0.4163	0.9915	
-0.5696	0.4150	0.9915	
-0.5693	0.4160	0.9915	
-0.5699	0.4137	0.9915	
-0.5701	0.4134	0.9916	
-0.5692	0.4162	0.9916	
-0.5695	0.4151	0.9915	
-0.5689	0.4174	0.9916	
-0.5694	0.4160	0.9917	
-0.5698	0.4145	0.9917	
-0.5698	0.4147	0.9917	
-0.5695	0.4153	0.9916	
-0.5692	0.4163	0.9916	
-0.5685	0.4187	0.9916	
-0.5691	0.4169	0.9916	
-0.5696	0.4153	0.9917	
-0.5694	0.4158	0.9917	
-0.5697	0.4149	0.9917	
-0.5699	0.4144	0.9917	
-0.5698	0.4149	0.9918	
-0.5690	0.4173	0.9917	
-0.5692	0.4167	0.9917	
-0.5694	0.4160	0.9917	
-0.5696	0.4153	0.9918	
-0.5695	0.4158	0.9918	
-0.5694	0.4162	0.9917	
-0.5692	0.4168	0.9917	
-0.5697	0.4150	0.9918	
-0.5694	0.4162	0.9918	
-0.5697	0.4150	0.9918	
-0.5694	0.4162	0.9918	
-0.5694	0.4163	0.9918	
-0.5693	0.4165	0.9919	
-0.5688	0.4181	0.9918	
-0.5696	0.4154	0.9918	
-0.5696	0.4153	0.9917	
-0.5696	0.4154	0.9918	
-0.5696	0.4156	0.9918	
-0.5696	0.4157	0.9918	
-0.5696	0.4153	0.9917	
-0.5694	0.4161	0.9917	
-0.5694	0.4160	0.9917	
-0.5691	0.4173	0.9918	
-0.5695	0.4161	0.9919	
-0.5698	0.4148	0.9918	
-0.5696	0.4158	0.9919	
-0.5695	0.4159	0.9918	
-0.5694	0.4162	0.9917	
-0.5694	0.4160	0.9918	
-0.5692	0.4168	0.9918	
-0.5697	0.4154	0.9919	
-0.5696	0.4158	0.9919	
-0.5698	0.4150	0.9918	
-0.5697	0.4154	0.9918	
-0.5695	0.4160	0.9918	
-0.5700	0.4142	0.9918	
-0.5695	0.4157	0.9918	
-0.5695	0.4159	0.9919	
-0.5701	0.4142	0.9919	
-0.5693	0.4172	0.9920	
-0.5692	0.4173	0.9921	
-0.5698	0.4152	0.9920	
-0.5696	0.4158	0.9919	
-0.5694	0.4162	0.9918	
-0.5697	0.4152	0.9918	
-0.5700	0.4144	0.9920	
-0.5693	0.4170	0.9920	
-0.5695	0.4162	0.9920	
-0.5695	0.4162	0.9920	
-0.5696	0.4158	0.9920	
-0.5699	0.4148	0.9920	
-0.5697	0.4154	0.9919	
-0.5695	0.4162	0.9920	
-0.5693	0.4168	0.9920	
-0.5692	0.4171	0.9920	
-0.5689	0.4183	0.9920	
-0.5694	0.4168	0.9921	
-0.5686	0.4193	0.9920	
-0.5698	0.4155	0.9920	
-0.5696	0.4162	0.9921	
-0.5690	0.4180	0.9920	
-0.5700	0.4148	0.9920	
-0.5700	0.4148	0.9921	
-0.5696	0.4165	0.9922	
-0.5694	0.4170	0.9922	
-0.5695	0.4168	0.9922	
-0.5694	0.4171	0.9922	
-0.5699	0.4153	0.9921	
-0.5698	0.4155	0.9921	
-0.5692	0.4177	0.9922	
-0.5695	0.4172	0.9924	
-0.5695	0.4173	0.9924	
-0.5699	0.4155	0.9923	
-0.5698	0.4158	0.9922	
-0.5692	0.4178	0.9922	
-0.5690	0.4187	0.9923	
-0.5696	0.4167	0.9924	
-0.5700	0.4155	0.9924	
-0.5697	0.4164	0.9924	
-0.5692	0.4178	0.9922	
-0.5695	0.4165	0.9921	
-0.5697	0.4164	0.9922	
-0.5694	0.4178	0.9925	
-0.5697	0.4168	0.9925	
-0.5694	0.4177	0.9924	
-0.5695	0.4176	0.9926	
-0.5696	0.4174	0.9926	
-0.5696	0.4174	0.9926	
-0.5694	0.4182	0.9926	
-0.5695	0.4179	0.9926	
-0.5692	0.4187	0.9926	
-0.5698	0.4168	0.9926	
-0.5696	0.4179	0.9928	
-0.5691	0.4193	0.9928	
-0.5699	0.4165	0.9927	
-0.5700	0.4164	0.9928	
-0.5693	0.4189	0.9928	
-0.5703	0.4151	0.9927	
-0.5703	0.4155	0.9928	
-0.5705	0.4152	0.9930	
-0.5698	0.4180	0.9931	
-0.5693	0.4197	0.9931	
-0.5702	0.4167	0.9931	
-0.5704	0.4158	0.9931	
-0.5700	0.4176	0.9932	
-0.5700	0.4174	0.9932	
-0.5701	0.4173	0.9933	
-0.5700	0.4178	0.9933	
-0.5697	0.4185	0.9933	
-0.5702	0.4172	0.9933	
-0.5701	0.4175	0.9934	
-0.5699	0.4180	0.9934	
-0.5703	0.4173	0.9935	
-0.5700	0.4183	0.9935	
-0.5708	0.4156	0.9935	
-0.5706	0.4165	0.9936	
-0.5708	0.4160	0.9937	
-0.5706	0.4168	0.9937	
-0.5708	0.4158	0.9936	
-0.5708	0.4159	0.9936	
-0.5709	0.4157	0.9937	
-0.5709	0.4155	0.9937	
-0.5706	0.4163	0.9936	
-0.5713	0.4139	0.9935	
-0.5710	0.4149	0.9936	
-0.5709	0.4153	0.9935	
-0.5711	0.4144	0.9934	
-0.5712	0.4141	0.9935	
-0.5707	0.4158	0.9934	
-0.5706	0.4156	0.9933	
-0.5704	0.4159	0.9931	
-0.5712	0.4132	0.9931	
-0.5715	0.4120	0.9929	
-0.5709	0.4137	0.9928	
-0.5714	0.4118	0.9927	
-0.5720	0.4098	0.9928	
-0.5714	0.4117	0.9927	
-0.5713	0.4115	0.9925	
-0.5713	0.4112	0.9924	
-0.5720	0.4087	0.9923	
-0.5715	0.4101	0.9922	
-0.5719	0.4087	0.9921	
-0.5715	0.4093	0.9919	
-0.5715	0.4088	0.9917	
-0.5718	0.4074	0.9915	
-0.5723	0.4057	0.9914	
-0.5714	0.4085	0.9914	
-0.5722	0.4054	0.9912	
-0.5725	0.4036	0.9908	
-0.5721	0.4049	0.9908	
-0.5721	0.4046	0.9908	
-0.5719	0.4047	0.9905	
-0.5725	0.4024	0.9902	
-0.5721	0.4029	0.9899	
-0.5726	0.4007	0.9897	
-0.5722	0.4016	0.9895	
-0.5722	0.4008	0.9893	
-0.5729	0.3983	0.9892	
-0.5723	0.4010	0.9894	
-0.5729	0.3981	0.9891	
-0.5732	0.3975	0.9891	
-0.5732	0.3983	0.9896	
-0.5733	0.3968	0.9891	
-0.5735	0.3957	0.9888	
-0.5728	0.3989	0.9892	
-0.5733	0.3966	0.9889	
-0.5729	0.3988	0.9893	
-0.5728	0.4001	0.9898	
-0.5729	0.3989	0.9893	
-0.5738	0.3961	0.9895	
-0.5724	0.4003	0.9893	
-0.5735	0.3980	0.9898	
-0.5736	0.3976	0.9899	
-0.5731	0.3973	0.9890	
-0.5739	0.3960	0.9895	
-0.5729	0.3997	0.9897	
-0.5737	0.3963	0.9895	
-0.5732	0.3981	0.9894	
-0.5734	0.3970	0.9893	
-0.5726	0.4006	0.9896	
-0.5731	0.3982	0.9893	
-0.5730	0.3999	0.9899	
-0.5729	0.3991	0.9894	
-0.5731	0.3988	0.9897	
-0.5730	0.4001	0.9900	
-0.5729	0.4002	0.9899	
-0.5737	0.3966	0.9895	
-0.5734	0.3969	0.9892	
-0.5730	0.3998	0.9899	
-0.5736	0.3974	0.9898	
-0.5734	0.3988	0.9900	
-0.5730	0.4002	0.9901	
-0.5731	0.3986	0.9895	
-0.5732	0.3991	0.9899	
-0.5734	0.3984	0.9899	
-0.5737	0.3964	0.9895	
-0.5735	0.3980	0.9898	
-0.5737	0.3978	0.9900	
-0.5734	0.3986	0.9899	
-0.5730	0.3994	0.9897	
-0.5737	0.3970	0.9896	
-0.5721	0.4030	0.9900	
-0.5737	0.3970	0.9897	
-0.5739	0.3966	0.9898	
-0.5736	0.3975	0.9898	
-0.5741	0.3963	0.9899	
-0.5730	0.3998	0.9899	
-0.5743	0.3957	0.9900	
-0.5728	0.4002	0.9899	
-0.5736	0.3988	0.9904	
-0.5735	0.3978	0.9898	
-0.5738	0.3976	0.9902	
-0.5739	0.3971	0.9901	
-0.5732	0.3984	0.9896	
-0.5732	0.3994	0.9900	
-0.5735	0.3971	0.9895	
-0.5734	0.3984	0.9899	
-0.5730	0.3999	0.9899	
-0.5738	0.3961	0.9895	
-0.5735	0.3977	0.9897	
-0.5730	0.4012	0.9905	
-0.5733	0.3974	0.9894	
-0.5732	0.3996	0.9901	
-0.5738	0.3983	0.9904	
-0.5737	0.3976	0.9900	
-0.5735	0.3976	0.9897	
-0.5730	0.4012	0.9904	
-0.5737	0.3974	0.9899	
-0.5736	0.3974	0.9898	
-0.5735	0.3987	0.9902	
-0.5727	0.3999	0.9896	
-0.5732	0.3989	0.9898	
-0.5740	0.3964	0.9899	
-0.5739	0.3977	0.9902	
-0.5733	0.3991	0.9900	
-0.5730	0.4000	0.9901	
-0.5741	0.3958	0.9898	
-0.5738	0.3985	0.9904	
-0.5730	0.4002	0.9900	
-0.5736	0.3983	0.9902	
-0.5737	0.3978	0.9901	
-0.5737	0.3978	0.9900	
-0.5732	0.3986	0.9897	
-0.5730	0.3999	0.9899	
-0.5742	0.3965	0.9903	
-0.5735	0.3984	0.9900	
-0.5737	0.3972	0.9897	
-0.5730	0.4010	0.9904	
-0.5739	0.3975	0.9902	
-0.5740	0.3961	0.9898	
-0.5731	0.3998	0.9901	
-0.5730	0.3999	0.9899	
-0.5734	0.3983	0.9899	
-0.5735	0.3986	0.9901	
-0.5736	0.3979	0.9899	
-0.5735	0.3979	0.9898	
-0.5737	0.3983	0.9903	
-0.5739	0.3976	0.9903	
-0.5740	0.3969	0.9901	
-0.5739	0.3968	0.9899	
-0.5734	0.3984	0.9899	
-0.5733	0.3992	0.9901	
-0.5739	0.3974	0.9902	
-0.5733	0.3992	0.9901	
-0.5728	0.4009	0.9901	
-0.5735	0.3983	0.9900	
-0.5739	0.3963	0.9896	
-0.5732	0.3996	0.9902	
-0.5728	0.4013	0.9903	
-0.5736	0.3972	0.9896	
-0.5739	0.3974	0.9902	
-0.5735	0.3985	0.9901	
-0.5738	0.3975	0.9900	
-0.5730	0.4009	0.9904	
-0.5737	0.3978	0.9900	
-0.5732	0.3998	0.9903	
-0.5736	0.3980	0.9900	
-0.5730	0.3995	0.9898	
-0.5739	0.3971	0.9901	
-0.5727	0.4008	0.9900	
-0.5731	0.4001	0.9902	
-0.5724	0.4024	0.9901	
-0.5727	0.4019	0.9904	
-0.5734	0.3987	0.9900	
-0.5738	0.3974	0.9900	
-0.5729	0.3998	0.9898	
-0.5731	0.4003	0.9903	
-0.5733	0.3986	0.9898	
-0.5734	0.3987	0.9900	
-0.5731	0.3997	0.9901	
-0.5734	0.3991	0.9902	
-0.5728	0.4022	0.9907	
-0.5741	0.3965	0.9901	
-0.5736	0.3976	0.9898	
-0.5729	0.4002	0.9899	
-0.5739	0.3976	0.9902	
-0.5723	0.4022	0.9900	
-0.5730	0.3996	0.9899	
-0.5735	0.3992	0.9904	
-0.5730	0.4004	0.9901	
-0.5736	0.3992	0.9905	
-0.5732	0.3997	0.9902	
-0.5728	0.4005	0.9899	
-0.5739	0.3977	0.9902	
-0.5741	0.3977	0.9905	
-0.5736	0.3975	0.9898	
-0.5739	0.3977	0.9902	
-0.5735	0.3993	0.9904	
-0.5738	0.3969	0.9899	
-0.5738	0.3978	0.9902	
-0.5734	0.3998	0.9905	
-0.5730	0.3995	0.9898	
-0.5741	0.3971	0.9903	
-0.5736	0.3988	0.9904	
-0.5731	0.3994	0.9899	
-0.5739	0.3964	0.9898	
-0.5740	0.3971	0.9902	
-0.5737	0.3980	0.9901	
-0.5729	0.4012	0.9904	
-0.5734	0.3983	0.9898	
-0.5727	0.4010	0.9899	
-0.5731	0.4001	0.9903	
-0.5732	0.3989	0.9898	
-0.5733	0.3998	0.9903	
-0.5740	0.3976	0.9903	
-0.5739	0.3972	0.9900	
-0.5740	0.3968	0.9901	
-0.5735	0.3986	0.9901	
-0.5737	0.3976	0.9900	
-0.5736	0.3976	0.9899	
-0.5735	0.3984	0.9900	
-0.5735	0.3989	0.9902	
-0.5737	0.3977	0.9900	
-0.5728	0.4012	0.9902	
-0.5739	0.3966	0.9899	
-0.5739	0.3973	0.9901	
-0.5735	0.3990	0.9903	
-0.5724	0.4033	0.9906	
-0.5738	0.3981	0.9904	
-0.5736	0.3981	0.9900	
-0.5738	0.3977	0.9901	
-0.5730	0.4003	0.9902	
-0.5733	0.3989	0.9900	
-0.5740	0.3972	0.9902	
-0.5732	0.3999	0.9903	
-0.5737	0.3990	0.9905	
-0.5737	0.3981	0.9902	
-0.5735	0.3977	0.9898	
-0.5731	0.4007	0.9904	
-0.5731	0.4007	0.9905	
-0.5736	0.3985	0.9903	
-0.5733	0.3992	0.9901	
-0.5736	0.3987	0.9903	
-0.5733	0.3991	0.9901	
-0.5739	0.3979	0.9903	
-0.5736	0.3983	0.9901	
-0.5739	0.3971	0.9901	
-0.5737	0.3986	0.9905	
-0.5734	0.3999	0.9905	
-0.5731	0.4005	0.9903	
-0.5732	0.3997	0.9902	
-0.5741	0.3962	0.9900	
-0.5744	0.3956	0.9901	
-0.5736	0.3984	0.9902	
-0.5742	0.3964	0.9901	
-0.5736	0.3983	0.9901	
-0.5734	0.3992	0.9902	
-0.5735	0.3980	0.9899	
-0.5741	0.3968	0.9902	
-0.5727	0.4024	0.9906	
-0.5733	0.3985	0.9898	
-0.5732	0.3987	0.9897	
-0.5735	0.3987	0.9902	
-0.5727	0.4016	0.9902	
-0.5740	0.3974	0.9903	
-0.5732	0.3996	0.9901	
-0.5731	0.3993	0.9898	
-0.5731	0.4005	0.9903	
-0.5737	0.3983	0.9903	
-0.5740	0.3970	0.9901	
-0.5737	0.3984	0.9903	
-0.5733	0.3982	0.9897	
-0.5736	0.3987	0.9903	
-0.5742	0.3969	0.9904	
-0.5732	0.3997	0.9902	
-0.5737	0.3978	0.9900	
-0.5741	0.3970	0.9902	
-0.5737	0.3981	0.9902	
-0.5733	0.3991	0.9900	
-0.5732	0.3994	0.9901	
-0.5738	0.3973	0.9900	
-0.5741	0.3965	0.9901	
-0.5737	0.3977	0.9900	
-0.5735	0.3996	0.9905	
-0.5729	0.4004	0.9901	
-0.5736	0.3987	0.9902	
-0.5738	0.3977	0.9902	
-0.5736	0.3984	0.9902	
-0.5744	0.3950	0.9898	
-0.5735	0.3982	0.9900	
-0.5725	0.4022	0.9902	
-0.5736	0.3993	0.9906	
-0.5737	0.3989	0.9905	
-0.5736	0.3970	0.9896	
-0.5733	0.3993	0.9902	
-0.5744	0.3964	0.9904	
-0.5732	0.3992	0.9900	
-0.5732	0.4002	0.9903	
-0.5734	0.3991	0.9902	
-0.5730	0.3999	0.9900	
-0.5732	0.3995	0.9900	
-0.5741	0.3975	0.9905	
-0.5738	0.3978	0.9902	
-0.5734	0.3982	0.9898	
-0.5736	0.3985	0.9902	
-0.5742	0.3967	0.9903	
-0.5729	0.4001	0.9899	
-0.5740	0.3959	0.9897	
-0.5737	0.3989	0.9905	
-0.5732	0.3989	0.9898	
-0.5735	0.3989	0.9903	
-0.5733	0.3995	0.9903	
-0.5734	0.3984	0.9899	
-0.5738	0.3979	0.9903	
-0.5720	0.4046	0.9906	
-0.5731	0.4004	0.9904	
-0.5735	0.3979	0.9899	
-0.5729	0.4003	0.9900	
-0.5740	0.3966	0.9900	
-0.5737	0.3982	0.9902	
-0.5738	0.3978	0.9902	
-0.5736	0.3981	0.9900	
-0.5737	0.3977	0.9900	
-0.5741	0.3971	0.9903	
-0.5734	0.3990	0.9902	
-0.5724	0.4024	0.9902	
-0.5729	0.4012	0.9903	
-0.5733	0.3984	0.9898	
-0.5738	0.3976	0.9902	
-0.5738	0.3982	0.9903	
-0.5734	0.3986	0.9900	
-0.5742	0.3960	0.9900	
-0.5743	0.3968	0.9905	
-0.5740	0.3974	0.9903	
-0.5728	0.4007	0.9901	
-0.5726	0.4014	0.9900	
-0.5740	0.3972	0.9903	
-0.5735	0.3984	0.9900	
-0.5735	0.3983	0.9900	
-0.5735	0.3998	0.9906	
-0.5742	0.3969	0.9904	
-0.5736	0.3975	0.9899	
-0.5734	0.3982	0.9898	
-0.5728	0.4019	0.9905	
-0.5726	0.4025	0.9905	
-0.5743	0.3957	0.9900	
-0.5743	0.3962	0.9902	
-0.5736	0.3987	0.9903	
-0.5738	0.3972	0.9900	
-0.5733	0.3991	0.9901	
-0.5742	0.3964	0.9902	
-0.5731	0.3992	0.9898	
-0.5736	0.3989	0.9903	
-0.5735	0.3992	0.9904	
-0.5744	0.3950	0.9899	
-0.5734	0.3990	0.9902	
-0.5743	0.3955	0.9899	
-0.5736	0.3968	0.9895	
-0.5737	0.3975	0.9900	
-0.5738	0.3986	0.9905	
-0.5741	0.3963	0.9900	
-0.5738	0.3972	0.9899	
-0.5736	0.3982	0.9901	
-0.5732	0.4002	0.9904	
-0.5736	0.3985	0.9901	
-0.5740	0.3971	0.9902	
-0.5736	0.3981	0.9901	
-0.5736	0.3973	0.9897	
-0.5741	0.3970	0.9903	
-0.5734	0.3988	0.9901	
-0.5735	0.3982	0.9900	
-0.5735	0.3987	0.9901	
-0.5739	0.3968	0.9900	
-0.5745	0.3951	0.9900	
-0.5734	0.3991	0.9901	
-0.5734	0.3991	0.9902	
-0.5736	0.3983	0.9902	
-0.5736	0.3982	0.9900	
-0.5735	0.3993	0.9904	
-0.5736	0.3987	0.9903	
-0.5734	0.3975	0.9895	
-0.5741	0.3962	0.9899	
-0.5737	0.3979	0.9901	
-0.5732	0.4005	0.9906	
-0.5739	0.3980	0.9904	
-0.5738	0.3955	0.9893	
-0.5727	0.4008	0.9900	
-0.5726	0.4028	0.9907	
-0.5731	0.3998	0.9900	
-0.5743	0.3953	0.9899	
-0.5734	0.3990	0.9901	
-0.5738	0.3977	0.9902	
-0.5727	0.4012	0.9901	
-0.5737	0.3979	0.9901	
-0.5739	0.3974	0.9901	
-0.5737	0.3982	0.9902	
-0.5738	0.3978	0.9903	
-0.5740	0.3964	0.9900	
-0.5738	0.3971	0.9899	
-0.5736	0.3990	0.9905	
-0.5739	0.3972	0.9900	
-0.5732	0.3993	0.9900	
-0.5739	0.3977	0.9903	
-0.5738	0.3970	0.9899	
-0.5734	0.3993	0.9902	
-0.5739	0.3975	0.9902	
-0.5738	0.3977	0.9902	
-0.5739	0.3981	0.9905	
-0.5738	0.3979	0.9902	
-0.5731	0.3989	0.9897	
-0.5733	0.3989	0.9900	
-0.5733	0.4005	0.9906	
-0.5731	0.4004	0.9903	
-0.5739	0.3967	0.9898	
-0.5733	0.3999	0.9904	
-0.5737	0.3975	0.9900	
-0.5733	0.3984	0.9898	
-0.5735	0.3999	0.9907	
-0.5746	0.3958	0.9904	
-0.5734	0.3993	0.9903	
-0.5721	0.4036	0.9902	
-0.5736	0.3987	0.9903	
-0.5734	0.3990	0.9902	
-0.5733	0.3986	0.9898	
-0.5736	0.3985	0.9902	
-0.5730	0.4010	0.9904	
-0.5732	0.3998	0.9902	
-0.5729	0.4008	0.9902	
-0.5742	0.3967	0.9903	
-0.5737	0.3983	0.9903	
-0.5734	0.3991	0.9902	
-0.5740	0.3974	0.9903	
-0.5729	0.4009	0.9902	
-0.5730	0.4009	0.9904	
-0.5732	0.3996	0.9902	
-0.5735	0.3980	0.9899	
-0.5741	0.3967	0.9901	
-0.5744	0.3958	0.9902	
-0.5739	0.3966	0.9899	
-0.5739	0.3974	0.9902	
-0.5738	0.3976	0.9901	
-0.5734	0.3981	0.9898	
-0.5741	0.3968	0.9902	
-0.5741	0.3976	0.9906	
-0.5742	0.3963	0.9901	
-0.5728	0.4007	0.9901	
-0.5727	0.4014	0.9902	
-0.5741	0.3961	0.9899	
-0.5736	0.3972	0.9897	
-0.5727	0.4026	0.9907	
-0.5732	0.4011	0.9907	
-0.5739	0.3967	0.9899	
-0.5733	0.3993	0.9900	
-0.5733	0.3995	0.9902	
-0.5734	0.3990	0.9901	
-0.5736	0.3984	0.9902	
-0.5733	0.3993	0.9901	
-0.5735	0.3984	0.9899	
-0.5736	0.3984	0.9902	
-0.5736	0.3986	0.9902	
-0.5739	0.3978	0.9903	
-0.5740	0.3970	0.9902	
-0.5736	0.3980	0.9900	
-0.5732	0.4002	0.9904	
-0.5733	0.3994	0.9902	
-0.5734	0.3982	0.9898	
-0.5745	0.3948	0.9899	
-0.5733	0.3999	0.9904	
-0.5734	0.3998	0.9904	
-0.5740	0.3975	0.9903	
-0.5737	0.3970	0.9898	
-0.5735	0.3979	0.9899	
-0.5737	0.3992	0.9907	
-0.5736	0.3985	0.9902	
-0.5727	0.4007	0.9899	
-0.5734	0.3993	0.9902	
-0.5732	0.4000	0.9903	
-0.5730	0.4001	0.9901	
-0.5736	0.3985	0.9903	
-0.5735	0.3997	0.9906	
-0.5726	0.4019	0.9903	
-0.5737	0.3982	0.9902	
-0.5730	0.4006	0.9902	
-0.5738	0.3968	0.9898	
-0.5736	0.3978	0.9899	
-0.5740	0.3975	0.9904	
-0.5740	0.3974	0.9903	
-0.5735	0.3987	0.9901	
-0.5740	0.3976	0.9903	
-0.5741	0.3967	0.9902	
-0.5733	0.3983	0.9897	
-0.5738	0.3977	0.9901	
-0.5735	0.3986	0.9901	
-0.5733	0.3994	0.9901	
-0.5743	0.3954	0.9898	
-0.5737	0.3984	0.9903	
-0.5732	0.4001	0.9903	
-0.5741	0.3960	0.9898	
-0.5741	0.3966	0.9901	
-0.5739	0.3976	0.9903	
-0.5743	0.3965	0.9903	
-0.5738	0.3975	0.9900	
-0.5737	0.3976	0.9899	
-0.5737	0.3976	0.9900	
-0.5740	0.3974	0.9902	
-0.5741	0.3969	0.9903	
-0.5740	0.3969	0.9901	
-0.5735	0.3980	0.9899	
-0.5736	0.3983	0.9902	
-0.5738	0.3979	0.9902	
-0.5740	0.3968	0.9900	
-0.5740	0.3970	0.9902	
-0.5743	0.3968	0.9905	
-0.5740	0.3969	0.9902	
-0.5735	0.3983	0.9900	
-0.5736	0.3985	0.9902	
-0.5734	0.3988	0.9901	
-0.5735	0.3984	0.9900	
-0.5736	0.3971	0.9896	
-0.5739	0.3979	0.9903	
-0.5734	0.3996	0.9904	
-0.5741	0.3970	0.9902	
-0.5737	0.3978	0.9901	
-0.5734	0.3989	0.9901	
-0.5743	0.3968	0.9905	
-0.5736	0.3995	0.9906	
-0.5736	0.3984	0.9901	
-0.5737	0.3970	0.9897	
-0.5736	0.3982	0.9901	
-0.5735	0.3996	0.9905	
-0.5740	0.3973	0.9902	
0.8411	0.5949	
0.7942	0.5751	
0.7503	0.5562	
0.7100	0.5373	
0.6805	0.5177	
0.6554	0.4971	
0.6290	0.4755	
0.6006	0.4533	
0.5696	0.4298	
0.5362	0.4057	
0.4998	0.3808	
0.4565	0.3557	
0.4046	0.3311	
0.3541	0.3070	
0.3099	0.2843	
0.2739	0.2634	
0.2474	0.2443	
0.2306	0.2272	
0.2203	0.2117	
0.2138	0.1974	
0.2087	0.1837	
0.2043	0.1709	
0.2000	0.1583	
0.1959	0.1461	
0.1921	0.1342	
0.1886	0.1227	
0.1853	0.1117	
0.1824	0.1013	
0.1797	0.0918	
0.1771	0.0834	
0.1748	0.0760	
0.1726	0.0697	
0.1706	0.0640	
0.1687	0.0591	
0.1669	0.0547	
0.1651	0.0508	
0.1633	0.0472	
0.1612	0.0439	
0.1591	0.0410	
0.1571	0.0383	
0.1552	0.0358	
0.1534	0.0335	
0.1519	0.0313	
0.1506	0.0285	
0.1496	0.0245	
0.1488	0.0197	
0.1482	0.0151	
0.1477	0.0114	
0.1473	0.0086	
0.1470	0.0067	
0.1468	0.0055	
0.1466	0.0046	
0.1464	0.0039	
0.1463	0.0035	
0.1461	0.0032	
0.1459	0.0029	
0.1457	0.0028	
0.1455	0.0027	
0.1453	0.0026	
0.1451	0.0025	
0.1449	0.0024	
0.1448	0.0023	
0.1445	0.0023	
0.1444	0.0022	
0.1442	0.0022	
0.1440	0.0022	
0.1438	0.0021	
0.1437	0.0021	
0.1435	0.0021	
0.1433	0.0020	
0.1432	0.0020	
0.1430	0.0020	
0.1428	0.0020	
0.1427	0.0020	
0.1425	0.0019	
0.1424	0.0019	
0.1422	0.0019	
0.1421	0.0019	
0.1420	0.0019	
0.1418	0.0019	
0.1417	0.0018	
0.1415	0.0018	
0.1414	0.0018	
0.1412	0.0017	
0.1411	0.0017	
0.1411	0.0017	
0.1409	0.0017	
0.1408	0.0016	
0.1407	0.0016	
0.1405	0.0016	
0.1404	0.0016	
0.1404	0.0015	
0.1402	0.0015	
0.1401	0.0015	
0.1400	0.0015	
0.1399	0.0015	
0.1397	0.0015	
0.1396	0.0014	
0.1395	0.0014	
0.1394	0.0014	
0.1393	0.0014	
0.1392	0.0014	
0.1391	0.0014	
0.1390	0.0014	
0.1389	0.0014	
0.1388	0.0013	
0.1388	0.0013	
0.1387	0.0013	
0.1387	0.0013	
0.1385	0.0013	
0.1384	0.0013	
0.1383	0.0013	
0.1385	0.0013	
0.1381	0.0013	
0.1381	0.0013	
0.1380	0.0013	
0.1379	0.0013	
0.1378	0.0013	
0.1377	0.0013	
0.1377	0.0012	
0.1376	0.0012	
0.1375	0.0012	
0.1374	0.0012	
0.1373	0.0012	
0.1373	0.0012	
0.1372	0.0012	
0.1371	0.0012	
0.1371	0.0012	
0.1370	0.0012	
0.1369	0.0011	
0.1368	0.0011	
0.1367	0.0011	
0.1367	0.0011	
0.1366	0.0011	
0.1365	0.0011	
0.1365	0.0011	
0.1364	0.0011	
0.1364	0.0011	
0.1363	0.0011	
0.1363	0.0011	
0.1363	0.0010	
0.1361	0.0010	
0.1361	0.0010	
0.1359	0.0010	
0.1359	0.0010	
0.1359	0.0010	
0.1358	0.0010	
0.1357	0.0010	
0.1356	0.0010	
0.1356	0.0010	
0.1355	0.0010	
0.1354	0.0010	
0.1354	0.0010	
0.1353	0.0010	
0.1352	0.0010	
0.1352	0.0010	
0.1351	0.0010	
0.1350	0.0010	
0.1350	0.0010	
0.1350	0.0010	
0.1348	0.0010	
0.1348	0.0010	
0.1347	0.0010	
0.1346	0.0010	
0.1346	0.0010	
0.1345	0.0010	
0.1345	0.0010	
0.1344	0.0010	
0.1343	0.0010	
0.1343	0.0010	
0.1341	0.0010	
0.1341	0.0010	
0.1340	0.0010	
0.1340	0.0010	
0.1339	0.0010	
0.1339	0.0010	
0.1338	0.0010	
0.1338	0.0009	
0.1338	0.0009	
0.1337	0.0009	
0.1337	0.0009	
0.1337	0.0009	
0.1337	0.0009	
0.1334	0.0009	
0.1334	0.0009	
0.1334	0.0009	
0.1333	0.0009	
0.1333	0.0009	
0.1333	0.0009	
0.1331	0.0009	
0.1331	0.0009	
0.1331	0.0009	
0.1330	0.0009	
0.1331	0.0009	
0.1330	0.0009	
0.1329	0.0009	
0.1328	0.0009	
0.1329	0.0009	
0.1327	0.0009	
0.1327	0.0009	
0.1326	0.0009	
0.1326	0.0009	
0.1326	0.0009	
0.1325	0.0009	
0.1325	0.0009	
0.1324	0.0009	
0.1324	0.0009	
0.1324	0.0009	
0.1323	0.0009	
0.1322	0.0009	
0.1323	0.0009	
0.1322	0.0009	
0.1322	0.0009	
0.1321	0.0009	
0.1320	0.0009	
0.1320	0.0009	
0.1321	0.0009	
0.1319	0.0009	
0.1320	0.0009	
0.1318	0.0009	
0.1318	0.0009	
0.1319	0.0009	
0.1317	0.0009	
0.1317	0.0009	
0.1317	0.0009	
0.1316	0.0009	
0.1317	0.0009	
0.1315	0.0009	
0.1315	0.0009	
0.1315	0.0009	
0.1314	0.0009	
0.1314	0.0009	
0.1314	0.0009	
0.1314	0.0009	
0.1312	0.0009	
0.1312	0.0009	
0.1312	0.0009	
0.1311	0.0009	
0.1312	0.0009	
0.1311	0.0009	
0.1311	0.0009	
0.1310	0.0009	
0.1310	0.0009	
0.1309	0.0009	
0.1309	0.0009	
0.1309	0.0009	
0.1308	0.0009	
0.1308	0.0009	
0.1308	0.0009	
0.1308	0.0009	
0.1307	0.0009	
0.1307	0.0009	
0.1306	0.0009	
0.1306	0.0009	
0.1306	0.0009	
0.1306	0.0009	
0.1306	0.0009	
0.1305	0.0009	
0.1305	0.0009	
0.1304	0.0009	
0.1305	0.0009	
0.1304	0.0009	
0.1303	0.0009	
0.1303	0.0009	
0.1303	0.0009	
0.1303	0.0009	
0.1303	0.0009	
0.1303	0.0009	
0.1302	0.0009	
0.1302	0.0009	
0.1301	0.0009	
0.1303	0.0009	
0.1302	0.0008	
0.1301	0.0008	
0.1300	0.0008	
0.1303	0.0008	
0.1301	0.0008	
0.1300	0.0008	
0.1300	0.0008	
0.1299	0.0008	
0.1299	0.0008	
0.1299	0.0008	
0.1299	0.0008	
0.1298	0.0008	
0.1298	0.0008	
0.1299	0.0008	
0.1298	0.0008	
0.1297	0.0008	
0.1297	0.0008	
0.1298	0.0008	
0.1296	0.0008	
0.1296	0.0008	
0.1297	0.0008	
0.1298	0.0008	
0.1296	0.0008	
0.1296	0.0008	
0.1296	0.0008	
0.1295	0.0008	
0.1295	0.0008	
0.1294	0.0008	
0.1294	0.0008	
0.1294	0.0008	
0.1294	0.0008	
0.1294	0.0008	
0.1293	0.0008	
0.1294	0.0008	
0.1293	0.0008	
0.1293	0.0008	
0.1292	0.0008	
0.1292	0.0008	
0.1292	0.0008	
0.1293	0.0008	
0.1291	0.0008	
0.1292	0.0007	
0.1291	0.0007	
0.1291	0.0007	
0.1291	0.0007	
0.1290	0.0007	
0.1291	0.0007	
0.1290	0.0007	
0.1291	0.0007	
0.1291	0.0007	
0.1289	0.0007	
0.1290	0.0007	
0.1289	0.0007	
0.1289	0.0007	
0.1289	0.0007	
0.1289	0.0006	
0.1288	0.0006	
0.1288	0.0006	
0.1288	0.0006	
0.1288	0.0006	
0.1288	0.0006	
0.1287	0.0006	
0.1288	0.0006	
0.1288	0.0006	
0.1286	0.0006	
0.1286	0.0006	
0.1286	0.0006	
0.1286	0.0006	
0.1287	0.0006	
0.1286	0.0006	
0.1286	0.0006	
0.1286	0.0006	
0.1285	0.0006	
0.1285	0.0006	
0.1286	0.0006	
0.1285	0.0006	
0.1285	0.0006	
0.1285	0.0006	
0.1284	0.0006	
0.1284	0.0006	
0.1284	0.0006	
0.1284	0.0006	
0.1284	0.0006	
0.1283	0.0005	
0.1283	0.0005	
0.1284	0.0005	
0.1283	0.0005	
0.1283	0.0005	
0.1283	0.0005	
0.1283	0.0005	
0.1282	0.0005	
0.1283	0.0005	
0.1282	0.0005	
0.1282	0.0005	
0.1283	0.0005	
0.1283	0.0005	
0.1282	0.0005	
0.1282	0.0005	
0.1281	0.0005	
0.1281	0.0005	
0.1282	0.0005	
0.1281	0.0005	
0.1281	0.0005	
0.1281	0.0005	
0.1282	0.0005	
0.1282	0.0005	
0.1281	0.0005	
0.1281	0.0005	
0.1281	0.0005	
0.1281	0.0005	
0.1281	0.0005	
0.1282	0.0005	
0.1280	0.0005	
0.1281	0.0005	
0.1280	0.0005	
0.1280	0.0005	
0.1281	0.0005	
0.1280	0.0005	
0.1281	0.0005	
0.1280	0.0005	
0.1281	0.0005	
0.1280	0.0005	
0.1279	0.0005	
0.1280	0.0005	
0.1279	0.0005	
0.1279	0.0005	
0.1279	0.0005	
0.1280	0.0005	
0.1279	0.0005	
0.1279	0.0005	
0.1279	0.0005	
0.1279	0.0005	
0.1279	0.0005	
0.1279	0.0005	
0.1278	0.0005	
0.1279	0.0005	
0.1278	0.0005	
0.1278	0.0005	
0.1278	0.0005	
0.1278	0.0005	
0.1279	0.0005	
0.1278	0.0005	
0.1279	0.0005	
0.1277	0.0005	
0.1278	0.0005	
0.1278	0.0005	
0.1278	0.0005	
0.1277	0.0005	
0.1278	0.0005	
0.1278	0.0005	
0.1278	0.0005	
0.1277	0.0005	
0.1277	0.0005	
0.1278	0.0005	
0.1277	0.0005	
0.1277	0.0005	
0.1277	0.0005	
0.1277	0.0005	
0.1277	0.0004	
0.1277	0.0004	
0.1277	0.0004	
0.1277	0.0004	
0.1277	0.0004	
0.1277	0.0004	
0.1277	0.0004	
0.1277	0.0004	
0.1277	0.0004	
0.1277	0.0004	
0.1276	0.0004	
0.1276	0.0004	
0.1276	0.0004	
0.1276	0.0004	
0.1276	0.0004	
0.1276	0.0004	
0.1276	0.0004	
0.1276	0.0004	
0.1276	0.0004	
0.1276	0.0004	
0.1276	0.0004	
0.1276	0.0004	
0.1277	0.0004	
0.1275	0.0004	
0.1276	0.0004	
0.1275	0.0004	
0.1276	0.0004	
0.1276	0.0004	
0.1275	0.0004	
0.1276	0.0004	
0.1275	0.0004	
0.1276	0.0004	
0.1275	0.0004	
0.1275	0.0004	
0.1276	0.0004	
0.1277	0.0004	
0.1276	0.0004	
0.1275	0.0004	
0.1276	0.0004	
0.1276	0.0004	
0.1275	0.0004	
0.1275	0.0004	
0.1275	0.0004	
0.1276	0.0004	
0.1275	0.0004	
0.1276	0.0004	
0.1275	0.0004	
0.1274	0.0004	
0.1275	0.0004	
0.1274	0.0004	
0.1275	0.0004	
0.1275	0.0004	
0.1274	0.0004	
0.1274	0.0004	
0.1274	0.0004	
0.1277	0.0004	
0.1277	0.0004	
0.1274	0.0004	
0.1274	0.0004	
0.1275	0.0004	
0.1274	0.0004	
0.1275	0.0004	
0.1275	0.0004	
0.1275	0.0004	
0.1274	0.0004	
0.1274	0.0004	
0.1274	0.0004	
0.1273	0.0004	
0.1274	0.0004	
0.1274	0.0004	
0.1273	0.0004	
0.1274	0.0004	
0.1274	0.0004	
0.1274	0.0004	
0.1274	0.0004	
0.1274	0.0004	
0.1274	0.0004	
0.1274	0.0004	
0.1273	0.0004	
0.1274	0.0004	
0.1274	0.0004	
0.1274	0.0004	
0.1273	0.0004	
0.1276	0.0004	
0.1274	0.0004	
0.1274	0.0004	
0.1274	0.0004	
0.1273	0.0004	
0.1273	0.0004	
0.1273	0.0004	
0.1273	0.0004	
0.1273	0.0004	
0.1273	0.0004	
0.1273	0.0004	
0.1273	0.0004	
0.1273	0.0004	
0.1273	0.0004	
0.1273	0.0004	
0.1274	0.0004	
0.1273	0.0004	
0.1274	0.0004	
0.1273	0.0004	
0.1273	0.0004	
0.1273	0.0004	
0.1273	0.0004	
0.1273	0.0004	
0.1273	0.0004	
0.1273	0.0004	
0.1273	0.0004	
0.1274	0.0004	
0.1273	0.0004	
0.1273	0.0004	
0.1272	0.0004	
0.1273	0.0004	
0.1273	0.0004	
0.1272	0.0004	
0.1272	0.0004	
0.1273	0.0004	
0.1273	0.0004	
0.1272	0.0004	
0.1272	0.0004	
0.1272	0.0004	
0.1273	0.0004	
0.1272	0.0004	
0.1273	0.0004	
0.1272	0.0004	
0.1273	0.0004	
0.1273	0.0004	
0.1274	0.0004	
0.1273	0.0004	
0.1275	0.0004	
0.1273	0.0004	
0.1272	0.0004	
0.1272	0.0004	
0.1272	0.0004	
0.1272	0.0004	
0.1272	0.0004	
0.1272	0.0004	
0.1272	0.0004	
0.1272	0.0004	
0.1272	0.0004	
0.1272	0.0004	
0.1272	0.0004	
0.1272	0.0004	
0.1272	0.0004	
0.1272	0.0004	
0.1272	0.0004	
0.1272	0.0004	
0.1272	0.0004	
0.1272	0.0004	
0.1272	0.0004	
0.1272	0.0004	
0.1272	0.0004	
0.1272	0.0004	
0.1272	0.0004	
0.1271	0.0004	
0.1273	0.0004	
0.1272	0.0004	
0.1272	0.0004	
0.1271	0.0004	
0.1272	0.0004	
0.1272	0.0004	
0.1272	0.0004	
0.1272	0.0004	
0.1272	0.0004	
0.1272	0.0004	
0.1272	0.0004	
0.1271	0.0004	
0.1272	0.0004	
0.1272	0.0004	
0.1272	0.0004	
0.1272	0.0004	
0.1271	0.0004	
0.1271	0.0004	
0.1271	0.0004	
0.1272	0.0004	
0.1272	0.0004	
0.1271	0.0004	
0.1272	0.0004	
0.1272	0.0004	
0.1271	0.0004	
0.1272	0.0004	
0.1272	0.0004	
0.1273	0.0004	
0.1271	0.0004	
0.1271	0.0004	
0.1272	0.0004	
0.1274	0.0004	
0.1271	0.0004	
0.1271	0.0004	
0.1271	0.0004	
0.1273	0.0004	
0.1272	0.0004	
0.1273	0.0004	
0.1272	0.0004	
0.1271	0.0004	
0.1271	0.0004	
0.1271	0.0004	
0.1271	0.0004	
0.1271	0.0004	
0.1271	0.0004	
0.1271	0.0004	
0.1271	0.0004	
0.1271	0.0004	
0.1272	0.0004	
0.1271	0.0004	
0.1271	0.0004	
0.1271	0.0004	
0.1271	0.0004	
0.1271	0.0004	
0.1271	0.0004	
0.1272	0.0004	
0.1271	0.0004	
0.1271	0.0004	
0.1271	0.0004	
0.1271	0.0004	
0.1271	0.0004	
0.1271	0.0004	
0.1272	0.0004	
0.1271	0.0004	
0.1271	0.0004	
0.1272	0.0004	
0.1271	0.0004	
0.1271	0.0004	
0.1271	0.0003	
0.1271	0.0004	
0.1271	0.0004	
0.1271	0.0004	
0.1271	0.0004	
0.1271	0.0003	
0.1271	0.0003	
0.1272	0.0003	
0.1271	0.0003	
0.1271	0.0003	
0.1271	0.0003	
0.1271	0.0003	
0.1271	0.0003	
0.1271	0.0003	
0.1272	0.0003	
0.1271	0.0004	
0.1271	0.0004	
0.1271	0.0003	
0.1271	0.0003	
0.1272	0.0003	
0.1272	0.0003	
0.1271	0.0003	
0.1271	0.0003	
0.1270	0.0003	
0.1271	0.0003	
0.1271	0.0003	
0.1271	0.0003	
0.1271	0.0003	
0.1271	0.0003	
0.1271	0.0003	
0.1271	0.0003	
0.1270	0.0003	
0.1271	0.0003	
0.1270	0.0003	
0.1270	0.0003	
0.1270	0.0003	
0.1270	0.0003	
0.1270	0.0003	
0.1271	0.0003	
0.1271	0.0003	
0.1270	0.0003	
0.1271	0.0003	
0.1271	0.0003	
0.1270	0.0003	
0.1271	0.0003	
0.1270	0.0003	
0.1272	0.0003	
0.1270	0.0003	
0.1271	0.0003	
0.1270	0.0003	
0.1271	0.0003	
0.1270	0.0003	
0.1270	0.0003	
0.1270	0.0003	
0.1271	0.0003	
0.1271	0.0003	
0.1270	0.0003	
0.1271	0.0003	
0.1270	0.0003	
0.1270	0.0003	
0.1271	0.0003	
0.1271	0.0003	
0.1270	0.0003	
0.1270	0.0003	
0.1270	0.0003	
0.1270	0.0003	
0.1270	0.0003	
0.1270	0.0003	
0.1270	0.0003	
0.1270	0.0003	
0.1270	0.0003	
0.1271	0.0003	
0.1270	0.0003	
0.1270	0.0003	
0.1270	0.0003	
0.1270	0.0003	
0.1271	0.0003	
0.1270	0.0003	
0.1270	0.0003	
0.1271	0.0003	
0.1270	0.0003	
0.1270	0.0003	
0.1271	0.0003	
0.1271	0.0003	
0.1271	0.0003	
0.1270	0.0003	
0.1271	0.0003	
0.1270	0.0003	
0.1270	0.0003	
0.1270	0.0003	
0.1270	0.0003	
0.1270	0.0003	
0.1270	0.0003	
0.1270	0.0003	
0.1270	0.0003	
0.1270	0.0003	
0.1270	0.0003	
0.1270	0.0003	
0.1270	0.0003	
0.1270	0.0003	
0.1270	0.0003	
0.1271	0.0003	
0.1270	0.0003	
0.1270	0.0003	
0.1270	0.0003	
0.1270	0.0003	
0.1270	0.0003	
0.1270	0.0003	
0.1270	0.0003	
0.1270	0.0003	
0.1272	0.0003	
0.1271	0.0003	
0.1270	0.0003	
0.1270	0.0003	
0.1270	0.0003	
0.1270	0.0003	
0.1270	0.0003	
0.1271	0.0003	
0.1270	0.0003	
0.1270	0.0003	
0.1270	0.0003	
0.1270	0.0003	
0.1270	0.0003	
0.1270	0.0003	
0.1270	0.0003	
0.1270	0.0003	
0.1270	0.0003	
0.1270	0.0003	
0.1270	0.0003	
0.1270	0.0003	
0.1270	0.0003	
0.1270	0.0003	
0.1270	0.0003	
0.1270	0.0003	
0.1270	0.0003	
0.1270	0.0003	
0.1270	0.0003	
0.1270	0.0003	
0.1270	0.0003	
0.1270	0.0003	
0.1269	0.0003	
0.1270	0.0003	
0.1270	0.0003	
0.1270	0.0003	
0.1270	0.0003	
0.1270	0.0003	
0.1270	0.0003	
0.1270	0.0003	
0.1270	0.0003	
0.1270	0.0003	
0.1269	0.0003	
0.1270	0.0003	
0.1270	0.0003	
0.1269	0.0003	
0.1270	0.0003	
0.1270	0.0003	
0.1269	0.0003	
0.1270	0.0003	
0.1269	0.0003	
0.1270	0.0003	
0.1270	0.0003	
0.1269	0.0003	
0.1270	0.0003	
0.1270	0.0003	
0.1269	0.0003	
0.1270	0.0003	
0.1271	0.0003	
0.1270	0.0003	
0.1270	0.0003	
0.1269	0.0003	
0.1270	0.0003	
0.1270	0.0003	
0.1270	0.0003	
0.1270	0.0003	
0.1270	0.0003	
0.1269	0.0003	
0.1269	0.0003	
0.1270	0.0003	
0.1269	0.0003	
0.1269	0.0003	
0.1270	0.0003	
0.1269	0.0003	
0.1270	0.0003	
0.1269	0.0003	
0.1270	0.0003	
0.1269	0.0003	
0.1270	0.0003	
0.1269	0.0003	
0.1270	0.0003	
0.1269	0.0003	
0.1269	0.0003	
0.1269	0.0003	
0.1270	0.0003	
0.1270	0.0003	
0.1270	0.0003	
0.1270	0.0003	
0.1270	0.0003	
0.1270	0.0003	
0.1269	0.0003	
0.1270	0.0003	
0.1270	0.0003	
0.1269	0.0003	
0.1269	0.0003	
0.1269	0.0003	
0.1269	0.0003	
0.1269	0.0003	
0.1269	0.0003	
0.1269	0.0003	
0.1269	0.0003	
0.1269	0.0003	
0.1269	0.0003	
0.1270	0.0003	
0.1270	0.0003	
0.1269	0.0003	
0.1270	0.0003	
0.1270	0.0003	
0.1269	0.0003	
0.1269	0.0003	
0.1269	0.0003	
0.1269	0.0003	
0.1269	0.0003	
0.1270	0.0003	
0.1269	0.0003	
0.1269	0.0003	
0.1269	0.0003	
0.1269	0.0003	
0.1269	0.0003	
0.1269	0.0003	
0.1269	0.0003	
0.1270	0.0003	
0.1270	0.0003	
0.1270	0.0003	
0.1269	0.0003	
0.1270	0.0003	
0.1269	0.0003	
0.1269	0.0003	
0.1270	0.0003	
0.1270	0.0003	
0.1269	0.0003	
0.1269	0.0003	
0.1269	0.0003	
0.1269	0.0003	
0.1270	0.0003	
0.1269	0.0003	
0.1269	0.0003	
0.1269	0.0003	
0.1269	0.0003	
0.1269	0.0003	
0.1270	0.0003	
0.1270	0.0003	
0.1270	0.0003	
0.1269	0.0003	
0.1270	0.0003	
0.1269	0.0003	
0.1271	0.0003	
0.1269	0.0003	
0.1269	0.0003	
0.1269	0.0003	
0.1269	0.0003	
0.1269	0.0003	
0.1269	0.0003	
0.1269	0.0003	
0.1269	0.0003	
0.1269	0.0003	
0.1269	0.0003	
0.1269	0.0003	
0.1269	0.0003	
0.1269	0.0003	
0.1270	0.0003	
0.1269	0.0003	
0.1269	0.0003	
0.1269	0.0003	
0.1269	0.0003	
0.1269	0.0003	
0.1269	0.0003	
0.1269	0.0003	
0.1269	0.0003	
0.1269	0.0003	
0.1270	0.0003	
0.1269	0.0003	
0.1271	0.0003	
0.1269	0.0003	
0.1269	0.0003	
0.1270	0.0003	
0.1269	0.0003	
0.1269	0.0003	
0.1269	0.0003	
0.1270	0.0003	
0.1269	0.0003	
0.1269	0.0003	
0.1269	0.0003	
0.1269	0.0003	
0.1269	0.0003	
0.1269	0.0003	
0.1269	0.0003	
0.1269	0.0003	
0.1269	0.0003	
0.1269	0.0003	
0.1269	0.0003	
0.1269	0.0003	
0.1269	0.0003	
0.1269	0.0003	
0.1269	0.0003	
0.1269	0.0003	
0.1269	0.0003	
0.1269	0.0003	
0.1269	0.0003	
0.1270	0.0003	
0.1269	0.0003	
0.1269	0.0003	
0.1269	0.0003	
0.1269	0.0003	
0.1269	0.0003	
0.1269	0.0003	
0.1269	0.0003	
0.1269	0.0003	
0.1269	0.0003	
0.1269	0.0003	
0.1269	0.0003	
0.1269	0.0003	
0.1269	0.0003	
0.1269	0.0003	
0.1269	0.0003	
0.1269	0.0003	
0.1269	0.0003	
0.1269	0.0003	
0.1269	0.0003	
0.1269	0.0003	
0.1269	0.0003	
0.1269	0.0003	
0.1269	0.0003	
0.1269	0.0003	
0.1269	0.0003	
0.1269	0.0003	
0.1269	0.0003	
0.1269	0.0003	
0.1270	0.0003	
0.1269	0.0003	
0.1269	0.0003	
0.1269	0.0003	
0.1268	0.0003	
0.1269	0.0003	
0.1269	0.0003	
0.1269	0.0003	
0.1270	0.0003	
0.1268	0.0003	
