Loss_Adversary	Loss_Target	
-0.0845	0.2690	0.4524	
-0.1182	0.2231	0.4735	
-0.1453	0.1835	0.4875	
-0.1642	0.1581	0.4997	
-0.1794	0.1369	0.5087	
-0.1900	0.1241	0.5168	
-0.2000	0.1132	0.5259	
-0.2072	0.1069	0.5340	
-0.2144	0.1028	0.5446	
-0.2187	0.1057	0.5565	
-0.2257	0.1074	0.5724	
-0.2277	0.1206	0.5903	
-0.2324	0.1334	0.6131	
-0.2359	0.1505	0.6381	
-0.2377	0.1707	0.6628	
-0.2408	0.1903	0.6895	
-0.2434	0.2158	0.7215	
-0.2448	0.2488	0.7586	
-0.2458	0.2811	0.7942	
-0.2480	0.3078	0.8264	
-0.2505	0.3307	0.8555	
-0.2518	0.3502	0.8783	
-0.2537	0.3620	0.8946	
-0.2550	0.3712	0.9067	
-0.2561	0.3776	0.9158	
-0.2568	0.3830	0.9227	
-0.2576	0.3869	0.9284	
-0.2583	0.3904	0.9334	
-0.2587	0.3932	0.9372	
-0.2599	0.3940	0.9405	
-0.2606	0.3948	0.9428	
-0.2593	0.3992	0.9448	
-0.2607	0.3986	0.9469	
-0.2609	0.3997	0.9485	
-0.2621	0.3986	0.9498	
-0.2611	0.4014	0.9507	
-0.2634	0.3976	0.9514	
-0.2637	0.3980	0.9523	
-0.2646	0.3966	0.9528	
-0.2644	0.3972	0.9530	
-0.2656	0.3948	0.9529	
-0.2653	0.3950	0.9526	
-0.2660	0.3935	0.9525	
-0.2662	0.3927	0.9520	
-0.2676	0.3889	0.9510	
-0.2684	0.3864	0.9499	
-0.2686	0.3851	0.9489	
-0.2691	0.3824	0.9472	
-0.2700	0.3786	0.9451	
-0.2706	0.3751	0.9426	
-0.2705	0.3725	0.9396	
-0.2720	0.3665	0.9366	
-0.2727	0.3630	0.9343	
-0.2732	0.3584	0.9306	
-0.2730	0.3544	0.9261	
-0.2751	0.3461	0.9217	
-0.2753	0.3419	0.9177	
-0.2750	0.3378	0.9128	
-0.2765	0.3305	0.9083	
-0.2759	0.3280	0.9044	
-0.2767	0.3211	0.8990	
-0.2768	0.3154	0.8931	
-0.2786	0.3087	0.8899	
-0.2785	0.3055	0.8864	
-0.2796	0.2989	0.8816	
-0.2799	0.2941	0.8773	
-0.2804	0.2895	0.8735	
-0.2804	0.2871	0.8711	
-0.2806	0.2820	0.8663	
-0.2806	0.2781	0.8621	
-0.2807	0.2756	0.8598	
-0.2807	0.2758	0.8599	
-0.2809	0.2769	0.8614	
-0.2819	0.2731	0.8595	
-0.2810	0.2695	0.8540	
-0.2818	0.2678	0.8538	
-0.2816	0.2675	0.8530	
-0.2812	0.2683	0.8532	
-0.2812	0.2669	0.8518	
-0.2813	0.2649	0.8498	
-0.2819	0.2652	0.8513	
-0.2819	0.2668	0.8530	
-0.2821	0.2642	0.8508	
-0.2824	0.2633	0.8505	
-0.2818	0.2654	0.8513	
-0.2820	0.2644	0.8507	
-0.2816	0.2649	0.8504	
-0.2820	0.2638	0.8501	
-0.2822	0.2615	0.8481	
-0.2812	0.2632	0.8479	
-0.2805	0.2650	0.8483	
-0.2821	0.2604	0.8467	
-0.2817	0.2620	0.8475	
-0.2828	0.2621	0.8498	
-0.2826	0.2636	0.8510	
-0.2817	0.2637	0.8492	
-0.2821	0.2612	0.8476	
-0.2830	0.2608	0.8491	
-0.2821	0.2649	0.8515	
-0.2827	0.2628	0.8505	
-0.2828	0.2593	0.8470	
-0.2817	0.2591	0.8445	
-0.2813	0.2615	0.8462	
-0.2828	0.2598	0.8476	
-0.2832	0.2590	0.8475	
-0.2820	0.2606	0.8467	
-0.2822	0.2610	0.8476	
-0.2823	0.2609	0.8477	
-0.2821	0.2596	0.8459	
-0.2828	0.2589	0.8465	
-0.2830	0.2606	0.8489	
-0.2806	0.2658	0.8493	
-0.2832	0.2606	0.8492	
-0.2830	0.2607	0.8488	
-0.2831	0.2588	0.8471	
-0.2823	0.2605	0.8473	
-0.2824	0.2607	0.8476	
-0.2828	0.2605	0.8483	
-0.2825	0.2616	0.8488	
-0.2831	0.2591	0.8474	
-0.2835	0.2587	0.8478	
-0.2831	0.2595	0.8479	
-0.2828	0.2613	0.8492	
-0.2834	0.2604	0.8493	
-0.2837	0.2589	0.8486	
-0.2830	0.2614	0.8497	
-0.2835	0.2616	0.8508	
-0.2832	0.2618	0.8505	
-0.2838	0.2602	0.8500	
-0.2838	0.2571	0.8469	
-0.2832	0.2591	0.8477	
-0.2830	0.2628	0.8511	
-0.2838	0.2624	0.8523	
-0.2837	0.2622	0.8519	
-0.2835	0.2625	0.8518	
-0.2836	0.2615	0.8509	
-0.2840	0.2620	0.8523	
-0.2837	0.2636	0.8533	
-0.2843	0.2610	0.8519	
-0.2839	0.2638	0.8539	
-0.2840	0.2630	0.8534	
-0.2837	0.2631	0.8529	
-0.2841	0.2628	0.8533	
-0.2848	0.2609	0.8528	
-0.2835	0.2623	0.8515	
-0.2840	0.2623	0.8526	
-0.2841	0.2632	0.8538	
-0.2851	0.2637	0.8562	
-0.2847	0.2635	0.8553	
-0.2851	0.2644	0.8570	
-0.2850	0.2638	0.8563	
-0.2833	0.2660	0.8551	
-0.2851	0.2617	0.8543	
-0.2866	0.2586	0.8541	
-0.2855	0.2606	0.8540	
-0.2858	0.2602	0.8542	
-0.2864	0.2608	0.8560	
-0.2860	0.2623	0.8566	
-0.2873	0.2595	0.8564	
-0.2870	0.2600	0.8564	
-0.2870	0.2601	0.8565	
-0.2881	0.2577	0.8562	
-0.2885	0.2563	0.8555	
-0.2888	0.2554	0.8552	
-0.2895	0.2540	0.8552	
-0.2887	0.2529	0.8524	
-0.2897	0.2510	0.8525	
-0.2908	0.2476	0.8513	
-0.2909	0.2473	0.8512	
-0.2919	0.2475	0.8534	
-0.2923	0.2473	0.8540	
-0.2934	0.2428	0.8514	
-0.2919	0.2426	0.8482	
-0.2947	0.2362	0.8472	
-0.2939	0.2392	0.8488	
-0.2954	0.2356	0.8481	
-0.2961	0.2317	0.8456	
-0.2956	0.2339	0.8467	
-0.2978	0.2268	0.8437	
-0.2989	0.2169	0.8357	
-0.2990	0.2217	0.8410	
-0.3003	0.2192	0.8410	
-0.3005	0.2153	0.8373	
-0.3017	0.2198	0.8445	
-0.3024	0.2070	0.8327	
-0.3026	0.2025	0.8283	
-0.3038	0.2155	0.8443	
-0.3038	0.2030	0.8312	
-0.3048	0.2076	0.8381	
-0.3052	0.2203	0.8521	
-0.3064	0.1896	0.8227	
-0.3056	0.1993	0.8311	
-0.3059	0.2093	0.8421	
-0.3061	0.1990	0.8318	
-0.3081	0.2033	0.8404	
-0.3065	0.1985	0.8322	
-0.3080	0.1992	0.8360	
-0.3091	0.1909	0.8295	
-0.3081	0.1998	0.8368	
-0.3096	0.1933	0.8330	
-0.3095	0.1934	0.8330	
-0.3089	0.1952	0.8336	
-0.3095	0.1901	0.8296	
-0.3103	0.1936	0.8348	
-0.3110	0.1834	0.8256	
-0.3109	0.1909	0.8332	
-0.3113	0.1878	0.8308	
-0.3104	0.1905	0.8318	
-0.3108	0.1938	0.8359	
-0.3110	0.1750	0.8168	
-0.3110	0.1961	0.8388	
-0.3116	0.1876	0.8311	
-0.3102	0.1883	0.8291	
-0.3106	0.1912	0.8330	
-0.3102	0.1823	0.8228	
-0.3109	0.2049	0.8478	
-0.3105	0.1773	0.8182	
-0.3116	0.1944	0.8383	
-0.3104	0.1847	0.8256	
-0.3117	0.1928	0.8368	
-0.3113	0.1820	0.8249	
-0.3118	0.1886	0.8326	
-0.3098	0.1958	0.8361	
-0.3117	0.1795	0.8229	
-0.3102	0.1986	0.8399	
-0.3115	0.1791	0.8222	
-0.3116	0.1965	0.8405	
-0.3111	0.1833	0.8257	
-0.3109	0.1839	0.8260	
-0.3109	0.1962	0.8387	
-0.3114	0.1829	0.8260	
-0.3115	0.1898	0.8331	
-0.3112	0.1836	0.8263	
-0.3120	0.1859	0.8301	
-0.3111	0.1893	0.8320	
-0.3116	0.1831	0.8265	
-0.3115	0.1880	0.8314	
-0.3122	0.1802	0.8248	
-0.3091	0.2023	0.8414	
-0.3119	0.1765	0.8202	
-0.3113	0.2008	0.8443	
-0.3113	0.1802	0.8230	
-0.3120	0.1842	0.8284	
-0.3123	0.1970	0.8424	
-0.3111	0.1791	0.8212	
-0.3120	0.1859	0.8303	
-0.3127	0.1911	0.8371	
-0.3105	0.1825	0.8236	
-0.3121	0.1826	0.8269	
-0.3117	0.1858	0.8295	
-0.3121	0.1940	0.8388	
-0.3127	0.1761	0.8215	
-0.3120	0.1887	0.8332	
-0.3122	0.1826	0.8271	
-0.3117	0.1807	0.8242	
-0.3113	0.1942	0.8374	
-0.3107	0.1760	0.8172	
-0.3109	0.2023	0.8451	
-0.3097	0.1764	0.8156	
-0.3116	0.1915	0.8352	
-0.3125	0.1914	0.8369	
-0.3124	0.1763	0.8212	
-0.3117	0.1924	0.8362	
-0.3126	0.1761	0.8212	
-0.3123	0.1917	0.8368	
-0.3124	0.1867	0.8319	
-0.3105	0.1897	0.8310	
-0.3117	0.1921	0.8360	
-0.3110	0.1692	0.8109	
-0.3127	0.1939	0.8401	
-0.3121	0.1817	0.8261	
-0.3129	0.1829	0.8289	
-0.3103	0.2000	0.8415	
-0.3120	0.1724	0.8162	
-0.3123	0.1913	0.8365	
-0.3123	0.1871	0.8320	
-0.3119	0.1752	0.8189	
-0.3107	0.1984	0.8405	
-0.3116	0.1872	0.8308	
-0.3122	0.1753	0.8195	
-0.3121	0.1998	0.8450	
-0.3116	0.1829	0.8264	
-0.3123	0.1853	0.8302	
-0.3114	0.1820	0.8250	
-0.3096	0.1974	0.8372	
-0.3115	0.1804	0.8234	
-0.3118	0.1873	0.8313	
-0.3115	0.1889	0.8324	
-0.3118	0.1789	0.8224	
-0.3119	0.1844	0.8285	
-0.3118	0.1804	0.8241	
-0.3128	0.1886	0.8347	
-0.3125	0.1837	0.8290	
-0.3122	0.1832	0.8279	
-0.3117	0.1867	0.8305	
-0.3110	0.1777	0.8196	
-0.3108	0.1942	0.8364	
-0.3122	0.1847	0.8294	
-0.3112	0.1801	0.8226	
-0.3119	0.1888	0.8331	
-0.3111	0.1795	0.8216	
-0.3120	0.1943	0.8390	
-0.3110	0.1861	0.8283	
-0.3125	0.1813	0.8266	
-0.3120	0.1854	0.8297	
-0.3126	0.1877	0.8334	
-0.3119	0.1854	0.8295	
-0.3126	0.1773	0.8224	
-0.3114	0.1839	0.8270	
-0.3107	0.1888	0.8306	
-0.3120	0.1887	0.8330	
-0.3105	0.1810	0.8220	
-0.3124	0.1903	0.8357	
-0.3125	0.1862	0.8315	
-0.3112	0.1845	0.8271	
-0.3112	0.1924	0.8354	
-0.3124	0.1793	0.8241	
-0.3112	0.1872	0.8299	
-0.3122	0.1837	0.8284	
-0.3120	0.1876	0.8320	
-0.3119	0.1831	0.8270	
-0.3122	0.1925	0.8376	
-0.3121	0.1780	0.8222	
-0.3124	0.1853	0.8305	
-0.3121	0.1900	0.8347	
-0.3114	0.1723	0.8149	
-0.3117	0.1987	0.8428	
-0.3128	0.1799	0.8255	
-0.3118	0.1825	0.8262	
-0.3118	0.1913	0.8353	
-0.3129	0.1770	0.8228	
-0.3124	0.1861	0.8312	
-0.3128	0.1877	0.8337	
-0.3129	0.1761	0.8218	
-0.3122	0.1881	0.8330	
-0.3122	0.1828	0.8274	
-0.3123	0.1857	0.8307	
-0.3126	0.1865	0.8321	
-0.3119	0.1738	0.8175	
-0.3123	0.1939	0.8391	
-0.3125	0.1788	0.8238	
-0.3125	0.1887	0.8341	
-0.3122	0.1917	0.8366	
-0.3125	0.1747	0.8195	
-0.3127	0.1852	0.8310	
-0.3130	0.1869	0.8332	
-0.3125	0.1758	0.8207	
-0.3128	0.1821	0.8280	
-0.3114	0.1940	0.8375	
-0.3121	0.1751	0.8193	
-0.3117	0.1968	0.8411	
-0.3117	0.1825	0.8261	
-0.3127	0.1894	0.8352	
-0.3123	0.1804	0.8251	
-0.3131	0.1789	0.8252	
-0.3135	0.1854	0.8327	
-0.3125	0.1873	0.8328	
-0.3133	0.1806	0.8273	
-0.3112	0.1794	0.8218	
-0.3125	0.1902	0.8357	
-0.3123	0.1855	0.8305	
-0.3123	0.1805	0.8252	
-0.3132	0.1791	0.8256	
-0.3128	0.1895	0.8356	
-0.3126	0.1834	0.8287	
-0.3124	0.1871	0.8323	
-0.3128	0.1884	0.8345	
-0.3128	0.1720	0.8174	
-0.3127	0.1908	0.8366	
-0.3122	0.1929	0.8381	
-0.3126	0.1769	0.8220	
-0.3122	0.1795	0.8239	
-0.3128	0.1886	0.8346	
-0.3136	0.1812	0.8285	
-0.3133	0.1811	0.8278	
-0.3110	0.1878	0.8302	
-0.3131	0.1803	0.8265	
-0.3106	0.1867	0.8282	
-0.3128	0.1881	0.8341	
-0.3121	0.1797	0.8241	
-0.3104	0.1969	0.8384	
-0.3119	0.1764	0.8201	
-0.3126	0.1873	0.8328	
-0.3130	0.1870	0.8335	
-0.3119	0.1789	0.8227	
-0.3126	0.1849	0.8303	
-0.3126	0.1798	0.8252	
-0.3124	0.1893	0.8346	
-0.3113	0.1836	0.8265	
-0.3123	0.1860	0.8309	
-0.3133	0.1841	0.8309	
-0.3129	0.1788	0.8247	
-0.3113	0.1876	0.8305	
-0.3118	0.1945	0.8387	
-0.3127	0.1830	0.8286	
-0.3122	0.1811	0.8257	
-0.3131	0.1803	0.8266	
-0.3124	0.1881	0.8334	
-0.3126	0.1896	0.8353	
-0.3138	0.1778	0.8255	
-0.3121	0.1848	0.8292	
-0.3121	0.1865	0.8310	
-0.3116	0.1859	0.8294	
-0.3130	0.1812	0.8273	
-0.3124	0.1914	0.8368	
-0.3119	0.1798	0.8238	
-0.3126	0.1878	0.8333	
-0.3109	0.1861	0.8283	
-0.3121	0.1822	0.8266	
-0.3129	0.1949	0.8414	
-0.3107	0.1805	0.8218	
-0.3137	0.1760	0.8235	
-0.3126	0.1894	0.8351	
-0.3118	0.1859	0.8298	
-0.3123	0.1848	0.8297	
-0.3128	0.1813	0.8270	
-0.3108	0.1864	0.8284	
-0.3117	0.1871	0.8307	
-0.3124	0.1853	0.8305	
-0.3126	0.1811	0.8264	
-0.3121	0.1897	0.8343	
-0.3130	0.1802	0.8263	
-0.3133	0.1791	0.8258	
-0.3123	0.1934	0.8386	
-0.3117	0.1779	0.8212	
-0.3126	0.1874	0.8329	
-0.3120	0.1927	0.8373	
-0.3117	0.1837	0.8273	
-0.3124	0.1894	0.8348	
-0.3126	0.1840	0.8294	
-0.3132	0.1795	0.8260	
-0.3131	0.1886	0.8354	
-0.3119	0.1850	0.8292	
-0.3117	0.1769	0.8201	
-0.3129	0.1885	0.8349	
-0.3104	0.1912	0.8325	
-0.3120	0.1733	0.8172	
-0.3112	0.1827	0.8253	
-0.3127	0.1868	0.8325	
-0.3123	0.1867	0.8316	
-0.3133	0.1843	0.8313	
-0.3121	0.1784	0.8226	
-0.3116	0.1882	0.8318	
-0.3130	0.1865	0.8330	
-0.3118	0.1885	0.8324	
-0.3128	0.1806	0.8263	
-0.3122	0.1796	0.8240	
-0.3127	0.1895	0.8355	
-0.3119	0.1838	0.8278	
-0.3125	0.1773	0.8224	
-0.3126	0.1865	0.8321	
-0.3126	0.1812	0.8265	
-0.3113	0.1793	0.8220	
-0.3121	0.1988	0.8438	
-0.3125	0.1840	0.8292	
-0.3135	0.1710	0.8178	
-0.3126	0.1875	0.8331	
-0.3132	0.1862	0.8331	
-0.3125	0.1811	0.8263	
-0.3132	0.1857	0.8324	
-0.3130	0.1828	0.8289	
-0.3119	0.1785	0.8224	
-0.3120	0.1932	0.8378	
-0.3125	0.1809	0.8260	
-0.3116	0.1823	0.8256	
-0.3120	0.1887	0.8332	
-0.3120	0.1815	0.8257	
-0.3131	0.1894	0.8361	
-0.3119	0.1885	0.8328	
-0.3125	0.1714	0.8161	
-0.3124	0.1881	0.8333	
-0.3124	0.1875	0.8327	
-0.3128	0.1783	0.8241	
-0.3112	0.1907	0.8336	
-0.3116	0.1855	0.8290	
-0.3134	0.1821	0.8290	
-0.3133	0.1782	0.8249	
-0.3123	0.1871	0.8321	
-0.3128	0.1812	0.8269	
-0.3129	0.1830	0.8291	
-0.3130	0.1823	0.8287	
-0.3131	0.1843	0.8308	
-0.3123	0.1865	0.8316	
-0.3132	0.1774	0.8238	
-0.3126	0.1792	0.8246	
-0.3111	0.1932	0.8360	
-0.3122	0.1833	0.8281	
-0.3143	0.1746	0.8232	
-0.3145	0.1841	0.8335	
-0.3132	0.1783	0.8248	
-0.3133	0.1827	0.8296	
-0.3136	0.1750	0.8221	
-0.3144	0.1808	0.8298	
-0.3143	0.1782	0.8269	
-0.3142	0.1750	0.8234	
-0.3154	0.1833	0.8344	
-0.3152	0.1629	0.8127	
-0.3154	0.1851	0.8364	
-0.3155	0.1793	0.8304	
-0.3155	0.1801	0.8314	
-0.3139	0.1787	0.8266	
-0.3159	0.1676	0.8191	
-0.3154	0.1853	0.8365	
-0.3152	0.1831	0.8338	
-0.3165	0.1694	0.8223	
-0.3162	0.1747	0.8271	
-0.3147	0.1782	0.8278	
-0.3161	0.1780	0.8303	
-0.3164	0.1784	0.8313	
-0.3148	0.1810	0.8309	
-0.3167	0.1750	0.8285	
-0.3165	0.1749	0.8279	
-0.3167	0.1775	0.8311	
-0.3162	0.1771	0.8296	
-0.3173	0.1684	0.8228	
-0.3164	0.1788	0.8318	
-0.3162	0.1731	0.8254	
-0.3170	0.1807	0.8351	
-0.3168	0.1725	0.8261	
-0.3163	0.1795	0.8323	
-0.3155	0.1823	0.8337	
-0.3170	0.1656	0.8193	
-0.3146	0.1848	0.8345	
-0.3168	0.1702	0.8237	
-0.3155	0.1883	0.8399	
-0.3170	0.1696	0.8236	
-0.3166	0.1730	0.8262	
-0.3167	0.1844	0.8382	
-0.3181	0.1674	0.8235	
-0.3170	0.1783	0.8324	
-0.3171	0.1765	0.8309	
-0.3178	0.1670	0.8224	
-0.3161	0.1840	0.8367	
-0.3164	0.1782	0.8311	
-0.3168	0.1764	0.8301	
-0.3163	0.1863	0.8394	
-0.3171	0.1698	0.8240	
-0.3175	0.1749	0.8300	
-0.3164	0.1782	0.8311	
-0.3158	0.1883	0.8404	
-0.3178	0.1678	0.8231	
-0.3172	0.1808	0.8357	
-0.3163	0.1770	0.8297	
-0.3171	0.1697	0.8239	
-0.3175	0.1840	0.8393	
-0.3182	0.1704	0.8268	
-0.3174	0.1731	0.8279	
-0.3177	0.1755	0.8310	
-0.3168	0.1776	0.8313	
-0.3160	0.1689	0.8206	
-0.3167	0.1903	0.8443	
-0.3167	0.1709	0.8242	
-0.3166	0.1782	0.8317	
-0.3170	0.1797	0.8341	
-0.3182	0.1724	0.8288	
-0.3185	0.1738	0.8310	
-0.3179	0.1758	0.8316	
-0.3171	0.1770	0.8314	
-0.3181	0.1709	0.8270	
-0.3165	0.1757	0.8289	
-0.3178	0.1726	0.8282	
-0.3188	0.1785	0.8363	
-0.3174	0.1787	0.8337	
-0.3181	0.1640	0.8199	
-0.3194	0.1776	0.8367	
-0.3174	0.1719	0.8266	
-0.3171	0.1797	0.8342	
-0.3179	0.1699	0.8256	
-0.3165	0.1791	0.8322	
-0.3183	0.1718	0.8284	
-0.3186	0.1719	0.8290	
-0.3177	0.1726	0.8281	
-0.3184	0.1748	0.8317	
-0.3175	0.1753	0.8304	
-0.3175	0.1702	0.8251	
-0.3180	0.1775	0.8337	
-0.3190	0.1724	0.8305	
-0.3181	0.1718	0.8279	
-0.3172	0.1784	0.8330	
-0.3187	0.1644	0.8217	
-0.3184	0.1773	0.8342	
-0.3179	0.1765	0.8325	
-0.3188	0.1657	0.8231	
-0.3190	0.1758	0.8339	
-0.3176	0.1742	0.8294	
-0.3193	0.1692	0.8277	
-0.3184	0.1807	0.8379	
-0.3172	0.1741	0.8284	
-0.3187	0.1728	0.8301	
-0.3190	0.1787	0.8371	
-0.3170	0.1708	0.8247	
-0.3181	0.1766	0.8330	
-0.3184	0.1771	0.8341	
-0.3177	0.1802	0.8359	
-0.3185	0.1663	0.8231	
-0.3183	0.1779	0.8347	
-0.3182	0.1740	0.8304	
-0.3187	0.1659	0.8230	
-0.3185	0.1828	0.8401	
-0.3178	0.1668	0.8221	
-0.3179	0.1768	0.8328	
-0.3182	0.1760	0.8326	
-0.3182	0.1761	0.8327	
-0.3182	0.1853	0.8423	
-0.3171	0.1647	0.8185	
-0.3185	0.1780	0.8352	
-0.3178	0.1811	0.8370	
-0.3172	0.1703	0.8246	
-0.3186	0.1691	0.8262	
-0.3160	0.1904	0.8431	
-0.3184	0.1734	0.8302	
-0.3184	0.1665	0.8231	
-0.3178	0.1918	0.8482	
-0.3177	0.1720	0.8274	
-0.3175	0.1685	0.8232	
-0.3186	0.1777	0.8351	
-0.3189	0.1741	0.8321	
-0.3174	0.1701	0.8247	
-0.3182	0.1802	0.8370	
-0.3164	0.1777	0.8306	
-0.3176	0.1793	0.8348	
-0.3191	0.1733	0.8317	
-0.3187	0.1664	0.8236	
-0.3175	0.1813	0.8366	
-0.3183	0.1742	0.8309	
-0.3193	0.1632	0.8214	
-0.3185	0.1796	0.8370	
-0.3174	0.1787	0.8337	
-0.3174	0.1665	0.8210	
-0.3172	0.1843	0.8392	
-0.3183	0.1754	0.8322	
-0.3171	0.1772	0.8317	
-0.3192	0.1719	0.8303	
-0.3179	0.1778	0.8337	
-0.3167	0.1711	0.8244	
-0.3176	0.1773	0.8327	
-0.3183	0.1774	0.8342	
-0.3153	0.1858	0.8368	
-0.3181	0.1605	0.8162	
-0.3178	0.1925	0.8489	
-0.3175	0.1762	0.8313	
-0.3179	0.1551	0.8102	
-0.3189	0.1901	0.8488	
-0.3175	0.1715	0.8265	
-0.3182	0.1780	0.8347	
-0.3184	0.1758	0.8329	
-0.3193	0.1680	0.8266	
-0.3187	0.1736	0.8311	
-0.3189	0.1705	0.8282	
-0.3174	0.1830	0.8382	
-0.3184	0.1707	0.8275	
-0.3185	0.1716	0.8286	
-0.3190	0.1784	0.8367	
-0.3183	0.1691	0.8256	
-0.3189	0.1780	0.8361	
-0.3195	0.1746	0.8338	
-0.3187	0.1694	0.8267	
-0.3182	0.1695	0.8259	
-0.3188	0.1764	0.8343	
-0.3180	0.1706	0.8265	
-0.3186	0.1789	0.8365	
-0.3191	0.1753	0.8336	
-0.3180	0.1646	0.8203	
-0.3187	0.1799	0.8377	
-0.3180	0.1737	0.8298	
-0.3191	0.1728	0.8311	
-0.3185	0.1790	0.8363	
-0.3190	0.1648	0.8225	
-0.3191	0.1778	0.8361	
-0.3192	0.1637	0.8219	
-0.3182	0.1800	0.8368	
-0.3190	0.1774	0.8357	
-0.3202	0.1632	0.8233	
-0.3181	0.1723	0.8286	
-0.3190	0.1815	0.8400	
-0.3169	0.1693	0.8228	
-0.3183	0.1851	0.8423	
-0.3181	0.1808	0.8373	
-0.3193	0.1650	0.8233	
-0.3185	0.1735	0.8305	
-0.3184	0.1755	0.8325	
-0.3185	0.1674	0.8244	
-0.3181	0.1814	0.8380	
-0.3188	0.1805	0.8384	
-0.3189	0.1610	0.8183	
-0.3192	0.1793	0.8381	
-0.3182	0.1783	0.8349	
-0.3195	0.1618	0.8205	
-0.3187	0.1853	0.8433	
-0.3198	0.1719	0.8315	
-0.3187	0.1588	0.8157	
-0.3191	0.1896	0.8485	
-0.3180	0.1726	0.8286	
-0.3193	0.1700	0.8287	
-0.3187	0.1777	0.8354	
-0.3193	0.1663	0.8246	
-0.3182	0.1824	0.8392	
-0.3187	0.1683	0.8256	
-0.3193	0.1706	0.8292	
-0.3186	0.1780	0.8355	
-0.3192	0.1652	0.8233	
-0.3189	0.1814	0.8396	
-0.3193	0.1735	0.8322	
-0.3188	0.1684	0.8260	
-0.3201	0.1719	0.8321	
-0.3186	0.1792	0.8367	
-0.3191	0.1667	0.8248	
-0.3183	0.1752	0.8319	
-0.3194	0.1784	0.8376	
-0.3188	0.1652	0.8226	
-0.3195	0.1719	0.8309	
-0.3197	0.1746	0.8341	
-0.3194	0.1671	0.8257	
-0.3201	0.1723	0.8326	
-0.3201	0.1739	0.8343	
-0.3190	0.1716	0.8295	
-0.3194	0.1713	0.8301	
-0.3194	0.1699	0.8286	
-0.3189	0.1821	0.8403	
-0.3191	0.1744	0.8327	
-0.3203	0.1632	0.8235	
-0.3203	0.1754	0.8361	
-0.3201	0.1697	0.8300	
-0.3185	0.1679	0.8247	
-0.3192	0.1723	0.8308	
-0.3184	0.1775	0.8346	
-0.3197	0.1680	0.8273	
-0.3203	0.1659	0.8263	
-0.3187	0.1727	0.8301	
-0.3202	0.1781	0.8389	
-0.3211	0.1731	0.8355	
-0.3208	0.1658	0.8272	
-0.3204	0.1708	0.8316	
-0.3210	0.1669	0.8288	
-0.3183	0.1732	0.8299	
-0.3202	0.1687	0.8290	
-0.3211	0.1684	0.8305	
-0.3207	0.1697	0.8311	
-0.3207	0.1671	0.8285	
-0.3204	0.1717	0.8325	
-0.3205	0.1727	0.8339	
-0.3204	0.1688	0.8296	
-0.3209	0.1673	0.8289	
-0.3200	0.1750	0.8352	
-0.3213	0.1704	0.8331	
-0.3208	0.1682	0.8298	
-0.3202	0.1629	0.8230	
-0.3203	0.1708	0.8314	
-0.3209	0.1716	0.8335	
-0.3200	0.1668	0.8267	
-0.3208	0.1686	0.8301	
-0.3200	0.1671	0.8269	
-0.3204	0.1710	0.8319	
-0.3206	0.1707	0.8320	
-0.3201	0.1636	0.8236	
-0.3207	0.1746	0.8363	
-0.3205	0.1686	0.8295	
-0.3209	0.1708	0.8328	
-0.3212	0.1668	0.8292	
-0.3214	0.1646	0.8272	
-0.3210	0.1680	0.8298	
-0.3215	0.1732	0.8365	
-0.3193	0.1669	0.8254	
-0.3196	0.1707	0.8300	
-0.3206	0.1714	0.8328	
-0.3220	0.1644	0.8284	
-0.3214	0.1708	0.8338	
-0.3210	0.1674	0.8293	
-0.3202	0.1686	0.8289	
-0.3206	0.1682	0.8294	
-0.3209	0.1643	0.8259	
-0.3204	0.1727	0.8336	
-0.3204	0.1674	0.8282	
-0.3215	0.1752	0.8383	
-0.3207	0.1697	0.8312	
-0.3208	0.1670	0.8285	
-0.3213	0.1679	0.8305	
-0.3212	0.1662	0.8286	
-0.3221	0.1668	0.8309	
-0.3216	0.1695	0.8326	
-0.3202	0.1640	0.8242	
-0.3215	0.1714	0.8346	
-0.3218	0.1701	0.8337	
-0.3212	0.1658	0.8282	
-0.3211	0.1764	0.8390	
-0.3226	0.1590	0.8237	
-0.3212	0.1675	0.8299	
-0.3214	0.1738	0.8368	
-0.3220	0.1604	0.8240	
-0.3209	0.1733	0.8353	
-0.3214	0.1662	0.8288	
-0.3221	0.1623	0.8262	
-0.3215	0.1737	0.8370	
-0.3210	0.1689	0.8309	
-0.3217	0.1604	0.8235	
-0.3219	0.1725	0.8365	
-0.3211	0.1705	0.8327	
-0.3207	0.1692	0.8306	
-0.3212	0.1696	0.8320	
-0.3198	0.1616	0.8209	
0.4190	0.4306	
0.4030	0.4105	
0.3857	0.3928	
0.3680	0.3772	
0.3504	0.3632	
0.3332	0.3504	
0.3166	0.3390	
0.3018	0.3289	
0.2883	0.3204	
0.2776	0.3131	
0.2688	0.3070	
0.2624	0.3016	
0.2582	0.2954	
0.2548	0.2899	
0.2525	0.2844	
0.2507	0.2787	
0.2492	0.2727	
0.2480	0.2663	
0.2468	0.2599	
0.2458	0.2533	
0.2447	0.2467	
0.2437	0.2403	
0.2427	0.2339	
0.2418	0.2276	
0.2408	0.2215	
0.2399	0.2154	
0.2389	0.2093	
0.2379	0.2035	
0.2370	0.1978	
0.2361	0.1925	
0.2351	0.1873	
0.2342	0.1823	
0.2333	0.1774	
0.2324	0.1726	
0.2315	0.1678	
0.2306	0.1630	
0.2297	0.1581	
0.2288	0.1531	
0.2279	0.1480	
0.2271	0.1426	
0.2262	0.1370	
0.2254	0.1314	
0.2246	0.1256	
0.2238	0.1194	
0.2230	0.1126	
0.2222	0.1053	
0.2215	0.0978	
0.2208	0.0899	
0.2201	0.0822	
0.2194	0.0749	
0.2187	0.0683	
0.2181	0.0626	
0.2175	0.0580	
0.2169	0.0544	
0.2163	0.0518	
0.2158	0.0501	
0.2154	0.0491	
0.2149	0.0485	
0.2144	0.0483	
0.2140	0.0481	
0.2136	0.0480	
0.2132	0.0479	
0.2129	0.0478	
0.2126	0.0478	
0.2122	0.0477	
0.2120	0.0477	
0.2117	0.0476	
0.2114	0.0476	
0.2113	0.0476	
0.2110	0.0476	
0.2108	0.0474	
0.2106	0.0474	
0.2104	0.0475	
0.2102	0.0474	
0.2099	0.0472	
0.2097	0.0472	
0.2094	0.0471	
0.2092	0.0471	
0.2090	0.0470	
0.2089	0.0470	
0.2087	0.0470	
0.2086	0.0469	
0.2084	0.0469	
0.2083	0.0468	
0.2082	0.0468	
0.2081	0.0467	
0.2079	0.0467	
0.2079	0.0466	
0.2078	0.0466	
0.2077	0.0465	
0.2076	0.0465	
0.2076	0.0464	
0.2075	0.0464	
0.2074	0.0463	
0.2074	0.0463	
0.2073	0.0462	
0.2072	0.0462	
0.2072	0.0462	
0.2071	0.0460	
0.2071	0.0459	
0.2071	0.0459	
0.2070	0.0458	
0.2070	0.0458	
0.2069	0.0457	
0.2069	0.0456	
0.2068	0.0456	
0.2068	0.0456	
0.2067	0.0454	
0.2067	0.0454	
0.2067	0.0453	
0.2067	0.0453	
0.2066	0.0452	
0.2065	0.0451	
0.2065	0.0451	
0.2064	0.0450	
0.2064	0.0449	
0.2064	0.0448	
0.2063	0.0447	
0.2063	0.0446	
0.2062	0.0445	
0.2062	0.0443	
0.2061	0.0442	
0.2061	0.0442	
0.2060	0.0441	
0.2060	0.0440	
0.2060	0.0438	
0.2059	0.0437	
0.2059	0.0436	
0.2058	0.0435	
0.2058	0.0434	
0.2057	0.0433	
0.2057	0.0432	
0.2056	0.0431	
0.2056	0.0430	
0.2056	0.0429	
0.2055	0.0428	
0.2055	0.0427	
0.2055	0.0426	
0.2054	0.0425	
0.2053	0.0424	
0.2053	0.0423	
0.2052	0.0422	
0.2052	0.0421	
0.2051	0.0421	
0.2051	0.0420	
0.2050	0.0419	
0.2049	0.0418	
0.2049	0.0417	
0.2048	0.0417	
0.2048	0.0416	
0.2047	0.0415	
0.2046	0.0414	
0.2045	0.0414	
0.2045	0.0413	
0.2044	0.0413	
0.2043	0.0413	
0.2042	0.0413	
0.2041	0.0411	
0.2040	0.0410	
0.2039	0.0409	
0.2038	0.0410	
0.2037	0.0409	
0.2036	0.0409	
0.2035	0.0407	
0.2034	0.0407	
0.2033	0.0406	
0.2032	0.0406	
0.2031	0.0406	
0.2030	0.0406	
0.2028	0.0405	
0.2027	0.0405	
0.2027	0.0404	
0.2025	0.0404	
0.2024	0.0403	
0.2023	0.0402	
0.2021	0.0402	
0.2020	0.0401	
0.2019	0.0401	
0.2018	0.0400	
0.2016	0.0400	
0.2015	0.0401	
0.2014	0.0400	
0.2013	0.0399	
0.2012	0.0399	
0.2011	0.0398	
0.2009	0.0398	
0.2008	0.0398	
0.2007	0.0397	
0.2006	0.0397	
0.2005	0.0397	
0.2006	0.0400	
0.2003	0.0398	
0.2002	0.0398	
0.2000	0.0396	
0.1999	0.0395	
0.1998	0.0395	
0.1997	0.0395	
0.1996	0.0395	
0.1995	0.0394	
0.1994	0.0394	
0.1993	0.0393	
0.1992	0.0393	
0.1990	0.0393	
0.1989	0.0392	
0.1989	0.0393	
0.1988	0.0392	
0.1986	0.0391	
0.1986	0.0391	
0.1984	0.0391	
0.1984	0.0391	
0.1982	0.0391	
0.1981	0.0390	
0.1981	0.0390	
0.1980	0.0390	
0.1978	0.0390	
0.1978	0.0389	
0.1976	0.0389	
0.1976	0.0390	
0.1975	0.0389	
0.1973	0.0388	
0.1973	0.0388	
0.1972	0.0388	
0.1971	0.0387	
0.1970	0.0387	
0.1969	0.0387	
0.1968	0.0387	
0.1967	0.0386	
0.1966	0.0386	
0.1965	0.0386	
0.1964	0.0386	
0.1963	0.0385	
0.1963	0.0385	
0.1962	0.0385	
0.1962	0.0384	
0.1960	0.0384	
0.1959	0.0384	
0.1958	0.0384	
0.1958	0.0383	
0.1957	0.0383	
0.1956	0.0383	
0.1955	0.0382	
0.1955	0.0382	
0.1955	0.0382	
0.1954	0.0381	
0.1953	0.0381	
0.1952	0.0381	
0.1951	0.0380	
0.1950	0.0379	
0.1949	0.0380	
0.1949	0.0380	
0.1952	0.0379	
0.1946	0.0379	
0.1946	0.0378	
0.1944	0.0377	
0.1943	0.0377	
0.1943	0.0377	
0.1942	0.0376	
0.1941	0.0376	
0.1940	0.0376	
0.1940	0.0376	
0.1938	0.0376	
0.1938	0.0376	
0.1937	0.0376	
0.1936	0.0375	
0.1936	0.0375	
0.1935	0.0374	
0.1934	0.0374	
0.1934	0.0374	
0.1932	0.0374	
0.1932	0.0375	
0.1931	0.0374	
0.1931	0.0373	
0.1930	0.0373	
0.1930	0.0373	
0.1928	0.0373	
0.1928	0.0373	
0.1929	0.0374	
0.1927	0.0373	
0.1929	0.0372	
0.1927	0.0372	
0.1925	0.0372	
0.1925	0.0372	
0.1924	0.0372	
0.1923	0.0372	
0.1924	0.0371	
0.1922	0.0371	
0.1922	0.0371	
0.1922	0.0371	
0.1921	0.0371	
0.1921	0.0370	
0.1920	0.0371	
0.1920	0.0370	
0.1920	0.0371	
0.1918	0.0371	
0.1918	0.0371	
0.1918	0.0371	
0.1918	0.0371	
0.1917	0.0370	
0.1917	0.0370	
0.1918	0.0370	
0.1916	0.0371	
0.1916	0.0370	
0.1915	0.0370	
0.1915	0.0370	
0.1915	0.0370	
0.1914	0.0369	
0.1913	0.0369	
0.1913	0.0370	
0.1913	0.0369	
0.1913	0.0368	
0.1912	0.0368	
0.1912	0.0368	
0.1912	0.0368	
0.1911	0.0368	
0.1911	0.0368	
0.1910	0.0368	
0.1911	0.0368	
0.1911	0.0368	
0.1911	0.0368	
0.1910	0.0368	
0.1909	0.0367	
0.1909	0.0367	
0.1908	0.0367	
0.1911	0.0368	
0.1909	0.0367	
0.1909	0.0367	
0.1908	0.0368	
0.1907	0.0367	
0.1907	0.0367	
0.1907	0.0367	
0.1906	0.0367	
0.1906	0.0367	
0.1906	0.0367	
0.1905	0.0367	
0.1906	0.0367	
0.1907	0.0367	
0.1906	0.0366	
0.1907	0.0367	
0.1905	0.0367	
0.1905	0.0367	
0.1905	0.0366	
0.1904	0.0366	
0.1904	0.0367	
0.1904	0.0366	
0.1903	0.0366	
0.1904	0.0368	
0.1903	0.0366	
0.1904	0.0366	
0.1903	0.0366	
0.1903	0.0366	
0.1902	0.0366	
0.1904	0.0366	
0.1904	0.0366	
0.1904	0.0366	
0.1902	0.0365	
0.1906	0.0369	
0.1901	0.0365	
0.1901	0.0365	
0.1900	0.0366	
0.1900	0.0366	
0.1901	0.0365	
0.1900	0.0366	
0.1900	0.0366	
0.1900	0.0365	
0.1900	0.0365	
0.1900	0.0365	
0.1900	0.0365	
0.1899	0.0365	
0.1900	0.0365	
0.1899	0.0365	
0.1899	0.0365	
0.1899	0.0365	
0.1899	0.0365	
0.1898	0.0365	
0.1898	0.0364	
0.1899	0.0365	
0.1898	0.0366	
0.1901	0.0365	
0.1898	0.0365	
0.1897	0.0365	
0.1897	0.0365	
0.1900	0.0366	
0.1898	0.0365	
0.1897	0.0365	
0.1899	0.0365	
0.1896	0.0365	
0.1896	0.0364	
0.1897	0.0365	
0.1896	0.0364	
0.1896	0.0364	
0.1896	0.0365	
0.1896	0.0365	
0.1896	0.0364	
0.1896	0.0364	
0.1896	0.0364	
0.1895	0.0364	
0.1897	0.0364	
0.1897	0.0364	
0.1895	0.0364	
0.1898	0.0365	
0.1895	0.0364	
0.1896	0.0364	
0.1895	0.0364	
0.1894	0.0364	
0.1895	0.0363	
0.1896	0.0364	
0.1896	0.0364	
0.1897	0.0364	
0.1894	0.0364	
0.1894	0.0364	
0.1894	0.0363	
0.1894	0.0363	
0.1894	0.0364	
0.1894	0.0364	
0.1895	0.0363	
0.1896	0.0364	
0.1895	0.0363	
0.1898	0.0364	
0.1896	0.0364	
0.1893	0.0364	
0.1894	0.0364	
0.1892	0.0364	
0.1894	0.0364	
0.1893	0.0364	
0.1893	0.0363	
0.1893	0.0363	
0.1892	0.0363	
0.1892	0.0363	
0.1892	0.0363	
0.1892	0.0363	
0.1893	0.0363	
0.1894	0.0364	
0.1892	0.0364	
0.1893	0.0363	
0.1891	0.0363	
0.1892	0.0363	
0.1891	0.0363	
0.1891	0.0363	
0.1891	0.0362	
0.1892	0.0363	
0.1891	0.0363	
0.1891	0.0363	
0.1892	0.0362	
0.1891	0.0362	
0.1891	0.0362	
0.1891	0.0363	
0.1891	0.0363	
0.1890	0.0363	
0.1891	0.0363	
0.1890	0.0362	
0.1891	0.0362	
0.1891	0.0363	
0.1890	0.0362	
0.1890	0.0363	
0.1890	0.0364	
0.1890	0.0363	
0.1890	0.0362	
0.1891	0.0362	
0.1890	0.0362	
0.1890	0.0362	
0.1890	0.0362	
0.1889	0.0362	
0.1889	0.0362	
0.1890	0.0362	
0.1889	0.0362	
0.1889	0.0362	
0.1889	0.0362	
0.1889	0.0362	
0.1889	0.0362	
0.1889	0.0362	
0.1890	0.0362	
0.1889	0.0362	
0.1890	0.0362	
0.1889	0.0362	
0.1889	0.0361	
0.1889	0.0362	
0.1889	0.0362	
0.1888	0.0362	
0.1888	0.0362	
0.1888	0.0362	
0.1888	0.0362	
0.1888	0.0361	
0.1888	0.0361	
0.1888	0.0361	
0.1888	0.0361	
0.1888	0.0361	
0.1887	0.0361	
0.1888	0.0361	
0.1889	0.0361	
0.1889	0.0361	
0.1887	0.0361	
0.1887	0.0361	
0.1887	0.0362	
0.1887	0.0361	
0.1887	0.0361	
0.1888	0.0361	
0.1887	0.0361	
0.1887	0.0361	
0.1887	0.0361	
0.1887	0.0361	
0.1887	0.0361	
0.1889	0.0361	
0.1886	0.0361	
0.1887	0.0361	
0.1886	0.0361	
0.1886	0.0361	
0.1887	0.0361	
0.1888	0.0361	
0.1886	0.0361	
0.1887	0.0361	
0.1886	0.0361	
0.1887	0.0361	
0.1886	0.0361	
0.1886	0.0361	
0.1886	0.0361	
0.1886	0.0360	
0.1886	0.0360	
0.1886	0.0360	
0.1887	0.0360	
0.1886	0.0360	
0.1886	0.0360	
0.1885	0.0360	
0.1886	0.0361	
0.1885	0.0360	
0.1885	0.0361	
0.1885	0.0360	
0.1885	0.0360	
0.1886	0.0361	
0.1885	0.0360	
0.1885	0.0360	
0.1886	0.0360	
0.1887	0.0360	
0.1885	0.0361	
0.1885	0.0360	
0.1887	0.0361	
0.1886	0.0361	
0.1887	0.0360	
0.1884	0.0360	
0.1885	0.0360	
0.1884	0.0362	
0.1885	0.0362	
0.1884	0.0361	
0.1884	0.0360	
0.1885	0.0361	
0.1884	0.0360	
0.1884	0.0360	
0.1884	0.0360	
0.1884	0.0360	
0.1887	0.0360	
0.1887	0.0360	
0.1884	0.0360	
0.1885	0.0360	
0.1884	0.0360	
0.1883	0.0360	
0.1884	0.0360	
0.1884	0.0360	
0.1884	0.0359	
0.1883	0.0360	
0.1884	0.0360	
0.1885	0.0359	
0.1885	0.0360	
0.1885	0.0359	
0.1883	0.0360	
0.1885	0.0360	
0.1882	0.0360	
0.1885	0.0360	
0.1883	0.0360	
0.1886	0.0360	
0.1883	0.0360	
0.1885	0.0359	
0.1882	0.0359	
0.1884	0.0359	
0.1883	0.0360	
0.1882	0.0359	
0.1882	0.0359	
0.1883	0.0359	
0.1882	0.0359	
0.1882	0.0359	
0.1882	0.0359	
0.1882	0.0360	
0.1882	0.0360	
0.1883	0.0360	
0.1882	0.0360	
0.1882	0.0360	
0.1882	0.0361	
0.1883	0.0360	
0.1882	0.0359	
0.1882	0.0360	
0.1882	0.0359	
0.1883	0.0359	
0.1885	0.0359	
0.1881	0.0359	
0.1883	0.0359	
0.1881	0.0359	
0.1885	0.0360	
0.1882	0.0361	
0.1882	0.0359	
0.1881	0.0359	
0.1881	0.0359	
0.1882	0.0359	
0.1881	0.0359	
0.1881	0.0359	
0.1883	0.0359	
0.1883	0.0359	
0.1881	0.0359	
0.1882	0.0359	
0.1881	0.0359	
0.1881	0.0359	
0.1881	0.0359	
0.1881	0.0359	
0.1881	0.0359	
0.1881	0.0359	
0.1883	0.0359	
0.1880	0.0358	
0.1881	0.0359	
0.1881	0.0358	
0.1882	0.0359	
0.1880	0.0358	
0.1880	0.0358	
0.1880	0.0358	
0.1880	0.0358	
0.1882	0.0359	
0.1881	0.0358	
0.1881	0.0359	
0.1880	0.0359	
0.1882	0.0359	
0.1882	0.0360	
0.1880	0.0359	
0.1880	0.0358	
0.1880	0.0358	
0.1880	0.0359	
0.1879	0.0359	
0.1880	0.0359	
0.1880	0.0358	
0.1880	0.0358	
0.1879	0.0358	
0.1880	0.0359	
0.1881	0.0358	
0.1879	0.0358	
0.1881	0.0358	
0.1878	0.0358	
0.1880	0.0358	
0.1879	0.0359	
0.1879	0.0358	
0.1880	0.0358	
0.1879	0.0358	
0.1879	0.0358	
0.1880	0.0358	
0.1879	0.0358	
0.1879	0.0358	
0.1879	0.0358	
0.1879	0.0358	
0.1879	0.0358	
0.1878	0.0358	
0.1879	0.0358	
0.1878	0.0358	
0.1879	0.0358	
0.1878	0.0359	
0.1878	0.0358	
0.1879	0.0358	
0.1879	0.0358	
0.1878	0.0358	
0.1879	0.0358	
0.1878	0.0358	
0.1879	0.0357	
0.1878	0.0358	
0.1878	0.0357	
0.1878	0.0358	
0.1879	0.0358	
0.1878	0.0357	
0.1879	0.0358	
0.1878	0.0359	
0.1877	0.0358	
0.1878	0.0358	
0.1878	0.0357	
0.1877	0.0357	
0.1877	0.0357	
0.1877	0.0358	
0.1877	0.0357	
0.1877	0.0357	
0.1878	0.0358	
0.1878	0.0357	
0.1877	0.0357	
0.1878	0.0357	
0.1877	0.0358	
0.1879	0.0358	
0.1877	0.0357	
0.1877	0.0357	
0.1880	0.0358	
0.1877	0.0358	
0.1877	0.0357	
0.1878	0.0357	
0.1876	0.0357	
0.1877	0.0357	
0.1876	0.0357	
0.1877	0.0357	
0.1878	0.0357	
0.1878	0.0357	
0.1876	0.0357	
0.1876	0.0358	
0.1876	0.0357	
0.1876	0.0357	
0.1876	0.0357	
0.1877	0.0357	
0.1876	0.0358	
0.1876	0.0358	
0.1876	0.0358	
0.1877	0.0357	
0.1876	0.0357	
0.1876	0.0357	
0.1875	0.0357	
0.1875	0.0357	
0.1876	0.0357	
0.1876	0.0357	
0.1876	0.0357	
0.1876	0.0357	
0.1876	0.0357	
0.1876	0.0358	
0.1875	0.0357	
0.1875	0.0357	
0.1875	0.0357	
0.1875	0.0357	
0.1875	0.0357	
0.1875	0.0356	
0.1875	0.0357	
0.1876	0.0357	
0.1875	0.0357	
0.1874	0.0357	
0.1875	0.0357	
0.1875	0.0356	
0.1875	0.0357	
0.1875	0.0357	
0.1875	0.0357	
0.1875	0.0357	
0.1880	0.0358	
0.1874	0.0358	
0.1876	0.0357	
0.1874	0.0356	
0.1875	0.0357	
0.1875	0.0357	
0.1875	0.0357	
0.1875	0.0357	
0.1874	0.0357	
0.1874	0.0356	
0.1874	0.0356	
0.1874	0.0356	
0.1873	0.0356	
0.1874	0.0356	
0.1874	0.0356	
0.1875	0.0356	
0.1873	0.0356	
0.1875	0.0356	
0.1873	0.0356	
0.1874	0.0356	
0.1874	0.0356	
0.1874	0.0356	
0.1874	0.0357	
0.1873	0.0356	
0.1874	0.0356	
0.1874	0.0356	
0.1873	0.0356	
0.1873	0.0356	
0.1873	0.0357	
0.1873	0.0356	
0.1874	0.0356	
0.1874	0.0356	
0.1873	0.0356	
0.1874	0.0356	
0.1873	0.0356	
0.1873	0.0356	
0.1874	0.0356	
0.1873	0.0356	
0.1873	0.0356	
0.1873	0.0356	
0.1873	0.0356	
0.1873	0.0356	
0.1873	0.0356	
0.1873	0.0356	
0.1873	0.0356	
0.1873	0.0356	
0.1873	0.0356	
0.1873	0.0356	
0.1873	0.0356	
0.1873	0.0356	
0.1872	0.0356	
0.1874	0.0356	
0.1873	0.0356	
0.1873	0.0356	
0.1872	0.0356	
0.1873	0.0356	
0.1872	0.0356	
0.1872	0.0356	
0.1872	0.0356	
0.1872	0.0356	
0.1873	0.0356	
0.1873	0.0356	
0.1872	0.0355	
0.1874	0.0356	
0.1873	0.0357	
0.1872	0.0355	
0.1872	0.0356	
0.1872	0.0356	
0.1872	0.0355	
0.1872	0.0355	
0.1872	0.0355	
0.1872	0.0355	
0.1872	0.0356	
0.1872	0.0356	
0.1872	0.0356	
0.1872	0.0356	
0.1872	0.0356	
0.1872	0.0356	
0.1872	0.0356	
0.1872	0.0356	
0.1871	0.0355	
0.1871	0.0356	
0.1872	0.0356	
0.1872	0.0355	
0.1875	0.0355	
0.1873	0.0355	
0.1871	0.0355	
0.1875	0.0356	
0.1874	0.0356	
0.1872	0.0356	
0.1872	0.0357	
0.1872	0.0355	
0.1871	0.0355	
0.1871	0.0356	
0.1871	0.0355	
0.1872	0.0355	
0.1871	0.0355	
0.1871	0.0356	
0.1871	0.0356	
0.1871	0.0355	
0.1871	0.0355	
0.1871	0.0355	
0.1871	0.0355	
0.1871	0.0355	
0.1871	0.0355	
0.1871	0.0355	
0.1872	0.0355	
0.1871	0.0355	
0.1871	0.0356	
0.1871	0.0356	
0.1871	0.0355	
0.1872	0.0355	
0.1873	0.0355	
0.1870	0.0355	
0.1870	0.0355	
0.1871	0.0355	
0.1871	0.0355	
0.1872	0.0355	
0.1870	0.0355	
0.1871	0.0355	
0.1870	0.0355	
0.1870	0.0355	
0.1871	0.0355	
0.1871	0.0355	
0.1870	0.0355	
0.1871	0.0355	
0.1870	0.0355	
0.1871	0.0355	
0.1870	0.0355	
0.1872	0.0355	
0.1871	0.0355	
0.1871	0.0355	
0.1870	0.0355	
0.1870	0.0355	
0.1870	0.0355	
0.1870	0.0355	
0.1871	0.0355	
0.1870	0.0355	
0.1871	0.0355	
0.1871	0.0355	
0.1870	0.0355	
0.1872	0.0355	
0.1870	0.0355	
0.1870	0.0355	
0.1872	0.0355	
0.1870	0.0355	
0.1870	0.0355	
0.1871	0.0356	
0.1870	0.0356	
0.1870	0.0355	
0.1870	0.0355	
0.1869	0.0355	
0.1869	0.0355	
0.1869	0.0355	
0.1870	0.0355	
0.1870	0.0355	
0.1870	0.0355	
0.1870	0.0355	
0.1869	0.0355	
0.1869	0.0355	
0.1870	0.0355	
0.1869	0.0355	
0.1871	0.0356	
0.1870	0.0355	
0.1870	0.0354	
0.1871	0.0355	
0.1869	0.0355	
0.1871	0.0355	
0.1870	0.0355	
0.1870	0.0355	
0.1869	0.0354	
0.1869	0.0355	
0.1869	0.0355	
0.1869	0.0354	
0.1869	0.0354	
0.1869	0.0354	
0.1869	0.0354	
0.1870	0.0355	
0.1870	0.0355	
0.1869	0.0355	
0.1869	0.0355	
0.1870	0.0355	
0.1869	0.0355	
0.1869	0.0354	
0.1869	0.0355	
0.1869	0.0355	
0.1869	0.0355	
0.1869	0.0356	
0.1869	0.0355	
0.1869	0.0354	
0.1869	0.0354	
0.1869	0.0354	
0.1869	0.0355	
0.1868	0.0354	
0.1869	0.0354	
0.1869	0.0354	
0.1869	0.0354	
0.1869	0.0355	
0.1868	0.0355	
0.1869	0.0355	
0.1868	0.0355	
0.1869	0.0355	
0.1868	0.0354	
0.1869	0.0354	
0.1869	0.0354	
0.1868	0.0355	
0.1869	0.0354	
0.1868	0.0354	
0.1869	0.0354	
0.1868	0.0355	
0.1868	0.0354	
0.1869	0.0354	
0.1869	0.0355	
0.1868	0.0355	
0.1869	0.0354	
0.1870	0.0354	
0.1869	0.0354	
0.1868	0.0354	
0.1868	0.0354	
0.1870	0.0355	
0.1870	0.0354	
0.1870	0.0354	
0.1869	0.0354	
0.1868	0.0354	
0.1868	0.0354	
0.1869	0.0354	
0.1868	0.0354	
0.1869	0.0354	
0.1869	0.0354	
0.1868	0.0354	
0.1868	0.0354	
0.1868	0.0354	
0.1868	0.0354	
0.1868	0.0354	
0.1868	0.0354	
0.1868	0.0354	
0.1868	0.0354	
0.1868	0.0354	
0.1868	0.0354	
0.1868	0.0355	
0.1868	0.0355	
0.1868	0.0354	
0.1868	0.0354	
0.1868	0.0354	
0.1868	0.0354	
0.1868	0.0354	
0.1868	0.0354	
0.1868	0.0354	
0.1868	0.0354	
0.1868	0.0354	
0.1868	0.0354	
0.1868	0.0354	
0.1868	0.0354	
0.1868	0.0354	
0.1867	0.0354	
0.1868	0.0354	
0.1869	0.0354	
0.1868	0.0354	
0.1868	0.0354	
0.1869	0.0354	
0.1868	0.0354	
0.1867	0.0354	
0.1868	0.0354	
0.1871	0.0354	
0.1869	0.0354	
0.1870	0.0354	
