Loss_Adversary	Loss_Target	
-0.1631	0.1731	0.2004	
-0.2265	0.2372	0.2780	
-0.2806	0.2854	0.3435	
-0.3188	0.3122	0.3889	
-0.3462	0.3284	0.4211	
-0.3667	0.3352	0.4447	
-0.3799	0.3386	0.4597	
-0.3891	0.3414	0.4703	
-0.3944	0.3431	0.4764	
-0.3971	0.3425	0.4793	
-0.3996	0.3423	0.4820	
-0.4004	0.3396	0.4826	
-0.4010	0.3379	0.4831	
-0.4024	0.3338	0.4843	
-0.4033	0.3320	0.4850	
-0.4046	0.3297	0.4862	
-0.4049	0.3279	0.4864	
-0.4049	0.3245	0.4860	
-0.4053	0.3220	0.4862	
-0.4056	0.3206	0.4863	
-0.4068	0.3177	0.4873	
-0.4073	0.3140	0.4874	
-0.4074	0.3144	0.4877	
-0.4099	0.3111	0.4900	
-0.4088	0.3077	0.4885	
-0.4105	0.3064	0.4901	
-0.4108	0.3027	0.4901	
-0.4126	0.3009	0.4919	
-0.4160	0.2969	0.4952	
-0.4222	0.2935	0.5017	
-0.4380	0.2922	0.5192	
-0.4824	0.2978	0.5691	
-0.5651	0.3116	0.6625	
-0.6559	0.3277	0.7652	
-0.7307	0.3521	0.8510	
-0.7833	0.3877	0.9135	
-0.8137	0.4137	0.9500	
-0.8235	0.4302	0.9628	
-0.8270	0.4335	0.9670	
-0.8291	0.4370	0.9698	
-0.8317	0.4335	0.9723	
-0.8341	0.4350	0.9751	
-0.8365	0.4335	0.9776	
-0.8383	0.4356	0.9798	
-0.8400	0.4336	0.9815	
-0.8413	0.4336	0.9829	
-0.8422	0.4347	0.9840	
-0.8429	0.4353	0.9849	
-0.8437	0.4331	0.9856	
-0.8440	0.4346	0.9861	
-0.8445	0.4346	0.9866	
-0.8449	0.4337	0.9870	
-0.8454	0.4323	0.9874	
-0.8454	0.4353	0.9877	
-0.8455	0.4377	0.9881	
-0.8460	0.4353	0.9884	
-0.8464	0.4348	0.9887	
-0.8464	0.4369	0.9890	
-0.8466	0.4370	0.9893	
-0.8469	0.4367	0.9896	
-0.8471	0.4374	0.9898	
-0.8471	0.4391	0.9900	
-0.8474	0.4382	0.9902	
-0.8478	0.4363	0.9904	
-0.8479	0.4370	0.9906	
-0.8481	0.4367	0.9908	
-0.8484	0.4353	0.9910	
-0.8484	0.4367	0.9912	
-0.8487	0.4356	0.9914	
-0.8489	0.4358	0.9916	
-0.8489	0.4377	0.9918	
-0.8491	0.4371	0.9920	
-0.8492	0.4375	0.9922	
-0.8493	0.4380	0.9924	
-0.8497	0.4353	0.9925	
-0.8498	0.4361	0.9927	
-0.8499	0.4372	0.9929	
-0.8501	0.4362	0.9931	
-0.8504	0.4353	0.9933	
-0.8504	0.4364	0.9934	
-0.8506	0.4367	0.9936	
-0.8507	0.4362	0.9937	
-0.8510	0.4351	0.9939	
-0.8508	0.4379	0.9940	
-0.8511	0.4364	0.9941	
-0.8513	0.4352	0.9942	
-0.8513	0.4361	0.9943	
-0.8515	0.4349	0.9944	
-0.8514	0.4371	0.9945	
-0.8517	0.4344	0.9946	
-0.8516	0.4361	0.9947	
-0.8517	0.4355	0.9947	
-0.8519	0.4343	0.9948	
-0.8519	0.4347	0.9949	
-0.8520	0.4337	0.9949	
-0.8517	0.4374	0.9949	
-0.8520	0.4348	0.9950	
-0.8520	0.4351	0.9950	
-0.8520	0.4351	0.9950	
-0.8520	0.4361	0.9951	
-0.8521	0.4353	0.9951	
-0.8521	0.4350	0.9951	
-0.8522	0.4342	0.9952	
-0.8521	0.4355	0.9952	
-0.8519	0.4378	0.9952	
-0.8521	0.4360	0.9952	
-0.8520	0.4369	0.9952	
-0.8521	0.4365	0.9953	
-0.8524	0.4338	0.9953	
-0.8521	0.4361	0.9953	
-0.8522	0.4362	0.9953	
-0.8523	0.4347	0.9953	
-0.8522	0.4360	0.9953	
-0.8521	0.4366	0.9953	
-0.8523	0.4351	0.9953	
-0.8524	0.4344	0.9954	
-0.8521	0.4374	0.9954	
-0.8524	0.4347	0.9954	
-0.8522	0.4360	0.9954	
-0.8526	0.4326	0.9954	
-0.8524	0.4349	0.9954	
-0.8523	0.4356	0.9954	
-0.8525	0.4339	0.9954	
-0.8525	0.4343	0.9954	
-0.8525	0.4339	0.9954	
-0.8523	0.4366	0.9955	
-0.8524	0.4354	0.9955	
-0.8523	0.4366	0.9955	
-0.8522	0.4373	0.9955	
-0.8524	0.4355	0.9955	
-0.8524	0.4364	0.9956	
-0.8526	0.4355	0.9958	
-0.8526	0.4376	0.9959	
-0.8529	0.4352	0.9960	
-0.8528	0.4364	0.9961	
-0.8531	0.4346	0.9962	
-0.8530	0.4358	0.9962	
-0.8531	0.4353	0.9963	
-0.8533	0.4344	0.9963	
-0.8533	0.4342	0.9964	
-0.8535	0.4326	0.9964	
-0.8535	0.4336	0.9965	
-0.8538	0.4307	0.9965	
-0.8539	0.4303	0.9966	
-0.8537	0.4327	0.9966	
-0.8538	0.4317	0.9966	
-0.8536	0.4338	0.9966	
-0.8538	0.4320	0.9967	
-0.8540	0.4301	0.9967	
-0.8540	0.4303	0.9967	
-0.8539	0.4311	0.9967	
-0.8539	0.4318	0.9967	
-0.8537	0.4337	0.9968	
-0.8539	0.4322	0.9968	
-0.8541	0.4302	0.9968	
-0.8541	0.4302	0.9968	
-0.8542	0.4293	0.9968	
-0.8543	0.4286	0.9968	
-0.8543	0.4289	0.9969	
-0.8540	0.4317	0.9969	
-0.8541	0.4311	0.9969	
-0.8542	0.4299	0.9969	
-0.8543	0.4292	0.9969	
-0.8543	0.4295	0.9969	
-0.8542	0.4300	0.9969	
-0.8542	0.4308	0.9970	
-0.8544	0.4288	0.9970	
-0.8543	0.4297	0.9970	
-0.8544	0.4285	0.9970	
-0.8543	0.4300	0.9970	
-0.8544	0.4296	0.9970	
-0.8543	0.4302	0.9970	
-0.8542	0.4313	0.9970	
-0.8544	0.4290	0.9971	
-0.8544	0.4293	0.9971	
-0.8545	0.4288	0.9971	
-0.8545	0.4294	0.9971	
-0.8545	0.4292	0.9971	
-0.8545	0.4289	0.9971	
-0.8544	0.4300	0.9971	
-0.8545	0.4293	0.9971	
-0.8544	0.4307	0.9972	
-0.8545	0.4295	0.9972	
-0.8546	0.4282	0.9972	
-0.8546	0.4291	0.9972	
-0.8545	0.4294	0.9972	
-0.8543	0.4313	0.9972	
-0.8545	0.4298	0.9972	
-0.8545	0.4302	0.9972	
-0.8546	0.4288	0.9972	
-0.8546	0.4295	0.9972	
-0.8547	0.4286	0.9972	
-0.8546	0.4291	0.9972	
-0.8546	0.4297	0.9973	
-0.8547	0.4279	0.9972	
-0.8546	0.4293	0.9972	
-0.8546	0.4294	0.9972	
-0.8548	0.4273	0.9973	
-0.8545	0.4301	0.9973	
-0.8545	0.4305	0.9973	
-0.8547	0.4284	0.9973	
-0.8546	0.4290	0.9973	
-0.8546	0.4300	0.9973	
-0.8547	0.4285	0.9973	
-0.8548	0.4278	0.9973	
-0.8546	0.4299	0.9973	
-0.8546	0.4293	0.9973	
-0.8546	0.4293	0.9973	
-0.8547	0.4287	0.9973	
-0.8548	0.4278	0.9973	
-0.8547	0.4284	0.9973	
-0.8546	0.4295	0.9973	
-0.8546	0.4298	0.9973	
-0.8546	0.4300	0.9973	
-0.8544	0.4313	0.9973	
-0.8546	0.4298	0.9973	
-0.8543	0.4326	0.9973	
-0.8547	0.4288	0.9973	
-0.8546	0.4291	0.9973	
-0.8544	0.4315	0.9973	
-0.8548	0.4279	0.9973	
-0.8548	0.4275	0.9973	
-0.8546	0.4292	0.9973	
-0.8546	0.4296	0.9973	
-0.8546	0.4299	0.9973	
-0.8545	0.4305	0.9973	
-0.8547	0.4284	0.9973	
-0.8547	0.4282	0.9973	
-0.8545	0.4308	0.9973	
-0.8546	0.4296	0.9973	
-0.8545	0.4299	0.9973	
-0.8547	0.4282	0.9973	
-0.8547	0.4287	0.9973	
-0.8544	0.4312	0.9973	
-0.8544	0.4313	0.9973	
-0.8546	0.4293	0.9973	
-0.8548	0.4279	0.9973	
-0.8546	0.4292	0.9973	
-0.8544	0.4316	0.9973	
-0.8546	0.4296	0.9973	
-0.8546	0.4296	0.9973	
-0.8545	0.4302	0.9973	
-0.8546	0.4291	0.9973	
-0.8545	0.4304	0.9973	
-0.8545	0.4301	0.9973	
-0.8546	0.4297	0.9973	
-0.8545	0.4300	0.9973	
-0.8545	0.4305	0.9973	
-0.8545	0.4305	0.9973	
-0.8544	0.4313	0.9973	
-0.8547	0.4290	0.9973	
-0.8546	0.4302	0.9973	
-0.8544	0.4314	0.9973	
-0.8547	0.4289	0.9973	
-0.8546	0.4292	0.9973	
-0.8544	0.4316	0.9973	
-0.8548	0.4277	0.9973	
-0.8548	0.4280	0.9973	
-0.8548	0.4273	0.9973	
-0.8546	0.4301	0.9973	
-0.8544	0.4314	0.9973	
-0.8547	0.4291	0.9973	
-0.8548	0.4282	0.9973	
-0.8546	0.4299	0.9973	
-0.8546	0.4297	0.9973	
-0.8546	0.4296	0.9973	
-0.8546	0.4298	0.9973	
-0.8545	0.4311	0.9973	
-0.8546	0.4296	0.9973	
-0.8546	0.4300	0.9973	
-0.8545	0.4305	0.9973	
-0.8546	0.4296	0.9973	
-0.8545	0.4308	0.9973	
-0.8548	0.4286	0.9973	
-0.8547	0.4292	0.9973	
-0.8548	0.4284	0.9973	
-0.8547	0.4295	0.9973	
-0.8547	0.4287	0.9973	
-0.8547	0.4290	0.9973	
-0.8547	0.4288	0.9973	
-0.8547	0.4289	0.9973	
-0.8546	0.4300	0.9974	
-0.8548	0.4282	0.9974	
-0.8547	0.4294	0.9974	
-0.8546	0.4299	0.9974	
-0.8547	0.4293	0.9973	
-0.8547	0.4296	0.9974	
-0.8545	0.4310	0.9974	
-0.8545	0.4317	0.9974	
-0.8544	0.4320	0.9974	
-0.8546	0.4298	0.9974	
-0.8547	0.4291	0.9974	
-0.8545	0.4315	0.9974	
-0.8546	0.4299	0.9974	
-0.8548	0.4281	0.9974	
-0.8546	0.4301	0.9974	
-0.8546	0.4304	0.9974	
-0.8545	0.4311	0.9974	
-0.8548	0.4289	0.9974	
-0.8546	0.4304	0.9974	
-0.8547	0.4292	0.9974	
-0.8546	0.4305	0.9974	
-0.8546	0.4305	0.9974	
-0.8547	0.4298	0.9974	
-0.8548	0.4287	0.9974	
-0.8545	0.4313	0.9974	
-0.8547	0.4292	0.9974	
-0.8548	0.4287	0.9974	
-0.8547	0.4297	0.9974	
-0.8547	0.4297	0.9974	
-0.8547	0.4297	0.9974	
-0.8547	0.4290	0.9974	
-0.8546	0.4308	0.9974	
-0.8548	0.4286	0.9974	
-0.8546	0.4305	0.9974	
-0.8546	0.4306	0.9974	
-0.8547	0.4290	0.9974	
-0.8546	0.4305	0.9974	
-0.8547	0.4293	0.9974	
-0.8548	0.4288	0.9974	
-0.8547	0.4293	0.9974	
-0.8547	0.4294	0.9974	
-0.8548	0.4279	0.9974	
-0.8546	0.4306	0.9974	
-0.8547	0.4290	0.9974	
-0.8548	0.4281	0.9973	
-0.8547	0.4292	0.9973	
-0.8547	0.4289	0.9973	
-0.8549	0.4269	0.9973	
-0.8546	0.4301	0.9973	
-0.8548	0.4273	0.9973	
-0.8549	0.4267	0.9973	
-0.8548	0.4281	0.9973	
-0.8550	0.4252	0.9973	
-0.8547	0.4287	0.9973	
-0.8549	0.4262	0.9973	
-0.8547	0.4285	0.9973	
-0.8548	0.4276	0.9973	
-0.8548	0.4282	0.9973	
-0.8548	0.4280	0.9973	
-0.8547	0.4289	0.9973	
-0.8547	0.4286	0.9973	
-0.8548	0.4278	0.9973	
-0.8547	0.4284	0.9973	
-0.8546	0.4291	0.9973	
-0.8549	0.4269	0.9973	
-0.8549	0.4269	0.9973	
-0.8547	0.4284	0.9973	
-0.8549	0.4265	0.9973	
-0.8549	0.4268	0.9973	
-0.8548	0.4276	0.9973	
-0.8548	0.4276	0.9973	
-0.8548	0.4272	0.9973	
-0.8548	0.4274	0.9973	
-0.8549	0.4268	0.9973	
-0.8548	0.4276	0.9973	
-0.8549	0.4268	0.9973	
-0.8548	0.4275	0.9973	
-0.8547	0.4279	0.9973	
-0.8549	0.4268	0.9973	
-0.8544	0.4315	0.9973	
-0.8549	0.4267	0.9973	
-0.8549	0.4265	0.9973	
-0.8549	0.4265	0.9973	
-0.8550	0.4253	0.9973	
-0.8546	0.4292	0.9973	
-0.8551	0.4250	0.9973	
-0.8547	0.4284	0.9973	
-0.8549	0.4263	0.9973	
-0.8549	0.4268	0.9973	
-0.8550	0.4252	0.9973	
-0.8550	0.4258	0.9973	
-0.8548	0.4278	0.9973	
-0.8547	0.4285	0.9973	
-0.8549	0.4269	0.9973	
-0.8548	0.4279	0.9973	
-0.8547	0.4284	0.9973	
-0.8549	0.4265	0.9973	
-0.8549	0.4258	0.9972	
-0.8547	0.4283	0.9973	
-0.8548	0.4278	0.9973	
-0.8548	0.4278	0.9973	
-0.8549	0.4265	0.9973	
-0.8550	0.4261	0.9973	
-0.8549	0.4268	0.9973	
-0.8548	0.4281	0.9973	
-0.8549	0.4266	0.9973	
-0.8549	0.4271	0.9973	
-0.8548	0.4275	0.9973	
-0.8546	0.4300	0.9973	
-0.8547	0.4285	0.9973	
-0.8550	0.4262	0.9973	
-0.8550	0.4262	0.9973	
-0.8549	0.4274	0.9973	
-0.8548	0.4283	0.9973	
-0.8551	0.4252	0.9973	
-0.8550	0.4264	0.9973	
-0.8549	0.4274	0.9973	
-0.8549	0.4270	0.9973	
-0.8550	0.4261	0.9973	
-0.8549	0.4276	0.9974	
-0.8548	0.4282	0.9974	
-0.8548	0.4286	0.9974	
-0.8550	0.4260	0.9974	
-0.8549	0.4271	0.9974	
-0.8550	0.4270	0.9974	
-0.8548	0.4286	0.9974	
-0.8550	0.4265	0.9974	
-0.8551	0.4262	0.9974	
-0.8548	0.4284	0.9974	
-0.8548	0.4286	0.9974	
-0.8550	0.4273	0.9974	
-0.8550	0.4265	0.9974	
-0.8550	0.4266	0.9974	
-0.8550	0.4272	0.9974	
-0.8551	0.4266	0.9975	
-0.8551	0.4261	0.9975	
-0.8552	0.4251	0.9975	
-0.8551	0.4259	0.9975	
-0.8549	0.4282	0.9975	
-0.8550	0.4272	0.9975	
-0.8552	0.4258	0.9975	
-0.8551	0.4265	0.9975	
-0.8549	0.4287	0.9975	
-0.8551	0.4272	0.9975	
-0.8553	0.4252	0.9976	
-0.8551	0.4274	0.9976	
-0.8550	0.4280	0.9976	
-0.8553	0.4253	0.9976	
-0.8554	0.4248	0.9976	
-0.8553	0.4265	0.9977	
-0.8555	0.4247	0.9977	
-0.8554	0.4260	0.9977	
-0.8556	0.4240	0.9978	
-0.8555	0.4245	0.9978	
-0.8556	0.4244	0.9978	
-0.8556	0.4246	0.9978	
-0.8557	0.4229	0.9978	
-0.8554	0.4265	0.9978	
-0.8555	0.4254	0.9978	
-0.8553	0.4273	0.9978	
-0.8553	0.4269	0.9978	
-0.8556	0.4244	0.9978	
-0.8557	0.4236	0.9978	
-0.8554	0.4258	0.9977	
-0.8555	0.4251	0.9978	
-0.8555	0.4252	0.9978	
-0.8556	0.4238	0.9978	
-0.8556	0.4243	0.9978	
-0.8556	0.4236	0.9978	
-0.8554	0.4260	0.9978	
-0.8558	0.4218	0.9978	
-0.8557	0.4234	0.9978	
-0.8554	0.4254	0.9978	
-0.8558	0.4224	0.9978	
-0.8553	0.4278	0.9978	
-0.8555	0.4249	0.9978	
-0.8556	0.4232	0.9977	
-0.8554	0.4256	0.9978	
-0.8557	0.4233	0.9978	
-0.8556	0.4246	0.9978	
-0.8554	0.4257	0.9978	
-0.8558	0.4228	0.9978	
-0.8559	0.4217	0.9978	
-0.8557	0.4236	0.9978	
-0.8557	0.4227	0.9978	
-0.8557	0.4228	0.9978	
-0.8557	0.4229	0.9978	
-0.8557	0.4227	0.9978	
-0.8556	0.4242	0.9978	
-0.8555	0.4252	0.9978	
-0.8558	0.4220	0.9978	
-0.8556	0.4240	0.9978	
-0.8555	0.4247	0.9978	
-0.8558	0.4224	0.9978	
-0.8558	0.4226	0.9978	
-0.8557	0.4228	0.9978	
-0.8555	0.4256	0.9978	
-0.8556	0.4244	0.9978	
-0.8554	0.4264	0.9978	
-0.8555	0.4256	0.9978	
-0.8556	0.4239	0.9978	
-0.8556	0.4236	0.9978	
-0.8558	0.4226	0.9978	
-0.8557	0.4232	0.9978	
-0.8558	0.4221	0.9978	
-0.8555	0.4248	0.9978	
-0.8557	0.4237	0.9978	
-0.8557	0.4233	0.9978	
-0.8556	0.4237	0.9978	
-0.8556	0.4239	0.9978	
-0.8556	0.4238	0.9978	
-0.8555	0.4251	0.9978	
-0.8558	0.4222	0.9978	
-0.8558	0.4224	0.9978	
-0.8556	0.4238	0.9978	
-0.8554	0.4270	0.9978	
-0.8557	0.4233	0.9978	
-0.8556	0.4238	0.9978	
-0.8557	0.4229	0.9978	
-0.8555	0.4251	0.9978	
-0.8556	0.4243	0.9978	
-0.8557	0.4225	0.9978	
-0.8556	0.4239	0.9977	
-0.8556	0.4239	0.9978	
-0.8557	0.4231	0.9978	
-0.8557	0.4228	0.9978	
-0.8555	0.4247	0.9978	
-0.8555	0.4251	0.9978	
-0.8557	0.4234	0.9978	
-0.8556	0.4247	0.9978	
-0.8557	0.4232	0.9978	
-0.8556	0.4242	0.9978	
-0.8557	0.4231	0.9978	
-0.8557	0.4235	0.9978	
-0.8558	0.4223	0.9978	
-0.8557	0.4231	0.9978	
-0.8556	0.4241	0.9978	
-0.8555	0.4248	0.9978	
-0.8556	0.4247	0.9978	
-0.8558	0.4224	0.9978	
-0.8559	0.4218	0.9978	
-0.8557	0.4237	0.9978	
-0.8558	0.4222	0.9978	
-0.8556	0.4235	0.9978	
-0.8556	0.4245	0.9978	
-0.8556	0.4244	0.9978	
-0.8558	0.4225	0.9978	
-0.8554	0.4262	0.9978	
-0.8556	0.4243	0.9978	
-0.8555	0.4249	0.9978	
-0.8557	0.4237	0.9978	
-0.8554	0.4263	0.9978	
-0.8558	0.4222	0.9978	
-0.8555	0.4247	0.9978	
-0.8555	0.4251	0.9978	
-0.8555	0.4256	0.9978	
-0.8557	0.4237	0.9978	
-0.8557	0.4229	0.9978	
-0.8557	0.4233	0.9978	
-0.8556	0.4244	0.9978	
-0.8556	0.4240	0.9978	
-0.8558	0.4219	0.9978	
-0.8556	0.4247	0.9978	
-0.8556	0.4239	0.9978	
-0.8558	0.4221	0.9978	
-0.8557	0.4232	0.9978	
-0.8556	0.4244	0.9978	
-0.8555	0.4248	0.9978	
-0.8558	0.4226	0.9978	
-0.8558	0.4222	0.9978	
-0.8557	0.4235	0.9978	
-0.8556	0.4240	0.9978	
-0.8554	0.4261	0.9978	
-0.8557	0.4236	0.9978	
-0.8558	0.4223	0.9978	
-0.8557	0.4237	0.9978	
-0.8559	0.4211	0.9978	
-0.8556	0.4239	0.9978	
-0.8553	0.4273	0.9978	
-0.8557	0.4235	0.9978	
-0.8557	0.4238	0.9978	
-0.8557	0.4237	0.9978	
-0.8556	0.4243	0.9978	
-0.8559	0.4216	0.9978	
-0.8555	0.4247	0.9978	
-0.8556	0.4242	0.9978	
-0.8555	0.4249	0.9978	
-0.8555	0.4251	0.9978	
-0.8555	0.4253	0.9978	
-0.8558	0.4221	0.9978	
-0.8558	0.4223	0.9978	
-0.8556	0.4242	0.9978	
-0.8556	0.4247	0.9978	
-0.8558	0.4224	0.9978	
-0.8554	0.4260	0.9978	
-0.8558	0.4222	0.9978	
-0.8557	0.4238	0.9978	
-0.8555	0.4249	0.9978	
-0.8556	0.4239	0.9978	
-0.8555	0.4246	0.9978	
-0.8556	0.4239	0.9978	
-0.8557	0.4234	0.9978	
-0.8552	0.4290	0.9978	
-0.8555	0.4248	0.9978	
-0.8556	0.4240	0.9978	
-0.8554	0.4266	0.9978	
-0.8557	0.4227	0.9978	
-0.8557	0.4230	0.9978	
-0.8557	0.4233	0.9978	
-0.8556	0.4242	0.9978	
-0.8557	0.4235	0.9978	
-0.8558	0.4224	0.9978	
-0.8556	0.4249	0.9978	
-0.8552	0.4280	0.9978	
-0.8555	0.4255	0.9978	
-0.8556	0.4243	0.9978	
-0.8557	0.4234	0.9978	
-0.8557	0.4232	0.9978	
-0.8555	0.4251	0.9978	
-0.8558	0.4222	0.9978	
-0.8558	0.4218	0.9977	
-0.8556	0.4235	0.9977	
-0.8554	0.4261	0.9978	
-0.8553	0.4266	0.9978	
-0.8557	0.4231	0.9978	
-0.8556	0.4247	0.9978	
-0.8556	0.4243	0.9978	
-0.8557	0.4236	0.9978	
-0.8558	0.4223	0.9978	
-0.8556	0.4242	0.9978	
-0.8556	0.4238	0.9978	
-0.8554	0.4266	0.9978	
-0.8553	0.4270	0.9978	
-0.8558	0.4224	0.9978	
-0.8558	0.4225	0.9978	
-0.8557	0.4237	0.9978	
-0.8557	0.4232	0.9978	
-0.8556	0.4242	0.9978	
-0.8558	0.4225	0.9978	
-0.8555	0.4250	0.9978	
-0.8556	0.4246	0.9978	
-0.8557	0.4236	0.9978	
-0.8559	0.4213	0.9978	
-0.8556	0.4246	0.9978	
-0.8558	0.4220	0.9978	
-0.8557	0.4235	0.9978	
-0.8557	0.4234	0.9978	
-0.8556	0.4241	0.9978	
-0.8558	0.4226	0.9978	
-0.8557	0.4234	0.9978	
-0.8556	0.4240	0.9978	
-0.8556	0.4248	0.9978	
-0.8557	0.4239	0.9978	
-0.8558	0.4230	0.9978	
-0.8557	0.4236	0.9978	
-0.8556	0.4237	0.9978	
-0.8558	0.4226	0.9978	
-0.8556	0.4245	0.9978	
-0.8556	0.4242	0.9978	
-0.8556	0.4245	0.9978	
-0.8558	0.4227	0.9978	
-0.8559	0.4212	0.9978	
-0.8555	0.4249	0.9978	
-0.8556	0.4239	0.9978	
-0.8557	0.4237	0.9978	
-0.8556	0.4242	0.9978	
-0.8556	0.4244	0.9978	
-0.8556	0.4240	0.9978	
-0.8556	0.4247	0.9978	
-0.8558	0.4229	0.9978	
-0.8557	0.4230	0.9978	
-0.8556	0.4244	0.9978	
-0.8558	0.4229	0.9978	
-0.8556	0.4239	0.9978	
-0.8553	0.4270	0.9978	
-0.8554	0.4261	0.9978	
-0.8554	0.4263	0.9979	
-0.8558	0.4220	0.9978	
-0.8556	0.4245	0.9978	
-0.8557	0.4228	0.9978	
-0.8554	0.4268	0.9978	
-0.8556	0.4239	0.9978	
-0.8557	0.4231	0.9978	
-0.8556	0.4237	0.9978	
-0.8557	0.4233	0.9978	
-0.8558	0.4224	0.9978	
-0.8557	0.4234	0.9978	
-0.8557	0.4235	0.9978	
-0.8557	0.4227	0.9978	
-0.8555	0.4255	0.9978	
-0.8558	0.4223	0.9978	
-0.8558	0.4224	0.9978	
-0.8556	0.4247	0.9978	
-0.8557	0.4230	0.9978	
-0.8557	0.4236	0.9978	
-0.8557	0.4231	0.9978	
-0.8557	0.4233	0.9978	
-0.8555	0.4254	0.9978	
-0.8556	0.4244	0.9978	
-0.8555	0.4257	0.9978	
-0.8555	0.4248	0.9978	
-0.8557	0.4230	0.9978	
-0.8556	0.4247	0.9978	
-0.8557	0.4233	0.9978	
-0.8555	0.4248	0.9978	
-0.8556	0.4244	0.9978	
-0.8559	0.4208	0.9978	
-0.8555	0.4252	0.9978	
-0.8552	0.4284	0.9978	
-0.8557	0.4234	0.9978	
-0.8556	0.4240	0.9978	
-0.8555	0.4252	0.9978	
-0.8556	0.4242	0.9978	
-0.8554	0.4259	0.9978	
-0.8555	0.4252	0.9978	
-0.8554	0.4261	0.9978	
-0.8558	0.4217	0.9978	
-0.8557	0.4236	0.9978	
-0.8556	0.4248	0.9978	
-0.8557	0.4228	0.9978	
-0.8555	0.4254	0.9978	
-0.8555	0.4248	0.9978	
-0.8555	0.4256	0.9978	
-0.8556	0.4240	0.9978	
-0.8558	0.4224	0.9978	
-0.8558	0.4221	0.9978	
-0.8558	0.4219	0.9977	
-0.8557	0.4231	0.9978	
-0.8557	0.4233	0.9978	
-0.8556	0.4244	0.9978	
-0.8558	0.4217	0.9978	
-0.8558	0.4220	0.9978	
-0.8557	0.4227	0.9978	
-0.8554	0.4258	0.9978	
-0.8554	0.4264	0.9978	
-0.8558	0.4227	0.9978	
-0.8557	0.4226	0.9978	
-0.8553	0.4272	0.9978	
-0.8555	0.4251	0.9978	
-0.8557	0.4229	0.9978	
-0.8555	0.4248	0.9978	
-0.8556	0.4242	0.9978	
-0.8556	0.4243	0.9978	
-0.8556	0.4239	0.9978	
-0.8555	0.4258	0.9978	
-0.8556	0.4248	0.9978	
-0.8556	0.4239	0.9978	
-0.8556	0.4241	0.9978	
-0.8557	0.4240	0.9978	
-0.8558	0.4224	0.9978	
-0.8557	0.4234	0.9978	
-0.8555	0.4254	0.9978	
-0.8556	0.4253	0.9979	
-0.8556	0.4241	0.9978	
-0.8559	0.4215	0.9978	
-0.8555	0.4253	0.9978	
-0.8555	0.4251	0.9978	
-0.8557	0.4230	0.9978	
-0.8557	0.4228	0.9978	
-0.8556	0.4242	0.9978	
-0.8557	0.4230	0.9978	
-0.8556	0.4236	0.9978	
-0.8554	0.4265	0.9978	
-0.8555	0.4249	0.9978	
-0.8556	0.4245	0.9978	
-0.8555	0.4248	0.9978	
-0.8557	0.4240	0.9978	
-0.8557	0.4233	0.9978	
-0.8554	0.4260	0.9978	
-0.8557	0.4233	0.9978	
-0.8555	0.4258	0.9979	
-0.8556	0.4240	0.9978	
-0.8556	0.4248	0.9978	
-0.8557	0.4230	0.9978	
-0.8558	0.4229	0.9978	
-0.8556	0.4243	0.9978	
-0.8558	0.4228	0.9978	
-0.8557	0.4229	0.9978	
-0.8555	0.4251	0.9978	
-0.8557	0.4235	0.9978	
-0.8557	0.4236	0.9978	
-0.8556	0.4248	0.9978	
-0.8558	0.4216	0.9978	
-0.8556	0.4238	0.9978	
-0.8555	0.4255	0.9978	
-0.8559	0.4221	0.9978	
-0.8558	0.4225	0.9978	
-0.8558	0.4227	0.9978	
-0.8558	0.4222	0.9978	
-0.8557	0.4230	0.9978	
-0.8557	0.4235	0.9978	
-0.8557	0.4230	0.9978	
-0.8557	0.4231	0.9978	
-0.8558	0.4227	0.9978	
-0.8558	0.4218	0.9978	
-0.8556	0.4237	0.9978	
-0.8557	0.4236	0.9978	
-0.8556	0.4240	0.9978	
-0.8558	0.4227	0.9978	
-0.8558	0.4224	0.9978	
-0.8558	0.4220	0.9978	
-0.8558	0.4225	0.9978	
-0.8557	0.4240	0.9978	
-0.8556	0.4243	0.9978	
-0.8556	0.4244	0.9978	
-0.8556	0.4244	0.9978	
-0.8556	0.4241	0.9978	
-0.8557	0.4233	0.9978	
-0.8556	0.4248	0.9978	
-0.8558	0.4224	0.9978	
-0.8557	0.4228	0.9978	
-0.8556	0.4245	0.9978	
-0.8559	0.4216	0.9978	
-0.8557	0.4235	0.9978	
-0.8556	0.4241	0.9978	
-0.8557	0.4234	0.9978	
-0.8556	0.4242	0.9978	
-0.8556	0.4247	0.9978	
-0.8557	0.4238	0.9979	
0.8216	0.5840	
0.7732	0.5684	
0.7300	0.5534	
0.6954	0.5372	
0.6678	0.5195	
0.6418	0.4999	
0.6145	0.4782	
0.5862	0.4545	
0.5567	0.4290	
0.5261	0.4029	
0.4950	0.3758	
0.4638	0.3485	
0.4323	0.3216	
0.4014	0.2955	
0.3719	0.2708	
0.3440	0.2482	
0.3185	0.2278	
0.2964	0.2098	
0.2775	0.1943	
0.2620	0.1806	
0.2496	0.1679	
0.2403	0.1561	
0.2329	0.1449	
0.2270	0.1340	
0.2221	0.1234	
0.2179	0.1130	
0.2140	0.1027	
0.2104	0.0926	
0.2071	0.0827	
0.2039	0.0731	
0.2008	0.0642	
0.1978	0.0559	
0.1950	0.0484	
0.1922	0.0416	
0.1895	0.0355	
0.1869	0.0299	
0.1837	0.0246	
0.1796	0.0199	
0.1753	0.0155	
0.1707	0.0117	
0.1663	0.0087	
0.1621	0.0064	
0.1583	0.0049	
0.1550	0.0040	
0.1523	0.0033	
0.1502	0.0029	
0.1487	0.0026	
0.1473	0.0023	
0.1464	0.0021	
0.1457	0.0020	
0.1452	0.0018	
0.1447	0.0017	
0.1440	0.0017	
0.1436	0.0016	
0.1432	0.0015	
0.1430	0.0015	
0.1428	0.0014	
0.1427	0.0014	
0.1425	0.0013	
0.1424	0.0013	
0.1423	0.0013	
0.1422	0.0012	
0.1421	0.0012	
0.1420	0.0012	
0.1419	0.0011	
0.1418	0.0011	
0.1417	0.0011	
0.1416	0.0010	
0.1415	0.0010	
0.1413	0.0009	
0.1412	0.0009	
0.1411	0.0009	
0.1410	0.0008	
0.1409	0.0008	
0.1408	0.0008	
0.1408	0.0008	
0.1407	0.0008	
0.1406	0.0007	
0.1405	0.0007	
0.1404	0.0007	
0.1404	0.0007	
0.1403	0.0007	
0.1402	0.0007	
0.1401	0.0007	
0.1400	0.0007	
0.1400	0.0006	
0.1398	0.0006	
0.1398	0.0006	
0.1396	0.0006	
0.1395	0.0006	
0.1394	0.0006	
0.1394	0.0006	
0.1391	0.0006	
0.1390	0.0006	
0.1388	0.0006	
0.1387	0.0006	
0.1385	0.0005	
0.1383	0.0005	
0.1381	0.0005	
0.1380	0.0005	
0.1379	0.0005	
0.1377	0.0005	
0.1375	0.0005	
0.1374	0.0005	
0.1372	0.0005	
0.1371	0.0005	
0.1369	0.0005	
0.1369	0.0005	
0.1368	0.0005	
0.1366	0.0005	
0.1363	0.0005	
0.1362	0.0005	
0.1362	0.0005	
0.1359	0.0005	
0.1358	0.0005	
0.1356	0.0005	
0.1356	0.0004	
0.1355	0.0004	
0.1353	0.0004	
0.1351	0.0004	
0.1350	0.0004	
0.1348	0.0004	
0.1347	0.0004	
0.1345	0.0004	
0.1345	0.0004	
0.1343	0.0004	
0.1341	0.0004	
0.1341	0.0004	
0.1339	0.0004	
0.1337	0.0004	
0.1336	0.0004	
0.1335	0.0004	
0.1334	0.0004	
0.1333	0.0004	
0.1332	0.0004	
0.1332	0.0004	
0.1330	0.0004	
0.1329	0.0004	
0.1328	0.0004	
0.1328	0.0004	
0.1326	0.0004	
0.1326	0.0004	
0.1325	0.0004	
0.1324	0.0004	
0.1323	0.0004	
0.1323	0.0004	
0.1321	0.0004	
0.1321	0.0004	
0.1320	0.0004	
0.1320	0.0004	
0.1318	0.0004	
0.1318	0.0004	
0.1317	0.0004	
0.1317	0.0004	
0.1316	0.0004	
0.1316	0.0004	
0.1315	0.0004	
0.1315	0.0004	
0.1314	0.0004	
0.1315	0.0004	
0.1313	0.0004	
0.1313	0.0004	
0.1313	0.0004	
0.1312	0.0004	
0.1312	0.0003	
0.1311	0.0003	
0.1311	0.0003	
0.1311	0.0003	
0.1309	0.0003	
0.1310	0.0003	
0.1309	0.0003	
0.1309	0.0003	
0.1308	0.0003	
0.1308	0.0003	
0.1307	0.0003	
0.1307	0.0003	
0.1306	0.0003	
0.1306	0.0003	
0.1306	0.0003	
0.1305	0.0003	
0.1307	0.0003	
0.1305	0.0003	
0.1305	0.0003	
0.1304	0.0003	
0.1303	0.0003	
0.1304	0.0003	
0.1303	0.0003	
0.1304	0.0003	
0.1303	0.0003	
0.1302	0.0003	
0.1302	0.0003	
0.1302	0.0003	
0.1301	0.0003	
0.1303	0.0003	
0.1304	0.0003	
0.1301	0.0003	
0.1301	0.0003	
0.1301	0.0003	
0.1300	0.0003	
0.1300	0.0003	
0.1299	0.0003	
0.1301	0.0003	
0.1299	0.0003	
0.1299	0.0003	
0.1299	0.0003	
0.1299	0.0003	
0.1298	0.0003	
0.1297	0.0003	
0.1299	0.0003	
0.1298	0.0003	
0.1297	0.0003	
0.1296	0.0003	
0.1296	0.0003	
0.1297	0.0003	
0.1297	0.0003	
0.1297	0.0003	
0.1296	0.0003	
0.1296	0.0003	
0.1295	0.0003	
0.1295	0.0003	
0.1295	0.0003	
0.1295	0.0003	
0.1295	0.0003	
0.1294	0.0003	
0.1294	0.0003	
0.1294	0.0003	
0.1293	0.0003	
0.1293	0.0003	
0.1294	0.0003	
0.1293	0.0003	
0.1294	0.0003	
0.1295	0.0003	
0.1292	0.0003	
0.1294	0.0003	
0.1292	0.0003	
0.1292	0.0003	
0.1292	0.0003	
0.1291	0.0003	
0.1292	0.0003	
0.1291	0.0003	
0.1291	0.0003	
0.1291	0.0003	
0.1291	0.0003	
0.1290	0.0003	
0.1291	0.0003	
0.1291	0.0003	
0.1290	0.0003	
0.1290	0.0003	
0.1291	0.0003	
0.1290	0.0003	
0.1290	0.0003	
0.1290	0.0003	
0.1289	0.0003	
0.1289	0.0003	
0.1289	0.0003	
0.1289	0.0003	
0.1289	0.0003	
0.1289	0.0003	
0.1288	0.0003	
0.1288	0.0003	
0.1289	0.0003	
0.1288	0.0003	
0.1288	0.0003	
0.1287	0.0003	
0.1287	0.0003	
0.1288	0.0003	
0.1288	0.0003	
0.1287	0.0003	
0.1287	0.0003	
0.1288	0.0003	
0.1286	0.0003	
0.1288	0.0003	
0.1287	0.0003	
0.1286	0.0003	
0.1286	0.0003	
0.1287	0.0003	
0.1288	0.0003	
0.1286	0.0003	
0.1285	0.0003	
0.1285	0.0003	
0.1285	0.0003	
0.1285	0.0003	
0.1285	0.0003	
0.1285	0.0003	
0.1285	0.0003	
0.1284	0.0003	
0.1285	0.0003	
0.1284	0.0003	
0.1284	0.0003	
0.1284	0.0003	
0.1284	0.0003	
0.1283	0.0003	
0.1284	0.0003	
0.1284	0.0003	
0.1283	0.0003	
0.1284	0.0003	
0.1283	0.0003	
0.1283	0.0003	
0.1283	0.0003	
0.1283	0.0003	
0.1283	0.0003	
0.1282	0.0003	
0.1282	0.0003	
0.1283	0.0003	
0.1282	0.0003	
0.1282	0.0003	
0.1282	0.0003	
0.1283	0.0003	
0.1282	0.0003	
0.1282	0.0003	
0.1282	0.0003	
0.1282	0.0003	
0.1281	0.0003	
0.1281	0.0003	
0.1281	0.0003	
0.1281	0.0003	
0.1281	0.0003	
0.1281	0.0003	
0.1281	0.0003	
0.1281	0.0003	
0.1280	0.0003	
0.1281	0.0003	
0.1281	0.0003	
0.1280	0.0003	
0.1280	0.0003	
0.1280	0.0003	
0.1281	0.0003	
0.1280	0.0003	
0.1280	0.0003	
0.1280	0.0003	
0.1280	0.0003	
0.1279	0.0003	
0.1280	0.0003	
0.1279	0.0003	
0.1280	0.0003	
0.1280	0.0003	
0.1279	0.0003	
0.1279	0.0003	
0.1279	0.0003	
0.1279	0.0003	
0.1280	0.0003	
0.1279	0.0003	
0.1279	0.0003	
0.1278	0.0003	
0.1279	0.0003	
0.1278	0.0003	
0.1279	0.0003	
0.1278	0.0003	
0.1278	0.0003	
0.1278	0.0003	
0.1278	0.0003	
0.1278	0.0003	
0.1278	0.0003	
0.1278	0.0003	
0.1278	0.0003	
0.1278	0.0003	
0.1278	0.0003	
0.1278	0.0003	
0.1277	0.0003	
0.1277	0.0003	
0.1277	0.0003	
0.1278	0.0003	
0.1277	0.0003	
0.1277	0.0003	
0.1277	0.0003	
0.1277	0.0003	
0.1277	0.0003	
0.1277	0.0003	
0.1277	0.0003	
0.1277	0.0003	
0.1277	0.0003	
0.1277	0.0003	
0.1277	0.0003	
0.1277	0.0003	
0.1277	0.0003	
0.1277	0.0003	
0.1277	0.0003	
0.1277	0.0003	
0.1276	0.0003	
0.1276	0.0003	
0.1276	0.0003	
0.1277	0.0003	
0.1276	0.0003	
0.1277	0.0003	
0.1276	0.0003	
0.1277	0.0003	
0.1277	0.0003	
0.1276	0.0003	
0.1276	0.0003	
0.1277	0.0003	
0.1276	0.0003	
0.1277	0.0003	
0.1276	0.0003	
0.1276	0.0003	
0.1276	0.0003	
0.1275	0.0003	
0.1276	0.0003	
0.1276	0.0003	
0.1275	0.0003	
0.1276	0.0003	
0.1275	0.0003	
0.1275	0.0003	
0.1275	0.0003	
0.1275	0.0003	
0.1275	0.0003	
0.1275	0.0003	
0.1275	0.0003	
0.1275	0.0003	
0.1275	0.0003	
0.1275	0.0003	
0.1275	0.0003	
0.1275	0.0003	
0.1276	0.0003	
0.1274	0.0003	
0.1274	0.0003	
0.1274	0.0003	
0.1274	0.0003	
0.1274	0.0003	
0.1274	0.0003	
0.1274	0.0003	
0.1274	0.0003	
0.1274	0.0003	
0.1275	0.0003	
0.1274	0.0003	
0.1274	0.0003	
0.1275	0.0003	
0.1274	0.0003	
0.1274	0.0003	
0.1274	0.0003	
0.1274	0.0003	
0.1274	0.0003	
0.1274	0.0003	
0.1274	0.0003	
0.1274	0.0003	
0.1274	0.0003	
0.1274	0.0003	
0.1273	0.0003	
0.1273	0.0003	
0.1273	0.0003	
0.1274	0.0003	
0.1273	0.0003	
0.1273	0.0003	
0.1273	0.0003	
0.1273	0.0003	
0.1273	0.0003	
0.1273	0.0003	
0.1273	0.0003	
0.1273	0.0003	
0.1273	0.0003	
0.1273	0.0003	
0.1273	0.0003	
0.1273	0.0003	
0.1273	0.0003	
0.1273	0.0003	
0.1273	0.0003	
0.1273	0.0003	
0.1273	0.0003	
0.1273	0.0003	
0.1273	0.0003	
0.1273	0.0003	
0.1273	0.0003	
0.1273	0.0003	
0.1272	0.0003	
0.1273	0.0003	
0.1273	0.0003	
0.1273	0.0003	
0.1273	0.0003	
0.1273	0.0003	
0.1273	0.0003	
0.1272	0.0003	
0.1272	0.0003	
0.1272	0.0003	
0.1272	0.0003	
0.1273	0.0003	
0.1272	0.0003	
0.1273	0.0003	
0.1273	0.0003	
0.1272	0.0003	
0.1272	0.0003	
0.1272	0.0003	
0.1272	0.0003	
0.1273	0.0003	
0.1272	0.0003	
0.1272	0.0003	
0.1272	0.0003	
0.1274	0.0003	
0.1273	0.0003	
0.1272	0.0003	
0.1273	0.0003	
0.1272	0.0003	
0.1272	0.0003	
0.1272	0.0003	
0.1272	0.0003	
0.1272	0.0003	
0.1272	0.0003	
0.1272	0.0003	
0.1272	0.0003	
0.1272	0.0003	
0.1272	0.0003	
0.1272	0.0003	
0.1272	0.0003	
0.1272	0.0003	
0.1272	0.0003	
0.1272	0.0003	
0.1272	0.0003	
0.1272	0.0003	
0.1272	0.0003	
0.1272	0.0003	
0.1272	0.0003	
0.1272	0.0003	
0.1272	0.0003	
0.1271	0.0003	
0.1272	0.0003	
0.1273	0.0003	
0.1272	0.0003	
0.1273	0.0003	
0.1272	0.0003	
0.1272	0.0003	
0.1272	0.0003	
0.1271	0.0003	
0.1271	0.0003	
0.1271	0.0003	
0.1271	0.0003	
0.1271	0.0003	
0.1271	0.0003	
0.1271	0.0003	
0.1272	0.0003	
0.1271	0.0003	
0.1272	0.0003	
0.1271	0.0003	
0.1272	0.0003	
0.1271	0.0003	
0.1271	0.0003	
0.1272	0.0003	
0.1271	0.0003	
0.1271	0.0003	
0.1271	0.0003	
0.1271	0.0003	
0.1271	0.0003	
0.1271	0.0003	
0.1271	0.0003	
0.1271	0.0003	
0.1271	0.0003	
0.1272	0.0003	
0.1271	0.0003	
0.1271	0.0003	
0.1271	0.0003	
0.1272	0.0003	
0.1271	0.0003	
0.1271	0.0003	
0.1271	0.0003	
0.1271	0.0003	
0.1271	0.0003	
0.1271	0.0003	
0.1271	0.0003	
0.1271	0.0003	
0.1271	0.0003	
0.1271	0.0003	
0.1272	0.0003	
0.1271	0.0003	
0.1272	0.0003	
0.1271	0.0003	
0.1271	0.0003	
0.1271	0.0003	
0.1271	0.0003	
0.1271	0.0003	
0.1271	0.0003	
0.1271	0.0003	
0.1271	0.0003	
0.1271	0.0003	
0.1271	0.0003	
0.1270	0.0003	
0.1271	0.0003	
0.1271	0.0003	
0.1271	0.0003	
0.1271	0.0003	
0.1271	0.0003	
0.1270	0.0003	
0.1271	0.0003	
0.1270	0.0003	
0.1270	0.0003	
0.1271	0.0003	
0.1271	0.0003	
0.1270	0.0003	
0.1271	0.0003	
0.1270	0.0003	
0.1272	0.0003	
0.1271	0.0003	
0.1271	0.0003	
0.1270	0.0003	
0.1271	0.0003	
0.1271	0.0003	
0.1270	0.0003	
0.1270	0.0003	
0.1270	0.0003	
0.1270	0.0003	
0.1270	0.0003	
0.1270	0.0003	
0.1270	0.0003	
0.1271	0.0003	
0.1270	0.0003	
0.1270	0.0003	
0.1270	0.0003	
0.1270	0.0003	
0.1270	0.0003	
0.1271	0.0003	
0.1271	0.0003	
0.1270	0.0003	
0.1270	0.0003	
0.1270	0.0003	
0.1270	0.0003	
0.1270	0.0003	
0.1270	0.0003	
0.1271	0.0003	
0.1270	0.0003	
0.1270	0.0003	
0.1270	0.0003	
0.1271	0.0003	
0.1270	0.0003	
0.1270	0.0003	
0.1270	0.0003	
0.1271	0.0003	
0.1270	0.0003	
0.1271	0.0003	
0.1270	0.0003	
0.1270	0.0003	
0.1269	0.0003	
0.1270	0.0003	
0.1270	0.0003	
0.1270	0.0003	
0.1269	0.0003	
0.1270	0.0003	
0.1269	0.0003	
0.1270	0.0003	
0.1270	0.0003	
0.1270	0.0003	
0.1269	0.0003	
0.1270	0.0003	
0.1270	0.0003	
0.1269	0.0003	
0.1271	0.0003	
0.1271	0.0003	
0.1269	0.0003	
0.1271	0.0003	
0.1269	0.0003	
0.1270	0.0003	
0.1270	0.0003	
0.1269	0.0003	
0.1269	0.0003	
0.1269	0.0003	
0.1269	0.0003	
0.1271	0.0003	
0.1269	0.0003	
0.1269	0.0003	
0.1269	0.0003	
0.1269	0.0003	
0.1269	0.0003	
0.1269	0.0003	
0.1269	0.0003	
0.1269	0.0003	
0.1269	0.0003	
0.1271	0.0003	
0.1269	0.0003	
0.1269	0.0003	
0.1269	0.0003	
0.1269	0.0003	
0.1269	0.0003	
0.1269	0.0003	
0.1269	0.0003	
0.1269	0.0003	
0.1269	0.0003	
0.1269	0.0003	
0.1269	0.0003	
0.1269	0.0003	
0.1269	0.0003	
0.1269	0.0003	
0.1269	0.0003	
0.1269	0.0003	
0.1269	0.0003	
0.1269	0.0003	
0.1269	0.0003	
0.1270	0.0003	
0.1269	0.0003	
0.1269	0.0003	
0.1269	0.0003	
0.1269	0.0003	
0.1269	0.0003	
0.1268	0.0003	
0.1269	0.0003	
0.1268	0.0003	
0.1269	0.0003	
0.1268	0.0003	
0.1268	0.0003	
0.1269	0.0003	
0.1268	0.0003	
0.1269	0.0003	
0.1269	0.0003	
0.1269	0.0003	
0.1269	0.0003	
0.1268	0.0003	
0.1269	0.0003	
0.1268	0.0003	
0.1268	0.0003	
0.1268	0.0003	
0.1269	0.0003	
0.1268	0.0003	
0.1268	0.0003	
0.1268	0.0003	
0.1268	0.0003	
0.1268	0.0003	
0.1268	0.0003	
0.1268	0.0003	
0.1268	0.0003	
0.1268	0.0003	
0.1269	0.0003	
0.1269	0.0003	
0.1268	0.0003	
0.1268	0.0003	
0.1268	0.0003	
0.1268	0.0003	
0.1268	0.0003	
0.1268	0.0003	
0.1268	0.0003	
0.1268	0.0003	
0.1268	0.0003	
0.1268	0.0003	
0.1268	0.0003	
0.1268	0.0003	
0.1268	0.0003	
0.1268	0.0003	
0.1268	0.0003	
0.1268	0.0003	
0.1268	0.0003	
0.1268	0.0003	
0.1268	0.0003	
0.1268	0.0003	
0.1269	0.0003	
0.1268	0.0003	
0.1269	0.0003	
0.1268	0.0003	
0.1269	0.0003	
0.1268	0.0003	
0.1268	0.0003	
0.1268	0.0003	
0.1268	0.0003	
0.1268	0.0003	
0.1268	0.0003	
0.1268	0.0003	
0.1268	0.0003	
0.1268	0.0003	
0.1268	0.0003	
0.1268	0.0003	
0.1268	0.0003	
0.1268	0.0003	
0.1268	0.0003	
0.1268	0.0003	
0.1268	0.0003	
0.1268	0.0003	
0.1268	0.0003	
0.1268	0.0003	
0.1268	0.0003	
0.1268	0.0003	
0.1268	0.0003	
0.1268	0.0003	
0.1268	0.0003	
0.1269	0.0003	
0.1268	0.0003	
0.1268	0.0003	
0.1268	0.0003	
0.1268	0.0003	
0.1268	0.0003	
0.1268	0.0003	
0.1267	0.0003	
0.1268	0.0003	
0.1267	0.0003	
0.1267	0.0003	
0.1268	0.0003	
0.1268	0.0003	
0.1267	0.0003	
0.1267	0.0003	
0.1268	0.0003	
0.1267	0.0003	
0.1268	0.0003	
0.1267	0.0003	
0.1268	0.0003	
0.1267	0.0003	
0.1267	0.0003	
0.1268	0.0003	
0.1267	0.0003	
0.1267	0.0003	
0.1268	0.0003	
0.1268	0.0003	
0.1268	0.0003	
0.1267	0.0003	
0.1267	0.0003	
0.1268	0.0003	
0.1267	0.0003	
0.1268	0.0003	
0.1267	0.0003	
0.1267	0.0003	
0.1267	0.0003	
0.1267	0.0003	
0.1268	0.0003	
0.1268	0.0003	
0.1267	0.0003	
0.1267	0.0003	
0.1267	0.0003	
0.1267	0.0003	
0.1268	0.0003	
0.1268	0.0003	
0.1267	0.0003	
0.1267	0.0003	
0.1267	0.0003	
0.1267	0.0003	
0.1267	0.0003	
0.1267	0.0003	
0.1267	0.0003	
0.1268	0.0003	
0.1267	0.0003	
0.1268	0.0003	
0.1268	0.0003	
0.1267	0.0003	
0.1267	0.0003	
0.1267	0.0003	
0.1267	0.0003	
0.1268	0.0003	
0.1267	0.0003	
0.1268	0.0003	
0.1267	0.0003	
0.1267	0.0003	
0.1267	0.0003	
0.1267	0.0003	
0.1267	0.0003	
0.1267	0.0003	
0.1268	0.0003	
0.1267	0.0003	
0.1267	0.0003	
0.1267	0.0003	
0.1267	0.0003	
0.1267	0.0003	
0.1267	0.0003	
0.1268	0.0003	
0.1267	0.0003	
0.1267	0.0003	
0.1267	0.0003	
0.1267	0.0003	
0.1267	0.0003	
0.1267	0.0003	
0.1267	0.0003	
0.1267	0.0003	
0.1267	0.0003	
0.1267	0.0003	
0.1267	0.0003	
0.1267	0.0003	
0.1268	0.0003	
0.1267	0.0003	
0.1268	0.0003	
0.1267	0.0003	
0.1267	0.0003	
0.1267	0.0003	
0.1267	0.0003	
0.1267	0.0003	
0.1267	0.0003	
0.1267	0.0003	
0.1267	0.0003	
0.1267	0.0003	
0.1268	0.0003	
0.1267	0.0003	
0.1268	0.0003	
0.1267	0.0003	
0.1267	0.0003	
0.1267	0.0003	
0.1267	0.0003	
0.1267	0.0003	
0.1267	0.0003	
0.1268	0.0003	
0.1267	0.0003	
0.1267	0.0003	
0.1267	0.0003	
0.1267	0.0003	
0.1267	0.0003	
0.1267	0.0003	
0.1267	0.0003	
0.1268	0.0003	
0.1267	0.0003	
0.1267	0.0003	
0.1267	0.0003	
0.1267	0.0003	
0.1267	0.0003	
0.1267	0.0003	
0.1267	0.0003	
0.1267	0.0003	
0.1267	0.0003	
0.1267	0.0003	
0.1267	0.0003	
0.1267	0.0003	
0.1267	0.0003	
0.1267	0.0003	
0.1267	0.0003	
0.1267	0.0003	
0.1267	0.0003	
0.1267	0.0003	
0.1267	0.0003	
0.1268	0.0003	
0.1267	0.0003	
0.1267	0.0003	
0.1267	0.0003	
0.1267	0.0003	
0.1268	0.0003	
0.1267	0.0003	
0.1267	0.0003	
0.1267	0.0003	
0.1267	0.0003	
0.1267	0.0003	
0.1267	0.0003	
0.1267	0.0003	
0.1267	0.0003	
0.1267	0.0003	
0.1267	0.0003	
0.1267	0.0003	
0.1267	0.0003	
0.1267	0.0003	
0.1267	0.0003	
0.1267	0.0003	
0.1267	0.0003	
0.1267	0.0003	
0.1267	0.0003	
0.1267	0.0003	
0.1267	0.0003	
0.1267	0.0003	
0.1267	0.0003	
0.1267	0.0003	
0.1268	0.0003	
0.1267	0.0003	
0.1268	0.0003	
0.1267	0.0003	
0.1267	0.0003	
0.1268	0.0003	
0.1267	0.0003	
0.1267	0.0003	
0.1267	0.0003	
0.1267	0.0003	
0.1267	0.0003	
0.1267	0.0003	
0.1267	0.0003	
0.1267	0.0003	
0.1267	0.0003	
0.1267	0.0003	
0.1267	0.0003	
0.1267	0.0003	
0.1267	0.0003	
0.1267	0.0003	
0.1267	0.0003	
0.1267	0.0003	
0.1266	0.0003	
0.1266	0.0003	
0.1266	0.0003	
0.1267	0.0003	
0.1266	0.0003	
0.1266	0.0003	
0.1267	0.0003	
0.1267	0.0003	
0.1267	0.0003	
0.1267	0.0003	
0.1266	0.0003	
0.1267	0.0003	
0.1267	0.0003	
0.1266	0.0003	
0.1267	0.0003	
0.1266	0.0003	
0.1266	0.0003	
0.1266	0.0003	
0.1267	0.0003	
0.1267	0.0003	
0.1266	0.0003	
0.1267	0.0003	
0.1267	0.0003	
0.1267	0.0003	
0.1266	0.0003	
0.1266	0.0003	
0.1266	0.0003	
0.1266	0.0003	
0.1266	0.0003	
0.1267	0.0003	
0.1267	0.0003	
0.1267	0.0003	
0.1267	0.0003	
0.1266	0.0003	
0.1266	0.0003	
0.1266	0.0003	
0.1267	0.0003	
0.1266	0.0003	
0.1266	0.0003	
0.1267	0.0003	
0.1266	0.0003	
0.1266	0.0003	
0.1266	0.0003	
0.1267	0.0003	
0.1267	0.0003	
0.1266	0.0003	
