Loss_Adversary	Loss_Target	
-0.0152	0.0148	0.0496	
-0.0295	0.0216	0.0883	
-0.0510	0.0307	0.1451	
-0.0826	0.0372	0.2204	
-0.1171	0.0397	0.2975	
-0.1475	0.0376	0.3605	
-0.1701	0.0313	0.4019	
-0.1853	0.0247	0.4269	
-0.1968	0.0159	0.4416	
-0.2027	0.0123	0.4500	
-0.2082	0.0089	0.4579	
-0.2128	0.0052	0.4637	
-0.2157	0.0035	0.4679	
-0.2182	0.0021	0.4717	
-0.2195	0.0023	0.4746	
-0.2209	0.0013	0.4765	
-0.2215	0.0025	0.4791	
-0.2223	0.0028	0.4814	
-0.2227	0.0033	0.4828	
-0.2239	0.0018	0.4836	
-0.2250	0.0017	0.4858	
-0.2249	0.0017	0.4856	
-0.2256	0.0017	0.4871	
-0.2243	0.0042	0.4873	
-0.2262	0.0014	0.4880	
-0.2267	0.0008	0.4886	
-0.2268	0.0012	0.4892	
-0.2266	0.0014	0.4889	
-0.2258	0.0033	0.4894	
-0.2271	0.0013	0.4899	
-0.2272	0.0013	0.4902	
-0.2267	0.0020	0.4899	
-0.2273	0.0020	0.4911	
-0.2275	0.0015	0.4910	
-0.2264	0.0029	0.4901	
-0.2281	0.0006	0.4911	
-0.2275	0.0021	0.4917	
-0.2281	0.0013	0.4920	
-0.2271	0.0040	0.4929	
-0.2270	0.0026	0.4912	
-0.2281	0.0012	0.4919	
-0.2272	0.0026	0.4916	
-0.2285	0.0008	0.4923	
-0.2272	0.0032	0.4922	
-0.2279	0.0014	0.4917	
-0.2266	0.0037	0.4917	
-0.2274	0.0030	0.4926	
-0.2282	0.0018	0.4928	
-0.2276	0.0032	0.4930	
-0.2283	0.0012	0.4925	
-0.2276	0.0033	0.4932	
-0.2288	0.0010	0.4932	
-0.2269	0.0035	0.4921	
-0.2285	0.0012	0.4928	
-0.2288	0.0016	0.4938	
-0.2293	0.0007	0.4940	
-0.2282	0.0031	0.4943	
-0.2281	0.0027	0.4935	
-0.2288	0.0015	0.4938	
-0.2276	0.0038	0.4939	
-0.2281	0.0031	0.4941	
-0.2284	0.0025	0.4940	
-0.2283	0.0022	0.4934	
-0.2288	0.0014	0.4936	
-0.2290	0.0017	0.4944	
-0.2291	0.0013	0.4942	
-0.2292	0.0010	0.4940	
-0.2283	0.0030	0.4944	
-0.2275	0.0038	0.4937	
-0.2288	0.0020	0.4943	
-0.2291	0.0019	0.4950	
-0.2293	0.0016	0.4950	
-0.2290	0.0016	0.4944	
-0.2286	0.0024	0.4943	
-0.2289	0.0016	0.4942	
-0.2288	0.0024	0.4948	
-0.2286	0.0020	0.4940	
-0.2289	0.0014	0.4939	
-0.2294	0.0018	0.4954	
-0.2287	0.0025	0.4947	
-0.2292	0.0015	0.4947	
-0.2294	0.0016	0.4951	
-0.2291	0.0024	0.4954	
-0.2289	0.0020	0.4946	
-0.2289	0.0019	0.4945	
-0.2299	0.0007	0.4952	
-0.2288	0.0024	0.4948	
-0.2291	0.0020	0.4951	
-0.2296	0.0013	0.4953	
-0.2273	0.0053	0.4948	
-0.2290	0.0022	0.4950	
-0.2296	0.0010	0.4950	
-0.2284	0.0031	0.4948	
-0.2293	0.0011	0.4943	
-0.2294	0.0011	0.4947	
-0.2294	0.0010	0.4945	
-0.2293	0.0015	0.4948	
-0.2292	0.0026	0.4958	
-0.2288	0.0024	0.4949	
-0.2288	0.0023	0.4946	
-0.2288	0.0030	0.4955	
-0.2286	0.0027	0.4948	
-0.2290	0.0018	0.4946	
-0.2279	0.0041	0.4949	
-0.2292	0.0018	0.4951	
-0.2291	0.0020	0.4951	
-0.2291	0.0016	0.4946	
-0.2287	0.0029	0.4953	
-0.2298	0.0009	0.4952	
-0.2297	0.0018	0.4961	
-0.2296	0.0014	0.4955	
-0.2290	0.0023	0.4950	
-0.2292	0.0024	0.4958	
-0.2294	0.0014	0.4949	
-0.2291	0.0023	0.4954	
-0.2285	0.0030	0.4948	
-0.2291	0.0025	0.4955	
-0.2297	0.0012	0.4954	
-0.2284	0.0038	0.4955	
-0.2298	0.0015	0.4958	
-0.2290	0.0020	0.4949	
-0.2290	0.0023	0.4951	
-0.2285	0.0036	0.4955	
-0.2280	0.0040	0.4950	
-0.2294	0.0018	0.4954	
-0.2293	0.0018	0.4952	
-0.2294	0.0012	0.4948	
-0.2292	0.0026	0.4959	
-0.2294	0.0019	0.4956	
-0.2291	0.0025	0.4955	
-0.2280	0.0048	0.4957	
-0.2296	0.0015	0.4956	
-0.2285	0.0034	0.4953	
-0.2294	0.0015	0.4951	
-0.2300	0.0010	0.4957	
-0.2293	0.0022	0.4957	
-0.2295	0.0016	0.4953	
-0.2294	0.0014	0.4950	
-0.2284	0.0035	0.4951	
-0.2285	0.0044	0.4965	
-0.2298	0.0012	0.4955	
-0.2291	0.0028	0.4959	
-0.2288	0.0025	0.4949	
-0.2293	0.0028	0.4965	
-0.2299	0.0010	0.4956	
-0.2293	0.0025	0.4960	
-0.2287	0.0036	0.4959	
-0.2296	0.0016	0.4956	
-0.2292	0.0025	0.4958	
-0.2298	0.0015	0.4960	
-0.2290	0.0026	0.4955	
-0.2286	0.0035	0.4957	
-0.2283	0.0048	0.4966	
-0.2290	0.0030	0.4960	
-0.2302	0.0012	0.4964	
-0.2296	0.0021	0.4962	
-0.2294	0.0018	0.4955	
-0.2284	0.0046	0.4965	
-0.2291	0.0026	0.4958	
-0.2293	0.0025	0.4961	
-0.2295	0.0026	0.4966	
-0.2285	0.0034	0.4953	
-0.2291	0.0030	0.4961	
-0.2300	0.0013	0.4961	
-0.2282	0.0046	0.4961	
-0.2297	0.0020	0.4962	
-0.2296	0.0020	0.4960	
-0.2296	0.0020	0.4960	
-0.2296	0.0023	0.4964	
-0.2289	0.0029	0.4955	
-0.2295	0.0017	0.4954	
-0.2299	0.0015	0.4962	
-0.2287	0.0029	0.4951	
-0.2286	0.0037	0.4959	
-0.2289	0.0035	0.4962	
-0.2295	0.0019	0.4957	
-0.2301	0.0013	0.4964	
-0.2295	0.0020	0.4958	
-0.2303	0.0017	0.4973	
-0.2292	0.0023	0.4957	
-0.2299	0.0019	0.4967	
-0.2301	0.0015	0.4967	
-0.2294	0.0023	0.4959	
-0.2301	0.0011	0.4961	
-0.2291	0.0033	0.4965	
-0.2293	0.0024	0.4959	
-0.2296	0.0020	0.4962	
-0.2289	0.0027	0.4955	
-0.2297	0.0021	0.4963	
-0.2297	0.0019	0.4962	
-0.2294	0.0023	0.4960	
-0.2296	0.0023	0.4963	
-0.2300	0.0018	0.4966	
-0.2294	0.0023	0.4961	
-0.2300	0.0014	0.4962	
-0.2299	0.0020	0.4967	
-0.2291	0.0033	0.4965	
-0.2300	0.0014	0.4963	
-0.2288	0.0037	0.4963	
-0.2289	0.0034	0.4962	
-0.2304	0.0014	0.4970	
-0.2295	0.0025	0.4964	
-0.2299	0.0015	0.4961	
-0.2287	0.0038	0.4961	
-0.2292	0.0031	0.4965	
-0.2297	0.0027	0.4970	
-0.2298	0.0019	0.4964	
-0.2298	0.0015	0.4960	
-0.2294	0.0023	0.4959	
-0.2291	0.0031	0.4963	
-0.2292	0.0031	0.4966	
-0.2296	0.0029	0.4971	
-0.2296	0.0023	0.4964	
-0.2298	0.0017	0.4962	
-0.2298	0.0014	0.4957	
-0.2289	0.0031	0.4959	
-0.2292	0.0031	0.4964	
-0.2286	0.0042	0.4965	
-0.2295	0.0031	0.4971	
-0.2306	0.0014	0.4975	
-0.2287	0.0036	0.4960	
-0.2303	0.0010	0.4964	
-0.2300	0.0011	0.4959	
-0.2283	0.0043	0.4960	
-0.2297	0.0019	0.4962	
-0.2289	0.0037	0.4965	
-0.2303	0.0010	0.4964	
-0.2288	0.0033	0.4959	
-0.2303	0.0015	0.4969	
-0.2296	0.0019	0.4959	
-0.2293	0.0026	0.4961	
-0.2288	0.0040	0.4967	
-0.2284	0.0042	0.4959	
-0.2287	0.0041	0.4965	
-0.2274	0.0063	0.4964	
-0.2294	0.0027	0.4965	
-0.2293	0.0022	0.4957	
-0.2293	0.0031	0.4967	
-0.2290	0.0033	0.4962	
-0.2303	0.0020	0.4976	
-0.2296	0.0022	0.4964	
-0.2294	0.0023	0.4960	
-0.2292	0.0025	0.4958	
-0.2296	0.0023	0.4964	
-0.2300	0.0012	0.4960	
-0.2298	0.0017	0.4960	
-0.2288	0.0041	0.4968	
-0.2299	0.0020	0.4966	
-0.2294	0.0027	0.4965	
-0.2295	0.0023	0.4961	
-0.2302	0.0017	0.4970	
-0.2299	0.0021	0.4969	
-0.2300	0.0017	0.4966	
-0.2297	0.0019	0.4961	
-0.2290	0.0034	0.4963	
-0.2300	0.0017	0.4966	
-0.2284	0.0045	0.4965	
-0.2297	0.0024	0.4968	
-0.2293	0.0026	0.4962	
-0.2290	0.0031	0.4961	
-0.2295	0.0021	0.4960	
-0.2304	0.0012	0.4968	
-0.2300	0.0019	0.4967	
-0.2303	0.0019	0.4973	
-0.2303	0.0015	0.4970	
-0.2303	0.0017	0.4972	
-0.2298	0.0027	0.4972	
-0.2294	0.0035	0.4973	
-0.2294	0.0024	0.4961	
-0.2297	0.0021	0.4965	
-0.2294	0.0029	0.4968	
-0.2299	0.0019	0.4967	
-0.2300	0.0015	0.4963	
-0.2297	0.0022	0.4966	
-0.2294	0.0029	0.4966	
-0.2296	0.0022	0.4963	
-0.2299	0.0016	0.4963	
-0.2286	0.0040	0.4961	
-0.2294	0.0031	0.4968	
-0.2295	0.0020	0.4958	
-0.2302	0.0021	0.4974	
-0.2290	0.0029	0.4958	
-0.2298	0.0020	0.4964	
-0.2282	0.0050	0.4965	
-0.2293	0.0030	0.4966	
-0.2300	0.0024	0.4973	
-0.2301	0.0013	0.4964	
-0.2301	0.0014	0.4966	
-0.2291	0.0035	0.4968	
-0.2302	0.0016	0.4969	
-0.2296	0.0017	0.4957	
-0.2288	0.0037	0.4962	
-0.2296	0.0023	0.4964	
-0.2294	0.0028	0.4966	
-0.2282	0.0049	0.4963	
-0.2298	0.0022	0.4967	
-0.2300	0.0020	0.4971	
-0.2293	0.0033	0.4968	
-0.2293	0.0029	0.4964	
-0.2295	0.0034	0.4974	
-0.2294	0.0030	0.4967	
-0.2292	0.0031	0.4964	
-0.2292	0.0029	0.4962	
-0.2296	0.0022	0.4963	
-0.2294	0.0027	0.4964	
-0.2294	0.0029	0.4966	
-0.2297	0.0023	0.4967	
-0.2288	0.0044	0.4970	
-0.2292	0.0030	0.4963	
-0.2304	0.0017	0.4975	
-0.2300	0.0013	0.4961	
-0.2287	0.0031	0.4955	
-0.2300	0.0014	0.4961	
-0.2296	0.0031	0.4974	
-0.2298	0.0021	0.4966	
-0.2292	0.0039	0.4974	
-0.2295	0.0028	0.4967	
-0.2302	0.0019	0.4973	
-0.2302	0.0014	0.4966	
-0.2299	0.0022	0.4969	
-0.2294	0.0036	0.4975	
-0.2305	0.0011	0.4969	
-0.2300	0.0015	0.4964	
-0.2298	0.0029	0.4976	
-0.2297	0.0030	0.4974	
-0.2300	0.0015	0.4963	
-0.2297	0.0025	0.4970	
-0.2301	0.0023	0.4975	
-0.2302	0.0013	0.4965	
-0.2292	0.0031	0.4965	
-0.2301	0.0016	0.4967	
-0.2302	0.0016	0.4968	
-0.2299	0.0019	0.4966	
-0.2289	0.0037	0.4964	
-0.2283	0.0054	0.4971	
-0.2292	0.0033	0.4966	
-0.2295	0.0030	0.4971	
-0.2298	0.0027	0.4972	
-0.2293	0.0026	0.4963	
-0.2295	0.0033	0.4973	
-0.2293	0.0035	0.4971	
-0.2298	0.0021	0.4966	
-0.2295	0.0033	0.4974	
-0.2298	0.0020	0.4964	
-0.2295	0.0033	0.4973	
-0.2298	0.0023	0.4968	
-0.2304	0.0012	0.4969	
-0.2300	0.0019	0.4969	
-0.2304	0.0010	0.4965	
-0.2289	0.0037	0.4966	
-0.2296	0.0029	0.4970	
-0.2295	0.0032	0.4972	
-0.2297	0.0028	0.4972	
-0.2301	0.0020	0.4972	
-0.2299	0.0026	0.4973	
-0.2300	0.0014	0.4963	
-0.2299	0.0023	0.4971	
-0.2300	0.0017	0.4965	
-0.2289	0.0047	0.4977	
-0.2299	0.0021	0.4968	
-0.2295	0.0029	0.4970	
-0.2290	0.0034	0.4963	
-0.2300	0.0019	0.4967	
-0.2300	0.0019	0.4969	
-0.2304	0.0010	0.4965	
-0.2288	0.0045	0.4973	
-0.2299	0.0023	0.4972	
-0.2304	0.0016	0.4974	
-0.2299	0.0015	0.4963	
-0.2290	0.0032	0.4960	
-0.2296	0.0024	0.4966	
-0.2295	0.0026	0.4964	
-0.2298	0.0027	0.4974	
-0.2299	0.0019	0.4966	
-0.2294	0.0032	0.4969	
-0.2279	0.0051	0.4960	
-0.2299	0.0017	0.4965	
-0.2303	0.0014	0.4970	
-0.2292	0.0029	0.4963	
-0.2296	0.0030	0.4972	
-0.2299	0.0023	0.4971	
-0.2306	0.0012	0.4973	
-0.2292	0.0036	0.4970	
-0.2297	0.0023	0.4967	
-0.2299	0.0024	0.4971	
-0.2292	0.0037	0.4972	
-0.2297	0.0026	0.4969	
-0.2303	0.0022	0.4977	
-0.2289	0.0030	0.4958	
-0.2298	0.0023	0.4969	
-0.2297	0.0022	0.4965	
-0.2293	0.0027	0.4963	
-0.2296	0.0022	0.4964	
-0.2289	0.0029	0.4957	
-0.2303	0.0011	0.4965	
-0.2292	0.0028	0.4961	
-0.2301	0.0016	0.4966	
-0.2295	0.0026	0.4966	
-0.2290	0.0037	0.4966	
-0.2298	0.0015	0.4958	
-0.2295	0.0026	0.4965	
-0.2287	0.0037	0.4961	
-0.2290	0.0039	0.4970	
-0.2292	0.0030	0.4964	
-0.2298	0.0027	0.4973	
-0.2303	0.0018	0.4973	
-0.2300	0.0014	0.4962	
-0.2300	0.0014	0.4961	
-0.2284	0.0046	0.4965	
-0.2287	0.0036	0.4959	
-0.2277	0.0054	0.4958	
-0.2297	0.0025	0.4969	
-0.2305	0.0008	0.4967	
-0.2290	0.0039	0.4969	
-0.2298	0.0023	0.4968	
-0.2290	0.0031	0.4959	
-0.2299	0.0024	0.4972	
-0.2301	0.0025	0.4978	
-0.2295	0.0034	0.4974	
-0.2296	0.0030	0.4972	
-0.2299	0.0024	0.4973	
-0.2293	0.0027	0.4963	
-0.2303	0.0020	0.4976	
-0.2299	0.0021	0.4968	
-0.2292	0.0029	0.4963	
-0.2301	0.0018	0.4970	
-0.2303	0.0014	0.4969	
-0.2301	0.0016	0.4966	
-0.2298	0.0021	0.4966	
-0.2301	0.0017	0.4967	
-0.2301	0.0019	0.4971	
-0.2294	0.0028	0.4966	
-0.2299	0.0029	0.4976	
-0.2304	0.0011	0.4968	
-0.2300	0.0024	0.4973	
-0.2295	0.0029	0.4969	
-0.2304	0.0018	0.4976	
-0.2294	0.0034	0.4972	
-0.2300	0.0026	0.4975	
-0.2294	0.0031	0.4968	
-0.2296	0.0023	0.4965	
-0.2293	0.0025	0.4961	
-0.2296	0.0029	0.4972	
-0.2290	0.0038	0.4969	
-0.2300	0.0017	0.4965	
-0.2296	0.0022	0.4964	
-0.2302	0.0017	0.4970	
-0.2294	0.0036	0.4974	
-0.2298	0.0028	0.4974	
-0.2299	0.0026	0.4974	
-0.2292	0.0035	0.4970	
-0.2293	0.0037	0.4973	
-0.2293	0.0042	0.4980	
-0.2289	0.0040	0.4968	
-0.2303	0.0015	0.4969	
-0.2288	0.0041	0.4967	
-0.2287	0.0039	0.4962	
-0.2288	0.0047	0.4973	
-0.2287	0.0049	0.4974	
-0.2298	0.0022	0.4967	
-0.2295	0.0027	0.4967	
-0.2306	0.0011	0.4971	
-0.2293	0.0036	0.4973	
-0.2293	0.0030	0.4967	
-0.2300	0.0024	0.4974	
-0.2305	0.0011	0.4971	
-0.2304	0.0013	0.4970	
-0.2303	0.0017	0.4972	
-0.2281	0.0056	0.4971	
-0.2301	0.0018	0.4970	
-0.2300	0.0020	0.4970	
-0.2295	0.0031	0.4970	
-0.2295	0.0031	0.4970	
-0.2298	0.0019	0.4964	
-0.2291	0.0045	0.4979	
-0.2300	0.0025	0.4974	
-0.2280	0.0048	0.4960	
-0.2294	0.0041	0.4981	
-0.2294	0.0035	0.4973	
-0.2299	0.0024	0.4971	
-0.2294	0.0027	0.4963	
-0.2295	0.0033	0.4974	
-0.2300	0.0014	0.4963	
-0.2301	0.0023	0.4975	
-0.2304	0.0014	0.4971	
-0.2293	0.0032	0.4969	
-0.2302	0.0025	0.4978	
-0.2292	0.0032	0.4966	
-0.2305	0.0016	0.4975	
-0.2294	0.0035	0.4973	
-0.2298	0.0022	0.4967	
-0.2303	0.0018	0.4973	
-0.2294	0.0027	0.4965	
-0.2302	0.0014	0.4966	
-0.2301	0.0022	0.4973	
-0.2306	0.0008	0.4968	
-0.2295	0.0029	0.4968	
-0.2302	0.0018	0.4971	
-0.2301	0.0020	0.4972	
-0.2294	0.0045	0.4984	
-0.2301	0.0020	0.4971	
-0.2296	0.0027	0.4970	
-0.2292	0.0032	0.4966	
-0.2294	0.0032	0.4971	
-0.2297	0.0028	0.4973	
-0.2295	0.0034	0.4975	
-0.2301	0.0021	0.4972	
-0.2302	0.0028	0.4983	
-0.2290	0.0033	0.4963	
-0.2292	0.0037	0.4971	
-0.2306	0.0021	0.4983	
-0.2304	0.0012	0.4969	
-0.2291	0.0047	0.4982	
-0.2304	0.0020	0.4977	
-0.2302	0.0016	0.4970	
-0.2298	0.0031	0.4978	
-0.2292	0.0026	0.4960	
-0.2293	0.0038	0.4975	
-0.2306	0.0017	0.4979	
-0.2292	0.0033	0.4967	
-0.2302	0.0018	0.4971	
-0.2299	0.0026	0.4974	
-0.2301	0.0023	0.4974	
-0.2297	0.0030	0.4974	
-0.2293	0.0033	0.4968	
-0.2291	0.0033	0.4965	
-0.2299	0.0025	0.4974	
-0.2296	0.0025	0.4967	
-0.2303	0.0020	0.4976	
-0.2299	0.0024	0.4973	
-0.2291	0.0037	0.4969	
-0.2300	0.0029	0.4980	
-0.2291	0.0036	0.4967	
-0.2304	0.0017	0.4974	
-0.2301	0.0023	0.4974	
-0.2297	0.0028	0.4973	
-0.2302	0.0025	0.4979	
-0.2296	0.0029	0.4972	
-0.2302	0.0019	0.4971	
-0.2296	0.0028	0.4970	
-0.2295	0.0022	0.4962	
-0.2301	0.0027	0.4979	
-0.2293	0.0031	0.4966	
-0.2298	0.0028	0.4974	
-0.2301	0.0022	0.4974	
-0.2292	0.0038	0.4973	
-0.2299	0.0018	0.4966	
-0.2299	0.0024	0.4972	
-0.2298	0.0025	0.4970	
-0.2289	0.0031	0.4958	
-0.2294	0.0041	0.4980	
-0.2280	0.0063	0.4976	
-0.2293	0.0031	0.4967	
-0.2291	0.0036	0.4968	
-0.2301	0.0027	0.4979	
-0.2297	0.0026	0.4970	
-0.2299	0.0025	0.4973	
-0.2297	0.0026	0.4971	
-0.2288	0.0041	0.4967	
-0.2301	0.0018	0.4969	
-0.2296	0.0029	0.4972	
-0.2297	0.0024	0.4967	
-0.2299	0.0018	0.4964	
-0.2299	0.0021	0.4969	
-0.2298	0.0027	0.4973	
-0.2296	0.0027	0.4969	
-0.2303	0.0014	0.4969	
-0.2297	0.0031	0.4976	
-0.2296	0.0028	0.4969	
-0.2302	0.0021	0.4974	
-0.2298	0.0023	0.4970	
-0.2296	0.0022	0.4963	
-0.2294	0.0024	0.4961	
-0.2300	0.0018	0.4968	
-0.2304	0.0016	0.4973	
-0.2307	0.0010	0.4972	
-0.2305	0.0022	0.4983	
-0.2288	0.0045	0.4972	
-0.2298	0.0027	0.4972	
-0.2298	0.0027	0.4972	
-0.2300	0.0023	0.4972	
-0.2305	0.0014	0.4974	
-0.2301	0.0020	0.4973	
-0.2300	0.0019	0.4968	
-0.2306	0.0014	0.4976	
-0.2296	0.0031	0.4973	
-0.2296	0.0031	0.4974	
-0.2305	0.0014	0.4973	
-0.2303	0.0023	0.4980	
-0.2296	0.0031	0.4974	
-0.2304	0.0010	0.4966	
-0.2291	0.0044	0.4978	
-0.2294	0.0034	0.4972	
-0.2300	0.0024	0.4974	
-0.2308	0.0015	0.4982	
-0.2300	0.0024	0.4974	
-0.2298	0.0023	0.4969	
-0.2306	0.0010	0.4970	
-0.2298	0.0024	0.4969	
-0.2293	0.0047	0.4985	
-0.2297	0.0024	0.4967	
-0.2296	0.0034	0.4976	
-0.2301	0.0018	0.4969	
-0.2296	0.0037	0.4980	
-0.2300	0.0019	0.4968	
-0.2310	0.0008	0.4976	
-0.2302	0.0020	0.4972	
-0.2296	0.0034	0.4977	
-0.2293	0.0035	0.4972	
-0.2297	0.0025	0.4968	
-0.2299	0.0023	0.4970	
-0.2299	0.0030	0.4978	
-0.2298	0.0028	0.4973	
-0.2298	0.0031	0.4977	
-0.2308	0.0013	0.4978	
-0.2292	0.0035	0.4970	
-0.2287	0.0043	0.4968	
-0.2307	0.0011	0.4974	
-0.2303	0.0017	0.4972	
-0.2294	0.0037	0.4977	
-0.2288	0.0050	0.4979	
-0.2304	0.0020	0.4977	
-0.2299	0.0021	0.4968	
-0.2304	0.0011	0.4968	
-0.2304	0.0021	0.4979	
-0.2294	0.0033	0.4971	
-0.2292	0.0037	0.4972	
-0.2295	0.0031	0.4971	
-0.2301	0.0021	0.4973	
-0.2300	0.0023	0.4973	
-0.2296	0.0032	0.4973	
-0.2301	0.0025	0.4976	
-0.2301	0.0025	0.4978	
-0.2298	0.0019	0.4963	
-0.2301	0.0023	0.4974	
-0.2295	0.0026	0.4966	
-0.2306	0.0017	0.4979	
-0.2299	0.0027	0.4974	
-0.2293	0.0034	0.4970	
-0.2301	0.0017	0.4968	
-0.2298	0.0019	0.4965	
-0.2298	0.0032	0.4978	
-0.2304	0.0019	0.4977	
-0.2286	0.0045	0.4967	
-0.2298	0.0025	0.4971	
-0.2301	0.0022	0.4973	
-0.2296	0.0023	0.4963	
-0.2303	0.0019	0.4975	
-0.2294	0.0036	0.4976	
-0.2297	0.0029	0.4973	
-0.2301	0.0020	0.4972	
-0.2299	0.0018	0.4964	
-0.2294	0.0020	0.4958	
-0.2297	0.0027	0.4971	
-0.2298	0.0024	0.4969	
-0.2309	0.0018	0.4985	
-0.2302	0.0023	0.4978	
-0.2300	0.0030	0.4982	
-0.2301	0.0021	0.4973	
-0.2303	0.0018	0.4974	
-0.2293	0.0037	0.4973	
-0.2306	0.0019	0.4980	
-0.2305	0.0013	0.4972	
-0.2304	0.0017	0.4974	
-0.2302	0.0025	0.4979	
-0.2307	0.0015	0.4979	
-0.2300	0.0023	0.4972	
-0.2301	0.0027	0.4979	
-0.2291	0.0038	0.4971	
-0.2296	0.0023	0.4964	
-0.2299	0.0025	0.4973	
-0.2298	0.0023	0.4969	
-0.2297	0.0025	0.4969	
-0.2305	0.0023	0.4982	
-0.2299	0.0026	0.4973	
-0.2296	0.0030	0.4973	
-0.2295	0.0035	0.4976	
-0.2309	0.0019	0.4988	
-0.2301	0.0022	0.4973	
-0.2297	0.0030	0.4973	
-0.2299	0.0026	0.4973	
-0.2286	0.0045	0.4967	
-0.2303	0.0015	0.4970	
-0.2303	0.0023	0.4980	
-0.2299	0.0020	0.4968	
-0.2294	0.0033	0.4970	
-0.2292	0.0036	0.4970	
-0.2287	0.0046	0.4971	
-0.2299	0.0024	0.4971	
-0.2305	0.0024	0.4984	
-0.2298	0.0031	0.4978	
-0.2299	0.0023	0.4971	
-0.2289	0.0043	0.4972	
-0.2306	0.0015	0.4976	
-0.2303	0.0017	0.4972	
-0.2300	0.0022	0.4973	
-0.2283	0.0051	0.4968	
-0.2295	0.0028	0.4969	
-0.2298	0.0036	0.4983	
-0.2286	0.0050	0.4974	
-0.2304	0.0015	0.4973	
-0.2303	0.0020	0.4975	
-0.2306	0.0012	0.4973	
-0.2303	0.0021	0.4978	
-0.2302	0.0020	0.4974	
-0.2302	0.0024	0.4978	
-0.2304	0.0012	0.4967	
-0.2296	0.0029	0.4970	
-0.2303	0.0018	0.4974	
-0.2290	0.0042	0.4972	
-0.2295	0.0030	0.4971	
-0.2299	0.0029	0.4978	
-0.2293	0.0037	0.4974	
-0.2302	0.0023	0.4978	
-0.2296	0.0031	0.4973	
-0.2303	0.0020	0.4975	
-0.2294	0.0037	0.4976	
-0.2291	0.0038	0.4971	
-0.2304	0.0016	0.4973	
-0.2287	0.0043	0.4968	
-0.2297	0.0037	0.4982	
-0.2296	0.0027	0.4969	
-0.2294	0.0030	0.4967	
-0.2291	0.0036	0.4968	
-0.2290	0.0036	0.4967	
-0.2306	0.0023	0.4986	
-0.2302	0.0018	0.4971	
-0.2309	0.0012	0.4979	
-0.2300	0.0029	0.4979	
-0.2302	0.0025	0.4980	
-0.2294	0.0040	0.4980	
-0.2302	0.0025	0.4979	
-0.2292	0.0043	0.4978	
-0.2299	0.0031	0.4980	
-0.2297	0.0036	0.4981	
-0.2307	0.0015	0.4978	
-0.2297	0.0034	0.4977	
-0.2293	0.0035	0.4971	
-0.2290	0.0039	0.4970	
-0.2293	0.0034	0.4971	
-0.2294	0.0034	0.4972	
-0.2300	0.0032	0.4983	
-0.2304	0.0020	0.4976	
-0.2304	0.0018	0.4975	
-0.2298	0.0031	0.4977	
-0.2295	0.0030	0.4971	
-0.2306	0.0020	0.4983	
-0.2296	0.0035	0.4978	
-0.2300	0.0025	0.4974	
-0.2303	0.0015	0.4971	
-0.2300	0.0025	0.4976	
-0.2301	0.0024	0.4975	
-0.2299	0.0026	0.4974	
-0.2299	0.0026	0.4974	
-0.2296	0.0033	0.4975	
-0.2304	0.0019	0.4976	
-0.2295	0.0031	0.4970	
-0.2295	0.0029	0.4969	
-0.2303	0.0018	0.4974	
-0.2291	0.0045	0.4978	
-0.2300	0.0027	0.4978	
-0.2299	0.0026	0.4975	
-0.2301	0.0023	0.4975	
-0.2300	0.0028	0.4979	
-0.2300	0.0026	0.4977	
-0.2303	0.0018	0.4974	
-0.2293	0.0031	0.4967	
-0.2298	0.0027	0.4972	
-0.2293	0.0038	0.4975	
-0.2298	0.0026	0.4971	
-0.2302	0.0017	0.4971	
-0.2293	0.0029	0.4964	
-0.2293	0.0036	0.4973	
-0.2300	0.0024	0.4975	
-0.2297	0.0032	0.4977	
-0.2295	0.0033	0.4974	
-0.2299	0.0024	0.4972	
-0.2287	0.0049	0.4975	
-0.2300	0.0022	0.4972	
-0.2296	0.0032	0.4975	
-0.2294	0.0027	0.4964	
-0.2301	0.0023	0.4974	
-0.2286	0.0049	0.4972	
-0.2302	0.0022	0.4977	
-0.2306	0.0019	0.4981	
-0.2299	0.0025	0.4973	
-0.2295	0.0033	0.4974	
-0.2300	0.0019	0.4969	
-0.2294	0.0032	0.4971	
-0.2304	0.0019	0.4977	
-0.2287	0.0051	0.4977	
-0.2294	0.0037	0.4976	
-0.2304	0.0021	0.4980	
-0.2290	0.0045	0.4977	
-0.2294	0.0029	0.4968	
-0.2299	0.0024	0.4972	
-0.2293	0.0033	0.4969	
-0.2304	0.0017	0.4974	
-0.2300	0.0028	0.4977	
-0.2308	0.0021	0.4987	
0.4068	0.5758	
0.3939	0.5490	
0.3809	0.5217	
0.3674	0.4940	
0.3530	0.4654	
0.3372	0.4371	
0.3202	0.4085	
0.3019	0.3815	
0.2839	0.3553	
0.2690	0.3317	
0.2579	0.3117	
0.2523	0.2953	
0.2506	0.2830	
0.2506	0.2742	
0.2505	0.2680	
0.2504	0.2632	
0.2503	0.2588	
0.2502	0.2545	
0.2502	0.2500	
0.2502	0.2454	
0.2502	0.2405	
0.2501	0.2354	
0.2501	0.2300	
0.2501	0.2244	
0.2501	0.2185	
0.2500	0.2126	
0.2500	0.2064	
0.2500	0.2002	
0.2500	0.1941	
0.2500	0.1882	
0.2500	0.1824	
0.2500	0.1773	
0.2500	0.1726	
0.2500	0.1684	
0.2500	0.1647	
0.2500	0.1614	
0.2500	0.1587	
0.2500	0.1563	
0.2500	0.1544	
0.2500	0.1529	
0.2500	0.1517	
0.2500	0.1509	
0.2500	0.1502	
0.2500	0.1496	
0.2500	0.1493	
0.2500	0.1491	
0.2500	0.1490	
0.2500	0.1489	
0.2500	0.1489	
0.2500	0.1488	
0.2500	0.1488	
0.2500	0.1487	
0.2500	0.1487	
0.2500	0.1486	
0.2500	0.1486	
0.2500	0.1486	
0.2500	0.1485	
0.2500	0.1485	
0.2500	0.1484	
0.2500	0.1484	
0.2500	0.1485	
0.2500	0.1483	
0.2500	0.1483	
0.2500	0.1483	
0.2500	0.1483	
0.2500	0.1482	
0.2500	0.1482	
0.2500	0.1482	
0.2500	0.1482	
0.2500	0.1482	
0.2500	0.1482	
0.2500	0.1481	
0.2500	0.1481	
0.2500	0.1481	
0.2500	0.1481	
0.2500	0.1480	
0.2500	0.1480	
0.2500	0.1480	
0.2500	0.1480	
0.2500	0.1480	
0.2500	0.1480	
0.2500	0.1480	
0.2500	0.1480	
0.2500	0.1479	
0.2500	0.1479	
0.2500	0.1479	
0.2500	0.1479	
0.2500	0.1479	
0.2500	0.1479	
0.2500	0.1479	
0.2500	0.1479	
0.2500	0.1479	
0.2500	0.1479	
0.2500	0.1479	
0.2500	0.1479	
0.2500	0.1479	
0.2500	0.1478	
0.2500	0.1479	
0.2500	0.1479	
0.2500	0.1479	
0.2500	0.1478	
0.2500	0.1478	
0.2500	0.1478	
0.2500	0.1478	
0.2500	0.1478	
0.2500	0.1478	
0.2500	0.1478	
0.2500	0.1478	
0.2500	0.1478	
0.2500	0.1478	
0.2500	0.1478	
0.2500	0.1478	
0.2500	0.1478	
0.2500	0.1478	
0.2500	0.1478	
0.2500	0.1479	
0.2500	0.1478	
0.2500	0.1478	
0.2500	0.1478	
0.2500	0.1478	
0.2500	0.1478	
0.2500	0.1478	
0.2500	0.1478	
0.2500	0.1478	
0.2500	0.1478	
0.2500	0.1478	
0.2500	0.1478	
0.2500	0.1478	
0.2500	0.1478	
0.2500	0.1478	
0.2500	0.1478	
0.2500	0.1478	
0.2500	0.1478	
0.2500	0.1478	
0.2500	0.1479	
0.2500	0.1478	
0.2500	0.1478	
0.2500	0.1478	
0.2500	0.1478	
0.2500	0.1478	
0.2500	0.1478	
0.2500	0.1478	
0.2500	0.1478	
0.2500	0.1478	
0.2500	0.1478	
0.2500	0.1478	
0.2500	0.1478	
0.2500	0.1479	
0.2500	0.1478	
0.2500	0.1478	
0.2500	0.1478	
0.2500	0.1478	
0.2500	0.1478	
0.2500	0.1478	
0.2500	0.1478	
0.2500	0.1478	
0.2500	0.1478	
0.2500	0.1478	
0.2500	0.1478	
0.2500	0.1478	
0.2500	0.1478	
0.2500	0.1478	
0.2500	0.1478	
0.2500	0.1478	
0.2500	0.1478	
0.2500	0.1478	
0.2500	0.1478	
0.2500	0.1478	
0.2500	0.1478	
0.2500	0.1478	
0.2500	0.1478	
0.2500	0.1478	
0.2500	0.1478	
0.2500	0.1478	
0.2500	0.1478	
0.2500	0.1478	
0.2500	0.1477	
0.2500	0.1477	
0.2500	0.1478	
0.2500	0.1477	
0.2500	0.1478	
0.2500	0.1478	
0.2500	0.1478	
0.2500	0.1477	
0.2500	0.1477	
0.2500	0.1478	
0.2500	0.1478	
0.2500	0.1478	
0.2501	0.1478	
0.2500	0.1478	
0.2500	0.1477	
0.2500	0.1478	
0.2500	0.1477	
0.2500	0.1477	
0.2500	0.1478	
0.2500	0.1478	
0.2500	0.1477	
0.2500	0.1477	
0.2500	0.1478	
0.2500	0.1477	
0.2500	0.1478	
0.2500	0.1477	
0.2500	0.1478	
0.2499	0.1477	
0.2499	0.1477	
0.2500	0.1478	
0.2500	0.1477	
0.2500	0.1478	
0.2500	0.1477	
0.2500	0.1477	
0.2500	0.1477	
0.2500	0.1478	
0.2500	0.1477	
0.2500	0.1477	
0.2500	0.1478	
0.2500	0.1477	
0.2500	0.1478	
0.2500	0.1477	
0.2501	0.1478	
0.2500	0.1478	
0.2500	0.1477	
0.2500	0.1478	
0.2500	0.1478	
0.2500	0.1478	
0.2500	0.1477	
0.2499	0.1478	
0.2500	0.1478	
0.2500	0.1477	
0.2500	0.1478	
0.2500	0.1477	
0.2500	0.1477	
0.2500	0.1477	
0.2500	0.1477	
0.2499	0.1477	
0.2500	0.1477	
0.2500	0.1477	
0.2500	0.1478	
0.2499	0.1477	
0.2500	0.1477	
0.2500	0.1478	
0.2500	0.1477	
0.2500	0.1477	
0.2499	0.1477	
0.2500	0.1477	
0.2500	0.1477	
0.2500	0.1477	
0.2499	0.1478	
0.2500	0.1477	
0.2500	0.1477	
0.2500	0.1477	
0.2500	0.1478	
0.2500	0.1477	
0.2500	0.1477	
0.2499	0.1477	
0.2500	0.1477	
0.2500	0.1477	
0.2500	0.1477	
0.2500	0.1477	
0.2500	0.1477	
0.2500	0.1477	
0.2500	0.1477	
0.2500	0.1478	
0.2499	0.1477	
0.2500	0.1477	
0.2500	0.1477	
0.2500	0.1477	
0.2500	0.1477	
0.2500	0.1477	
0.2500	0.1477	
0.2500	0.1478	
0.2500	0.1477	
0.2500	0.1477	
0.2500	0.1477	
0.2500	0.1477	
0.2500	0.1477	
0.2500	0.1478	
0.2500	0.1477	
0.2500	0.1478	
0.2500	0.1477	
0.2500	0.1477	
0.2501	0.1477	
0.2500	0.1478	
0.2500	0.1477	
0.2500	0.1477	
0.2500	0.1477	
0.2500	0.1477	
0.2500	0.1478	
0.2500	0.1478	
0.2499	0.1477	
0.2499	0.1477	
0.2500	0.1477	
0.2499	0.1477	
0.2500	0.1477	
0.2500	0.1477	
0.2499	0.1478	
0.2499	0.1477	
0.2500	0.1478	
0.2500	0.1477	
0.2500	0.1477	
0.2500	0.1477	
0.2500	0.1477	
0.2500	0.1478	
0.2500	0.1477	
0.2500	0.1477	
0.2500	0.1477	
0.2500	0.1478	
0.2500	0.1477	
0.2500	0.1477	
0.2500	0.1477	
0.2499	0.1477	
0.2500	0.1478	
0.2499	0.1477	
0.2500	0.1477	
0.2500	0.1477	
0.2500	0.1477	
0.2500	0.1478	
0.2500	0.1478	
0.2500	0.1477	
0.2500	0.1477	
0.2500	0.1477	
0.2500	0.1477	
0.2500	0.1478	
0.2500	0.1478	
0.2500	0.1477	
0.2499	0.1477	
0.2500	0.1477	
0.2500	0.1477	
0.2500	0.1478	
0.2500	0.1477	
0.2500	0.1477	
0.2500	0.1477	
0.2500	0.1477	
0.2500	0.1478	
0.2500	0.1477	
0.2500	0.1477	
0.2499	0.1477	
0.2500	0.1477	
0.2499	0.1477	
0.2499	0.1477	
0.2499	0.1477	
0.2500	0.1478	
0.2501	0.1478	
0.2499	0.1477	
0.2499	0.1477	
0.2500	0.1477	
0.2500	0.1477	
0.2500	0.1477	
0.2500	0.1478	
0.2500	0.1478	
0.2500	0.1477	
0.2499	0.1477	
0.2500	0.1477	
0.2500	0.1478	
0.2500	0.1478	
0.2500	0.1477	
0.2499	0.1477	
0.2500	0.1477	
0.2499	0.1477	
0.2500	0.1477	
0.2500	0.1477	
0.2499	0.1477	
0.2500	0.1477	
0.2499	0.1477	
0.2500	0.1477	
0.2499	0.1477	
0.2500	0.1478	
0.2500	0.1477	
0.2499	0.1477	
0.2500	0.1478	
0.2499	0.1477	
0.2500	0.1477	
0.2499	0.1477	
0.2499	0.1477	
0.2500	0.1477	
0.2500	0.1478	
0.2500	0.1477	
0.2499	0.1477	
0.2499	0.1477	
0.2499	0.1477	
0.2499	0.1477	
0.2500	0.1478	
0.2499	0.1477	
0.2500	0.1477	
0.2499	0.1477	
0.2499	0.1477	
0.2500	0.1477	
0.2499	0.1477	
0.2500	0.1477	
0.2499	0.1477	
0.2499	0.1477	
0.2499	0.1477	
0.2499	0.1477	
0.2499	0.1477	
0.2499	0.1477	
0.2499	0.1477	
0.2499	0.1477	
0.2500	0.1477	
0.2499	0.1477	
0.2501	0.1478	
0.2500	0.1477	
0.2499	0.1477	
0.2499	0.1477	
0.2500	0.1477	
0.2499	0.1477	
0.2500	0.1478	
0.2499	0.1477	
0.2500	0.1478	
0.2499	0.1477	
0.2500	0.1477	
0.2500	0.1477	
0.2500	0.1477	
0.2500	0.1477	
0.2500	0.1477	
0.2499	0.1477	
0.2500	0.1477	
0.2500	0.1477	
0.2500	0.1477	
0.2499	0.1477	
0.2500	0.1477	
0.2499	0.1477	
0.2500	0.1477	
0.2500	0.1477	
0.2500	0.1477	
0.2499	0.1477	
0.2499	0.1477	
0.2499	0.1477	
0.2500	0.1477	
0.2500	0.1477	
0.2500	0.1477	
0.2499	0.1477	
0.2499	0.1477	
0.2499	0.1477	
0.2500	0.1477	
0.2500	0.1477	
0.2499	0.1477	
0.2500	0.1477	
0.2499	0.1477	
0.2500	0.1477	
0.2499	0.1477	
0.2500	0.1478	
0.2500	0.1478	
0.2500	0.1477	
0.2499	0.1477	
0.2500	0.1477	
0.2500	0.1477	
0.2499	0.1477	
0.2499	0.1477	
0.2499	0.1477	
0.2499	0.1477	
0.2500	0.1478	
0.2500	0.1477	
0.2500	0.1477	
0.2499	0.1477	
0.2499	0.1477	
0.2499	0.1477	
0.2499	0.1477	
0.2499	0.1477	
0.2500	0.1477	
0.2500	0.1478	
0.2499	0.1477	
0.2500	0.1477	
0.2499	0.1477	
0.2499	0.1477	
0.2499	0.1477	
0.2499	0.1477	
0.2500	0.1477	
0.2499	0.1477	
0.2499	0.1477	
0.2500	0.1477	
0.2499	0.1478	
0.2500	0.1477	
0.2499	0.1477	
0.2500	0.1478	
0.2499	0.1477	
0.2500	0.1478	
0.2500	0.1477	
0.2499	0.1477	
0.2500	0.1477	
0.2499	0.1477	
0.2499	0.1477	
0.2499	0.1478	
0.2499	0.1477	
0.2500	0.1477	
0.2500	0.1477	
0.2500	0.1478	
0.2499	0.1477	
0.2500	0.1478	
0.2500	0.1477	
0.2499	0.1477	
0.2499	0.1477	
0.2500	0.1477	
0.2499	0.1477	
0.2499	0.1477	
0.2500	0.1477	
0.2499	0.1477	
0.2500	0.1477	
0.2500	0.1477	
0.2499	0.1477	
0.2499	0.1477	
0.2500	0.1477	
0.2499	0.1477	
0.2499	0.1477	
0.2500	0.1477	
0.2499	0.1477	
0.2499	0.1477	
0.2500	0.1477	
0.2499	0.1477	
0.2499	0.1477	
0.2500	0.1477	
0.2500	0.1477	
0.2500	0.1477	
0.2499	0.1477	
0.2500	0.1477	
0.2500	0.1477	
0.2499	0.1477	
0.2500	0.1477	
0.2499	0.1477	
0.2499	0.1477	
0.2499	0.1477	
0.2499	0.1477	
0.2499	0.1477	
0.2500	0.1477	
0.2499	0.1477	
0.2499	0.1477	
0.2500	0.1477	
0.2499	0.1477	
0.2500	0.1477	
0.2500	0.1477	
0.2499	0.1477	
0.2499	0.1477	
0.2500	0.1477	
0.2500	0.1478	
0.2499	0.1477	
0.2499	0.1477	
0.2500	0.1477	
0.2499	0.1477	
0.2499	0.1477	
0.2499	0.1477	
0.2499	0.1477	
0.2499	0.1477	
0.2499	0.1477	
0.2500	0.1477	
0.2500	0.1477	
0.2499	0.1477	
0.2500	0.1477	
0.2500	0.1477	
0.2499	0.1477	
0.2499	0.1477	
0.2499	0.1477	
0.2499	0.1477	
0.2500	0.1477	
0.2499	0.1477	
0.2499	0.1477	
0.2499	0.1477	
0.2499	0.1477	
0.2499	0.1477	
0.2499	0.1477	
0.2499	0.1477	
0.2499	0.1477	
0.2499	0.1477	
0.2499	0.1477	
0.2499	0.1477	
0.2500	0.1477	
0.2499	0.1477	
0.2500	0.1477	
0.2500	0.1478	
0.2499	0.1477	
0.2499	0.1477	
0.2500	0.1477	
0.2499	0.1477	
0.2500	0.1477	
0.2499	0.1477	
0.2499	0.1477	
0.2500	0.1477	
0.2499	0.1477	
0.2499	0.1477	
0.2499	0.1477	
0.2499	0.1477	
0.2499	0.1477	
0.2499	0.1478	
0.2499	0.1477	
0.2499	0.1477	
0.2499	0.1477	
0.2499	0.1477	
0.2499	0.1477	
0.2499	0.1477	
0.2500	0.1477	
0.2499	0.1477	
0.2499	0.1477	
0.2499	0.1477	
0.2499	0.1477	
0.2499	0.1477	
0.2499	0.1477	
0.2499	0.1477	
0.2500	0.1477	
0.2500	0.1477	
0.2499	0.1477	
0.2499	0.1477	
0.2500	0.1477	
0.2499	0.1477	
0.2499	0.1477	
0.2499	0.1477	
0.2499	0.1477	
0.2500	0.1478	
0.2499	0.1477	
0.2499	0.1477	
0.2499	0.1477	
0.2499	0.1477	
0.2499	0.1477	
0.2499	0.1477	
0.2500	0.1477	
0.2499	0.1477	
0.2499	0.1477	
0.2499	0.1477	
0.2499	0.1477	
0.2499	0.1477	
0.2499	0.1477	
0.2500	0.1477	
0.2499	0.1477	
0.2499	0.1477	
0.2499	0.1477	
0.2499	0.1477	
0.2499	0.1477	
0.2499	0.1477	
0.2499	0.1477	
0.2499	0.1477	
0.2499	0.1477	
0.2500	0.1477	
0.2499	0.1477	
0.2499	0.1477	
0.2499	0.1477	
0.2499	0.1477	
0.2499	0.1477	
0.2499	0.1477	
0.2499	0.1477	
0.2499	0.1477	
0.2499	0.1477	
0.2499	0.1477	
0.2499	0.1477	
0.2499	0.1477	
0.2499	0.1477	
0.2499	0.1478	
0.2499	0.1477	
0.2499	0.1477	
0.2499	0.1477	
0.2500	0.1477	
0.2499	0.1477	
0.2499	0.1477	
0.2499	0.1477	
0.2499	0.1477	
0.2499	0.1477	
0.2499	0.1477	
0.2499	0.1477	
0.2499	0.1477	
0.2500	0.1478	
0.2499	0.1477	
0.2499	0.1478	
0.2499	0.1477	
0.2499	0.1477	
0.2499	0.1477	
0.2499	0.1477	
0.2499	0.1477	
0.2499	0.1477	
0.2499	0.1477	
0.2499	0.1477	
0.2500	0.1477	
0.2499	0.1477	
0.2500	0.1477	
0.2499	0.1477	
0.2500	0.1477	
0.2499	0.1477	
0.2499	0.1477	
0.2500	0.1477	
0.2499	0.1477	
0.2499	0.1477	
0.2499	0.1477	
0.2499	0.1477	
0.2499	0.1477	
0.2499	0.1477	
0.2499	0.1477	
0.2499	0.1477	
0.2499	0.1477	
0.2499	0.1477	
0.2500	0.1477	
0.2499	0.1477	
0.2499	0.1477	
0.2499	0.1477	
0.2499	0.1477	
0.2499	0.1477	
0.2499	0.1477	
0.2499	0.1477	
0.2500	0.1477	
0.2499	0.1477	
0.2499	0.1477	
0.2500	0.1478	
0.2499	0.1477	
0.2499	0.1477	
0.2499	0.1478	
0.2499	0.1477	
0.2499	0.1477	
0.2499	0.1477	
0.2499	0.1477	
0.2499	0.1477	
0.2499	0.1477	
0.2500	0.1477	
0.2499	0.1477	
0.2499	0.1477	
0.2499	0.1477	
0.2500	0.1477	
0.2499	0.1477	
0.2499	0.1477	
0.2499	0.1477	
0.2499	0.1477	
0.2499	0.1477	
0.2499	0.1477	
0.2499	0.1477	
0.2500	0.1477	
0.2499	0.1477	
0.2499	0.1477	
0.2499	0.1477	
0.2499	0.1477	
0.2499	0.1477	
0.2499	0.1477	
0.2499	0.1477	
0.2499	0.1477	
0.2499	0.1477	
0.2499	0.1477	
0.2499	0.1477	
0.2499	0.1477	
0.2499	0.1477	
0.2499	0.1477	
0.2499	0.1477	
0.2499	0.1477	
0.2499	0.1477	
0.2499	0.1477	
0.2499	0.1477	
0.2499	0.1477	
0.2499	0.1477	
0.2499	0.1477	
0.2499	0.1477	
0.2499	0.1477	
0.2499	0.1477	
0.2499	0.1477	
0.2499	0.1477	
0.2499	0.1477	
0.2499	0.1478	
0.2499	0.1477	
0.2499	0.1477	
0.2499	0.1477	
0.2499	0.1477	
0.2500	0.1477	
0.2499	0.1477	
0.2499	0.1477	
0.2499	0.1477	
0.2500	0.1477	
0.2499	0.1477	
0.2499	0.1477	
0.2499	0.1477	
0.2499	0.1477	
0.2499	0.1477	
0.2500	0.1477	
0.2500	0.1477	
0.2499	0.1477	
0.2500	0.1477	
0.2499	0.1477	
0.2499	0.1477	
0.2499	0.1477	
0.2499	0.1477	
0.2499	0.1477	
0.2499	0.1477	
0.2499	0.1477	
0.2499	0.1477	
0.2499	0.1477	
0.2499	0.1477	
0.2499	0.1477	
0.2499	0.1477	
0.2499	0.1477	
0.2500	0.1477	
0.2500	0.1477	
0.2499	0.1477	
0.2500	0.1477	
0.2499	0.1477	
0.2499	0.1477	
0.2499	0.1477	
0.2499	0.1477	
0.2499	0.1477	
0.2499	0.1477	
0.2499	0.1477	
0.2499	0.1477	
0.2499	0.1477	
0.2499	0.1477	
0.2499	0.1477	
0.2499	0.1477	
0.2499	0.1477	
0.2499	0.1477	
0.2499	0.1477	
0.2499	0.1477	
0.2499	0.1477	
0.2499	0.1477	
0.2499	0.1477	
0.2499	0.1477	
0.2499	0.1477	
0.2499	0.1477	
0.2499	0.1477	
0.2499	0.1477	
0.2499	0.1477	
0.2499	0.1477	
0.2499	0.1477	
0.2499	0.1477	
0.2499	0.1477	
0.2499	0.1477	
0.2499	0.1477	
0.2499	0.1477	
0.2499	0.1477	
0.2499	0.1477	
0.2499	0.1477	
0.2499	0.1477	
0.2499	0.1477	
0.2499	0.1477	
0.2499	0.1477	
0.2499	0.1477	
0.2499	0.1477	
0.2499	0.1477	
0.2499	0.1477	
0.2499	0.1477	
0.2499	0.1477	
0.2499	0.1477	
0.2499	0.1477	
0.2499	0.1477	
0.2499	0.1477	
0.2499	0.1477	
0.2499	0.1477	
0.2499	0.1477	
0.2499	0.1477	
0.2499	0.1477	
0.2499	0.1477	
0.2499	0.1477	
0.2499	0.1477	
0.2499	0.1477	
0.2499	0.1477	
0.2499	0.1477	
0.2499	0.1477	
0.2499	0.1477	
0.2500	0.1477	
0.2499	0.1477	
0.2500	0.1478	
0.2499	0.1477	
0.2499	0.1477	
0.2499	0.1477	
0.2499	0.1477	
0.2499	0.1477	
0.2499	0.1477	
0.2499	0.1477	
0.2499	0.1477	
0.2499	0.1477	
0.2499	0.1477	
0.2499	0.1477	
0.2499	0.1477	
0.2499	0.1477	
0.2499	0.1477	
0.2499	0.1477	
0.2499	0.1477	
0.2500	0.1477	
0.2500	0.1477	
0.2499	0.1477	
0.2499	0.1477	
0.2499	0.1477	
0.2499	0.1477	
0.2499	0.1477	
0.2499	0.1477	
0.2499	0.1477	
0.2499	0.1477	
0.2499	0.1477	
0.2499	0.1477	
0.2499	0.1477	
0.2499	0.1477	
0.2499	0.1477	
0.2499	0.1477	
0.2499	0.1477	
0.2499	0.1477	
0.2499	0.1476	
0.2499	0.1477	
0.2499	0.1477	
0.2499	0.1477	
0.2499	0.1477	
0.2499	0.1477	
0.2499	0.1477	
0.2499	0.1477	
0.2499	0.1477	
0.2499	0.1477	
0.2499	0.1477	
0.2499	0.1477	
0.2499	0.1477	
0.2499	0.1477	
0.2499	0.1477	
0.2499	0.1477	
0.2499	0.1477	
0.2499	0.1477	
0.2499	0.1476	
0.2499	0.1477	
0.2499	0.1477	
0.2499	0.1477	
0.2499	0.1477	
0.2499	0.1477	
0.2499	0.1477	
0.2499	0.1477	
0.2499	0.1477	
0.2499	0.1477	
0.2499	0.1477	
0.2499	0.1477	
0.2499	0.1477	
0.2499	0.1477	
0.2499	0.1477	
0.2499	0.1477	
0.2499	0.1477	
0.2499	0.1477	
0.2499	0.1477	
0.2499	0.1477	
0.2499	0.1476	
0.2499	0.1477	
0.2499	0.1476	
0.2500	0.1477	
0.2499	0.1476	
0.2499	0.1477	
0.2499	0.1477	
0.2499	0.1476	
0.2499	0.1477	
0.2499	0.1476	
0.2499	0.1477	
0.2499	0.1476	
0.2499	0.1477	
0.2499	0.1477	
0.2499	0.1476	
0.2499	0.1477	
0.2499	0.1477	
0.2499	0.1476	
0.2499	0.1477	
0.2499	0.1477	
0.2499	0.1476	
0.2499	0.1477	
0.2499	0.1477	
0.2499	0.1477	
0.2499	0.1477	
0.2499	0.1477	
0.2499	0.1477	
0.2499	0.1477	
0.2499	0.1477	
0.2499	0.1477	
0.2499	0.1477	
0.2499	0.1477	
0.2499	0.1476	
0.2499	0.1477	
0.2499	0.1477	
0.2499	0.1477	
0.2499	0.1477	
0.2499	0.1476	
0.2499	0.1477	
0.2499	0.1477	
0.2499	0.1477	
0.2499	0.1477	
0.2499	0.1477	
0.2499	0.1476	
0.2499	0.1476	
0.2499	0.1477	
0.2499	0.1477	
0.2499	0.1477	
0.2499	0.1477	
0.2499	0.1476	
0.2499	0.1477	
0.2499	0.1477	
0.2499	0.1476	
0.2499	0.1477	
0.2499	0.1477	
0.2499	0.1476	
0.2499	0.1477	
0.2499	0.1476	
0.2499	0.1476	
0.2499	0.1477	
0.2499	0.1476	
0.2499	0.1476	
0.2499	0.1477	
0.2499	0.1477	
0.2499	0.1477	
0.2499	0.1477	
0.2499	0.1476	
0.2499	0.1476	
0.2499	0.1477	
0.2499	0.1477	
0.2499	0.1476	
0.2499	0.1477	
0.2499	0.1477	
0.2499	0.1476	
0.2499	0.1476	
0.2499	0.1477	
0.2499	0.1476	
0.2499	0.1476	
0.2499	0.1477	
0.2499	0.1476	
0.2499	0.1477	
0.2499	0.1477	
