Loss_Adversary	Loss_Target	
-0.3712	0.0019	0.4127	
-0.4088	0.0033	0.4546	
-0.4258	0.0056	0.4738	
-0.4370	0.0105	0.4868	
-0.4465	0.0186	0.4982	
-0.4638	0.0361	0.5194	
-0.5160	0.0967	0.5841	
-0.6482	0.2390	0.7468	
-0.7654	0.3776	0.8924	
-0.8052	0.4278	0.9422	
-0.8153	0.4419	0.9549	
-0.8191	0.4464	0.9597	
-0.8216	0.4494	0.9628	
-0.8242	0.4482	0.9656	
-0.8263	0.4483	0.9680	
-0.8287	0.4454	0.9702	
-0.8304	0.4457	0.9722	
-0.8320	0.4475	0.9742	
-0.8342	0.4452	0.9763	
-0.8359	0.4445	0.9782	
-0.8378	0.4428	0.9801	
-0.8390	0.4437	0.9815	
-0.8399	0.4430	0.9825	
-0.8407	0.4426	0.9833	
-0.8412	0.4432	0.9839	
-0.8415	0.4446	0.9844	
-0.8419	0.4440	0.9848	
-0.8424	0.4424	0.9852	
-0.8427	0.4428	0.9856	
-0.8432	0.4413	0.9859	
-0.8432	0.4433	0.9862	
-0.8439	0.4400	0.9865	
-0.8441	0.4411	0.9869	
-0.8442	0.4420	0.9871	
-0.8444	0.4420	0.9874	
-0.8447	0.4417	0.9876	
-0.8449	0.4420	0.9879	
-0.8450	0.4422	0.9881	
-0.8455	0.4406	0.9884	
-0.8455	0.4419	0.9886	
-0.8458	0.4411	0.9888	
-0.8459	0.4418	0.9890	
-0.8462	0.4409	0.9892	
-0.8463	0.4415	0.9894	
-0.8466	0.4404	0.9896	
-0.8466	0.4413	0.9897	
-0.8468	0.4407	0.9899	
-0.8470	0.4406	0.9900	
-0.8470	0.4424	0.9902	
-0.8473	0.4398	0.9903	
-0.8473	0.4412	0.9905	
-0.8476	0.4404	0.9907	
-0.8476	0.4414	0.9908	
-0.8476	0.4418	0.9909	
-0.8479	0.4400	0.9910	
-0.8477	0.4430	0.9912	
-0.8482	0.4392	0.9913	
-0.8482	0.4404	0.9914	
-0.8484	0.4401	0.9915	
-0.8483	0.4413	0.9916	
-0.8485	0.4400	0.9917	
-0.8488	0.4391	0.9918	
-0.8488	0.4394	0.9919	
-0.8487	0.4411	0.9920	
-0.8491	0.4378	0.9921	
-0.8491	0.4382	0.9922	
-0.8492	0.4384	0.9922	
-0.8493	0.4378	0.9923	
-0.8493	0.4384	0.9924	
-0.8494	0.4384	0.9925	
-0.8493	0.4400	0.9926	
-0.8494	0.4395	0.9927	
-0.8495	0.4397	0.9927	
-0.8498	0.4378	0.9928	
-0.8497	0.4393	0.9929	
-0.8497	0.4396	0.9930	
-0.8499	0.4383	0.9930	
-0.8498	0.4402	0.9931	
-0.8501	0.4373	0.9931	
-0.8502	0.4368	0.9932	
-0.8502	0.4376	0.9932	
-0.8503	0.4366	0.9933	
-0.8501	0.4386	0.9933	
-0.8502	0.4386	0.9934	
-0.8504	0.4371	0.9935	
-0.8504	0.4381	0.9935	
-0.8504	0.4377	0.9936	
-0.8505	0.4377	0.9936	
-0.8506	0.4367	0.9937	
-0.8507	0.4369	0.9937	
-0.8506	0.4374	0.9938	
-0.8507	0.4369	0.9938	
-0.8507	0.4371	0.9938	
-0.8509	0.4362	0.9939	
-0.8508	0.4369	0.9939	
-0.8509	0.4370	0.9939	
-0.8511	0.4353	0.9940	
-0.8510	0.4364	0.9940	
-0.8510	0.4365	0.9940	
-0.8510	0.4364	0.9941	
-0.8511	0.4361	0.9941	
-0.8512	0.4357	0.9942	
-0.8512	0.4357	0.9942	
-0.8512	0.4364	0.9942	
-0.8512	0.4360	0.9942	
-0.8512	0.4359	0.9943	
-0.8513	0.4355	0.9943	
-0.8513	0.4362	0.9943	
-0.8514	0.4354	0.9943	
-0.8514	0.4352	0.9944	
-0.8513	0.4365	0.9944	
-0.8514	0.4356	0.9944	
-0.8514	0.4358	0.9944	
-0.8515	0.4351	0.9945	
-0.8514	0.4360	0.9945	
-0.8513	0.4372	0.9945	
-0.8512	0.4384	0.9945	
-0.8516	0.4347	0.9945	
-0.8516	0.4352	0.9946	
-0.8513	0.4379	0.9946	
-0.8515	0.4360	0.9946	
-0.8516	0.4358	0.9946	
-0.8516	0.4355	0.9946	
-0.8515	0.4369	0.9946	
-0.8515	0.4368	0.9947	
-0.8518	0.4342	0.9947	
-0.8516	0.4361	0.9947	
-0.8517	0.4353	0.9947	
-0.8517	0.4351	0.9947	
-0.8518	0.4343	0.9947	
-0.8518	0.4347	0.9947	
-0.8517	0.4354	0.9947	
-0.8518	0.4346	0.9947	
-0.8515	0.4377	0.9948	
-0.8518	0.4348	0.9948	
-0.8520	0.4331	0.9948	
-0.8520	0.4335	0.9948	
-0.8517	0.4360	0.9948	
-0.8519	0.4344	0.9948	
-0.8519	0.4346	0.9948	
-0.8518	0.4352	0.9948	
-0.8519	0.4349	0.9948	
-0.8519	0.4345	0.9949	
-0.8520	0.4340	0.9949	
-0.8520	0.4333	0.9949	
-0.8519	0.4352	0.9949	
-0.8521	0.4332	0.9949	
-0.8519	0.4352	0.9949	
-0.8521	0.4336	0.9949	
-0.8520	0.4344	0.9949	
-0.8518	0.4365	0.9949	
-0.8520	0.4342	0.9949	
-0.8521	0.4334	0.9949	
-0.8520	0.4345	0.9950	
-0.8522	0.4329	0.9949	
-0.8519	0.4356	0.9950	
-0.8519	0.4352	0.9950	
-0.8520	0.4351	0.9950	
-0.8520	0.4344	0.9950	
-0.8520	0.4345	0.9950	
-0.8520	0.4345	0.9950	
-0.8519	0.4359	0.9950	
-0.8519	0.4365	0.9950	
-0.8521	0.4340	0.9950	
-0.8521	0.4342	0.9950	
-0.8520	0.4349	0.9950	
-0.8521	0.4339	0.9950	
-0.8522	0.4333	0.9950	
-0.8521	0.4348	0.9950	
-0.8521	0.4342	0.9951	
-0.8524	0.4317	0.9950	
-0.8522	0.4331	0.9951	
-0.8522	0.4339	0.9951	
-0.8521	0.4342	0.9951	
-0.8522	0.4341	0.9951	
-0.8521	0.4347	0.9951	
-0.8522	0.4338	0.9951	
-0.8523	0.4325	0.9951	
-0.8523	0.4332	0.9951	
-0.8523	0.4332	0.9951	
-0.8524	0.4324	0.9951	
-0.8521	0.4352	0.9951	
-0.8523	0.4329	0.9951	
-0.8523	0.4335	0.9951	
-0.8522	0.4339	0.9951	
-0.8521	0.4356	0.9951	
-0.8523	0.4334	0.9951	
-0.8522	0.4340	0.9951	
-0.8521	0.4350	0.9951	
-0.8522	0.4343	0.9951	
-0.8523	0.4337	0.9952	
-0.8523	0.4336	0.9952	
-0.8523	0.4335	0.9952	
-0.8523	0.4339	0.9952	
-0.8522	0.4345	0.9952	
-0.8522	0.4346	0.9952	
-0.8522	0.4351	0.9952	
-0.8523	0.4339	0.9952	
-0.8522	0.4345	0.9952	
-0.8524	0.4327	0.9952	
-0.8523	0.4341	0.9952	
-0.8523	0.4337	0.9952	
-0.8522	0.4347	0.9952	
-0.8522	0.4346	0.9952	
-0.8524	0.4334	0.9952	
-0.8524	0.4330	0.9952	
-0.8524	0.4327	0.9952	
-0.8522	0.4353	0.9952	
-0.8523	0.4339	0.9952	
-0.8523	0.4341	0.9952	
-0.8524	0.4337	0.9952	
-0.8523	0.4341	0.9952	
-0.8523	0.4347	0.9953	
-0.8524	0.4333	0.9953	
-0.8523	0.4339	0.9953	
-0.8524	0.4339	0.9953	
-0.8523	0.4346	0.9953	
-0.8523	0.4346	0.9953	
-0.8523	0.4346	0.9953	
-0.8524	0.4338	0.9953	
-0.8524	0.4331	0.9953	
-0.8525	0.4324	0.9953	
-0.8522	0.4352	0.9953	
-0.8524	0.4333	0.9953	
-0.8523	0.4343	0.9953	
-0.8523	0.4345	0.9953	
-0.8525	0.4329	0.9953	
-0.8524	0.4341	0.9953	
-0.8524	0.4344	0.9953	
-0.8525	0.4326	0.9953	
-0.8525	0.4328	0.9953	
-0.8524	0.4334	0.9953	
-0.8526	0.4324	0.9953	
-0.8522	0.4357	0.9953	
-0.8524	0.4335	0.9953	
-0.8524	0.4343	0.9953	
-0.8524	0.4337	0.9953	
-0.8525	0.4332	0.9954	
-0.8524	0.4341	0.9954	
-0.8522	0.4358	0.9954	
-0.8524	0.4342	0.9954	
-0.8526	0.4323	0.9953	
-0.8526	0.4327	0.9954	
-0.8526	0.4329	0.9954	
-0.8524	0.4341	0.9954	
-0.8527	0.4318	0.9954	
-0.8525	0.4333	0.9954	
-0.8524	0.4347	0.9954	
-0.8525	0.4335	0.9954	
-0.8526	0.4322	0.9954	
-0.8525	0.4334	0.9954	
-0.8525	0.4336	0.9954	
-0.8523	0.4351	0.9954	
-0.8525	0.4332	0.9954	
-0.8525	0.4335	0.9954	
-0.8525	0.4337	0.9954	
-0.8526	0.4324	0.9954	
-0.8527	0.4320	0.9954	
-0.8526	0.4326	0.9954	
-0.8524	0.4347	0.9954	
-0.8527	0.4320	0.9954	
-0.8525	0.4340	0.9954	
-0.8526	0.4330	0.9954	
-0.8527	0.4321	0.9955	
-0.8525	0.4336	0.9954	
-0.8525	0.4337	0.9954	
-0.8526	0.4327	0.9955	
-0.8524	0.4346	0.9955	
-0.8526	0.4332	0.9954	
-0.8526	0.4328	0.9955	
-0.8526	0.4328	0.9955	
-0.8526	0.4332	0.9955	
-0.8524	0.4357	0.9955	
-0.8525	0.4341	0.9955	
-0.8527	0.4318	0.9955	
-0.8525	0.4340	0.9955	
-0.8525	0.4348	0.9955	
-0.8526	0.4337	0.9955	
-0.8527	0.4321	0.9955	
-0.8527	0.4323	0.9955	
-0.8525	0.4340	0.9955	
-0.8525	0.4342	0.9955	
-0.8527	0.4329	0.9955	
-0.8525	0.4347	0.9955	
-0.8528	0.4316	0.9955	
-0.8526	0.4336	0.9955	
-0.8525	0.4343	0.9955	
-0.8525	0.4348	0.9955	
-0.8527	0.4323	0.9955	
-0.8526	0.4339	0.9955	
-0.8524	0.4356	0.9955	
-0.8527	0.4332	0.9955	
-0.8527	0.4325	0.9955	
-0.8527	0.4323	0.9955	
-0.8526	0.4337	0.9955	
-0.8526	0.4335	0.9955	
-0.8527	0.4334	0.9956	
-0.8527	0.4334	0.9955	
-0.8527	0.4333	0.9955	
-0.8528	0.4318	0.9955	
-0.8530	0.4303	0.9955	
-0.8527	0.4329	0.9955	
-0.8528	0.4322	0.9956	
-0.8528	0.4323	0.9956	
-0.8527	0.4332	0.9956	
-0.8524	0.4359	0.9956	
-0.8526	0.4346	0.9956	
-0.8526	0.4343	0.9956	
-0.8526	0.4338	0.9956	
-0.8527	0.4334	0.9956	
-0.8528	0.4324	0.9956	
-0.8527	0.4337	0.9956	
-0.8527	0.4339	0.9956	
-0.8526	0.4343	0.9956	
-0.8526	0.4340	0.9956	
-0.8526	0.4341	0.9956	
-0.8525	0.4352	0.9956	
-0.8528	0.4324	0.9956	
-0.8528	0.4325	0.9956	
-0.8527	0.4333	0.9956	
-0.8527	0.4340	0.9956	
-0.8526	0.4344	0.9956	
-0.8528	0.4322	0.9956	
-0.8527	0.4341	0.9956	
-0.8526	0.4351	0.9956	
-0.8525	0.4356	0.9956	
-0.8527	0.4334	0.9956	
-0.8528	0.4332	0.9956	
-0.8529	0.4319	0.9956	
-0.8529	0.4316	0.9956	
-0.8527	0.4337	0.9957	
-0.8527	0.4341	0.9957	
-0.8529	0.4317	0.9957	
-0.8529	0.4326	0.9957	
-0.8524	0.4369	0.9957	
-0.8528	0.4333	0.9957	
-0.8531	0.4310	0.9958	
-0.8530	0.4324	0.9958	
-0.8534	0.4294	0.9960	
-0.8533	0.4312	0.9960	
-0.8536	0.4281	0.9961	
-0.8534	0.4310	0.9961	
-0.8536	0.4284	0.9961	
-0.8536	0.4290	0.9962	
-0.8538	0.4281	0.9962	
-0.8537	0.4286	0.9962	
-0.8537	0.4289	0.9962	
-0.8538	0.4282	0.9962	
-0.8536	0.4298	0.9962	
-0.8539	0.4276	0.9963	
-0.8538	0.4283	0.9963	
-0.8538	0.4284	0.9963	
-0.8539	0.4277	0.9963	
-0.8539	0.4276	0.9963	
-0.8540	0.4271	0.9963	
-0.8538	0.4283	0.9963	
-0.8538	0.4289	0.9963	
-0.8538	0.4285	0.9963	
-0.8540	0.4268	0.9963	
-0.8538	0.4287	0.9963	
-0.8537	0.4297	0.9963	
-0.8540	0.4273	0.9963	
-0.8539	0.4284	0.9963	
-0.8541	0.4261	0.9964	
-0.8539	0.4278	0.9964	
-0.8540	0.4272	0.9964	
-0.8541	0.4265	0.9964	
-0.8539	0.4281	0.9964	
-0.8540	0.4271	0.9964	
-0.8541	0.4261	0.9964	
-0.8539	0.4284	0.9964	
-0.8541	0.4263	0.9964	
-0.8540	0.4276	0.9964	
-0.8539	0.4286	0.9964	
-0.8540	0.4283	0.9964	
-0.8543	0.4250	0.9964	
-0.8540	0.4279	0.9965	
-0.8542	0.4261	0.9964	
-0.8540	0.4277	0.9965	
-0.8542	0.4266	0.9965	
-0.8541	0.4274	0.9965	
-0.8542	0.4267	0.9965	
-0.8543	0.4250	0.9965	
-0.8542	0.4267	0.9965	
-0.8542	0.4268	0.9965	
-0.8542	0.4260	0.9965	
-0.8542	0.4266	0.9965	
-0.8540	0.4288	0.9965	
-0.8541	0.4277	0.9965	
-0.8541	0.4282	0.9965	
-0.8541	0.4278	0.9965	
-0.8542	0.4272	0.9965	
-0.8543	0.4260	0.9965	
-0.8543	0.4260	0.9966	
-0.8541	0.4279	0.9966	
-0.8543	0.4267	0.9966	
-0.8544	0.4256	0.9966	
-0.8540	0.4297	0.9966	
-0.8541	0.4287	0.9966	
-0.8542	0.4277	0.9966	
-0.8543	0.4270	0.9966	
-0.8543	0.4262	0.9966	
-0.8541	0.4283	0.9966	
-0.8544	0.4264	0.9967	
-0.8543	0.4265	0.9966	
-0.8545	0.4250	0.9966	
-0.8545	0.4248	0.9967	
-0.8542	0.4288	0.9967	
-0.8543	0.4268	0.9967	
-0.8544	0.4265	0.9967	
-0.8545	0.4250	0.9967	
-0.8544	0.4270	0.9967	
-0.8545	0.4257	0.9967	
-0.8542	0.4292	0.9968	
-0.8547	0.4244	0.9968	
-0.8546	0.4256	0.9968	
-0.8545	0.4265	0.9968	
-0.8548	0.4241	0.9969	
-0.8547	0.4246	0.9969	
-0.8544	0.4278	0.9969	
-0.8548	0.4246	0.9969	
-0.8547	0.4253	0.9969	
-0.8545	0.4267	0.9969	
-0.8548	0.4248	0.9969	
-0.8547	0.4259	0.9970	
-0.8548	0.4248	0.9970	
-0.8548	0.4250	0.9970	
-0.8547	0.4263	0.9970	
-0.8548	0.4260	0.9971	
-0.8550	0.4235	0.9970	
-0.8548	0.4257	0.9971	
-0.8550	0.4242	0.9971	
-0.8549	0.4243	0.9971	
-0.8550	0.4240	0.9971	
-0.8550	0.4242	0.9971	
-0.8550	0.4239	0.9971	
-0.8550	0.4246	0.9972	
-0.8551	0.4240	0.9972	
-0.8551	0.4238	0.9972	
-0.8550	0.4250	0.9972	
-0.8552	0.4227	0.9972	
-0.8552	0.4236	0.9972	
-0.8552	0.4232	0.9973	
-0.8552	0.4232	0.9973	
-0.8553	0.4232	0.9973	
-0.8550	0.4258	0.9973	
-0.8549	0.4265	0.9973	
-0.8553	0.4236	0.9974	
-0.8553	0.4233	0.9974	
-0.8553	0.4240	0.9974	
-0.8553	0.4239	0.9974	
-0.8553	0.4240	0.9974	
-0.8555	0.4228	0.9975	
-0.8556	0.4218	0.9975	
-0.8554	0.4231	0.9975	
-0.8556	0.4219	0.9975	
-0.8553	0.4247	0.9976	
-0.8555	0.4227	0.9975	
-0.8554	0.4244	0.9976	
-0.8555	0.4230	0.9976	
-0.8555	0.4236	0.9976	
-0.8554	0.4244	0.9976	
-0.8554	0.4247	0.9977	
-0.8556	0.4232	0.9976	
-0.8555	0.4238	0.9977	
-0.8558	0.4218	0.9977	
-0.8557	0.4220	0.9977	
-0.8557	0.4220	0.9977	
-0.8554	0.4255	0.9977	
-0.8558	0.4216	0.9977	
-0.8558	0.4218	0.9978	
-0.8558	0.4220	0.9978	
-0.8558	0.4223	0.9978	
-0.8559	0.4213	0.9978	
-0.8557	0.4229	0.9978	
-0.8558	0.4224	0.9978	
-0.8557	0.4228	0.9978	
-0.8558	0.4227	0.9978	
-0.8556	0.4249	0.9978	
-0.8557	0.4230	0.9978	
-0.8556	0.4244	0.9978	
-0.8558	0.4226	0.9978	
-0.8557	0.4237	0.9979	
-0.8557	0.4237	0.9979	
-0.8559	0.4220	0.9979	
-0.8556	0.4247	0.9979	
-0.8558	0.4229	0.9979	
-0.8558	0.4224	0.9979	
-0.8558	0.4230	0.9979	
-0.8557	0.4239	0.9979	
-0.8558	0.4227	0.9979	
-0.8556	0.4244	0.9979	
-0.8556	0.4253	0.9979	
-0.8555	0.4259	0.9979	
-0.8558	0.4227	0.9979	
-0.8557	0.4241	0.9979	
-0.8559	0.4222	0.9979	
-0.8555	0.4262	0.9979	
-0.8559	0.4221	0.9979	
-0.8559	0.4228	0.9979	
-0.8560	0.4215	0.9979	
-0.8560	0.4214	0.9980	
-0.8556	0.4258	0.9980	
-0.8559	0.4217	0.9979	
-0.8557	0.4247	0.9980	
-0.8558	0.4230	0.9979	
-0.8555	0.4264	0.9980	
-0.8557	0.4244	0.9980	
-0.8558	0.4230	0.9979	
-0.8557	0.4245	0.9979	
-0.8560	0.4212	0.9979	
-0.8558	0.4236	0.9979	
-0.8558	0.4231	0.9980	
-0.8559	0.4227	0.9979	
-0.8559	0.4231	0.9980	
-0.8558	0.4236	0.9980	
-0.8558	0.4228	0.9979	
-0.8558	0.4233	0.9979	
-0.8559	0.4220	0.9979	
-0.8558	0.4242	0.9980	
-0.8558	0.4235	0.9980	
-0.8559	0.4223	0.9979	
-0.8560	0.4226	0.9980	
-0.8560	0.4211	0.9979	
-0.8559	0.4227	0.9980	
-0.8554	0.4278	0.9980	
-0.8560	0.4209	0.9979	
-0.8560	0.4218	0.9980	
-0.8559	0.4228	0.9980	
-0.8557	0.4246	0.9979	
-0.8559	0.4232	0.9980	
-0.8559	0.4233	0.9980	
-0.8557	0.4239	0.9979	
-0.8558	0.4240	0.9980	
-0.8557	0.4250	0.9980	
-0.8557	0.4242	0.9980	
-0.8559	0.4225	0.9980	
-0.8560	0.4221	0.9980	
-0.8557	0.4250	0.9980	
-0.8559	0.4234	0.9980	
-0.8558	0.4237	0.9980	
-0.8560	0.4221	0.9980	
-0.8559	0.4231	0.9980	
-0.8559	0.4233	0.9980	
-0.8560	0.4226	0.9980	
-0.8561	0.4213	0.9980	
-0.8558	0.4239	0.9980	
-0.8559	0.4232	0.9980	
-0.8560	0.4225	0.9980	
-0.8555	0.4269	0.9980	
-0.8559	0.4232	0.9980	
-0.8556	0.4261	0.9980	
-0.8560	0.4223	0.9980	
-0.8559	0.4236	0.9981	
-0.8559	0.4227	0.9980	
-0.8559	0.4227	0.9980	
-0.8558	0.4238	0.9980	
-0.8555	0.4269	0.9980	
-0.8560	0.4223	0.9980	
-0.8558	0.4239	0.9980	
-0.8560	0.4219	0.9980	
-0.8560	0.4221	0.9980	
-0.8558	0.4242	0.9980	
-0.8558	0.4237	0.9980	
-0.8559	0.4228	0.9980	
-0.8560	0.4220	0.9980	
-0.8560	0.4222	0.9980	
-0.8561	0.4214	0.9980	
-0.8560	0.4224	0.9980	
-0.8561	0.4207	0.9980	
-0.8558	0.4241	0.9980	
-0.8559	0.4234	0.9980	
-0.8559	0.4231	0.9980	
-0.8560	0.4224	0.9981	
-0.8559	0.4228	0.9980	
-0.8556	0.4261	0.9980	
-0.8559	0.4233	0.9980	
-0.8560	0.4219	0.9980	
-0.8559	0.4231	0.9980	
-0.8561	0.4214	0.9980	
-0.8559	0.4234	0.9980	
-0.8561	0.4207	0.9980	
-0.8560	0.4224	0.9980	
-0.8559	0.4230	0.9980	
-0.8559	0.4228	0.9980	
-0.8558	0.4246	0.9980	
-0.8558	0.4231	0.9979	
-0.8560	0.4223	0.9980	
-0.8557	0.4251	0.9980	
-0.8558	0.4234	0.9980	
-0.8560	0.4222	0.9980	
-0.8557	0.4246	0.9980	
-0.8559	0.4232	0.9980	
-0.8560	0.4224	0.9980	
-0.8560	0.4219	0.9980	
-0.8560	0.4229	0.9981	
-0.8559	0.4229	0.9980	
-0.8559	0.4235	0.9980	
-0.8561	0.4213	0.9980	
-0.8558	0.4247	0.9980	
-0.8561	0.4213	0.9980	
-0.8557	0.4248	0.9980	
-0.8557	0.4253	0.9981	
-0.8559	0.4230	0.9980	
-0.8560	0.4227	0.9980	
-0.8560	0.4215	0.9980	
-0.8558	0.4239	0.9980	
-0.8560	0.4220	0.9980	
-0.8561	0.4208	0.9980	
-0.8560	0.4220	0.9980	
-0.8559	0.4239	0.9981	
-0.8558	0.4231	0.9979	
-0.8559	0.4227	0.9980	
-0.8560	0.4221	0.9980	
-0.8559	0.4234	0.9980	
-0.8559	0.4230	0.9980	
-0.8559	0.4233	0.9980	
-0.8561	0.4213	0.9980	
-0.8559	0.4225	0.9980	
-0.8561	0.4219	0.9981	
-0.8558	0.4240	0.9980	
-0.8559	0.4231	0.9980	
-0.8557	0.4250	0.9980	
-0.8559	0.4232	0.9980	
-0.8559	0.4227	0.9979	
-0.8559	0.4225	0.9980	
-0.8559	0.4233	0.9981	
-0.8560	0.4220	0.9980	
-0.8559	0.4228	0.9980	
-0.8559	0.4226	0.9980	
-0.8559	0.4227	0.9980	
-0.8559	0.4228	0.9980	
-0.8559	0.4231	0.9980	
-0.8559	0.4231	0.9980	
-0.8560	0.4223	0.9980	
-0.8559	0.4224	0.9980	
-0.8558	0.4245	0.9980	
-0.8561	0.4215	0.9980	
-0.8559	0.4232	0.9980	
-0.8560	0.4216	0.9980	
-0.8558	0.4247	0.9980	
-0.8560	0.4222	0.9980	
-0.8560	0.4223	0.9980	
-0.8558	0.4246	0.9981	
-0.8558	0.4238	0.9980	
-0.8559	0.4228	0.9980	
-0.8557	0.4255	0.9980	
-0.8560	0.4218	0.9980	
-0.8562	0.4206	0.9980	
-0.8559	0.4225	0.9980	
-0.8560	0.4222	0.9980	
-0.8559	0.4228	0.9980	
-0.8559	0.4234	0.9980	
-0.8558	0.4237	0.9980	
-0.8559	0.4232	0.9980	
-0.8558	0.4239	0.9980	
-0.8560	0.4216	0.9980	
-0.8558	0.4230	0.9979	
-0.8558	0.4239	0.9980	
-0.8558	0.4242	0.9981	
-0.8559	0.4229	0.9980	
-0.8560	0.4221	0.9980	
-0.8561	0.4218	0.9980	
-0.8560	0.4212	0.9980	
-0.8560	0.4225	0.9980	
-0.8560	0.4215	0.9980	
-0.8560	0.4219	0.9980	
-0.8559	0.4233	0.9980	
-0.8559	0.4229	0.9980	
-0.8560	0.4224	0.9980	
-0.8560	0.4224	0.9980	
-0.8561	0.4206	0.9980	
-0.8560	0.4218	0.9980	
-0.8559	0.4227	0.9980	
-0.8559	0.4225	0.9980	
-0.8560	0.4219	0.9980	
-0.8559	0.4228	0.9980	
-0.8559	0.4228	0.9980	
-0.8561	0.4206	0.9980	
-0.8558	0.4244	0.9980	
-0.8558	0.4242	0.9981	
-0.8560	0.4222	0.9980	
-0.8559	0.4232	0.9980	
-0.8558	0.4240	0.9980	
-0.8559	0.4231	0.9980	
-0.8560	0.4229	0.9981	
-0.8558	0.4239	0.9980	
-0.8560	0.4216	0.9980	
-0.8559	0.4232	0.9980	
-0.8560	0.4216	0.9980	
-0.8560	0.4219	0.9980	
-0.8555	0.4277	0.9981	
-0.8560	0.4223	0.9980	
-0.8560	0.4214	0.9980	
-0.8560	0.4220	0.9980	
-0.8558	0.4240	0.9980	
-0.8559	0.4223	0.9980	
-0.8559	0.4225	0.9980	
-0.8559	0.4231	0.9980	
-0.8559	0.4230	0.9980	
-0.8560	0.4218	0.9980	
-0.8561	0.4218	0.9980	
-0.8559	0.4228	0.9980	
-0.8560	0.4220	0.9980	
-0.8560	0.4225	0.9980	
-0.8560	0.4214	0.9980	
-0.8559	0.4236	0.9980	
-0.8559	0.4230	0.9980	
-0.8560	0.4211	0.9979	
-0.8559	0.4231	0.9980	
-0.8561	0.4213	0.9980	
-0.8561	0.4212	0.9980	
-0.8560	0.4226	0.9980	
-0.8560	0.4219	0.9980	
-0.8559	0.4226	0.9980	
-0.8557	0.4247	0.9980	
-0.8558	0.4246	0.9980	
-0.8557	0.4257	0.9980	
-0.8558	0.4241	0.9980	
-0.8558	0.4239	0.9980	
-0.8560	0.4218	0.9980	
-0.8561	0.4215	0.9980	
-0.8559	0.4235	0.9980	
-0.8558	0.4240	0.9980	
-0.8559	0.4227	0.9980	
-0.8560	0.4218	0.9980	
-0.8558	0.4240	0.9980	
-0.8561	0.4219	0.9981	
-0.8560	0.4219	0.9980	
-0.8560	0.4221	0.9980	
-0.8558	0.4239	0.9980	
-0.8560	0.4230	0.9981	
-0.8559	0.4226	0.9980	
-0.8561	0.4213	0.9980	
-0.8561	0.4217	0.9980	
-0.8562	0.4200	0.9980	
-0.8559	0.4224	0.9980	
-0.8559	0.4224	0.9980	
-0.8559	0.4230	0.9981	
-0.8559	0.4229	0.9980	
-0.8559	0.4233	0.9980	
-0.8561	0.4216	0.9980	
-0.8559	0.4238	0.9980	
-0.8561	0.4208	0.9980	
-0.8560	0.4221	0.9980	
-0.8560	0.4223	0.9980	
-0.8560	0.4217	0.9980	
-0.8560	0.4221	0.9980	
-0.8560	0.4220	0.9980	
-0.8562	0.4202	0.9980	
-0.8558	0.4238	0.9980	
-0.8558	0.4236	0.9980	
-0.8559	0.4232	0.9980	
-0.8559	0.4233	0.9980	
-0.8558	0.4237	0.9980	
-0.8560	0.4224	0.9980	
-0.8560	0.4216	0.9979	
-0.8560	0.4217	0.9980	
-0.8560	0.4228	0.9980	
-0.8560	0.4216	0.9980	
-0.8559	0.4233	0.9980	
-0.8558	0.4236	0.9980	
-0.8560	0.4222	0.9980	
-0.8561	0.4215	0.9980	
-0.8559	0.4227	0.9980	
-0.8559	0.4225	0.9980	
-0.8561	0.4214	0.9980	
-0.8559	0.4226	0.9980	
-0.8560	0.4218	0.9980	
-0.8560	0.4224	0.9980	
-0.8560	0.4223	0.9980	
-0.8558	0.4240	0.9980	
-0.8561	0.4209	0.9980	
-0.8557	0.4251	0.9980	
-0.8560	0.4225	0.9980	
-0.8559	0.4231	0.9980	
-0.8558	0.4241	0.9980	
-0.8561	0.4211	0.9980	
-0.8560	0.4219	0.9980	
-0.8559	0.4233	0.9980	
-0.8559	0.4236	0.9980	
-0.8559	0.4229	0.9980	
-0.8559	0.4230	0.9980	
-0.8559	0.4234	0.9980	
-0.8558	0.4232	0.9980	
-0.8562	0.4205	0.9980	
-0.8561	0.4213	0.9980	
-0.8558	0.4230	0.9979	
-0.8561	0.4210	0.9980	
-0.8560	0.4219	0.9980	
-0.8560	0.4225	0.9980	
-0.8560	0.4219	0.9980	
-0.8559	0.4234	0.9980	
-0.8560	0.4220	0.9980	
-0.8560	0.4221	0.9980	
-0.8558	0.4245	0.9980	
-0.8559	0.4221	0.9979	
-0.8560	0.4220	0.9981	
-0.8561	0.4210	0.9980	
-0.8560	0.4220	0.9980	
0.4823	0.5363	
0.4593	0.5108	
0.4358	0.4879	
0.4107	0.4666	
0.3803	0.4473	
0.3459	0.4294	
0.3108	0.4123	
0.2785	0.3958	
0.2515	0.3795	
0.2314	0.3634	
0.2166	0.3474	
0.2066	0.3320	
0.1997	0.3173	
0.1932	0.3030	
0.1868	0.2886	
0.1803	0.2738	
0.1741	0.2587	
0.1681	0.2433	
0.1629	0.2278	
0.1587	0.2120	
0.1551	0.1962	
0.1522	0.1806	
0.1500	0.1651	
0.1483	0.1500	
0.1472	0.1354	
0.1463	0.1214	
0.1456	0.1082	
0.1451	0.0959	
0.1447	0.0843	
0.1444	0.0736	
0.1441	0.0637	
0.1438	0.0546	
0.1436	0.0463	
0.1433	0.0389	
0.1430	0.0321	
0.1428	0.0261	
0.1426	0.0209	
0.1423	0.0165	
0.1421	0.0130	
0.1418	0.0103	
0.1416	0.0083	
0.1414	0.0069	
0.1412	0.0059	
0.1411	0.0053	
0.1409	0.0048	
0.1407	0.0045	
0.1406	0.0042	
0.1404	0.0040	
0.1403	0.0038	
0.1401	0.0036	
0.1400	0.0035	
0.1398	0.0033	
0.1396	0.0032	
0.1395	0.0031	
0.1394	0.0030	
0.1392	0.0029	
0.1391	0.0028	
0.1389	0.0027	
0.1388	0.0026	
0.1387	0.0025	
0.1385	0.0024	
0.1384	0.0024	
0.1382	0.0023	
0.1381	0.0022	
0.1381	0.0022	
0.1379	0.0021	
0.1377	0.0021	
0.1376	0.0020	
0.1375	0.0020	
0.1373	0.0019	
0.1372	0.0019	
0.1371	0.0018	
0.1369	0.0018	
0.1369	0.0017	
0.1367	0.0017	
0.1366	0.0017	
0.1364	0.0016	
0.1363	0.0016	
0.1362	0.0016	
0.1360	0.0015	
0.1359	0.0015	
0.1358	0.0015	
0.1357	0.0014	
0.1355	0.0014	
0.1354	0.0014	
0.1352	0.0014	
0.1352	0.0013	
0.1350	0.0013	
0.1348	0.0013	
0.1347	0.0013	
0.1346	0.0012	
0.1344	0.0012	
0.1342	0.0012	
0.1342	0.0012	
0.1342	0.0012	
0.1340	0.0011	
0.1338	0.0011	
0.1336	0.0011	
0.1335	0.0011	
0.1334	0.0011	
0.1333	0.0011	
0.1333	0.0010	
0.1330	0.0010	
0.1331	0.0010	
0.1330	0.0010	
0.1328	0.0010	
0.1327	0.0010	
0.1326	0.0010	
0.1325	0.0009	
0.1323	0.0009	
0.1322	0.0009	
0.1322	0.0009	
0.1321	0.0009	
0.1320	0.0009	
0.1319	0.0009	
0.1318	0.0009	
0.1318	0.0009	
0.1316	0.0008	
0.1315	0.0008	
0.1315	0.0008	
0.1313	0.0008	
0.1314	0.0008	
0.1314	0.0008	
0.1312	0.0008	
0.1310	0.0008	
0.1311	0.0007	
0.1310	0.0007	
0.1308	0.0007	
0.1307	0.0007	
0.1307	0.0007	
0.1306	0.0007	
0.1305	0.0007	
0.1306	0.0007	
0.1304	0.0007	
0.1304	0.0007	
0.1303	0.0007	
0.1302	0.0007	
0.1302	0.0007	
0.1301	0.0007	
0.1300	0.0006	
0.1301	0.0006	
0.1299	0.0006	
0.1299	0.0006	
0.1299	0.0006	
0.1297	0.0006	
0.1298	0.0006	
0.1297	0.0006	
0.1297	0.0006	
0.1297	0.0006	
0.1296	0.0006	
0.1296	0.0006	
0.1295	0.0006	
0.1296	0.0006	
0.1295	0.0006	
0.1294	0.0006	
0.1294	0.0006	
0.1295	0.0006	
0.1294	0.0006	
0.1294	0.0006	
0.1293	0.0006	
0.1293	0.0005	
0.1292	0.0005	
0.1291	0.0005	
0.1292	0.0005	
0.1291	0.0005	
0.1291	0.0005	
0.1290	0.0005	
0.1292	0.0005	
0.1290	0.0005	
0.1290	0.0005	
0.1290	0.0005	
0.1291	0.0005	
0.1295	0.0005	
0.1290	0.0005	
0.1289	0.0005	
0.1291	0.0005	
0.1291	0.0005	
0.1288	0.0005	
0.1289	0.0005	
0.1289	0.0005	
0.1288	0.0005	
0.1287	0.0005	
0.1287	0.0005	
0.1288	0.0005	
0.1288	0.0005	
0.1287	0.0005	
0.1287	0.0005	
0.1287	0.0005	
0.1285	0.0005	
0.1286	0.0005	
0.1286	0.0005	
0.1286	0.0005	
0.1286	0.0005	
0.1285	0.0005	
0.1286	0.0005	
0.1287	0.0004	
0.1288	0.0004	
0.1289	0.0004	
0.1285	0.0004	
0.1285	0.0004	
0.1284	0.0004	
0.1284	0.0004	
0.1285	0.0004	
0.1285	0.0004	
0.1287	0.0004	
0.1284	0.0004	
0.1283	0.0004	
0.1284	0.0004	
0.1285	0.0004	
0.1284	0.0004	
0.1282	0.0004	
0.1282	0.0004	
0.1283	0.0004	
0.1282	0.0004	
0.1282	0.0004	
0.1282	0.0004	
0.1282	0.0004	
0.1282	0.0004	
0.1281	0.0004	
0.1283	0.0004	
0.1283	0.0004	
0.1281	0.0004	
0.1282	0.0004	
0.1281	0.0004	
0.1282	0.0004	
0.1282	0.0004	
0.1281	0.0004	
0.1282	0.0004	
0.1281	0.0004	
0.1281	0.0004	
0.1282	0.0004	
0.1280	0.0004	
0.1280	0.0004	
0.1280	0.0004	
0.1281	0.0004	
0.1280	0.0004	
0.1279	0.0004	
0.1280	0.0004	
0.1280	0.0004	
0.1280	0.0004	
0.1281	0.0004	
0.1280	0.0004	
0.1280	0.0004	
0.1280	0.0004	
0.1280	0.0004	
0.1280	0.0004	
0.1280	0.0004	
0.1280	0.0004	
0.1280	0.0004	
0.1280	0.0004	
0.1279	0.0004	
0.1278	0.0004	
0.1279	0.0004	
0.1280	0.0004	
0.1279	0.0004	
0.1280	0.0004	
0.1279	0.0004	
0.1279	0.0004	
0.1279	0.0004	
0.1279	0.0004	
0.1279	0.0004	
0.1280	0.0004	
0.1279	0.0004	
0.1279	0.0004	
0.1280	0.0004	
0.1279	0.0004	
0.1278	0.0004	
0.1279	0.0004	
0.1278	0.0004	
0.1280	0.0004	
0.1278	0.0004	
0.1279	0.0004	
0.1278	0.0004	
0.1278	0.0004	
0.1278	0.0004	
0.1278	0.0004	
0.1278	0.0004	
0.1278	0.0004	
0.1278	0.0004	
0.1277	0.0004	
0.1277	0.0004	
0.1277	0.0004	
0.1278	0.0004	
0.1277	0.0004	
0.1277	0.0004	
0.1277	0.0004	
0.1277	0.0004	
0.1278	0.0004	
0.1280	0.0004	
0.1277	0.0004	
0.1276	0.0004	
0.1277	0.0003	
0.1278	0.0003	
0.1277	0.0003	
0.1278	0.0003	
0.1278	0.0003	
0.1276	0.0003	
0.1277	0.0003	
0.1277	0.0003	
0.1276	0.0003	
0.1277	0.0003	
0.1276	0.0003	
0.1277	0.0003	
0.1276	0.0003	
0.1277	0.0003	
0.1276	0.0003	
0.1276	0.0003	
0.1276	0.0003	
0.1276	0.0003	
0.1277	0.0003	
0.1276	0.0003	
0.1276	0.0003	
0.1276	0.0003	
0.1276	0.0003	
0.1276	0.0003	
0.1276	0.0003	
0.1276	0.0003	
0.1276	0.0003	
0.1276	0.0003	
0.1275	0.0003	
0.1276	0.0003	
0.1277	0.0003	
0.1278	0.0003	
0.1276	0.0003	
0.1277	0.0003	
0.1276	0.0003	
0.1275	0.0003	
0.1276	0.0003	
0.1275	0.0003	
0.1276	0.0003	
0.1277	0.0003	
0.1277	0.0003	
0.1275	0.0003	
0.1276	0.0003	
0.1276	0.0003	
0.1276	0.0003	
0.1277	0.0003	
0.1275	0.0003	
0.1276	0.0003	
0.1276	0.0003	
0.1276	0.0003	
0.1275	0.0003	
0.1275	0.0003	
0.1275	0.0003	
0.1275	0.0003	
0.1275	0.0003	
0.1275	0.0003	
0.1275	0.0003	
0.1275	0.0003	
0.1276	0.0003	
0.1276	0.0003	
0.1277	0.0003	
0.1278	0.0003	
0.1277	0.0003	
0.1276	0.0003	
0.1276	0.0003	
0.1275	0.0003	
0.1277	0.0003	
0.1275	0.0003	
0.1275	0.0003	
0.1275	0.0003	
0.1274	0.0003	
0.1275	0.0003	
0.1275	0.0003	
0.1274	0.0003	
0.1275	0.0003	
0.1274	0.0003	
0.1274	0.0003	
0.1274	0.0003	
0.1274	0.0003	
0.1275	0.0003	
0.1274	0.0003	
0.1274	0.0003	
0.1275	0.0003	
0.1277	0.0003	
0.1274	0.0003	
0.1275	0.0003	
0.1275	0.0003	
0.1274	0.0003	
0.1274	0.0003	
0.1274	0.0003	
0.1274	0.0003	
0.1274	0.0003	
0.1274	0.0003	
0.1274	0.0003	
0.1274	0.0003	
0.1274	0.0003	
0.1274	0.0003	
0.1275	0.0003	
0.1275	0.0003	
0.1273	0.0003	
0.1274	0.0003	
0.1274	0.0003	
0.1274	0.0003	
0.1274	0.0003	
0.1275	0.0003	
0.1276	0.0003	
0.1276	0.0003	
0.1274	0.0003	
0.1274	0.0003	
0.1274	0.0003	
0.1274	0.0003	
0.1274	0.0003	
0.1274	0.0003	
0.1274	0.0003	
0.1274	0.0003	
0.1273	0.0003	
0.1275	0.0003	
0.1275	0.0003	
0.1274	0.0003	
0.1275	0.0003	
0.1275	0.0003	
0.1274	0.0003	
0.1274	0.0003	
0.1275	0.0003	
0.1273	0.0003	
0.1274	0.0003	
0.1273	0.0003	
0.1274	0.0003	
0.1274	0.0003	
0.1275	0.0003	
0.1274	0.0003	
0.1274	0.0003	
0.1273	0.0003	
0.1274	0.0003	
0.1273	0.0003	
0.1273	0.0003	
0.1273	0.0003	
0.1274	0.0003	
0.1274	0.0003	
0.1273	0.0003	
0.1274	0.0003	
0.1274	0.0003	
0.1273	0.0003	
0.1274	0.0003	
0.1273	0.0003	
0.1273	0.0003	
0.1273	0.0003	
0.1273	0.0003	
0.1274	0.0003	
0.1273	0.0003	
0.1273	0.0003	
0.1273	0.0003	
0.1273	0.0003	
0.1274	0.0003	
0.1274	0.0003	
0.1273	0.0003	
0.1274	0.0003	
0.1273	0.0003	
0.1273	0.0003	
0.1273	0.0003	
0.1273	0.0003	
0.1273	0.0003	
0.1274	0.0003	
0.1273	0.0003	
0.1273	0.0003	
0.1274	0.0003	
0.1273	0.0003	
0.1273	0.0003	
0.1273	0.0003	
0.1273	0.0003	
0.1273	0.0003	
0.1273	0.0003	
0.1273	0.0003	
0.1274	0.0003	
0.1273	0.0003	
0.1272	0.0003	
0.1273	0.0003	
0.1273	0.0003	
0.1272	0.0003	
0.1273	0.0003	
0.1272	0.0003	
0.1273	0.0003	
0.1273	0.0003	
0.1272	0.0003	
0.1273	0.0003	
0.1274	0.0003	
0.1273	0.0003	
0.1273	0.0003	
0.1273	0.0003	
0.1272	0.0003	
0.1273	0.0003	
0.1273	0.0003	
0.1273	0.0003	
0.1272	0.0003	
0.1272	0.0003	
0.1272	0.0003	
0.1272	0.0003	
0.1272	0.0003	
0.1272	0.0003	
0.1273	0.0003	
0.1272	0.0003	
0.1272	0.0003	
0.1272	0.0003	
0.1272	0.0003	
0.1272	0.0003	
0.1273	0.0003	
0.1272	0.0003	
0.1273	0.0003	
0.1273	0.0003	
0.1272	0.0003	
0.1272	0.0003	
0.1272	0.0003	
0.1272	0.0003	
0.1272	0.0003	
0.1272	0.0003	
0.1272	0.0003	
0.1273	0.0003	
0.1272	0.0003	
0.1272	0.0003	
0.1272	0.0003	
0.1272	0.0003	
0.1272	0.0003	
0.1272	0.0003	
0.1272	0.0003	
0.1272	0.0003	
0.1274	0.0003	
0.1275	0.0003	
0.1272	0.0003	
0.1274	0.0003	
0.1272	0.0003	
0.1271	0.0003	
0.1271	0.0003	
0.1272	0.0003	
0.1272	0.0003	
0.1272	0.0003	
0.1272	0.0003	
0.1272	0.0003	
0.1272	0.0003	
0.1272	0.0003	
0.1271	0.0003	
0.1272	0.0003	
0.1271	0.0003	
0.1271	0.0003	
0.1271	0.0003	
0.1272	0.0003	
0.1271	0.0003	
0.1272	0.0003	
0.1271	0.0003	
0.1271	0.0003	
0.1273	0.0003	
0.1271	0.0003	
0.1271	0.0003	
0.1274	0.0003	
0.1272	0.0003	
0.1271	0.0003	
0.1271	0.0003	
0.1271	0.0003	
0.1270	0.0003	
0.1271	0.0003	
0.1271	0.0003	
0.1271	0.0003	
0.1272	0.0003	
0.1273	0.0003	
0.1270	0.0003	
0.1272	0.0003	
0.1270	0.0003	
0.1270	0.0003	
0.1270	0.0003	
0.1270	0.0003	
0.1270	0.0003	
0.1270	0.0003	
0.1272	0.0003	
0.1270	0.0003	
0.1270	0.0003	
0.1270	0.0003	
0.1271	0.0003	
0.1270	0.0003	
0.1271	0.0003	
0.1270	0.0003	
0.1270	0.0003	
0.1270	0.0003	
0.1271	0.0003	
0.1271	0.0003	
0.1270	0.0003	
0.1270	0.0003	
0.1270	0.0003	
0.1270	0.0003	
0.1271	0.0003	
0.1271	0.0003	
0.1270	0.0003	
0.1270	0.0003	
0.1271	0.0003	
0.1270	0.0003	
0.1271	0.0003	
0.1271	0.0003	
0.1270	0.0003	
0.1271	0.0003	
0.1270	0.0003	
0.1270	0.0003	
0.1270	0.0003	
0.1270	0.0003	
0.1270	0.0003	
0.1271	0.0003	
0.1270	0.0003	
0.1269	0.0003	
0.1271	0.0003	
0.1271	0.0003	
0.1270	0.0003	
0.1270	0.0003	
0.1271	0.0003	
0.1270	0.0003	
0.1270	0.0003	
0.1270	0.0003	
0.1270	0.0003	
0.1270	0.0003	
0.1270	0.0003	
0.1269	0.0003	
0.1270	0.0003	
0.1270	0.0003	
0.1271	0.0003	
0.1270	0.0003	
0.1269	0.0003	
0.1270	0.0003	
0.1269	0.0003	
0.1269	0.0003	
0.1269	0.0003	
0.1269	0.0003	
0.1270	0.0003	
0.1269	0.0003	
0.1271	0.0003	
0.1270	0.0003	
0.1270	0.0003	
0.1270	0.0003	
0.1269	0.0003	
0.1269	0.0003	
0.1269	0.0003	
0.1269	0.0003	
0.1270	0.0003	
0.1270	0.0003	
0.1270	0.0003	
0.1269	0.0003	
0.1269	0.0003	
0.1269	0.0003	
0.1269	0.0003	
0.1269	0.0003	
0.1269	0.0003	
0.1270	0.0003	
0.1270	0.0003	
0.1269	0.0003	
0.1269	0.0003	
0.1269	0.0003	
0.1269	0.0003	
0.1270	0.0003	
0.1269	0.0003	
0.1269	0.0003	
0.1271	0.0003	
0.1270	0.0003	
0.1270	0.0003	
0.1270	0.0003	
0.1270	0.0003	
0.1269	0.0003	
0.1270	0.0003	
0.1270	0.0003	
0.1269	0.0003	
0.1269	0.0003	
0.1269	0.0003	
0.1269	0.0003	
0.1269	0.0003	
0.1269	0.0002	
0.1269	0.0002	
0.1269	0.0003	
0.1270	0.0003	
0.1269	0.0003	
0.1269	0.0002	
0.1269	0.0002	
0.1269	0.0002	
0.1270	0.0002	
0.1270	0.0002	
0.1270	0.0002	
0.1270	0.0002	
0.1269	0.0002	
0.1270	0.0002	
0.1269	0.0002	
0.1269	0.0002	
0.1269	0.0002	
0.1269	0.0002	
0.1269	0.0002	
0.1269	0.0002	
0.1269	0.0003	
0.1269	0.0003	
0.1269	0.0002	
0.1269	0.0002	
0.1269	0.0002	
0.1269	0.0002	
0.1269	0.0002	
0.1271	0.0002	
0.1270	0.0002	
0.1270	0.0002	
0.1269	0.0002	
0.1269	0.0002	
0.1269	0.0002	
0.1269	0.0002	
0.1269	0.0002	
0.1269	0.0002	
0.1269	0.0002	
0.1269	0.0002	
0.1269	0.0002	
0.1269	0.0002	
0.1269	0.0002	
0.1269	0.0002	
0.1270	0.0002	
0.1269	0.0002	
0.1269	0.0002	
0.1269	0.0002	
0.1270	0.0002	
0.1270	0.0002	
0.1270	0.0002	
0.1268	0.0002	
0.1269	0.0002	
0.1269	0.0002	
0.1269	0.0002	
0.1269	0.0002	
0.1269	0.0002	
0.1270	0.0002	
0.1269	0.0002	
0.1269	0.0002	
0.1269	0.0002	
0.1268	0.0002	
0.1269	0.0002	
0.1269	0.0002	
0.1269	0.0002	
0.1270	0.0002	
0.1269	0.0002	
0.1270	0.0002	
0.1269	0.0002	
0.1268	0.0002	
0.1269	0.0002	
0.1268	0.0002	
0.1268	0.0002	
0.1269	0.0002	
0.1268	0.0002	
0.1269	0.0002	
0.1269	0.0002	
0.1268	0.0002	
0.1269	0.0002	
0.1271	0.0002	
0.1269	0.0002	
0.1269	0.0002	
0.1269	0.0002	
0.1270	0.0002	
0.1268	0.0002	
0.1268	0.0002	
0.1270	0.0002	
0.1269	0.0002	
0.1269	0.0002	
0.1270	0.0002	
0.1269	0.0002	
0.1269	0.0002	
0.1270	0.0002	
0.1269	0.0002	
0.1269	0.0002	
0.1269	0.0002	
0.1269	0.0002	
0.1269	0.0002	
0.1268	0.0002	
0.1269	0.0002	
0.1269	0.0002	
0.1269	0.0002	
0.1268	0.0002	
0.1269	0.0002	
0.1270	0.0002	
0.1269	0.0002	
0.1268	0.0002	
0.1268	0.0002	
0.1268	0.0002	
0.1269	0.0002	
0.1268	0.0002	
0.1268	0.0002	
0.1268	0.0002	
0.1269	0.0002	
0.1268	0.0002	
0.1269	0.0002	
0.1268	0.0002	
0.1269	0.0002	
0.1268	0.0002	
0.1269	0.0002	
0.1268	0.0002	
0.1269	0.0002	
0.1268	0.0002	
0.1269	0.0002	
0.1268	0.0002	
0.1269	0.0002	
0.1268	0.0002	
0.1268	0.0002	
0.1269	0.0002	
0.1268	0.0002	
0.1269	0.0002	
0.1268	0.0002	
0.1268	0.0002	
0.1268	0.0002	
0.1268	0.0002	
0.1269	0.0002	
0.1268	0.0002	
0.1268	0.0002	
0.1268	0.0002	
0.1268	0.0002	
0.1268	0.0002	
0.1268	0.0002	
0.1268	0.0002	
0.1268	0.0002	
0.1269	0.0002	
0.1268	0.0002	
0.1269	0.0002	
0.1269	0.0002	
0.1268	0.0002	
0.1268	0.0002	
0.1268	0.0002	
0.1268	0.0002	
0.1269	0.0002	
0.1271	0.0002	
0.1269	0.0002	
0.1268	0.0002	
0.1268	0.0002	
0.1269	0.0002	
0.1268	0.0002	
0.1269	0.0002	
0.1269	0.0002	
0.1269	0.0002	
0.1268	0.0002	
0.1268	0.0002	
0.1268	0.0002	
0.1268	0.0002	
0.1268	0.0002	
0.1268	0.0002	
0.1269	0.0002	
0.1268	0.0002	
0.1268	0.0002	
0.1268	0.0002	
0.1268	0.0002	
0.1268	0.0002	
0.1270	0.0002	
0.1268	0.0002	
0.1269	0.0002	
0.1270	0.0002	
0.1268	0.0002	
0.1269	0.0002	
0.1269	0.0002	
0.1268	0.0002	
0.1269	0.0002	
0.1269	0.0002	
0.1268	0.0002	
0.1268	0.0002	
0.1268	0.0002	
0.1268	0.0002	
0.1268	0.0002	
0.1268	0.0002	
0.1268	0.0002	
0.1268	0.0002	
0.1268	0.0002	
0.1269	0.0002	
0.1268	0.0002	
0.1268	0.0002	
0.1268	0.0002	
0.1269	0.0002	
0.1268	0.0002	
0.1268	0.0002	
0.1268	0.0002	
0.1269	0.0002	
0.1267	0.0002	
0.1268	0.0002	
0.1268	0.0002	
0.1268	0.0002	
0.1268	0.0002	
0.1268	0.0002	
0.1270	0.0002	
0.1269	0.0002	
0.1268	0.0002	
0.1269	0.0002	
0.1268	0.0002	
0.1268	0.0002	
0.1268	0.0002	
0.1268	0.0002	
0.1269	0.0002	
0.1268	0.0002	
0.1268	0.0002	
0.1268	0.0002	
0.1268	0.0002	
0.1268	0.0002	
0.1268	0.0002	
0.1268	0.0002	
0.1268	0.0002	
0.1268	0.0002	
0.1268	0.0002	
0.1268	0.0002	
0.1269	0.0002	
0.1268	0.0002	
0.1268	0.0002	
0.1268	0.0002	
0.1267	0.0002	
0.1268	0.0002	
0.1268	0.0002	
0.1269	0.0002	
0.1268	0.0002	
0.1268	0.0002	
0.1268	0.0002	
0.1268	0.0002	
0.1267	0.0002	
0.1268	0.0002	
0.1268	0.0002	
0.1267	0.0002	
0.1268	0.0002	
0.1267	0.0002	
0.1268	0.0002	
0.1268	0.0002	
0.1268	0.0002	
0.1268	0.0002	
0.1268	0.0002	
0.1268	0.0002	
0.1269	0.0002	
0.1268	0.0002	
0.1268	0.0002	
0.1268	0.0002	
0.1268	0.0002	
0.1268	0.0002	
0.1269	0.0002	
0.1267	0.0002	
0.1268	0.0002	
0.1268	0.0002	
0.1268	0.0002	
0.1268	0.0002	
0.1268	0.0002	
0.1268	0.0002	
0.1267	0.0002	
0.1268	0.0002	
0.1268	0.0002	
0.1268	0.0002	
0.1268	0.0002	
0.1268	0.0002	
0.1268	0.0002	
0.1268	0.0002	
0.1267	0.0002	
0.1268	0.0002	
0.1268	0.0002	
0.1268	0.0002	
0.1268	0.0002	
0.1267	0.0002	
0.1268	0.0002	
0.1268	0.0002	
0.1267	0.0002	
0.1267	0.0002	
0.1267	0.0002	
0.1268	0.0002	
0.1268	0.0002	
0.1268	0.0002	
0.1267	0.0002	
0.1268	0.0002	
0.1268	0.0002	
0.1269	0.0002	
0.1269	0.0002	
0.1267	0.0002	
0.1269	0.0002	
0.1268	0.0002	
0.1268	0.0002	
0.1268	0.0002	
0.1267	0.0002	
0.1268	0.0002	
0.1268	0.0002	
0.1267	0.0002	
0.1268	0.0002	
0.1268	0.0002	
0.1268	0.0002	
0.1268	0.0002	
0.1267	0.0002	
0.1269	0.0002	
0.1267	0.0002	
0.1268	0.0002	
0.1267	0.0002	
0.1268	0.0002	
0.1268	0.0002	
0.1267	0.0002	
0.1268	0.0002	
0.1268	0.0002	
0.1268	0.0002	
0.1268	0.0002	
0.1268	0.0002	
0.1267	0.0002	
0.1268	0.0002	
0.1269	0.0002	
0.1268	0.0002	
0.1268	0.0002	
0.1267	0.0002	
0.1268	0.0002	
0.1267	0.0002	
0.1268	0.0002	
0.1268	0.0002	
0.1268	0.0002	
0.1269	0.0002	
0.1268	0.0002	
0.1267	0.0002	
0.1267	0.0002	
0.1267	0.0002	
0.1268	0.0002	
0.1267	0.0002	
0.1268	0.0002	
0.1269	0.0002	
0.1267	0.0002	
0.1267	0.0002	
0.1268	0.0002	
0.1267	0.0002	
