Loss_Adversary	Loss_Target	
-0.0500	0.0167	0.0500	
-0.0913	0.0314	0.0913	
-0.1530	0.0591	0.1530	
-0.2348	0.0994	0.2348	
-0.3160	0.1447	0.3160	
-0.3789	0.1828	0.3789	
-0.4192	0.2109	0.4192	
-0.4438	0.2331	0.4438	
-0.4591	0.2468	0.4591	
-0.4684	0.2611	0.4684	
-0.4744	0.2692	0.4744	
-0.4799	0.2781	0.4799	
-0.4832	0.2831	0.4832	
-0.4853	0.2889	0.4853	
-0.4877	0.2943	0.4877	
-0.4904	0.2978	0.4904	
-0.4907	0.3004	0.4907	
-0.4918	0.3058	0.4918	
-0.4942	0.3078	0.4942	
-0.4941	0.3102	0.4941	
-0.4952	0.3118	0.4952	
-0.4959	0.3158	0.4959	
-0.4978	0.3166	0.4978	
-0.4977	0.3193	0.4977	
-0.4978	0.3202	0.4978	
-0.4986	0.3209	0.4986	
-0.4988	0.3225	0.4988	
-0.4995	0.3229	0.4995	
-0.5006	0.3239	0.5006	
-0.5002	0.3249	0.5002	
-0.5011	0.3267	0.5011	
-0.5008	0.3252	0.5008	
-0.5016	0.3267	0.5016	
-0.5016	0.3273	0.5016	
-0.5028	0.3277	0.5028	
-0.5010	0.3270	0.5010	
-0.5010	0.3255	0.5010	
-0.5014	0.3260	0.5014	
-0.5009	0.3269	0.5009	
-0.5023	0.3280	0.5023	
-0.5027	0.3272	0.5027	
-0.5027	0.3275	0.5027	
-0.5038	0.3271	0.5038	
-0.5028	0.3272	0.5028	
-0.5041	0.3257	0.5041	
-0.5038	0.3251	0.5038	
-0.5037	0.3261	0.5037	
-0.5036	0.3260	0.5036	
-0.5037	0.3243	0.5037	
-0.5034	0.3239	0.5034	
-0.5031	0.3236	0.5031	
-0.5047	0.3223	0.5047	
-0.5040	0.3231	0.5040	
-0.5043	0.3229	0.5043	
-0.5038	0.3212	0.5038	
-0.5040	0.3204	0.5040	
-0.5039	0.3197	0.5039	
-0.5053	0.3194	0.5053	
-0.5038	0.3170	0.5038	
-0.5042	0.3194	0.5042	
-0.5041	0.3179	0.5041	
-0.5043	0.3174	0.5043	
-0.5046	0.3169	0.5046	
-0.5048	0.3143	0.5048	
-0.5051	0.3138	0.5051	
-0.5053	0.3145	0.5053	
-0.5042	0.3146	0.5042	
-0.5040	0.3130	0.5040	
-0.5054	0.3137	0.5054	
-0.5046	0.3127	0.5046	
-0.5045	0.3122	0.5045	
-0.5042	0.3103	0.5042	
-0.5054	0.3107	0.5054	
-0.5052	0.3116	0.5052	
-0.5046	0.3098	0.5046	
-0.5045	0.3094	0.5045	
-0.5053	0.3090	0.5053	
-0.5048	0.3070	0.5048	
-0.5045	0.3057	0.5045	
-0.5055	0.3066	0.5055	
-0.5046	0.3055	0.5046	
-0.5063	0.3067	0.5063	
-0.5050	0.3053	0.5050	
-0.5051	0.3046	0.5051	
-0.5048	0.3038	0.5048	
-0.5050	0.3023	0.5050	
-0.5052	0.3031	0.5052	
-0.5053	0.3037	0.5053	
-0.5048	0.3015	0.5048	
-0.5053	0.3034	0.5053	
-0.5055	0.3026	0.5055	
-0.5050	0.3003	0.5050	
-0.5056	0.3022	0.5056	
-0.5052	0.3008	0.5052	
-0.5055	0.2997	0.5055	
-0.5057	0.3008	0.5057	
-0.5052	0.2999	0.5052	
-0.5056	0.2981	0.5056	
-0.5056	0.2986	0.5056	
-0.5067	0.2990	0.5067	
-0.5052	0.2980	0.5052	
-0.5057	0.2980	0.5057	
-0.5055	0.2974	0.5055	
-0.5055	0.2963	0.5055	
-0.5062	0.2969	0.5062	
-0.5055	0.2960	0.5055	
-0.5058	0.2969	0.5058	
-0.5069	0.2944	0.5069	
-0.5048	0.2936	0.5048	
-0.5053	0.2934	0.5053	
-0.5059	0.2949	0.5059	
-0.5061	0.2951	0.5061	
-0.5064	0.2928	0.5064	
-0.5062	0.2931	0.5062	
-0.5060	0.2936	0.5060	
-0.5057	0.2944	0.5057	
-0.5054	0.2917	0.5054	
-0.5064	0.2921	0.5064	
-0.5071	0.2916	0.5071	
-0.5050	0.2898	0.5050	
-0.5061	0.2913	0.5061	
-0.5061	0.2908	0.5061	
-0.5052	0.2909	0.5052	
-0.5065	0.2925	0.5065	
-0.5052	0.2899	0.5052	
-0.5060	0.2895	0.5060	
-0.5066	0.2898	0.5066	
-0.5063	0.2887	0.5063	
-0.5058	0.2874	0.5058	
-0.5065	0.2873	0.5065	
-0.5058	0.2884	0.5058	
-0.5069	0.2876	0.5069	
-0.5056	0.2869	0.5056	
-0.5067	0.2864	0.5067	
-0.5059	0.2872	0.5059	
-0.5061	0.2868	0.5061	
-0.5070	0.2873	0.5070	
-0.5064	0.2845	0.5064	
-0.5058	0.2874	0.5058	
-0.5068	0.2859	0.5068	
-0.5063	0.2853	0.5063	
-0.5063	0.2853	0.5063	
-0.5058	0.2851	0.5058	
-0.5067	0.2832	0.5067	
-0.5066	0.2831	0.5066	
-0.5070	0.2851	0.5070	
-0.5068	0.2831	0.5068	
-0.5071	0.2820	0.5071	
-0.5070	0.2828	0.5070	
-0.5063	0.2813	0.5063	
-0.5068	0.2831	0.5068	
-0.5060	0.2811	0.5060	
-0.5063	0.2796	0.5063	
-0.5063	0.2802	0.5063	
-0.5069	0.2812	0.5069	
-0.5060	0.2812	0.5060	
-0.5065	0.2792	0.5065	
-0.5060	0.2790	0.5060	
-0.5069	0.2814	0.5069	
-0.5070	0.2795	0.5070	
-0.5067	0.2786	0.5067	
-0.5067	0.2783	0.5067	
-0.5064	0.2781	0.5064	
-0.5065	0.2773	0.5065	
-0.5060	0.2781	0.5060	
-0.5065	0.2769	0.5065	
-0.5072	0.2773	0.5072	
-0.5070	0.2773	0.5070	
-0.5069	0.2761	0.5069	
-0.5070	0.2776	0.5070	
-0.5059	0.2761	0.5059	
-0.5071	0.2759	0.5071	
-0.5073	0.2779	0.5073	
-0.5065	0.2769	0.5065	
-0.5079	0.2769	0.5079	
-0.5064	0.2742	0.5064	
-0.5064	0.2747	0.5064	
-0.5076	0.2771	0.5076	
-0.5075	0.2743	0.5075	
-0.5074	0.2747	0.5074	
-0.5071	0.2731	0.5071	
-0.5070	0.2731	0.5070	
-0.5067	0.2737	0.5067	
-0.5066	0.2721	0.5066	
-0.5070	0.2725	0.5070	
-0.5076	0.2737	0.5076	
-0.5073	0.2745	0.5073	
-0.5121	0.2771	0.5121	
-0.5341	0.2836	0.5341	
-0.6568	0.3105	0.6568	
-0.9153	0.4133	0.9153	
-0.9683	0.4309	0.9683	
-0.9797	0.4334	0.9797	
-0.9831	0.4343	0.9831	
-0.9859	0.4345	0.9859	
-0.9873	0.4347	0.9873	
-0.9884	0.4370	0.9884	
-0.9891	0.4362	0.9891	
-0.9897	0.4389	0.9897	
-0.9902	0.4378	0.9902	
-0.9906	0.4360	0.9906	
-0.9910	0.4376	0.9910	
-0.9914	0.4370	0.9914	
-0.9917	0.4402	0.9917	
-0.9920	0.4389	0.9920	
-0.9923	0.4379	0.9923	
-0.9925	0.4367	0.9925	
-0.9928	0.4368	0.9928	
-0.9930	0.4382	0.9930	
-0.9932	0.4388	0.9932	
-0.9933	0.4391	0.9933	
-0.9935	0.4373	0.9935	
-0.9937	0.4380	0.9937	
-0.9938	0.4368	0.9938	
-0.9939	0.4373	0.9939	
-0.9940	0.4387	0.9940	
-0.9941	0.4384	0.9941	
-0.9942	0.4396	0.9942	
-0.9943	0.4361	0.9943	
-0.9944	0.4368	0.9944	
-0.9945	0.4390	0.9945	
-0.9946	0.4363	0.9946	
-0.9946	0.4359	0.9946	
-0.9947	0.4392	0.9947	
-0.9948	0.4362	0.9948	
-0.9948	0.4392	0.9948	
-0.9949	0.4365	0.9949	
-0.9949	0.4387	0.9949	
-0.9950	0.4356	0.9950	
-0.9950	0.4363	0.9950	
-0.9951	0.4379	0.9951	
-0.9951	0.4390	0.9951	
-0.9952	0.4384	0.9952	
-0.9952	0.4386	0.9952	
-0.9952	0.4415	0.9952	
-0.9953	0.4376	0.9953	
-0.9953	0.4380	0.9953	
-0.9954	0.4392	0.9954	
-0.9954	0.4380	0.9954	
-0.9954	0.4353	0.9954	
-0.9954	0.4382	0.9954	
-0.9955	0.4381	0.9955	
-0.9955	0.4373	0.9955	
-0.9955	0.4380	0.9955	
-0.9956	0.4370	0.9956	
-0.9956	0.4368	0.9956	
-0.9956	0.4387	0.9956	
-0.9956	0.4369	0.9956	
-0.9956	0.4367	0.9956	
-0.9957	0.4384	0.9957	
-0.9957	0.4374	0.9957	
-0.9957	0.4361	0.9957	
-0.9957	0.4365	0.9957	
-0.9957	0.4367	0.9957	
-0.9958	0.4379	0.9958	
-0.9958	0.4364	0.9958	
-0.9958	0.4400	0.9958	
-0.9958	0.4389	0.9958	
-0.9958	0.4390	0.9958	
-0.9958	0.4390	0.9958	
-0.9958	0.4380	0.9958	
-0.9959	0.4364	0.9959	
-0.9959	0.4372	0.9959	
-0.9959	0.4369	0.9959	
-0.9959	0.4373	0.9959	
-0.9959	0.4379	0.9959	
-0.9959	0.4378	0.9959	
-0.9959	0.4389	0.9959	
-0.9959	0.4384	0.9959	
-0.9959	0.4380	0.9959	
-0.9960	0.4384	0.9960	
-0.9960	0.4371	0.9960	
-0.9960	0.4372	0.9960	
-0.9960	0.4373	0.9960	
-0.9960	0.4396	0.9960	
-0.9960	0.4376	0.9960	
-0.9960	0.4379	0.9960	
-0.9960	0.4408	0.9960	
-0.9960	0.4399	0.9960	
-0.9960	0.4392	0.9960	
-0.9960	0.4377	0.9960	
-0.9960	0.4392	0.9960	
-0.9960	0.4379	0.9960	
-0.9961	0.4416	0.9961	
-0.9961	0.4383	0.9961	
-0.9961	0.4368	0.9961	
-0.9961	0.4366	0.9961	
-0.9961	0.4373	0.9961	
-0.9961	0.4393	0.9961	
-0.9961	0.4370	0.9961	
-0.9961	0.4377	0.9961	
-0.9961	0.4410	0.9961	
-0.9961	0.4382	0.9961	
-0.9961	0.4386	0.9961	
-0.9961	0.4408	0.9961	
-0.9961	0.4384	0.9961	
-0.9961	0.4380	0.9961	
-0.9961	0.4389	0.9961	
-0.9961	0.4379	0.9961	
-0.9961	0.4385	0.9961	
-0.9961	0.4392	0.9961	
-0.9961	0.4384	0.9961	
-0.9962	0.4394	0.9962	
-0.9962	0.4373	0.9962	
-0.9962	0.4385	0.9962	
-0.9962	0.4381	0.9962	
-0.9962	0.4382	0.9962	
-0.9962	0.4395	0.9962	
-0.9962	0.4387	0.9962	
-0.9962	0.4376	0.9962	
-0.9962	0.4380	0.9962	
-0.9962	0.4395	0.9962	
-0.9962	0.4367	0.9962	
-0.9962	0.4385	0.9962	
-0.9962	0.4381	0.9962	
-0.9962	0.4379	0.9962	
-0.9962	0.4383	0.9962	
-0.9962	0.4368	0.9962	
-0.9962	0.4378	0.9962	
-0.9962	0.4373	0.9962	
-0.9962	0.4390	0.9962	
-0.9963	0.4371	0.9963	
-0.9963	0.4368	0.9963	
-0.9963	0.4379	0.9963	
-0.9963	0.4385	0.9963	
-0.9963	0.4363	0.9963	
-0.9963	0.4379	0.9963	
-0.9963	0.4383	0.9963	
-0.9963	0.4374	0.9963	
-0.9963	0.4381	0.9963	
-0.9963	0.4379	0.9963	
-0.9963	0.4384	0.9963	
-0.9963	0.4369	0.9963	
-0.9963	0.4382	0.9963	
-0.9963	0.4400	0.9963	
-0.9963	0.4383	0.9963	
-0.9963	0.4382	0.9963	
-0.9963	0.4380	0.9963	
-0.9963	0.4386	0.9963	
-0.9963	0.4380	0.9963	
-0.9963	0.4396	0.9963	
-0.9963	0.4375	0.9963	
-0.9963	0.4382	0.9963	
-0.9963	0.4367	0.9963	
-0.9964	0.4382	0.9964	
-0.9963	0.4373	0.9963	
-0.9964	0.4371	0.9964	
-0.9964	0.4365	0.9964	
-0.9964	0.4362	0.9964	
-0.9964	0.4380	0.9964	
-0.9964	0.4379	0.9964	
-0.9964	0.4387	0.9964	
-0.9964	0.4369	0.9964	
-0.9964	0.4366	0.9964	
-0.9964	0.4378	0.9964	
-0.9964	0.4373	0.9964	
-0.9964	0.4381	0.9964	
-0.9964	0.4370	0.9964	
-0.9964	0.4381	0.9964	
-0.9964	0.4361	0.9964	
-0.9964	0.4381	0.9964	
-0.9964	0.4383	0.9964	
-0.9964	0.4369	0.9964	
-0.9964	0.4365	0.9964	
-0.9964	0.4365	0.9964	
-0.9964	0.4383	0.9964	
-0.9964	0.4367	0.9964	
-0.9964	0.4362	0.9964	
-0.9964	0.4364	0.9964	
-0.9965	0.4396	0.9965	
-0.9964	0.4376	0.9964	
-0.9964	0.4375	0.9964	
-0.9965	0.4391	0.9965	
-0.9965	0.4375	0.9965	
-0.9965	0.4378	0.9965	
-0.9965	0.4395	0.9965	
-0.9965	0.4365	0.9965	
-0.9965	0.4370	0.9965	
-0.9965	0.4376	0.9965	
-0.9965	0.4387	0.9965	
-0.9965	0.4363	0.9965	
-0.9965	0.4373	0.9965	
-0.9965	0.4387	0.9965	
-0.9965	0.4376	0.9965	
-0.9965	0.4379	0.9965	
-0.9965	0.4384	0.9965	
-0.9965	0.4366	0.9965	
-0.9965	0.4353	0.9965	
-0.9965	0.4370	0.9965	
-0.9965	0.4379	0.9965	
-0.9965	0.4370	0.9965	
-0.9965	0.4370	0.9965	
-0.9965	0.4366	0.9965	
-0.9965	0.4378	0.9965	
-0.9965	0.4357	0.9965	
-0.9965	0.4373	0.9965	
-0.9965	0.4365	0.9965	
-0.9965	0.4369	0.9965	
-0.9965	0.4382	0.9965	
-0.9965	0.4363	0.9965	
-0.9966	0.4374	0.9966	
-0.9965	0.4387	0.9965	
-0.9966	0.4377	0.9966	
-0.9966	0.4376	0.9966	
-0.9966	0.4372	0.9966	
-0.9966	0.4370	0.9966	
-0.9966	0.4359	0.9966	
-0.9966	0.4356	0.9966	
-0.9966	0.4402	0.9966	
-0.9966	0.4383	0.9966	
-0.9966	0.4390	0.9966	
-0.9966	0.4368	0.9966	
-0.9966	0.4357	0.9966	
-0.9966	0.4373	0.9966	
-0.9967	0.4359	0.9967	
-0.9968	0.4380	0.9968	
-0.9968	0.4371	0.9968	
-0.9968	0.4364	0.9968	
-0.9969	0.4372	0.9969	
-0.9969	0.4365	0.9969	
-0.9969	0.4363	0.9969	
-0.9970	0.4383	0.9970	
-0.9970	0.4365	0.9970	
-0.9970	0.4384	0.9970	
-0.9970	0.4375	0.9970	
-0.9970	0.4370	0.9970	
-0.9970	0.4365	0.9970	
-0.9970	0.4367	0.9970	
-0.9970	0.4373	0.9970	
-0.9971	0.4369	0.9971	
-0.9971	0.4365	0.9971	
-0.9971	0.4378	0.9971	
-0.9971	0.4376	0.9971	
-0.9971	0.4364	0.9971	
-0.9971	0.4377	0.9971	
-0.9971	0.4379	0.9971	
-0.9971	0.4359	0.9971	
-0.9971	0.4400	0.9971	
-0.9971	0.4372	0.9971	
-0.9971	0.4388	0.9971	
-0.9971	0.4378	0.9971	
-0.9971	0.4376	0.9971	
-0.9971	0.4382	0.9971	
-0.9971	0.4385	0.9971	
-0.9971	0.4368	0.9971	
-0.9971	0.4373	0.9971	
-0.9972	0.4367	0.9972	
-0.9972	0.4374	0.9972	
-0.9972	0.4375	0.9972	
-0.9972	0.4382	0.9972	
-0.9972	0.4383	0.9972	
-0.9972	0.4379	0.9972	
-0.9972	0.4366	0.9972	
-0.9972	0.4388	0.9972	
-0.9972	0.4368	0.9972	
-0.9972	0.4390	0.9972	
-0.9972	0.4396	0.9972	
-0.9972	0.4381	0.9972	
-0.9973	0.4388	0.9973	
-0.9974	0.4349	0.9974	
-0.9975	0.4355	0.9975	
-0.9976	0.4331	0.9976	
-0.9977	0.4358	0.9977	
-0.9978	0.4350	0.9978	
-0.9978	0.4330	0.9978	
-0.9979	0.4328	0.9979	
-0.9979	0.4325	0.9979	
-0.9979	0.4325	0.9979	
-0.9980	0.4371	0.9980	
-0.9980	0.4329	0.9980	
-0.9980	0.4324	0.9980	
-0.9981	0.4332	0.9981	
-0.9981	0.4342	0.9981	
-0.9981	0.4327	0.9981	
-0.9981	0.4336	0.9981	
-0.9981	0.4331	0.9981	
-0.9981	0.4368	0.9981	
-0.9982	0.4341	0.9982	
-0.9982	0.4325	0.9982	
-0.9982	0.4341	0.9982	
-0.9982	0.4354	0.9982	
-0.9982	0.4333	0.9982	
-0.9982	0.4326	0.9982	
-0.9982	0.4328	0.9982	
-0.9982	0.4318	0.9982	
-0.9982	0.4346	0.9982	
-0.9983	0.4321	0.9983	
-0.9982	0.4343	0.9982	
-0.9983	0.4334	0.9983	
-0.9983	0.4332	0.9983	
-0.9983	0.4323	0.9983	
-0.9983	0.4312	0.9983	
-0.9983	0.4333	0.9983	
-0.9983	0.4321	0.9983	
-0.9983	0.4335	0.9983	
-0.9983	0.4323	0.9983	
-0.9983	0.4333	0.9983	
-0.9983	0.4317	0.9983	
-0.9983	0.4342	0.9983	
-0.9983	0.4335	0.9983	
-0.9983	0.4327	0.9983	
-0.9983	0.4341	0.9983	
-0.9983	0.4344	0.9983	
-0.9983	0.4348	0.9983	
-0.9983	0.4320	0.9983	
-0.9983	0.4334	0.9983	
-0.9983	0.4318	0.9983	
-0.9983	0.4314	0.9983	
-0.9983	0.4337	0.9983	
-0.9983	0.4345	0.9983	
-0.9983	0.4326	0.9983	
-0.9984	0.4313	0.9984	
-0.9983	0.4337	0.9983	
-0.9983	0.4335	0.9983	
-0.9984	0.4329	0.9984	
-0.9984	0.4340	0.9984	
-0.9984	0.4332	0.9984	
-0.9983	0.4336	0.9983	
-0.9984	0.4307	0.9984	
-0.9984	0.4351	0.9984	
-0.9984	0.4316	0.9984	
-0.9984	0.4327	0.9984	
-0.9984	0.4330	0.9984	
-0.9984	0.4341	0.9984	
-0.9984	0.4332	0.9984	
-0.9984	0.4331	0.9984	
-0.9984	0.4329	0.9984	
-0.9984	0.4344	0.9984	
-0.9984	0.4331	0.9984	
-0.9984	0.4326	0.9984	
-0.9984	0.4341	0.9984	
-0.9984	0.4321	0.9984	
-0.9984	0.4351	0.9984	
-0.9984	0.4324	0.9984	
-0.9984	0.4320	0.9984	
-0.9984	0.4324	0.9984	
-0.9984	0.4328	0.9984	
-0.9984	0.4324	0.9984	
-0.9984	0.4334	0.9984	
-0.9984	0.4339	0.9984	
-0.9984	0.4323	0.9984	
-0.9984	0.4319	0.9984	
-0.9984	0.4352	0.9984	
-0.9984	0.4330	0.9984	
-0.9984	0.4335	0.9984	
-0.9984	0.4340	0.9984	
-0.9984	0.4334	0.9984	
-0.9984	0.4322	0.9984	
-0.9984	0.4339	0.9984	
-0.9984	0.4335	0.9984	
-0.9984	0.4337	0.9984	
-0.9984	0.4368	0.9984	
-0.9984	0.4338	0.9984	
-0.9984	0.4332	0.9984	
-0.9984	0.4336	0.9984	
-0.9984	0.4333	0.9984	
-0.9984	0.4324	0.9984	
-0.9984	0.4341	0.9984	
-0.9984	0.4348	0.9984	
-0.9984	0.4317	0.9984	
-0.9984	0.4342	0.9984	
-0.9984	0.4328	0.9984	
-0.9984	0.4327	0.9984	
-0.9984	0.4322	0.9984	
-0.9984	0.4341	0.9984	
-0.9984	0.4326	0.9984	
-0.9984	0.4327	0.9984	
-0.9984	0.4332	0.9984	
-0.9984	0.4322	0.9984	
-0.9984	0.4324	0.9984	
-0.9984	0.4316	0.9984	
-0.9984	0.4326	0.9984	
-0.9984	0.4325	0.9984	
-0.9984	0.4323	0.9984	
-0.9984	0.4320	0.9984	
-0.9984	0.4309	0.9984	
-0.9984	0.4323	0.9984	
-0.9984	0.4342	0.9984	
-0.9984	0.4324	0.9984	
-0.9984	0.4313	0.9984	
-0.9984	0.4328	0.9984	
-0.9984	0.4333	0.9984	
-0.9984	0.4326	0.9984	
-0.9984	0.4321	0.9984	
-0.9984	0.4310	0.9984	
-0.9984	0.4330	0.9984	
-0.9984	0.4344	0.9984	
-0.9984	0.4314	0.9984	
-0.9984	0.4322	0.9984	
-0.9984	0.4342	0.9984	
-0.9984	0.4315	0.9984	
-0.9984	0.4345	0.9984	
-0.9984	0.4340	0.9984	
-0.9985	0.4328	0.9985	
-0.9984	0.4322	0.9984	
-0.9984	0.4323	0.9984	
-0.9984	0.4323	0.9984	
-0.9984	0.4317	0.9984	
-0.9985	0.4327	0.9985	
-0.9984	0.4344	0.9984	
-0.9984	0.4331	0.9984	
-0.9984	0.4327	0.9984	
-0.9984	0.4322	0.9984	
-0.9984	0.4340	0.9984	
-0.9984	0.4317	0.9984	
-0.9984	0.4302	0.9984	
-0.9984	0.4328	0.9984	
-0.9985	0.4344	0.9985	
-0.9985	0.4335	0.9985	
-0.9984	0.4324	0.9984	
-0.9984	0.4329	0.9984	
-0.9984	0.4325	0.9984	
-0.9984	0.4334	0.9984	
-0.9984	0.4323	0.9984	
-0.9985	0.4311	0.9985	
-0.9985	0.4343	0.9985	
-0.9985	0.4345	0.9985	
-0.9984	0.4305	0.9984	
-0.9985	0.4330	0.9985	
-0.9984	0.4347	0.9984	
-0.9985	0.4342	0.9985	
-0.9984	0.4313	0.9984	
-0.9984	0.4321	0.9984	
-0.9984	0.4324	0.9984	
-0.9985	0.4320	0.9985	
-0.9984	0.4328	0.9984	
-0.9984	0.4338	0.9984	
-0.9984	0.4330	0.9984	
-0.9984	0.4319	0.9984	
-0.9984	0.4324	0.9984	
-0.9984	0.4347	0.9984	
-0.9984	0.4331	0.9984	
-0.9985	0.4319	0.9985	
-0.9984	0.4318	0.9984	
-0.9985	0.4331	0.9985	
-0.9984	0.4325	0.9984	
-0.9985	0.4314	0.9985	
-0.9984	0.4323	0.9984	
-0.9984	0.4336	0.9984	
-0.9984	0.4320	0.9984	
-0.9984	0.4320	0.9984	
-0.9984	0.4314	0.9984	
-0.9984	0.4317	0.9984	
-0.9984	0.4344	0.9984	
-0.9985	0.4319	0.9985	
-0.9985	0.4321	0.9985	
-0.9984	0.4332	0.9984	
-0.9985	0.4315	0.9985	
-0.9985	0.4333	0.9985	
-0.9985	0.4319	0.9985	
-0.9985	0.4319	0.9985	
-0.9985	0.4318	0.9985	
-0.9985	0.4312	0.9985	
-0.9985	0.4334	0.9985	
-0.9985	0.4327	0.9985	
-0.9985	0.4311	0.9985	
-0.9985	0.4321	0.9985	
-0.9985	0.4314	0.9985	
-0.9986	0.4322	0.9986	
-0.9985	0.4311	0.9985	
-0.9986	0.4350	0.9986	
-0.9986	0.4304	0.9986	
-0.9986	0.4318	0.9986	
-0.9986	0.4306	0.9986	
-0.9986	0.4326	0.9986	
-0.9986	0.4309	0.9986	
-0.9986	0.4326	0.9986	
-0.9986	0.4319	0.9986	
-0.9986	0.4322	0.9986	
-0.9986	0.4314	0.9986	
-0.9986	0.4326	0.9986	
-0.9986	0.4317	0.9986	
-0.9986	0.4320	0.9986	
-0.9986	0.4320	0.9986	
-0.9986	0.4321	0.9986	
-0.9986	0.4330	0.9986	
-0.9986	0.4324	0.9986	
-0.9986	0.4316	0.9986	
-0.9986	0.4309	0.9986	
-0.9986	0.4330	0.9986	
-0.9986	0.4325	0.9986	
-0.9986	0.4344	0.9986	
-0.9986	0.4322	0.9986	
-0.9986	0.4320	0.9986	
-0.9986	0.4333	0.9986	
-0.9986	0.4337	0.9986	
-0.9986	0.4337	0.9986	
-0.9986	0.4337	0.9986	
-0.9986	0.4323	0.9986	
-0.9986	0.4320	0.9986	
-0.9986	0.4335	0.9986	
-0.9986	0.4332	0.9986	
-0.9986	0.4342	0.9986	
-0.9986	0.4306	0.9986	
-0.9986	0.4313	0.9986	
-0.9986	0.4313	0.9986	
-0.9986	0.4357	0.9986	
-0.9986	0.4331	0.9986	
-0.9986	0.4322	0.9986	
-0.9986	0.4337	0.9986	
-0.9986	0.4301	0.9986	
-0.9986	0.4316	0.9986	
-0.9986	0.4315	0.9986	
-0.9986	0.4310	0.9986	
-0.9986	0.4324	0.9986	
-0.9986	0.4315	0.9986	
-0.9986	0.4306	0.9986	
-0.9986	0.4326	0.9986	
-0.9986	0.4327	0.9986	
-0.9986	0.4335	0.9986	
-0.9986	0.4333	0.9986	
-0.9986	0.4313	0.9986	
-0.9987	0.4338	0.9987	
-0.9986	0.4321	0.9986	
-0.9986	0.4325	0.9986	
-0.9986	0.4325	0.9986	
-0.9986	0.4349	0.9986	
-0.9986	0.4335	0.9986	
-0.9986	0.4316	0.9986	
-0.9986	0.4335	0.9986	
-0.9986	0.4326	0.9986	
-0.9986	0.4320	0.9986	
-0.9986	0.4335	0.9986	
-0.9986	0.4334	0.9986	
-0.9987	0.4327	0.9987	
-0.9986	0.4321	0.9986	
-0.9987	0.4326	0.9987	
-0.9986	0.4304	0.9986	
-0.9987	0.4323	0.9987	
-0.9986	0.4319	0.9986	
-0.9987	0.4336	0.9987	
-0.9987	0.4309	0.9987	
-0.9986	0.4333	0.9986	
-0.9986	0.4326	0.9986	
-0.9986	0.4326	0.9986	
-0.9987	0.4308	0.9987	
-0.9987	0.4316	0.9987	
-0.9987	0.4330	0.9987	
-0.9987	0.4335	0.9987	
-0.9987	0.4338	0.9987	
-0.9987	0.4329	0.9987	
-0.9987	0.4346	0.9987	
-0.9987	0.4327	0.9987	
-0.9986	0.4309	0.9986	
-0.9987	0.4322	0.9987	
-0.9986	0.4333	0.9986	
-0.9987	0.4311	0.9987	
-0.9987	0.4318	0.9987	
-0.9987	0.4321	0.9987	
-0.9987	0.4317	0.9987	
-0.9987	0.4329	0.9987	
-0.9987	0.4331	0.9987	
-0.9987	0.4331	0.9987	
-0.9987	0.4324	0.9987	
-0.9987	0.4329	0.9987	
-0.9987	0.4309	0.9987	
-0.9987	0.4326	0.9987	
-0.9987	0.4329	0.9987	
-0.9987	0.4308	0.9987	
-0.9987	0.4338	0.9987	
-0.9987	0.4323	0.9987	
-0.9987	0.4317	0.9987	
-0.9987	0.4321	0.9987	
-0.9987	0.4326	0.9987	
-0.9987	0.4325	0.9987	
-0.9987	0.4311	0.9987	
-0.9987	0.4327	0.9987	
-0.9987	0.4316	0.9987	
-0.9987	0.4330	0.9987	
-0.9987	0.4328	0.9987	
-0.9987	0.4306	0.9987	
-0.9987	0.4349	0.9987	
-0.9987	0.4338	0.9987	
-0.9987	0.4326	0.9987	
-0.9987	0.4340	0.9987	
-0.9987	0.4331	0.9987	
-0.9987	0.4329	0.9987	
-0.9987	0.4366	0.9987	
-0.9987	0.4332	0.9987	
-0.9987	0.4332	0.9987	
-0.9987	0.4331	0.9987	
-0.9987	0.4325	0.9987	
-0.9987	0.4338	0.9987	
-0.9987	0.4317	0.9987	
-0.9987	0.4306	0.9987	
-0.9987	0.4325	0.9987	
-0.9987	0.4318	0.9987	
-0.9987	0.4322	0.9987	
-0.9987	0.4328	0.9987	
-0.9987	0.4316	0.9987	
-0.9987	0.4338	0.9987	
-0.9987	0.4325	0.9987	
-0.9987	0.4317	0.9987	
-0.9987	0.4320	0.9987	
-0.9987	0.4322	0.9987	
-0.9987	0.4320	0.9987	
-0.9987	0.4331	0.9987	
-0.9987	0.4307	0.9987	
-0.9987	0.4314	0.9987	
-0.9987	0.4312	0.9987	
0.4052	0.6249	
0.3906	0.5879	
0.3756	0.5525	
0.3606	0.5189	
0.3453	0.4867	
0.3292	0.4561	
0.3134	0.4259	
0.2974	0.3966	
0.2826	0.3670	
0.2687	0.3379	
0.2548	0.3098	
0.2415	0.2828	
0.2289	0.2574	
0.2167	0.2342	
0.2055	0.2135	
0.1952	0.1948	
0.1858	0.1781	
0.1775	0.1628	
0.1703	0.1486	
0.1645	0.1352	
0.1599	0.1224	
0.1564	0.1103	
0.1537	0.0989	
0.1515	0.0878	
0.1499	0.0774	
0.1487	0.0676	
0.1478	0.0585	
0.1470	0.0499	
0.1464	0.0419	
0.1458	0.0346	
0.1454	0.0284	
0.1451	0.0232	
0.1447	0.0191	
0.1444	0.0161	
0.1441	0.0139	
0.1439	0.0123	
0.1436	0.0110	
0.1433	0.0101	
0.1430	0.0093	
0.1428	0.0086	
0.1425	0.0079	
0.1423	0.0074	
0.1420	0.0069	
0.1417	0.0065	
0.1415	0.0061	
0.1412	0.0058	
0.1409	0.0055	
0.1406	0.0052	
0.1404	0.0049	
0.1402	0.0047	
0.1399	0.0045	
0.1397	0.0043	
0.1395	0.0041	
0.1392	0.0039	
0.1389	0.0038	
0.1388	0.0036	
0.1385	0.0035	
0.1383	0.0034	
0.1381	0.0032	
0.1379	0.0031	
0.1377	0.0030	
0.1375	0.0029	
0.1373	0.0028	
0.1372	0.0028	
0.1369	0.0027	
0.1369	0.0026	
0.1367	0.0026	
0.1364	0.0025	
0.1363	0.0024	
0.1361	0.0024	
0.1360	0.0024	
0.1358	0.0023	
0.1356	0.0023	
0.1354	0.0022	
0.1353	0.0022	
0.1351	0.0022	
0.1349	0.0022	
0.1349	0.0021	
0.1346	0.0021	
0.1344	0.0021	
0.1343	0.0020	
0.1341	0.0020	
0.1340	0.0020	
0.1338	0.0020	
0.1337	0.0019	
0.1335	0.0019	
0.1334	0.0019	
0.1333	0.0019	
0.1332	0.0019	
0.1331	0.0018	
0.1329	0.0018	
0.1328	0.0018	
0.1327	0.0018	
0.1325	0.0017	
0.1325	0.0017	
0.1324	0.0017	
0.1323	0.0017	
0.1322	0.0017	
0.1321	0.0016	
0.1320	0.0016	
0.1319	0.0016	
0.1320	0.0016	
0.1318	0.0016	
0.1317	0.0016	
0.1316	0.0015	
0.1316	0.0015	
0.1315	0.0015	
0.1313	0.0015	
0.1313	0.0015	
0.1312	0.0014	
0.1312	0.0014	
0.1311	0.0014	
0.1311	0.0014	
0.1310	0.0014	
0.1309	0.0014	
0.1309	0.0014	
0.1309	0.0013	
0.1309	0.0013	
0.1307	0.0013	
0.1309	0.0013	
0.1306	0.0013	
0.1307	0.0013	
0.1305	0.0012	
0.1305	0.0012	
0.1304	0.0011	
0.1306	0.0011	
0.1305	0.0011	
0.1304	0.0011	
0.1304	0.0010	
0.1306	0.0010	
0.1303	0.0010	
0.1302	0.0010	
0.1302	0.0010	
0.1302	0.0009	
0.1301	0.0009	
0.1301	0.0009	
0.1300	0.0009	
0.1300	0.0009	
0.1300	0.0009	
0.1299	0.0009	
0.1300	0.0009	
0.1299	0.0008	
0.1299	0.0008	
0.1298	0.0008	
0.1298	0.0008	
0.1298	0.0008	
0.1298	0.0008	
0.1297	0.0008	
0.1297	0.0008	
0.1297	0.0007	
0.1297	0.0007	
0.1297	0.0007	
0.1297	0.0007	
0.1296	0.0007	
0.1296	0.0007	
0.1295	0.0007	
0.1296	0.0007	
0.1297	0.0007	
0.1296	0.0007	
0.1295	0.0007	
0.1295	0.0006	
0.1294	0.0006	
0.1294	0.0006	
0.1294	0.0006	
0.1294	0.0006	
0.1293	0.0006	
0.1294	0.0006	
0.1294	0.0006	
0.1294	0.0006	
0.1293	0.0006	
0.1293	0.0006	
0.1293	0.0006	
0.1293	0.0006	
0.1293	0.0006	
0.1292	0.0005	
0.1292	0.0005	
0.1292	0.0005	
0.1292	0.0005	
0.1292	0.0005	
0.1292	0.0005	
0.1292	0.0005	
0.1291	0.0005	
0.1291	0.0005	
0.1292	0.0005	
0.1292	0.0005	
0.1291	0.0005	
0.1291	0.0005	
0.1291	0.0005	
0.1291	0.0005	
0.1291	0.0005	
0.1291	0.0005	
0.1290	0.0005	
0.1291	0.0005	
0.1290	0.0004	
0.1290	0.0004	
0.1290	0.0004	
0.1290	0.0004	
0.1290	0.0004	
0.1289	0.0004	
0.1289	0.0004	
0.1290	0.0004	
0.1289	0.0004	
0.1289	0.0004	
0.1289	0.0004	
0.1289	0.0004	
0.1289	0.0004	
0.1289	0.0004	
0.1288	0.0004	
0.1288	0.0004	
0.1289	0.0004	
0.1289	0.0004	
0.1289	0.0004	
0.1288	0.0004	
0.1288	0.0004	
0.1288	0.0004	
0.1288	0.0004	
0.1288	0.0004	
0.1288	0.0004	
0.1288	0.0004	
0.1287	0.0004	
0.1288	0.0004	
0.1288	0.0003	
0.1287	0.0003	
0.1288	0.0003	
0.1287	0.0003	
0.1287	0.0003	
0.1287	0.0003	
0.1287	0.0003	
0.1286	0.0003	
0.1287	0.0003	
0.1286	0.0003	
0.1287	0.0003	
0.1286	0.0003	
0.1287	0.0003	
0.1287	0.0003	
0.1287	0.0003	
0.1286	0.0003	
0.1286	0.0003	
0.1287	0.0003	
0.1287	0.0003	
0.1286	0.0003	
0.1286	0.0003	
0.1285	0.0003	
0.1286	0.0003	
0.1285	0.0003	
0.1286	0.0003	
0.1285	0.0003	
0.1287	0.0003	
0.1285	0.0003	
0.1285	0.0003	
0.1285	0.0003	
0.1286	0.0003	
0.1286	0.0002	
0.1285	0.0002	
0.1285	0.0002	
0.1285	0.0002	
0.1285	0.0002	
0.1285	0.0002	
0.1284	0.0002	
0.1285	0.0002	
0.1285	0.0002	
0.1284	0.0002	
0.1285	0.0002	
0.1285	0.0002	
0.1285	0.0002	
0.1285	0.0002	
0.1284	0.0002	
0.1285	0.0002	
0.1284	0.0002	
0.1285	0.0002	
0.1286	0.0002	
0.1283	0.0002	
0.1284	0.0002	
0.1284	0.0002	
0.1284	0.0002	
0.1284	0.0002	
0.1284	0.0002	
0.1284	0.0002	
0.1284	0.0002	
0.1284	0.0002	
0.1286	0.0002	
0.1283	0.0002	
0.1284	0.0002	
0.1283	0.0002	
0.1283	0.0002	
0.1283	0.0002	
0.1283	0.0002	
0.1283	0.0002	
0.1283	0.0002	
0.1283	0.0002	
0.1283	0.0002	
0.1283	0.0002	
0.1283	0.0002	
0.1283	0.0002	
0.1284	0.0002	
0.1283	0.0002	
0.1283	0.0002	
0.1283	0.0002	
0.1283	0.0002	
0.1283	0.0002	
0.1283	0.0002	
0.1282	0.0002	
0.1282	0.0002	
0.1283	0.0002	
0.1286	0.0002	
0.1282	0.0002	
0.1283	0.0002	
0.1284	0.0002	
0.1283	0.0002	
0.1282	0.0002	
0.1282	0.0002	
0.1282	0.0002	
0.1282	0.0002	
0.1282	0.0002	
0.1282	0.0002	
0.1282	0.0002	
0.1282	0.0002	
0.1282	0.0002	
0.1283	0.0002	
0.1282	0.0002	
0.1283	0.0002	
0.1281	0.0002	
0.1282	0.0002	
0.1282	0.0002	
0.1281	0.0002	
0.1281	0.0002	
0.1282	0.0002	
0.1281	0.0002	
0.1282	0.0002	
0.1281	0.0002	
0.1282	0.0002	
0.1281	0.0002	
0.1281	0.0002	
0.1281	0.0002	
0.1282	0.0002	
0.1281	0.0002	
0.1281	0.0002	
0.1281	0.0002	
0.1282	0.0002	
0.1281	0.0002	
0.1281	0.0002	
0.1282	0.0002	
0.1281	0.0002	
0.1281	0.0002	
0.1281	0.0002	
0.1281	0.0002	
0.1281	0.0002	
0.1281	0.0002	
0.1280	0.0002	
0.1281	0.0002	
0.1281	0.0002	
0.1281	0.0002	
0.1280	0.0002	
0.1281	0.0002	
0.1280	0.0002	
0.1280	0.0002	
0.1280	0.0002	
0.1280	0.0002	
0.1281	0.0002	
0.1280	0.0002	
0.1280	0.0002	
0.1280	0.0002	
0.1280	0.0002	
0.1281	0.0002	
0.1280	0.0002	
0.1280	0.0002	
0.1280	0.0002	
0.1280	0.0002	
0.1281	0.0002	
0.1280	0.0002	
0.1281	0.0002	
0.1280	0.0002	
0.1280	0.0002	
0.1281	0.0002	
0.1281	0.0002	
0.1280	0.0002	
0.1279	0.0002	
0.1279	0.0002	
0.1280	0.0002	
0.1279	0.0002	
0.1279	0.0002	
0.1279	0.0002	
0.1280	0.0002	
0.1280	0.0002	
0.1279	0.0002	
0.1279	0.0002	
0.1279	0.0002	
0.1279	0.0002	
0.1279	0.0002	
0.1280	0.0002	
0.1279	0.0002	
0.1279	0.0002	
0.1279	0.0002	
0.1279	0.0002	
0.1279	0.0002	
0.1279	0.0002	
0.1279	0.0002	
0.1279	0.0002	
0.1280	0.0002	
0.1279	0.0002	
0.1279	0.0002	
0.1279	0.0002	
0.1279	0.0002	
0.1279	0.0002	
0.1279	0.0002	
0.1280	0.0002	
0.1279	0.0002	
0.1279	0.0002	
0.1278	0.0002	
0.1278	0.0002	
0.1278	0.0002	
0.1279	0.0002	
0.1278	0.0002	
0.1279	0.0002	
0.1278	0.0002	
0.1278	0.0002	
0.1279	0.0002	
0.1278	0.0002	
0.1279	0.0002	
0.1278	0.0002	
0.1279	0.0002	
0.1279	0.0002	
0.1277	0.0002	
0.1279	0.0002	
0.1278	0.0002	
0.1278	0.0002	
0.1278	0.0002	
0.1278	0.0002	
0.1278	0.0002	
0.1278	0.0002	
0.1278	0.0002	
0.1278	0.0002	
0.1279	0.0002	
0.1278	0.0002	
0.1277	0.0002	
0.1279	0.0002	
0.1278	0.0002	
0.1278	0.0002	
0.1278	0.0002	
0.1279	0.0002	
0.1278	0.0002	
0.1278	0.0002	
0.1278	0.0002	
0.1277	0.0002	
0.1278	0.0002	
0.1277	0.0002	
0.1278	0.0002	
0.1278	0.0002	
0.1277	0.0002	
0.1277	0.0002	
0.1277	0.0002	
0.1278	0.0002	
0.1277	0.0002	
0.1277	0.0002	
0.1278	0.0002	
0.1277	0.0002	
0.1278	0.0002	
0.1277	0.0002	
0.1277	0.0002	
0.1278	0.0002	
0.1278	0.0002	
0.1277	0.0002	
0.1277	0.0002	
0.1277	0.0002	
0.1277	0.0002	
0.1277	0.0002	
0.1278	0.0002	
0.1277	0.0002	
0.1277	0.0002	
0.1277	0.0002	
0.1277	0.0002	
0.1277	0.0002	
0.1276	0.0002	
0.1276	0.0002	
0.1276	0.0002	
0.1277	0.0002	
0.1276	0.0002	
0.1277	0.0002	
0.1277	0.0002	
0.1276	0.0002	
0.1277	0.0002	
0.1278	0.0002	
0.1277	0.0002	
0.1276	0.0002	
0.1277	0.0002	
0.1277	0.0002	
0.1276	0.0002	
0.1278	0.0002	
0.1278	0.0002	
0.1276	0.0002	
0.1278	0.0002	
0.1276	0.0002	
0.1276	0.0002	
0.1276	0.0002	
0.1276	0.0002	
0.1277	0.0002	
0.1277	0.0002	
0.1277	0.0002	
0.1276	0.0002	
0.1277	0.0002	
0.1276	0.0002	
0.1276	0.0002	
0.1277	0.0002	
0.1276	0.0002	
0.1276	0.0002	
0.1276	0.0002	
0.1276	0.0002	
0.1276	0.0002	
0.1276	0.0002	
0.1278	0.0002	
0.1276	0.0002	
0.1277	0.0002	
0.1276	0.0002	
0.1276	0.0002	
0.1276	0.0002	
0.1276	0.0002	
0.1276	0.0002	
0.1275	0.0002	
0.1276	0.0002	
0.1276	0.0002	
0.1276	0.0002	
0.1275	0.0002	
0.1276	0.0002	
0.1276	0.0002	
0.1277	0.0002	
0.1275	0.0002	
0.1276	0.0002	
0.1276	0.0002	
0.1276	0.0002	
0.1276	0.0002	
0.1277	0.0002	
0.1276	0.0002	
0.1275	0.0002	
0.1276	0.0002	
0.1275	0.0002	
0.1275	0.0002	
0.1276	0.0002	
0.1276	0.0002	
0.1275	0.0002	
0.1276	0.0002	
0.1275	0.0002	
0.1275	0.0002	
0.1275	0.0002	
0.1275	0.0002	
0.1276	0.0002	
0.1275	0.0002	
0.1275	0.0002	
0.1275	0.0002	
0.1275	0.0002	
0.1276	0.0002	
0.1276	0.0002	
0.1275	0.0002	
0.1276	0.0002	
0.1275	0.0002	
0.1275	0.0002	
0.1276	0.0002	
0.1275	0.0002	
0.1276	0.0002	
0.1275	0.0002	
0.1275	0.0002	
0.1275	0.0002	
0.1275	0.0002	
0.1276	0.0002	
0.1275	0.0002	
0.1276	0.0002	
0.1275	0.0002	
0.1275	0.0002	
0.1275	0.0002	
0.1275	0.0002	
0.1275	0.0002	
0.1276	0.0002	
0.1275	0.0002	
0.1275	0.0002	
0.1276	0.0002	
0.1275	0.0002	
0.1276	0.0002	
0.1275	0.0002	
0.1275	0.0002	
0.1275	0.0002	
0.1275	0.0002	
0.1275	0.0002	
0.1275	0.0002	
0.1275	0.0002	
0.1275	0.0002	
0.1275	0.0002	
0.1275	0.0002	
0.1275	0.0002	
0.1275	0.0002	
0.1275	0.0002	
0.1275	0.0002	
0.1275	0.0002	
0.1275	0.0002	
0.1275	0.0002	
0.1275	0.0002	
0.1277	0.0002	
0.1276	0.0002	
0.1274	0.0002	
0.1275	0.0002	
0.1274	0.0002	
0.1275	0.0002	
0.1275	0.0002	
0.1275	0.0002	
0.1275	0.0002	
0.1275	0.0002	
0.1274	0.0002	
0.1275	0.0002	
0.1275	0.0002	
0.1275	0.0002	
0.1274	0.0002	
0.1274	0.0002	
0.1274	0.0002	
0.1274	0.0002	
0.1275	0.0002	
0.1275	0.0002	
0.1275	0.0002	
0.1275	0.0002	
0.1274	0.0002	
0.1274	0.0002	
0.1274	0.0002	
0.1274	0.0002	
0.1274	0.0002	
0.1274	0.0002	
0.1274	0.0002	
0.1275	0.0002	
0.1274	0.0002	
0.1274	0.0002	
0.1274	0.0002	
0.1274	0.0002	
0.1274	0.0002	
0.1274	0.0002	
0.1275	0.0002	
0.1274	0.0002	
0.1274	0.0002	
0.1274	0.0002	
0.1274	0.0002	
0.1274	0.0002	
0.1274	0.0002	
0.1274	0.0002	
0.1275	0.0002	
0.1274	0.0002	
0.1275	0.0002	
0.1275	0.0002	
0.1274	0.0002	
0.1274	0.0002	
0.1274	0.0002	
0.1274	0.0002	
0.1274	0.0002	
0.1274	0.0002	
0.1274	0.0002	
0.1275	0.0002	
0.1273	0.0002	
0.1274	0.0002	
0.1274	0.0002	
0.1274	0.0002	
0.1274	0.0002	
0.1274	0.0002	
0.1274	0.0002	
0.1274	0.0002	
0.1274	0.0002	
0.1274	0.0002	
0.1274	0.0002	
0.1273	0.0002	
0.1274	0.0002	
0.1274	0.0002	
0.1274	0.0002	
0.1273	0.0002	
0.1274	0.0002	
0.1274	0.0002	
0.1274	0.0002	
0.1274	0.0002	
0.1273	0.0002	
0.1274	0.0002	
0.1274	0.0002	
0.1273	0.0002	
0.1274	0.0002	
0.1273	0.0002	
0.1273	0.0002	
0.1275	0.0002	
0.1274	0.0002	
0.1274	0.0002	
0.1273	0.0002	
0.1274	0.0002	
0.1273	0.0002	
0.1274	0.0002	
0.1273	0.0002	
0.1273	0.0002	
0.1273	0.0002	
0.1274	0.0002	
0.1274	0.0002	
0.1273	0.0002	
0.1273	0.0002	
0.1274	0.0002	
0.1273	0.0002	
0.1274	0.0002	
0.1274	0.0002	
0.1273	0.0002	
0.1273	0.0002	
0.1273	0.0002	
0.1273	0.0002	
0.1273	0.0002	
0.1274	0.0002	
0.1274	0.0002	
0.1274	0.0002	
0.1273	0.0002	
0.1274	0.0002	
0.1274	0.0002	
0.1273	0.0002	
0.1274	0.0002	
0.1274	0.0002	
0.1273	0.0002	
0.1274	0.0002	
0.1273	0.0002	
0.1273	0.0002	
0.1273	0.0002	
0.1273	0.0002	
0.1273	0.0002	
0.1274	0.0002	
0.1273	0.0002	
0.1273	0.0002	
0.1273	0.0002	
0.1273	0.0002	
0.1273	0.0002	
0.1273	0.0002	
0.1273	0.0002	
0.1273	0.0002	
0.1273	0.0002	
0.1273	0.0002	
0.1273	0.0002	
0.1273	0.0002	
0.1273	0.0002	
0.1273	0.0002	
0.1273	0.0002	
0.1273	0.0002	
0.1273	0.0002	
0.1273	0.0002	
0.1273	0.0002	
0.1273	0.0002	
0.1273	0.0002	
0.1273	0.0002	
0.1273	0.0002	
0.1273	0.0002	
0.1272	0.0002	
0.1273	0.0002	
0.1273	0.0002	
0.1274	0.0002	
0.1273	0.0002	
0.1273	0.0002	
0.1273	0.0002	
0.1273	0.0002	
0.1272	0.0002	
0.1273	0.0002	
0.1273	0.0002	
0.1273	0.0002	
0.1272	0.0002	
0.1273	0.0002	
0.1272	0.0002	
0.1273	0.0002	
0.1272	0.0002	
0.1273	0.0002	
0.1273	0.0002	
0.1274	0.0002	
0.1274	0.0002	
0.1273	0.0002	
0.1273	0.0002	
0.1273	0.0001	
0.1273	0.0001	
0.1272	0.0001	
0.1273	0.0001	
0.1272	0.0001	
0.1273	0.0002	
0.1273	0.0002	
0.1273	0.0001	
0.1272	0.0001	
0.1272	0.0001	
0.1272	0.0001	
0.1272	0.0001	
0.1272	0.0001	
0.1273	0.0001	
0.1272	0.0001	
0.1272	0.0001	
0.1273	0.0001	
0.1272	0.0001	
0.1272	0.0001	
0.1272	0.0001	
0.1273	0.0001	
0.1273	0.0001	
0.1272	0.0001	
0.1272	0.0001	
0.1273	0.0001	
0.1272	0.0001	
0.1272	0.0001	
0.1272	0.0001	
0.1272	0.0001	
0.1272	0.0001	
0.1272	0.0001	
0.1273	0.0001	
0.1273	0.0001	
0.1272	0.0001	
0.1272	0.0001	
0.1272	0.0001	
0.1272	0.0001	
0.1272	0.0001	
0.1272	0.0001	
0.1272	0.0001	
0.1272	0.0001	
0.1272	0.0001	
0.1272	0.0001	
0.1272	0.0001	
0.1273	0.0001	
0.1272	0.0001	
0.1272	0.0001	
0.1272	0.0001	
0.1272	0.0001	
0.1273	0.0001	
0.1272	0.0001	
0.1272	0.0001	
0.1272	0.0001	
0.1272	0.0001	
0.1272	0.0001	
0.1272	0.0001	
0.1271	0.0001	
0.1272	0.0001	
0.1271	0.0001	
0.1271	0.0001	
0.1272	0.0001	
0.1272	0.0001	
0.1272	0.0001	
0.1272	0.0001	
0.1272	0.0001	
0.1273	0.0001	
0.1272	0.0001	
0.1272	0.0001	
0.1272	0.0001	
0.1271	0.0001	
0.1272	0.0001	
0.1272	0.0001	
0.1272	0.0001	
0.1272	0.0001	
0.1272	0.0001	
0.1271	0.0001	
0.1271	0.0001	
0.1271	0.0001	
0.1271	0.0001	
0.1272	0.0001	
0.1271	0.0001	
0.1272	0.0001	
0.1271	0.0001	
0.1271	0.0001	
0.1272	0.0001	
0.1271	0.0001	
0.1271	0.0001	
0.1271	0.0001	
0.1272	0.0001	
0.1271	0.0001	
0.1272	0.0001	
0.1271	0.0001	
0.1271	0.0001	
0.1272	0.0001	
0.1271	0.0001	
0.1271	0.0001	
0.1272	0.0001	
0.1271	0.0001	
0.1271	0.0001	
0.1271	0.0001	
0.1272	0.0001	
0.1272	0.0001	
0.1271	0.0001	
0.1271	0.0001	
0.1271	0.0001	
0.1271	0.0001	
0.1271	0.0001	
0.1271	0.0001	
0.1271	0.0001	
0.1271	0.0001	
0.1271	0.0001	
0.1271	0.0001	
0.1271	0.0001	
0.1271	0.0001	
0.1271	0.0001	
0.1271	0.0001	
0.1271	0.0001	
0.1271	0.0001	
0.1271	0.0001	
0.1271	0.0001	
0.1271	0.0001	
0.1271	0.0001	
0.1271	0.0001	
0.1271	0.0001	
0.1271	0.0001	
0.1271	0.0001	
0.1270	0.0001	
0.1271	0.0001	
0.1271	0.0001	
0.1271	0.0001	
0.1271	0.0001	
0.1271	0.0001	
0.1271	0.0001	
0.1271	0.0001	
0.1271	0.0001	
0.1271	0.0001	
0.1270	0.0001	
0.1271	0.0001	
0.1271	0.0001	
0.1271	0.0001	
0.1271	0.0001	
0.1271	0.0001	
0.1271	0.0001	
0.1270	0.0001	
0.1271	0.0001	
0.1271	0.0001	
0.1271	0.0001	
0.1271	0.0001	
0.1271	0.0001	
0.1271	0.0001	
0.1271	0.0001	
0.1270	0.0001	
0.1270	0.0001	
0.1271	0.0001	
0.1271	0.0001	
0.1271	0.0001	
0.1271	0.0001	
0.1271	0.0001	
0.1271	0.0001	
0.1270	0.0001	
0.1271	0.0001	
0.1271	0.0001	
0.1271	0.0001	
0.1271	0.0001	
0.1270	0.0001	
0.1270	0.0001	
0.1271	0.0001	
0.1271	0.0001	
0.1271	0.0001	
0.1271	0.0001	
0.1270	0.0001	
0.1270	0.0001	
0.1271	0.0001	
0.1270	0.0001	
0.1270	0.0001	
0.1270	0.0001	
0.1270	0.0001	
0.1271	0.0001	
0.1270	0.0001	
0.1271	0.0001	
0.1270	0.0001	
0.1270	0.0001	
0.1271	0.0001	
0.1270	0.0001	
0.1270	0.0001	
0.1270	0.0001	
0.1270	0.0001	
0.1270	0.0001	
0.1271	0.0001	
0.1270	0.0001	
0.1271	0.0001	
0.1270	0.0001	
0.1271	0.0001	
0.1270	0.0001	
0.1270	0.0001	
0.1271	0.0001	
0.1270	0.0001	
0.1271	0.0001	
0.1270	0.0001	
0.1270	0.0001	
0.1270	0.0001	
0.1271	0.0001	
0.1270	0.0001	
0.1270	0.0001	
0.1270	0.0001	
0.1270	0.0001	
0.1270	0.0001	
0.1270	0.0001	
0.1270	0.0001	
0.1270	0.0001	
0.1270	0.0001	
0.1270	0.0001	
0.1270	0.0001	
0.1270	0.0001	
0.1270	0.0001	
0.1271	0.0001	
0.1270	0.0001	
0.1270	0.0001	
0.1270	0.0001	
0.1270	0.0001	
0.1270	0.0001	
0.1270	0.0001	
0.1270	0.0001	
0.1270	0.0001	
0.1270	0.0001	
0.1270	0.0001	
0.1270	0.0001	
0.1270	0.0001	
0.1270	0.0001	
0.1270	0.0001	
0.1270	0.0001	
0.1270	0.0001	
0.1270	0.0001	
0.1270	0.0001	
0.1270	0.0001	
0.1271	0.0001	
