Loss_Adversary	Loss_Target	
-0.2053	0.0101	0.4551	
-0.2124	0.0036	0.4630	
-0.2161	0.0040	0.4713	
-0.2173	0.0066	0.4769	
-0.2199	0.0049	0.4807	
-0.2210	0.0050	0.4832	
-0.2220	0.0056	0.4860	
-0.2218	0.0070	0.4873	
-0.2228	0.0084	0.4910	
-0.2241	0.0122	0.4981	
-0.2234	0.0206	0.5064	
-0.2240	0.0373	0.5270	
-0.2242	0.0626	0.5569	
-0.2267	0.0961	0.6010	
-0.2281	0.1442	0.6599	
-0.2310	0.1965	0.7268	
-0.2342	0.2363	0.7799	
-0.2369	0.2445	0.7952	
-0.2410	0.2344	0.7924	
-0.2449	0.2256	0.7907	
-0.2478	0.2118	0.7809	
-0.2512	0.1927	0.7662	
-0.2532	0.1846	0.7609	
-0.2553	0.1757	0.7551	
-0.2568	0.1803	0.7637	
-0.2581	0.1756	0.7612	
-0.2595	0.1619	0.7481	
-0.2616	0.1871	0.7821	
-0.2625	0.1872	0.7840	
-0.2625	0.1802	0.7760	
-0.2645	0.1727	0.7716	
-0.2667	0.1752	0.7793	
-0.2676	0.1724	0.7780	
-0.2682	0.1694	0.7758	
-0.2708	0.1612	0.7718	
-0.2710	0.1749	0.7881	
-0.2715	0.1572	0.7687	
-0.2724	0.1656	0.7804	
-0.2716	0.1591	0.7712	
-0.2742	0.1627	0.7809	
-0.2729	0.1605	0.7755	
-0.2739	0.1579	0.7748	
-0.2748	0.1611	0.7803	
-0.2715	0.1465	0.7563	
-0.2737	0.2101	0.8349	
-0.2757	0.1454	0.7641	
-0.2762	0.1724	0.7964	
-0.2762	0.1449	0.7645	
-0.2759	0.1553	0.7760	
-0.2768	0.1722	0.7976	
-0.2786	0.1514	0.7774	
-0.2783	0.1517	0.7769	
-0.2778	0.1557	0.7807	
-0.2768	0.1479	0.7695	
-0.2777	0.1941	0.8249	
-0.2768	0.1332	0.7523	
-0.2787	0.2056	0.8405	
-0.2791	0.1283	0.7515	
-0.2786	0.1814	0.8121	
-0.2790	0.1501	0.7767	
-0.2808	0.1551	0.7864	
-0.2803	0.1590	0.7897	
-0.2803	0.1560	0.7863	
-0.2794	0.1438	0.7702	
-0.2815	0.1668	0.8014	
-0.2816	0.1420	0.7728	
-0.2817	0.1664	0.8015	
-0.2827	0.1408	0.7740	
-0.2811	0.1614	0.7943	
-0.2816	0.1424	0.7735	
-0.2814	0.1627	0.7966	
-0.2826	0.1375	0.7697	
-0.2827	0.1666	0.8038	
-0.2820	0.1318	0.7619	
-0.2816	0.1842	0.8219	
-0.2837	0.1464	0.7827	
-0.2838	0.1498	0.7868	
-0.2827	0.1484	0.7827	
-0.2831	0.1563	0.7926	
-0.2842	0.1437	0.7806	
-0.2844	0.1553	0.7944	
-0.2839	0.1429	0.7790	
-0.2836	0.1580	0.7959	
-0.2845	0.1368	0.7731	
-0.2852	0.1524	0.7928	
-0.2847	0.1436	0.7814	
-0.2845	0.1669	0.8081	
-0.2847	0.1321	0.7682	
-0.2849	0.1545	0.7945	
-0.2845	0.1525	0.7914	
-0.2850	0.1440	0.7825	
-0.2864	0.1531	0.7962	
-0.2833	0.1435	0.7784	
-0.2862	0.1492	0.7912	
-0.2852	0.1521	0.7925	
-0.2866	0.1367	0.7775	
-0.2858	0.1597	0.8026	
-0.2846	0.1379	0.7746	
-0.2863	0.1534	0.7963	
-0.2865	0.1463	0.7885	
-0.2853	0.1490	0.7890	
-0.2866	0.1455	0.7877	
-0.2849	0.1637	0.8053	
-0.2874	0.1291	0.7704	
-0.2874	0.1604	0.8067	
-0.2887	0.1374	0.7829	
-0.2878	0.1437	0.7883	
-0.2880	0.1404	0.7850	
-0.2887	0.1404	0.7864	
-0.2885	0.1379	0.7830	
-0.2879	0.1487	0.7942	
-0.2894	0.1525	0.8020	
-0.2893	0.1227	0.7671	
-0.2875	0.1522	0.7973	
-0.2883	0.1644	0.8134	
-0.2895	0.1230	0.7679	
-0.2876	0.1529	0.7986	
-0.2886	0.1317	0.7762	
-0.2877	0.1574	0.8038	
-0.2893	0.1407	0.7879	
-0.2892	0.1316	0.7773	
-0.2893	0.1612	0.8118	
-0.2892	0.1401	0.7872	
-0.2881	0.1290	0.7720	
-0.2882	0.1716	0.8216	
-0.2897	0.1216	0.7667	
-0.2886	0.1652	0.8149	
-0.2891	0.1322	0.7777	
-0.2899	0.1476	0.7972	
-0.2891	0.1424	0.7896	
-0.2893	0.1462	0.7944	
-0.2895	0.1368	0.7839	
-0.2898	0.1317	0.7786	
-0.2891	0.1640	0.8147	
-0.2891	0.1243	0.7685	
-0.2892	0.1540	0.8032	
-0.2907	0.1441	0.7951	
-0.2901	0.1280	0.7749	
-0.2870	0.1728	0.8202	
-0.2881	0.1277	0.7704	
-0.2885	0.1615	0.8104	
-0.2893	0.1238	0.7684	
-0.2887	0.1633	0.8130	
-0.2890	0.1313	0.7765	
-0.2907	0.1493	0.8010	
-0.2898	0.1382	0.7861	
-0.2894	0.1432	0.7912	
-0.2898	0.1352	0.7826	
-0.2907	0.1507	0.8027	
-0.2902	0.1344	0.7826	
-0.2903	0.1519	0.8030	
-0.2883	0.1409	0.7860	
-0.2895	0.1310	0.7771	
-0.2894	0.1586	0.8090	
-0.2890	0.1256	0.7700	
-0.2894	0.1544	0.8040	
-0.2912	0.1313	0.7812	
-0.2906	0.1506	0.8022	
-0.2910	0.1273	0.7763	
-0.2902	0.1484	0.7988	
-0.2907	0.1339	0.7832	
-0.2903	0.1456	0.7958	
-0.2908	0.1359	0.7856	
-0.2898	0.1459	0.7951	
-0.2909	0.1193	0.7667	
-0.2898	0.1643	0.8164	
-0.2894	0.1424	0.7902	
-0.2906	0.1326	0.7814	
-0.2892	0.1527	0.8016	
-0.2888	0.1334	0.7785	
-0.2903	0.1504	0.8013	
-0.2899	0.1440	0.7930	
-0.2896	0.1395	0.7872	
-0.2906	0.1387	0.7885	
-0.2895	0.1465	0.7951	
-0.2913	0.1334	0.7839	
-0.2917	0.1442	0.7974	
-0.2911	0.1240	0.7726	
-0.2920	0.1531	0.8081	
-0.2898	0.1308	0.7777	
-0.2915	0.1451	0.7979	
-0.2900	0.1345	0.7825	
-0.2904	0.1435	0.7937	
-0.2911	0.1363	0.7868	
-0.2901	0.1406	0.7895	
-0.2903	0.1446	0.7946	
-0.2898	0.1442	0.7931	
-0.2908	0.1291	0.7779	
-0.2906	0.1527	0.8047	
-0.2911	0.1292	0.7785	
-0.2900	0.1518	0.8024	
-0.2900	0.1373	0.7856	
-0.2912	0.1334	0.7838	
-0.2898	0.1608	0.8124	
-0.2909	0.1278	0.7764	
-0.2906	0.1433	0.7940	
-0.2904	0.1325	0.7808	
-0.2913	0.1423	0.7942	
-0.2923	0.1262	0.7776	
-0.2915	0.1469	0.7999	
-0.2894	0.1358	0.7825	
-0.2918	0.1495	0.8037	
-0.2911	0.1315	0.7812	
-0.2908	0.1447	0.7960	
-0.2904	0.1344	0.7832	
-0.2917	0.1459	0.7993	
-0.2912	0.1351	0.7856	
-0.2918	0.1323	0.7836	
-0.2907	0.1406	0.7910	
-0.2908	0.1389	0.7892	
-0.2899	0.1455	0.7948	
-0.2908	0.1360	0.7857	
-0.2909	0.1400	0.7906	
-0.2898	0.1412	0.7896	
-0.2908	0.1414	0.7922	
-0.2906	0.1398	0.7898	
-0.2903	0.1444	0.7946	
-0.2909	0.1292	0.7782	
-0.2893	0.1541	0.8035	
-0.2913	0.1343	0.7848	
-0.2901	0.1463	0.7963	
-0.2899	0.1380	0.7861	
-0.2911	0.1364	0.7869	
-0.2914	0.1327	0.7833	
-0.2920	0.1486	0.8031	
-0.2922	0.1313	0.7835	
-0.2912	0.1453	0.7974	
-0.2908	0.1312	0.7802	
-0.2905	0.1538	0.8058	
-0.2910	0.1237	0.7719	
-0.2912	0.1516	0.8048	
-0.2902	0.1340	0.7822	
-0.2911	0.1458	0.7979	
-0.2919	0.1258	0.7764	
-0.2914	0.1443	0.7968	
-0.2910	0.1433	0.7947	
-0.2895	0.1316	0.7778	
-0.2911	0.1516	0.8046	
-0.2912	0.1339	0.7844	
-0.2913	0.1381	0.7894	
-0.2916	0.1406	0.7928	
-0.2906	0.1247	0.7723	
-0.2911	0.1668	0.8222	
-0.2893	0.1390	0.7861	
-0.2911	0.1439	0.7955	
-0.2907	0.1379	0.7878	
-0.2916	0.1282	0.7784	
-0.2912	0.1574	0.8115	
-0.2911	0.1228	0.7712	
-0.2913	0.1596	0.8143	
-0.2914	0.1220	0.7708	
-0.2923	0.1512	0.8066	
-0.2897	0.1350	0.7824	
-0.2901	0.1451	0.7948	
-0.2900	0.1484	0.7984	
-0.2916	0.1277	0.7780	
-0.2910	0.1410	0.7920	
-0.2900	0.1426	0.7918	
-0.2902	0.1307	0.7783	
-0.2915	0.1550	0.8093	
-0.2909	0.1384	0.7888	
-0.2923	0.1335	0.7861	
-0.2896	0.1406	0.7885	
-0.2915	0.1421	0.7945	
-0.2926	0.1341	0.7874	
-0.2914	0.1361	0.7871	
-0.2910	0.1414	0.7925	
-0.2909	0.1438	0.7952	
-0.2915	0.1352	0.7863	
-0.2923	0.1418	0.7957	
-0.2910	0.1324	0.7820	
-0.2913	0.1495	0.8025	
-0.2910	0.1286	0.7776	
-0.2910	0.1332	0.7830	
-0.2902	0.1382	0.7870	
-0.2919	0.1460	0.7997	
-0.2908	0.1416	0.7923	
-0.2914	0.1245	0.7738	
-0.2905	0.1503	0.8017	
-0.2919	0.1425	0.7957	
-0.2914	0.1380	0.7893	
-0.2907	0.1300	0.7787	
-0.2906	0.1495	0.8010	
-0.2913	0.1415	0.7933	
-0.2913	0.1293	0.7792	
-0.2895	0.1443	0.7927	
-0.2925	0.1505	0.8062	
-0.2920	0.1282	0.7794	
-0.2915	0.1374	0.7888	
-0.2905	0.1578	0.8105	
-0.2906	0.1275	0.7754	
-0.2913	0.1329	0.7833	
-0.2902	0.1675	0.8210	
-0.2910	0.1131	0.7596	
-0.2917	0.1675	0.8242	
-0.2914	0.1225	0.7715	
-0.2903	0.1517	0.8028	
-0.2911	0.1425	0.7939	
-0.2925	0.1272	0.7794	
-0.2914	0.1511	0.8047	
-0.2908	0.1282	0.7768	
-0.2920	0.1466	0.8008	
-0.2922	0.1265	0.7778	
-0.2923	0.1497	0.8048	
-0.2920	0.1190	0.7686	
-0.2909	0.1533	0.8061	
-0.2901	0.1480	0.7983	
-0.2922	0.1373	0.7904	
-0.2926	0.1372	0.7912	
-0.2918	0.1411	0.7939	
-0.2910	0.1323	0.7820	
-0.2921	0.1395	0.7926	
-0.2913	0.1312	0.7813	
-0.2914	0.1543	0.8083	
-0.2910	0.1287	0.7778	
-0.2921	0.1487	0.8034	
-0.2917	0.1210	0.7704	
-0.2886	0.1697	0.8201	
-0.2909	0.1265	0.7750	
-0.2904	0.1581	0.8106	
-0.2898	0.1299	0.7766	
-0.2914	0.1411	0.7929	
-0.2904	0.1542	0.8061	
-0.2916	0.1386	0.7906	
-0.2904	0.1283	0.7760	
-0.2901	0.1682	0.8216	
-0.2916	0.1147	0.7629	
-0.2919	0.1510	0.8056	
-0.2924	0.1367	0.7899	
-0.2915	0.1394	0.7913	
-0.2926	0.1360	0.7898	
-0.2917	0.1385	0.7907	
-0.2925	0.1356	0.7889	
-0.2934	0.1374	0.7930	
-0.2919	0.1395	0.7921	
-0.2900	0.1382	0.7868	
-0.2921	0.1382	0.7911	
-0.2922	0.1398	0.7932	
-0.2908	0.1346	0.7843	
-0.2922	0.1334	0.7858	
-0.2914	0.1441	0.7965	
-0.2907	0.1406	0.7908	
-0.2926	0.1342	0.7876	
-0.2911	0.1458	0.7977	
-0.2923	0.1260	0.7774	
-0.2911	0.1513	0.8042	
-0.2927	0.1281	0.7807	
-0.2919	0.1390	0.7917	
-0.2923	0.1381	0.7914	
-0.2926	0.1357	0.7893	
-0.2919	0.1370	0.7893	
-0.2915	0.1487	0.8021	
-0.2929	0.1161	0.7672	
-0.2888	0.1679	0.8185	
-0.2912	0.1216	0.7700	
-0.2921	0.1562	0.8120	
-0.2909	0.1324	0.7818	
-0.2910	0.1375	0.7880	
-0.2916	0.1502	0.8041	
-0.2923	0.1247	0.7759	
-0.2910	0.1579	0.8116	
-0.2918	0.1182	0.7672	
-0.2908	0.1511	0.8034	
-0.2921	0.1380	0.7909	
-0.2920	0.1392	0.7921	
-0.2928	0.1342	0.7881	
-0.2921	0.1331	0.7853	
-0.2906	0.1517	0.8035	
-0.2922	0.1256	0.7769	
-0.2932	0.1447	0.8011	
-0.2932	0.1335	0.7880	
-0.2907	0.1427	0.7933	
-0.2914	0.1500	0.8032	
-0.2927	0.1282	0.7809	
-0.2935	0.1380	0.7938	
-0.2915	0.1347	0.7859	
-0.2926	0.1364	0.7900	
-0.2926	0.1445	0.7996	
-0.2914	0.1286	0.7786	
-0.2913	0.1525	0.8061	
-0.2916	0.1271	0.7773	
-0.2925	0.1483	0.8038	
-0.2909	0.1362	0.7863	
-0.2903	0.1442	0.7942	
-0.2931	0.1313	0.7853	
-0.2930	0.1374	0.7922	
-0.2920	0.1451	0.7989	
-0.2919	0.1248	0.7752	
-0.2920	0.1518	0.8068	
-0.2930	0.1237	0.7764	
-0.2911	0.1494	0.8019	
-0.2926	0.1315	0.7844	
-0.2907	0.1477	0.7992	
-0.2915	0.1280	0.7781	
-0.2936	0.1448	0.8021	
-0.2925	0.1170	0.7675	
-0.2922	0.1622	0.8194	
-0.2911	0.1263	0.7752	
-0.2907	0.1492	0.8009	
-0.2917	0.1381	0.7901	
-0.2921	0.1403	0.7935	
-0.2934	0.1323	0.7873	
-0.2929	0.1365	0.7908	
-0.2929	0.1358	0.7901	
-0.2906	0.1413	0.7916	
-0.2915	0.1363	0.7877	
-0.2918	0.1412	0.7939	
-0.2928	0.1428	0.7980	
-0.2928	0.1373	0.7915	
-0.2932	0.1284	0.7823	
-0.2930	0.1412	0.7965	
-0.2939	0.1366	0.7931	
-0.2915	0.1370	0.7885	
-0.2930	0.1359	0.7904	
-0.2929	0.1333	0.7873	
-0.2925	0.1467	0.8020	
-0.2929	0.1381	0.7928	
-0.2917	0.1215	0.7709	
-0.2918	0.1711	0.8287	
-0.2927	0.1243	0.7764	
-0.2920	0.1519	0.8069	
-0.2908	0.1419	0.7927	
-0.2915	0.1249	0.7746	
-0.2922	0.1578	0.8141	
-0.2923	0.1271	0.7788	
-0.2920	0.1485	0.8030	
-0.2920	0.1325	0.7844	
-0.2936	0.1349	0.7905	
-0.2923	0.1270	0.7785	
-0.2930	0.1504	0.8073	
-0.2937	0.1385	0.7951	
-0.2926	0.1290	0.7814	
-0.2922	0.1537	0.8093	
-0.2936	0.1216	0.7751	
-0.2908	0.1545	0.8072	
-0.2922	0.1273	0.7787	
-0.2925	0.1482	0.8037	
-0.2932	0.1180	0.7701	
-0.2922	0.1499	0.8050	
-0.2928	0.1286	0.7815	
-0.2933	0.1425	0.7988	
-0.2933	0.1292	0.7834	
-0.2936	0.1438	0.8009	
-0.2916	0.1431	0.7958	
-0.2921	0.1257	0.7765	
-0.2906	0.1598	0.8130	
-0.2925	0.1252	0.7770	
-0.2917	0.1565	0.8116	
-0.2919	0.1300	0.7813	
-0.2915	0.1357	0.7870	
-0.2939	0.1346	0.7908	
-0.2925	0.1401	0.7943	
-0.2910	0.1377	0.7883	
-0.2932	0.1344	0.7891	
-0.2937	0.1397	0.7964	
-0.2930	0.1344	0.7888	
-0.2940	0.1351	0.7918	
-0.2932	0.1325	0.7869	
-0.2930	0.1372	0.7919	
-0.2915	0.1448	0.7975	
-0.2929	0.1345	0.7885	
-0.2926	0.1406	0.7950	
-0.2925	0.1275	0.7796	
-0.2926	0.1423	0.7969	
-0.2935	0.1391	0.7953	
-0.2931	0.1324	0.7867	
-0.2943	0.1401	0.7982	
-0.2940	0.1308	0.7867	
-0.2931	0.1392	0.7944	
-0.2928	0.1426	0.7979	
-0.2931	0.1388	0.7939	
-0.2937	0.1394	0.7961	
-0.2930	0.1301	0.7838	
-0.2929	0.1385	0.7933	
-0.2926	0.1442	0.7993	
-0.2941	0.1230	0.7780	
-0.2927	0.1488	0.8048	
-0.2937	0.1285	0.7833	
-0.2933	0.1354	0.7905	
-0.2930	0.1424	0.7979	
-0.2919	0.1430	0.7964	
-0.2928	0.1461	0.8018	
-0.2927	0.1172	0.7682	
-0.2926	0.1603	0.8178	
-0.2929	0.1276	0.7806	
-0.2942	0.1253	0.7809	
-0.2927	0.1576	0.8149	
-0.2914	0.1262	0.7758	
-0.2933	0.1401	0.7960	
-0.2928	0.1425	0.7976	
-0.2918	0.1282	0.7789	
-0.2944	0.1462	0.8055	
-0.2916	0.1271	0.7772	
-0.2931	0.1588	0.8171	
-0.2923	0.1242	0.7755	
-0.2927	0.1459	0.8014	
-0.2924	0.1412	0.7954	
-0.2909	0.1302	0.7794	
-0.2928	0.1415	0.7966	
-0.2942	0.1330	0.7897	
-0.2940	0.1350	0.7915	
-0.2932	0.1361	0.7910	
-0.2925	0.1482	0.8036	
-0.2923	0.1327	0.7853	
-0.2936	0.1405	0.7971	
-0.2937	0.1310	0.7862	
-0.2932	0.1422	0.7982	
-0.2932	0.1294	0.7833	
-0.2937	0.1454	0.8031	
-0.2929	0.1190	0.7707	
-0.2914	0.1632	0.8188	
-0.2923	0.1184	0.7685	
-0.2931	0.1619	0.8208	
-0.2934	0.1223	0.7755	
-0.2937	0.1398	0.7965	
-0.2941	0.1318	0.7880	
-0.2923	0.1375	0.7909	
-0.2933	0.1431	0.7994	
-0.2934	0.1273	0.7813	
-0.2929	0.1493	0.8059	
-0.2916	0.1236	0.7732	
-0.2934	0.1473	0.8045	
-0.2935	0.1282	0.7826	
-0.2921	0.1571	0.8131	
-0.2923	0.1229	0.7738	
-0.2940	0.1434	0.8014	
-0.2934	0.1361	0.7917	
-0.2935	0.1329	0.7881	
-0.2928	0.1360	0.7902	
-0.2915	0.1383	0.7901	
-0.2939	0.1432	0.8008	
-0.2935	0.1326	0.7877	
-0.2934	0.1366	0.7922	
-0.2921	0.1355	0.7879	
-0.2927	0.1410	0.7957	
-0.2925	0.1397	0.7939	
-0.2937	0.1432	0.8004	
-0.2914	0.1300	0.7801	
-0.2936	0.1425	0.7995	
-0.2925	0.1276	0.7797	
-0.2932	0.1533	0.8109	
-0.2932	0.1280	0.7816	
-0.2935	0.1380	0.7940	
-0.2931	0.1335	0.7879	
-0.2911	0.1522	0.8053	
-0.2933	0.1324	0.7869	
-0.2923	0.1430	0.7972	
-0.2930	0.1346	0.7890	
-0.2938	0.1303	0.7858	
-0.2934	0.1455	0.8025	
-0.2929	0.1271	0.7800	
-0.2911	0.1502	0.8028	
-0.2937	0.1330	0.7887	
-0.2941	0.1299	0.7858	
-0.2928	0.1400	0.7948	
-0.2939	0.1347	0.7911	
-0.2930	0.1403	0.7955	
-0.2923	0.1331	0.7856	
-0.2935	0.1420	0.7987	
-0.2943	0.1286	0.7848	
-0.2935	0.1463	0.8036	
-0.2941	0.1255	0.7807	
-0.2945	0.1360	0.7939	
-0.2923	0.1439	0.7981	
-0.2929	0.1250	0.7776	
-0.2930	0.1428	0.7984	
-0.2929	0.1418	0.7970	
-0.2922	0.1329	0.7853	
-0.2940	0.1340	0.7904	
-0.2929	0.1411	0.7962	
-0.2926	0.1327	0.7859	
-0.2940	0.1426	0.8002	
-0.2921	0.1329	0.7851	
-0.2923	0.1440	0.7983	
-0.2933	0.1340	0.7890	
-0.2913	0.1402	0.7916	
-0.2939	0.1343	0.7906	
-0.2935	0.1423	0.7990	
-0.2943	0.1294	0.7856	
-0.2929	0.1430	0.7985	
-0.2926	0.1275	0.7799	
-0.2928	0.1477	0.8037	
-0.2921	0.1290	0.7805	
-0.2935	0.1474	0.8049	
-0.2927	0.1364	0.7903	
-0.2920	0.1353	0.7875	
-0.2919	0.1429	0.7961	
-0.2928	0.1329	0.7866	
-0.2925	0.1408	0.7952	
-0.2935	0.1298	0.7846	
-0.2931	0.1411	0.7966	
-0.2938	0.1367	0.7931	
-0.2937	0.1352	0.7911	
-0.2920	0.1303	0.7819	
-0.2927	0.1439	0.7991	
-0.2932	0.1304	0.7845	
-0.2936	0.1474	0.8050	
-0.2936	0.1301	0.7849	
-0.2932	0.1410	0.7969	
-0.2930	0.1231	0.7756	
-0.2923	0.1468	0.8016	
-0.2920	0.1351	0.7874	
-0.2920	0.1479	0.8021	
-0.2923	0.1273	0.7790	
-0.2929	0.1508	0.8076	
-0.2923	0.1302	0.7824	
-0.2928	0.1327	0.7863	
-0.2928	0.1375	0.7918	
-0.2938	0.1502	0.8088	
-0.2934	0.1225	0.7758	
-0.2931	0.1506	0.8078	
-0.2931	0.1297	0.7835	
-0.2931	0.1409	0.7965	
-0.2945	0.1372	0.7951	
-0.2931	0.1363	0.7910	
-0.2940	0.1320	0.7881	
-0.2931	0.1317	0.7858	
-0.2940	0.1449	0.8030	
-0.2939	0.1198	0.7737	
-0.2917	0.1706	0.8279	
-0.2924	0.1282	0.7802	
-0.2928	0.1466	0.8023	
-0.2915	0.1340	0.7849	
-0.2937	0.1313	0.7866	
-0.2925	0.1425	0.7970	
-0.2930	0.1269	0.7800	
-0.2929	0.1523	0.8093	
-0.2933	0.1250	0.7785	
-0.2932	0.1491	0.8062	
-0.2933	0.1307	0.7852	
-0.2931	0.1361	0.7909	
-0.2935	0.1418	0.7983	
-0.2935	0.1295	0.7842	
-0.2928	0.1476	0.8036	
-0.2928	0.1252	0.7775	
-0.2928	0.1548	0.8120	
-0.2932	0.1149	0.7666	
-0.2927	0.1600	0.8178	
-0.2917	0.1211	0.7706	
-0.2934	0.1480	0.8053	
-0.2934	0.1312	0.7858	
-0.2934	0.1278	0.7819	
-0.2926	0.1576	0.8148	
-0.2936	0.1264	0.7807	
-0.2927	0.1391	0.7936	
-0.2937	0.1304	0.7857	
-0.2929	0.1413	0.7965	
-0.2931	0.1355	0.7902	
-0.2934	0.1375	0.7931	
-0.2937	0.1358	0.7918	
-0.2911	0.1545	0.8079	
-0.2931	0.1181	0.7700	
-0.2941	0.1487	0.8078	
-0.2938	0.1275	0.7824	
-0.2940	0.1347	0.7911	
-0.2931	0.1405	0.7960	
-0.2946	0.1343	0.7920	
-0.2924	0.1262	0.7779	
-0.2927	0.1633	0.8217	
-0.2938	0.1186	0.7720	
-0.2924	0.1500	0.8056	
-0.2935	0.1238	0.7774	
-0.2936	0.1491	0.8070	
-0.2919	0.1309	0.7824	
-0.2940	0.1381	0.7951	
-0.2924	0.1302	0.7826	
-0.2929	0.1601	0.8183	
-0.2931	0.1210	0.7733	
-0.2925	0.1542	0.8105	
-0.2926	0.1242	0.7761	
-0.2940	0.1479	0.8064	
-0.2930	0.1231	0.7755	
-0.2927	0.1553	0.8123	
-0.2940	0.1277	0.7830	
-0.2940	0.1293	0.7850	
-0.2928	0.1436	0.7990	
-0.2942	0.1295	0.7857	
-0.2919	0.1523	0.8070	
-0.2931	0.1155	0.7671	
-0.2943	0.1526	0.8127	
-0.2931	0.1239	0.7768	
-0.2937	0.1452	0.8028	
-0.2923	0.1363	0.7893	
-0.2933	0.1474	0.8044	
-0.2930	0.1273	0.7804	
-0.2931	0.1416	0.7972	
-0.2937	0.1217	0.7754	
-0.2926	0.1584	0.8158	
-0.2914	0.1296	0.7796	
-0.2940	0.1376	0.7946	
-0.2924	0.1323	0.7851	
-0.2915	0.1518	0.8056	
-0.2939	0.1221	0.7764	
-0.2931	0.1475	0.8042	
-0.2936	0.1327	0.7881	
-0.2938	0.1409	0.7980	
-0.2943	0.1411	0.7992	
-0.2918	0.1246	0.7746	
-0.2926	0.1442	0.7992	
-0.2931	0.1347	0.7893	
-0.2937	0.1423	0.7992	
-0.2931	0.1368	0.7917	
-0.2936	0.1273	0.7816	
-0.2915	0.1472	0.8004	
-0.2931	0.1403	0.7957	
-0.2929	0.1382	0.7929	
-0.2935	0.1435	0.8003	
-0.2930	0.1249	0.7776	
-0.2927	0.1562	0.8133	
-0.2941	0.1250	0.7801	
-0.2910	0.1440	0.7955	
-0.2925	0.1402	0.7943	
-0.2935	0.1337	0.7889	
-0.2931	0.1360	0.7908	
-0.2930	0.1438	0.7995	
-0.2935	0.1251	0.7789	
-0.2942	0.1363	0.7935	
-0.2943	0.1406	0.7987	
-0.2943	0.1337	0.7906	
-0.2935	0.1265	0.7806	
-0.2925	0.1447	0.7996	
-0.2941	0.1257	0.7809	
-0.2932	0.1412	0.7971	
-0.2933	0.1460	0.8028	
-0.2932	0.1338	0.7885	
-0.2919	0.1248	0.7752	
-0.2925	0.1635	0.8213	
-0.2918	0.1218	0.7715	
-0.2945	0.1525	0.8130	
-0.2922	0.1250	0.7760	
-0.2921	0.1583	0.8144	
-0.2931	0.1296	0.7834	
-0.2936	0.1336	0.7892	
-0.2949	0.1367	0.7953	
-0.2927	0.1339	0.7876	
-0.2913	0.1554	0.8094	
-0.2933	0.1275	0.7813	
-0.2939	0.1371	0.7938	
-0.2947	0.1377	0.7962	
-0.2932	0.1296	0.7837	
-0.2916	0.1454	0.7984	
-0.2938	0.1287	0.7838	
-0.2942	0.1379	0.7954	
-0.2936	0.1291	0.7840	
-0.2937	0.1399	0.7965	
-0.2936	0.1290	0.7838	
-0.2934	0.1363	0.7918	
-0.2938	0.1393	0.7960	
-0.2922	0.1335	0.7859	
-0.2913	0.1461	0.7985	
-0.2922	0.1263	0.7775	
-0.2937	0.1490	0.8072	
-0.2940	0.1266	0.7817	
-0.2943	0.1448	0.8035	
-0.2925	0.1365	0.7902	
-0.2940	0.1189	0.7729	
-0.2928	0.1566	0.8140	
-0.2935	0.1219	0.7752	
-0.2934	0.1382	0.7939	
-0.2926	0.1383	0.7922	
-0.2938	0.1389	0.7957	
-0.2933	0.1361	0.7913	
-0.2932	0.1424	0.7984	
-0.2931	0.1201	0.7722	
-0.2936	0.1539	0.8127	
-0.2935	0.1212	0.7746	
-0.2931	0.1504	0.8074	
-0.2937	0.1217	0.7755	
-0.2939	0.1505	0.8093	
-0.2938	0.1281	0.7832	
-0.2939	0.1345	0.7907	
-0.2939	0.1293	0.7847	
-0.2929	0.1502	0.8069	
-0.2922	0.1347	0.7873	
-0.2933	0.1424	0.7987	
-0.2908	0.1217	0.7691	
-0.2921	0.1611	0.8178	
-0.2932	0.1350	0.7898	
-0.2947	0.1332	0.7911	
-0.2939	0.1321	0.7879	
-0.2936	0.1441	0.8014	
-0.2918	0.1260	0.7764	
-0.2947	0.1443	0.8038	
-0.2921	0.1337	0.7859	
-0.2928	0.1456	0.8013	
-0.2935	0.1250	0.7787	
-0.2927	0.1492	0.8053	
-0.2928	0.1257	0.7781	
-0.2935	0.1416	0.7982	
-0.2938	0.1354	0.7915	
-0.2935	0.1215	0.7749	
-0.2929	0.1533	0.8104	
-0.2933	0.1229	0.7760	
-0.2924	0.1484	0.8037	
-0.2931	0.1392	0.7946	
-0.2939	0.1392	0.7961	
-0.2936	0.1312	0.7862	
-0.2930	0.1422	0.7977	
-0.2935	0.1311	0.7860	
-0.2931	0.1380	0.7932	
0.4387	0.4479	
0.4183	0.4226	
0.3980	0.4001	
0.3779	0.3802	
0.3582	0.3615	
0.3388	0.3450	
0.3202	0.3303	
0.3040	0.3167	
0.2899	0.3035	
0.2784	0.2908	
0.2697	0.2785	
0.2636	0.2666	
0.2589	0.2550	
0.2549	0.2432	
0.2513	0.2316	
0.2480	0.2198	
0.2452	0.2078	
0.2425	0.1958	
0.2402	0.1839	
0.2381	0.1724	
0.2362	0.1617	
0.2345	0.1519	
0.2328	0.1433	
0.2314	0.1357	
0.2301	0.1292	
0.2288	0.1235	
0.2278	0.1186	
0.2267	0.1142	
0.2258	0.1102	
0.2251	0.1065	
0.2243	0.1030	
0.2236	0.0997	
0.2230	0.0965	
0.2224	0.0935	
0.2219	0.0907	
0.2213	0.0881	
0.2209	0.0857	
0.2204	0.0835	
0.2200	0.0814	
0.2197	0.0795	
0.2193	0.0777	
0.2190	0.0761	
0.2186	0.0746	
0.2183	0.0732	
0.2181	0.0719	
0.2177	0.0707	
0.2175	0.0697	
0.2173	0.0687	
0.2170	0.0678	
0.2168	0.0670	
0.2165	0.0663	
0.2164	0.0657	
0.2161	0.0652	
0.2159	0.0647	
0.2157	0.0643	
0.2155	0.0639	
0.2153	0.0636	
0.2151	0.0633	
0.2149	0.0630	
0.2147	0.0627	
0.2145	0.0625	
0.2144	0.0623	
0.2141	0.0621	
0.2138	0.0619	
0.2136	0.0618	
0.2133	0.0616	
0.2130	0.0614	
0.2128	0.0613	
0.2123	0.0611	
0.2121	0.0610	
0.2117	0.0608	
0.2114	0.0607	
0.2111	0.0606	
0.2107	0.0605	
0.2104	0.0604	
0.2101	0.0602	
0.2097	0.0601	
0.2094	0.0600	
0.2090	0.0599	
0.2087	0.0597	
0.2084	0.0597	
0.2081	0.0595	
0.2077	0.0595	
0.2074	0.0593	
0.2071	0.0592	
0.2068	0.0592	
0.2064	0.0591	
0.2061	0.0590	
0.2059	0.0589	
0.2055	0.0588	
0.2053	0.0587	
0.2050	0.0586	
0.2049	0.0586	
0.2046	0.0585	
0.2042	0.0584	
0.2040	0.0583	
0.2037	0.0583	
0.2035	0.0582	
0.2033	0.0581	
0.2030	0.0581	
0.2029	0.0580	
0.2026	0.0580	
0.2025	0.0578	
0.2024	0.0578	
0.2021	0.0577	
0.2019	0.0577	
0.2017	0.0576	
0.2016	0.0576	
0.2014	0.0575	
0.2015	0.0575	
0.2012	0.0574	
0.2012	0.0574	
0.2009	0.0573	
0.2008	0.0572	
0.2008	0.0573	
0.2007	0.0572	
0.2004	0.0571	
0.2003	0.0570	
0.2001	0.0570	
0.2001	0.0569	
0.2000	0.0569	
0.2000	0.0569	
0.1998	0.0568	
0.1998	0.0567	
0.1996	0.0568	
0.1995	0.0567	
0.1994	0.0566	
0.1994	0.0566	
0.1992	0.0565	
0.1992	0.0565	
0.1991	0.0564	
0.1991	0.0564	
0.1989	0.0564	
0.1988	0.0563	
0.1988	0.0563	
0.1987	0.0562	
0.1987	0.0562	
0.1986	0.0563	
0.1985	0.0562	
0.1985	0.0561	
0.1984	0.0560	
0.1983	0.0560	
0.1983	0.0560	
0.1983	0.0559	
0.1982	0.0559	
0.1985	0.0559	
0.1980	0.0558	
0.1982	0.0558	
0.1980	0.0558	
0.1982	0.0557	
0.1980	0.0557	
0.1980	0.0556	
0.1978	0.0556	
0.1977	0.0555	
0.1977	0.0555	
0.1977	0.0555	
0.1977	0.0555	
0.1976	0.0554	
0.1976	0.0554	
0.1976	0.0554	
0.1975	0.0553	
0.1975	0.0553	
0.1975	0.0552	
0.1974	0.0552	
0.1974	0.0552	
0.1975	0.0552	
0.1974	0.0551	
0.1975	0.0550	
0.1972	0.0550	
0.1972	0.0550	
0.1972	0.0550	
0.1972	0.0549	
0.1972	0.0549	
0.1971	0.0548	
0.1972	0.0548	
0.1971	0.0548	
0.1971	0.0547	
0.1970	0.0547	
0.1970	0.0547	
0.1970	0.0547	
0.1970	0.0546	
0.1970	0.0545	
0.1969	0.0545	
0.1969	0.0544	
0.1968	0.0545	
0.1971	0.0545	
0.1967	0.0544	
0.1969	0.0543	
0.1967	0.0543	
0.1968	0.0542	
0.1967	0.0542	
0.1967	0.0541	
0.1967	0.0541	
0.1967	0.0540	
0.1966	0.0540	
0.1966	0.0539	
0.1966	0.0538	
0.1966	0.0538	
0.1966	0.0537	
0.1966	0.0538	
0.1966	0.0537	
0.1966	0.0537	
0.1965	0.0535	
0.1965	0.0534	
0.1964	0.0534	
0.1966	0.0535	
0.1966	0.0534	
0.1964	0.0532	
0.1964	0.0531	
0.1964	0.0530	
0.1963	0.0530	
0.1964	0.0529	
0.1965	0.0529	
0.1963	0.0528	
0.1963	0.0528	
0.1962	0.0527	
0.1962	0.0527	
0.1962	0.0526	
0.1962	0.0526	
0.1963	0.0525	
0.1963	0.0525	
0.1962	0.0524	
0.1962	0.0524	
0.1961	0.0524	
0.1961	0.0523	
0.1964	0.0523	
0.1965	0.0524	
0.1963	0.0522	
0.1962	0.0522	
0.1961	0.0522	
0.1960	0.0522	
0.1960	0.0521	
0.1960	0.0520	
0.1960	0.0519	
0.1960	0.0519	
0.1960	0.0518	
0.1959	0.0519	
0.1959	0.0518	
0.1959	0.0518	
0.1960	0.0517	
0.1959	0.0517	
0.1960	0.0517	
0.1958	0.0517	
0.1959	0.0516	
0.1959	0.0516	
0.1959	0.0516	
0.1958	0.0515	
0.1959	0.0515	
0.1958	0.0515	
0.1959	0.0515	
0.1958	0.0515	
0.1959	0.0514	
0.1961	0.0514	
0.1957	0.0514	
0.1959	0.0514	
0.1958	0.0513	
0.1958	0.0513	
0.1958	0.0512	
0.1957	0.0512	
0.1958	0.0511	
0.1956	0.0510	
0.1958	0.0510	
0.1957	0.0509	
0.1958	0.0508	
0.1957	0.0507	
0.1957	0.0507	
0.1957	0.0507	
0.1957	0.0505	
0.1957	0.0505	
0.1956	0.0505	
0.1959	0.0504	
0.1956	0.0503	
0.1958	0.0503	
0.1956	0.0503	
0.1958	0.0502	
0.1957	0.0502	
0.1957	0.0501	
0.1958	0.0502	
0.1956	0.0502	
0.1956	0.0501	
0.1956	0.0500	
0.1955	0.0501	
0.1956	0.0498	
0.1955	0.0499	
0.1956	0.0498	
0.1956	0.0498	
0.1956	0.0497	
0.1957	0.0497	
0.1956	0.0496	
0.1955	0.0496	
0.1955	0.0496	
0.1955	0.0495	
0.1955	0.0495	
0.1956	0.0495	
0.1956	0.0495	
0.1956	0.0494	
0.1955	0.0494	
0.1954	0.0494	
0.1956	0.0494	
0.1954	0.0493	
0.1955	0.0493	
0.1954	0.0493	
0.1955	0.0493	
0.1954	0.0492	
0.1955	0.0492	
0.1955	0.0491	
0.1954	0.0491	
0.1954	0.0491	
0.1954	0.0491	
0.1954	0.0490	
0.1954	0.0490	
0.1954	0.0490	
0.1955	0.0489	
0.1954	0.0490	
0.1955	0.0492	
0.1955	0.0490	
0.1955	0.0490	
0.1955	0.0489	
0.1955	0.0489	
0.1954	0.0488	
0.1955	0.0489	
0.1953	0.0489	
0.1955	0.0488	
0.1953	0.0488	
0.1954	0.0487	
0.1954	0.0488	
0.1953	0.0487	
0.1953	0.0487	
0.1955	0.0487	
0.1954	0.0486	
0.1954	0.0486	
0.1954	0.0486	
0.1955	0.0486	
0.1954	0.0486	
0.1956	0.0485	
0.1954	0.0485	
0.1954	0.0485	
0.1953	0.0485	
0.1954	0.0485	
0.1954	0.0485	
0.1953	0.0485	
0.1954	0.0485	
0.1954	0.0484	
0.1953	0.0484	
0.1955	0.0485	
0.1954	0.0484	
0.1953	0.0484	
0.1953	0.0484	
0.1954	0.0485	
0.1954	0.0484	
0.1952	0.0484	
0.1953	0.0483	
0.1953	0.0483	
0.1954	0.0483	
0.1953	0.0483	
0.1954	0.0483	
0.1953	0.0484	
0.1953	0.0483	
0.1953	0.0482	
0.1953	0.0482	
0.1953	0.0482	
0.1952	0.0482	
0.1953	0.0482	
0.1956	0.0482	
0.1955	0.0482	
0.1953	0.0481	
0.1953	0.0481	
0.1956	0.0481	
0.1952	0.0481	
0.1954	0.0482	
0.1954	0.0481	
0.1953	0.0481	
0.1954	0.0480	
0.1953	0.0481	
0.1953	0.0480	
0.1953	0.0481	
0.1953	0.0480	
0.1953	0.0480	
0.1954	0.0480	
0.1952	0.0480	
0.1953	0.0480	
0.1952	0.0480	
0.1953	0.0479	
0.1952	0.0479	
0.1953	0.0479	
0.1952	0.0479	
0.1952	0.0479	
0.1952	0.0479	
0.1953	0.0479	
0.1952	0.0479	
0.1952	0.0479	
0.1953	0.0479	
0.1953	0.0478	
0.1953	0.0478	
0.1953	0.0479	
0.1953	0.0478	
0.1953	0.0479	
0.1952	0.0478	
0.1952	0.0478	
0.1952	0.0478	
0.1952	0.0478	
0.1952	0.0478	
0.1953	0.0478	
0.1953	0.0478	
0.1952	0.0478	
0.1953	0.0478	
0.1954	0.0477	
0.1952	0.0478	
0.1953	0.0477	
0.1954	0.0477	
0.1953	0.0477	
0.1952	0.0477	
0.1952	0.0478	
0.1952	0.0477	
0.1952	0.0477	
0.1953	0.0477	
0.1952	0.0477	
0.1952	0.0477	
0.1952	0.0477	
0.1952	0.0477	
0.1952	0.0476	
0.1952	0.0477	
0.1952	0.0477	
0.1951	0.0476	
0.1952	0.0477	
0.1952	0.0476	
0.1954	0.0477	
0.1952	0.0476	
0.1952	0.0476	
0.1952	0.0476	
0.1952	0.0476	
0.1952	0.0476	
0.1952	0.0476	
0.1952	0.0476	
0.1952	0.0476	
0.1952	0.0476	
0.1952	0.0476	
0.1952	0.0476	
0.1952	0.0476	
0.1953	0.0476	
0.1952	0.0475	
0.1952	0.0476	
0.1952	0.0476	
0.1952	0.0476	
0.1953	0.0475	
0.1951	0.0475	
0.1952	0.0475	
0.1952	0.0475	
0.1954	0.0475	
0.1952	0.0475	
0.1953	0.0476	
0.1951	0.0475	
0.1952	0.0475	
0.1952	0.0475	
0.1953	0.0476	
0.1952	0.0476	
0.1952	0.0475	
0.1952	0.0475	
0.1952	0.0474	
0.1952	0.0475	
0.1951	0.0474	
0.1952	0.0474	
0.1953	0.0474	
0.1953	0.0475	
0.1953	0.0475	
0.1951	0.0474	
0.1952	0.0474	
0.1951	0.0474	
0.1953	0.0475	
0.1951	0.0474	
0.1952	0.0474	
0.1951	0.0474	
0.1951	0.0474	
0.1952	0.0474	
0.1951	0.0474	
0.1951	0.0474	
0.1952	0.0474	
0.1952	0.0474	
0.1951	0.0474	
0.1952	0.0473	
0.1951	0.0475	
0.1952	0.0474	
0.1952	0.0474	
0.1952	0.0473	
0.1952	0.0475	
0.1953	0.0474	
0.1952	0.0473	
0.1953	0.0473	
0.1953	0.0474	
0.1952	0.0473	
0.1952	0.0473	
0.1952	0.0473	
0.1952	0.0473	
0.1952	0.0473	
0.1951	0.0473	
0.1951	0.0473	
0.1951	0.0473	
0.1951	0.0473	
0.1952	0.0473	
0.1953	0.0473	
0.1951	0.0473	
0.1952	0.0474	
0.1951	0.0473	
0.1951	0.0473	
0.1952	0.0473	
0.1952	0.0472	
0.1951	0.0473	
0.1952	0.0473	
0.1952	0.0473	
0.1952	0.0472	
0.1951	0.0473	
0.1951	0.0473	
0.1952	0.0472	
0.1953	0.0473	
0.1951	0.0473	
0.1951	0.0472	
0.1951	0.0472	
0.1952	0.0472	
0.1952	0.0473	
0.1951	0.0472	
0.1952	0.0472	
0.1951	0.0472	
0.1952	0.0472	
0.1951	0.0472	
0.1952	0.0472	
0.1952	0.0472	
0.1951	0.0472	
0.1951	0.0472	
0.1951	0.0472	
0.1952	0.0472	
0.1951	0.0472	
0.1951	0.0472	
0.1953	0.0472	
0.1951	0.0472	
0.1952	0.0472	
0.1951	0.0472	
0.1951	0.0472	
0.1952	0.0472	
0.1951	0.0472	
0.1952	0.0472	
0.1953	0.0472	
0.1952	0.0472	
0.1951	0.0472	
0.1952	0.0472	
0.1951	0.0472	
0.1952	0.0472	
0.1952	0.0472	
0.1955	0.0474	
0.1951	0.0474	
0.1952	0.0472	
0.1951	0.0472	
0.1951	0.0472	
0.1951	0.0471	
0.1951	0.0472	
0.1952	0.0472	
0.1951	0.0472	
0.1952	0.0471	
0.1951	0.0471	
0.1951	0.0471	
0.1952	0.0472	
0.1951	0.0472	
0.1951	0.0472	
0.1952	0.0471	
0.1951	0.0471	
0.1952	0.0471	
0.1951	0.0471	
0.1951	0.0471	
0.1951	0.0472	
0.1953	0.0474	
0.1951	0.0474	
0.1951	0.0472	
0.1951	0.0472	
0.1951	0.0471	
0.1951	0.0471	
0.1952	0.0471	
0.1951	0.0471	
0.1951	0.0471	
0.1951	0.0471	
0.1952	0.0471	
0.1952	0.0471	
0.1952	0.0471	
0.1951	0.0472	
0.1951	0.0472	
0.1952	0.0471	
0.1951	0.0471	
0.1951	0.0471	
0.1951	0.0471	
0.1951	0.0471	
0.1951	0.0471	
0.1951	0.0471	
0.1951	0.0471	
0.1952	0.0471	
0.1951	0.0471	
0.1951	0.0471	
0.1951	0.0471	
0.1952	0.0471	
0.1951	0.0471	
0.1951	0.0471	
0.1951	0.0471	
0.1951	0.0471	
0.1951	0.0471	
0.1951	0.0471	
0.1951	0.0471	
0.1951	0.0471	
0.1951	0.0471	
0.1951	0.0471	
0.1951	0.0471	
0.1952	0.0471	
0.1951	0.0470	
0.1951	0.0470	
0.1952	0.0471	
0.1951	0.0470	
0.1951	0.0470	
0.1951	0.0470	
0.1951	0.0470	
0.1950	0.0471	
0.1951	0.0470	
0.1951	0.0470	
0.1951	0.0470	
0.1951	0.0471	
0.1951	0.0470	
0.1952	0.0470	
0.1951	0.0470	
0.1951	0.0470	
0.1951	0.0470	
0.1951	0.0470	
0.1952	0.0470	
0.1951	0.0470	
0.1951	0.0470	
0.1951	0.0470	
0.1951	0.0470	
0.1951	0.0470	
0.1951	0.0470	
0.1951	0.0470	
0.1951	0.0471	
0.1951	0.0470	
0.1951	0.0470	
0.1950	0.0470	
0.1951	0.0470	
0.1951	0.0470	
0.1951	0.0470	
0.1951	0.0470	
0.1951	0.0470	
0.1951	0.0470	
0.1951	0.0470	
0.1951	0.0471	
0.1951	0.0471	
0.1952	0.0470	
0.1950	0.0470	
0.1951	0.0470	
0.1951	0.0470	
0.1951	0.0470	
0.1952	0.0470	
0.1951	0.0470	
0.1951	0.0470	
0.1951	0.0471	
0.1951	0.0472	
0.1952	0.0472	
0.1951	0.0470	
0.1952	0.0470	
0.1951	0.0470	
0.1951	0.0470	
0.1950	0.0470	
0.1951	0.0470	
0.1950	0.0469	
0.1951	0.0470	
0.1951	0.0470	
0.1951	0.0469	
0.1951	0.0470	
0.1950	0.0470	
0.1951	0.0471	
0.1952	0.0470	
0.1951	0.0470	
0.1951	0.0470	
0.1951	0.0469	
0.1950	0.0469	
0.1951	0.0470	
0.1950	0.0470	
0.1951	0.0470	
0.1950	0.0470	
0.1950	0.0469	
0.1950	0.0469	
0.1950	0.0469	
0.1950	0.0469	
0.1951	0.0469	
0.1950	0.0470	
0.1951	0.0470	
0.1951	0.0470	
0.1951	0.0470	
0.1951	0.0471	
0.1951	0.0469	
0.1950	0.0470	
0.1951	0.0471	
0.1950	0.0469	
0.1951	0.0469	
0.1950	0.0470	
0.1951	0.0469	
0.1951	0.0469	
0.1950	0.0469	
0.1951	0.0469	
0.1950	0.0469	
0.1950	0.0469	
0.1950	0.0469	
0.1950	0.0469	
0.1951	0.0469	
0.1951	0.0470	
0.1950	0.0469	
0.1950	0.0469	
0.1950	0.0470	
0.1951	0.0470	
0.1950	0.0470	
0.1950	0.0470	
0.1950	0.0469	
0.1950	0.0469	
0.1950	0.0469	
0.1950	0.0469	
0.1951	0.0469	
0.1950	0.0469	
0.1950	0.0469	
0.1951	0.0470	
0.1950	0.0469	
0.1951	0.0469	
0.1951	0.0469	
0.1950	0.0469	
0.1950	0.0469	
0.1950	0.0469	
0.1951	0.0469	
0.1951	0.0469	
0.1951	0.0469	
0.1951	0.0469	
0.1950	0.0469	
0.1950	0.0470	
0.1951	0.0469	
0.1951	0.0469	
0.1950	0.0468	
0.1950	0.0469	
0.1950	0.0469	
0.1950	0.0469	
0.1950	0.0469	
0.1950	0.0469	
0.1950	0.0469	
0.1950	0.0469	
0.1950	0.0469	
0.1950	0.0469	
0.1950	0.0469	
0.1950	0.0469	
0.1950	0.0468	
0.1951	0.0469	
0.1950	0.0469	
0.1950	0.0468	
0.1950	0.0468	
0.1950	0.0469	
0.1950	0.0469	
0.1950	0.0469	
0.1950	0.0469	
0.1950	0.0469	
0.1950	0.0469	
0.1950	0.0469	
0.1950	0.0469	
0.1950	0.0468	
0.1951	0.0468	
0.1950	0.0468	
0.1950	0.0468	
0.1951	0.0468	
0.1950	0.0469	
0.1950	0.0469	
0.1950	0.0468	
0.1950	0.0469	
0.1950	0.0469	
0.1950	0.0468	
0.1951	0.0469	
0.1950	0.0469	
0.1950	0.0468	
0.1950	0.0468	
0.1950	0.0468	
0.1950	0.0468	
0.1950	0.0468	
0.1950	0.0469	
0.1950	0.0468	
0.1950	0.0468	
0.1950	0.0469	
0.1950	0.0468	
0.1950	0.0469	
0.1951	0.0468	
0.1951	0.0468	
0.1950	0.0468	
0.1950	0.0468	
0.1950	0.0468	
0.1950	0.0468	
0.1950	0.0468	
0.1952	0.0468	
0.1950	0.0468	
0.1950	0.0468	
0.1950	0.0468	
0.1950	0.0468	
0.1950	0.0468	
0.1950	0.0468	
0.1950	0.0468	
0.1949	0.0468	
0.1950	0.0468	
0.1950	0.0468	
0.1950	0.0469	
0.1949	0.0468	
0.1950	0.0468	
0.1950	0.0468	
0.1950	0.0468	
0.1950	0.0468	
0.1951	0.0468	
0.1950	0.0468	
0.1950	0.0468	
0.1951	0.0469	
0.1951	0.0471	
0.1950	0.0469	
0.1949	0.0468	
0.1950	0.0468	
0.1950	0.0468	
0.1950	0.0468	
0.1950	0.0468	
0.1950	0.0469	
0.1950	0.0468	
0.1950	0.0468	
0.1950	0.0468	
0.1950	0.0468	
0.1949	0.0468	
0.1950	0.0468	
0.1950	0.0468	
0.1950	0.0468	
0.1950	0.0468	
0.1950	0.0468	
0.1950	0.0468	
0.1950	0.0468	
0.1949	0.0468	
0.1950	0.0468	
0.1949	0.0468	
0.1950	0.0468	
0.1950	0.0468	
0.1950	0.0468	
0.1950	0.0468	
0.1950	0.0468	
0.1951	0.0468	
0.1950	0.0468	
0.1950	0.0468	
0.1949	0.0468	
0.1950	0.0469	
0.1950	0.0468	
0.1950	0.0468	
0.1950	0.0467	
0.1951	0.0468	
0.1950	0.0468	
0.1950	0.0467	
0.1949	0.0468	
0.1949	0.0468	
0.1950	0.0468	
0.1950	0.0468	
0.1951	0.0468	
0.1950	0.0468	
0.1950	0.0468	
0.1950	0.0468	
0.1950	0.0468	
0.1950	0.0468	
0.1949	0.0468	
0.1949	0.0468	
0.1950	0.0468	
0.1950	0.0468	
0.1950	0.0468	
0.1950	0.0468	
0.1950	0.0469	
0.1949	0.0468	
0.1950	0.0469	
0.1950	0.0467	
0.1950	0.0468	
0.1950	0.0468	
0.1950	0.0468	
0.1949	0.0468	
0.1950	0.0468	
0.1950	0.0468	
0.1950	0.0468	
0.1949	0.0467	
0.1950	0.0468	
0.1950	0.0467	
0.1949	0.0467	
0.1950	0.0467	
0.1949	0.0468	
0.1949	0.0468	
0.1950	0.0467	
0.1951	0.0468	
0.1950	0.0467	
0.1949	0.0467	
0.1949	0.0467	
0.1950	0.0468	
0.1949	0.0467	
0.1949	0.0468	
0.1950	0.0467	
0.1950	0.0467	
0.1950	0.0467	
0.1950	0.0467	
0.1950	0.0467	
0.1950	0.0467	
0.1949	0.0467	
0.1949	0.0468	
0.1949	0.0467	
0.1949	0.0467	
0.1950	0.0467	
0.1949	0.0468	
0.1950	0.0467	
0.1949	0.0467	
0.1950	0.0468	
0.1949	0.0467	
0.1951	0.0467	
0.1950	0.0468	
0.1949	0.0468	
0.1949	0.0467	
0.1949	0.0467	
0.1949	0.0467	
0.1950	0.0467	
0.1949	0.0467	
0.1949	0.0468	
0.1950	0.0467	
0.1949	0.0467	
0.1949	0.0467	
0.1950	0.0467	
0.1950	0.0467	
0.1950	0.0468	
0.1950	0.0467	
0.1949	0.0467	
0.1951	0.0467	
0.1949	0.0467	
0.1950	0.0467	
0.1949	0.0467	
0.1949	0.0467	
0.1949	0.0467	
0.1949	0.0467	
0.1949	0.0467	
0.1949	0.0467	
0.1949	0.0467	
0.1950	0.0469	
0.1949	0.0468	
0.1949	0.0467	
0.1949	0.0467	
0.1949	0.0467	
0.1949	0.0467	
0.1950	0.0467	
0.1949	0.0467	
0.1950	0.0467	
0.1949	0.0467	
0.1949	0.0467	
0.1949	0.0467	
0.1949	0.0467	
0.1949	0.0467	
0.1950	0.0467	
0.1950	0.0467	
0.1950	0.0467	
0.1949	0.0467	
0.1949	0.0467	
0.1949	0.0467	
0.1949	0.0467	
0.1949	0.0467	
0.1949	0.0467	
0.1950	0.0467	
0.1949	0.0467	
0.1949	0.0467	
0.1949	0.0467	
0.1950	0.0467	
0.1949	0.0467	
0.1949	0.0467	
0.1949	0.0467	
0.1949	0.0467	
0.1949	0.0467	
0.1949	0.0467	
0.1949	0.0467	
0.1949	0.0467	
0.1949	0.0467	
0.1949	0.0467	
0.1950	0.0467	
0.1949	0.0467	
0.1949	0.0467	
0.1949	0.0467	
0.1949	0.0467	
0.1949	0.0467	
0.1949	0.0467	
0.1950	0.0467	
0.1949	0.0467	
0.1950	0.0467	
0.1949	0.0467	
0.1949	0.0467	
0.1949	0.0467	
0.1950	0.0467	
0.1949	0.0466	
0.1949	0.0467	
0.1949	0.0467	
0.1950	0.0467	
0.1951	0.0468	
0.1949	0.0467	
0.1949	0.0466	
0.1949	0.0467	
0.1949	0.0467	
0.1949	0.0467	
0.1949	0.0467	
0.1950	0.0467	
0.1949	0.0467	
