Loss_Adversary	Loss_Target	
-0.0025	0.1364	0.1643	
-0.0069	0.1032	0.1351	
-0.0089	0.0788	0.1110	
-0.0120	0.0702	0.1077	
-0.0156	0.0743	0.1203	
-0.0198	0.0875	0.1448	
-0.0246	0.0905	0.1586	
-0.0352	0.0570	0.1427	
-0.0659	0.0145	0.1595	
-0.1011	0.0345	0.2589	
-0.1248	0.0649	0.3457	
-0.1452	0.0745	0.4010	
-0.1654	0.0776	0.4483	
-0.1794	0.0902	0.4933	
-0.1892	0.1081	0.5354	
-0.1959	0.1281	0.5732	
-0.2018	0.1450	0.6057	
-0.2077	0.1552	0.6303	
-0.2129	0.1605	0.6478	
-0.2160	0.1667	0.6617	
-0.2185	0.1662	0.6666	
-0.2242	0.1510	0.6611	
-0.2269	0.1375	0.6512	
-0.2294	0.1242	0.6411	
-0.2319	0.1174	0.6387	
-0.2337	0.1238	0.6499	
-0.2373	0.1255	0.6598	
-0.2386	0.1258	0.6629	
-0.2403	0.1242	0.6648	
-0.2423	0.1232	0.6680	
-0.2417	0.1263	0.6702	
-0.2427	0.1258	0.6718	
-0.2429	0.1264	0.6729	
-0.2434	0.1257	0.6732	
-0.2443	0.1228	0.6719	
-0.2418	0.1260	0.6702	
-0.2441	0.1201	0.6682	
-0.2440	0.1199	0.6677	
-0.2446	0.1174	0.6662	
-0.2432	0.1216	0.6679	
-0.2443	0.1179	0.6662	
-0.2442	0.1178	0.6657	
-0.2446	0.1162	0.6647	
-0.2449	0.1148	0.6637	
-0.2451	0.1142	0.6635	
-0.2452	0.1130	0.6624	
-0.2447	0.1142	0.6627	
-0.2447	0.1145	0.6630	
-0.2449	0.1156	0.6646	
-0.2444	0.1163	0.6643	
-0.2457	0.1135	0.6641	
-0.2448	0.1148	0.6635	
-0.2457	0.1151	0.6658	
-0.2446	0.1154	0.6638	
-0.2435	0.1174	0.6638	
-0.2448	0.1130	0.6614	
-0.2449	0.1124	0.6610	
-0.2448	0.1128	0.6612	
-0.2445	0.1140	0.6619	
-0.2450	0.1147	0.6638	
-0.2447	0.1135	0.6619	
-0.2437	0.1145	0.6608	
-0.2439	0.1149	0.6616	
-0.2456	0.1120	0.6621	
-0.2446	0.1135	0.6617	
-0.2451	0.1117	0.6605	
-0.2459	0.1114	0.6619	
-0.2457	0.1116	0.6618	
-0.2459	0.1111	0.6617	
-0.2462	0.1105	0.6616	
-0.2453	0.1120	0.6615	
-0.2448	0.1129	0.6613	
-0.2457	0.1100	0.6599	
-0.2449	0.1117	0.6600	
-0.2462	0.1106	0.6618	
-0.2459	0.1128	0.6637	
-0.2457	0.1117	0.6618	
-0.2463	0.1094	0.6605	
-0.2466	0.1097	0.6615	
-0.2456	0.1126	0.6628	
-0.2458	0.1117	0.6622	
-0.2460	0.1104	0.6610	
-0.2465	0.1091	0.6605	
-0.2446	0.1136	0.6616	
-0.2456	0.1109	0.6608	
-0.2461	0.1110	0.6620	
-0.2461	0.1123	0.6635	
-0.2459	0.1123	0.6631	
-0.2453	0.1128	0.6623	
-0.2466	0.1117	0.6640	
-0.2457	0.1147	0.6653	
-0.2455	0.1131	0.6632	
-0.2462	0.1120	0.6635	
-0.2464	0.1121	0.6639	
-0.2468	0.1095	0.6617	
-0.2447	0.1148	0.6634	
-0.2466	0.1113	0.6635	
-0.2466	0.1104	0.6624	
-0.2464	0.1111	0.6628	
-0.2457	0.1134	0.6637	
-0.2454	0.1151	0.6652	
-0.2465	0.1128	0.6648	
-0.2467	0.1122	0.6646	
-0.2457	0.1123	0.6627	
-0.2451	0.1149	0.6643	
-0.2451	0.1159	0.6653	
-0.2451	0.1152	0.6647	
-0.2458	0.1133	0.6639	
-0.2470	0.1120	0.6651	
-0.2458	0.1149	0.6659	
-0.2460	0.1148	0.6662	
-0.2465	0.1158	0.6683	
-0.2455	0.1188	0.6698	
-0.2456	0.1164	0.6673	
-0.2454	0.1149	0.6649	
-0.2461	0.1153	0.6669	
-0.2457	0.1167	0.6677	
-0.2470	0.1145	0.6679	
-0.2462	0.1164	0.6685	
-0.2474	0.1152	0.6697	
-0.2465	0.1169	0.6697	
-0.2457	0.1182	0.6695	
-0.2470	0.1140	0.6675	
-0.2468	0.1130	0.6657	
-0.2466	0.1143	0.6668	
-0.2456	0.1174	0.6683	
-0.2461	0.1183	0.6705	
-0.2462	0.1157	0.6676	
-0.2451	0.1171	0.6670	
-0.2465	0.1153	0.6678	
-0.2457	0.1175	0.6687	
-0.2466	0.1165	0.6695	
-0.2460	0.1172	0.6691	
-0.2469	0.1151	0.6685	
-0.2456	0.1171	0.6680	
-0.2470	0.1154	0.6689	
-0.2455	0.1196	0.6706	
-0.2458	0.1186	0.6702	
-0.2464	0.1178	0.6705	
-0.2461	0.1207	0.6732	
-0.2460	0.1181	0.6700	
-0.2450	0.1199	0.6701	
-0.2477	0.1162	0.6715	
-0.2475	0.1180	0.6732	
-0.2465	0.1197	0.6729	
-0.2467	0.1193	0.6729	
-0.2456	0.1204	0.6718	
-0.2457	0.1203	0.6718	
-0.2476	0.1166	0.6718	
-0.2471	0.1160	0.6700	
-0.2465	0.1188	0.6718	
-0.2458	0.1186	0.6702	
-0.2447	0.1227	0.6725	
-0.2462	0.1206	0.6735	
-0.2467	0.1200	0.6738	
-0.2470	0.1188	0.6729	
-0.2473	0.1204	0.6755	
-0.2473	0.1204	0.6755	
-0.2472	0.1213	0.6764	
-0.2455	0.1246	0.6765	
-0.2459	0.1224	0.6749	
-0.2463	0.1201	0.6731	
-0.2474	0.1177	0.6726	
-0.2465	0.1209	0.6744	
-0.2466	0.1217	0.6756	
-0.2460	0.1247	0.6778	
-0.2468	0.1228	0.6771	
-0.2464	0.1220	0.6755	
-0.2470	0.1221	0.6769	
-0.2464	0.1250	0.6788	
-0.2476	0.1206	0.6764	
-0.2461	0.1238	0.6769	
-0.2461	0.1230	0.6758	
-0.2472	0.1200	0.6748	
-0.2466	0.1223	0.6761	
-0.2468	0.1215	0.6758	
-0.2476	0.1219	0.6778	
-0.2466	0.1244	0.6786	
-0.2471	0.1232	0.6783	
-0.2470	0.1240	0.6791	
-0.2468	0.1232	0.6777	
-0.2453	0.1271	0.6789	
-0.2468	0.1254	0.6802	
-0.2474	0.1247	0.6807	
-0.2476	0.1238	0.6801	
-0.2472	0.1242	0.6797	
-0.2462	0.1258	0.6794	
-0.2465	0.1254	0.6797	
-0.2456	0.1280	0.6806	
-0.2469	0.1260	0.6812	
-0.2469	0.1249	0.6799	
-0.2471	0.1260	0.6816	
-0.2469	0.1263	0.6814	
-0.2470	0.1241	0.6791	
-0.2474	0.1245	0.6805	
-0.2472	0.1256	0.6813	
-0.2463	0.1257	0.6795	
-0.2481	0.1232	0.6804	
-0.2459	0.1292	0.6826	
-0.2464	0.1262	0.6803	
-0.2473	0.1238	0.6795	
-0.2467	0.1256	0.6803	
-0.2467	0.1280	0.6830	
-0.2472	0.1276	0.6836	
-0.2478	0.1266	0.6837	
-0.2465	0.1305	0.6856	
-0.2469	0.1278	0.6833	
-0.2471	0.1275	0.6833	
-0.2474	0.1260	0.6822	
-0.2475	0.1258	0.6823	
-0.2471	0.1273	0.6830	
-0.2474	0.1294	0.6862	
-0.2465	0.1298	0.6846	
-0.2466	0.1266	0.6812	
-0.2457	0.1305	0.6838	
-0.2472	0.1282	0.6843	
-0.2453	0.1310	0.6836	
-0.2469	0.1284	0.6839	
-0.2471	0.1275	0.6834	
-0.2467	0.1316	0.6872	
-0.2482	0.1298	0.6884	
-0.2477	0.1273	0.6845	
-0.2464	0.1281	0.6825	
-0.2470	0.1291	0.6850	
-0.2470	0.1283	0.6841	
-0.2469	0.1282	0.6836	
-0.2478	0.1290	0.6867	
-0.2470	0.1325	0.6889	
-0.2464	0.1311	0.6860	
-0.2473	0.1275	0.6838	
-0.2460	0.1314	0.6855	
-0.2472	0.1310	0.6876	
-0.2476	0.1288	0.6858	
-0.2460	0.1321	0.6864	
-0.2445	0.1354	0.6868	
-0.2467	0.1326	0.6883	
-0.2475	0.1313	0.6886	
-0.2471	0.1319	0.6885	
-0.2463	0.1328	0.6878	
-0.2468	0.1306	0.6864	
-0.2469	0.1304	0.6864	
-0.2463	0.1318	0.6866	
-0.2468	0.1301	0.6857	
-0.2463	0.1302	0.6848	
-0.2469	0.1302	0.6861	
-0.2468	0.1317	0.6877	
-0.2459	0.1345	0.6889	
-0.2465	0.1323	0.6877	
-0.2469	0.1315	0.6876	
-0.2471	0.1297	0.6858	
-0.2480	0.1273	0.6851	
-0.2469	0.1310	0.6869	
-0.2455	0.1330	0.6864	
-0.2473	0.1311	0.6880	
-0.2474	0.1320	0.6892	
-0.2458	0.1344	0.6887	
-0.2473	0.1329	0.6900	
-0.2478	0.1296	0.6873	
-0.2482	0.1297	0.6883	
-0.2463	0.1326	0.6876	
-0.2467	0.1321	0.6879	
-0.2466	0.1328	0.6884	
-0.2479	0.1299	0.6877	
-0.2470	0.1314	0.6876	
-0.2478	0.1321	0.6903	
-0.2494	0.1353	0.6974	
-0.2509	0.1444	0.7112	
-0.2537	0.1427	0.7153	
-0.2563	0.1513	0.7310	
-0.2604	0.1416	0.7286	
-0.2619	0.1514	0.7432	
-0.2650	0.1516	0.7501	
-0.2656	0.1490	0.7484	
-0.2671	0.1489	0.7515	
-0.2658	0.1551	0.7559	
-0.2670	0.1516	0.7544	
-0.2668	0.1581	0.7615	
-0.2676	0.1506	0.7546	
-0.2673	0.1543	0.7583	
-0.2673	0.1416	0.7435	
-0.2684	0.1553	0.7619	
-0.2673	0.1571	0.7615	
-0.2685	0.1509	0.7567	
-0.2678	0.1554	0.7605	
-0.2682	0.1490	0.7540	
-0.2682	0.1519	0.7574	
-0.2686	0.1526	0.7591	
-0.2671	0.1617	0.7664	
-0.2672	0.1526	0.7561	
-0.2659	0.1544	0.7553	
-0.2677	0.1556	0.7607	
-0.2676	0.1543	0.7589	
-0.2667	0.1595	0.7630	
-0.2678	0.1606	0.7665	
-0.2694	0.1488	0.7563	
-0.2676	0.1537	0.7583	
-0.2681	0.1559	0.7619	
-0.2688	0.1487	0.7551	
-0.2689	0.1530	0.7603	
-0.2682	0.1600	0.7668	
-0.2683	0.1518	0.7576	
-0.2690	0.1521	0.7593	
-0.2681	0.1501	0.7551	
-0.2678	0.1512	0.7558	
-0.2692	0.1510	0.7584	
-0.2678	0.1579	0.7636	
-0.2692	0.1501	0.7574	
-0.2694	0.1455	0.7525	
-0.2680	0.1545	0.7601	
-0.2689	0.1506	0.7575	
-0.2688	0.1518	0.7585	
-0.2689	0.1528	0.7599	
-0.2678	0.1534	0.7582	
-0.2697	0.1459	0.7536	
-0.2680	0.1553	0.7611	
-0.2690	0.1518	0.7590	
-0.2703	0.1456	0.7546	
-0.2684	0.1517	0.7577	
-0.2695	0.1473	0.7548	
-0.2687	0.1446	0.7499	
-0.2685	0.1572	0.7642	
-0.2691	0.1512	0.7586	
-0.2693	0.1444	0.7510	
-0.2681	0.1555	0.7614	
-0.2692	0.1575	0.7662	
-0.2691	0.1493	0.7564	
-0.2688	0.1489	0.7552	
-0.2683	0.1539	0.7601	
-0.2698	0.1520	0.7610	
-0.2682	0.1575	0.7638	
-0.2697	0.1484	0.7564	
-0.2695	0.1491	0.7570	
-0.2692	0.1533	0.7612	
-0.2696	0.1545	0.7634	
-0.2685	0.1469	0.7523	
-0.2690	0.1562	0.7642	
-0.2682	0.1522	0.7578	
-0.2692	0.1442	0.7505	
-0.2693	0.1580	0.7670	
-0.2701	0.1487	0.7579	
-0.2689	0.1441	0.7499	
-0.2686	0.1593	0.7669	
-0.2675	0.1571	0.7620	
-0.2687	0.1474	0.7533	
-0.2692	0.1534	0.7613	
-0.2699	0.1497	0.7585	
-0.2691	0.1526	0.7603	
-0.2688	0.1540	0.7611	
-0.2699	0.1423	0.7499	
-0.2702	0.1512	0.7610	
-0.2682	0.1531	0.7588	
-0.2697	0.1528	0.7616	
-0.2695	0.1468	0.7543	
-0.2680	0.1520	0.7572	
-0.2698	0.1501	0.7587	
-0.2688	0.1569	0.7646	
-0.2698	0.1532	0.7625	
-0.2695	0.1492	0.7571	
-0.2690	0.1461	0.7523	
-0.2693	0.1504	0.7581	
-0.2666	0.1552	0.7578	
-0.2691	0.1493	0.7563	
-0.2704	0.1496	0.7595	
-0.2703	0.1462	0.7552	
-0.2699	0.1516	0.7608	
-0.2683	0.1563	0.7628	
-0.2710	0.1476	0.7584	
-0.2693	0.1504	0.7580	
-0.2698	0.1474	0.7557	
-0.2698	0.1484	0.7567	
-0.2704	0.1529	0.7633	
-0.2704	0.1549	0.7656	
-0.2694	0.1462	0.7532	
-0.2689	0.1488	0.7552	
-0.2703	0.1588	0.7700	
-0.2700	0.1499	0.7590	
-0.2688	0.1498	0.7562	
-0.2709	0.1487	0.7595	
-0.2704	0.1487	0.7583	
-0.2696	0.1559	0.7651	
-0.2697	0.1480	0.7560	
-0.2697	0.1435	0.7510	
-0.2712	0.1517	0.7636	
-0.2708	0.1511	0.7621	
-0.2702	0.1476	0.7566	
-0.2699	0.1497	0.7585	
-0.2701	0.1500	0.7594	
-0.2699	0.1500	0.7590	
-0.2693	0.1522	0.7602	
-0.2688	0.1487	0.7550	
-0.2689	0.1582	0.7663	
-0.2709	0.1517	0.7631	
-0.2696	0.1502	0.7586	
-0.2701	0.1486	0.7576	
-0.2696	0.1529	0.7618	
-0.2710	0.1489	0.7601	
-0.2701	0.1456	0.7542	
-0.2706	0.1469	0.7568	
-0.2706	0.1509	0.7613	
-0.2704	0.1584	0.7698	
-0.2705	0.1497	0.7600	
-0.2690	0.1441	0.7500	
-0.2693	0.1635	0.7733	
-0.2707	0.1464	0.7563	
-0.2704	0.1428	0.7515	
-0.2702	0.1624	0.7739	
-0.2692	0.1461	0.7528	
-0.2715	0.1410	0.7519	
-0.2708	0.1612	0.7740	
-0.2704	0.1508	0.7610	
-0.2697	0.1417	0.7489	
-0.2701	0.1547	0.7648	
-0.2706	0.1512	0.7618	
-0.2704	0.1443	0.7533	
-0.2707	0.1550	0.7665	
-0.2709	0.1484	0.7592	
-0.2710	0.1516	0.7631	
-0.2714	0.1499	0.7620	
-0.2705	0.1462	0.7558	
-0.2697	0.1576	0.7672	
-0.2702	0.1473	0.7564	
-0.2707	0.1429	0.7524	
-0.2701	0.1538	0.7637	
-0.2683	0.1477	0.7527	
-0.2708	0.1550	0.7668	
-0.2712	0.1443	0.7551	
-0.2691	0.1556	0.7636	
-0.2697	0.1594	0.7694	
-0.2708	0.1428	0.7524	
-0.2719	0.1473	0.7599	
-0.2708	0.1580	0.7702	
-0.2711	0.1391	0.7487	
-0.2710	0.1509	0.7624	
-0.2710	0.1493	0.7604	
-0.2708	0.1479	0.7584	
-0.2705	0.1607	0.7727	
-0.2696	0.1476	0.7556	
-0.2707	0.1442	0.7539	
-0.2698	0.1622	0.7729	
-0.2685	0.1496	0.7554	
-0.2690	0.1501	0.7570	
-0.2696	0.1527	0.7615	
-0.2709	0.1421	0.7519	
-0.2714	0.1508	0.7631	
-0.2693	0.1493	0.7567	
-0.2703	0.1537	0.7641	
-0.2704	0.1466	0.7561	
-0.2708	0.1505	0.7614	
-0.2703	0.1441	0.7530	
-0.2701	0.1483	0.7573	
-0.2697	0.1575	0.7672	
-0.2725	0.1478	0.7619	
-0.2704	0.1436	0.7526	
-0.2696	0.1542	0.7632	
-0.2712	0.1530	0.7651	
-0.2675	0.1584	0.7635	
-0.2703	0.1466	0.7558	
-0.2713	0.1492	0.7610	
-0.2699	0.1525	0.7618	
-0.2718	0.1442	0.7563	
-0.2709	0.1435	0.7534	
-0.2694	0.1534	0.7616	
-0.2710	0.1428	0.7529	
-0.2711	0.1590	0.7720	
-0.2708	0.1562	0.7681	
-0.2696	0.1452	0.7527	
-0.2716	0.1515	0.7644	
-0.2715	0.1458	0.7575	
-0.2721	0.1440	0.7567	
-0.2706	0.1580	0.7696	
-0.2709	0.1447	0.7549	
-0.2711	0.1465	0.7574	
-0.2707	0.1494	0.7600	
-0.2711	0.1511	0.7628	
-0.2716	0.1542	0.7675	
-0.2710	0.1459	0.7565	
-0.2707	0.1478	0.7581	
-0.2700	0.1611	0.7721	
-0.2713	0.1500	0.7619	
-0.2688	0.1545	0.7618	
-0.2676	0.1536	0.7581	
-0.2712	0.1494	0.7610	
-0.2712	0.1482	0.7595	
-0.2716	0.1519	0.7648	
-0.2714	0.1519	0.7644	
-0.2717	0.1507	0.7635	
-0.2720	0.1391	0.7508	
-0.2713	0.1550	0.7677	
-0.2717	0.1503	0.7631	
-0.2710	0.1499	0.7611	
-0.2711	0.1426	0.7530	
-0.2714	0.1521	0.7645	
-0.2708	0.1565	0.7685	
-0.2721	0.1411	0.7532	
-0.2721	0.1451	0.7578	
-0.2713	0.1504	0.7624	
-0.2698	0.1497	0.7582	
-0.2721	0.1552	0.7695	
-0.2705	0.1459	0.7554	
-0.2710	0.1501	0.7614	
-0.2712	0.1458	0.7568	
-0.2719	0.1497	0.7628	
-0.2715	0.1490	0.7613	
-0.2717	0.1498	0.7625	
-0.2707	0.1523	0.7632	
-0.2725	0.1438	0.7572	
-0.2706	0.1510	0.7616	
-0.2708	0.1501	0.7610	
-0.2702	0.1555	0.7661	
-0.2712	0.1497	0.7614	
-0.2701	0.1523	0.7619	
-0.2717	0.1514	0.7645	
-0.2716	0.1469	0.7590	
-0.2713	0.1517	0.7638	
-0.2716	0.1511	0.7639	
-0.2720	0.1414	0.7533	
-0.2714	0.1493	0.7612	
-0.2713	0.1541	0.7666	
-0.2712	0.1471	0.7584	
-0.2713	0.1466	0.7580	
-0.2723	0.1545	0.7694	
-0.2727	0.1451	0.7593	
-0.2716	0.1512	0.7639	
-0.2724	0.1460	0.7596	
-0.2715	0.1475	0.7594	
-0.2719	0.1551	0.7692	
-0.2721	0.1502	0.7638	
-0.2718	0.1396	0.7509	
-0.2700	0.1538	0.7635	
-0.2711	0.1580	0.7707	
-0.2712	0.1499	0.7616	
-0.2727	0.1459	0.7601	
-0.2689	0.1641	0.7732	
-0.2730	0.1371	0.7506	
-0.2709	0.1547	0.7665	
-0.2712	0.1558	0.7686	
-0.2702	0.1388	0.7466	
-0.2719	0.1511	0.7645	
-0.2718	0.1558	0.7698	
-0.2718	0.1491	0.7620	
-0.2699	0.1496	0.7584	
-0.2718	0.1497	0.7627	
-0.2723	0.1534	0.7681	
-0.2716	0.1509	0.7636	
-0.2715	0.1453	0.7570	
-0.2722	0.1504	0.7643	
-0.2717	0.1531	0.7663	
-0.2709	0.1435	0.7536	
-0.2718	0.1552	0.7691	
-0.2728	0.1541	0.7699	
-0.2714	0.1357	0.7455	
-0.2714	0.1607	0.7747	
-0.2720	0.1529	0.7668	
-0.2714	0.1478	0.7596	
-0.2721	0.1424	0.7548	
-0.2719	0.1530	0.7666	
-0.2718	0.1505	0.7636	
-0.2740	0.1422	0.7586	
-0.2717	0.1528	0.7660	
-0.2691	0.1546	0.7625	
-0.2731	0.1490	0.7646	
-0.2725	0.1470	0.7609	
-0.2718	0.1532	0.7668	
-0.2714	0.1488	0.7608	
-0.2731	0.1489	0.7644	
-0.2712	0.1548	0.7672	
-0.2708	0.1461	0.7563	
-0.2721	0.1465	0.7595	
-0.2716	0.1534	0.7666	
-0.2722	0.1467	0.7600	
-0.2734	0.1470	0.7629	
-0.2728	0.1497	0.7648	
-0.2720	0.1509	0.7646	
-0.2728	0.1475	0.7623	
-0.2732	0.1453	0.7606	
-0.2717	0.1522	0.7654	
-0.2730	0.1467	0.7617	
-0.2722	0.1523	0.7666	
-0.2727	0.1466	0.7609	
-0.2721	0.1496	0.7632	
-0.2723	0.1513	0.7656	
-0.2722	0.1387	0.7507	
-0.2724	0.1547	0.7697	
-0.2701	0.1519	0.7616	
-0.2721	0.1480	0.7614	
-0.2722	0.1476	0.7610	
-0.2705	0.1585	0.7700	
-0.2723	0.1410	0.7536	
-0.2723	0.1484	0.7621	
-0.2729	0.1547	0.7710	
-0.2737	0.1438	0.7599	
-0.2733	0.1496	0.7658	
-0.2737	0.1468	0.7634	
-0.2714	0.1438	0.7548	
-0.2706	0.1624	0.7748	
-0.2729	0.1501	0.7655	
-0.2731	0.1457	0.7607	
-0.2738	0.1505	0.7679	
-0.2729	0.1382	0.7517	
-0.2726	0.1566	0.7723	
-0.2727	0.1554	0.7712	
-0.2739	0.1342	0.7492	
-0.2731	0.1501	0.7658	
-0.2716	0.1598	0.7741	
-0.2715	0.1414	0.7523	
-0.2729	0.1517	0.7672	
-0.2728	0.1460	0.7604	
-0.2733	0.1496	0.7658	
-0.2728	0.1498	0.7649	
-0.2746	0.1411	0.7586	
-0.2723	0.1550	0.7699	
-0.2735	0.1489	0.7654	
-0.2722	0.1462	0.7595	
-0.2724	0.1465	0.7602	
-0.2749	0.1519	0.7719	
-0.2748	0.1405	0.7584	
-0.2740	0.1490	0.7666	
-0.2738	0.1500	0.7673	
-0.2733	0.1530	0.7696	
-0.2753	0.1416	0.7608	
-0.2725	0.1498	0.7644	
-0.2749	0.1530	0.7731	
-0.2741	0.1303	0.7450	
-0.2751	0.1514	0.7717	
-0.2737	0.1468	0.7633	
-0.2762	0.1545	0.7778	
-0.2748	0.1365	0.7539	
-0.2753	0.1581	0.7800	
-0.2761	0.1397	0.7603	
-0.2770	0.1443	0.7677	
-0.2770	0.1425	0.7656	
-0.2753	0.1583	0.7802	
-0.2760	0.1240	0.7418	
-0.2769	0.1696	0.7968	
-0.2763	0.1246	0.7431	
-0.2784	0.1567	0.7852	
-0.2777	0.1402	0.7644	
-0.2790	0.1359	0.7621	
-0.2774	0.1466	0.7711	
-0.2770	0.1450	0.7684	
-0.2786	0.1406	0.7668	
-0.2789	0.1469	0.7748	
-0.2780	0.1385	0.7630	
-0.2766	0.1495	0.7727	
-0.2773	0.1368	0.7595	
-0.2794	0.1432	0.7716	
-0.2786	0.1419	0.7683	
-0.2787	0.1443	0.7714	
-0.2792	0.1358	0.7624	
-0.2779	0.1490	0.7751	
-0.2799	0.1360	0.7642	
-0.2796	0.1421	0.7706	
-0.2787	0.1567	0.7858	
-0.2795	0.1291	0.7553	
-0.2795	0.1547	0.7851	
-0.2782	0.1254	0.7482	
-0.2772	0.1477	0.7720	
-0.2771	0.1573	0.7829	
-0.2804	0.1400	0.7699	
-0.2803	0.1403	0.7702	
-0.2810	0.1381	0.7691	
-0.2779	0.1358	0.7596	
-0.2789	0.1564	0.7859	
-0.2799	0.1391	0.7678	
-0.2806	0.1400	0.7704	
-0.2783	0.1352	0.7598	
-0.2790	0.1567	0.7865	
-0.2798	0.1398	0.7685	
-0.2793	0.1421	0.7700	
-0.2794	0.1455	0.7741	
-0.2790	0.1372	0.7638	
-0.2802	0.1430	0.7730	
-0.2812	0.1458	0.7784	
-0.2794	0.1265	0.7520	
-0.2806	0.1403	0.7707	
-0.2791	0.1540	0.7836	
-0.2806	0.1270	0.7553	
-0.2794	0.1518	0.7817	
-0.2796	0.1375	0.7653	
-0.2800	0.1526	0.7837	
-0.2799	0.1258	0.7523	
-0.2792	0.1483	0.7770	
-0.2795	0.1448	0.7736	
-0.2800	0.1416	0.7708	
-0.2814	0.1356	0.7669	
-0.2799	0.1387	0.7673	
-0.2784	0.1481	0.7750	
-0.2814	0.1307	0.7613	
-0.2800	0.1515	0.7825	
-0.2775	0.1482	0.7732	
-0.2796	0.1368	0.7645	
-0.2801	0.1487	0.7794	
-0.2794	0.1410	0.7689	
-0.2797	0.1448	0.7739	
-0.2793	0.1429	0.7708	
-0.2802	0.1394	0.7689	
-0.2800	0.1427	0.7722	
-0.2811	0.1424	0.7742	
-0.2806	0.1366	0.7663	
-0.2796	0.1428	0.7714	
-0.2811	0.1456	0.7780	
-0.2798	0.1284	0.7552	
-0.2801	0.1605	0.7932	
-0.2791	0.1284	0.7536	
-0.2805	0.1518	0.7839	
-0.2806	0.1445	0.7756	
-0.2808	0.1345	0.7643	
-0.2799	0.1482	0.7784	
-0.2813	0.1372	0.7686	
-0.2813	0.1368	0.7681	
-0.2801	0.1479	0.7785	
-0.2807	0.1362	0.7661	
-0.2816	0.1470	0.7807	
-0.2804	0.1303	0.7587	
-0.2800	0.1519	0.7828	
-0.2780	0.1452	0.7707	
-0.2807	0.1361	0.7659	
-0.2807	0.1458	0.7773	
-0.2791	0.1418	0.7694	
-0.2794	0.1439	0.7723	
-0.2818	0.1364	0.7687	
-0.2804	0.1422	0.7725	
-0.2812	0.1400	0.7717	
-0.2808	0.1388	0.7695	
-0.2816	0.1414	0.7742	
-0.2785	0.1525	0.7804	
-0.2804	0.1320	0.7606	
-0.2801	0.1449	0.7749	
-0.2815	0.1377	0.7697	
-0.2795	0.1400	0.7681	
-0.2810	0.1425	0.7742	
-0.2820	0.1424	0.7762	
-0.2805	0.1462	0.7774	
-0.2802	0.1307	0.7587	
-0.2809	0.1488	0.7812	
-0.2822	0.1320	0.7644	
-0.2794	0.1514	0.7811	
-0.2791	0.1434	0.7712	
-0.2808	0.1388	0.7694	
-0.2816	0.1377	0.7698	
-0.2791	0.1534	0.7828	
-0.2807	0.1335	0.7630	
-0.2814	0.1432	0.7759	
-0.2804	0.1385	0.7682	
-0.2814	0.1409	0.7732	
-0.2783	0.1436	0.7695	
-0.2808	0.1455	0.7772	
-0.2815	0.1347	0.7661	
-0.2804	0.1439	0.7744	
-0.2805	0.1417	0.7721	
-0.2812	0.1431	0.7753	
-0.2800	0.1460	0.7759	
-0.2793	0.1410	0.7687	
-0.2798	0.1408	0.7696	
-0.2810	0.1444	0.7762	
-0.2813	0.1416	0.7737	
-0.2785	0.1366	0.7619	
-0.2792	0.1631	0.7942	
-0.2802	0.1328	0.7611	
-0.2801	0.1491	0.7799	
-0.2813	0.1391	0.7709	
-0.2802	0.1367	0.7657	
-0.2806	0.1499	0.7820	
-0.2824	0.1377	0.7716	
-0.2808	0.1446	0.7762	
-0.2804	0.1436	0.7742	
-0.2805	0.1437	0.7743	
-0.2805	0.1370	0.7668	
-0.2803	0.1494	0.7806	
-0.2808	0.1406	0.7715	
-0.2815	0.1382	0.7704	
-0.2816	0.1418	0.7745	
-0.2811	0.1334	0.7639	
-0.2804	0.1429	0.7732	
-0.2817	0.1424	0.7755	
-0.2814	0.1406	0.7729	
-0.2800	0.1391	0.7680	
-0.2802	0.1468	0.7775	
-0.2807	0.1408	0.7716	
-0.2795	0.1389	0.7668	
-0.2809	0.1525	0.7855	
-0.2822	0.1345	0.7674	
-0.2803	0.1433	0.7736	
-0.2808	0.1419	0.7729	
-0.2807	0.1411	0.7719	
-0.2809	0.1447	0.7764	
-0.2804	0.1354	0.7645	
-0.2802	0.1426	0.7726	
-0.2809	0.1484	0.7809	
-0.2794	0.1444	0.7729	
-0.2822	0.1411	0.7750	
-0.2817	0.1451	0.7787	
-0.2805	0.1306	0.7592	
-0.2805	0.1546	0.7872	
-0.2815	0.1358	0.7675	
-0.2808	0.1333	0.7630	
-0.2810	0.1453	0.7774	
-0.2808	0.1402	0.7711	
-0.2807	0.1408	0.7715	
-0.2815	0.1410	0.7734	
0.8388	0.5885	
0.7958	0.5657	
0.7572	0.5444	
0.7267	0.5237	
0.7014	0.5023	
0.6756	0.4801	
0.6472	0.4569	
0.6164	0.4331	
0.5838	0.4081	
0.5496	0.3827	
0.5146	0.3569	
0.4798	0.3315	
0.4448	0.3075	
0.4108	0.2851	
0.3790	0.2654	
0.3495	0.2487	
0.3236	0.2345	
0.3021	0.2227	
0.2851	0.2126	
0.2723	0.2036	
0.2633	0.1950	
0.2577	0.1870	
0.2538	0.1794	
0.2513	0.1722	
0.2493	0.1654	
0.2479	0.1591	
0.2466	0.1532	
0.2454	0.1479	
0.2444	0.1430	
0.2435	0.1386	
0.2426	0.1347	
0.2418	0.1311	
0.2410	0.1279	
0.2401	0.1250	
0.2393	0.1222	
0.2385	0.1198	
0.2376	0.1175	
0.2366	0.1152	
0.2353	0.1132	
0.2340	0.1113	
0.2326	0.1095	
0.2312	0.1076	
0.2298	0.1055	
0.2283	0.1031	
0.2268	0.1004	
0.2253	0.0977	
0.2240	0.0950	
0.2222	0.0921	
0.2208	0.0893	
0.2192	0.0866	
0.2179	0.0840	
0.2162	0.0813	
0.2146	0.0789	
0.2129	0.0764	
0.2113	0.0740	
0.2096	0.0717	
0.2080	0.0694	
0.2064	0.0672	
0.2048	0.0650	
0.2034	0.0631	
0.2020	0.0612	
0.2008	0.0595	
0.1996	0.0580	
0.1984	0.0567	
0.1974	0.0556	
0.1965	0.0545	
0.1957	0.0537	
0.1948	0.0529	
0.1941	0.0523	
0.1933	0.0517	
0.1928	0.0512	
0.1922	0.0508	
0.1917	0.0505	
0.1912	0.0501	
0.1908	0.0497	
0.1904	0.0495	
0.1900	0.0492	
0.1896	0.0489	
0.1893	0.0486	
0.1890	0.0482	
0.1887	0.0480	
0.1885	0.0477	
0.1883	0.0474	
0.1880	0.0471	
0.1880	0.0470	
0.1878	0.0466	
0.1875	0.0464	
0.1871	0.0461	
0.1872	0.0458	
0.1868	0.0456	
0.1864	0.0453	
0.1865	0.0451	
0.1861	0.0449	
0.1860	0.0447	
0.1857	0.0445	
0.1857	0.0443	
0.1854	0.0441	
0.1853	0.0440	
0.1850	0.0437	
0.1849	0.0436	
0.1847	0.0434	
0.1847	0.0433	
0.1844	0.0432	
0.1843	0.0430	
0.1843	0.0428	
0.1840	0.0426	
0.1838	0.0425	
0.1838	0.0424	
0.1837	0.0422	
0.1834	0.0421	
0.1833	0.0420	
0.1832	0.0418	
0.1834	0.0417	
0.1830	0.0415	
0.1829	0.0414	
0.1827	0.0413	
0.1827	0.0412	
0.1824	0.0410	
0.1824	0.0409	
0.1822	0.0408	
0.1821	0.0407	
0.1820	0.0406	
0.1819	0.0405	
0.1818	0.0404	
0.1816	0.0403	
0.1815	0.0402	
0.1813	0.0400	
0.1813	0.0399	
0.1811	0.0398	
0.1810	0.0397	
0.1808	0.0396	
0.1808	0.0395	
0.1806	0.0394	
0.1805	0.0392	
0.1804	0.0391	
0.1803	0.0390	
0.1801	0.0389	
0.1800	0.0388	
0.1798	0.0387	
0.1798	0.0386	
0.1797	0.0386	
0.1797	0.0385	
0.1796	0.0383	
0.1797	0.0384	
0.1793	0.0383	
0.1791	0.0381	
0.1790	0.0380	
0.1788	0.0379	
0.1787	0.0377	
0.1786	0.0376	
0.1784	0.0375	
0.1783	0.0374	
0.1781	0.0373	
0.1780	0.0372	
0.1779	0.0371	
0.1778	0.0370	
0.1776	0.0370	
0.1775	0.0369	
0.1774	0.0368	
0.1773	0.0367	
0.1771	0.0366	
0.1771	0.0365	
0.1771	0.0365	
0.1769	0.0364	
0.1767	0.0363	
0.1766	0.0361	
0.1765	0.0361	
0.1763	0.0360	
0.1762	0.0359	
0.1761	0.0358	
0.1759	0.0357	
0.1758	0.0357	
0.1758	0.0357	
0.1756	0.0356	
0.1754	0.0354	
0.1754	0.0354	
0.1752	0.0353	
0.1751	0.0352	
0.1751	0.0352	
0.1749	0.0350	
0.1750	0.0350	
0.1748	0.0350	
0.1746	0.0348	
0.1744	0.0348	
0.1742	0.0347	
0.1741	0.0346	
0.1740	0.0345	
0.1739	0.0345	
0.1738	0.0344	
0.1736	0.0343	
0.1735	0.0342	
0.1734	0.0341	
0.1732	0.0341	
0.1732	0.0340	
0.1731	0.0339	
0.1730	0.0339	
0.1727	0.0338	
0.1728	0.0338	
0.1726	0.0338	
0.1724	0.0337	
0.1723	0.0336	
0.1723	0.0335	
0.1722	0.0334	
0.1720	0.0334	
0.1720	0.0333	
0.1717	0.0333	
0.1716	0.0332	
0.1716	0.0331	
0.1715	0.0331	
0.1713	0.0330	
0.1713	0.0329	
0.1710	0.0330	
0.1709	0.0329	
0.1708	0.0329	
0.1708	0.0329	
0.1706	0.0328	
0.1706	0.0326	
0.1703	0.0326	
0.1704	0.0325	
0.1702	0.0326	
0.1701	0.0324	
0.1700	0.0323	
0.1699	0.0323	
0.1698	0.0322	
0.1696	0.0322	
0.1695	0.0322	
0.1694	0.0321	
0.1693	0.0321	
0.1692	0.0320	
0.1691	0.0319	
0.1692	0.0319	
0.1690	0.0318	
0.1687	0.0318	
0.1686	0.0318	
0.1684	0.0318	
0.1683	0.0317	
0.1682	0.0317	
0.1680	0.0316	
0.1681	0.0315	
0.1679	0.0315	
0.1680	0.0315	
0.1678	0.0315	
0.1677	0.0314	
0.1675	0.0313	
0.1673	0.0313	
0.1673	0.0313	
0.1672	0.0313	
0.1672	0.0311	
0.1671	0.0311	
0.1670	0.0311	
0.1667	0.0311	
0.1666	0.0310	
0.1666	0.0310	
0.1665	0.0310	
0.1664	0.0309	
0.1663	0.0309	
0.1664	0.0308	
0.1662	0.0308	
0.1660	0.0307	
0.1660	0.0307	
0.1657	0.0307	
0.1657	0.0307	
0.1657	0.0306	
0.1655	0.0306	
0.1655	0.0305	
0.1654	0.0306	
0.1652	0.0306	
0.1652	0.0304	
0.1651	0.0304	
0.1649	0.0303	
0.1648	0.0303	
0.1649	0.0303	
0.1648	0.0304	
0.1648	0.0303	
0.1645	0.0302	
0.1647	0.0302	
0.1644	0.0301	
0.1644	0.0301	
0.1642	0.0301	
0.1641	0.0301	
0.1641	0.0300	
0.1643	0.0300	
0.1640	0.0299	
0.1638	0.0299	
0.1638	0.0299	
0.1639	0.0299	
0.1636	0.0298	
0.1635	0.0297	
0.1635	0.0298	
0.1633	0.0297	
0.1632	0.0297	
0.1631	0.0297	
0.1633	0.0297	
0.1632	0.0296	
0.1630	0.0296	
0.1630	0.0296	
0.1629	0.0296	
0.1629	0.0297	
0.1628	0.0294	
0.1626	0.0294	
0.1626	0.0294	
0.1626	0.0295	
0.1625	0.0294	
0.1624	0.0293	
0.1623	0.0293	
0.1623	0.0292	
0.1622	0.0292	
0.1622	0.0292	
0.1621	0.0291	
0.1621	0.0291	
0.1620	0.0291	
0.1620	0.0291	
0.1618	0.0291	
0.1617	0.0291	
0.1616	0.0290	
0.1615	0.0290	
0.1616	0.0290	
0.1614	0.0289	
0.1615	0.0289	
0.1613	0.0289	
0.1613	0.0289	
0.1612	0.0288	
0.1611	0.0288	
0.1611	0.0288	
0.1611	0.0289	
0.1610	0.0288	
0.1610	0.0288	
0.1609	0.0287	
0.1608	0.0287	
0.1608	0.0287	
0.1609	0.0288	
0.1608	0.0287	
0.1607	0.0286	
0.1607	0.0287	
0.1604	0.0287	
0.1604	0.0286	
0.1605	0.0285	
0.1606	0.0285	
0.1603	0.0285	
0.1603	0.0285	
0.1602	0.0285	
0.1602	0.0285	
0.1602	0.0284	
0.1601	0.0284	
0.1601	0.0284	
0.1603	0.0284	
0.1603	0.0283	
0.1600	0.0283	
0.1597	0.0283	
0.1598	0.0283	
0.1597	0.0282	
0.1597	0.0282	
0.1596	0.0282	
0.1596	0.0281	
0.1597	0.0281	
0.1595	0.0281	
0.1595	0.0281	
0.1595	0.0281	
0.1594	0.0281	
0.1594	0.0281	
0.1595	0.0282	
0.1596	0.0281	
0.1593	0.0280	
0.1594	0.0280	
0.1593	0.0279	
0.1591	0.0279	
0.1591	0.0279	
0.1593	0.0279	
0.1591	0.0279	
0.1590	0.0279	
0.1590	0.0278	
0.1590	0.0278	
0.1590	0.0278	
0.1590	0.0278	
0.1589	0.0278	
0.1589	0.0278	
0.1590	0.0278	
0.1590	0.0277	
0.1588	0.0277	
0.1588	0.0277	
0.1589	0.0277	
0.1588	0.0276	
0.1588	0.0276	
0.1589	0.0277	
0.1588	0.0277	
0.1588	0.0277	
0.1587	0.0276	
0.1590	0.0276	
0.1588	0.0275	
0.1586	0.0276	
0.1586	0.0275	
0.1585	0.0276	
0.1586	0.0275	
0.1584	0.0274	
0.1584	0.0275	
0.1585	0.0274	
0.1583	0.0274	
0.1585	0.0274	
0.1583	0.0274	
0.1584	0.0274	
0.1583	0.0273	
0.1582	0.0274	
0.1583	0.0273	
0.1583	0.0273	
0.1583	0.0273	
0.1583	0.0273	
0.1581	0.0273	
0.1582	0.0273	
0.1580	0.0272	
0.1580	0.0272	
0.1580	0.0272	
0.1580	0.0272	
0.1580	0.0271	
0.1580	0.0272	
0.1580	0.0272	
0.1579	0.0271	
0.1580	0.0271	
0.1578	0.0271	
0.1578	0.0271	
0.1578	0.0271	
0.1577	0.0270	
0.1579	0.0270	
0.1577	0.0271	
0.1577	0.0270	
0.1577	0.0270	
0.1577	0.0270	
0.1577	0.0270	
0.1576	0.0270	
0.1577	0.0270	
0.1575	0.0269	
0.1576	0.0269	
0.1575	0.0269	
0.1576	0.0269	
0.1578	0.0270	
0.1576	0.0270	
0.1574	0.0269	
0.1574	0.0269	
0.1575	0.0269	
0.1574	0.0269	
0.1573	0.0268	
0.1572	0.0268	
0.1573	0.0268	
0.1573	0.0268	
0.1572	0.0269	
0.1573	0.0268	
0.1572	0.0268	
0.1572	0.0267	
0.1572	0.0267	
0.1571	0.0268	
0.1570	0.0267	
0.1571	0.0267	
0.1570	0.0267	
0.1571	0.0266	
0.1569	0.0266	
0.1569	0.0266	
0.1569	0.0266	
0.1569	0.0266	
0.1569	0.0266	
0.1568	0.0266	
0.1568	0.0266	
0.1568	0.0266	
0.1571	0.0266	
0.1567	0.0265	
0.1568	0.0265	
0.1568	0.0265	
0.1568	0.0265	
0.1567	0.0265	
0.1567	0.0265	
0.1567	0.0265	
0.1567	0.0265	
0.1566	0.0264	
0.1567	0.0265	
0.1566	0.0264	
0.1566	0.0264	
0.1567	0.0265	
0.1567	0.0264	
0.1568	0.0264	
0.1567	0.0264	
0.1565	0.0264	
0.1564	0.0263	
0.1564	0.0263	
0.1565	0.0263	
0.1564	0.0263	
0.1564	0.0263	
0.1564	0.0263	
0.1566	0.0262	
0.1565	0.0262	
0.1564	0.0262	
0.1563	0.0261	
0.1563	0.0261	
0.1563	0.0261	
0.1563	0.0261	
0.1563	0.0261	
0.1564	0.0261	
0.1564	0.0261	
0.1562	0.0260	
0.1562	0.0260	
0.1561	0.0260	
0.1562	0.0260	
0.1564	0.0261	
0.1567	0.0262	
0.1564	0.0261	
0.1561	0.0259	
0.1562	0.0259	
0.1563	0.0258	
0.1562	0.0258	
0.1563	0.0258	
0.1561	0.0258	
0.1561	0.0258	
0.1561	0.0258	
0.1561	0.0258	
0.1560	0.0257	
0.1560	0.0257	
0.1562	0.0256	
0.1561	0.0256	
0.1562	0.0255	
0.1560	0.0255	
0.1559	0.0254	
0.1559	0.0254	
0.1559	0.0253	
0.1559	0.0254	
0.1559	0.0253	
0.1558	0.0252	
0.1559	0.0253	
0.1559	0.0252	
0.1560	0.0252	
0.1558	0.0251	
0.1558	0.0251	
0.1559	0.0251	
0.1558	0.0250	
0.1558	0.0250	
0.1557	0.0250	
0.1557	0.0249	
0.1559	0.0249	
0.1557	0.0249	
0.1558	0.0249	
0.1557	0.0248	
0.1557	0.0248	
0.1557	0.0248	
0.1557	0.0248	
0.1556	0.0248	
0.1557	0.0248	
0.1556	0.0247	
0.1557	0.0247	
0.1559	0.0247	
0.1558	0.0247	
0.1556	0.0246	
0.1556	0.0246	
0.1556	0.0246	
0.1555	0.0246	
0.1555	0.0246	
0.1556	0.0246	
0.1557	0.0245	
0.1557	0.0245	
0.1556	0.0245	
0.1555	0.0245	
0.1555	0.0245	
0.1555	0.0244	
0.1555	0.0244	
0.1555	0.0244	
0.1556	0.0244	
0.1554	0.0243	
0.1554	0.0243	
0.1554	0.0243	
0.1554	0.0243	
0.1554	0.0243	
0.1554	0.0243	
0.1553	0.0242	
0.1553	0.0242	
0.1554	0.0243	
0.1554	0.0244	
0.1553	0.0242	
0.1553	0.0242	
0.1553	0.0242	
0.1553	0.0242	
0.1553	0.0241	
0.1553	0.0241	
0.1552	0.0241	
0.1554	0.0241	
0.1552	0.0241	
0.1552	0.0240	
0.1553	0.0240	
0.1553	0.0240	
0.1552	0.0240	
0.1552	0.0240	
0.1552	0.0240	
0.1553	0.0240	
0.1552	0.0240	
0.1551	0.0239	
0.1552	0.0239	
0.1554	0.0240	
0.1552	0.0239	
0.1552	0.0239	
0.1551	0.0239	
0.1552	0.0239	
0.1551	0.0239	
0.1550	0.0239	
0.1550	0.0239	
0.1551	0.0238	
0.1550	0.0238	
0.1551	0.0238	
0.1550	0.0238	
0.1551	0.0238	
0.1550	0.0238	
0.1550	0.0238	
0.1550	0.0237	
0.1551	0.0238	
0.1551	0.0237	
0.1550	0.0237	
0.1551	0.0237	
0.1550	0.0237	
0.1550	0.0236	
0.1550	0.0237	
0.1552	0.0237	
0.1552	0.0237	
0.1550	0.0236	
0.1552	0.0236	
0.1551	0.0236	
0.1549	0.0237	
0.1550	0.0237	
0.1549	0.0236	
0.1549	0.0236	
0.1551	0.0236	
0.1552	0.0237	
0.1549	0.0236	
0.1548	0.0236	
0.1548	0.0235	
0.1549	0.0235	
0.1549	0.0235	
0.1549	0.0235	
0.1549	0.0235	
0.1550	0.0235	
0.1549	0.0235	
0.1548	0.0234	
0.1548	0.0234	
0.1548	0.0234	
0.1548	0.0235	
0.1549	0.0234	
0.1548	0.0234	
0.1547	0.0234	
0.1547	0.0234	
0.1548	0.0234	
0.1548	0.0234	
0.1547	0.0234	
0.1548	0.0234	
0.1547	0.0234	
0.1548	0.0234	
0.1548	0.0233	
0.1548	0.0233	
0.1547	0.0233	
0.1547	0.0233	
0.1547	0.0233	
0.1547	0.0233	
0.1546	0.0233	
0.1548	0.0234	
0.1547	0.0233	
0.1547	0.0233	
0.1546	0.0233	
0.1546	0.0233	
0.1546	0.0232	
0.1546	0.0232	
0.1548	0.0232	
0.1547	0.0233	
0.1546	0.0232	
0.1546	0.0232	
0.1546	0.0232	
0.1547	0.0232	
0.1546	0.0232	
0.1547	0.0232	
0.1547	0.0232	
0.1546	0.0232	
0.1549	0.0233	
0.1548	0.0233	
0.1547	0.0232	
0.1547	0.0231	
0.1546	0.0232	
0.1547	0.0232	
0.1548	0.0231	
0.1546	0.0231	
0.1545	0.0231	
0.1545	0.0231	
0.1545	0.0231	
0.1545	0.0231	
0.1545	0.0231	
0.1545	0.0231	
0.1544	0.0231	
0.1545	0.0231	
0.1545	0.0231	
0.1545	0.0230	
0.1545	0.0231	
0.1545	0.0231	
0.1545	0.0231	
0.1546	0.0230	
0.1547	0.0230	
0.1544	0.0230	
0.1544	0.0230	
0.1544	0.0230	
0.1544	0.0230	
0.1544	0.0230	
0.1546	0.0230	
0.1546	0.0230	
0.1544	0.0230	
0.1544	0.0230	
0.1544	0.0230	
0.1545	0.0230	
0.1544	0.0230	
0.1543	0.0230	
0.1544	0.0229	
0.1543	0.0229	
0.1544	0.0229	
0.1547	0.0230	
0.1544	0.0229	
0.1544	0.0230	
0.1543	0.0229	
0.1543	0.0229	
0.1543	0.0230	
0.1543	0.0230	
0.1543	0.0229	
0.1543	0.0229	
0.1544	0.0229	
0.1543	0.0228	
0.1543	0.0228	
0.1543	0.0228	
0.1543	0.0229	
0.1543	0.0229	
0.1543	0.0229	
0.1544	0.0229	
0.1544	0.0229	
0.1546	0.0229	
0.1544	0.0228	
0.1543	0.0228	
0.1542	0.0228	
0.1542	0.0228	
0.1542	0.0228	
0.1543	0.0228	
0.1542	0.0227	
0.1543	0.0228	
0.1546	0.0228	
0.1544	0.0228	
0.1542	0.0228	
0.1543	0.0227	
0.1542	0.0227	
0.1542	0.0227	
0.1541	0.0227	
0.1542	0.0227	
0.1541	0.0227	
0.1541	0.0227	
0.1542	0.0227	
0.1542	0.0227	
0.1541	0.0227	
0.1541	0.0227	
0.1542	0.0227	
0.1542	0.0227	
0.1541	0.0227	
0.1542	0.0227	
0.1542	0.0227	
0.1541	0.0227	
0.1542	0.0227	
0.1541	0.0227	
0.1541	0.0226	
0.1542	0.0226	
0.1542	0.0226	
0.1542	0.0226	
0.1541	0.0226	
0.1543	0.0226	
0.1542	0.0226	
0.1541	0.0226	
0.1541	0.0226	
0.1540	0.0226	
0.1541	0.0226	
0.1541	0.0226	
0.1541	0.0226	
0.1541	0.0226	
0.1541	0.0225	
0.1542	0.0225	
0.1541	0.0226	
0.1540	0.0225	
0.1540	0.0225	
0.1540	0.0225	
0.1541	0.0225	
0.1541	0.0225	
0.1541	0.0225	
0.1541	0.0225	
0.1542	0.0226	
0.1542	0.0226	
0.1541	0.0225	
0.1542	0.0225	
0.1540	0.0225	
0.1540	0.0225	
0.1540	0.0225	
0.1540	0.0225	
0.1540	0.0225	
0.1541	0.0225	
0.1542	0.0225	
0.1542	0.0225	
0.1542	0.0224	
0.1540	0.0225	
0.1540	0.0225	
0.1539	0.0224	
0.1539	0.0224	
0.1540	0.0224	
0.1539	0.0224	
0.1542	0.0224	
0.1542	0.0225	
0.1542	0.0226	
0.1541	0.0225	
0.1541	0.0225	
0.1540	0.0224	
0.1541	0.0224	
0.1540	0.0224	
0.1540	0.0225	
0.1540	0.0224	
0.1539	0.0224	
0.1539	0.0224	
0.1540	0.0224	
0.1539	0.0224	
0.1539	0.0224	
0.1540	0.0224	
0.1539	0.0224	
0.1539	0.0223	
0.1541	0.0224	
0.1540	0.0224	
0.1541	0.0224	
0.1540	0.0224	
0.1540	0.0223	
0.1538	0.0223	
0.1541	0.0223	
0.1539	0.0223	
0.1539	0.0223	
0.1538	0.0223	
0.1538	0.0223	
0.1539	0.0223	
0.1539	0.0223	
0.1539	0.0223	
0.1541	0.0223	
0.1541	0.0223	
0.1538	0.0223	
0.1539	0.0223	
0.1538	0.0223	
0.1538	0.0223	
0.1540	0.0223	
0.1539	0.0223	
0.1538	0.0223	
0.1538	0.0223	
0.1539	0.0223	
0.1538	0.0222	
0.1539	0.0222	
0.1539	0.0222	
0.1539	0.0222	
0.1539	0.0222	
0.1540	0.0222	
0.1540	0.0222	
0.1540	0.0222	
0.1539	0.0222	
0.1540	0.0222	
0.1539	0.0222	
0.1539	0.0222	
0.1538	0.0222	
0.1538	0.0222	
0.1538	0.0222	
0.1538	0.0222	
0.1538	0.0222	
0.1538	0.0222	
0.1538	0.0222	
0.1537	0.0222	
0.1538	0.0222	
0.1538	0.0221	
0.1537	0.0222	
0.1538	0.0222	
0.1539	0.0222	
0.1537	0.0222	
0.1537	0.0221	
0.1537	0.0221	
0.1537	0.0221	
0.1537	0.0221	
0.1538	0.0221	
0.1539	0.0222	
0.1539	0.0222	
0.1541	0.0223	
0.1538	0.0223	
0.1539	0.0222	
0.1537	0.0222	
0.1537	0.0221	
0.1539	0.0221	
0.1539	0.0221	
0.1539	0.0221	
0.1537	0.0221	
0.1538	0.0221	
0.1537	0.0221	
0.1537	0.0221	
0.1537	0.0221	
0.1538	0.0221	
0.1537	0.0221	
0.1537	0.0221	
0.1538	0.0221	
0.1537	0.0221	
0.1537	0.0220	
0.1538	0.0220	
0.1537	0.0220	
0.1537	0.0220	
0.1537	0.0221	
0.1536	0.0220	
0.1537	0.0220	
0.1537	0.0220	
0.1537	0.0220	
0.1537	0.0220	
0.1538	0.0220	
0.1537	0.0220	
0.1539	0.0220	
0.1537	0.0220	
0.1537	0.0220	
0.1536	0.0220	
0.1537	0.0220	
0.1537	0.0220	
0.1538	0.0220	
0.1536	0.0220	
0.1537	0.0220	
0.1536	0.0220	
0.1537	0.0220	
0.1536	0.0220	
0.1537	0.0220	
0.1538	0.0220	
0.1538	0.0220	
0.1536	0.0220	
0.1536	0.0220	
0.1537	0.0220	
0.1537	0.0220	
0.1536	0.0219	
0.1536	0.0220	
0.1537	0.0220	
0.1537	0.0220	
0.1536	0.0220	
0.1537	0.0220	
0.1537	0.0219	
0.1536	0.0220	
0.1538	0.0220	
0.1536	0.0219	
0.1537	0.0219	
0.1536	0.0219	
0.1537	0.0219	
0.1538	0.0220	
0.1536	0.0219	
0.1535	0.0219	
0.1536	0.0219	
0.1536	0.0219	
0.1535	0.0219	
0.1535	0.0219	
0.1536	0.0219	
0.1536	0.0219	
0.1536	0.0219	
0.1537	0.0219	
0.1536	0.0219	
0.1535	0.0219	
0.1535	0.0219	
0.1535	0.0219	
0.1535	0.0219	
0.1535	0.0219	
0.1535	0.0219	
0.1537	0.0219	
0.1536	0.0219	
0.1536	0.0219	
0.1536	0.0219	
0.1536	0.0219	
0.1537	0.0220	
0.1536	0.0219	
0.1535	0.0219	
0.1536	0.0219	
0.1535	0.0219	
0.1537	0.0219	
0.1536	0.0219	
0.1535	0.0218	
0.1535	0.0218	
0.1535	0.0218	
0.1535	0.0218	
0.1536	0.0219	
0.1536	0.0219	
0.1537	0.0218	
0.1535	0.0218	
0.1536	0.0218	
0.1535	0.0218	
0.1535	0.0218	
0.1534	0.0218	
0.1535	0.0218	
0.1535	0.0218	
0.1536	0.0218	
0.1535	0.0218	
0.1535	0.0218	
0.1534	0.0218	
0.1535	0.0219	
0.1536	0.0219	
0.1536	0.0218	
0.1535	0.0218	
0.1536	0.0218	
0.1535	0.0218	
0.1535	0.0218	
0.1535	0.0218	
0.1535	0.0218	
0.1535	0.0218	
0.1535	0.0218	
0.1535	0.0218	
