Loss_Adversary	Loss_Target	
-0.0079	0.1505	0.1794	
-0.0129	0.1469	0.1859	
-0.0166	0.1510	0.1982	
-0.0234	0.1723	0.2354	
-0.0318	0.2076	0.2912	
-0.0445	0.2196	0.3306	
-0.0599	0.2144	0.3572	
-0.0755	0.2079	0.3826	
-0.0906	0.1916	0.3963	
-0.1042	0.1634	0.3941	
-0.1168	0.1374	0.3921	
-0.1293	0.1096	0.3882	
-0.1388	0.0943	0.3914	
-0.1484	0.0721	0.3872	
-0.1545	0.0640	0.3912	
-0.1600	0.0605	0.3989	
-0.1652	0.0567	0.4056	
-0.1730	0.0425	0.4065	
-0.1825	0.0305	0.4134	
-0.1904	0.0251	0.4239	
-0.1974	0.0200	0.4329	
-0.2052	0.0151	0.4440	
-0.2102	0.0118	0.4506	
-0.2144	0.0074	0.4546	
-0.2188	0.0085	0.4650	
-0.2216	0.0072	0.4695	
-0.2258	0.0049	0.4758	
-0.2274	0.0051	0.4793	
-0.2289	0.0033	0.4806	
-0.2309	0.0036	0.4850	
-0.2305	0.0066	0.4872	
-0.2322	0.0036	0.4878	
-0.2330	0.0019	0.4873	
-0.2333	0.0023	0.4884	
-0.2335	0.0031	0.4898	
-0.2322	0.0059	0.4901	
-0.2342	0.0026	0.4907	
-0.2334	0.0035	0.4901	
-0.2342	0.0028	0.4911	
-0.2338	0.0049	0.4925	
-0.2343	0.0027	0.4909	
-0.2341	0.0033	0.4912	
-0.2350	0.0013	0.4910	
-0.2345	0.0030	0.4918	
-0.2351	0.0018	0.4917	
-0.2346	0.0017	0.4907	
-0.2345	0.0032	0.4920	
-0.2343	0.0034	0.4918	
-0.2346	0.0026	0.4916	
-0.2345	0.0031	0.4919	
-0.2354	0.0016	0.4921	
-0.2349	0.0017	0.4913	
-0.2355	0.0017	0.4924	
-0.2341	0.0033	0.4913	
-0.2340	0.0039	0.4917	
-0.2347	0.0034	0.4926	
-0.2346	0.0033	0.4924	
-0.2350	0.0030	0.4929	
-0.2342	0.0031	0.4913	
-0.2353	0.0025	0.4930	
-0.2348	0.0032	0.4927	
-0.2334	0.0057	0.4923	
-0.2338	0.0051	0.4926	
-0.2356	0.0014	0.4923	
-0.2353	0.0019	0.4923	
-0.2342	0.0040	0.4924	
-0.2358	0.0015	0.4929	
-0.2351	0.0025	0.4925	
-0.2358	0.0018	0.4932	
-0.2357	0.0013	0.4924	
-0.2352	0.0028	0.4931	
-0.2349	0.0038	0.4935	
-0.2349	0.0033	0.4930	
-0.2350	0.0035	0.4933	
-0.2359	0.0012	0.4927	
-0.2363	0.0015	0.4938	
-0.2350	0.0033	0.4932	
-0.2360	0.0013	0.4932	
-0.2363	0.0009	0.4932	
-0.2362	0.0011	0.4934	
-0.2356	0.0018	0.4927	
-0.2356	0.0023	0.4934	
-0.2361	0.0014	0.4933	
-0.2348	0.0045	0.4940	
-0.2353	0.0036	0.4940	
-0.2355	0.0021	0.4928	
-0.2357	0.0018	0.4931	
-0.2355	0.0026	0.4933	
-0.2353	0.0027	0.4932	
-0.2363	0.0012	0.4936	
-0.2359	0.0022	0.4938	
-0.2357	0.0029	0.4941	
-0.2367	0.0011	0.4944	
-0.2364	0.0018	0.4945	
-0.2370	0.0016	0.4954	
-0.2353	0.0045	0.4950	
-0.2368	0.0015	0.4950	
-0.2367	0.0019	0.4951	
-0.2364	0.0019	0.4945	
-0.2357	0.0031	0.4944	
-0.2365	0.0027	0.4955	
-0.2370	0.0022	0.4961	
-0.2372	0.0019	0.4961	
-0.2365	0.0022	0.4950	
-0.2356	0.0043	0.4956	
-0.2358	0.0046	0.4962	
-0.2355	0.0043	0.4953	
-0.2366	0.0026	0.4958	
-0.2370	0.0018	0.4957	
-0.2361	0.0026	0.4947	
-0.2366	0.0022	0.4954	
-0.2368	0.0036	0.4972	
-0.2357	0.0048	0.4962	
-0.2362	0.0039	0.4962	
-0.2363	0.0030	0.4955	
-0.2366	0.0040	0.4973	
-0.2361	0.0042	0.4963	
-0.2369	0.0021	0.4959	
-0.2367	0.0030	0.4963	
-0.2379	0.0019	0.4977	
-0.2370	0.0023	0.4964	
-0.2368	0.0032	0.4968	
-0.2375	0.0022	0.4973	
-0.2369	0.0027	0.4966	
-0.2373	0.0017	0.4961	
-0.2364	0.0035	0.4961	
-0.2368	0.0033	0.4970	
-0.2364	0.0035	0.4963	
-0.2357	0.0051	0.4965	
-0.2374	0.0024	0.4971	
-0.2359	0.0041	0.4958	
-0.2372	0.0021	0.4965	
-0.2366	0.0033	0.4965	
-0.2376	0.0016	0.4968	
-0.2365	0.0037	0.4968	
-0.2372	0.0027	0.4971	
-0.2360	0.0042	0.4962	
-0.2366	0.0038	0.4970	
-0.2365	0.0039	0.4969	
-0.2365	0.0048	0.4979	
-0.2369	0.0026	0.4964	
-0.2358	0.0058	0.4974	
-0.2378	0.0019	0.4975	
-0.2376	0.0020	0.4972	
-0.2372	0.0027	0.4970	
-0.2372	0.0025	0.4969	
-0.2360	0.0051	0.4971	
-0.2370	0.0031	0.4972	
-0.2378	0.0021	0.4977	
-0.2375	0.0020	0.4969	
-0.2369	0.0037	0.4977	
-0.2366	0.0035	0.4968	
-0.2356	0.0055	0.4968	
-0.2366	0.0040	0.4971	
-0.2372	0.0027	0.4970	
-0.2368	0.0028	0.4964	
-0.2374	0.0028	0.4975	
-0.2375	0.0017	0.4968	
-0.2373	0.0026	0.4971	
-0.2365	0.0037	0.4967	
-0.2362	0.0046	0.4972	
-0.2368	0.0041	0.4978	
-0.2376	0.0029	0.4983	
-0.2373	0.0031	0.4977	
-0.2369	0.0036	0.4973	
-0.2364	0.0047	0.4976	
-0.2373	0.0036	0.4982	
-0.2372	0.0037	0.4981	
-0.2374	0.0026	0.4975	
-0.2369	0.0040	0.4980	
-0.2377	0.0031	0.4986	
-0.2368	0.0044	0.4982	
-0.2367	0.0044	0.4980	
-0.2372	0.0037	0.4982	
-0.2374	0.0042	0.4991	
-0.2369	0.0036	0.4975	
-0.2378	0.0025	0.4981	
-0.2371	0.0038	0.4981	
-0.2370	0.0040	0.4981	
-0.2373	0.0035	0.4980	
-0.2371	0.0041	0.4984	
-0.2356	0.0075	0.4990	
-0.2372	0.0040	0.4985	
-0.2376	0.0042	0.4996	
-0.2376	0.0039	0.4992	
-0.2370	0.0056	0.4998	
-0.2367	0.0065	0.5001	
-0.2370	0.0062	0.5006	
-0.2360	0.0065	0.4987	
-0.2370	0.0055	0.4996	
-0.2371	0.0053	0.4996	
-0.2379	0.0050	0.5011	
-0.2372	0.0060	0.5007	
-0.2373	0.0060	0.5009	
-0.2375	0.0050	0.5003	
-0.2368	0.0071	0.5011	
-0.2368	0.0082	0.5022	
-0.2379	0.0076	0.5038	
-0.2365	0.0103	0.5038	
-0.2368	0.0092	0.5032	
-0.2375	0.0075	0.5030	
-0.2369	0.0100	0.5044	
-0.2366	0.0125	0.5065	
-0.2376	0.0124	0.5085	
-0.2375	0.0135	0.5094	
-0.2370	0.0175	0.5127	
-0.2372	0.0194	0.5151	
-0.2375	0.0242	0.5210	
-0.2377	0.0313	0.5292	
-0.2381	0.0409	0.5403	
-0.2378	0.0563	0.5565	
-0.2381	0.0831	0.5861	
-0.2382	0.1128	0.6185	
-0.2391	0.1613	0.6729	
-0.2405	0.2367	0.7574	
-0.2445	0.2869	0.8202	
-0.2467	0.3101	0.8499	
-0.2533	0.3226	0.8772	
-0.2579	0.3227	0.8869	
-0.2625	0.3215	0.8953	
-0.2701	0.3064	0.8945	
-0.2745	0.3028	0.9000	
-0.2768	0.2881	0.8887	
-0.2786	0.2825	0.8864	
-0.2806	0.2740	0.8814	
-0.2810	0.2661	0.8738	
-0.2831	0.2474	0.8578	
-0.2834	0.2613	0.8734	
-0.2830	0.2434	0.8533	
-0.2848	0.2273	0.8395	
-0.2842	0.2619	0.8758	
-0.2860	0.2392	0.8550	
-0.2860	0.2318	0.8470	
-0.2855	0.2419	0.8570	
-0.2853	0.2332	0.8471	
-0.2868	0.2358	0.8530	
-0.2877	0.2399	0.8593	
-0.2871	0.2308	0.8481	
-0.2863	0.2349	0.8509	
-0.2878	0.2288	0.8475	
-0.2879	0.2334	0.8527	
-0.2878	0.2261	0.8445	
-0.2885	0.2282	0.8482	
-0.2877	0.2270	0.8454	
-0.2886	0.2280	0.8482	
-0.2885	0.2346	0.8552	
-0.2880	0.2292	0.8483	
-0.2886	0.2274	0.8475	
-0.2882	0.2262	0.8454	
-0.2885	0.2291	0.8493	
-0.2897	0.2203	0.8423	
-0.2885	0.2269	0.8469	
-0.2893	0.2280	0.8497	
-0.2901	0.2181	0.8405	
-0.2902	0.2272	0.8506	
-0.2891	0.2308	0.8522	
-0.2910	0.2192	0.8438	
-0.2916	0.2139	0.8392	
-0.2924	0.2142	0.8411	
-0.2909	0.1976	0.8202	
-0.2903	0.2092	0.8314	
-0.2924	0.2019	0.8278	
-0.2936	0.1864	0.8136	
-0.2931	0.2045	0.8321	
-0.2933	0.1893	0.8161	
-0.2928	0.2075	0.8349	
-0.2939	0.1920	0.8203	
-0.2931	0.1872	0.8134	
-0.2935	0.1975	0.8254	
-0.2934	0.1866	0.8134	
-0.2935	0.1949	0.8226	
-0.2947	0.1988	0.8293	
-0.2938	0.1861	0.8136	
-0.2956	0.1937	0.8258	
-0.2950	0.1883	0.8186	
-0.2954	0.1862	0.8171	
-0.2946	0.1996	0.8300	
-0.2957	0.1835	0.8148	
-0.2949	0.1965	0.8272	
-0.2955	0.1747	0.8049	
-0.2960	0.1961	0.8290	
-0.2956	0.1822	0.8132	
-0.2959	0.1866	0.8187	
-0.2955	0.1889	0.8203	
-0.2958	0.1886	0.8206	
-0.2959	0.1880	0.8201	
-0.2960	0.1838	0.8159	
-0.2949	0.1908	0.8211	
-0.2947	0.1842	0.8135	
-0.2939	0.1949	0.8235	
-0.2954	0.1871	0.8182	
-0.2953	0.1734	0.8032	
-0.2942	0.2087	0.8391	
-0.2960	0.1843	0.8163	
-0.2971	0.1832	0.8173	
-0.2956	0.1886	0.8202	
-0.2959	0.1793	0.8107	
-0.2960	0.1834	0.8154	
-0.2966	0.1909	0.8247	
-0.2959	0.1803	0.8117	
-0.2967	0.1847	0.8181	
-0.2962	0.1857	0.8183	
-0.2955	0.1878	0.8192	
-0.2962	0.1860	0.8185	
-0.2963	0.1715	0.8031	
-0.2959	0.1979	0.8309	
-0.2962	0.1842	0.8167	
-0.2972	0.1771	0.8110	
-0.2956	0.1938	0.8259	
-0.2966	0.1766	0.8093	
-0.2965	0.1822	0.8151	
-0.2970	0.1856	0.8198	
-0.2950	0.1861	0.8163	
-0.2971	0.1756	0.8093	
-0.2958	0.1915	0.8236	
-0.2963	0.1734	0.8051	
-0.2970	0.1971	0.8323	
-0.2965	0.1715	0.8035	
-0.2968	0.1908	0.8251	
-0.2964	0.1726	0.8046	
-0.2967	0.1944	0.8287	
-0.2973	0.1801	0.8145	
-0.2970	0.1753	0.8087	
-0.2960	0.1908	0.8234	
-0.2964	0.1847	0.8175	
-0.2966	0.1759	0.8085	
-0.2962	0.1931	0.8263	
-0.2965	0.1723	0.8044	
-0.2977	0.1739	0.8085	
-0.2956	0.1970	0.8292	
-0.2975	0.1711	0.8052	
-0.2980	0.1818	0.8177	
-0.2966	0.1782	0.8110	
-0.2978	0.1917	0.8282	
-0.2955	0.1799	0.8106	
-0.2972	0.1853	0.8198	
-0.2957	0.1829	0.8143	
-0.2970	0.1783	0.8118	
-0.2969	0.1800	0.8135	
-0.2974	0.1827	0.8175	
-0.2966	0.1810	0.8141	
-0.2964	0.1852	0.8181	
-0.2962	0.1816	0.8139	
-0.2967	0.1783	0.8113	
-0.2959	0.1886	0.8208	
-0.2971	0.1768	0.8106	
-0.2973	0.1887	0.8237	
-0.2965	0.1665	0.7980	
-0.2975	0.1859	0.8211	
-0.2975	0.1854	0.8207	
-0.2967	0.1726	0.8051	
-0.2972	0.1817	0.8159	
-0.2973	0.1848	0.8195	
-0.2968	0.1700	0.8025	
-0.2971	0.1909	0.8257	
-0.2962	0.1791	0.8110	
-0.2970	0.1800	0.8138	
-0.2972	0.1822	0.8166	
-0.2963	0.1862	0.8189	
-0.2967	0.1686	0.8008	
-0.2948	0.1900	0.8200	
-0.2959	0.1799	0.8114	
-0.2975	0.1900	0.8256	
-0.2979	0.1735	0.8087	
-0.2979	0.1778	0.8132	
-0.2960	0.1890	0.8214	
-0.2980	0.1652	0.7998	
-0.2966	0.1923	0.8263	
-0.2964	0.1717	0.8036	
-0.2965	0.1961	0.8302	
-0.2971	0.1701	0.8033	
-0.2971	0.1934	0.8286	
-0.2970	0.1747	0.8080	
-0.2958	0.1803	0.8115	
-0.2969	0.1838	0.8177	
-0.2965	0.1806	0.8133	
-0.2955	0.1865	0.8177	
-0.2973	0.1808	0.8153	
-0.2977	0.1854	0.8210	
-0.2966	0.1660	0.7978	
-0.2966	0.1901	0.8239	
-0.2964	0.1840	0.8168	
-0.2977	0.1817	0.8170	
-0.2973	0.1759	0.8099	
-0.2974	0.1780	0.8123	
-0.2970	0.1845	0.8186	
-0.2971	0.1812	0.8152	
-0.2969	0.1799	0.8135	
-0.2968	0.1734	0.8062	
-0.2961	0.1930	0.8259	
-0.2959	0.1702	0.8009	
-0.2967	0.1947	0.8290	
-0.2978	0.1765	0.8116	
-0.2972	0.1715	0.8050	
-0.2964	0.1773	0.8096	
-0.2978	0.1891	0.8252	
-0.2965	0.1701	0.8020	
-0.2975	0.1928	0.8286	
-0.2964	0.1744	0.8064	
-0.2971	0.1936	0.8287	
-0.2974	0.1801	0.8147	
-0.2965	0.1690	0.8008	
-0.2960	0.1827	0.8145	
-0.2975	0.1845	0.8196	
-0.2971	0.1790	0.8128	
-0.2976	0.1807	0.8157	
-0.2953	0.1806	0.8109	
-0.2973	0.1825	0.8171	
-0.2977	0.1810	0.8164	
-0.2972	0.1749	0.8087	
-0.2963	0.1794	0.8116	
-0.2970	0.1806	0.8143	
-0.2970	0.1801	0.8138	
-0.2970	0.1767	0.8102	
-0.2974	0.1800	0.8147	
-0.2976	0.1860	0.8214	
-0.2978	0.1700	0.8047	
-0.2980	0.1794	0.8152	
-0.2973	0.1854	0.8201	
-0.2965	0.1740	0.8062	
-0.2969	0.1800	0.8135	
-0.2971	0.1844	0.8187	
-0.2974	0.1695	0.8032	
-0.2963	0.1837	0.8162	
-0.2973	0.1789	0.8132	
-0.2976	0.1749	0.8096	
-0.2960	0.1911	0.8236	
-0.2958	0.1765	0.8075	
-0.2975	0.1731	0.8074	
-0.2979	0.1829	0.8187	
-0.2970	0.1736	0.8068	
-0.2972	0.1813	0.8156	
-0.2966	0.1783	0.8110	
-0.2977	0.1728	0.8074	
-0.2972	0.1880	0.8228	
-0.2964	0.1822	0.8150	
-0.2968	0.1657	0.7980	
-0.2978	0.1871	0.8231	
-0.2967	0.1862	0.8199	
-0.2966	0.1704	0.8024	
-0.2962	0.1810	0.8133	
-0.2961	0.1870	0.8194	
-0.2971	0.1736	0.8071	
-0.2976	0.1809	0.8160	
-0.2961	0.1796	0.8113	
-0.2968	0.1800	0.8133	
-0.2973	0.1796	0.8138	
-0.2973	0.1783	0.8126	
-0.2970	0.1823	0.8162	
-0.2971	0.1704	0.8035	
-0.2958	0.1839	0.8156	
-0.2982	0.1786	0.8148	
-0.2973	0.1762	0.8103	
-0.2965	0.1848	0.8178	
-0.2979	0.1732	0.8083	
-0.2946	0.1831	0.8122	
-0.2967	0.1852	0.8188	
-0.2976	0.1710	0.8051	
-0.2961	0.1833	0.8155	
-0.2978	0.1779	0.8131	
-0.2972	0.1787	0.8128	
-0.2958	0.1804	0.8118	
-0.2974	0.1688	0.8024	
-0.2979	0.1852	0.8213	
-0.2968	0.1849	0.8185	
-0.2969	0.1784	0.8118	
-0.2975	0.1786	0.8132	
-0.2974	0.1765	0.8108	
-0.2982	0.1724	0.8081	
-0.2971	0.1840	0.8184	
-0.2965	0.1786	0.8113	
-0.2976	0.1806	0.8157	
-0.2970	0.1696	0.8025	
-0.2971	0.1798	0.8138	
-0.2976	0.1812	0.8162	
-0.2972	0.1742	0.8080	
-0.2970	0.1746	0.8080	
-0.2965	0.1891	0.8227	
-0.2969	0.1787	0.8122	
-0.2955	0.1793	0.8099	
-0.2956	0.1884	0.8199	
-0.2967	0.1725	0.8051	
-0.2970	0.1844	0.8186	
-0.2973	0.1766	0.8106	
-0.2972	0.1768	0.8107	
-0.2976	0.1798	0.8147	
-0.2977	0.1735	0.8083	
-0.2967	0.1885	0.8224	
-0.2978	0.1737	0.8085	
-0.2967	0.1834	0.8169	
-0.2975	0.1750	0.8093	
-0.2972	0.1787	0.8128	
-0.2964	0.1836	0.8163	
-0.2985	0.1757	0.8122	
-0.2981	0.1676	0.8027	
-0.2972	0.1821	0.8164	
-0.2960	0.1827	0.8145	
-0.2975	0.1756	0.8101	
-0.2967	0.1820	0.8153	
-0.2973	0.1777	0.8118	
-0.2969	0.1649	0.7973	
-0.2971	0.1945	0.8296	
-0.2970	0.1679	0.8007	
-0.2970	0.1810	0.8149	
-0.2974	0.1812	0.8158	
-0.2979	0.1681	0.8027	
-0.2976	0.1830	0.8183	
-0.2965	0.1752	0.8076	
-0.2959	0.1793	0.8108	
-0.2965	0.1891	0.8227	
-0.2960	0.1766	0.8081	
-0.2978	0.1687	0.8032	
-0.2973	0.1855	0.8203	
-0.2977	0.1744	0.8091	
-0.2972	0.1801	0.8144	
-0.2974	0.1746	0.8087	
-0.2961	0.1825	0.8146	
-0.2974	0.1807	0.8154	
-0.2969	0.1769	0.8101	
-0.2970	0.1741	0.8075	
-0.2979	0.1863	0.8224	
-0.2979	0.1722	0.8072	
-0.2971	0.1836	0.8179	
-0.2982	0.1740	0.8097	
-0.2973	0.1714	0.8050	
-0.2971	0.1943	0.8294	
-0.2973	0.1720	0.8057	
-0.2981	0.1705	0.8057	
-0.2963	0.1787	0.8109	
-0.2969	0.1877	0.8219	
-0.2969	0.1806	0.8142	
-0.2983	0.1712	0.8069	
-0.2960	0.1889	0.8213	
-0.2981	0.1716	0.8068	
-0.2968	0.1807	0.8142	
-0.2964	0.1784	0.8107	
-0.2960	0.1866	0.8188	
-0.2970	0.1746	0.8079	
-0.2973	0.1913	0.8266	
-0.2974	0.1738	0.8079	
-0.2964	0.1730	0.8049	
-0.2977	0.1820	0.8173	
-0.2975	0.1812	0.8160	
-0.2973	0.1780	0.8121	
-0.2969	0.1776	0.8110	
-0.2977	0.1795	0.8147	
-0.2974	0.1715	0.8055	
-0.2969	0.1876	0.8217	
-0.2966	0.1762	0.8089	
-0.2980	0.1731	0.8084	
-0.2973	0.1871	0.8221	
-0.2969	0.1717	0.8046	
-0.2980	0.1786	0.8144	
-0.2959	0.1941	0.8267	
-0.2973	0.1690	0.8024	
-0.2974	0.1702	0.8040	
-0.2971	0.1907	0.8256	
-0.2988	0.1764	0.8137	
-0.2970	0.1758	0.8092	
-0.2953	0.1841	0.8146	
-0.2977	0.1815	0.8168	
-0.2975	0.1803	0.8151	
-0.2967	0.1765	0.8093	
-0.2966	0.1782	0.8109	
-0.2983	0.1779	0.8141	
-0.2972	0.1800	0.8142	
-0.2972	0.1708	0.8042	
-0.2966	0.1858	0.8192	
-0.2973	0.1801	0.8144	
-0.2962	0.1702	0.8015	
-0.2978	0.1832	0.8189	
-0.2979	0.1793	0.8149	
-0.2971	0.1813	0.8153	
-0.2979	0.1719	0.8070	
-0.2982	0.1753	0.8113	
-0.2967	0.1815	0.8148	
-0.2979	0.1823	0.8181	
-0.2969	0.1710	0.8039	
-0.2970	0.1865	0.8208	
-0.2968	0.1750	0.8080	
-0.2973	0.1772	0.8113	
-0.2967	0.1810	0.8143	
-0.2974	0.1757	0.8100	
-0.2945	0.1867	0.8157	
-0.2971	0.1686	0.8017	
-0.2970	0.1824	0.8164	
-0.2961	0.1896	0.8223	
-0.2983	0.1660	0.8012	
-0.2972	0.1854	0.8200	
-0.2970	0.1839	0.8179	
-0.2978	0.1684	0.8028	
-0.2979	0.1797	0.8154	
-0.2979	0.1783	0.8138	
-0.2969	0.1799	0.8134	
-0.2947	0.1839	0.8133	
-0.2973	0.1745	0.8085	
-0.2980	0.1802	0.8161	
-0.2977	0.1713	0.8059	
-0.2974	0.1760	0.8102	
-0.2968	0.1926	0.8271	
-0.2980	0.1680	0.8028	
-0.2981	0.1672	0.8022	
-0.2971	0.1909	0.8257	
-0.2964	0.1799	0.8124	
-0.2959	0.1711	0.8018	
-0.2972	0.1814	0.8156	
-0.2965	0.1873	0.8206	
-0.2972	0.1776	0.8115	
-0.2973	0.1737	0.8076	
-0.2981	0.1717	0.8071	
-0.2971	0.1806	0.8145	
-0.2972	0.1904	0.8255	
-0.2962	0.1732	0.8047	
-0.2964	0.1722	0.8041	
-0.2985	0.1839	0.8210	
-0.2980	0.1752	0.8106	
-0.2976	0.1737	0.8082	
-0.2974	0.1752	0.8093	
-0.2967	0.1861	0.8198	
-0.2984	0.1818	0.8187	
-0.2961	0.1704	0.8014	
-0.2974	0.1820	0.8167	
-0.2974	0.1803	0.8150	
-0.2975	0.1680	0.8018	
-0.2971	0.1785	0.8124	
-0.2983	0.1807	0.8173	
-0.2977	0.1759	0.8108	
-0.2977	0.1720	0.8066	
-0.2976	0.1841	0.8194	
-0.2979	0.1781	0.8135	
-0.2978	0.1778	0.8130	
-0.2965	0.1831	0.8160	
-0.2974	0.1691	0.8029	
-0.2981	0.1805	0.8166	
-0.2968	0.1755	0.8085	
-0.2975	0.1777	0.8122	
-0.2969	0.1870	0.8211	
-0.2978	0.1761	0.8112	
-0.2972	0.1867	0.8213	
-0.2966	0.1724	0.8047	
-0.2979	0.1798	0.8155	
-0.2980	0.1838	0.8199	
-0.2985	0.1685	0.8044	
-0.2959	0.1725	0.8034	
-0.2970	0.1811	0.8148	
-0.2977	0.1777	0.8126	
-0.2974	0.1773	0.8117	
-0.2966	0.1836	0.8167	
-0.2968	0.1758	0.8088	
-0.2968	0.1804	0.8137	
-0.2982	0.1824	0.8189	
-0.2978	0.1694	0.8039	
-0.2967	0.1766	0.8094	
-0.2979	0.1868	0.8230	
-0.2977	0.1760	0.8109	
-0.2969	0.1726	0.8054	
-0.2960	0.1764	0.8077	
-0.2952	0.1906	0.8215	
-0.2982	0.1813	0.8177	
-0.2981	0.1728	0.8083	
-0.2980	0.1671	0.8019	
-0.2961	0.1832	0.8154	
-0.2977	0.1805	0.8157	
-0.2978	0.1768	0.8119	
-0.2973	0.1802	0.8146	
-0.2969	0.1674	0.7999	
-0.2978	0.1866	0.8226	
-0.2972	0.1901	0.8251	
-0.2967	0.1686	0.8008	
-0.2969	0.1784	0.8119	
-0.2966	0.1891	0.8229	
-0.2979	0.1704	0.8052	
-0.2984	0.1813	0.8180	
-0.2968	0.1758	0.8088	
-0.2975	0.1703	0.8042	
-0.2973	0.1927	0.8280	
-0.2971	0.1756	0.8092	
-0.2974	0.1744	0.8085	
-0.2969	0.1841	0.8180	
-0.2968	0.1812	0.8146	
-0.2966	0.1759	0.8085	
-0.2967	0.1781	0.8110	
-0.2974	0.1823	0.8171	
-0.2972	0.1768	0.8108	
-0.2978	0.1754	0.8104	
-0.2969	0.1778	0.8111	
-0.2963	0.1802	0.8124	
-0.2985	0.1760	0.8126	
-0.2972	0.1752	0.8089	
-0.2947	0.1842	0.8135	
-0.2972	0.1765	0.8105	
-0.2967	0.1803	0.8136	
-0.2970	0.1828	0.8168	
-0.2976	0.1753	0.8099	
-0.2960	0.1792	0.8109	
-0.2965	0.1810	0.8138	
-0.2965	0.1747	0.8068	
-0.2985	0.1722	0.8085	
-0.2977	0.1800	0.8153	
-0.2968	0.1759	0.8089	
-0.2980	0.1728	0.8080	
-0.2971	0.1813	0.8153	
-0.2977	0.1734	0.8080	
-0.2958	0.1825	0.8140	
-0.2973	0.1753	0.8092	
-0.2972	0.1917	0.8267	
-0.2980	0.1762	0.8117	
-0.2979	0.1659	0.8002	
-0.2981	0.1852	0.8217	
-0.2978	0.1778	0.8131	
-0.2973	0.1707	0.8043	
-0.2984	0.1832	0.8203	
-0.2985	0.1718	0.8079	
-0.2972	0.1752	0.8090	
-0.2961	0.1820	0.8140	
-0.2958	0.1800	0.8112	
-0.2984	0.1771	0.8134	
-0.2979	0.1853	0.8213	
-0.2966	0.1773	0.8100	
-0.2962	0.1660	0.7969	
-0.2981	0.1828	0.8191	
-0.2966	0.1887	0.8224	
-0.2970	0.1632	0.7955	
-0.2975	0.1769	0.8114	
-0.2974	0.1844	0.8194	
-0.2952	0.1883	0.8191	
-0.2968	0.1751	0.8080	
-0.2973	0.1753	0.8094	
-0.2976	0.1818	0.8169	
-0.2976	0.1702	0.8043	
-0.2972	0.1801	0.8144	
-0.2983	0.1829	0.8197	
-0.2978	0.1745	0.8095	
-0.2965	0.1730	0.8052	
-0.2972	0.1787	0.8127	
-0.2983	0.1717	0.8075	
-0.2969	0.1794	0.8130	
-0.2962	0.1887	0.8215	
-0.2972	0.1773	0.8113	
-0.2979	0.1734	0.8085	
-0.2969	0.1854	0.8194	
-0.2976	0.1728	0.8072	
-0.2976	0.1738	0.8084	
-0.2967	0.1780	0.8111	
-0.2975	0.1745	0.8088	
-0.2962	0.1764	0.8081	
-0.2972	0.1780	0.8120	
-0.2974	0.1795	0.8140	
-0.2979	0.1767	0.8121	
-0.2966	0.1802	0.8132	
-0.2976	0.1771	0.8120	
-0.2966	0.1770	0.8098	
-0.2964	0.1797	0.8121	
-0.2968	0.1862	0.8200	
-0.2980	0.1755	0.8109	
-0.2973	0.1742	0.8082	
-0.2977	0.1777	0.8127	
-0.2978	0.1772	0.8123	
-0.2972	0.1818	0.8162	
-0.2973	0.1842	0.8190	
-0.2974	0.1700	0.8038	
-0.2971	0.1769	0.8105	
-0.2968	0.1847	0.8185	
-0.2985	0.1685	0.8043	
-0.2970	0.1756	0.8089	
-0.2972	0.1861	0.8207	
-0.2978	0.1787	0.8140	
-0.2977	0.1688	0.8031	
-0.2975	0.1814	0.8162	
-0.2980	0.1787	0.8144	
-0.2977	0.1749	0.8098	
-0.2977	0.1784	0.8135	
-0.2973	0.1764	0.8104	
-0.2976	0.1779	0.8127	
-0.2982	0.1735	0.8092	
-0.2975	0.1853	0.8205	
-0.2970	0.1817	0.8155	
-0.2978	0.1719	0.8066	
-0.2974	0.1764	0.8107	
-0.2980	0.1791	0.8148	
-0.2975	0.1862	0.8216	
-0.2984	0.1669	0.8024	
-0.2971	0.1798	0.8139	
-0.2974	0.1877	0.8229	
-0.2968	0.1732	0.8059	
-0.2968	0.1777	0.8109	
-0.2972	0.1772	0.8111	
-0.2972	0.1797	0.8138	
-0.2972	0.1765	0.8104	
-0.2963	0.1845	0.8170	
-0.2982	0.1791	0.8154	
-0.2975	0.1733	0.8076	
-0.2972	0.1758	0.8096	
-0.2984	0.1797	0.8165	
-0.2980	0.1694	0.8043	
-0.2973	0.1782	0.8124	
-0.2974	0.1834	0.8183	
-0.2970	0.1637	0.7961	
-0.2972	0.1824	0.8168	
-0.2976	0.1884	0.8241	
0.8131	0.5841	
0.7644	0.5678	
0.7211	0.5488	
0.6854	0.5280	
0.6585	0.5053	
0.6340	0.4808	
0.6086	0.4544	
0.5824	0.4264	
0.5552	0.3967	
0.5272	0.3662	
0.4987	0.3357	
0.4702	0.3068	
0.4413	0.2815	
0.4127	0.2606	
0.3852	0.2446	
0.3585	0.2329	
0.3336	0.2239	
0.3113	0.2167	
0.2917	0.2104	
0.2753	0.2042	
0.2620	0.1978	
0.2523	0.1914	
0.2453	0.1848	
0.2406	0.1781	
0.2373	0.1713	
0.2351	0.1644	
0.2332	0.1576	
0.2316	0.1509	
0.2301	0.1443	
0.2288	0.1378	
0.2276	0.1317	
0.2265	0.1258	
0.2254	0.1204	
0.2244	0.1151	
0.2233	0.1099	
0.2223	0.1051	
0.2214	0.1006	
0.2204	0.0963	
0.2195	0.0923	
0.2187	0.0886	
0.2179	0.0852	
0.2172	0.0821	
0.2165	0.0792	
0.2158	0.0766	
0.2151	0.0742	
0.2146	0.0721	
0.2140	0.0702	
0.2135	0.0685	
0.2130	0.0670	
0.2125	0.0658	
0.2121	0.0646	
0.2117	0.0636	
0.2113	0.0628	
0.2109	0.0620	
0.2106	0.0614	
0.2103	0.0609	
0.2100	0.0604	
0.2098	0.0600	
0.2095	0.0596	
0.2093	0.0592	
0.2091	0.0589	
0.2089	0.0586	
0.2087	0.0583	
0.2086	0.0580	
0.2084	0.0577	
0.2083	0.0574	
0.2082	0.0571	
0.2080	0.0568	
0.2079	0.0565	
0.2078	0.0563	
0.2077	0.0561	
0.2075	0.0559	
0.2074	0.0557	
0.2073	0.0555	
0.2072	0.0553	
0.2071	0.0552	
0.2070	0.0550	
0.2069	0.0548	
0.2068	0.0547	
0.2067	0.0546	
0.2067	0.0544	
0.2066	0.0543	
0.2065	0.0541	
0.2064	0.0540	
0.2063	0.0539	
0.2063	0.0538	
0.2061	0.0537	
0.2061	0.0535	
0.2060	0.0534	
0.2059	0.0533	
0.2058	0.0532	
0.2058	0.0531	
0.2056	0.0530	
0.2056	0.0528	
0.2055	0.0527	
0.2054	0.0526	
0.2053	0.0525	
0.2053	0.0525	
0.2052	0.0523	
0.2051	0.0523	
0.2051	0.0522	
0.2050	0.0521	
0.2048	0.0520	
0.2045	0.0519	
0.2042	0.0519	
0.2038	0.0518	
0.2034	0.0517	
0.2030	0.0516	
0.2027	0.0515	
0.2024	0.0514	
0.2022	0.0514	
0.2021	0.0513	
0.2020	0.0512	
0.2018	0.0511	
0.2017	0.0511	
0.2016	0.0510	
0.2015	0.0509	
0.2014	0.0508	
0.2013	0.0508	
0.2012	0.0507	
0.2011	0.0507	
0.2010	0.0506	
0.2010	0.0505	
0.2009	0.0505	
0.2008	0.0504	
0.2007	0.0503	
0.2006	0.0503	
0.2006	0.0502	
0.2005	0.0501	
0.2004	0.0500	
0.2003	0.0500	
0.2002	0.0499	
0.2001	0.0499	
0.2000	0.0498	
0.2000	0.0498	
0.1999	0.0497	
0.1998	0.0496	
0.1997	0.0495	
0.1996	0.0495	
0.1995	0.0495	
0.1995	0.0494	
0.1993	0.0493	
0.1993	0.0492	
0.1992	0.0492	
0.1991	0.0491	
0.1990	0.0491	
0.1989	0.0491	
0.1988	0.0490	
0.1987	0.0489	
0.1986	0.0488	
0.1986	0.0488	
0.1985	0.0487	
0.1984	0.0486	
0.1983	0.0486	
0.1981	0.0485	
0.1980	0.0485	
0.1979	0.0484	
0.1978	0.0483	
0.1977	0.0483	
0.1976	0.0482	
0.1975	0.0482	
0.1974	0.0481	
0.1973	0.0481	
0.1971	0.0480	
0.1970	0.0480	
0.1969	0.0479	
0.1968	0.0478	
0.1966	0.0478	
0.1965	0.0477	
0.1964	0.0476	
0.1962	0.0476	
0.1961	0.0475	
0.1959	0.0475	
0.1958	0.0474	
0.1956	0.0474	
0.1955	0.0473	
0.1953	0.0472	
0.1953	0.0472	
0.1951	0.0472	
0.1949	0.0471	
0.1949	0.0470	
0.1947	0.0470	
0.1946	0.0469	
0.1944	0.0468	
0.1942	0.0468	
0.1940	0.0468	
0.1939	0.0467	
0.1937	0.0466	
0.1936	0.0466	
0.1934	0.0465	
0.1933	0.0465	
0.1931	0.0464	
0.1929	0.0464	
0.1928	0.0463	
0.1926	0.0463	
0.1924	0.0462	
0.1923	0.0462	
0.1922	0.0461	
0.1919	0.0460	
0.1918	0.0460	
0.1916	0.0459	
0.1915	0.0459	
0.1913	0.0458	
0.1911	0.0458	
0.1909	0.0458	
0.1908	0.0457	
0.1906	0.0456	
0.1905	0.0456	
0.1903	0.0456	
0.1901	0.0455	
0.1900	0.0454	
0.1898	0.0454	
0.1896	0.0453	
0.1894	0.0452	
0.1894	0.0452	
0.1891	0.0452	
0.1890	0.0451	
0.1887	0.0450	
0.1888	0.0450	
0.1886	0.0450	
0.1883	0.0449	
0.1882	0.0448	
0.1880	0.0448	
0.1879	0.0447	
0.1876	0.0446	
0.1875	0.0446	
0.1872	0.0446	
0.1872	0.0446	
0.1870	0.0444	
0.1869	0.0444	
0.1867	0.0444	
0.1867	0.0443	
0.1864	0.0443	
0.1863	0.0442	
0.1860	0.0441	
0.1859	0.0441	
0.1858	0.0441	
0.1856	0.0440	
0.1855	0.0439	
0.1853	0.0439	
0.1853	0.0438	
0.1852	0.0438	
0.1849	0.0438	
0.1848	0.0437	
0.1846	0.0436	
0.1846	0.0436	
0.1844	0.0436	
0.1843	0.0435	
0.1842	0.0434	
0.1841	0.0434	
0.1839	0.0433	
0.1838	0.0433	
0.1836	0.0433	
0.1836	0.0432	
0.1835	0.0432	
0.1835	0.0431	
0.1834	0.0431	
0.1831	0.0431	
0.1830	0.0430	
0.1830	0.0429	
0.1829	0.0429	
0.1827	0.0428	
0.1827	0.0428	
0.1826	0.0427	
0.1825	0.0427	
0.1824	0.0426	
0.1823	0.0426	
0.1823	0.0425	
0.1822	0.0425	
0.1821	0.0424	
0.1820	0.0424	
0.1819	0.0423	
0.1819	0.0424	
0.1818	0.0425	
0.1816	0.0424	
0.1819	0.0422	
0.1817	0.0421	
0.1816	0.0421	
0.1814	0.0420	
0.1813	0.0420	
0.1813	0.0420	
0.1813	0.0419	
0.1811	0.0419	
0.1811	0.0418	
0.1811	0.0419	
0.1812	0.0419	
0.1810	0.0417	
0.1810	0.0417	
0.1808	0.0416	
0.1809	0.0416	
0.1807	0.0415	
0.1807	0.0415	
0.1808	0.0415	
0.1807	0.0414	
0.1806	0.0414	
0.1806	0.0413	
0.1804	0.0412	
0.1805	0.0413	
0.1804	0.0412	
0.1803	0.0411	
0.1803	0.0410	
0.1805	0.0410	
0.1803	0.0410	
0.1802	0.0408	
0.1801	0.0407	
0.1801	0.0406	
0.1801	0.0406	
0.1801	0.0406	
0.1800	0.0405	
0.1800	0.0404	
0.1799	0.0404	
0.1801	0.0403	
0.1799	0.0403	
0.1800	0.0402	
0.1800	0.0402	
0.1798	0.0402	
0.1798	0.0401	
0.1797	0.0400	
0.1798	0.0400	
0.1796	0.0399	
0.1798	0.0399	
0.1797	0.0398	
0.1797	0.0399	
0.1796	0.0398	
0.1796	0.0397	
0.1796	0.0397	
0.1795	0.0396	
0.1796	0.0396	
0.1794	0.0396	
0.1795	0.0395	
0.1795	0.0395	
0.1795	0.0395	
0.1795	0.0394	
0.1794	0.0394	
0.1793	0.0393	
0.1794	0.0393	
0.1793	0.0393	
0.1793	0.0393	
0.1793	0.0392	
0.1793	0.0392	
0.1793	0.0392	
0.1793	0.0391	
0.1793	0.0391	
0.1792	0.0391	
0.1791	0.0390	
0.1793	0.0390	
0.1792	0.0389	
0.1791	0.0390	
0.1791	0.0389	
0.1791	0.0389	
0.1791	0.0389	
0.1790	0.0388	
0.1790	0.0388	
0.1790	0.0387	
0.1792	0.0387	
0.1790	0.0387	
0.1790	0.0387	
0.1790	0.0386	
0.1789	0.0386	
0.1790	0.0386	
0.1790	0.0385	
0.1790	0.0386	
0.1790	0.0386	
0.1789	0.0386	
0.1789	0.0385	
0.1789	0.0384	
0.1789	0.0384	
0.1789	0.0384	
0.1789	0.0384	
0.1788	0.0384	
0.1788	0.0384	
0.1788	0.0383	
0.1789	0.0383	
0.1788	0.0383	
0.1788	0.0382	
0.1787	0.0382	
0.1788	0.0382	
0.1788	0.0382	
0.1787	0.0382	
0.1787	0.0382	
0.1788	0.0382	
0.1789	0.0382	
0.1787	0.0381	
0.1788	0.0382	
0.1787	0.0381	
0.1788	0.0382	
0.1787	0.0382	
0.1786	0.0380	
0.1788	0.0380	
0.1786	0.0380	
0.1787	0.0379	
0.1786	0.0379	
0.1787	0.0379	
0.1786	0.0379	
0.1787	0.0379	
0.1786	0.0378	
0.1786	0.0378	
0.1786	0.0379	
0.1786	0.0379	
0.1786	0.0378	
0.1786	0.0379	
0.1786	0.0378	
0.1785	0.0378	
0.1786	0.0377	
0.1787	0.0377	
0.1786	0.0377	
0.1785	0.0377	
0.1785	0.0377	
0.1784	0.0376	
0.1785	0.0377	
0.1785	0.0376	
0.1785	0.0376	
0.1785	0.0376	
0.1785	0.0376	
0.1785	0.0377	
0.1784	0.0376	
0.1785	0.0376	
0.1785	0.0376	
0.1784	0.0375	
0.1784	0.0375	
0.1784	0.0375	
0.1785	0.0375	
0.1784	0.0375	
0.1784	0.0375	
0.1784	0.0375	
0.1784	0.0374	
0.1784	0.0375	
0.1784	0.0374	
0.1784	0.0374	
0.1784	0.0374	
0.1784	0.0374	
0.1784	0.0374	
0.1784	0.0374	
0.1785	0.0374	
0.1784	0.0374	
0.1784	0.0373	
0.1783	0.0373	
0.1783	0.0373	
0.1783	0.0374	
0.1784	0.0373	
0.1783	0.0373	
0.1783	0.0373	
0.1783	0.0372	
0.1783	0.0373	
0.1783	0.0372	
0.1783	0.0372	
0.1783	0.0372	
0.1783	0.0372	
0.1783	0.0372	
0.1783	0.0372	
0.1782	0.0372	
0.1783	0.0372	
0.1783	0.0372	
0.1782	0.0371	
0.1782	0.0371	
0.1783	0.0371	
0.1782	0.0371	
0.1782	0.0371	
0.1782	0.0371	
0.1783	0.0371	
0.1783	0.0371	
0.1783	0.0371	
0.1783	0.0370	
0.1782	0.0370	
0.1783	0.0370	
0.1783	0.0370	
0.1782	0.0370	
0.1783	0.0370	
0.1782	0.0370	
0.1782	0.0370	
0.1782	0.0370	
0.1782	0.0370	
0.1782	0.0370	
0.1783	0.0370	
0.1784	0.0370	
0.1782	0.0370	
0.1783	0.0370	
0.1782	0.0369	
0.1782	0.0369	
0.1782	0.0369	
0.1781	0.0369	
0.1782	0.0369	
0.1782	0.0369	
0.1781	0.0369	
0.1781	0.0368	
0.1783	0.0368	
0.1781	0.0369	
0.1782	0.0369	
0.1782	0.0369	
0.1782	0.0369	
0.1781	0.0368	
0.1782	0.0368	
0.1782	0.0368	
0.1782	0.0368	
0.1782	0.0368	
0.1783	0.0368	
0.1781	0.0368	
0.1781	0.0367	
0.1783	0.0368	
0.1782	0.0368	
0.1781	0.0368	
0.1782	0.0368	
0.1781	0.0367	
0.1781	0.0368	
0.1782	0.0368	
0.1781	0.0368	
0.1782	0.0367	
0.1781	0.0368	
0.1781	0.0367	
0.1781	0.0367	
0.1781	0.0367	
0.1781	0.0367	
0.1781	0.0367	
0.1782	0.0366	
0.1781	0.0366	
0.1781	0.0367	
0.1781	0.0366	
0.1781	0.0366	
0.1781	0.0366	
0.1782	0.0366	
0.1780	0.0367	
0.1781	0.0366	
0.1781	0.0366	
0.1780	0.0366	
0.1783	0.0366	
0.1781	0.0366	
0.1781	0.0366	
0.1780	0.0366	
0.1781	0.0366	
0.1780	0.0365	
0.1781	0.0365	
0.1780	0.0365	
0.1780	0.0366	
0.1781	0.0366	
0.1781	0.0365	
0.1780	0.0365	
0.1780	0.0365	
0.1780	0.0365	
0.1780	0.0365	
0.1780	0.0365	
0.1780	0.0365	
0.1780	0.0365	
0.1780	0.0364	
0.1781	0.0365	
0.1781	0.0366	
0.1780	0.0365	
0.1780	0.0365	
0.1781	0.0365	
0.1781	0.0365	
0.1780	0.0364	
0.1780	0.0364	
0.1780	0.0364	
0.1780	0.0364	
0.1780	0.0364	
0.1780	0.0364	
0.1780	0.0364	
0.1780	0.0364	
0.1780	0.0364	
0.1781	0.0364	
0.1780	0.0364	
0.1780	0.0364	
0.1780	0.0364	
0.1780	0.0364	
0.1780	0.0363	
0.1780	0.0363	
0.1780	0.0363	
0.1780	0.0363	
0.1780	0.0363	
0.1780	0.0363	
0.1780	0.0364	
0.1780	0.0364	
0.1779	0.0363	
0.1780	0.0363	
0.1780	0.0363	
0.1779	0.0363	
0.1779	0.0363	
0.1779	0.0364	
0.1779	0.0363	
0.1779	0.0363	
0.1779	0.0363	
0.1779	0.0363	
0.1780	0.0362	
0.1780	0.0362	
0.1779	0.0363	
0.1779	0.0363	
0.1780	0.0362	
0.1780	0.0362	
0.1780	0.0362	
0.1779	0.0362	
0.1779	0.0362	
0.1780	0.0362	
0.1779	0.0362	
0.1780	0.0364	
0.1780	0.0363	
0.1779	0.0363	
0.1779	0.0362	
0.1780	0.0362	
0.1779	0.0362	
0.1780	0.0362	
0.1779	0.0362	
0.1780	0.0363	
0.1779	0.0362	
0.1779	0.0361	
0.1779	0.0361	
0.1779	0.0362	
0.1779	0.0362	
0.1779	0.0361	
0.1779	0.0362	
0.1779	0.0361	
0.1779	0.0361	
0.1779	0.0361	
0.1779	0.0362	
0.1780	0.0361	
0.1781	0.0361	
0.1779	0.0361	
0.1779	0.0361	
0.1779	0.0361	
0.1779	0.0361	
0.1779	0.0361	
0.1779	0.0361	
0.1779	0.0360	
0.1780	0.0361	
0.1780	0.0361	
0.1780	0.0361	
0.1779	0.0361	
0.1779	0.0361	
0.1779	0.0360	
0.1779	0.0361	
0.1778	0.0361	
0.1780	0.0361	
0.1778	0.0360	
0.1779	0.0360	
0.1778	0.0360	
0.1779	0.0360	
0.1780	0.0360	
0.1779	0.0361	
0.1779	0.0360	
0.1778	0.0361	
0.1778	0.0360	
0.1778	0.0360	
0.1779	0.0360	
0.1779	0.0360	
0.1779	0.0360	
0.1779	0.0360	
0.1778	0.0360	
0.1779	0.0360	
0.1779	0.0360	
0.1778	0.0360	
0.1779	0.0360	
0.1779	0.0360	
0.1778	0.0359	
0.1778	0.0360	
0.1779	0.0360	
0.1778	0.0360	
0.1778	0.0361	
0.1778	0.0360	
0.1778	0.0359	
0.1778	0.0359	
0.1778	0.0360	
0.1778	0.0360	
0.1778	0.0359	
0.1780	0.0359	
0.1778	0.0360	
0.1779	0.0359	
0.1778	0.0360	
0.1778	0.0360	
0.1778	0.0359	
0.1778	0.0359	
0.1780	0.0359	
0.1780	0.0360	
0.1779	0.0360	
0.1778	0.0361	
0.1779	0.0361	
0.1780	0.0360	
0.1780	0.0359	
0.1779	0.0359	
0.1778	0.0360	
0.1778	0.0360	
0.1778	0.0359	
0.1778	0.0359	
0.1778	0.0359	
0.1778	0.0359	
0.1778	0.0359	
0.1778	0.0359	
0.1778	0.0359	
0.1778	0.0359	
0.1779	0.0359	
0.1778	0.0359	
0.1778	0.0359	
0.1778	0.0358	
0.1778	0.0358	
0.1778	0.0359	
0.1778	0.0358	
0.1778	0.0358	
0.1778	0.0358	
0.1778	0.0358	
0.1778	0.0358	
0.1778	0.0358	
0.1778	0.0358	
0.1778	0.0358	
0.1778	0.0358	
0.1778	0.0359	
0.1778	0.0358	
0.1778	0.0360	
0.1779	0.0358	
0.1778	0.0358	
0.1778	0.0358	
0.1778	0.0358	
0.1778	0.0358	
0.1778	0.0358	
0.1778	0.0359	
0.1778	0.0358	
0.1778	0.0358	
0.1778	0.0358	
0.1778	0.0358	
0.1778	0.0358	
0.1778	0.0358	
0.1777	0.0358	
0.1778	0.0357	
0.1778	0.0358	
0.1777	0.0358	
0.1778	0.0357	
0.1778	0.0358	
0.1777	0.0358	
0.1778	0.0358	
0.1778	0.0358	
0.1777	0.0357	
0.1778	0.0358	
0.1778	0.0360	
0.1778	0.0358	
0.1779	0.0357	
0.1777	0.0357	
0.1778	0.0357	
0.1777	0.0357	
0.1778	0.0358	
0.1777	0.0358	
0.1778	0.0357	
0.1780	0.0358	
0.1777	0.0358	
0.1777	0.0358	
0.1778	0.0358	
0.1777	0.0357	
0.1778	0.0357	
0.1777	0.0357	
0.1778	0.0357	
0.1777	0.0357	
0.1777	0.0357	
0.1777	0.0357	
0.1777	0.0357	
0.1778	0.0357	
0.1778	0.0357	
0.1777	0.0357	
0.1777	0.0357	
0.1777	0.0357	
0.1777	0.0357	
0.1778	0.0358	
0.1778	0.0357	
0.1778	0.0358	
0.1777	0.0357	
0.1778	0.0356	
0.1778	0.0357	
0.1777	0.0357	
0.1777	0.0357	
0.1777	0.0356	
0.1779	0.0357	
0.1778	0.0357	
0.1777	0.0356	
0.1778	0.0356	
0.1777	0.0357	
0.1778	0.0357	
0.1777	0.0357	
0.1777	0.0357	
0.1777	0.0357	
0.1777	0.0356	
0.1777	0.0356	
0.1777	0.0356	
0.1777	0.0356	
0.1777	0.0356	
0.1777	0.0357	
0.1777	0.0356	
0.1777	0.0356	
0.1777	0.0356	
0.1777	0.0357	
0.1778	0.0357	
0.1777	0.0356	
0.1777	0.0356	
0.1777	0.0356	
0.1777	0.0356	
0.1777	0.0356	
0.1777	0.0356	
0.1777	0.0357	
0.1777	0.0356	
0.1777	0.0357	
0.1777	0.0357	
0.1777	0.0357	
0.1777	0.0357	
0.1777	0.0356	
0.1777	0.0356	
0.1777	0.0356	
0.1777	0.0356	
0.1777	0.0356	
0.1777	0.0356	
0.1777	0.0356	
0.1777	0.0356	
0.1777	0.0356	
0.1777	0.0356	
0.1777	0.0356	
0.1777	0.0356	
0.1777	0.0356	
0.1777	0.0356	
0.1777	0.0356	
0.1777	0.0356	
0.1777	0.0355	
0.1777	0.0356	
0.1777	0.0356	
0.1777	0.0355	
0.1777	0.0356	
0.1777	0.0356	
0.1777	0.0355	
0.1777	0.0356	
0.1777	0.0357	
0.1777	0.0357	
0.1777	0.0356	
0.1777	0.0356	
0.1777	0.0356	
0.1777	0.0355	
0.1777	0.0355	
0.1777	0.0356	
0.1776	0.0356	
0.1777	0.0355	
0.1777	0.0355	
0.1777	0.0355	
0.1777	0.0356	
0.1777	0.0355	
0.1777	0.0356	
0.1777	0.0356	
0.1778	0.0355	
0.1776	0.0356	
0.1777	0.0355	
0.1777	0.0355	
0.1777	0.0355	
0.1777	0.0355	
0.1777	0.0355	
0.1777	0.0355	
0.1777	0.0355	
0.1776	0.0355	
0.1777	0.0355	
0.1777	0.0355	
0.1777	0.0355	
0.1777	0.0355	
0.1777	0.0355	
0.1777	0.0356	
0.1777	0.0356	
0.1777	0.0355	
0.1777	0.0355	
0.1777	0.0355	
0.1777	0.0355	
0.1777	0.0355	
0.1776	0.0355	
0.1777	0.0355	
0.1777	0.0355	
0.1777	0.0355	
0.1777	0.0355	
0.1777	0.0355	
0.1777	0.0355	
0.1777	0.0355	
0.1777	0.0355	
0.1776	0.0355	
0.1777	0.0355	
0.1777	0.0354	
0.1777	0.0355	
0.1777	0.0355	
0.1777	0.0354	
0.1776	0.0355	
0.1776	0.0354	
0.1777	0.0355	
0.1776	0.0355	
0.1776	0.0355	
0.1777	0.0355	
0.1776	0.0355	
0.1776	0.0355	
0.1777	0.0355	
0.1777	0.0354	
0.1777	0.0355	
0.1777	0.0355	
0.1777	0.0354	
0.1777	0.0355	
0.1777	0.0354	
0.1777	0.0354	
0.1776	0.0354	
0.1777	0.0355	
0.1777	0.0355	
0.1777	0.0354	
0.1777	0.0354	
0.1777	0.0355	
0.1776	0.0355	
0.1777	0.0355	
0.1777	0.0354	
0.1776	0.0354	
0.1777	0.0354	
0.1776	0.0354	
0.1777	0.0355	
0.1776	0.0354	
0.1777	0.0354	
0.1776	0.0354	
0.1777	0.0354	
0.1777	0.0354	
0.1777	0.0354	
0.1777	0.0354	
0.1776	0.0354	
0.1776	0.0354	
0.1776	0.0354	
0.1777	0.0354	
0.1776	0.0354	
0.1777	0.0355	
0.1776	0.0354	
0.1776	0.0354	
0.1777	0.0354	
0.1776	0.0354	
0.1777	0.0354	
0.1777	0.0354	
0.1777	0.0354	
0.1776	0.0354	
0.1776	0.0354	
0.1776	0.0354	
0.1776	0.0354	
0.1776	0.0354	
0.1776	0.0354	
0.1776	0.0354	
0.1777	0.0354	
0.1777	0.0354	
0.1776	0.0354	
0.1777	0.0354	
0.1777	0.0354	
0.1777	0.0354	
0.1776	0.0354	
0.1776	0.0354	
0.1777	0.0354	
0.1776	0.0354	
0.1777	0.0354	
0.1777	0.0354	
0.1777	0.0354	
0.1776	0.0354	
0.1776	0.0354	
0.1776	0.0354	
0.1777	0.0354	
0.1776	0.0354	
0.1776	0.0354	
0.1777	0.0354	
0.1776	0.0354	
0.1777	0.0354	
0.1776	0.0353	
0.1776	0.0354	
0.1776	0.0354	
0.1776	0.0354	
0.1776	0.0354	
0.1776	0.0354	
0.1776	0.0354	
0.1776	0.0354	
0.1776	0.0353	
0.1776	0.0354	
0.1777	0.0353	
0.1776	0.0353	
0.1777	0.0354	
0.1777	0.0353	
0.1776	0.0353	
0.1776	0.0353	
0.1776	0.0354	
0.1776	0.0354	
0.1776	0.0353	
0.1776	0.0355	
0.1776	0.0353	
0.1776	0.0353	
0.1776	0.0353	
0.1776	0.0353	
0.1776	0.0354	
0.1777	0.0353	
0.1776	0.0353	
0.1776	0.0353	
0.1777	0.0354	
0.1776	0.0353	
0.1776	0.0353	
0.1776	0.0353	
0.1776	0.0353	
0.1776	0.0353	
0.1776	0.0353	
0.1776	0.0353	
0.1776	0.0353	
0.1776	0.0354	
0.1776	0.0354	
0.1777	0.0354	
0.1776	0.0353	
0.1776	0.0353	
0.1776	0.0353	
0.1776	0.0353	
0.1776	0.0353	
0.1776	0.0354	
0.1776	0.0353	
0.1777	0.0353	
0.1776	0.0353	
